-0.014805555974249724 6.591216372155806E-4 
-0.003449789034652533 4.49914980796121E-5 
-0.014805555974249724 6.591216372155806E-4 
-0.014805555974249717 6.591216372155802E-4 
-0.014608401020537946 4.980438917024917E-4 
-0.004305175158563211 5.0506777736556154E-5 
-0.005574896527119143 5.057213488758204E-5 
-0.014223649145365735 3.665127937871918E-4 
-0.014217296404181977 3.164776265598369E-4 
-0.012858071065218473 2.209504390150748E-4 
-0.011454781792567656 1.4831734153361315E-4 
-0.010298057004283911 1.1317552914995646E-4 
-0.01009386534564447 1.0729195756812184E-4 
-0.012738969911712843 2.0810329657963892E-4 
-0.01400879864153732 3.000289416977925E-4 
-0.012520742960988259 1.9649227942678218E-4 
-0.013931648440180223 2.945984159851511E-4 
-0.008296132864792085 7.882156903626117E-5 
-0.008790955999335543 8.78479182055341E-5 
-0.012422919756763783 1.86467317401039E-4 
-0.011216752151388178 1.3494451029820263E-4 
-0.011653363893080356 1.5349005743241586E-4 
-0.013177178402986527 2.502972990123281E-4 
-0.006904433624569292 6.039002817986712E-5 
-0.0036006264514691863 4.622635224297727E-5 
-0.012647258490608803 2.0216459778158428E-4 
-0.014441615847376809 3.9817944217870714E-4 
-0.014485405790029472 4.211692666703726E-4 
-0.007506765858259199 6.749308320974107E-5 
-0.010488245954901552 1.1770786892755251E-4 
-0.008514181191570866 8.130032473948161E-5 
-0.014577412436016351 4.769655705126048E-4 
-0.01222979364129356 1.749213164174413E-4 
-0.008121794174140572 7.652519501997527E-5 
-0.007230098197864797 6.559767242390547E-5 
-0.007994151170241052 7.456613990300971E-5 
-0.0038577820793558853 4.669192008370209E-5 
-0.014530566310907881 4.472876177881763E-4 
-0.005717968821254451 5.2174877591213125E-5 
-0.010797725348742895 1.2426289484036932E-4 
-0.01295609411742452 2.2918399196735195E-4 
-0.014608401020537946 4.980438917024917E-4 
-0.013790390907826208 2.855737527537688E-4 
-0.013540017343591415 2.7738173253680584E-4 
-0.014153391810149216 3.1116106523512043E-4 
-0.014554014952036582 4.618137872205512E-4 
-0.012982346441842964 2.335813438954176E-4 
-0.013577382994550177 2.821285326900065E-4 
-0.00907849889654392 8.929981820204069E-5 
-0.01101196629607395 1.2962365581293208E-4 
-0.011734064070177469 1.576722774574271E-4 
-0.009725970211665718 1.0060698645798492E-4 
-0.01125692356071946 1.4214537232057334E-4 
-0.006613328121446192 5.746616699644057E-5 
-0.005950921476879208 5.313468629455002E-5 
-0.011027792410761152 1.2968233351596045E-4 
-0.014415419819492362 3.8769280862187175E-4 
-0.014323839944949941 3.768509671168865E-4 
-0.014550726498984125 4.597368708342267E-4 
-0.01432383994494994 3.7685096711688633E-4 
-0.009555344832004483 9.608704455842812E-5 
-0.00990093965637911 1.0353757252106609E-4 
-0.014595010178910784 4.89403428787921E-4 
-0.014500580434951341 4.296725709037211E-4 
-0.0132496419303176 2.560870822599802E-4 
-0.013441702825320144 2.703956595232974E-4 
-0.013076355505678653 2.4111004995290631E-4 
-0.0064086464745524594 5.5714985873543395E-5 
-0.004130082215565533 5.0467854269579585E-5 
-0.006223758907254405 5.4053119556939367E-5 
-0.003941145865090702 4.778087097605482E-5 
-0.014462017368742069 4.0860414364228916E-4 
-0.008674241713166685 8.603144042631734E-5 
-0.009645875169082187 9.874036920267716E-5 
-0.009412069869036492 9.569583938603073E-5 
-0.01452097107431213 4.415336155043077E-4 
-0.012100244749804288 1.7166571989845784E-4 
-0.00860637112886129 8.406369778076115E-5 
-0.006011205431352538 5.338726721954905E-5 
-0.007819486120832707 7.281143570340431E-5 
-0.014509662025447411 4.348936570508054E-4 
-0.004089179114340574 4.802473843527567E-5 
-0.011860615285154762 1.5985966347785213E-4 
-0.006448926862542114 5.610374731763191E-5 
-0.013076355505678651 2.411100499529063E-4 
-0.0137557682758741 2.8411041050969033E-4 
-0.010655776445200642 1.199116173745416E-4 
-0.009240540918627199 9.162316518912137E-5 
-0.009886735922348138 1.0320614815995349E-4 
-0.012006664915434735 1.647713493785051E-4 
-0.01232892436673519 1.8053540796817094E-4 
-0.006184426110364535 5.382660144846286E-5 
-0.010765479316862716 1.2348539460954304E-4 
-0.012084530270608585 1.6925809404666681E-4 
-0.014416575217411947 3.877250395540843E-4 
-0.006613328121446192 5.746616699644057E-5 
-0.01328595993957479 2.5931725513521874E-4 
-0.014462017368742065 4.0860414364228906E-4 
-0.01062162148341506 1.187754012575778E-4 
-0.013320178164251888 2.6391046652865643E-4 
