-0.011713528783177022 4.3029059305354806E-4 
-0.007162490094017445 5.5736262465218047E-5 
-0.011713528783177022 4.3029059305354806E-4 
-0.008376358714381006 8.158251458102447E-5 
-0.01130427311547297 3.4357797918677547E-4 
-0.011259939419201132 3.3155177625193493E-4 
-0.011115045669947924 3.0470220181286016E-4 
-0.010640478272980598 2.3817122900376885E-4 
-0.011540614563930487 3.900684056164963E-4 
-0.01149072072610243 3.8225905695363416E-4 
-0.008271877619622349 7.801499567722974E-5 
-0.010695839083861378 2.5011004620502435E-4 
-0.008481287984229485 8.454096718137382E-5 
-0.010849590034907257 2.65118628538587E-4 
-0.010100617994926106 1.7976687368088172E-4 
-0.008611781747839654 8.997114446077865E-5 
-0.009161091113700922 1.1661369301713199E-4 
-0.008696828279655545 9.5088575638843E-5 
-0.007393780030392282 5.731747095600358E-5 
-0.010973492644466313 2.822161592489955E-4 
-0.009869043512686207 1.6224295426869943E-4 
-0.010907128904327693 2.7263050945400486E-4 
-0.011005454343464715 2.870439586722542E-4 
-0.01106339195188187 2.969283725102994E-4 
-0.007963397999004529 6.841956799428481E-5 
-0.00924743289770651 1.2356560648948693E-4 
-0.010692963636984248 2.4296776415312169E-4 
-0.01078576428678465 2.550268141485683E-4 
-0.009312059219909408 1.2608543390845087E-4 
-0.01157038327517189 3.965305789368822E-4 
-0.009059997536695555 1.1242732576502578E-4 
-0.009621863668119525 1.4234417329752588E-4 
-0.007649209286255379 6.110050946121836E-5 
-0.01161084260648576 4.018598881932431E-4 
-0.010556825502827615 2.2637000274880408E-4 
-0.010926742315853695 2.759874391145739E-4 
-0.011385471122761488 3.5559935147647483E-4 
-0.010496074210991501 2.1963499838820383E-4 
-0.011390309631761316 3.68011247982573E-4 
-0.008966516523030207 1.0651648249512057E-4 
-0.01001833551262947 1.728918127336293E-4 
-0.00805531348078166 7.121978967128656E-5 
-0.011453497052975253 3.7688589758231553E-4 
-0.009185476538559117 1.1995528962450407E-4 
-0.00954932172675179 1.38718569579361E-4 
-0.01166368702964981 4.1144971015670654E-4 
-0.007580199090736125 5.965509489634083E-5 
-0.009049163391735728 1.0983615253052303E-4 
-0.011347473055619273 3.4807298463400947E-4 
-0.009373845053221821 1.2920678330214687E-4 
-0.007809962492930504 6.43466839225603E-5 
-0.010592975271663217 2.3019373928394478E-4 
-0.010246427892809776 1.9274725112714008E-4 
-0.010193693168412357 1.8961384562008328E-4 
-0.0113876496108493 3.677268427041743E-4 
-0.008162481186968846 7.500424362878639E-5 
-0.010271483831509625 1.962579668752616E-4 
-0.008068331670099646 7.429537701880614E-5 
-0.010379781955557247 2.0586489604443285E-4 
-0.007730321288341857 6.29411326209119E-5 
-0.009664853770790526 1.449595668447589E-4 
-0.010148164725962004 1.8782916140172283E-4 
-0.009958316392627366 1.6976496940134697E-4 
-0.008194734580172513 7.668925201574684E-5 
-0.009814420145114668 1.5704167420200959E-4 
-0.010132435191077828 1.8236900328458873E-4 
-0.0097448666105503 1.5294383589979977E-4 
-0.010318432184317064 1.9960518029931156E-4 
-0.010816289875968877 2.611755821836557E-4 
-0.01167963389991396 4.250994615607875E-4 
-0.008862399119384577 1.0412177148881615E-4 
-0.00941330515350359 1.309640116740059E-4 
-0.011663906602195719 4.227599031847005E-4 
-0.011663754918723394 4.1145155866880063E-4 
-0.01034233313032264 2.021565569547177E-4 
-0.011230617857652727 3.2626368438415224E-4 
-0.00728270901206696 5.5993815628102645E-5 
-0.011180498603596385 3.174736319745548E-4 
-0.008922692989487589 1.0582114669568616E-4 
-0.007479374782537383 5.835545336479248E-5 
-0.01114501791272189 3.1193744830303064E-4 
-0.009515363742502532 1.3710395498197766E-4 
-0.010479567041542386 2.1813878675770628E-4 
-0.00729330962723671 5.6118947346653415E-5 
-0.007965666580361264 6.847647934374663E-5 
-0.009958316392627366 1.6976496940134697E-4 
-0.0097826258132863 1.548408076033835E-4 
-0.009847801828167798 1.6146322892130274E-4 
-0.007512843619594379 5.844226257339137E-5 
-0.008541609200477156 8.746578998244603E-5 
-0.008758122434551338 9.556564831646967E-5 
-0.011230617857652727 3.2626368438415224E-4 
-0.010446149810159903 2.132339508917093E-4 
-0.011180498603596385 3.174736319745548E-4 
-0.010406506869026338 2.0941674453052857E-4 
-0.008789220534825313 9.69259227418608E-5 
-0.01079949140658633 2.576297702545912E-4 
-0.011604585098418496 4.0082593153362736E-4 
-0.011153990577758862 3.1229972810552795E-4 
-0.011453497052975254 3.7688589758231575E-4 
