0.0 0.30000000000000016 0.0 0.0 0.0 0.0 0.0 0.35 0.35 0.0 0.0 
0.0 0.15051363016351435 0.0 0.10227783448342298 0.19213000437021913 0.0 0.10062223423153213 0.35 0.10445629675131143 0.0 0.0 
0.0 0.15051363016351435 0.0 0.10227783448342298 0.19213000437021913 0.0 0.10062223423153213 0.35 0.10445629675131143 0.0 0.0 
0.0 0.30000000000000016 0.0 0.0 0.0 0.0 0.0 0.35 0.35 0.0 0.0 
0.0 0.24232919072198786 0.0 0.0 0.0 0.13586137130959663 0.0 0.35 0.27180943796841556 0.0 0.0 
0.0 0.19194142281989082 0.0 0.10722281799660092 0.0 0.15734011762101197 0.0 0.35 0.1934956415624963 0.0 0.0 
0.0 0.1995910937989277 0.0 0.0 0.0 0.0 0.12030887796951059 0.35 0.3301000282315617 0.0 0.0 
0.0 0.23857120588555844 0.0 0.0 0.0 0.19467054261320135 0.0 0.35 0.21675825150124017 0.0 0.0 
0.0 0.25049188160197877 0.0 0.0 0.0 0.10075249569098717 0.0 0.35 0.2987556227070341 0.0 0.0 
0.0 0.30655207720893235 0.0 0.0 0.0 0.0 0.0 0.35 0.3434479227910677 0.0 0.0 
0.0 0.13673151296949898 0.0 0.1077128570664231 0.0 0.10305880588911671 0.11695126926710385 0.34607239980514065 0.18947315500271664 0.0 0.0 
0.0 0.23823884694212397 0.0 0.0 0.0 0.1046076973999741 0.0 0.35 0.3071534556579019 0.0 0.0 
0.0 0.1518934302607277 0.0 0.10105955478816142 0.1845956971393342 0.0 0.10155817888172566 0.35 0.11089313893005098 0.0 0.0 
0.0 0.23774609754833004 0.0 0.0 0.0 0.15081393395025033 0.0 0.35 0.2614399685014197 0.0 0.0 
0.0 0.17430941351406118 0.0 0.10926194723302203 0.0 0.0 0.10989632771536656 0.35 0.25653231153755024 0.0 0.0 
0.0 0.19809451104761513 0.0 0.10843113843773716 0.0 0.16286175612005885 0.0 0.3482428922534391 0.18236970214114973 0.0 0.0 
0.0 0.15549142102942853 0.0 0.10796902573839023 0.15422233218162146 0.0 0.10462482575981298 0.35 0.12769239529074677 0.0 0.0 
0.0 0.2563432741537355 0.0 0.0 0.0 0.16204848135059738 0.0 0.35 0.23160824449566722 0.0 0.0 
0.0 0.19934381513573224 0.0 0.0 0.0 0.0 0.11022449592512394 0.35 0.3404316889391438 0.0 0.0 
0.0 0.1293237333868647 0.0 0.10105549214699933 0.10412674655778696 0.0 0.11752287633347122 0.35 0.19797115157487793 0.0 0.0 
0.10705723760772749 0.20693388729560913 0.0 0.0 0.0 0.0 0.0 0.35 0.3360088750966634 0.0 0.0 
0.0 0.21153850157465878 0.0 0.0 0.0 0.10649007451214475 0.0 0.35 0.3319714239131965 0.0 0.0 
0.0 0.19934177737717812 0.0 0.0 0.0 0.0 0.10065822262282198 0.35 0.35 0.0 0.0 
0.0 0.2328895203727935 0.0 0.0 0.0 0.1181067607431907 0.0 0.3479757684479574 0.3010279504360585 0.0 0.0 
0.10939848189928798 0.20955473127677202 0.0 0.0 0.0 0.0 0.0 0.35 0.33104678682394 0.0 0.0 
0.0 0.23774609754833004 0.0 0.0 0.0 0.15081393395025033 0.0 0.35 0.2614399685014197 0.0 0.0 
0.0 0.16276762914681805 0.0 0.12539406546881637 0.0 0.0 0.12220709272114057 0.35 0.239631212663225 0.0 0.0 
0.0 0.2101345913167877 0.0 0.0 0.0 0.0 0.10753974151479373 0.35 0.3323256671684186 0.0 0.0 
0.10645055271622339 0.2000438905013695 0.0 0.0 0.0 0.0 0.0 0.35 0.34350555678240713 0.0 0.0 
0.0 0.23854224833925677 0.0 0.0 0.10715342686829514 0.12012067833891915 0.0 0.35 0.1841836464535289 0.0 0.0 
0.0 0.1561119573599475 0.0 0.12937792713481858 0.0 0.0 0.14588499888777506 0.35 0.2186251166174589 0.0 0.0 
0.0 0.14999824328053257 0.0 0.10812412926563145 0.12302077360958832 0.0 0.10888970963902996 0.35 0.15996714420521765 0.0 0.0 
0.0 0.25580901373984133 0.0 0.0 0.0 0.18926363978757127 0.0 0.35 0.2049273464725874 0.0 0.0 
0.0 0.15677824350909045 0.0 0.11292963453835671 0.14100780758980586 0.0 0.10392909180205924 0.35 0.13535522256068772 0.0 0.0 
0.0 0.1438614609690109 0.0 0.10686915825102372 0.14543280990142907 0.0 0.10640183870115394 0.35 0.14743473217738243 0.0 0.0 
0.0 0.1453614039030643 0.0 0.10583039863478624 0.15547498739148868 0.0 0.1037168930056925 0.3470440228749841 0.14257229418998407 0.0 0.0 
0.0 0.24421141733082105 0.0 0.0 0.0 0.1799511103587585 0.0 0.35 0.2258374723104205 0.0 0.0 
0.0 0.22538099174028417 0.0 0.0 0.0 0.14596332476603932 0.0 0.35 0.27865568349367653 0.0 0.0 
0.0 0.17863582017856988 0.0 0.12116082957696342 0.0 0.0 0.1311942792266844 0.35 0.21900907101778228 0.0 0.0 
0.0 0.24839522109976828 0.0 0.0 0.0 0.16322422253668895 0.0 0.35 0.23838055636354283 0.0 0.0 
0.0 0.1609498819041407 0.0 0.11674886043863886 0.0 0.0 0.1433338272136496 0.35 0.22896743044357085 0.0 0.0 
0.0 0.15407820368542632 0.0 0.10791795473907721 0.11373669293348673 0.0 0.10469841333408325 0.35 0.1695687353079264 0.0 0.0 
0.0 0.23862957215667044 0.0 0.0 0.11385216131194953 0.12511896709931541 0.0 0.3499912752736714 0.17240802415839315 0.0 0.0 
0.0 0.17315745924288253 0.0 0.0 0.0 0.0 0.12684254075711765 0.35 0.35 0.0 0.0 
0.0 0.2202169467066249 0.0 0.0 0.0 0.1089059755591164 0.0 0.35 0.32087707773425883 0.0 0.0 
0.12266133637148312 0.186651082379274 0.0 0.0 0.0 0.0 0.0 0.35 0.3406875812492429 0.0 0.0 
0.0 0.221098998914292 0.0 0.0 0.0 0.1059561192494625 0.0 0.35 0.3229448818362455 0.0 0.0 
0.0 0.15266246626521884 0.0 0.1123150606489843 0.0 0.0 0.140860283009802 0.35 0.24416219007599496 0.0 0.0 
0.0 0.2087638162199928 0.0 0.11379982390771337 0.0 0.11140465444062882 0.0 0.35 0.21603170543166503 0.0 0.0 
0.0 0.23738408330585006 0.0 0.0 0.0 0.10175014128455245 0.0 0.35 0.3108657754095975 0.0 0.0 
0.0 0.16467400213551084 0.0 0.11379341255622208 0.10451366175632895 0.0 0.11011254254455015 0.35 0.15690638100738805 0.0 0.0 
0.0 0.2500877456094303 0.0 0.0 0.112339676289564 0.12593454558259914 0.0 0.35 0.16163803251840655 0.0 0.0 
0.0 0.19267127187355487 0.0 0.0 0.0 0.0 0.11875616888165906 0.34992983056507015 0.3386427286797159 0.0 0.0 
0.0 0.21065990813727895 0.0 0.10595319836717255 0.0 0.12870144600435285 0.0 0.35 0.20468544749119563 0.0 0.0 
0.0 0.22271399387217844 0.0 0.0 0.0 0.11029530474639469 0.0 0.35 0.316990701381427 0.0 0.0 
0.0 0.24252765403331406 0.0 0.0 0.11467056030984363 0.11808869154239522 0.0 0.34977840709319413 0.1749346870212528 0.0 0.0 
0.10002592752727421 0.1999740724727259 0.0 0.0 0.0 0.0 0.0 0.35 0.35 0.0 0.0 
0.0 0.18148638690404253 0.0 0.10880183705350818 0.0 0.1568908303173105 0.0 0.34851877982849433 0.20430216589664435 0.0 0.0 
0.0 0.14767761230776547 0.0 0.1252136397312193 0.0 0.0 0.1381648589430096 0.35 0.2389438890180057 0.0 0.0 
0.0 0.21279293235033067 0.0 0.0 0.0 0.0 0.11969979778139035 0.35 0.31750726986827904 0.0 0.0 
0.0 0.2035339115344543 0.0 0.10955204394892051 0.0 0.1324920149299735 0.0 0.35 0.2044220295866517 0.0 0.0 
0.1167509838676198 0.18408472749016122 0.0 0.0 0.0 0.0 0.0 0.35 0.349164288642219 0.0 0.0 
0.0 0.17069920565928287 0.0 0.10621908541317336 0.11195332503917517 0.0 0.10927160760786418 0.35 0.15185677628050454 0.0 0.0 
0.0 0.15427503123324007 0.0 0.10395445010096702 0.1321845389785171 0.0 0.1046246161213287 0.34866069600381494 0.15630066756213212 0.0 0.0 
0.0 0.2500877456094303 0.0 0.0 0.112339676289564 0.12593454558259914 0.0 0.35 0.16163803251840655 0.0 0.0 
0.0 0.13061801858948408 0.0 0.10953863709110931 0.10939617594883055 0.0 0.10425213992998263 0.35 0.19619502844059342 0.0 0.0 
0.0 0.1501066181575983 0.0 0.10966322909677911 0.17238537599681947 0.0 0.10032618783901946 0.35 0.11751858890978364 0.0 0.0 
0.0 0.24832802498449066 0.0 0.0 0.0 0.10903398559307849 0.0 0.35 0.29263798942243074 0.0 0.0 
0.1057551537936468 0.2196310463774714 0.0 0.0 0.0 0.0 0.0 0.35 0.32461379982888194 0.0 0.0 
0.0 0.18225771204545452 0.0 0.10926424965526191 0.0 0.15330757919514745 0.0 0.35 0.20517045910413612 0.0 0.0 
0.0 0.16778396989891264 0.0 0.11336089685501222 0.11783290915528165 0.0 0.1164428210094855 0.35 0.13457940308130806 0.0 0.0 
0.0 0.2632091981601058 0.0 0.0 0.0 0.149955969997729 0.0 0.35 0.23683483184216536 0.0 0.0 
0.0 0.2464303171953487 0.0 0.0 0.0 0.1587027294197578 0.0 0.35 0.24486695338489356 0.0 0.0 
0.0 0.23944863421934776 0.0 0.0 0.0 0.12246621286477094 0.0 0.3488565754422366 0.2892285774736448 0.0 0.0 
0.0 0.2369183072212184 0.0 0.0 0.0 0.11959600322303497 0.0 0.35 0.2934856895557466 0.0 0.0 
0.0 0.14901198382217712 0.0 0.11338702366858495 0.10390970135209665 0.0 0.11099520290464396 0.35 0.17269608825249733 0.0 0.0 
0.0 0.24150846627269817 0.0 0.0 0.0 0.1532005877550641 0.0 0.35 0.2552909459722377 0.0 0.0 
0.0 0.29999999999999977 0.0 0.0 0.0 0.0 0.0 0.35 0.35 0.0 0.0 
0.0 0.1296369500974972 0.0 0.10871589527749308 0.10857450415709592 0.0 0.11098007847758287 0.35 0.1920925719903309 0.0 0.0 
0.0 0.14674746755539045 0.0 0.10659710340591987 0.13929553661265487 0.0 0.10840070817890772 0.35 0.14895918424712715 0.0 0.0 
0.0 0.25869907216033156 0.0 0.0 0.0 0.1464336540309956 0.0 0.35 0.24486727380867304 0.0 0.0 
0.0 0.20812752262441375 0.0 0.0 0.0 0.10384841441526584 0.10463106452617726 0.35 0.23339299843414316 0.0 0.0 
0.0 0.22627723076938797 0.0 0.0 0.0 0.13703071712127401 0.0 0.35 0.286692052109338 0.0 0.0 
0.0 0.15020477822674547 0.0 0.10223992809294905 0.19205879681088625 0.0 0.10058494144252848 0.35 0.1049115554268909 0.0 0.0 
0.0 0.15040680119310249 0.0 0.10988253349119896 0.17273011206561112 0.0 0.10052682002949664 0.35 0.11645373322059085 0.0 0.0 
0.0 0.24757255719268967 0.0 0.0 0.0 0.11433031465043733 0.0 0.35 0.288097128156873 0.0 0.0 
0.0 0.2627875427932655 0.0 0.0 0.0 0.10915973493226279 0.0 0.35 0.2780527222744717 0.0 0.0 
0.0 0.25632329562854056 0.0 0.0 0.0 0.14344343783286526 0.0 0.35 0.2502332665385943 0.0 0.0 
0.0 0.19809451104761513 0.0 0.10843113843773716 0.0 0.16286175612005885 0.0 0.3482428922534391 0.18236970214114973 0.0 0.0 
0.0 0.24354929516538817 0.0 0.0 0.10923343214602518 0.11952231172416297 0.0 0.35 0.1776949609644237 0.0 0.0 
0.0 0.14885121749670047 0.0 0.1054808975744416 0.16767349888710947 0.0 0.10309982843576466 0.35 0.12489455760598389 0.0 0.0 
0.0 0.12975564898493414 0.0 0.1013929974307225 0.10447450922158197 0.0 0.11791537941151466 0.35 0.19646146495124672 0.0 0.0 
0.0 0.14639968627179756 0.0 0.10968760742179941 0.1023327488383593 0.0 0.11041340316288463 0.35 0.18116655430515907 0.0 0.0 
0.0 0.2542087026615158 0.0 0.0 0.0 0.12104675117679235 0.0 0.35 0.27474454616169186 0.0 0.0 
0.10950215031164126 0.21370385786919244 0.0 0.0 0.0 0.0 0.0 0.35 0.3267939918191664 0.0 0.0 
0.0 0.18737132266222534 0.0 0.0 0.0 0.0 0.11262867733777486 0.35 0.35 0.0 0.0 
0.0 0.2520331646657278 0.0 0.0 0.10952010023612117 0.11233187448059473 0.0 0.35 0.17611486061755635 0.0 0.0 
0.0 0.15486764510744627 0.0 0.10435376844122501 0.13269229704622273 0.0 0.1050265087581434 0.35 0.1530597806469626 0.0 0.0 
0.0 0.21820227916614834 0.0 0.0 0.0 0.10315398580500149 0.0 0.35 0.3286437350288502 0.0 0.0 
0.0 0.15167745716967038 0.0 0.1057448003766524 0.10651965454872701 0.0 0.1072742648776816 0.35 0.1787838230272685 0.0 0.0 
