0.0 0.30000000000000016 0.0 0.0 0.0 0.0 0.0 0.35 0.35 0.0 0.0 
0.0 0.20642526859471608 0.0 0.10113838356780834 0.24337250957700116 0.0 0.0 0.3484430356139627 0.10062080264651156 0.0 0.0 
0.0 0.30000000000000016 0.0 0.0 0.0 0.0 0.0 0.35 0.35 0.0 0.0 
0.0 0.24609287449471215 0.0 0.0 0.14813045738014255 0.12622247403647005 0.0 0.34931760420571306 0.13023658988296238 0.0 0.0 
0.0 0.19033255096653695 0.0 0.0 0.0 0.11448173552795128 0.0 0.35 0.34518571350551175 0.0 0.0 
0.0 0.20820499019095157 0.0 0.0 0.0 0.10622033369580204 0.0 0.35 0.33557467611324643 0.0 0.0 
0.0 0.22924701838584244 0.0 0.0 0.0 0.1051730092090886 0.0 0.35 0.31557997240506896 0.0 0.0 
0.0 0.2703582818181999 0.0 0.0 0.0 0.12105472568492981 0.0 0.35 0.2585869924968704 0.0 0.0 
0.10596198004693015 0.21024597506155757 0.0 0.0 0.0 0.0 0.0 0.35 0.33379204489151226 0.0 0.0 
0.11253913963444055 0.20995437177525475 0.0 0.0 0.0 0.0 0.0 0.35 0.32750648859030473 0.0 0.0 
0.0 0.24657361964049723 0.0 0.0 0.1545651790871348 0.12646905103227543 0.0 0.35 0.12239215024009253 0.0 0.0 
0.0 0.29045988614938745 0.0 0.0 0.0 0.10191087787911422 0.0 0.35 0.25762923597149834 0.0 0.0 
0.0 0.2491387266688865 0.0 0.0 0.14442324862512235 0.12036092537980403 0.0 0.35 0.13607709932618717 0.0 0.0 
0.0 0.26100962291374175 0.0 0.0 0.0 0.10796838999925952 0.0 0.35 0.28102198708699877 0.0 0.0 
0.0 0.25909178722199044 0.0 0.0 0.0 0.17942585441802086 0.0 0.35 0.21148235835998871 0.0 0.0 
0.0 0.26406570391624473 0.0 0.0 0.12991388547137359 0.11963656757935923 0.0 0.35 0.13638384303302253 0.0 0.0 
0.0 0.24696329998203664 0.0 0.0 0.1030085009059929 0.12061947802054779 0.0 0.35 0.17940872109142267 0.0 0.0 
0.0 0.22999544315587855 0.0 0.0 0.12885411673951958 0.13626920799440229 0.0 0.34908209642613264 0.15579913568406695 0.0 0.0 
0.0 0.20638354699418773 0.0 0.10044552160051104 0.22983857331657867 0.0 0.0 0.3489845706749452 0.11434778741377731 0.0 0.0 
0.0 0.2354226707114931 0.0 0.0 0.0 0.11413752280762117 0.0 0.35 0.3004398064808858 0.0 0.0 
0.0 0.25275866789115226 0.0 0.0 0.0 0.20550627305120134 0.0 0.35 0.19173505905764637 0.0 0.0 
0.0 0.2300558990852178 0.0 0.0 0.0 0.124078293607014 0.0 0.35 0.29586580730776824 0.0 0.0 
0.0 0.2376878065516585 0.0 0.0 0.0 0.10957185346348258 0.0 0.35 0.30274033998485894 0.0 0.0 
0.0 0.2233631192365001 0.0 0.0 0.0 0.114095637281054 0.0 0.35 0.31254124348244583 0.0 0.0 
0.0 0.2087043163597426 0.0 0.10384382284519673 0.1911072216317706 0.0 0.0 0.35 0.1463446391632902 0.0 0.0 
0.0 0.18908422065919095 0.0 0.11385703368067235 0.0 0.1691254537395467 0.0 0.35 0.17793329192059001 0.0 0.0 
0.0 0.2534560896032474 0.0 0.0 0.0 0.12787906275098374 0.0 0.35 0.26866484764576887 0.0 0.0 
0.0 0.242893880941905 0.0 0.0 0.0 0.1265256298933678 0.0 0.35 0.2805804891647273 0.0 0.0 
0.0 0.2032787928413843 0.0 0.11483807252328485 0.0 0.1520205050471697 0.0 0.35 0.1798626295881611 0.0 0.0 
0.10469929671665909 0.20704772136071423 0.0 0.0 0.0 0.0 0.0 0.349488088119787 0.33876489380283964 0.0 0.0 
0.0 0.24422820481353505 0.0 0.0 0.10410379985497095 0.1290837736727701 0.0 0.3482686322929629 0.17431558936576091 0.0 0.0 
0.0 0.21310436687923962 0.0 0.10152706494283424 0.0 0.13241745930263385 0.0 0.35 0.20295110887529222 0.0 0.0 
0.0 0.21257709885093273 0.0 0.10783407178904339 0.20561836406914774 0.0 0.0 0.35 0.12397046529087614 0.0 0.0 
0.10062638814142834 0.20647140102375147 0.0 0.0 0.0 0.0 0.0 0.35 0.3429022108348202 0.0 0.0 
0.0 0.25930947298855134 0.0 0.0 0.0 0.1365603994829086 0.0 0.35 0.25413012752854014 0.0 0.0 
0.0 0.22453707227456146 0.0 0.0 0.0 0.12607470741571247 0.0 0.35 0.2993882203097261 0.0 0.0 
0.0 0.1994591030868433 0.0 0.0 0.0 0.10054089691315685 0.0 0.35 0.35 0.0 0.0 
0.0 0.2634036821018483 0.0 0.0 0.0 0.13940507628403806 0.0 0.35 0.24719124161411365 0.0 0.0 
0.13088185333470684 0.2039189898655924 0.0 0.0 0.0 0.0 0.0 0.35 0.3151991567997008 0.0 0.0 
0.0 0.23168673089794908 0.0 0.0 0.11053297811338081 0.13811014930171867 0.0 0.35 0.16967014168695155 0.0 0.0 
0.0 0.25294285531080146 0.0 0.0 0.0 0.19140028841357573 0.0 0.35 0.20565685627562275 0.0 0.0 
0.0 0.20930452370494196 0.0 0.10241617575370261 0.1862737100641714 0.0 0.0 0.35 0.15200559047718404 0.0 0.0 
0.12069711751620418 0.20626783232719062 0.0 0.0 0.0 0.0 0.0 0.35 0.32303505015660516 0.0 0.0 
0.0 0.24537787560938643 0.0 0.0 0.11311169074671869 0.10421551041014969 0.0 0.35 0.18729492323374522 0.0 0.0 
0.0 0.20089201882390043 0.0 0.1129672520189583 0.0 0.13374416547284643 0.0 0.35 0.20239656368429496 0.0 0.0 
0.10023135354116258 0.19976864645883752 0.0 0.0 0.0 0.0 0.0 0.35 0.35 0.0 0.0 
0.0 0.21279789913668098 0.0 0.10428499298094965 0.21267692566555674 0.0 0.0 0.35 0.12024018221681264 0.0 0.0 
0.0 0.24544235041194223 0.0 0.0 0.10462133701030434 0.1297254951960898 0.0 0.35 0.1702108173816637 0.0 0.0 
0.0 0.20247051587440817 0.0 0.0 0.0 0.10200720788302045 0.0 0.35 0.3455222762425713 0.0 0.0 
0.0 0.20771698322419466 0.0 0.10758948400632293 0.0 0.15128870275670045 0.0 0.34902884055527494 0.18437598945750705 0.0 0.0 
0.0 0.2135369601980125 0.0 0.10506907350725146 0.19742331439220745 0.0 0.0 0.35 0.1339706519025286 0.0 0.0 
0.0 0.23783869399803412 0.0 0.0 0.0 0.1480870843626557 0.0 0.35 0.26407422163931027 0.0 0.0 
0.0 0.25719570001305336 0.0 0.0 0.0 0.16709063643946934 0.0 0.35 0.22571366354747732 0.0 0.0 
0.0 0.2737723788866913 0.0 0.0 0.0 0.16051571420589067 0.0 0.35 0.215711906907418 0.0 0.0 
0.1321370723104973 0.20293823487768067 0.0 0.0 0.0 0.0 0.0 0.35 0.31492469281182206 0.0 0.0 
0.0 0.20876650379576595 0.0 0.10657331256598163 0.17649808772183956 0.0 0.0 0.35 0.15816209591641292 0.0 0.0 
0.0 0.26852287330629576 0.0 0.0 0.0 0.15687800521379347 0.0 0.35 0.22459912147991087 0.0 0.0 
0.0 0.24146996072868643 0.0 0.0 0.17264112993763972 0.11979685833808525 0.0 0.3471743006544026 0.11891775034118605 0.0 0.0 
0.0 0.2501072757208354 0.0 0.0 0.0 0.1595276996508253 0.0 0.35 0.24036502462833925 0.0 0.0 
0.0 0.20780307051021263 0.0 0.10490029082620853 0.204766344256131 0.0 0.0 0.34919494648838095 0.1333353479190669 0.0 0.0 
0.0 0.1962849249792202 0.0 0.10092777688931207 0.0 0.14080395159907425 0.0 0.35 0.2119833465323936 0.0 0.0 
0.0 0.21237569087223043 0.0 0.0 0.0 0.20741820464443345 0.0 0.35 0.23020610448333606 0.0 0.0 
0.0 0.27176997697232047 0.0 0.0 0.0 0.18394447544160886 0.0 0.35 0.1942855475860707 0.0 0.0 
0.0 0.208704675432869 0.0 0.11603693780646575 0.16686470080874205 0.0 0.0 0.35 0.15839368595192319 0.0 0.0 
0.0 0.2183715959673972 0.0 0.10027034382958819 0.0 0.11226258489624562 0.0 0.35 0.21909547530676904 0.0 0.0 
0.0 0.2413239995865558 0.0 0.0 0.0 0.1887864841736499 0.0 0.35 0.2198895162397943 0.0 0.0 
0.0 0.21798781865085917 0.0 0.10761707892045345 0.0 0.11008493514983786 0.0 0.35 0.21431016727884944 0.0 0.0 
0.0 0.25264981220779326 0.0 0.0 0.0 0.16350604071650388 0.0 0.35 0.23384414707570295 0.0 0.0 
0.0 0.2666674986244544 0.0 0.0 0.0 0.10715688448239054 0.0 0.35 0.27617561689315506 0.0 0.0 
0.0 0.30456957152467534 0.0 0.0 0.0 0.0 0.0 0.35 0.3454304284753247 0.0 0.0 
0.0 0.25166278173462114 0.0 0.0 0.11043189363224791 0.13115503218310873 0.0 0.3458698385862574 0.16088045386376484 0.0 0.0 
0.0 0.19707686352557144 0.0 0.11455640102483244 0.0 0.14719154121786956 0.0 0.35 0.19117519423172646 0.0 0.0 
0.0 0.30668986240325996 0.0 0.0 0.0 0.0 0.0 0.35 0.34331013759674 0.0 0.0 
0.10009482917645506 0.1999051708235452 0.0 0.0 0.0 0.0 0.0 0.35 0.35 0.0 0.0 
0.0 0.23874350269253844 0.0 0.0 0.0 0.17092608334628606 0.0 0.35 0.2403304139611755 0.0 0.0 
0.0 0.20968375273245243 0.0 0.0 0.0 0.10793868999195914 0.0 0.35 0.3323775572755885 0.0 0.0 
0.0 0.20942406849017883 0.0 0.10088712735636743 0.23546883371907923 0.0 0.0 0.35 0.10421997043437452 0.0 0.0 
0.0 0.21177895214337555 0.0 0.0 0.0 0.11117620191814148 0.0 0.35 0.32704484593848293 0.0 0.0 
0.0 0.2612510453866293 0.0 0.0 0.10676173878258458 0.12556703562226895 0.0 0.34751310371714644 0.15890707649137084 0.0 0.0 
0.0 0.2040387958787988 0.0 0.10790202018524231 0.22005342542711084 0.0 0.0 0.35 0.11800575850884809 0.0 0.0 
0.0 0.21003273343389164 0.0 0.0 0.0 0.11571096564774448 0.0 0.35 0.3242563009183639 0.0 0.0 
0.0 0.21340624144817058 0.0 0.1114854562306091 0.0 0.13003901016895908 0.0 0.35 0.19506929215226146 0.0 0.0 
0.0 0.26663572320294 0.0 0.0 0.0 0.13870598972281953 0.0 0.35 0.24465828707424053 0.0 0.0 
0.0 0.20676329251784847 0.0 0.10174865694430787 0.2353394590072011 0.0 0.0 0.35 0.10614859153064254 0.0 0.0 
0.0 0.20822757275773845 0.0 0.10260180753289803 0.19219098084135008 0.0 0.0 0.35 0.1469796388680133 0.0 0.0 
0.0 0.27176997697232047 0.0 0.0 0.0 0.18394447544160886 0.0 0.35 0.1942855475860707 0.0 0.0 
0.0 0.21012114440120586 0.0 0.10608369988691391 0.0 0.11388228861234262 0.0 0.35 0.21991286709953764 0.0 0.0 
0.0 0.23853711183618467 0.0 0.0 0.0 0.21737191427082805 0.0 0.35 0.19409097389298724 0.0 0.0 
0.0 0.20950267885788862 0.0 0.10124398561893108 0.22084228158448843 0.0 0.0 0.35 0.11841105393869188 0.0 0.0 
0.0 0.2641062520095949 0.0 0.0 0.12934888027789182 0.12702985419498444 0.0 0.35 0.1295150135175289 0.0 0.0 
0.0 0.2556401345920614 0.0 0.0 0.12016610448272486 0.1264727270202403 0.0 0.35 0.14772103390497335 0.0 0.0 
0.0 0.20968375273245243 0.0 0.0 0.0 0.10793868999195914 0.0 0.35 0.3323775572755885 0.0 0.0 
0.0 0.23717030931565444 0.0 0.0 0.0 0.16229840204272591 0.0 0.35 0.25053128864161955 0.0 0.0 
0.0 0.21177895214337555 0.0 0.0 0.0 0.11117620191814148 0.0 0.35 0.32704484593848293 0.0 0.0 
0.0 0.23105858928719017 0.0 0.0 0.0 0.1702546930524912 0.0 0.35 0.24868671766031863 0.0 0.0 
0.0 0.2533061751037421 0.0 0.0 0.11151148036697262 0.13822135382898154 0.0 0.35 0.1469609907003038 0.0 0.0 
0.0 0.227319538899313 0.0 0.0 0.0 0.13605667875666697 0.0 0.35 0.2866237823440201 0.0 0.0 
0.10183327687985913 0.2060272150264005 0.0 0.0 0.0 0.0 0.0 0.35 0.34213950809374033 0.0 0.0 
0.0 0.21692005569931494 0.0 0.0 0.0 0.11008765125381738 0.0 0.35 0.3229922930468677 0.0 0.0 
0.1206971175162042 0.20626783232719065 0.0 0.0 0.0 0.0 0.0 0.35 0.3230350501566053 0.0 0.0 
