-0.010043500046012916 4.523169009695727E-4 
-0.010043500046012916 4.523169009695727E-4 
0.0014976920991370726 6.881773676967485E-5 
-0.009590766962151966 4.4189347673432504E-4 
-0.009514672344709188 3.64958252282181E-4 
-0.007571055661740969 2.2659386627682206E-4 
-0.0037496443319670098 1.1373510499239661E-4 
-9.321471173592785E-4 8.082449498511657E-5 
-0.008180272137758023 2.615652945622314E-4 
-0.005802323029519544 1.7145556277199062E-4 
-0.008636591698016099 2.9089756186065525E-4 
-0.005607919837920184 1.569879140938162E-4 
-0.00852018940293478 2.804541561159369E-4 
-6.718443886832277E-4 7.755774825419628E-5 
-0.009160739168787313 3.3338329064495496E-4 
-0.007395047283566829 2.188434165699311E-4 
-0.009052865175720654 3.232706940685257E-4 
-0.002386900308143551 9.744122933356252E-5 
8.832884701914406E-4 6.97288668122933E-5 
-0.006621658682384723 1.9637268983742687E-4 
-0.007650602212984748 2.344209575314492E-4 
-0.002880857441097042 1.0271526108436521E-4 
-0.0035339624631483277 1.0837359336842011E-4 
-0.00786232059529391 2.4153213817044633E-4 
-5.048956673701379E-4 7.626818738922417E-5 
-0.0025398075238222623 1.0167776941022964E-4 
-0.008013239135061098 2.568106801953051E-4 
-0.005963447416402968 1.7822561109583415E-4 
-0.0013423124301690493 8.384236187760055E-5 
-0.005443954214501128 1.542587449531539E-4 
-0.004628950983385992 1.317449180594878E-4 
-0.007946529054463294 2.4663187976057773E-4 
-0.008870673884492409 3.0699016800273123E-4 
-0.006442279480403626 1.9501715614498517E-4 
-0.008796387802599979 3.009921544280343E-4 
-0.0077695068914909165 2.3663319059221034E-4 
-0.009847611983507752 4.458536012458403E-4 
-0.0048196772077017825 1.3308167299541017E-4 
-0.004067307288235159 1.2581338518491178E-4 
-0.009215284184075419 3.364165367080839E-4 
2.680339575264253E-4 7.205759824513467E-5 
-0.008991309309267625 3.2116392753074976E-4 
-0.00328419833350972 1.0596694515183514E-4 
-0.005725865503405163 1.6396567843252776E-4 
-0.005151027017300792 1.4698283646172308E-4 
-0.00444147734602077 1.3068323340621117E-4 
-0.007998014786153036 2.519175430195246E-4 
-0.0027194339245881095 1.0218751258900895E-4 
-0.004273661078605952 1.2823893863130522E-4 
-0.003949087203107924 1.254061035040573E-4 
-0.008948142804114313 3.1349627107450325E-4 
-0.006769204555147581 2.00984607101025E-4 
-0.001566699477933099 8.616229821213243E-5 
-0.00923056245042371 3.444751367150674E-4 
-0.009398861419533812 3.533951068168291E-4 
-0.0021962794850330022 9.571458700361775E-5 
4.257453206892208E-4 7.188157029863301E-5 
0.0011648654291094049 6.9162704353383E-5 
0.001206635277830008 6.905330228320779E-5 
-0.007027823725884032 2.0871661046916476E-4 
-0.004895683005221654 1.3677377725929068E-4 
6.780783487862056E-4 7.02007966251689E-5 
-0.0018885441689135214 9.15846719075079E-5 
-0.0012024580389238572 8.24483141098143E-5 
-0.006044619804019109 1.7868127985833142E-4 
-0.0068311584985371945 2.012469283890801E-4 
-2.1713590235837598E-4 7.412136008335796E-5 
-0.008324462147260023 2.675321411860789E-4 
-0.0034519815387611293 1.0734390941105866E-4 
-0.003926939987780733 1.1796683446261266E-4 
-0.006074066956953238 1.854795744699704E-4 
-0.001737716288417694 8.850704244504388E-5 
9.14916084274772E-6 7.310211515824251E-5 
-0.004959555068334032 1.3972437034430967E-4 
-0.00871607598254219 2.97821214805893E-4 
5.792203763431416E-4 7.086322645786809E-5 
-0.005745384415657361 1.655090774476963E-4 
-0.005306703863847063 1.4944079252209957E-4 
-0.0031340599333672444 1.0472258894610333E-4 
5.4150433111042895E-5 7.291861750145375E-5 
-0.008678776048477832 2.94828153737983E-4 
-2.7481582795695764E-4 7.493117996688234E-5 
-0.005371794812053632 1.4963698911549036E-4 
-0.007171493059908991 2.1267856283435876E-4 
-0.009666634690742817 4.4400553252356954E-4 
-0.008890871957986978 3.1259192649179456E-4 
-0.00936628723138337 3.503471387415705E-4 
-0.007290458403760381 2.1507018633454622E-4 
-0.0019695766726309976 9.203637774157691E-5 
-0.00617002350522595 1.9100682968292845E-4 
-0.006141616497763173 1.8574676788723143E-4 
-0.006307624965096621 1.9230185597698057E-4 
-0.009514672344709188 3.64958252282181E-4 
-0.005106213325905705 1.432371554891682E-4 
-0.005019377771847633 1.428411253069886E-4 
-0.003939503168450236 1.1812821214170376E-4 
-0.009460841153672895 3.5890393914778134E-4 
-0.004305723160677543 1.3006020906316745E-4 
-0.006937395087333044 2.0625310249970294E-4 
-0.009822654804912682 4.4551869839514174E-4 
