-0.010043500046012916 4.523169009695726E-4 
2.8219507178461672E-5 1.2190576004678368E-4 
-0.009510572700834958 3.639409116580627E-4 
-0.009590766962151966 4.4189347673432504E-4 
-0.008631127360441974 2.89557915124042E-4 
-0.00758844989080088 2.2692905219048843E-4 
-0.007101492435049409 2.0836181394390143E-4 
-0.005276930853472365 1.7254806349295993E-4 
-0.0019872217076752478 1.3492633691760235E-4 
-0.0057892827883552975 1.8153933066292237E-4 
-0.007246692538855734 2.1308100559911365E-4 
-0.00416283808579963 1.5754221503248438E-4 
-0.004672254431546587 1.6253410312193464E-4 
-0.008994068982857754 3.1748256904037527E-4 
-0.009241569133365888 3.397672436739503E-4 
-0.009106033157327692 3.265502838527589E-4 
-0.008510431163544045 2.833607935182954E-4 
-3.118707831222976E-5 1.2200758876099895E-4 
-0.008165428288363048 2.5816101059299276E-4 
-0.0044735529887662395 1.6122463436450994E-4 
-0.00798009309019696 2.464937495387138E-4 
-0.002792895321652147 1.4513199556645434E-4 
-0.004776080780771488 1.654216619265429E-4 
-0.003886363236265903 1.5466899547696136E-4 
-0.009046906250042364 3.2186551383666057E-4 
-0.008017752818413465 2.5220663901793914E-4 
-0.009454067678301753 3.586715098850618E-4 
-0.007469137319210582 2.216556658753465E-4 
-0.00211281981925778 1.3720575922351375E-4 
-0.001345804418055267 1.2834363879968776E-4 
-0.0033740124555294844 1.5171027750448065E-4 
-0.004024916914767986 1.5587615068890842E-4 
-0.0065634245504094975 1.9580199667675155E-4 
-0.0049111004494484314 1.6752455594256992E-4 
-6.839867875641698E-4 1.2459359802042725E-4 
-3.4041434722835895E-4 1.2318121065147417E-4 
-0.00882130940367315 3.0321343657036887E-4 
-0.00514435524175173 1.6899618559587036E-4 
-0.0093692786290517 3.5106339972248475E-4 
-5.754046743797559E-4 1.2364199800151006E-4 
-0.0037165524448456635 1.532214125632554E-4 
-0.0014182297440927807 1.2969453117318535E-4 
-0.009181416915243906 3.330525982805088E-4 
-0.008120506968026953 2.545535098243737E-4 
-0.008248196629422838 2.634440017842568E-4 
-0.0064427920221082485 1.9443949542192131E-4 
-0.009309872109982709 3.4469024042777993E-4 
-0.005464803913122055 1.7366676849205623E-4 
-0.008396598516699511 2.7531422180951046E-4 
-0.002615186612942046 1.4273905323187918E-4 
-0.006962655079804191 2.0415207539429918E-4 
-0.003077919834761155 1.482425712694153E-4 
-0.005933333442666352 1.843140564674797E-4 
-0.0022845865615298104 1.374978142248592E-4 
-0.00980279090386571 4.4429373790148976E-4 
-0.008379478940538716 2.708108802221642E-4 
-0.007771899418538682 2.3544306522676973E-4 
-0.0011298956901256189 1.2702293883796214E-4 
-0.007825158633736175 2.3817868857254514E-4 
-0.007690464965846576 2.3218506356382493E-4 
-0.0096340298116591 4.421720174152665E-4 
-0.005068859549337093 1.677481313232676E-4 
-0.009161809260966857 3.3154518991160953E-4 
-8.679473625370891E-4 1.2591283603465592E-4 
-0.008855683143147611 3.0694076859587196E-4 
-0.0035328963132139697 1.521532213977492E-4 
-0.0018090515215682355 1.3233975167830592E-4 
-0.0024652819726853972 1.4044185034625255E-4 
-0.007002817074352531 2.055031836837833E-4 
-9.068831035541757E-4 1.2625610049792695E-4 
-0.0043375507070452304 1.5977899815485452E-4 
-0.008927529711282049 3.11762501052157E-4 
-0.00668320293963451 1.9849305433754076E-4 
-0.0032295173809035287 1.5009203011636345E-4 
-0.008481643383516252 2.778668088270565E-4 
-0.009995164746250581 4.5025375446074113E-4 
-0.00791082310069369 2.4264532034316832E-4 
-0.0011037844399630298 1.2680965260924664E-4 
-0.005624257550613011 1.79073722737619E-4 
-0.0017975895969385347 1.3233608689737524E-4 
-0.008332059846120092 2.676853258518477E-4 
-0.0016226936463148286 1.3051109166290783E-4 
-0.00678978495011954 2.0225799442396354E-4 
-0.008714017091053015 2.946892131552293E-4 
-0.0029312043831497994 1.4754231642952808E-4 
-3.8367301300167153E-4 1.232704291428934E-4 
-0.0016140727099475884 1.3042169162896013E-4 
-0.006173204107476357 1.915680653634063E-4 
-0.0073026645723527975 2.1637036878570257E-4 
-0.009926280770250779 4.477060688491325E-4 
-0.006075693825899141 1.8925433800273764E-4 
-0.0055653292135330636 1.7587271887663534E-4 
-0.007883400909681558 2.4122948742894213E-4 
-0.009291168472195443 3.4311657480205673E-4 
-0.005922517241978158 1.8392231065579397E-4 
-0.003603455114616494 1.530218149368939E-4 
-0.0028926425983494433 1.466360950777023E-4 
-0.006737433159726478 1.9865631222873187E-4 
-0.003168251105518663 1.4991635201436806E-4 
-0.006075693825899141 1.8925433800273764E-4 
