0.2999999999999998 0.0 0.0 0.0 0.0 0.0 0.0 0.35 0.35 0.0 0.0 
0.2999999999999998 0.0 0.0 0.0 0.0 0.0 0.0 0.35 0.35 0.0 0.0 
0.0 0.132766799130712 0.0 0.2545184360403374 0.2875354047279582 0.0 0.0 0.19577102924072137 0.0 0.0 0.12940833086027095 
0.35 0.0 0.0 0.0 0.0 0.0 0.0 0.35 0.29999999999999993 0.0 0.0 
0.19972113247966816 0.0 0.0 0.10076690698625772 0.0 0.0 0.0 0.3495650828774653 0.34994687765660876 0.0 0.0 
0.196765493476385 0.0 0.0 0.2393943576557471 0.0 0.0 0.0 0.35 0.213840148867868 0.0 0.0 
0.0 0.0 0.0 0.31032163722536754 0.1037397007143291 0.0 0.0 0.35 0.11817320604454241 0.0 0.11776545601576092 
0.0 0.1026217259013508 0.0 0.30085795158183887 0.15827674565758515 0.0 0.0 0.2939665745566272 0.0 0.0 0.144277002302598 
0.21973960147720517 0.0 0.0 0.18197401679517644 0.0 0.0 0.0 0.35 0.24828638172761838 0.0 0.0 
0.10518970290007439 0.0 0.0 0.2537528844672072 0.0 0.0 0.0 0.3499999999999999 0.18103099818477583 0.0 0.11002641444794262 
0.19058336096469283 0.0 0.0 0.1674214412098579 0.0 0.0 0.0 0.3475676231561053 0.294427574669344 0.0 0.0 
0.10174509542066061 0.0 0.0 0.28103973044179964 0.0 0.0 0.0 0.35 0.16467087381461384 0.0 0.10254430032292583 
0.18683439154923304 0.0 0.0 0.17902502655525002 0.0 0.0 0.0 0.35 0.284140581895517 0.0 0.0 
0.0 0.10245537632790373 0.0 0.2860555933810677 0.19410587471907034 0.0 0.0 0.28589647075339153 0.0 0.0 0.13148668481856682 
0.2048702017674979 0.0 0.0 0.12195644958103138 0.0 0.0 0.0 0.3486236877166526 0.3245496609348181 0.0 0.0 
0.1903091633669124 0.0 0.0 0.25586841658103227 0.0 0.0 0.0 0.35 0.20382242005205536 0.0 0.0 
0.16397602892562085 0.0 0.0 0.15614082919387617 0.0 0.0 0.0 0.35 0.329883141880503 0.0 0.0 
0.0 0.10040060070795231 0.0 0.3239203649619175 0.10650178652469405 0.0 0.0 0.34501103603290717 0.0 0.0 0.12416621177252898 
0.0 0.11315820283583611 0.0 0.2762570709327969 0.25684342146491523 0.0 0.0 0.22304931762953595 0.0 0.0 0.13069198713691574 
0.18131796295376792 0.0 0.0 0.3159278884697357 0.0 0.0 0.0 0.35 0.15275414857649633 0.0 0.0 
0.19164895566262005 0.0 0.0 0.23316933180539595 0.0 0.0 0.0 0.34089887051241197 0.23428284201957209 0.0 0.0 
0.0 0.0 0.0 0.3318360483636411 0.11872981931397619 0.0 0.0 0.3248403637050105 0.10149990826722934 0.0 0.12309386035014283 
0.0 0.0 0.0 0.32779709017316794 0.10327950222655063 0.0 0.0 0.34901535434336683 0.10352244198432783 0.0 0.11638561127258683 
0.17643928610223775 0.0 0.0 0.23087985410869924 0.0 0.0 0.0 0.3477049521854485 0.24497590760361457 0.0 0.0 
0.0 0.10465104094405818 0.0 0.3027036234410806 0.19271797679511973 0.0 0.0 0.2745367110349049 0.0 0.0 0.1253906477848364 
0.0 0.0 0.0 0.3155953675444798 0.13047740043762893 0.0 0.0 0.3154194327770245 0.10232218528565223 0.0 0.1361856139552145 
0.17482369593472655 0.0 0.0 0.21719887994888554 0.0 0.0 0.0 0.33810333532115916 0.26987408879522884 0.0 0.0 
0.10944458949302173 0.0 0.0 0.24872250722861924 0.0 0.0 0.0 0.34318957115975907 0.19640829679067795 0.0 0.10223503532792197 
0.0 0.10158860727389456 0.0 0.3127546311581911 0.1448040633247992 0.0 0.0 0.30699360886877175 0.0 0.0 0.13385908937434343 
0.10601578105252799 0.0 0.0 0.2841288113573013 0.0 0.0 0.0 0.34621213253593514 0.15841991668750782 0.0 0.10522335836672785 
0.10021715722062385 0.0 0.0 0.33734471819050027 0.0 0.0 0.0 0.34563597606570373 0.10667851959310623 0.0 0.110123628930066 
0.17928027265532645 0.0 0.0 0.22273567784659148 0.0 0.0 0.0 0.34672220958355915 0.2512618399145229 0.0 0.0 
0.17834095713712522 0.0 0.0 0.15980297254182715 0.0 0.0 0.0 0.35 0.3118560703210476 0.0 0.0 
0.18670589024368167 0.0 0.0 0.3200727738666064 0.0 0.0 0.0 0.3382331476498435 0.15498818823986857 0.0 0.0 
0.18964518790306112 0.0 0.0 0.15783074298001226 0.0 0.0 0.0 0.35 0.3025240691169266 0.0 0.0 
0.1622026094060981 0.0 0.0 0.24729262466904348 0.0 0.0 0.0 0.3496563135236443 0.24084845240121408 0.0 0.0 
0.3205915400223299 0.0 0.0 0.0 0.0 0.0 0.0 0.3484488612637708 0.3309595987138994 0.0 0.0 
0.10134568838588498 0.0 0.0 0.3390136649069324 0.0 0.0 0.0 0.3496919671646966 0.10901938649060819 0.0 0.10092929305187787 
0.0 0.0 0.0 0.3022725748159604 0.10010561347097789 0.0 0.0 0.34028170163155463 0.148357646529815 0.0 0.10898246355169205 
0.19858717209479204 0.0 0.0 0.12270968739962967 0.0 0.0 0.0 0.35 0.3287031405055783 0.0 0.0 
0.0 0.10227765591348752 0.0 0.2983899268403757 0.21681324998039092 0.0 0.0 0.24711175596113397 0.0 0.0 0.13540741130461187 
0.16396159296548057 0.0 0.0 0.1591958073785272 0.0 0.0 0.0 0.34700797651623005 0.32983462313976225 0.0 0.0 
0.0 0.0 0.0 0.3267654101622573 0.11707889174313046 0.0 0.0 0.34117948365248385 0.10104910889909495 0.0 0.11392710554303342 
0.10329816871092903 0.0 0.0 0.2704556366622908 0.0 0.0 0.0 0.34637373305593305 0.17748606242531462 0.0 0.10238639914553244 
0.10231567245635269 0.0 0.0 0.29900549295420076 0.0 0.0 0.0 0.34134642846821506 0.14819769272644623 0.0 0.10913471339478513 
0.10017716631535169 0.0 0.0 0.34059190747899787 0.0 0.0 0.0 0.33906945842205305 0.1053646379116677 0.0 0.11479682987192961 
0.2241024354474061 0.0 0.0 0.1920040623719105 0.0 0.0 0.0 0.35 0.23389350218068344 0.0 0.0 
0.0 0.0 0.0 0.3169563022767384 0.13497114714916397 0.0 0.0 0.3199940169628675 0.10380618215467056 0.0 0.1242723514565595 
0.0 0.0 0.0 0.29724048588631863 0.10119938966479117 0.0 0.0 0.34964340317629367 0.14749375516874627 0.0 0.10442296610385013 
0.0 0.0 0.0 0.30344347104259883 0.10367953221040987 0.0 0.0 0.33391691724399064 0.150307049150313 0.0 0.10865303035268785 
0.19646164495257243 0.0 0.0 0.14278175874594426 0.0 0.0 0.0 0.3498833079008693 0.310873288400614 0.0 0.0 
0.19694559022466057 0.0 0.0 0.2934017802988707 0.0 0.0 0.0 0.34481414924893095 0.16483848022753772 0.0 0.0 
0.0 0.10048963478197327 0.0 0.3045679216652745 0.14755832354081516 0.0 0.0 0.3175379116306703 0.0 0.0 0.12984620838126673 
0.16058749649824441 0.0 0.0 0.14389492859869588 0.0 0.0 0.0 0.34551757490305973 0.35 0.0 0.0 
0.17550965879967367 0.0 0.0 0.12449223871136063 0.0 0.0 0.0 0.3499981024889658 0.35 0.0 0.0 
0.0 0.10329731734532953 0.0 0.33326598145976943 0.1094913316042675 0.0 0.0 0.3341220677334013 0.0 0.0 0.11982330185723221 
0.0 0.10940109741146305 0.0 0.298592804630886 0.21549869716957734 0.0 0.0 0.23833759939265908 0.0 0.0 0.1381698013954145 
0.0 0.13402580611979747 0.0 0.2552662803297021 0.2775405247571133 0.0 0.0 0.20774543283756686 0.0 0.0 0.1254219559558202 
0.0 0.132951276662421 0.0 0.25827499945113996 0.27533979797805147 0.0 0.0 0.2060798686176444 0.0 0.0 0.12735405729074317 
0.184695253582675 0.0 0.0 0.281510999711664 0.0 0.0 0.0 0.34127429706493917 0.19251944964072182 0.0 0.0 
0.10076525138761404 0.0 0.0 0.3259705577650868 0.0 0.0 0.0 0.3432776885443281 0.12557027987779687 0.0 0.1044162224251743 
0.0 0.12109781980848687 0.0 0.27372736687774935 0.2451250395158716 0.0 0.0 0.22849906906977732 0.0 0.0 0.13155070472811478 
0.0 0.10593494065377466 0.0 0.2962054410924653 0.13172837800742443 0.0 0.0 0.3301790369335762 0.0 0.0 0.13595220331275945 
0.0 0.10492047449095396 0.0 0.3075972339881246 0.16193490037018415 0.0 0.0 0.300551488644918 0.0 0.0 0.12499590250581932 
0.10738301619976164 0.0 0.0 0.24735617698003332 0.0 0.0 0.0 0.34825803961371843 0.19532934901080665 0.0 0.10167341819567992 
0.19281813042317242 0.0 0.0 0.2938918223670744 0.0 0.0 0.0 0.35 0.16329004720975318 0.0 0.0 
0.0 0.10350676656678458 0.0 0.2951797543874506 0.20512341059302086 0.0 0.0 0.2657731611996939 0.0 0.0 0.1304169072530499 
0.19566781430291452 0.0 0.0 0.1871573293320543 0.0 0.0 0.0 0.35 0.2671748563650312 0.0 0.0 
0.0 0.0 0.0 0.32597139869376573 0.10270427897758187 0.0 0.0 0.3470714860855107 0.10293020162438082 0.0 0.12132263461876075 
0.0 0.0 0.0 0.3073712894288946 0.10244845921345355 0.0 0.0 0.35 0.12747200442600484 0.0 0.11270824693164717 
0.11062249220778131 0.0 0.0 0.23652230315566383 0.0 0.0 0.0 0.34570811776521954 0.20180093589301853 0.0 0.10534615097831687 
0.0 0.10206709915263446 0.0 0.31959073697633583 0.1318271581716015 0.0 0.0 0.32014918649572377 0.0 0.0 0.12636581920370454 
0.0 0.10470659707570037 0.0 0.30003602228209314 0.20750116167428542 0.0 0.0 0.2556157605395995 0.0 0.0 0.1321404584283215 
0.10594698475401847 0.0 0.0 0.3155011331337013 0.0 0.0 0.0 0.343496853009964 0.1288208059491715 0.0 0.10623422315314476 
0.18773696783742655 0.0 0.0 0.16318188680043946 0.0 0.0 0.0 0.34647828120314084 0.302602864158993 0.0 0.0 
0.0 0.11916302310699328 0.0 0.2680829155986931 0.2412086426834692 0.0 0.0 0.23473785392149965 0.0 0.0 0.1368075646893447 
0.10279643934071221 0.0 0.0 0.26914200702153795 0.0 0.0 0.0 0.3446913617504733 0.18128335346676921 0.0 0.1020868384205072 
0.10003604083202061 0.0 0.0 0.2993953354379995 0.0 0.0 0.0 0.3404610988969087 0.15768276605753095 0.0 0.10242475877554018 
0.0 0.0 0.0 0.3306158744297487 0.11837763218392454 0.0 0.0 0.3345278781639915 0.10119883005789922 0.0 0.1152797851644361 
0.0 0.10520878996249622 0.0 0.30003357085348514 0.20849637697403736 0.0 0.0 0.2536998320942853 0.0 0.0 0.13256143011569604 
0.18860523188967018 0.0 0.0 0.16531992327201767 0.0 0.0 0.0 0.3466412508391361 0.29943359399917596 0.0 0.0 
0.0 0.10468937669508428 0.0 0.30688049562481545 0.1965415382189049 0.0 0.0 0.26482857628989503 0.0 0.0 0.12706001317130028 
0.10009962355756945 0.0 0.0 0.29708792162063946 0.0 0.0 0.0 0.34523048534755496 0.15533210163695801 0.0 0.10224986783727809 
0.18856594005852526 0.0 0.0 0.2700730166415423 0.0 0.0 0.0 0.34389142538808837 0.19746961791184398 0.0 0.0 
0.3351085465597282 0.0 0.0 0.0 0.0 0.0 0.0 0.3403090180013572 0.3245824354389145 0.0 0.0 
0.17629368528104244 0.0 0.0 0.15796850819076 0.0 0.0 0.0 0.34598216157896905 0.3197556449492286 0.0 0.0 
0.17505967855112972 0.0 0.0 0.12706803092728491 0.0 0.0 0.0 0.35 0.34787229052158525 0.0 0.0 
0.1934100816385934 0.0 0.0 0.2612432132606651 0.0 0.0 0.0 0.3499977120012691 0.19534899309947235 0.0 0.0 
0.0 0.10115745585045538 0.0 0.29507204993781244 0.1380431799448137 0.0 0.0 0.33502086263674313 0.0 0.0 0.1307064516301753 
0.1786852387531956 0.0 0.0 0.34718895104454733 0.0 0.0 0.0 0.3449797267233142 0.12914608347894288 0.0 0.0 
0.10980296165645725 0.0 0.0 0.23532540573487615 0.0 0.0 0.0 0.35 0.20030592317951465 0.0 0.10456570942915193 
0.17032176365570906 0.0 0.0 0.34408879185424457 0.0 0.0 0.0 0.34789671307382164 0.13769273141622485 0.0 0.0 
0.19972113247966816 0.0 0.0 0.10076690698625772 0.0 0.0 0.0 0.3495650828774653 0.34994687765660876 0.0 0.0 
0.1079487068616656 0.0 0.0 0.303635669304956 0.0 0.0 0.0 0.35 0.13017425159932222 0.0 0.10824137223405625 
0.11002487307516472 0.0 0.0 0.30532218850496956 0.0 0.0 0.0 0.34491305473223943 0.13089729370821607 0.0 0.10884258997941015 
0.0 0.0 0.0 0.30949701782271094 0.10315697561086143 0.0 0.0 0.35 0.12724382641524687 0.0 0.1101021801511808 
0.18747223702137522 0.0 0.0 0.11252776297862487 0.0 0.0 0.0 0.35 0.35 0.0 0.0 
0.0 0.0 0.0 0.2957412091761116 0.10068894140751838 0.0 0.0 0.347879806909464 0.15179378433324717 0.0 0.10389625817365883 
0.18742609585949285 0.0 0.0 0.2856733272457484 0.0 0.0 0.0 0.3402124759059429 0.18668810098881602 0.0 0.0 
0.3226413324116449 0.0 0.0 0.0 0.0 0.0 0.0 0.3473975822969068 0.32996108529144835 0.0 0.0 
