0.0 0.30000000000000004 0.0 0.0 0.0 0.0 0.0 0.35 0.35 0.0 0.0 
0.0 0.0 0.0 0.15768595014810743 0.0 0.0 0.20533787834370382 0.2869761715081888 0.0 0.0 0.35 
0.0 0.3000000000000001 0.0 0.0 0.0 0.0 0.0 0.35 0.35 0.0 0.0 
0.0 0.0 0.0 0.1822557502547344 0.0 0.0 0.1492312857900849 0.35 0.1 0.0 0.21851296395518066 
0.0 0.0 0.0 0.10430142394037696 0.0 0.0 0.22277864541882156 0.35 0.0 0.0 0.3229199306408015 
0.0 0.0 0.0 0.17471862581507647 0.0 0.0 0.1775143809036845 0.297766993281239 0.0 0.0 0.35 
0.0 0.26090729245170174 0.0 0.1 0.0 0.0 0.10408642643090842 0.35 0.18500628111738995 0.0 0.0 
0.0 0.2904899619926693 0.0 0.0 0.0 0.0 0.1 0.35 0.25951003800733075 0.0 0.0 
0.0 0.34729408982206234 0.0 0.116935027495317 0.0 0.0 0.0 0.35 0.1857708826826206 0.0 0.0 
0.0 0.21265387396201005 0.0 0.0 0.0 0.0 0.1 0.35 0.33734612603798997 0.0 0.0 
0.0 0.0 0.0 0.14004087466743714 0.0 0.0 0.17540039399718685 0.3345587313353761 0.0 0.0 0.35 
0.0 0.0 0.0 0.15920667679030504 0.0 0.0 0.1659023193817396 0.35 0.13190729039407753 0.0 0.19298371343387777 
0.0 0.0 0.0 0.14404026183566146 0.0 0.0 0.2007038519643638 0.30525588619997485 0.0 0.0 0.35 
0.0 0.35 0.0 0.0 0.0 0.0 0.1192238579972649 0.35 0.18077614200273523 0.0 0.0 
0.0 0.1 0.0 0.16498326215692663 0.0 0.0 0.13786326341338928 0.35 0.10115576165979076 0.0 0.1459977127698934 
0.0 0.22633462379488073 0.0 0.10879786322660336 0.0 0.0 0.1 0.35 0.21486751297851592 0.0 0.0 
0.0 0.282329771668986 0.0 0.0 0.0 0.0 0.1 0.35 0.26767022833101406 0.0 0.0 
0.0 0.22739371024625787 0.0 0.0 0.0 0.0 0.1 0.35 0.3226062897537422 0.0 0.0 
0.0 0.0 0.0 0.12766641359342312 0.0 0.0 0.21262577035664762 0.3097078160499292 0.0 0.0 0.35 
0.0 0.3032053936127914 0.0 0.0 0.0 0.0 0.1 0.35 0.24679460638720868 0.0 0.0 
0.0 0.22844595585055866 0.0 0.14516880730323814 0.0 0.0 0.14508956020173738 0.35 0.13129567664446587 0.0 0.0 
0.0 0.2602908664241491 0.0 0.0 0.0 0.0 0.1 0.35 0.2897091335758509 0.0 0.0 
0.0 0.32994736546946235 0.0 0.0 0.0 0.0 0.1 0.35 0.2200526345305377 0.0 0.0 
0.0 0.27332858122839165 0.0 0.0 0.0 0.0 0.1 0.35 0.27667141877160834 0.0 0.0 
0.0 0.35 0.0 0.10860470287822321 0.0 0.0 0.0 0.35 0.1913952971217768 0.0 0.0 
0.0 0.3190248950506048 0.0 0.0 0.0 0.0 0.1 0.35 0.23097510494939524 0.0 0.0 
0.0 0.17755226455056553 0.0 0.12625085634824618 0.0 0.0 0.12709139319476953 0.35 0.11910548590641878 0.0 0.1 
0.0 0.26460176511746886 0.0 0.1 0.0 0.0 0.1110485409107501 0.35 0.174349693971781 0.0 0.0 
0.0 0.0 0.0 0.1361161500269765 0.0 0.0 0.19607593085695896 0.31780791911606454 0.0 0.0 0.35 
0.0 0.24158208835667278 0.0 0.14913961264169484 0.0 0.0 0.11628937253685574 0.35 0.14298892646477668 0.0 0.0 
0.0 0.23118583035838547 0.0 0.0 0.0 0.0 0.1 0.35 0.3188141696416146 0.0 0.0 
0.0 0.3147639513032484 0.0 0.0 0.0 0.0 0.0 0.35 0.3352360486967516 0.0 0.0 
0.0 0.3412944369084171 0.0 0.0 0.0 0.0 0.15918966031197263 0.35 0.14951590277961024 0.0 0.0 
0.0 0.1 0.0 0.17090368792492497 0.0 0.0 0.13043041179753595 0.35 0.11040294485789241 0.0 0.13826295541964673 
0.0 0.23895835520884207 0.0 0.1 0.0 0.0 0.10008733236960457 0.35 0.21095431242155338 0.0 0.0 
0.0 0.0 0.0 0.15025059537726318 0.0 0.0 0.16929463937883757 0.35 0.1136303178970231 0.0 0.21682444734687606 
0.0 0.0 0.0 0.14960168505214974 0.0 0.0 0.1389685526961087 0.35 0.1 0.0 0.26142976225174164 
0.0 0.0 0.0 0.13963671802744637 0.0 0.0 0.1851975077454568 0.3251657742270969 0.0 0.0 0.35 
0.0 0.30894636308145174 0.0 0.0 0.0 0.0 0.0 0.35 0.3410536369185483 0.0 0.0 
0.0 0.2671695319160412 0.0 0.0 0.0 0.0 0.1 0.35 0.2828304680839589 0.0 0.0 
0.0 0.2176288187243574 0.0 0.10097133839840176 0.0 0.0 0.1 0.35 0.2313998428772408 0.0 0.0 
0.0 0.13366459063220992 0.0 0.12141805983632598 0.0 0.0 0.1375857718352534 0.35 0.1 0.0 0.15733157769621076 
0.0 0.0 0.0 0.16975212358138914 0.0 0.0 0.17813345630762278 0.35 0.0 0.0 0.3021144201109881 
0.0 0.19965173971981878 0.0 0.1 0.0 0.0 0.11839786768258392 0.35 0.23195039259759737 0.0 0.0 
0.0 0.3294277179295586 0.0 0.0 0.0 0.0 0.0 0.35 0.32057228207044147 0.0 0.0 
0.0 0.32153171913602313 0.0 0.0 0.0 0.0 0.16238825245516478 0.35 0.16608002840881206 0.0 0.0 
0.0 0.0 0.0 0.14848142324385613 0.0 0.0 0.1518967114239056 0.35 0.12237608737258564 0.0 0.22724577795965262 
0.0 0.0 0.0 0.15895719600063685 0.0 0.0 0.21244599622341337 0.35 0.0 0.0 0.27859680777594975 
0.0 0.32352719937894603 0.0 0.0 0.0 0.0 0.15478393721208622 0.35 0.17168886340896783 0.0 0.0 
0.0 0.2682605733057385 0.0 0.11637467998791177 0.0 0.0 0.13374419683845062 0.35 0.13162054986789903 0.0 0.0 
0.0 0.1 0.0 0.1402609342159112 0.0 0.0 0.15367367690391967 0.35 0.10931607522642083 0.0 0.14674931365374833 
0.0 0.34984528405099447 0.0 0.0 0.0 0.0 0.11040525372624088 0.35 0.1897494622227647 0.0 0.0 
0.0 0.25640773635824027 0.0 0.12045233524849623 0.0 0.0 0.12394620837231557 0.35 0.14919372002094783 0.0 0.0 
0.0 0.35 0.0 0.0 0.0 0.0 0.12786889719095446 0.35 0.1721311028090457 0.0 0.0 
0.0 0.19893192209735022 0.0 0.10799388201971082 0.0 0.0 0.10218911703891564 0.35 0.14088507884402338 0.0 0.1 
0.0 0.0 0.0 0.1317455222143212 0.0 0.0 0.222913572669645 0.35 0.0 0.0 0.29534090511603384 
0.0 0.1560849225112142 0.0 0.14006537950499973 0.0 0.0 0.1398239856444215 0.35 0.1 0.0 0.11402571233936466 
0.0 0.0 0.0 0.13698374165196273 0.0 0.0 0.15740088041889042 0.35 0.1 0.0 0.25561537792914685 
0.0 0.33530225248988066 0.0 0.0 0.0 0.0 0.0 0.35 0.31469774751011936 0.0 0.0 
0.0 0.35 0.0 0.0 0.0 0.0 0.0 0.35 0.29999999999999993 0.0 0.0 
0.0 0.0 0.0 0.15333402532067467 0.0 0.0 0.16381694956726517 0.33284902511206016 0.0 0.0 0.35 
0.0 0.30248356809954546 0.0 0.1 0.0 0.0 0.11187750875004862 0.35 0.13563892315040593 0.0 0.0 
0.0 0.35 0.0 0.0 0.0 0.0 0.1 0.35 0.19999999999999996 0.0 0.0 
0.0 0.30385709292415214 0.0 0.0 0.0 0.0 0.0 0.35 0.3461429070758479 0.0 0.0 
0.0 0.20829036632901318 0.0 0.10199737118523522 0.0 0.0 0.1 0.35 0.13852744065318162 0.0 0.1011848218325699 
0.0 0.0 0.0 0.1561468110053571 0.0 0.0 0.18441331443364142 0.3094398745610015 0.0 0.0 0.35 
0.0 0.25251382664120037 0.0 0.0 0.0 0.0 0.1 0.35 0.2974861733587997 0.0 0.0 
0.0 0.21773409742875005 0.0 0.0 0.0 0.0 0.1 0.35 0.33226590257125 0.0 0.0 
0.0 0.23945067752185534 0.0 0.0 0.0 0.0 0.1 0.35 0.3105493224781447 0.0 0.0 
0.0 0.3205415634057128 0.0 0.0 0.0 0.0 0.0 0.35 0.3294584365942872 0.0 0.0 
0.0 0.2067002693451495 0.0 0.10562813319216342 0.0 0.0 0.12162086915471004 0.35 0.11605072830797702 0.0 0.1 
0.0 0.3395999696893286 0.0 0.0 0.0 0.0 0.1 0.35 0.2104000303106714 0.0 0.0 
0.0 0.1 0.0 0.14848142324385613 0.0 0.0 0.11258031481434418 0.35 0.12237608737258564 0.0 0.16656217456921407 
0.0 0.15702481923598918 0.0 0.12474179516579681 0.0 0.0 0.14707590209967 0.35 0.1 0.0 0.12115748349854404 
0.0 0.33884604386961925 0.0 0.0 0.0 0.0 0.13791457470325136 0.35 0.17323938142712933 0.0 0.0 
0.0 0.32384621536849356 0.0 0.0 0.0 0.0 0.0 0.35 0.32615378463150646 0.0 0.0 
0.0 0.282179107658583 0.0 0.1 0.0 0.0 0.13195743062370913 0.35 0.1358634617177079 0.0 0.0 
0.0 0.3420103269859319 0.0 0.0 0.0 0.0 0.0 0.35 0.3079896730140681 0.0 0.0 
0.0 0.17868676638708425 0.0 0.12889787836544386 0.0 0.0 0.12035659423413894 0.35 0.1 0.0 0.12205876101333303 
0.0 0.1906510408257017 0.0 0.1 0.0 0.0 0.13681776905986204 0.35 0.10642673583655468 0.0 0.11610445427788166 
0.0 0.2588659744514554 0.0 0.14668500473566026 0.0 0.0 0.1 0.35 0.14444902081288433 0.0 0.0 
0.0 0.35 0.0 0.0 0.0 0.0 0.11089669415345477 0.35 0.18910330584654528 0.0 0.0 
0.0 0.26636177730107047 0.0 0.1268696718618564 0.0 0.0 0.1 0.35 0.15676855083707314 0.0 0.0 
0.0 0.35 0.0 0.1 0.0 0.0 0.0 0.35 0.2 0.0 0.0 
0.0 0.19281806734614543 0.0 0.11313261287181661 0.0 0.0 0.10609313238845537 0.35 0.13795618739358262 0.0 0.1 
0.0 0.2471743875683622 0.0 0.0 0.0 0.0 0.1 0.35 0.3028256124316377 0.0 0.0 
0.0 0.0 0.0 0.1128371824620973 0.0 0.0 0.21780252372626965 0.35 0.0 0.0 0.3193602938116331 
0.0 0.3039248677174386 0.0 0.10315812172323172 0.0 0.0 0.1 0.35 0.14291701055932976 0.0 0.0 
0.0 0.24044892525143377 0.0 0.0 0.0 0.0 0.1 0.35 0.30955107474856625 0.0 0.0 
0.0 0.3112312485462327 0.0 0.0 0.0 0.0 0.1 0.35 0.23876875145376733 0.0 0.0 
0.0 0.3490488686035458 0.0 0.0 0.0 0.0 0.0 0.35 0.30095113139645424 0.0 0.0 
0.0 0.19404766392945855 0.0 0.1 0.0 0.0 0.1393143434837977 0.35 0.11223469983947355 0.0 0.10440329274727024 
0.0 0.35 0.0 0.1057442690923718 0.0 0.0 0.0 0.35 0.19425573090762832 0.0 0.0 
0.0 0.2006851516063607 0.0 0.101084213426975 0.0 0.0 0.1230437821947399 0.35 0.12518685277192443 0.0 0.1 
0.0 0.2423880997051952 0.0 0.14153574110462686 0.0 0.0 0.11974290967342496 0.35 0.14633324951675294 0.0 0.0 
0.0 0.16907974860245756 0.0 0.14042807652889538 0.0 0.0 0.12688626211386678 0.35 0.11360591275478027 0.0 0.1 
0.0 0.33985944693450404 0.0 0.0 0.0 0.0 0.0 0.35 0.31014055306549604 0.0 0.0 
0.0 0.21773409742875005 0.0 0.0 0.0 0.0 0.1 0.35 0.33226590257125 0.0 0.0 
0.0 0.34483220495720635 0.0 0.0 0.0 0.0 0.1 0.35 0.20516779504279367 0.0 0.0 
0.0 0.2791707436148434 0.0 0.1 0.0 0.0 0.11103965879477179 0.35 0.15978959759038494 0.0 0.0 
