-0.014879963159037292 6.763246056511912E-4 
-0.006768352619678838 3.5069218138284494E-5 
-0.014879963159037292 6.763246056511912E-4 
-0.014568035658922075 5.320638058012972E-4 
-0.014568386543196225 6.108465037502508E-4 
-0.014638801667009484 6.603599698046994E-4 
-0.01462301594310537 6.184319021062338E-4 
-0.013059694057037403 2.976030264221622E-4 
-0.012940615069681891 2.848481848679048E-4 
-0.013816365932081992 4.0401426284522005E-4 
-0.009050985012926949 7.06759418411554E-5 
-0.013891655128182039 4.187244846906715E-4 
-0.014758270957156839 6.681149805779297E-4 
-0.01097353426363698 1.5281331190701775E-4 
-0.009259146182419032 7.993968558442839E-5 
-0.011147832565442753 1.6081146149883436E-4 
-0.010507806853485784 1.2962377457840084E-4 
-0.010682739555768268 1.3722452871444606E-4 
-0.007009623100193409 3.7535739676378794E-5 
-0.009425362136061861 9.039908200268093E-5 
-0.012060301834532909 2.1915298863437398E-4 
-0.013976844676864412 4.362079561197594E-4 
-0.008314410421493616 5.2408223083619425E-5 
-0.008448824149225521 5.520705546625909E-5 
-0.007902130412275943 4.61348451833934E-5 
-0.011941182088459392 2.1117169292011228E-4 
-0.011412638629987825 1.7822506146187778E-4 
-0.011506724157852404 1.8546298249775162E-4 
-0.010879362283951541 1.47433013717125E-4 
-0.014045203910437036 4.5088142521875006E-4 
-0.010124374884347117 1.1066401008702338E-4 
-0.007472332701496486 4.1880235657203006E-5 
-0.013194108753764254 3.077823648393055E-4 
-0.009586531637963285 9.28977404326774E-5 
-0.01129812339293687 1.7441891791645443E-4 
-0.009811430922932397 9.949905308560063E-5 
-0.010770663232586516 1.4166076537471938E-4 
-0.014142621615824002 4.727833391952219E-4 
-0.011225561125723227 1.6694654405401295E-4 
-0.007694036407059546 4.3688349913681606E-5 
-0.013430374797230731 3.532088881493194E-4 
-0.014456109621860612 5.043574614499395E-4 
-0.010226965577828073 1.1538675781199893E-4 
-0.009692038732360393 9.580117286410224E-5 
-0.013943042974868569 4.291642387502403E-4 
-0.008142559086406334 5.002935986478645E-5 
-0.007403150556343418 3.964448591095629E-5 
-0.012858558684878523 2.775934745541351E-4 
-0.013347981672879821 3.338991376652377E-4 
-0.009347581319361305 8.140442462452373E-5 
-0.011665881115165852 1.9543012592295714E-4 
-0.00859996851536204 5.8751489156668364E-5 
-0.00996326729411562 1.0911501050866527E-4 
-0.013528737388575266 3.6360369735155703E-4 
-0.014506190774016575 5.151839748821044E-4 
-0.012794567590528867 2.72628005223667E-4 
-0.011602476618564981 1.9056695150192643E-4 
-0.012409148826969769 2.4402802697157474E-4 
-0.007211796459142714 3.86474159865426E-5 
-0.009896489130441048 1.0557877439477801E-4 
-0.008862696583404255 6.581588499446095E-5 
-0.011774874266000889 2.0008699018695688E-4 
-0.010326526516636297 1.1913012053199907E-4 
-0.014313405477917807 4.8745899488160437E-4 
-0.008751694475676627 6.337630624481472E-5 
-0.012489485498164726 2.4884859088726037E-4 
-0.01368684263952997 3.8033544223390746E-4 
-0.00895166936745276 6.886998056801303E-5 
-0.01271282284557375 2.6640617766967125E-4 
-0.013386248188846081 3.4251498336313586E-4 
-0.013627126053282335 3.701117851803665E-4 
-0.007741985420936154 4.5502738581850816E-5 
-0.013265116611030097 3.176908039412837E-4 
-0.012221274168207466 2.3071934130518843E-4 
-0.012591683566696439 2.586153729225396E-4 
-0.012538939071857975 2.5362381714967694E-4 
-0.014879963159037288 6.763246056511905E-4 
-0.012155292740569515 2.2460680728416982E-4 
-0.007141319152980158 3.798584492356152E-5 
-0.013759503386071572 3.9336539896479676E-4 
-0.012289481130867152 2.37023055859731E-4 
-0.013724103704120034 3.917530326738582E-4 
-0.014090059435568299 4.6439587480588717E-4 
-0.011869983041863583 2.0625476026042813E-4 
-0.008679388903988236 6.009168684470614E-5 
-0.012319267069444268 2.3993759743335817E-4 
-0.014356937099107429 4.90424574878334E-4 
-0.010428991842725874 1.243225959542884E-4 
-0.013206270957226394 3.1304128408650916E-4 
-0.014188272196635736 4.8344748685036245E-4 
-0.013665375149960314 3.7660975894434885E-4 
-0.008061671508048337 4.8448323986478455E-5 
-0.013588293383539587 3.636983457130791E-4 
-0.014180752232283446 4.829244929487294E-4 
-0.013400560784191884 3.488107622533456E-4 
-0.0118343396506219 2.0298110915404125E-4 
-0.014530721163396607 5.214150775252924E-4 
-0.013306094534523917 3.2516865836088515E-4 
-0.010381711453572062 1.2351268607638106E-4 
-0.014068748973854467 4.560682093304946E-4 
