-0.013896782101248402 3.938597041776102E-4 
-0.005680123317132179 4.322776253297715E-5 
-0.013896782101248402 3.938597041776102E-4 
-0.013510187834384863 2.619319333577051E-4 
-0.013575396300629664 3.9083837417228795E-4 
-0.007395443627028877 5.0416731880584335E-5 
-0.00870288472136278 5.051681053502526E-5 
-0.007036817794078108 4.43374154965559E-5 
-0.0058304669108196604 4.4317345628331134E-5 
-0.010834451561232424 8.614641174365168E-5 
-0.01133212748493088 8.722237394552765E-5 
-0.009042979545547433 5.11604207418867E-5 
-0.00872578861237834 5.090733644509373E-5 
-0.012583304720067162 1.5325164593019648E-4 
-0.011998250379659771 1.0421178008318713E-4 
-0.012498636090991486 1.4373911305769286E-4 
-0.011658643712048852 9.150905876313612E-5 
-0.01347614850480049 2.540763661813733E-4 
-0.012754781244379995 1.7038911433930507E-4 
-0.012364299864647026 1.3032752480648472E-4 
-0.010135815798532028 6.700648119174558E-5 
-0.012838435088520343 1.7552450193423526E-4 
-0.009367420833138206 5.3898568775683905E-5 
-0.012449093663699246 1.3855410487701017E-4 
-0.012247491229379976 1.2031667853405909E-4 
-0.013174115701500764 2.08233119177155E-4 
-0.013088341746373614 1.983354170284781E-4 
-0.0107800755786428 8.45654135611648E-5 
-0.009151581225768347 5.244038812067051E-5 
-0.013419991537670584 2.4244684559162325E-4 
-0.007123981378155208 4.549911217441252E-5 
-0.013394076001487034 2.3763864241789888E-4 
-0.013345304965337715 2.295466706116095E-4 
-0.009298903083299594 5.307285500993256E-5 
-0.013314989714387951 2.2514653440721403E-4 
-0.013693467295920653 3.9140118343090847E-4 
-0.011783194087825067 9.541624892656223E-5 
-0.010195003827462506 6.978228622291156E-5 
-0.013441576295291857 2.467208289272751E-4 
-0.013370292704843936 2.335364881781181E-4 
-0.01301844790835571 1.912268947143008E-4 
-0.013038074494424628 1.9329454997463208E-4 
-0.009884833040686342 6.207977636880276E-5 
-0.013286554530058423 2.2145805145149541E-4 
-0.012685030381005213 1.647684184667825E-4 
-0.010317231033931566 7.570906529517945E-5 
-0.010023743226630086 6.511428039485058E-5 
-0.01314061170332138 2.0400519820333406E-4 
-0.010443494829423899 7.829841725214965E-5 
-0.009984221068559479 6.399392549074437E-5 
-0.012044398954816361 1.0668188375611884E-4 
-0.013461956984511417 2.509810316609801E-4 
-0.013785666107013615 3.922825554419137E-4 
-0.012965573463086154 1.862621544836158E-4 
-0.011886295206148059 9.91208729546228E-5 
-0.012726969645384199 1.6762766753363777E-4 
-0.012205112864499008 1.1704577814642222E-4 
-0.012918621677082399 1.8205070037783795E-4 
-0.012623161143028517 1.6049866439903955E-4 
-0.011529314524483898 8.901645193028782E-5 
-0.012418056855276994 1.3559677600707778E-4 
-0.011886295206148059 9.91208729546228E-5 
-0.011801857746702869 9.57615710973325E-5 
-0.011600654145207358 9.017268995086588E-5 
-0.010419140604425565 7.65651165020876E-5 
-0.013110026719298173 2.015343435957966E-4 
-0.010677648505286543 8.162503051285889E-5 
-0.013199803698636575 2.1282960223129152E-4 
-0.009618206816422031 5.683444583468733E-5 
-0.009518254344318432 5.55686430043137E-5 
-0.009618206816422031 5.683444583468733E-5 
-0.012391205438579923 1.3288567030485807E-4 
-0.005827529852475795 4.428924859308688E-5 
-0.012151116102997989 1.1335535596412356E-4 
-0.007296826120174446 4.911723518408164E-5 
-0.012535969901837547 1.4843702921088096E-4 
-0.00977152394348812 6.016011127215294E-5 
-0.012648872051685398 1.6142178416300902E-4 
-0.013217482409724056 2.142672526638352E-4 
-0.010269748124553852 7.163537119753372E-5 
-0.010561731711777121 7.982813016880055E-5 
-0.007223284073578704 4.7446911522165385E-5 
-0.012540150839943974 1.4892632224987567E-4 
-0.012878460977930481 1.7920746390605864E-4 
-0.011452304731002632 8.819864633309788E-5 
-0.009831534143227672 6.054051665117723E-5 
-0.012299196735785407 1.245588785822252E-4 
-0.010561731711777121 7.982813016880055E-5 
-0.01385067849263986 3.9348970761166556E-4 
-0.012086388599770749 1.0930844841123191E-4 
-0.010677648505286543 8.162503051285889E-5 
-0.011396691227802678 8.789726145979625E-5 
-0.010299867323897738 7.215174855870266E-5 
-0.009518254344318432 5.55686430043137E-5 
-0.009058567198268957 5.2156515273577E-5 
-0.00977152394348812 6.016011127215294E-5 
-0.012299352534204708 1.2460789864602957E-4 
-0.013254994133621342 2.1786149417407543E-4 
-0.012861958174716538 1.7768575516289559E-4 
-0.013251602144648107 2.1750608883228003E-4 
