-0.011713528783177022 4.3029059305354806E-4 
-0.007341643554249579 5.342470735877333E-5 
-0.007341643554249579 5.342470735877333E-5 
-0.011713528783177022 4.3029059305354806E-4 
-0.0115154635617929 3.8855120469522925E-4 
-0.011473666427596792 3.6856734784699365E-4 
-0.011068978353750373 2.9907697611469743E-4 
-0.00874586652089182 9.317806708482277E-5 
-0.009402116358734976 1.2321691096425192E-4 
-0.011663813447281794 4.22746176223402E-4 
-0.008835617730071285 9.533816288522868E-5 
-0.010516769093595536 2.2179149100273594E-4 
-0.011238979339194797 3.289248383898162E-4 
-0.009487024033664046 1.308350488969301E-4 
-0.008351052029025204 7.204137151559751E-5 
-0.011663766143637068 4.114518705640385E-4 
-0.010828874392903254 2.6111621855225516E-4 
-0.011178880219363557 3.158856566618453E-4 
-0.00908849475964008 1.0945917489530032E-4 
-0.007775844123514286 5.80557182132887E-5 
-0.009298366533709114 1.1771260160807801E-4 
-0.008065289887505163 6.404689319271231E-5 
-0.01009542583999841 1.775022172026378E-4 
-0.00901021915876747 1.0796680407291324E-4 
-0.008197070515464523 6.774034804764023E-5 
-0.009800812698916007 1.5688910414968753E-4 
-0.011612627092022711 4.032068500103982E-4 
-0.009695732764669467 1.5185308755011486E-4 
-0.009625589905885364 1.460446640135933E-4 
-0.007560088331892146 5.533009824348663E-5 
-0.011390270539700605 3.536055907049631E-4 
-0.00810097437473582 6.624200277051147E-5 
-0.01022099692635993 1.883598854697597E-4 
-0.010717093270766745 2.465607295751138E-4 
-0.010612978717047212 2.3260313800563888E-4 
-0.007650467256755077 5.539165434782557E-5 
-0.010676809288641542 2.4122410821815292E-4 
-0.009584906650831365 1.3638518158365446E-4 
-0.009541916486935552 1.3567346196431373E-4 
-0.010769342955506486 2.547057074085493E-4 
-0.00989179456129981 1.6392039030285909E-4 
-0.010564595755480235 2.2711872870547433E-4 
-0.007877041170667896 5.937756674697564E-5 
-0.007706212376591892 5.705260458227091E-5 
-0.0074455057488253835 5.390265565134439E-5 
-0.00986957707771413 1.6268402898078578E-4 
-0.011131993365830706 3.079433224364826E-4 
-0.010043615931093947 1.735989676198644E-4 
-0.009165951444680253 1.1212879245914883E-4 
-0.010951083578146422 2.7978463797109445E-4 
-0.009603972384121912 1.4456874357116157E-4 
-0.01141851540825529 3.610380872276257E-4 
-0.010476485503761533 2.163864141109996E-4 
-0.009278111037658984 1.1737115039731923E-4 
-0.008447272158545262 7.6327789993261E-5 
-0.01093900552486716 2.769482297971204E-4 
-0.011131993365830706 3.079433224364826E-4 
-0.01163894905127016 4.0700505330373485E-4 
-0.00846680712255573 7.675502412635748E-5 
-0.01120579122104124 3.203145315498216E-4 
-0.009981935570512962 1.684488803313829E-4 
-0.011479226452675791 3.801546210567052E-4 
-0.01147488357467515 3.797744889125098E-4 
-0.011362481375217424 3.490714723911567E-4 
-0.01157914909842273 3.9673918756680173E-4 
-0.010190291034481446 1.860987324409743E-4 
-0.008686745380930326 8.697103788618034E-5 
-0.010782967431551924 2.547914039978329E-4 
-0.00796375466781727 6.155403039260194E-5 
-0.007487831085832549 5.427374075709995E-5 
-0.010991979337363266 2.8557167565262877E-4 
-0.010993287251100863 2.9664598907195455E-4 
-0.01157914909842273 3.9673918756680173E-4 
-0.009195767145779509 1.1346224030854289E-4 
-0.011689280512466238 4.2947733602129065E-4 
-0.009760632901691792 1.5632245639734513E-4 
-0.008917395775417385 9.940524914118487E-5 
-0.010020545639936297 1.706675757525969E-4 
-0.011322859848721402 3.4395265754143646E-4 
-0.00972487620322759 1.5274455395934117E-4 
-0.01037123635420156 2.0585332047433797E-4 
-0.010369835309036964 2.0483183210934233E-4 
-0.010321309487242416 2.0026443736605808E-4 
-0.010139728354790833 1.8137296537272082E-4 
-0.010412232517527514 2.1120704798012415E-4 
-0.008554492443008356 8.007102888539592E-5 
-0.01029305417967741 1.9979097829836255E-4 
-0.010587307501817106 2.293771177170068E-4 
-0.010991979337363265 2.855716756526286E-4 
-0.010266317770359227 1.9449213688989405E-4 
-0.008248519494049016 6.943370355499738E-5 
-0.010899042502944574 2.712451778923193E-4 
-0.008661535006347037 8.463669064019544E-5 
-0.010141721282497433 1.832910067428372E-4 
-0.011409980409640507 3.6009546850963517E-4 
-0.010993287251100865 2.966459890719547E-4 
-0.008938825096292112 1.0562780769768139E-4 
-0.008901132305563497 9.841133578465003E-5 
-0.009436695600620916 1.2659885755351096E-4 
-0.008605822668978406 8.203190950079488E-5 
