-0.011713528783177022 4.3029059305354806E-4 
-0.007369582677353979 5.3511675995089397E-5 
-0.011713528783177022 4.3029059305354806E-4 
-0.01104120901134805 2.93440687767203E-4 
-0.011102788733290304 3.0471700251416984E-4 
-0.00886632965719601 9.671945162219162E-5 
-0.011503332276205522 3.8402375054475855E-4 
-0.00924569392708122 1.1610076662779188E-4 
-0.011237196227244735 3.3369670775063764E-4 
-0.007990332670063553 6.201881111112568E-5 
-0.011298881569699108 3.391341613351816E-4 
-0.009161850516271006 1.1183965338765275E-4 
-0.01088129448895266 2.698979731454941E-4 
-0.00763268145614315 5.572090970273825E-5 
-0.008173857117950604 6.644172345870205E-5 
-0.0089221661860805 1.0344509217470068E-4 
-0.007893095805682359 5.9455302888945396E-5 
-0.011471864372748525 3.789227717602722E-4 
-0.010098790946707946 1.8201451863693595E-4 
-0.008795919620735778 9.109703848140503E-5 
-0.011225717088015856 3.2444011720190574E-4 
-0.00782328956442223 5.801213336905246E-5 
-0.009655000952797402 1.4912326671196336E-4 
-0.010832247236975033 2.643517614646577E-4 
-0.010259853549792931 1.955802800635315E-4 
-0.009091066605427129 1.0957998525486018E-4 
-0.011400367510509449 3.5910524304562944E-4 
-0.010994758781857574 2.8554418591998887E-4 
-0.010934248900060332 2.770723195266523E-4 
-0.01078105665464884 2.547039212462005E-4 
-0.011331958098820363 3.454899890938621E-4 
-0.010383591376437563 2.0633458346777553E-4 
-0.01067484944833663 2.4063215468905915E-4 
-0.009307865923738856 1.2113250774021967E-4 
-0.011600517792293789 4.0319586193415373E-4 
-0.010616042225775823 2.3296891875855208E-4 
-0.010311995124318412 2.0150417823961374E-4 
-0.01156388978077318 3.939648494124772E-4 
-0.008695311536845706 8.574624544221938E-5 
-0.009809626492859023 1.5736106744919544E-4 
-0.00951155367998346 1.3561709617806452E-4 
-0.008546501068266434 7.990177464695763E-5 
-0.009837692595411483 1.6072232404962456E-4 
-0.008326260505640736 7.191265001042839E-5 
-0.010809860897341789 2.5972065200438024E-4 
-0.011663576156680743 4.114262836481777E-4 
-0.0114718187861641 3.682747768903066E-4 
-0.009340589047838774 1.2276945829233513E-4 
-0.009579018995058003 1.423068438454709E-4 
-0.008274130272396756 7.059104788216094E-5 
-0.009905817558462485 1.6324853050185705E-4 
-0.007402166953221381 5.358834244639393E-5 
-0.008405827724494084 7.390316014940418E-5 
-0.00968438811716546 1.5312968351672326E-4 
-0.01156388978077318 3.939648494124772E-4 
-0.008975461114298105 1.0666391955299162E-4 
-0.009453872807067212 1.2566656431836073E-4 
-0.009020509463446576 1.079517618252358E-4 
-0.011663723758058245 4.2273296140613514E-4 
-0.009427863424513516 1.2429663240914174E-4 
-0.009602803257121154 1.4382207716172492E-4 
-0.011448514981849726 3.648246740785286E-4 
-0.01048828751061363 2.1822402807331805E-4 
-0.011002407089308625 2.8664300850580684E-4 
-0.01092882599751389 2.7583155807118636E-4 
-0.010214183842894763 1.880731016581429E-4 
-0.011361184674537006 3.4902386755932566E-4 
-0.011600517792293789 4.0319586193415373E-4 
-0.011663707053293127 4.1145024861415167E-4 
-0.008614851284275036 8.217241010511314E-5 
-0.011168872303444407 3.15167361921225E-4 
-0.007728453908231321 5.7067660541460736E-5 
-0.007510417039350514 5.457165994262646E-5 
-0.008113810397942116 6.487788511418669E-5 
-0.010063748136131097 1.7482902725017015E-4 
-0.00995314120592166 1.684457946396928E-4 
-0.0075101922207825205 5.4569038988563055E-5 
-0.010061635752761207 1.7481120891218757E-4 
-0.009469231770603052 1.3371508810447428E-4 
-0.008076733660145878 6.382563841932337E-5 
-0.008499936555149664 7.72639448165124E-5 
-0.007710705318262261 5.699880326006572E-5 
-0.010005316855842522 1.699466684301787E-4 
-0.00992682214655968 1.6634271846782317E-4 
-0.011147636477177468 3.1151205916667434E-4 
-0.010572767332597495 2.2780549655316374E-4 
-0.010525212860200821 2.2311505285882555E-4 
-0.010600571548811524 2.3245179216821107E-4 
-0.010713401200094067 2.458835318151579E-4 
-0.011197460978988168 3.1945876422897844E-4 
-0.010152073077383321 1.8564031397546189E-4 
-0.010426509750824077 2.1087559976199166E-4 
-0.01044595470950023 2.136992839103327E-4 
-0.009736168371837287 1.552164599212873E-4 
-0.008430228864847284 7.612250911402752E-5 
-0.010397545449389057 2.091474538144619E-4 
-0.008608459250839527 8.212871628230243E-5 
-0.010469177803271432 2.1573119340115895E-4 
-0.011392664664590664 3.5402755803133753E-4 
-0.010562959685291126 2.265998052382783E-4 
