0.0 0.30000000000000004 0.0 0.0 0.0 0.0 0.0 0.35 0.35 0.0 0.0 
0.0 0.0 0.14898616837246484 0.0 0.10171173028979365 0.1905884484765733 0.0 0.10530013336930774 0.35 0.10341351949186049 0.0 
0.0 0.30000000000000004 0.0 0.0 0.0 0.0 0.0 0.35 0.35 0.0 0.0 
0.0 0.19928432491943332 0.0 0.0 0.0 0.0 0.10071567508056678 0.35 0.35 0.0 0.0 
0.0 0.2999999999999997 0.0 0.0 0.0 0.0 0.0 0.35 0.35 0.0 0.0 
0.0 0.19974870032745887 0.0 0.0 0.0 0.10025129967254123 0.0 0.35 0.35 0.0 0.0 
0.0 0.0 0.0 0.0 0.0 0.19996722306556644 0.0 0.35 0.35 0.10003277693443363 0.0 
0.0 0.13707996900796804 0.0 0.0 0.0 0.0 0.17144253013007435 0.3414775008619575 0.35 0.0 0.0 
0.0 0.11040036181099369 0.0 0.0 0.0 0.21916364634571175 0.0 0.3204359918432946 0.35 0.0 0.0 
0.0 0.0 0.10160831206503643 0.0 0.0 0.10201594628296978 0.0 0.35 0.3449005760675625 0.10147516558443145 0.0 
0.0 0.0 0.0 0.0 0.10396528673820704 0.11905583958247412 0.0 0.3266433503590576 0.34649914196666787 0.1038363813535935 0.0 
0.0 0.0 0.1063029454741971 0.0 0.0 0.16387246275091794 0.0 0.2751363246071126 0.35 0.10468826716777227 0.0 
0.0 0.0 0.10597832641900856 0.0 0.1090010494186554 0.15648099792704798 0.0 0.1696082763261362 0.35 0.10893134990915186 0.0 
0.0 0.0 0.11416419009456524 0.0 0.0 0.1664716045947406 0.0 0.268680229543816 0.35 0.1006839757668783 0.0 
0.0 0.10945125362695662 0.0 0.0 0.0 0.20190091757901277 0.0 0.3415228345001337 0.34712499429389687 0.0 0.0 
0.0 0.0 0.10924118021405095 0.0 0.0 0.19846153202174294 0.0 0.23163460803652797 0.35 0.11066267972767815 0.0 
0.0 0.0 0.10193515290846519 0.0 0.0 0.10356996468786024 0.0 0.3447484969097255 0.3479752862128323 0.10177109928111677 0.0 
0.0 0.10594032046273212 0.0 0.0 0.0 0.2126990926661318 0.0 0.3353396477745516 0.34602093909658443 0.0 0.0 
0.0 0.0 0.1137394797732443 0.0 0.0 0.19796200004042588 0.0 0.3382985201863298 0.35 0.0 0.0 
0.0 0.0 0.14665486569154595 0.0 0.10066541891783622 0.1879524998209522 0.0 0.11591782566541177 0.3461092859747553 0.10270010392949858 0.0 
0.0 0.0 0.10238969927929537 0.0 0.10206539248317678 0.10002211050742585 0.0 0.24164679362785838 0.35 0.1038760041022436 0.0 
0.0 0.18022988537797116 0.0 0.0 0.0 0.11977011462202898 0.0 0.35 0.35 0.0 0.0 
0.0 0.0 0.10376042284997009 0.0 0.10671988661203824 0.1532061796173407 0.0 0.17966186515391475 0.35 0.10665164576673625 0.0 
0.0 0.0 0.11811238049884737 0.0 0.0 0.18886144600326485 0.0 0.24355556988326763 0.34882413581303245 0.10064646780158752 0.0 
0.0 0.0 0.0 0.0 0.0 0.18922219877410473 0.0 0.34101247497045545 0.34636806490578 0.12339726134965988 0.0 
0.0 0.0 0.10096656784757395 0.0 0.1016557290325138 0.10136163918251308 0.0 0.2525018026187132 0.3417592640228415 0.10175499729584454 0.0 
0.0 0.0 0.1425914902153633 0.0 0.10061801325230119 0.18489667963782433 0.0 0.1262199344428798 0.34471396383774267 0.10095991861388885 0.0 
0.0 0.0 0.0 0.0 0.10184662921449437 0.11343242578212046 0.0 0.3414840770255325 0.3419741014742718 0.10126276650358079 0.0 
0.0 0.0 0.0 0.0 0.1037136336173515 0.10827325907113404 0.0 0.33463649310985516 0.3492817063696468 0.10409490783201243 0.0 
0.0 0.0 0.1133897870519437 0.0 0.10815454531610413 0.15087458331462525 0.0 0.17549544142735718 0.35 0.10208564288996992 0.0 
0.0 0.19000440467778995 0.0 0.0 0.0 0.10999559532221019 0.0 0.35 0.35 0.0 0.0 
0.0 0.0 0.12754457438017025 0.0 0.10014764709200581 0.17302765457471367 0.0 0.1526970170890412 0.34559112129307307 0.1009919855709961 0.0 
0.0 0.0 0.11385608324440265 0.0 0.10885856276159996 0.15710759749769723 0.0 0.15597441526756523 0.35 0.1142033412287349 0.0 
0.0 0.0 0.10370694063826569 0.0 0.10771124847720076 0.15206498534984458 0.0 0.18541328118058378 0.35 0.1011035443541052 0.0 
0.0 0.0 0.10080017262984055 0.0 0.10309571988404839 0.11277737648575896 0.0 0.2394759552824484 0.34285420060062377 0.10099657511728004 0.0 
0.0 0.0 0.1015350749281402 0.0 0.0 0.18903249176761663 0.0 0.2543293701592468 0.35 0.10510306314499655 0.0 
0.0 0.0 0.13213112739805918 0.0 0.10202909781726159 0.17014887502642467 0.0 0.14489963227978658 0.3463260868777571 0.10446518060071093 0.0 
0.0 0.0 0.0 0.0 0.11780677484337497 0.1247943834909537 0.0 0.301194871526177 0.35 0.10620397013949444 0.0 
0.0 0.10595036445721091 0.0 0.0 0.0 0.19992483872333217 0.0 0.3441247968194569 0.34999999999999987 0.0 0.0 
0.0 0.11935160339529013 0.0 0.0 0.0 0.20983584125135932 0.0 0.3208125553533507 0.35 0.0 0.0 
0.0 0.0 0.10081956907062993 0.0 0.10318399672977638 0.11467772727166793 0.0 0.23093157315529655 0.3487473060531806 0.10163982771944852 0.0 
0.0 0.0 0.11328302253237467 0.0 0.11133833198606105 0.1685731828056836 0.0 0.1669605121805783 0.3395154013510784 0.10032954914422397 0.0 
0.0 0.10352394119458203 0.0 0.0 0.0 0.21838311009417707 0.0 0.3305299870966394 0.3475629616146016 0.0 0.0 
0.0 0.0 0.15659663758113815 0.0 0.10168514309454459 0.17191242102416443 0.0 0.1214463602148998 0.34612390902635953 0.10223552905889347 0.0 
0.0 0.0 0.12114059391135598 0.0 0.0 0.16468320389629387 0.0 0.2621044761024314 0.35 0.10207172608991884 0.0 
0.0 0.0 0.0 0.0 0.10102725096044504 0.10005121348206315 0.0 0.35 0.3467561028473431 0.1021654327101487 0.0 
0.0 0.18713743200736782 0.0 0.0 0.0 0.0 0.1128625679926323 0.35 0.35 0.0 0.0 
0.0 0.0 0.10741187842905645 0.0 0.0 0.1917456844297841 0.0 0.2470273196660467 0.35 0.1038151174751129 0.0 
0.0 0.0 0.11970224689874315 0.0 0.0 0.164340266219596 0.0 0.2663226245783276 0.3482166176991639 0.10141824460416925 0.0 
0.0 0.0 0.0 0.0 0.12085671621821015 0.12010072640240246 0.0 0.2899133861941364 0.35 0.11912917118525097 0.0 
0.0 0.0 0.10384967108047907 0.0 0.11124917187058748 0.14276363723273824 0.0 0.19167233246828586 0.34737971531376255 0.10308547203414678 0.0 
0.0 0.0 0.10039629260982794 0.0 0.10236647924968789 0.1472452578069599 0.0 0.2128342699708221 0.33683761451240357 0.1003200858502984 0.0 
0.0 0.0 0.0 0.0 0.10701327112668174 0.11814749812231005 0.0 0.3275273523791115 0.3380046675008994 0.10930721087099723 0.0 
0.0 0.13067128860635144 0.0 0.0 0.0 0.1693287113936484 0.0 0.35 0.35 0.0 0.0 
0.0 0.10148750371572271 0.0 0.0 0.0 0.19851249628427728 0.0 0.35 0.35 0.0 0.0 
0.0 0.0 0.0 0.0 0.10691540677961191 0.12209467985122179 0.0 0.3125946916161557 0.35 0.1083952217530106 0.0 
0.0 0.1437211026134647 0.0 0.0 0.0 0.15627889738653525 0.0 0.35 0.35 0.0 0.0 
0.0 0.0 0.11886165666554223 0.0 0.10552002692920229 0.1811368330248179 0.0 0.14781997873954777 0.3433210205471641 0.10334048409372563 0.0 
0.0 0.0 0.10058235251099082 0.0 0.1012688911813471 0.10097592045258733 0.0 0.24580505416305334 0.35 0.10136778169202149 0.0 
0.0 0.1624019701970646 0.0 0.0 0.0 0.13759802980293556 0.0 0.35 0.35 0.0 0.0 
0.0 0.0 0.0 0.0 0.0 0.20098872995317846 0.0 0.34143520511214437 0.35 0.10757606493467717 0.0 
0.0 0.0 0.10265328896950789 0.0 0.10465008105177445 0.12103057729325958 0.0 0.21665535227981092 0.35 0.10501070040564707 0.0 
0.0 0.0 0.0 0.0 0.10006104374701466 0.11916688458641997 0.0 0.31624298163202896 0.35 0.11452909003453647 0.0 
0.0 0.0 0.11373947977324433 0.0 0.0 0.19796200004042594 0.0 0.3382985201863299 0.35 0.0 0.0 
0.0 0.0 0.1353275284372855 0.0 0.10078757166405924 0.184722649214391 0.0 0.12900911755820257 0.35 0.10015313312606178 0.0 
0.0 0.0 0.1180769398894038 0.0 0.0 0.17541536384674938 0.0 0.2540698267863657 0.3466958689837973 0.10574200049368378 0.0 
0.0 0.0 0.10636234218770034 0.0 0.10804425433968876 0.13101761670711964 0.0 0.1967078168602102 0.35 0.10786796990528111 0.0 
0.0 0.19519451724039044 0.0 0.0 0.0 0.10480548275960959 0.0 0.35 0.35 0.0 0.0 
0.0 0.0 0.10457127006702574 0.0 0.10622485992088784 0.13144864112044521 0.0 0.20262673120912175 0.3490769536817203 0.10605154400079911 0.0 
0.0 0.0 0.10263153070585831 0.0 0.10673274491257831 0.11886552165118512 0.0 0.2196931591516512 0.34931201494572284 0.10276502863300423 0.0 
0.0 0.12002338711969138 0.0 0.0 0.0 0.0 0.18369760778906805 0.34794678591998474 0.3483322191712559 0.0 0.0 
0.0 0.0 0.0 0.0 0.0 0.18203009287371041 0.0 0.346917064151785 0.35 0.12105284297450453 0.0 
0.0 0.0 0.0 0.0 0.0 0.15842063686538316 0.0 0.35 0.35 0.14157936313461705 0.0 
0.0 0.0 0.0 0.0 0.10000286128895997 0.10780211214221669 0.0 0.3444321706189685 0.3450915706876852 0.10267128526216962 0.0 
0.0 0.0 0.1078439349800892 0.0 0.10231984812134962 0.12887525796218854 0.0 0.2156742439367894 0.34335903428250686 0.10192768071707652 0.0 
0.0 0.0 0.10190858548997192 0.0 0.10041323974964775 0.12600558635563966 0.0 0.22657823903871646 0.3416981552587798 0.10339619410724459 0.0 
0.0 0.17236431187810747 0.0 0.0 0.0 0.1276356881218926 0.0 0.35 0.35 0.0 0.0 
0.0 0.0 0.0 0.0 0.1180129159396023 0.12170994946009846 0.0 0.293500580692021 0.35 0.1167765539082783 0.0 
0.0 0.0 0.0 0.0 0.12755275290108486 0.1077270436558498 0.0 0.2990260108826531 0.35 0.11569419256041223 0.0 
0.0 0.15711770344554937 0.0 0.0 0.0 0.14288229655445056 0.0 0.35 0.35 0.0 0.0 
0.0 0.0 0.0 0.0 0.11964278626766349 0.1117481827148985 0.0 0.30776483559034407 0.3499999999999999 0.11084419542709399 0.0 
0.0 0.0 0.0 0.0 0.10078989518095875 0.13537274708453179 0.0 0.31941149100744437 0.3427693501530429 0.1016565165740223 0.0 
0.0 0.0 0.12456578151578802 0.0 0.10173565770303687 0.18112876680712944 0.0 0.134137784936728 0.35 0.1084320090373177 0.0 
0.0 0.0 0.0 0.0 0.10109842059265975 0.10493822632140731 0.0 0.35 0.34288328794261097 0.10108006514332203 0.0 
0.0 0.17028443835422818 0.0 0.0 0.0 0.129715561645772 0.0 0.35 0.35 0.0 0.0 
0.0 0.0 0.0 0.0 0.11768109415602637 0.11739383208394853 0.0 0.2990052373088181 0.35 0.11591983645120686 0.0 
0.0 0.0 0.1152152749010759 0.0 0.11109571369727887 0.16820584357563295 0.0 0.16659668713455084 0.3387755605054179 0.10011092018604353 0.0 
0.0 0.0 0.0 0.0 0.11073474357680953 0.11835024550410744 0.0 0.30776209151887646 0.35 0.1131529194002067 0.0 
0.0 0.16850499232015048 0.0 0.0 0.0 0.0 0.13149500767984956 0.35 0.35 0.0 0.0 
0.0 0.0 0.10484778252313363 0.0 0.10650574487999388 0.12915197522602023 0.0 0.203162526701362 0.35 0.10633197066949024 0.0 
0.0 0.1245035734108964 0.0 0.0 0.0 0.17549642658910364 0.0 0.35 0.35 0.0 0.0 
0.0 0.0 0.1190400993959748 0.0 0.10336494135231016 0.1889168199251292 0.0 0.12840000175598076 0.35 0.11027813757060527 0.0 
0.0 0.10495954607750618 0.0 0.0 0.0 0.21918735688528976 0.0 0.33443315251776456 0.3414199445194395 0.0 0.0 
0.0 0.0 0.12156206980435652 0.0 0.0 0.18207746300502486 0.0 0.23956308401099607 0.35 0.10679738317962258 0.0 
0.0 0.0 0.0 0.0 0.10063895517388186 0.10909734968800468 0.0 0.3477382985475335 0.33998019580117267 0.10254520078940732 0.0 
0.0 0.0 0.0 0.0 0.10371363361735153 0.10827325907113407 0.0 0.33463649310985527 0.3492817063696469 0.10409490783201246 0.0 
0.0 0.0 0.11486537356897672 0.0 0.0 0.19090358715464584 0.0 0.23728593649102714 0.35 0.10694510278535029 0.0 
0.0 0.0 0.10241055812533989 0.0 0.10402684663584354 0.1325233214341318 0.0 0.2108847339879219 0.34920263052427974 0.10095190929248309 0.0 
0.0 0.11548041181780667 0.0 0.0 0.0 0.18451958818219336 0.0 0.35 0.35 0.0 0.0 
0.0 0.0 0.10186783311812748 0.0 0.1107948869184733 0.1425820667900606 0.0 0.19472062138349622 0.34856373152747916 0.10147086026236325 0.0 
