0.0 0.30000000000000004 0.0 0.0 0.0 0.0 0.0 0.35 0.35 0.0 0.0 
0.0 0.0 0.14836770285497258 0.0 0.10268579323757246 0.19389990256260198 0.0 0.10312738617734463 0.3499955548305875 0.10192366033692082 0.0 
0.0 0.0 0.14836770285497258 0.0 0.10268579323757246 0.19389990256260198 0.0 0.10312738617734463 0.3499955548305875 0.10192366033692082 0.0 
0.0 0.30000000000000004 0.0 0.0 0.0 0.0 0.0 0.35 0.35 0.0 0.0 
0.0 0.19969908469105851 0.0 0.0 0.0 0.0 0.10030091530894131 0.35 0.35 0.0 0.0 
0.0 0.2999999999999997 0.0 0.0 0.0 0.0 0.0 0.35 0.35 0.0 0.0 
0.0 0.11521410371821009 0.0 0.0 0.0 0.2150522818911597 0.0 0.31973361439063014 0.35 0.0 0.0 
0.0 0.13065946874802536 0.0 0.0 0.0 0.0 0.17703059858139228 0.3423099326705823 0.3499999999999999 0.0 0.0 
0.0 0.19994475980640494 0.0 0.0 0.0 0.10005524019359512 0.0 0.35 0.35 0.0 0.0 
0.0 0.0 0.0 0.0 0.10030234399604367 0.10008670869433697 0.0 0.34952558430721853 0.3496380357587101 0.10044732724369072 0.0 
0.0 0.0 0.0 0.0 0.0 0.1999488007432717 0.0 0.35 0.35 0.10005119925672834 0.0 
0.0 0.0 0.11338577301866751 0.0 0.0 0.20054753458286823 0.0 0.3360666923984642 0.35 0.0 0.0 
0.0 0.18915420525551405 0.0 0.0 0.0 0.11084579474448594 0.0 0.35 0.35 0.0 0.0 
0.0 0.10229565571445158 0.0 0.0 0.0 0.2113276257548828 0.0 0.3363767185306657 0.35 0.0 0.0 
0.0 0.0 0.0 0.0 0.10904173234134364 0.1090140960262179 0.0 0.3156236618380602 0.35 0.11632050979437827 0.0 
0.0 0.0 0.10207378432927343 0.0 0.10470753959104126 0.10970398583474154 0.0 0.23843590595515857 0.34340266612118436 0.10167611816860064 0.0 
0.0 0.0 0.12644625113227306 0.0 0.10121036537728158 0.1720763820930784 0.0 0.15457240690323262 0.3437848091586175 0.10190978533551677 0.0 
0.0 0.0 0.0 0.0 0.0 0.18775140070319032 0.0 0.3390659044773494 0.35 0.12318269481946026 0.0 
0.0 0.0 0.1233850812828295 0.0 0.0 0.1950274168130124 0.0 0.2317648219064023 0.34617924158151525 0.10364343841624066 0.0 
0.0 0.0 0.0 0.0 0.0 0.20226645613035937 0.0 0.34507483766585867 0.35 0.10265870620378209 0.0 
0.0 0.17627723969265838 0.0 0.0 0.0 0.12372276030734175 0.0 0.35 0.35 0.0 0.0 
0.0 0.0 0.0 0.0 0.10274454139169194 0.10785778779790575 0.0 0.33499164554793676 0.3437895834157708 0.11061644184669482 0.0 
0.0 0.0 0.0 0.0 0.101097863062923 0.10176054452811413 0.0 0.34609205720717406 0.3489986432194056 0.10205089198238318 0.0 
0.0 0.0 0.0 0.0 0.11447354041809359 0.12711240709365762 0.0 0.29772366999482963 0.35 0.1106903824934191 0.0 
0.0 0.0 0.10281163432289098 0.0 0.10112019999175495 0.16025436868216217 0.0 0.18342471818480652 0.35 0.10238907881838555 0.0 
0.0 0.0 0.12793432770508753 0.0 0.10240145465272697 0.1741014546486856 0.0 0.14462303328374748 0.347830624008939 0.10310910570081329 0.0 
0.0 0.0 0.10155586789857544 0.0 0.10417625963969523 0.10914735420645207 0.0 0.24230003776850562 0.3416602610139541 0.10116021947281764 0.0 
0.0 0.0 0.11724429228747281 0.0 0.10326351606476991 0.165573860802862 0.0 0.15996923967467394 0.35 0.10394909117022148 0.0 
0.0 0.0 0.0 0.0 0.10442893419950736 0.10882096767416288 0.0 0.3405119620941835 0.34469081120598954 0.10154732482615685 0.0 
0.0 0.11568265101835078 0.0 0.0 0.0 0.18431734898164925 0.0 0.35 0.35 0.0 0.0 
0.0 0.0 0.10022576993039577 0.0 0.10085616673039352 0.15493243386923228 0.0 0.20375772323006464 0.33816087548757345 0.10206703075234053 0.0 
0.0 0.0 0.11936664547213169 0.0 0.0 0.1830706040742444 0.0 0.24553094420899335 0.35 0.10203180624463076 0.0 
0.0 0.0 0.10077701758008292 0.0 0.10126410456286004 0.14660364035427811 0.0 0.21422495305530387 0.3356630177923172 0.10146726665515785 0.0 
0.0 0.18110843642657964 0.0 0.0 0.0 0.0 0.11889156357342041 0.35 0.35 0.0 0.0 
0.0 0.13685038847377143 0.0 0.0 0.0 0.1631496115262287 0.0 0.35 0.35 0.0 0.0 
0.0 0.0 0.0 0.0 0.11801376150881822 0.13480764214185384 0.0 0.2758399963042405 0.35 0.12133860004508754 0.0 
0.0 0.0 0.13215595340947436 0.0 0.10105306798107344 0.18257587711897083 0.0 0.1384326210133387 0.34520576346453963 0.10057671701260305 0.0 
0.0 0.0 0.0 0.0 0.12798114430476856 0.1088967983453733 0.0 0.29078292341591827 0.35 0.12233913393393998 0.0 
0.0 0.0 0.10169742098305085 0.0 0.10081287544298366 0.147591728229161 0.0 0.20857286289315893 0.338678080236395 0.10264703221525041 0.0 
0.0 0.0 0.14133218154107782 0.0 0.10240052080009479 0.1928962281234631 0.0 0.11167621014850763 0.3486489338443272 0.10304592554252953 0.0 
0.0 0.0 0.11253171397981462 0.0 0.0 0.17316140285690806 0.0 0.24866206677943076 0.35 0.11564481638384647 0.0 
0.0 0.0 0.13991994075600733 0.0 0.10132350481259489 0.1828671797511729 0.0 0.1238090788610297 0.35 0.10208029581919527 0.0 
0.0 0.10129321392937621 0.0 0.0 0.0 0.20925672996837147 0.0 0.3417249574132167 0.3477250986890358 0.0 0.0 
0.0 0.0 0.12447388431067075 0.0 0.10201292825556545 0.16471041879029372 0.0 0.15737304055402887 0.3495135528260382 0.10191617526340305 0.0 
0.0 0.0 0.12281862408082293 0.0 0.0 0.18517223595079574 0.0 0.2343145787713468 0.35 0.10769456119703462 0.0 
0.0 0.0 0.0 0.0 0.10338637766192449 0.11596103629332698 0.0 0.32784825081023417 0.34995531361905247 0.10284902161546178 0.0 
0.0 0.11256166370410571 0.0 0.0 0.0 0.21068160158721524 0.0 0.32675673470867905 0.35 0.0 0.0 
0.0 0.145238308024483 0.0 0.0 0.0 0.0 0.1602472997900406 0.3445143921854763 0.35 0.0 0.0 
0.0 0.0 0.10052984881721175 0.0 0.10312376673675264 0.10804463832785778 0.0 0.24995508159102975 0.33820846689907225 0.10013819762807591 0.0 
0.0 0.11883137609136818 0.0 0.0 0.0 0.19135574462470853 0.0 0.3398128792839233 0.35 0.0 0.0 
0.0 0.0 0.0 0.0 0.10683664215090038 0.1056489880989456 0.0 0.32587479032958505 0.35 0.11163957942056903 0.0 
0.0 0.0 0.12076216763215168 0.0 0.0 0.17860023827721047 0.0 0.24127190014135905 0.35 0.10936569394927895 0.0 
0.0 0.0 0.1253104113385898 0.0 0.10248773758757962 0.1520594621714889 0.0 0.16921939488932794 0.3477080462274146 0.10321494778559925 0.0 
0.0 0.11256166370410571 0.0 0.0 0.0 0.21068160158721524 0.0 0.32675673470867905 0.35 0.0 0.0 
0.0 0.0 0.10961384881403954 0.0 0.10116953986368754 0.12193997570485393 0.0 0.21995958315332095 0.3457397831671519 0.1015772692969463 0.0 
0.0 0.0 0.10904864866290133 0.0 0.10219124024727394 0.145104749867939 0.0 0.1894013813564871 0.35 0.10425397986539879 0.0 
0.0 0.0 0.11760907197574026 0.0 0.0 0.1702474277346084 0.0 0.260857711248128 0.35 0.10128578904152336 0.0 
0.0 0.0 0.10895970047529051 0.0 0.0 0.17981543456581456 0.0 0.2545457180662885 0.35 0.10667914689260637 0.0 
0.0 0.1482805669013936 0.0 0.0 0.0 0.15171943309860647 0.0 0.35 0.35 0.0 0.0 
0.0 0.0 0.11944878832619503 0.0 0.0 0.1923353996734829 0.0 0.2377838416483051 0.35 0.10043197035201706 0.0 
0.0 0.0 0.0 0.0 0.11150668214698256 0.12450506173289493 0.0 0.30118436482449246 0.35 0.1128038912956301 0.0 
0.0 0.0 0.1303549539522613 0.0 0.10203808116016695 0.1889438493633748 0.0 0.13364258295639725 0.3423235687759934 0.10269696379180626 0.0 
0.0 0.10260410655666051 0.0 0.0 0.0 0.19988204624951628 0.0 0.3475138471938233 0.35 0.0 0.0 
0.0 0.0 0.14884375881403122 0.0 0.10301527319069402 0.19243199006651718 0.0 0.10345828303553657 0.35 0.10225069489322104 0.0 
0.0 0.0 0.14283959027331505 0.0 0.10066120684181624 0.1859906936479793 0.0 0.11893231614437431 0.34947973266802757 0.1020964604244876 0.0 
0.0 0.0 0.10478455825670416 0.0 0.0 0.15669014984339052 0.0 0.27497233036702484 0.35 0.11355296153288058 0.0 
0.0 0.0 0.1166348334012297 0.0 0.0 0.16657819964840537 0.0 0.2661608627128042 0.35 0.10062610423756072 0.0 
0.0 0.0 0.0 0.0 0.10368290898610356 0.11298001278496808 0.0 0.321675482254448 0.35 0.11166159597448035 0.0 
0.0 0.0 0.10548686957767645 0.0 0.10203570859045365 0.1136095455307892 0.0 0.22610615163302983 0.35 0.10276172466805089 0.0 
0.0 0.0 0.10052984881721173 0.0 0.10312376673675262 0.10804463832785777 0.0 0.24995508159102972 0.3382084668990722 0.1001381976280759 0.0 
0.0 0.0 0.13245370675057386 0.0 0.10055102212514755 0.175555387049307 0.0 0.14189248392621065 0.34745560648960594 0.102091793659155 0.0 
0.0 0.0 0.0 0.0 0.10827793583432438 0.11960213797529928 0.0 0.31050228953612535 0.35 0.11161763665425113 0.0 
0.0 0.0 0.10318092698471244 0.0 0.10441767895040671 0.14940084832360156 0.0 0.19646694107159535 0.3451386843461725 0.10139492032351152 0.0 
0.0 0.0 0.10245742423253011 0.0 0.0 0.18727844004476016 0.0 0.25070466824537335 0.35 0.10955946747733629 0.0 
0.0 0.19994475980640494 0.0 0.0 0.0 0.10005524019359513 0.0 0.35 0.35 0.0 0.0 
0.0 0.0 0.13873965133445038 0.0 0.1004687941813638 0.18132461050304374 0.0 0.12852636734245385 0.3497213753329256 0.10121920130576273 0.0 
0.0 0.0 0.0 0.0 0.11405250442191019 0.12930281576621436 0.0 0.29155657335140484 0.35 0.1150881064604707 0.0 
0.0 0.0 0.10505524963280867 0.0 0.1064612261970379 0.15697366064243726 0.0 0.17815218160788554 0.35 0.10335768191983065 0.0 
0.0 0.0 0.10894738401787588 0.0 0.0 0.1680624495009825 0.0 0.2617648080405883 0.35 0.11122535844055335 0.0 
0.0 0.0 0.10548686957767645 0.0 0.10203570859045365 0.1136095455307892 0.0 0.22610615163302983 0.35 0.10276172466805089 0.0 
0.0 0.0 0.10338681870347738 0.0 0.1018770820577836 0.12279277861444986 0.0 0.22149789879937853 0.3481577588256158 0.10228766299929469 0.0 
0.0 0.0 0.10733377569258971 0.0 0.10333643364870794 0.11303638072564105 0.0 0.22442852025532156 0.34801811159689755 0.10384677808084221 0.0 
0.0 0.1608239557026942 0.0 0.0 0.0 0.13917604429730598 0.0 0.35 0.35 0.0 0.0 
0.0 0.0 0.0 0.0 0.10777639147424459 0.13169305602482256 0.0 0.3072973058484682 0.35 0.10323324665246462 0.0 
0.0 0.0 0.11332485186248932 0.0 0.0 0.16409939279176045 0.0 0.27790453078702754 0.3400654255430699 0.10460579901565278 0.0 
0.0 0.16706617323812925 0.0 0.0 0.0 0.13293382676187077 0.0 0.35 0.35 0.0 0.0 
0.0 0.0 0.11252377221825897 0.0 0.0 0.1990228976665425 0.0 0.3411141602362166 0.34733916987898195 0.0 0.0 
0.0 0.0 0.10574008355226548 0.0 0.10372286062556528 0.1292773802606098 0.0 0.21691717172616015 0.34218146064063776 0.10216104319476153 0.0 
0.0 0.1705611284911094 0.0 0.0 0.0 0.12943887150889083 0.0 0.35 0.35 0.0 0.0 
0.0 0.0 0.10505524963280867 0.0 0.1064612261970379 0.15697366064243726 0.0 0.17815218160788554 0.35 0.10335768191983065 0.0 
0.0 0.0 0.0 0.0 0.10368290898610356 0.11298001278496808 0.0 0.321675482254448 0.35 0.11166159597448035 0.0 
0.0 0.0 0.11349904831967263 0.0 0.10630771035876432 0.1522776864438613 0.0 0.17363644967017988 0.35 0.10427910520752191 0.0 
0.0 0.0 0.0 0.0 0.10383359695442429 0.12564573034159052 0.0 0.30455220563768637 0.35 0.11596846706629887 0.0 
0.0 0.0 0.0 0.0 0.11405250442191019 0.12930281576621436 0.0 0.29155657335140484 0.35 0.1150881064604707 0.0 
0.0 0.0 0.0 0.0 0.0 0.19962257974173572 0.0 0.3329669922175474 0.35 0.11741042804071705 0.0 
0.0 0.13994937097991794 0.0 0.0 0.0 0.1600506290200822 0.0 0.35 0.35 0.0 0.0 
0.0 0.0 0.10809872904970047 0.0 0.10605221963428917 0.11797758780532658 0.0 0.2148187542077754 0.34789995096876203 0.10515275833414627 0.0 
0.0 0.0 0.0 0.0 0.11229099660395854 0.12514960658008764 0.0 0.3048301812083156 0.34861855743987213 0.10911065816776612 0.0 
0.0 0.0 0.10283771067314709 0.0 0.10353927891436597 0.15254320780701028 0.0 0.1953059300881353 0.34327794160195446 0.10249593091538693 0.0 
0.0 0.10108668242649033 0.0 0.0 0.0 0.19891331757350972 0.0 0.35 0.35 0.0 0.0 
