3.8620668346995906E-4 3.114377962944078E-5 
-0.010175008133009202 0.006884268085482496 
-0.0013629721754945393 5.309825961526148E-5 
1.968456273314663E-4 3.991887442152147E-5 
-0.009304237096361074 0.003253464760872799 
-0.002930532220878338 8.290987615423104E-5 
-0.009225858691332973 0.0028631848856535886 
-0.007053340151659985 3.8553140502657645E-4 
-0.008918701146729347 0.001887234055918399 
-0.00900673889893288 0.0021646316323403994 
-0.009080609441650862 0.002318333533896974 
-0.0018236091986590752 5.644347633658949E-5 
-0.008978996707366241 0.002029832579024479 
-0.0026345823025986457 8.147768191891618E-5 
-0.009180823636669378 0.002691445826970265 
-0.008623129466455466 0.0013162796896111948 
-0.005838247029563328 2.1709931440660256E-4 
-0.00941337297783379 0.003604911372029912 
-0.005563718178074866 1.97370650695081E-4 
-0.0037100945249401605 1.061571094086939E-4 
-0.008036898791030953 6.850822184838502E-4 
-0.00884480970456011 0.0017608351046302176 
-0.006759485074770262 2.9687165834054417E-4 
-0.007609999656154239 6.170832220682393E-4 
-0.009354136993978987 0.003443268129389606 
-0.006389034512340343 2.617267221092491E-4 
-0.004804887316253107 1.523117009843749E-4 
-0.004593401512420835 1.4391147619947074E-4 
-0.00440880384431323 1.2864531111052215E-4 
-0.010142603431447959 0.006687360129638521 
-0.00912920200363852 0.00259274515289387 
-0.00993500003091592 0.005481533940809822 
-0.009867119364828574 0.005185851683466585 
-0.007473348211413378 4.947897810701634E-4 
-0.00418513862925656 1.28547078977169E-4 
-0.00824079645955052 7.553632852742066E-4 
-0.008810745100048005 0.001656563051735301 
-0.006169350852060533 2.413526197984404E-4 
-0.009267365598179821 0.0030212559002053135 
-0.00791675303857275 6.540155830276285E-4 
-0.010091780798971564 0.006406482567930252 
-0.009628808819236436 0.004228508177223199 
-0.009987296744274411 0.005845440584515798 
-0.008340841402284487 8.187067907575826E-4 
-0.008500932082580173 0.0010427942717040925 
-0.0034731965337036967 1.0474628686597286E-4 
-0.009745951979361409 0.004591103021367098 
-0.010114249445231977 0.006514681226222368 
-0.009562477459708237 0.0040305371967787286 
-0.009970711459226934 0.005690481219873601 
-0.01001561725475071 0.005933999111740132 
-0.009472813770775147 0.003771371156237492 
-0.005003651693628482 1.66833299781612E-4 
-0.006015227340602428 2.3575763707160203E-4 
-0.008777764932157562 0.0015326127750102242 
-0.007704267883252798 6.391130534430549E-4 
-0.010047133381643389 0.006115590981752012 
-0.009838274002817428 0.005002995687648954 
-0.00873020589343349 0.0014522028142199006 
-0.009350637517830902 0.003353352667107601 
-0.0031937579098922646 9.091359011022456E-5 
-0.008558002482583081 0.0011442639512013854 
-0.008423898789930018 9.631755797827894E-4 
-0.00654614952909938 2.863758296761277E-4 
-0.009448456383552205 0.003702644230288469 
-0.0018539981589114842 6.915418017635841E-5 
-0.003940971399584976 1.1386417657809123E-4 
-0.00211543511829774 7.091589896953426E-5 
-0.009852922713911541 0.005044377217243452 
-0.00216154825043744 7.205646966722004E-5 
-0.010131281461486268 0.006632416142573065 
-0.009811941786088574 0.004838378170102535 
-0.010072028444259293 0.006280818857131914 
-0.009886771742996545 0.005298939049413266 
-0.00741302142675508 4.7009085574169955E-4 
-0.009262143917341878 0.0030067197089448496 
-0.0024071231898863867 7.560306730563467E-5 
-0.004000844032069149 1.2010486224063069E-4 
-0.0071470614138685155 4.056229052028754E-4 
-0.009666725417812199 0.0043440588540261124 
-0.009901410579205289 0.005345562797251858 
-0.00997375675280934 0.005703864940521114 
-0.005390673885725972 1.8815314875178385E-4 
-0.009712518185073153 0.004485925738853399 
-0.00978402309366015 0.0047125116131357635 
-0.009118637404336098 0.0024455545070118886 
-0.009914739322121604 0.005449141284019162 
-0.0033231594624060475 1.0183635080875582E-4 
-0.005332573706602539 1.8411921114590548E-4 
-0.0024182704251899186 8.131499501063823E-5 
-0.00951975116945405 0.003905829704028808 
-0.010024649155829575 0.006066774733357972 
-0.00911907652419306 0.0024526123727638604 
-0.00977876982856941 0.004695654922951131 
-0.009809428163741286 0.004837064835603562 
-0.009596603320077345 0.004131725082124996 
-0.008601928050698012 0.0012026048992561029 
-0.010075014690058696 0.006281904655045142 
-0.005173583005084295 1.7375012073900502E-4 
-0.009517838440835286 0.003900298454775155 
