-0.010043500046012916 4.5231690096957274E-4 
-0.004639685936828454 1.6592982953059386E-4 
-0.004639685936828454 1.6592982953059386E-4 
-0.010043500046012916 4.5231690096957274E-4 
-0.009590766962151966 4.4189347673432504E-4 
-0.009525708812172518 3.6558271654574227E-4 
-0.008910967739770095 3.1046483168701585E-4 
-0.0075788518325777925 2.2638247385137927E-4 
-0.008993493335894328 3.170084950683175E-4 
-0.006979301075579784 2.0745764811918086E-4 
-0.007316041042165843 2.1572552592861863E-4 
-0.007189917320514707 2.1262565407588826E-4 
-0.009258223345244862 3.4209044788943265E-4 
-0.00659257125805453 1.9665763827776683E-4 
-0.008657127856318564 2.903502409916921E-4 
-0.006210515961934604 1.9127125469530344E-4 
-0.009308261023245711 3.4810033028141274E-4 
-0.007616636352515954 2.3411603759464022E-4 
-0.007372801325977733 2.1808700799224277E-4 
-0.009418619981298474 3.550577354648232E-4 
-0.00858263655346043 2.8524866305334876E-4 
-0.009348956129449278 3.5102243636391157E-4 
-0.0052442312868740265 1.708276246236665E-4 
-0.006499514105475233 1.9434373658245023E-4 
-0.008120625311169475 2.5449613683292146E-4 
-0.00745248547508791 2.2200812084236486E-4 
-0.008750825105173875 2.978257031996936E-4 
-0.00556010934428419 1.747236855301891E-4 
-0.005406986450155548 1.7302921668766496E-4 
-0.00792073906814363 2.448092336635875E-4 
-0.008867808191475804 3.0689256289832855E-4 
-0.008041693544998316 2.510913114000693E-4 
-0.009959329952784146 4.488708205435875E-4 
-0.007493812970974872 2.2388787882863766E-4 
-0.005776079611140569 1.793244550139277E-4 
-0.005858041022626634 1.8141517127411548E-4 
-0.0070981438535583675 2.0814610641828557E-4 
-0.009486336089298485 3.620763545870623E-4 
-0.006702391086845012 1.9808394502184346E-4 
-0.005977712649756967 1.8571440329616292E-4 
-0.0053330475362405524 1.7134162138982218E-4 
-0.004681427278574245 1.6611124471801238E-4 
-0.008268879344104633 2.638530436995082E-4 
-0.005127007900395342 1.6947537951117817E-4 
-0.005913966770680361 1.8302401970914908E-4 
-0.009447355000739689 3.587533624452335E-4 
-0.007761496847356731 2.3776423104268518E-4 
-0.0068989352066158435 2.0284565412999212E-4 
-0.006826967718133674 2.007136991369939E-4 
-0.00831348756775734 2.664911186598057E-4 
-0.004832828148315829 1.6648553537966464E-4 
-0.007821899621688128 2.4067042604531736E-4 
-0.009068047063770176 3.2637030892635887E-4 
-0.00914988491819451 3.335013407111657E-4 
-0.005509400782068234 1.73870171211936E-4 
-0.008806336900982828 3.019365130339682E-4 
-0.006344000569642007 1.9304869259622492E-4 
-0.006420213826785212 1.9338383661294408E-4 
-0.008480934092918144 2.7771144068424407E-4 
-0.007873295881394234 2.4183089058007137E-4 
-0.0071418350163542765 2.0982811875272918E-4 
-0.009183675450344644 3.401555886811653E-4 
-0.006752229920709684 1.9916066768014537E-4 
-0.004859693379250423 1.6669102697012533E-4 
-0.008501722044578282 2.820823830622436E-4 
-0.004983768541555892 1.6765423278103473E-4 
-0.005674092043958008 1.7703089331327711E-4 
-0.008158515413181348 2.57115800777761E-4 
-0.007988128859691314 2.4729266917748835E-4 
-0.006266278408247499 1.9194247098306113E-4 
-0.00902001893714591 3.209085269676596E-4 
-0.00840906912781074 2.729194129706715E-4 
-0.008431827050096579 2.762965461006825E-4 
-0.009156853070255811 3.3818558490205557E-4 
-0.009673139635710138 4.423067747003325E-4 
-0.008827394080192537 3.0347250398240263E-4 
-0.008219305852764876 2.60732585162056E-4 
-0.006071975766583373 1.8803151002758412E-4 
-0.009826837784669648 4.448419545976054E-4 
-0.009052149926445872 3.2260748223568523E-4 
-0.010012706284892262 4.509762368355862E-4 
-0.00507577862793766 1.6904431844586782E-4 
-0.008691818552337433 2.9390539390014504E-4 
-0.008354113229380001 2.694097119413163E-4 
-0.008538835993246025 2.8376364392389107E-4 
-0.007688638780433974 2.3722005179557164E-4 
-0.0098870711063283 4.464619481035217E-4 
-0.006041525625832526 1.8718321363104948E-4 
-0.009766585141692355 4.435743833499431E-4 
-0.008715360118229633 2.947326231609573E-4 
-0.009525708812172518 3.6558271654574227E-4 
-0.007658149731622616 2.3590647533598127E-4 
-0.00819893530072099 2.5936364532881814E-4 
-0.008008642184210383 2.490457638118327E-4 
-0.009126459553374797 3.2865148063283226E-4 
-0.008375576980234665 2.7066275507569226E-4 
-0.0050063028982008685 1.6802980765421772E-4 
-0.009726925287500165 4.429326817505648E-4 
-0.005716492778843805 1.7790452433237032E-4 
-0.00913653927263796 3.2935768799192825E-4 
