-0.010043500046012916 4.5231690096957274E-4 
-0.005866249798172428 1.917654820101436E-4 
-0.010043500046012916 4.5231690096957274E-4 
-0.005866249798172428 1.917654820101436E-4 
-0.009525708812172518 3.6558271654574227E-4 
-0.009590766962151966 4.4189347673432504E-4 
-0.007778326481639916 2.3622871220006198E-4 
-0.006221339932749818 1.9489068702555632E-4 
-0.009029049223906656 3.2161666834862286E-4 
-0.0091310312596793 3.2886969812531865E-4 
-0.007615952017042238 2.2958758747375612E-4 
-0.006405428637313436 1.9493603646123745E-4 
-0.006676354748526536 1.9830593597808735E-4 
-0.007057609154423482 2.069303476050968E-4 
-0.007187329050241246 2.11501176429931E-4 
-0.008638671862410628 2.8945932178598284E-4 
-0.006056022092243206 1.9487889056112924E-4 
-0.006600939088714425 1.9689128586288405E-4 
-0.00889026819163946 3.0912252286826377E-4 
-0.0064913670559502545 1.9519500127875234E-4 
-0.008556625281307045 2.8333419516574364E-4 
-0.00834487320079467 2.695151217972547E-4 
-0.00870303586507386 2.9490458178398776E-4 
-0.00794764348423947 2.448090566156766E-4 
-0.00802888326253812 2.522165423614363E-4 
-0.008078131636905095 2.553495778833347E-4 
-0.008475046079627312 2.800722600919553E-4 
-0.0075549009960448965 2.2729785896787453E-4 
-0.008183182490354522 2.588912240525912E-4 
-0.006806425241050554 2.0042917073205075E-4 
-0.00784173026404698 2.4115550577261043E-4 
-0.008983741970357298 3.174377364139893E-4 
-0.008594280476270469 2.867300905384573E-4 
-0.008252746896666647 2.665428966424738E-4 
-0.006919343970640037 2.034271571908078E-4 
-0.009179206073669012 3.3568018207097124E-4 
-0.0072109563477854525 2.127112399239547E-4 
-0.008374781658291594 2.724576295328926E-4 
-0.008794056009181477 3.018951001364895E-4 
-0.00934306327813389 3.4777349114957626E-4 
-0.007974739375180695 2.475082183083403E-4 
-0.006821885580912054 2.0081201912332933E-4 
-0.008939125404338385 3.131828796362891E-4 
-0.009169055173294199 3.3197098515412875E-4 
-0.008843717340123819 3.049813811672194E-4 
-0.0070138823099118175 2.0687964883942423E-4 
-0.006950161770542742 2.0393768811471913E-4 
-0.009497403561185272 3.6304674485918866E-4 
-0.009228627119148358 3.3905726473067795E-4 
-0.008737324163428957 2.986037376395881E-4 
-0.007828884772123363 2.4070806399072598E-4 
-0.008434223613870957 2.744902066868336E-4 
-0.0074860730588818605 2.2388743239088195E-4 
-0.00929326414783486 3.449121564293617E-4 
-0.006012829385751884 1.931955882005028E-4 
-0.009354232018236453 3.514130623093071E-4 
-0.009836026725012707 4.4506629030966464E-4 
-0.007294243996224522 2.154222248030452E-4 
-0.009896785574759316 4.4675625740165037E-4 
-0.008223210872293107 2.6223428962071025E-4 
-0.007443872451867904 2.2066914292703576E-4 
-0.009255930388387536 3.4457941038296776E-4 
-0.009234343403768058 3.4128679702904855E-4 
-0.008944389092657243 3.1563804100266104E-4 
-0.009463876124892828 3.601436864298118E-4 
-0.009744519764770318 4.4319848805374207E-4 
-0.009701890535082747 4.426063574037971E-4 
-0.009525708812172518 3.6558271654574227E-4 
-0.009957331145392165 4.487973592443953E-4 
-0.008058132887239198 2.5470039096502973E-4 
-0.008820637222269678 3.03757036543759E-4 
-0.008237577038388256 2.649982856454805E-4 
-0.007593611153320219 2.290212672110863E-4 
-0.007395784289656161 2.1935483294330534E-4 
-0.008198041355882259 2.596159559408509E-4 
-0.008720764740798135 2.9754233675357135E-4 
-0.009924555499015456 4.4764818196023164E-4 
-0.007343113809267693 2.1689223718974804E-4 
-0.005904163539870973 1.9178064230694825E-4 
-0.010006363919895468 4.5071156095288014E-4 
-0.008457564529509467 2.775887370844829E-4 
-0.005967565308266774 1.918751212167296E-4 
-0.009383269007971342 3.5361139576751716E-4 
-0.009990850392332148 4.500806437269018E-4 
-0.007463644237676835 2.2281695758882673E-4 
-0.009392364780554913 3.5431688159891163E-4 
-0.009788193845757642 4.439883810714371E-4 
-0.00843877354380464 2.771512029466558E-4 
-0.007295535121839227 2.15597968118913E-4 
-0.007383197622364288 2.1859741373456322E-4 
-0.007956699828038163 2.4658887242347716E-4 
-0.009655204529695332 4.421606000833284E-4 
-0.007356444405770058 2.1737637805791475E-4 
-0.009803182332094958 4.4430221144820805E-4 
-0.009590766962151966 4.4189347673432504E-4 
-0.005954127971548198 1.918478723065106E-4 
-0.009641735409617068 4.420713886162721E-4 
-0.009442119857619035 3.583183399017236E-4 
-0.009424619978479577 3.568835024916112E-4 
-0.009424619978479577 3.568835024916112E-4 
