-0.013698792162351307 5.79052713100763E-4 
-0.0027359147160528952 3.319302358658672E-5 
-0.013698792162351307 5.79052713100763E-4 
-0.0032867562307115523 4.518703149374763E-5 
-0.004333306437757147 4.5448692343706294E-5 
-0.01212594381819576 3.903895687173232E-4 
-0.007735144705671793 1.2188185547040996E-4 
-0.012363638906189802 4.127371394981187E-4 
-0.013382380686697217 5.387467139784655E-4 
-0.008033225095573658 1.328273070266223E-4 
-0.008199751792678945 1.4408288325492354E-4 
-0.01306757429790823 4.962930549840355E-4 
-0.011672660630740843 3.4516827287126207E-4 
-0.011537586084938156 3.2601504605297017E-4 
-0.01266304515853837 4.427336483323009E-4 
-0.007549872265642176 1.152145028349546E-4 
-0.013518734520235534 5.536607845517271E-4 
-0.011985645872701161 3.7543496657291026E-4 
-0.00667090118796802 9.04374151109488E-5 
-0.013174031994202568 5.069682697945043E-4 
-0.013300596565225687 5.319813920961359E-4 
-0.005747056673990317 7.751369223539492E-5 
-0.009799550484233237 2.1350854670496895E-4 
-0.005593489256986902 7.088612644294037E-5 
-0.010041944611149406 2.2597046533855795E-4 
-0.009293449345496913 1.8733902146428322E-4 
-0.006836271910687016 9.441392094945348E-5 
-0.012074973576804267 3.8458205149794194E-4 
-0.010312855358894868 2.379261415855618E-4 
-0.006416873265748983 9.025888442290857E-5 
-0.011163002716645713 2.91320075527984E-4 
-0.008549879601595074 1.5518602309989767E-4 
-0.008994683770052445 1.746454630641056E-4 
-0.010936060319321272 2.762936546469923E-4 
-0.011756555277913389 3.5878127488178494E-4 
-0.004516628344145068 4.7741689685161604E-5 
-0.009438178129964638 1.9511714569614256E-4 
-0.011246582888004144 2.98317638180839E-4 
-0.006282278589005777 8.800354760807537E-5 
-0.009608477951933606 2.0220271194025768E-4 
-0.005397731005192721 6.171250034012688E-5 
-0.012405247455201576 4.2335386175820864E-4 
-0.010712243589107886 2.605029136289786E-4 
-0.012988377652737651 4.82273521748646E-4 
-0.010573944632681066 2.531465641750797E-4 
-0.005525016534435674 6.509876284793209E-5 
-0.010407674492813667 2.44993715726671E-4 
-0.00864242705689326 1.601311296976156E-4 
-0.013004282420521018 4.865315268212428E-4 
-0.0029882324618826384 3.609157615119009E-5 
-0.004900532171506657 5.2755388798881056E-5 
-0.005868970917919617 8.142165859693954E-5 
-0.012759056169475005 4.552596441855111E-4 
-0.012520133158532022 4.288533261700471E-4 
-0.005236812726836933 5.97505629383354E-5 
-0.013220981521304494 5.136421418337526E-4 
-0.0031258199551544687 4.007632888301815E-5 
-0.006933152434206815 9.937525211948234E-5 
-0.012826967346245277 4.6072435581887613E-4 
-0.011301172448007067 3.069957455700403E-4 
-0.008430801733695278 1.480467166956285E-4 
-0.009608477951933606 2.0220271194025768E-4 
-0.004642066627721377 5.0959066824743064E-5 
-0.006079509250482336 8.724229365546666E-5 
-0.0050704072427177165 5.430450839837046E-5 
-0.011425097860756796 3.160619027127192E-4 
-0.009135444467562611 1.8115683027192955E-4 
-0.010183150344430153 2.3080370518739184E-4 
-0.011598433991180051 3.349652147397287E-4 
-0.011421760215500374 3.158500388595543E-4 
-0.007363632581257302 1.0999607375231758E-4 
-0.009392465863069752 1.9262014675875848E-4 
-0.011809121547392682 3.593493807005826E-4 
-0.012908427193907964 4.7179008213157696E-4 
-0.01086271655126463 2.7070213269513304E-4 
-0.004773466260472782 5.129513479090291E-5 
-0.012602123333843229 4.36220128419905E-4 
-0.0074175575024563855 1.112412160375E-4 
-0.009159224119011052 1.8210524410247928E-4 
-0.011618629896014539 3.3730666732641787E-4 
-0.013247853100080541 5.20767048209812E-4 
-0.005155946553625673 5.616990898545716E-5 
-0.011030059264040267 2.8368418088511025E-4 
-0.007041508019065593 1.0158166821738792E-4 
-0.011895131546278722 3.6676825013652896E-4 
-0.011911622310645766 3.676208918902775E-4 
-0.003248373517634434 4.303037129921688E-5 
-0.008445566529478166 1.484553595390092E-4 
-0.009842195550093432 2.1474284680118787E-4 
-0.012373309848505024 4.1651917491987726E-4 
-0.011073607454880459 2.8520800361800033E-4 
-0.007216976861592689 1.0607066241034642E-4 
-0.007121149424383842 1.0355758288976808E-4 
-0.013670164856690778 5.748680196227646E-4 
-0.009937746447717768 2.2065852050915825E-4 
-0.01256214746439152 4.331835974633484E-4 
-0.00433738755473632 4.546132520286868E-5 
-0.008093775887194753 1.3569390034845718E-4 
-0.008901795765398854 1.713178970810144E-4 
-0.003022186733995017 3.6820990268152625E-5 
