-0.014376763121341365 4.2232773941764865E-4 
-0.007115939596836042 1.2782356948007463E-5 
-0.007115939596836042 1.2782356948007463E-5 
-0.014376763121341365 4.2232773941764865E-4 
-0.00807249456248873 1.4577142882360945E-5 
-0.014166026682164119 3.6206427018813634E-4 
-0.007625186744269973 1.4360292253512814E-5 
-0.014168459922604501 3.841130996682677E-4 
-0.007451616670078443 1.3158233554560195E-5 
-0.010016397333652699 4.147133340035516E-5 
-0.009824815840533652 3.650696714194124E-5 
-0.013865601752872827 3.0674304315734207E-4 
-0.012912659121590123 2.019333512488961E-4 
-0.011439955718803824 9.497822825675109E-5 
-0.008456027137715599 1.650971998410445E-5 
-0.014016552033527458 3.333178928522858E-4 
-0.010113302119472627 4.5129469985249646E-5 
-0.010273018352275998 4.800152077318649E-5 
-0.011540955808359425 1.0144869071246285E-4 
-0.01236570789355796 1.5401206607967757E-4 
-0.012170059645032295 1.396934272837057E-4 
-0.008638802606086644 1.8942521660778857E-5 
-0.007123297171371558 1.3111130945713755E-5 
-0.012589163509382455 1.709547700635823E-4 
-0.012102485769763522 1.3557252414909087E-4 
-0.012519465274318176 1.638436146262376E-4 
-0.01428709871065022 4.146240099146192E-4 
-0.012958494806474182 2.0913121723553185E-4 
-0.014282614264155561 4.043170866702666E-4 
-0.012465222322139011 1.5908783725608562E-4 
-0.009106979045222402 2.3412246513644545E-5 
-0.011213601201970565 8.305279370296865E-5 
-0.012007649458817446 1.299180722964298E-4 
-0.011367253154859454 9.002458765491916E-5 
-0.008319186673134584 1.5829477877428876E-5 
-0.010370944684926896 5.106485210358005E-5 
-0.013975969844419324 3.260181968960249E-4 
-0.011673439599591941 1.1501348437088183E-4 
-0.013900381152498403 3.136193339087752E-4 
-0.013707623711673942 2.8332519444178555E-4 
-0.013672038548300843 2.772013137052578E-4 
-0.01265185899945544 1.7532807008821544E-4 
-0.009709601256238723 3.4677024735076116E-5 
-0.01313396169064283 2.1878725679986828E-4 
-0.008744726852760742 1.9947658660581514E-5 
-0.013941002520362514 3.199407622243274E-4 
-0.013757436512929717 2.8983127858116416E-4 
-0.009607361563063533 3.18236667010167E-5 
-0.014189670173023573 3.8773162435886506E-4 
-0.009396742808847391 2.7861539972382156E-5 
-0.012845008955201192 1.9383558045280572E-4 
-0.012246760533950622 1.4730422002972216E-4 
-0.011941357841472128 1.2653764605568228E-4 
-0.012721897351473468 1.8052479151384334E-4 
-0.00949888168892119 3.0036573166997546E-5 
-0.012760337699142095 1.8517256225163443E-4 
-0.013790559153752005 2.973364819100412E-4 
-0.011278458606327086 8.604035304782257E-5 
-0.013624150508947847 2.7062316092482213E-4 
-0.010868870987365954 6.832888854913381E-5 
-0.011097825527230896 7.798567820756265E-5 
-0.010476237009598382 5.451973093477062E-5 
-0.0107788695250946 6.476995790784151E-5 
-0.011861049168082905 1.2202883997590267E-4 
-0.008153491064123705 1.55811522123837E-5 
-0.014017045272887878 3.4481947418277996E-4 
-0.010631819881818917 5.963264233331165E-5 
-0.013586315615621583 2.664135637613151E-4 
-0.008884363969537842 2.1856319179954516E-5 
-0.013349070845433332 2.39132838765762E-4 
-0.013270127528741444 2.3338060865022749E-4 
-0.008961584496119349 2.1929112279139683E-5 
-0.014079895047232848 3.5304195063291777E-4 
-0.010547934965429414 5.652709510105014E-5 
-0.01344634653383816 2.4858400862409747E-4 
-0.014239842689663303 3.965372508160888E-4 
-0.012814176813709733 1.9115634158302234E-4 
-0.010706962605012488 6.223476397923979E-5 
-0.012295230382304727 1.488061231654209E-4 
-0.013541200772671121 2.609383945040143E-4 
-0.011642473629745286 1.06438743394117E-4 
-0.014359002328426147 4.1883689163462444E-4 
-0.013475120253374313 2.526345196326515E-4 
-0.013259572888915012 2.2997812950603197E-4 
-0.009200931971407535 2.6886940333890014E-5 
-0.010944256957508966 7.101928105855393E-5 
-0.013510190886908746 2.5745223906494235E-4 
-0.009263042143789646 2.6921380099902506E-5 
-0.0140727663889459 3.451209200458023E-4 
-0.01098975217473686 7.354668419081189E-5 
-0.011762340209746985 1.1719141727153663E-4 
-0.007562334169492505 1.4120660077845485E-5 
-0.013397080089938203 2.4314806541135008E-4 
-0.011603795653197828 1.0613995703574931E-4 
-0.013057070719931358 2.1255647215810095E-4 
-0.01306970829515708 2.134891265205618E-4 
-0.011053740504721157 7.657657875372575E-5 
-0.011800133263225791 1.193138623406014E-4 
-0.01320288887392544 2.24742415165331E-4 
-0.01424932714400004 3.9824071275376986E-4 
