0.0 0.3000000000000002 0.0 0.0 0.0 0.0 0.0 0.35 0.35 0.0 0.0 
0.18245165516641415 0.0 0.0 0.1445437317296192 0.20684346703529016 0.0 0.0 0.18364520054102257 0.15364841581660843 0.0 0.1288675297110455 
0.18245165516641415 0.0 0.0 0.1445437317296192 0.20684346703529016 0.0 0.0 0.18364520054102257 0.15364841581660843 0.0 0.1288675297110455 
0.0 0.30000000000000016 0.0 0.0 0.0 0.0 0.0 0.35 0.35 0.0 0.0 
0.1992432188210973 0.0 0.0 0.23050788110267464 0.19966607415818088 0.0 0.0 0.20279369347010653 0.16778913244794066 0.0 0.0 
0.10009042926638909 0.19990957073361093 0.0 0.0 0.0 0.0 0.0 0.35 0.35 0.0 0.0 
0.17661456168270318 0.0 0.0 0.13991940933681507 0.183648103917874 0.0 0.0 0.20321494168412257 0.1619091940520041 0.0 0.1346937893264811 
0.0 0.33525008369295917 0.0 0.0 0.0 0.0 0.0 0.35 0.31474991630704097 0.0 0.0 
0.17797306774566243 0.0 0.0 0.14607512143871276 0.1897176552643861 0.0 0.0 0.2089319934756586 0.13815675657156992 0.0 0.13914540550401025 
0.17715197969444912 0.10372337019111448 0.0 0.19052941891876582 0.11051531259119515 0.0 0.0 0.28615684438495403 0.13192307421952143 0.0 0.0 
0.16886787616093993 0.10902425197500196 0.0 0.17229502840390634 0.13857569490401744 0.0 0.0 0.2836911088278408 0.1275460397282935 0.0 0.0 
0.10371594719821292 0.24583166665666076 0.0 0.0 0.0 0.0 0.0 0.35 0.3004523861451263 0.0 0.0 
0.11795113057227735 0.20075428316397767 0.0 0.1052376540548921 0.0 0.0 0.0 0.35 0.22605693220885295 0.0 0.0 
0.13212510435793604 0.1418851487362637 0.0 0.12818343628157525 0.10347730823156268 0.0 0.0 0.35 0.14432900239266228 0.0 0.0 
0.1957784971515837 0.0 0.0 0.2273490902810288 0.1833899204179054 0.0 0.0 0.2137988812421326 0.17968361090734955 0.0 0.0 
0.10540206507314384 0.21800024819502611 0.0 0.0 0.0 0.0 0.0 0.35 0.32659768673183015 0.0 0.0 
0.1464695292142962 0.13755650592222352 0.0 0.1694965593806135 0.12641709153377872 0.0 0.0 0.29277393762758175 0.1272863763215063 0.0 0.0 
0.1563374658835739 0.11267678003686389 0.0 0.18571528304843377 0.11621860150507012 0.0 0.0 0.3068451171668327 0.12220675235922572 0.0 0.0 
0.12995972557996013 0.14286745128181091 0.0 0.12062143215865324 0.10178143394381428 0.0 0.0 0.34832603189840833 0.1564439251373531 0.0 0.0 
0.16937324000290724 0.19803235285034265 0.0 0.11960609421177763 0.0 0.0 0.0 0.35 0.16298831293497237 0.0 0.0 
0.1578757876397598 0.19581891455015232 0.0 0.14825508626365044 0.0 0.0 0.0 0.35 0.14805021154643747 0.0 0.0 
0.18745443468565148 0.0 0.0 0.25628574095405243 0.15993330016322613 0.0 0.0 0.22428265730174507 0.1720438668953247 0.0 0.0 
0.1807113363084988 0.0 0.0 0.13304909892298103 0.22156162560928666 0.0 0.0 0.18993419426219943 0.14800641523238778 0.0 0.1267373296646462 
0.1560769394274508 0.18849221276049416 0.0 0.11384411200050583 0.0 0.0 0.0 0.35 0.19158673581154925 0.0 0.0 
0.16055660156802 0.1991440227341931 0.0 0.15077253562135629 0.0 0.0 0.0 0.35 0.13952684007643068 0.0 0.0 
0.1534902843559311 0.20952006359329223 0.0 0.11062286644930935 0.0 0.0 0.0 0.35 0.17636678560146737 0.0 0.0 
0.0 0.30628386928955353 0.0 0.0 0.0 0.0 0.0 0.34371613071044654 0.35 0.0 0.0 
0.11991726142349016 0.18279688252730425 0.0 0.10947694361815012 0.0 0.0 0.0 0.35 0.23780891243105545 0.0 0.0 
0.0 0.31593232900656687 0.0 0.0 0.0 0.0 0.0 0.35 0.33406767099343326 0.0 0.0 
0.1394601887207409 0.25156532964448547 0.0 0.10283714542183336 0.0 0.0 0.0 0.35 0.15613733621294026 0.0 0.0 
0.16932938567356265 0.10409250615452029 0.0 0.19595030056873064 0.1461473151643334 0.0 0.0 0.23732822109099877 0.1471522713478542 0.0 0.0 
0.16119097778541086 0.10241526399334451 0.0 0.15262137203544407 0.10135875759493022 0.0 0.0 0.35 0.13241362859087039 0.0 0.0 
0.1420587535965632 0.19391559024358285 0.0 0.17686120916608286 0.0 0.0 0.0 0.35 0.13716444699377117 0.0 0.0 
0.146716290938299 0.13955981403566708 0.0 0.1260826569182515 0.10288168710723483 0.0 0.0 0.35 0.13475955100054757 0.0 0.0 
0.18608556468341358 0.0 0.0 0.23636108840339248 0.19281152375581084 0.0 0.0 0.21542546519519193 0.1693163579621912 0.0 0.0 
0.1675535937770856 0.11288346629987894 0.0 0.1667226990767649 0.11965850937373407 0.0 0.0 0.31142814237611277 0.12175358909642389 0.0 0.0 
0.10740743142003274 0.22214789331981907 0.0 0.0 0.0 0.0 0.0 0.35 0.32044467526014825 0.0 0.0 
0.14804027776833364 0.22655503235242777 0.0 0.17560475400394146 0.0 0.0 0.0 0.3372496627084468 0.11255027316685033 0.0 0.0 
0.11821132103477039 0.22028610520571995 0.0 0.0 0.0 0.0 0.0 0.35 0.3115025737595097 0.0 0.0 
0.128595916245646 0.23882087194277662 0.0 0.0 0.0 0.0 0.0 0.35 0.2825832118115775 0.0 0.0 
0.10928664048036056 0.2710318659883445 0.0 0.0 0.0 0.0 0.0 0.35 0.269681493531295 0.0 0.0 
0.1508820150286114 0.1978950262619997 0.0 0.10654816843596536 0.0 0.0 0.0 0.35 0.19467479027342371 0.0 0.0 
0.1735707641923791 0.11160504253261988 0.0 0.20500725981969495 0.113908323983639 0.0 0.0 0.2755338997377574 0.12037470973390979 0.0 0.0 
0.12752241046849658 0.3373547501921564 0.0 0.0 0.0 0.0 0.0 0.35 0.18512283933934695 0.0 0.0 
0.2047312260767074 0.0 0.0 0.21547265871074694 0.18109486129610788 0.0 0.0 0.2381072366430687 0.16059401727336886 0.0 0.0 
0.10986638505064006 0.2247301648335863 0.0 0.0 0.0 0.0 0.0 0.35 0.3154034501157735 0.0 0.0 
0.1146743450451528 0.24927308201219064 0.0 0.0 0.0 0.0 0.0 0.35 0.2860525729426566 0.0 0.0 
0.16285179704119843 0.10774271566577552 0.0 0.193174115785377 0.13731744157518572 0.0 0.0 0.27510293390486745 0.1238109960275959 0.0 0.0 
0.0 0.331660781622925 0.0 0.0 0.0 0.0 0.0 0.35 0.318339218377075 0.0 0.0 
0.16609487968737047 0.10386379490779407 0.0 0.17917971940984564 0.14987476790695123 0.0 0.0 0.25397580169525097 0.14701103639278768 0.0 0.0 
0.130440132410478 0.19791178690513853 0.0 0.10374758553318739 0.0 0.0 0.0 0.35 0.21790049515119603 0.0 0.0 
0.1653848939009977 0.2169168268045047 0.0 0.11678964871185109 0.0 0.0 0.0 0.3417583135585977 0.15915031702404897 0.0 0.0 
0.15071927198242663 0.17735483727458776 0.0 0.185882374442728 0.0 0.0 0.0 0.35 0.13604351630025757 0.0 0.0 
0.12754775899834092 0.22287941884430423 0.0 0.10362876583728549 0.0 0.0 0.0 0.35 0.19594405632006937 0.0 0.0 
0.16736155140483736 0.10854077114361069 0.0 0.19937850088059006 0.13565618349159253 0.0 0.0 0.2719933381228017 0.11706965495656767 0.0 0.0 
0.13363401812198586 0.20844217896913594 0.0 0.10240117152845865 0.0 0.0 0.0 0.34868581933720905 0.20683681204321047 0.0 0.0 
0.13427235128237516 0.2170872039807866 0.0 0.0 0.0 0.0 0.0 0.35 0.2986404447368383 0.0 0.0 
0.14612121998639616 0.148952259562275 0.0 0.12557127453398487 0.10246440622391413 0.0 0.0 0.34409743932014425 0.13279340037328563 0.0 0.0 
0.10983269482069966 0.2783951021990146 0.0 0.0 0.0 0.0 0.0 0.35 0.2617722029802857 0.0 0.0 
0.170567723295129 0.10888260925583225 0.0 0.1666374263474429 0.10108708632802105 0.0 0.0 0.3394721038815548 0.1133530508920201 0.0 0.0 
0.14533910416641285 0.12498075827786348 0.0 0.14567863805889206 0.10966322451757586 0.0 0.0 0.34225565308996436 0.13208262188929135 0.0 0.0 
0.1633479216136187 0.11764589051914032 0.0 0.1583087144149552 0.12115550856272353 0.0 0.0 0.3153242938408566 0.12421767104870567 0.0 0.0 
0.15649791578517597 0.11365789755197439 0.0 0.15799884872939324 0.11704854559147598 0.0 0.0 0.3347898862962339 0.12000690604574644 0.0 0.0 
0.14857100702945636 0.1957404364455401 0.0 0.18323291505284475 0.0 0.0 0.0 0.34800163685331126 0.12445400461884754 0.0 0.0 
0.18102631806755806 0.0 0.0 0.25649334590712275 0.18823555518636997 0.0 0.0 0.20829116421034616 0.16595361662860297 0.0 0.0 
0.11223145178319327 0.19810634509980107 0.0 0.0 0.0 0.0 0.0 0.3425439936774945 0.34711820943951116 0.0 0.0 
0.16894303584471163 0.10385500383454493 0.0 0.17058722873043947 0.10865818478133493 0.0 0.0 0.3237970639124871 0.12415948289648185 0.0 0.0 
0.10009928432932029 0.29799909598960916 0.0 0.0 0.0 0.0 0.0 0.35 0.25190161968107044 0.0 0.0 
0.20258237219023154 0.0 0.0 0.2132110630129495 0.17198555679210736 0.0 0.0 0.23447173903987098 0.17774926896484064 0.0 0.0 
0.15274602118146194 0.2667422398011027 0.0 0.0 0.0 0.0 0.0 0.35 0.23051173901743544 0.0 0.0 
0.16897627785339994 0.25808837615694064 0.0 0.0 0.0 0.0 0.0 0.35 0.22293534598965953 0.0 0.0 
0.17642037977834418 0.10679309280137908 0.0 0.18573494116648262 0.155519043327467 0.0 0.0 0.23169226460249742 0.14384027832382962 0.0 0.0 
0.14099912235878867 0.15900087764121135 0.0 0.0 0.0 0.0 0.0 0.35 0.35 0.0 0.0 
0.159686048186902 0.10267724684332338 0.0 0.18860779534247107 0.10588946255609231 0.0 0.0 0.3220019058248154 0.12113754124639572 0.0 0.0 
0.11483936827552371 0.3016934258236213 0.0 0.0 0.0 0.0 0.0 0.35 0.2334672059008551 0.0 0.0 
0.0 0.3231703435434265 0.0 0.0 0.0 0.0 0.0 0.35 0.3268296564565736 0.0 0.0 
0.12988137425028304 0.19706400467823906 0.0 0.10758680541838249 0.0 0.0 0.0 0.35 0.21546781565309542 0.0 0.0 
0.1454307363843129 0.13245856715712898 0.0 0.17250932700453273 0.1077301646301066 0.0 0.0 0.3313048822415935 0.11056632258232528 0.0 0.0 
0.13683799528446727 0.241678182700433 0.0 0.1221989849010497 0.0 0.0 0.0 0.34448634839189635 0.15479848872215365 0.0 0.0 
0.13984733846904282 0.2517235115236886 0.0 0.0 0.0 0.0 0.0 0.35 0.25842915000726857 0.0 0.0 
0.13984780016397563 0.14860606092874523 0.0 0.101702672146325 0.10164047106940804 0.0 0.0 0.35 0.1582029956915462 0.0 0.0 
0.0 0.30300556803981477 0.0 0.0 0.0 0.0 0.0 0.35 0.34699443196018526 0.0 0.0 
0.10550155354182306 0.30948904007490025 0.0 0.0 0.0 0.0 0.0 0.35 0.23500940638327666 0.0 0.0 
0.1343954718048498 0.30344679280070463 0.0 0.0 0.0 0.0 0.0 0.34764643485673163 0.21451130053771394 0.0 0.0 
0.17654326204813808 0.0 0.0 0.2385091333611379 0.1624476476551246 0.0 0.0 0.262993100150695 0.15950685678490445 0.0 0.0 
0.1613295923681754 0.11619225622067242 0.0 0.15635264968541415 0.10497478624910056 0.0 0.0 0.33846787974020165 0.12268283573643589 0.0 0.0 
0.14433422038162919 0.25088561441596646 0.0 0.0 0.0 0.0 0.0 0.35 0.25478016520240443 0.0 0.0 
0.18195248855119583 0.12059799130348972 0.0 0.17678756563251538 0.13575856454913526 0.0 0.0 0.23808642870076618 0.14681696126289745 0.0 0.0 
0.1141655293487109 0.19660152660077934 0.0 0.0 0.0 0.0 0.0 0.35 0.3392329440505098 0.0 0.0 
0.15348572583710446 0.11147026984583322 0.0 0.15495776960982946 0.10755248418657753 0.0 0.0 0.33566809546828075 0.13686565505237466 0.0 0.0 
0.15770728579257323 0.17746084949270297 0.0 0.19753554805523924 0.0 0.0 0.0 0.35 0.11729631665948459 0.0 0.0 
0.17492633930951607 0.0 0.0 0.13695513478681134 0.18385260456719524 0.0 0.0 0.20617579126046018 0.15377181387459596 0.0 0.14431831620142122 
0.11639573607316506 0.307919637984692 0.0 0.0 0.0 0.0 0.0 0.35 0.22568462594214295 0.0 0.0 
0.1459794106286959 0.125944899275291 0.0 0.1012872701648979 0.11066184837609122 0.0 0.0 0.35 0.16612657155502403 0.0 0.0 
0.15570678960433668 0.31214024661071893 0.0 0.0 0.0 0.0 0.0 0.35 0.18215296378494444 0.0 0.0 
0.15581211660150357 0.3098587998513572 0.0 0.0 0.0 0.0 0.0 0.35 0.18432908354713926 0.0 0.0 
0.14994826401864458 0.11069385309559972 0.0 0.1483702977081725 0.11302385622577102 0.0 0.0 0.3403788134319797 0.13758491551983246 0.0 0.0 
0.16087644173644855 0.1715329248702479 0.0 0.19485389964750036 0.0 0.0 0.0 0.35 0.12273673374580324 0.0 0.0 
0.15716742558773442 0.28548313191720603 0.0 0.0 0.0 0.0 0.0 0.35 0.20734944249505957 0.0 0.0 
0.0 0.321565337901749 0.0 0.0 0.0 0.0 0.0 0.35 0.3284346620982509 0.0 0.0 
