-0.010043500046012916 4.523169009695726E-4 
0.0012484718444724303 6.937748583838395E-5 
-0.009524652564894723 3.6546649851320505E-4 
-0.009590766962151966 4.4189347673432493E-4 
-0.0023735961920604383 9.826191988815451E-5 
-0.0049745719198963844 1.3696951905846285E-4 
-0.009283996895796997 3.439634755446968E-4 
-0.0020818304259761057 9.348881476165044E-5 
-0.008389779201790256 2.71524405569968E-4 
-0.007085853957473569 2.079736122475126E-4 
-0.009110048827618959 3.2691560722335417E-4 
-0.00751713541298105 2.2451087199386327E-4 
-0.007337265313867127 2.1639150752719678E-4 
-0.008518812554964686 2.803983678511093E-4 
-0.004442018859521914 1.2970167267316134E-4 
-0.0026704227410941717 1.0184149982749111E-4 
-0.006259139565341898 1.8794709962578732E-4 
-0.009983001795166856 4.497703648165756E-4 
-0.006097471714159619 1.8260445341457038E-4 
-0.007268011113280877 2.1404879005221657E-4 
-0.005922015115022501 1.7357725828582947E-4 
-0.00104289802160908 8.121714464456093E-5 
-0.009373246847643008 3.5317105851070165E-4 
-0.009776405997291463 4.437569112940206E-4 
5.873313807861322E-4 7.05412402975703E-5 
-0.005687061453817862 1.6595888890964306E-4 
-0.005832132396559666 1.6862596122324596E-4 
1.2299822753141973E-4 7.267142582963374E-5 
-0.0060470585602071854 1.7789783942385426E-4 
-9.038575413568284E-5 7.356022663387174E-5 
-0.007754635373025966 2.3504541739866925E-4 
-0.005152494426671129 1.4356241814362917E-4 
-0.0042348194683963815 1.2725661002198715E-4 
-0.001244592621400517 8.317109356117501E-5 
-6.12326115631875E-4 7.681496895059778E-5 
-0.007996995007264826 2.494382839594713E-4 
-0.004113849777302169 1.2617359171545995E-4 
-3.762783670273233E-4 7.629709566364792E-5 
-0.003289837268935637 1.0591454826012659E-4 
-0.003836668195243338 1.1519305455972602E-4 
-0.0030996277768054817 1.0394693943972908E-4 
-0.008559926370483336 2.841245216121833E-4 
-0.00946413976338774 3.592210652552614E-4 
3.0986886169986124E-4 7.194251318377211E-5 
-0.007640547505530871 2.301846136235067E-4 
-0.008623507601156613 2.9055542586569054E-4 
-0.005605876485869882 1.606440981303886E-4 
-8.683034025328753E-4 7.950847727954114E-5 
-0.008942284920254177 3.132482353082704E-4 
-0.005320918940143263 1.4711943521475098E-4 
-0.009033737122466646 3.211462962864348E-4 
-0.008880954341607645 3.089073469867074E-4 
-0.006746504579780632 2.0049939500206107E-4 
9.055225066542381E-4 6.971192061869663E-5 
-0.003999705378138344 1.2102051584758815E-4 
-0.0013305294647881587 8.611047568285312E-5 
-2.614118001383872E-4 7.460884707833085E-5 
-0.007906698460168702 2.439422399028436E-4 
-0.0016924897792213252 8.916021369764978E-5 
-0.006943400222564783 2.041391644726236E-4 
-0.00294556266223167 1.0384891301116788E-4 
-0.008124103808502172 2.5699896633301283E-4 
-0.008082323104322841 2.5240026514569317E-4 
-0.006567183275017245 1.954433113702185E-4 
-0.00821207754384376 2.600683283735338E-4 
-0.009198628513239234 3.352443677640331E-4 
-0.00830725544759988 2.662657697983117E-4 
-0.003630239341600891 1.1146259504136226E-4 
-0.009204187896423818 3.3550575522722667E-4 
-0.0019286048287372609 9.185876275625346E-5 
-0.0053965983232556955 1.5012742741488274E-4 
-0.0035037471154604296 1.0882060328869076E-4 
-0.006311253360220066 1.932838192714651E-4 
-7.459129819051575E-4 7.819276074906578E-5 
-0.0039680906495046415 1.1858074529838261E-4 
-0.0027959650959884343 1.0205913770857365E-4 
-0.006652667021849208 1.9783412370705537E-4 
0.0012144165374510765 6.958977045038535E-5 
-0.008995277985909458 3.1808209263361245E-4 
-0.006433825466816332 1.934345941266528E-4 
4.90922414136646E-4 7.15396283607437E-5 
-0.0037295027693747674 1.1280813895294662E-4 
-0.0018327665055540778 9.037589362560742E-5 
9.302135162973528E-4 6.962441824121366E-5 
-0.00873418339335176 2.972609388905787E-4 
-0.004671300494823317 1.308015619437582E-4 
-0.008690532055661334 2.9319650610562195E-4 
-0.005478744150074187 1.597701925995885E-4 
-0.006893367904117093 2.0229847526304336E-4 
-0.007819932261198682 2.389392272276061E-4 
-0.0033852620865593786 1.0823913614376388E-4 
-0.008837216487815436 3.041729990860719E-4 
-0.007589680027603863 2.2713530267841412E-4 
-0.008259615753260154 2.6420366927868604E-4 
-0.004708887770902542 1.3114522363656962E-4 
-0.005204460566081802 1.438557020251042E-4 
-0.009397316299200393 3.5615778010562036E-4 
-0.0015184665667711907 8.637241521750502E-5 
-0.001554327704916987 8.755441529654049E-5 
-0.009716982450559738 4.427957829841674E-4 
