-0.010043500046012916 4.523169009695727E-4 
-0.010043500046012916 4.523169009695727E-4 
0.001532213162635943 6.888676876881046E-5 
-0.009590766962151965 4.418934767343249E-4 
-0.00952394225687175 3.6538848290546336E-4 
-0.007015851029911929 2.0623678250333133E-4 
-0.007225870114663147 2.1291463881903378E-4 
-0.0015714694544305351 8.723482569688168E-5 
-0.009118782598309887 3.2838701202781567E-4 
-0.008888215342787364 3.085961916930969E-4 
-0.002680807882319148 1.020364421837961E-4 
-0.0080590395362327 2.508898479104962E-4 
-0.009150123227343984 3.339460075521559E-4 
-0.008292934703909686 2.65776088621039E-4 
-0.003323544794157712 1.0794464948315582E-4 
-0.005614901794738099 1.6060822143193157E-4 
-0.006239740540199535 1.9153164754932188E-4 
-0.005986642100222092 1.7338289964604814E-4 
-0.0018551036162186027 9.009206628126492E-5 
-0.004603621150799025 1.309855330470244E-4 
-0.005754225986525912 1.6573455713666266E-4 
4.834356731724754E-4 7.11933242823506E-5 
-0.005465192427526529 1.5732869624678715E-4 
-0.005010938917849983 1.3884615006895374E-4 
-0.008179743234596169 2.5886118644282633E-4 
-0.008676267039392154 2.92639721026473E-4 
-0.004123514558385492 1.2356529895189637E-4 
-0.002954528692392904 1.0423030316818652E-4 
2.2553235143579872E-4 7.190008916621158E-5 
-0.009015017401884654 3.186810760700283E-4 
-8.730538162288197E-4 7.942458386071027E-5 
-0.008802595396877317 3.0321415459678687E-4 
-0.003029676786095429 1.0697046054470495E-4 
-0.005416031852711403 1.5015818046180282E-4 
-0.004289383288907954 1.3025610255572052E-4 
-0.007901501408447444 2.431192121543956E-4 
-0.009392767333209994 3.525931512450255E-4 
-0.00927582871731534 3.4184199080170106E-4 
-0.005877040170171519 1.6915571166567663E-4 
8.977245331713783E-4 6.962420272233097E-5 
7.128486112922211E-4 7.094001372860104E-5 
-0.00688248515866181 2.0226738651872637E-4 
-0.0022333186782287377 9.601639917246853E-5 
-0.004794694757611714 1.3358813052555482E-4 
-0.00741872665281613 2.1980870812888717E-4 
-0.005323426863580732 1.4636216489788805E-4 
-6.165063334653165E-4 7.786698458170867E-5 
-0.008745596013161966 2.970798397707111E-4 
-0.007538744409876745 2.2473617591926392E-4 
-0.006478045682739497 1.946438972543145E-4 
-0.0037802458672949735 1.167686457172563E-4 
-0.007714020075352228 2.326949946434071E-4 
-0.009753242507427096 4.4334142626922113E-4 
-0.00858611311436155 2.85592386988434E-4 
-0.008974089373008759 3.1684903120892316E-4 
-0.007793302393863657 2.3657080258573102E-4 
0.001263537400587654 6.904738531477681E-5 
-0.00757571199945653 2.2930083858766767E-4 
-1.936749765681844E-4 7.396897313567089E-5 
-0.005127329514601968 1.448165923101264E-4 
-0.006001339187530052 1.8275922556823196E-4 
-0.007328902250577722 2.1677283772252303E-4 
-0.006172636309682792 1.869763606536683E-4 
-0.002469145375801481 1.0125822674570899E-4 
-3.648943033676207E-4 7.513079195186453E-5 
-0.0024099538719724706 9.792357698702442E-5 
-0.008376571537833229 2.707223255942806E-4 
-0.0020868058068175413 9.350357970210039E-5 
-0.003517532731076617 1.0900614200500256E-4 
-0.0013903125975036933 8.530693386668678E-5 
-0.006724267516856555 2.0073142208005697E-4 
0.0011250573255928889 6.924787747682991E-5 
-0.009886894432019075 4.4645668054219304E-4 
-0.004236222633271989 1.276502961704427E-4 
-0.008472345475811332 2.7750717027624457E-4 
-0.008074363952044139 2.562213592568843E-4 
-9.95429655967546E-4 8.162234350369581E-5 
-0.008543328375365233 2.826885504559814E-4 
-0.0011611854218512726 8.17597312588986E-5 
-0.009339133764519175 3.47498922697931E-4 
-0.009460661372090498 3.58886724345459E-4 
-0.001255756740948944 8.482426830665166E-5 
-0.0019715997957035413 9.16868542567134E-5 
-4.889820619458003E-4 7.725770436666856E-5 
-0.00989368647019638 4.510361098178873E-4 
-0.0037231323494644674 1.1305772587967075E-4 
-0.0035995011287451766 1.1177605336952E-4 
-0.006657007758139008 1.9701949606579195E-4 
-0.007870776136096186 2.4165753346577486E-4 
-0.008428912778637844 2.7430015109395386E-4 
-0.0060749764835706065 1.8383065097332012E-4 
-0.005059259853625818 1.4167378612011295E-4 
-0.003973811314605362 1.1929729990753734E-4 
5.536564852408636E-5 7.346500628167708E-5 
-0.003981513557067892 1.1948864049549816E-4 
0.0015322131626359426 6.888676876881047E-5 
-0.0047269684592533365 1.3314895094706895E-4 
1.060533435467883E-6 7.372678677790713E-5 
-0.009480475105293342 3.6082706471196363E-4 
-0.006565710325427772 1.9538377292674586E-4 
