0.2999999999999998 0.0 0.0 0.0 0.0 0.0 0.0 0.35 0.35 0.0 0.0 
0.2999999999999998 0.0 0.0 0.0 0.0 0.0 0.0 0.35 0.35 0.0 0.0 
0.0 0.12789246212169975 0.0 0.2542150458567227 0.2915920716012248 0.0 0.0 0.19645683275677256 0.0 0.0 0.12984358766358012 
0.35 0.0 0.0 0.0 0.0 0.0 0.0 0.35 0.29999999999999977 0.0 0.0 
0.199658828658094 0.0 0.0 0.10034117134190607 0.0 0.0 0.0 0.35 0.34999999999999987 0.0 0.0 
0.1651038265397786 0.0 0.0 0.2985467157009372 0.0 0.0 0.0 0.35 0.18634945775928421 0.0 0.0 
0.19523976013157499 0.0 0.0 0.26461822411382113 0.0 0.0 0.0 0.35 0.19014201575460402 0.0 0.0 
0.0 0.1070478120095604 0.0 0.3150979704930541 0.12876338735565174 0.0 0.0 0.313423054966051 0.0 0.0 0.13566777517568285 
0.16930310814588687 0.0 0.0 0.14812033181011533 0.0 0.0 0.0 0.35 0.33257656004399777 0.0 0.0 
0.19769637234948473 0.0 0.0 0.1462567092690464 0.0 0.0 0.0 0.35 0.3060469183814689 0.0 0.0 
0.0 0.0 0.0 0.3131337659410845 0.14928415317247695 0.0 0.0 0.3197410963349278 0.1022481140157154 0.0 0.11559287053579528 
0.1823226742404474 0.0 0.0 0.21429636538442776 0.0 0.0 0.0 0.35 0.2533809603751249 0.0 0.0 
0.15017312442542824 0.0 0.0 0.15808865526935958 0.0 0.0 0.0 0.35 0.3417382203052122 0.0 0.0 
0.19947971133233153 0.0 0.0 0.18694738876921949 0.0 0.0 0.0 0.35 0.2635728998984492 0.0 0.0 
0.0 0.0 0.0 0.3295190671731394 0.1204300465799083 0.0 0.0 0.33870113654792644 0.10474292081604333 0.0 0.10660682888298266 
0.10935105308131234 0.0 0.0 0.2705785083739106 0.0 0.0 0.0 0.35 0.16416871648503978 0.0 0.10590172205973726 
0.17143068392123428 0.0 0.0 0.349052192493417 0.0 0.0 0.0 0.35 0.1295171235853487 0.0 0.0 
0.10286472992822848 0.0 0.0 0.25633939830051905 0.0 0.0 0.0 0.35 0.1899666645639984 0.0 0.100829207207254 
0.0 0.10309456683490055 0.0 0.31720092041568565 0.12387049558304233 0.0 0.0 0.3251764142445802 0.0 0.0 0.1306576029217912 
0.1046635202717092 0.0 0.0 0.3455963284693734 0.0 0.0 0.0 0.3455963284693734 0.10011612031175542 0.0 0.10402770247778863 
0.10626185787069661 0.0 0.0 0.2648050573590686 0.0 0.0 0.0 0.3485656485462153 0.17620832461260605 0.0 0.10415911161141335 
0.0 0.11825684549198913 0.0 0.28966615987631045 0.2303696047229218 0.0 0.0 0.23359348870998486 0.0 0.0 0.1281139011987938 
0.11172076010576755 0.0 0.0 0.2740744777454596 0.0 0.0 0.0 0.35 0.15469477094074624 0.0 0.10950999120802678 
0.11232375578504755 0.0 0.0 0.3197954895485065 0.0 0.0 0.0 0.34921223350941044 0.11866131436109557 0.0 0.10000720679593984 
0.18652846449363988 0.0 0.0 0.20263622157786018 0.0 0.0 0.0 0.34882199050803786 0.26201332342046213 0.0 0.0 
0.16753826188870136 0.0 0.0 0.18033485914618025 0.0 0.0 0.0 0.35 0.30212687896511836 0.0 0.0 
0.0 0.0 0.0 0.30220985871809986 0.10393784564060946 0.0 0.0 0.35 0.1381441208020061 0.0 0.10570817483928449 
0.0 0.0 0.0 0.31360184060459917 0.12394995156849965 0.0 0.0 0.3290864242826357 0.10523660116505125 0.0 0.12812518237921428 
0.0 0.10128194393102997 0.0 0.2838359180740977 0.23409378560604463 0.0 0.0 0.25166487731965587 0.0 0.0 0.12912347506917196 
0.18762878862024812 0.0 0.0 0.14375234888540447 0.0 0.0 0.0 0.35 0.3186188624943475 0.0 0.0 
0.0 0.10229331930498843 0.0 0.2847692692365715 0.1881903656194514 0.0 0.0 0.2940044878357868 0.0 0.0 0.13074255800320195 
0.20106428321453051 0.0 0.0 0.14953943237003986 0.0 0.0 0.0 0.348619047980151 0.30077723643527865 0.0 0.0 
0.0 0.0 0.0 0.3010035440244798 0.13321134073209928 0.0 0.0 0.3283232227309082 0.11309975161659007 0.0 0.1243621408959227 
0.10273046162809707 0.0 0.0 0.2954254096450514 0.0 0.0 0.0 0.3469770469263583 0.15416948594598154 0.0 0.10069759585451177 
0.0 0.0 0.0 0.28991640194877893 0.10388972655911781 0.0 0.0 0.3482052724794761 0.15232086139314244 0.0 0.10566773761948471 
0.20203402939653076 0.0 0.0 0.21282498541270936 0.0 0.0 0.0 0.35 0.23514098519075982 0.0 0.0 
0.17950673580921794 0.0 0.0 0.12237831698765839 0.0 0.0 0.0 0.35 0.34811494720312364 0.0 0.0 
0.1979382991752223 0.0 0.0 0.11886855448708002 0.0 0.0 0.0 0.35 0.33319314633769764 0.0 0.0 
0.10332355353515456 0.0 0.0 0.2612678663560514 0.0 0.0 0.0 0.35 0.1829565928305418 0.0 0.10245198727825226 
0.0 0.12402049419412857 0.0 0.2612545845367709 0.2679040131758645 0.0 0.0 0.22090835904361075 0.0 0.0 0.1259125490496253 
0.0 0.13013660502922034 0.0 0.25166462169613185 0.25403925692837287 0.0 0.0 0.22851070640326787 0.0 0.0 0.13564880994300707 
0.18907184276259192 0.0 0.0 0.2926689028309866 0.0 0.0 0.0 0.35 0.1682592544064213 0.0 0.0 
0.0 0.10526298323644885 0.0 0.300324716542927 0.12880485110718512 0.0 0.0 0.3419761552524334 0.0 0.0 0.12363129386100562 
0.10523247792847538 0.0 0.0 0.33473239828491286 0.0 0.0 0.0 0.35 0.10668808376760858 0.0 0.10334704001900322 
0.17171489976823817 0.0 0.0 0.2660342092630097 0.0 0.0 0.0 0.35 0.21225089096875213 0.0 0.0 
0.10362547577236464 0.0 0.0 0.3013140345471894 0.0 0.0 0.0 0.35 0.1434855905299577 0.0 0.10157489915048838 
0.0 0.10305378765902351 0.0 0.27345224984853367 0.20539706044711134 0.0 0.0 0.28616857699473 0.0 0.0 0.13192832505060145 
0.18113528121927974 0.0 0.0 0.1668133848565993 0.0 0.0 0.0 0.35 0.302051333924121 0.0 0.0 
0.1739016301764608 0.0 0.0 0.2562104162560046 0.0 0.0 0.0 0.35 0.21988795356753452 0.0 0.0 
0.16496629497930917 0.0 0.0 0.3359895595077096 0.0 0.0 0.0 0.3489905287780131 0.15005361673496814 0.0 0.0 
0.0 0.0 0.0 0.29292407022653555 0.11284131539683154 0.0 0.0 0.35 0.12468732193049122 0.0 0.11954729244614166 
0.17646411593301106 0.0 0.0 0.24226507461675717 0.0 0.0 0.0 0.35 0.23127080945023173 0.0 0.0 
0.3320561439988524 0.0 0.0 0.0 0.0 0.0 0.0 0.35 0.31794385600114766 0.0 0.0 
0.1979930587057729 0.0 0.0 0.16729407282090367 0.0 0.0 0.0 0.35 0.28471286847332344 0.0 0.0 
0.2107359522370374 0.0 0.0 0.1319273958017574 0.0 0.0 0.0 0.35 0.30733665196120524 0.0 0.0 
0.18706832012481225 0.0 0.0 0.22994827235513468 0.0 0.0 0.0 0.35 0.2329834075200531 0.0 0.0 
0.0 0.12403348171888635 0.0 0.2604197962624404 0.2827936790200098 0.0 0.0 0.20682730828679163 0.0 0.0 0.12592573471187188 
0.2157606673237688 0.0 0.0 0.22698260344953883 0.0 0.0 0.0 0.35 0.20725672922669255 0.0 0.0 
0.0 0.10134301730038854 0.0 0.28914070272906045 0.2113478839777832 0.0 0.0 0.2670357535509808 0.0 0.0 0.13113264244178693 
0.10365860885470954 0.0 0.0 0.29905584658116074 0.0 0.0 0.0 0.35 0.1352329084464383 0.0 0.11205263611769141 
0.10826693878546985 0.0 0.0 0.24233065905842227 0.0 0.0 0.0 0.34249682476329124 0.20193415341408266 0.0 0.10497142397873384 
0.16484661235997544 0.0 0.0 0.27671494915273487 0.0 0.0 0.0 0.35 0.2084384384872898 0.0 0.0 
0.10612078704319235 0.0 0.0 0.23659226063011496 0.0 0.0 0.0 0.34815983468268424 0.20579825645525035 0.0 0.10332886118875795 
0.0 0.10899014824839047 0.0 0.3158479167692191 0.12009311344563826 0.0 0.0 0.3452803747348654 0.0 0.0 0.10978844680188692 
0.0 0.10086282211549231 0.0 0.2859732920625026 0.20903265981270622 0.0 0.0 0.2744350846428836 0.0 0.0 0.12969614136641522 
0.0 0.10077264353694405 0.0 0.3100568367858867 0.11250348156534654 0.0 0.0 0.34895214052934487 0.0 0.0 0.1277148975824779 
0.19089407611723208 0.0 0.0 0.18653307075757045 0.0 0.0 0.0 0.35 0.2725728531251975 0.0 0.0 
0.0 0.1034049919689139 0.0 0.30437523660311133 0.12438158973498852 0.0 0.0 0.3367871593588818 0.0 0.0 0.13105102233410432 
0.0 0.0 0.0 0.32899258258329617 0.10897146713858273 0.0 0.0 0.34661431710478285 0.10485865243224234 0.0 0.11056298074109594 
0.0 0.10560435718646541 0.0 0.32447503901611335 0.13125626121542064 0.0 0.0 0.30482761655963886 0.0 0.0 0.13383672602236188 
0.18019789395779656 0.0 0.0 0.3049021461600386 0.0 0.0 0.0 0.3394070645375929 0.1754928953445719 0.0 0.0 
0.0 0.12454560543515182 0.0 0.2614950474930176 0.27828810435746115 0.0 0.0 0.21163532194027498 0.0 0.0 0.12403592077409442 
0.31729557873905456 0.0 0.0 0.0 0.0 0.0 0.0 0.35 0.33270442126094535 0.0 0.0 
0.0 0.0 0.0 0.2928495700934402 0.10442519734629936 0.0 0.0 0.35 0.14651285988862153 0.0 0.1062123726716388 
0.17256193242257795 0.0 0.0 0.19146664221963164 0.0 0.0 0.0 0.35 0.28597142535779035 0.0 0.0 
0.18722034264164458 0.0 0.0 0.2072240162425374 0.0 0.0 0.0 0.34326429220534854 0.26229134891046935 0.0 0.0 
0.0 0.10371776163658716 0.0 0.2738132681409498 0.20204682148895456 0.0 0.0 0.2996490072770901 0.0 0.0 0.12077314145641838 
0.20002265066063113 0.0 0.0 0.169008974881169 0.0 0.0 0.0 0.35 0.2809683744581999 0.0 0.0 
0.0 0.10043852325235113 0.0 0.29587720632546227 0.17186467643247386 0.0 0.0 0.3034476774139635 0.0 0.0 0.12837191657574934 
0.19434178877863448 0.0 0.0 0.11670872996690618 0.0 0.0 0.0 0.35 0.3389494812544593 0.0 0.0 
0.1874375161588642 0.0 0.0 0.11256248384113594 0.0 0.0 0.0 0.35 0.35 0.0 0.0 
0.0 0.10653363037687714 0.0 0.3327035107263921 0.12814489952766658 0.0 0.0 0.29760183579496763 0.0 0.0 0.13501612357409656 
0.0 0.10283437012048854 0.0 0.3190860011838097 0.11715506563846434 0.0 0.0 0.3294904802495926 0.0 0.0 0.1314340828076449 
0.0 0.12231830009892825 0.0 0.28204827908543906 0.20616366496190155 0.0 0.0 0.2706684347546506 0.0 0.0 0.1188013210990805 
0.30989545646488637 0.0 0.0 0.0 0.0 0.0 0.0 0.3401045435351137 0.35 0.0 0.0 
0.0 0.0 0.0 0.3149987139829693 0.11037842837362236 0.0 0.0 0.35 0.11467507435592303 0.0 0.10994778328748536 
0.0 0.0 0.0 0.320741526162635 0.11049482435635113 0.0 0.0 0.3439039231066043 0.11479600122696863 0.0 0.11006372514744081 
0.1770627031225558 0.0 0.0 0.3161513801840603 0.0 0.0 0.0 0.35 0.156785916693384 0.0 0.0 
0.20348039260485512 0.0 0.0 0.21406361890361222 0.0 0.0 0.0 0.35 0.2324559884915326 0.0 0.0 
0.17665742261642797 0.0 0.0 0.19191276103544389 0.0 0.0 0.0 0.35 0.28142981634812825 0.0 0.0 
0.10668167825553196 0.0 0.0 0.23784274626627014 0.0 0.0 0.0 0.35 0.19819437540249812 0.0 0.10728120007569969 
0.10657836952107086 0.0 0.0 0.3074793775115914 0.0 0.0 0.0 0.35 0.1274868759394344 0.0 0.10845537702790341 
0.0 0.0 0.0 0.3074483701368447 0.10573950622685775 0.0 0.0 0.35 0.12927160129088222 0.0 0.10754052234541532 
0.0 0.11470510889134758 0.0 0.2817926097357721 0.23471476526482357 0.0 0.0 0.2523324677438955 0.0 0.0 0.11645504836416117 
0.0 0.0 0.0 0.30789064010270334 0.10589161439314287 0.0 0.0 0.35 0.12945756079577067 0.0 0.10676018470838317 
0.0 0.12789246212169975 0.0 0.2542150458567227 0.2915920716012248 0.0 0.0 0.1964568327567726 0.0 0.0 0.12984358766358012 
0.10583035931798428 0.0 0.0 0.33663419015886503 0.0 0.0 0.0 0.34630700606095277 0.10729423522410449 0.0 0.10393420923809345 
0.0 0.11646123714930397 0.0 0.27079689816453917 0.23830823408086035 0.0 0.0 0.25619566251601916 0.0 0.0 0.11823796808927733 
0.19126410338319536 0.0 0.0 0.1087358966168046 0.0 0.0 0.0 0.35 0.35 0.0 0.0 
0.17761455324899914 0.0 0.0 0.3222149788293248 0.0 0.0 0.0 0.35 0.150170467921676 0.0 0.0 
