-0.016723060783871917 0.0015954576182566184 
-0.006405749667706184 2.5559738647853403E-5 
-0.016723060783871917 0.0015954576182566184 
-0.006405749667706184 2.5559738647853403E-5 
-0.016578496480434517 9.575409198817018E-4 
-0.01672306078387191 0.0015954576182566156 
-0.016325727522196957 5.596049764490165E-4 
-0.016291883000463712 4.220030992684774E-4 
-0.01431885027398565 1.915517829315766E-4 
-0.0145950055385857 2.0476617317237618E-4 
-0.010680390154498303 6.634995277242358E-5 
-0.014012834082943407 1.7798039223330546E-4 
-0.015934435793391183 3.35532225390319E-4 
-0.010026071497439438 5.602969789735233E-5 
-0.010412765568375705 6.138149399300265E-5 
-0.015364067650695049 2.730136963743571E-4 
-0.006697009476764337 2.6576610207318117E-5 
-0.016172927648519117 3.75422656003143E-4 
-0.015564302297124957 2.818157143737382E-4 
-0.01618577559902394 4.194058816926347E-4 
-0.015011940840364148 2.2683669110812777E-4 
-0.012446145951321335 1.1120146051134044E-4 
-0.009513665354133309 5.0398287997766356E-5 
-0.007513813676001872 3.429421951231358E-5 
-0.0165707914738257 9.297923732266277E-4 
-0.009713730030098103 5.308934156155962E-5 
-0.016561909504570847 8.994319994028641E-4 
-0.016426234906216655 5.721737014512075E-4 
-0.010903694132671119 7.072434139033341E-5 
-0.01653139684331762 8.022451947119127E-4 
-0.012597931552212506 1.1761555676380721E-4 
-0.01648509763676593 6.758166846096069E-4 
-0.014781852551771045 2.141358592802166E-4 
-0.0122391301783447 1.0862336517863683E-4 
-0.006826473910725335 2.994127460223108E-5 
-0.016471892557665437 6.444066117257152E-4 
-0.007013414579647794 3.063033997287079E-5 
-0.013476064253439406 1.562888352426893E-4 
-0.015034862875896279 2.555092086878692E-4 
-0.016554138989933923 8.736363696809543E-4 
-0.016464213991025742 6.270908244817903E-4 
-0.012712853556622012 1.2728826873754478E-4 
-0.015815939140074606 3.1400209262644093E-4 
-0.008767984860251593 4.275891393097974E-5 
-0.014857543008359935 2.1822147780386082E-4 
-0.008256800400367767 3.866375763497274E-5 
-0.008494711606436533 3.974152969666268E-5 
-0.0072271329426829185 3.403509375387794E-5 
-0.0130867608210292 1.3647762721556017E-4 
-0.01327967551513604 1.4365069316407133E-4 
-0.007757489499685518 3.48773697745756E-5 
-0.015721914760219925 2.994466463191144E-4 
-0.01652176457152888 7.738529298557465E-4 
-0.00882713786906465 4.615293979578195E-5 
-0.008545364988796768 4.127073923559489E-5 
-0.011990115722171965 1.0030440310747533E-4 
-0.016095855718246246 3.671009641014878E-4 
-0.013326912336435093 1.4569509600520392E-4 
-0.01566613730610408 2.918691949908307E-4 
-0.01165070760797226 8.749889336604966E-5 
-0.016539771814643306 8.278236634147707E-4 
-0.0158754405306727 3.2436900230573186E-4 
-0.009269513280554222 4.933901387409501E-5 
-0.009039387859333843 4.616682967732096E-5 
-0.01101328079320174 7.286282128428438E-5 
-0.011134843243284804 7.419641553872056E-5 
-0.013548154528586966 1.6251809097493777E-4 
-0.009077747810958072 4.709670401282322E-5 
-0.007628107571630555 3.44791327230203E-5 
-0.016492727657274914 6.949062600539109E-4 
-0.007149981277846516 3.124063272398699E-5 
-0.011483891518915414 8.26960105673389E-5 
-0.008116648316252285 3.675070002597997E-5 
-0.011738560591892214 8.876590541906948E-5 
-0.016547581540733606 8.52423600680561E-4 
-0.007916892519074424 3.5735162700905736E-5 
-0.013670926786230388 1.6509475317076546E-4 
-0.01018061440196501 5.8186810541082394E-5 
-0.009665646530340032 5.174627952222E-5 
-0.016095855718246246 3.671009641014878E-4 
-0.013892520889301638 1.7343316860995138E-4 
-0.015141220745757706 2.57057668925637E-4 
-0.01650953581661902 7.393888602598277E-4 
-0.013044435984848177 1.334382890079803E-4 
-0.01374679571728387 1.6678818808175822E-4 
-0.016451090036563348 5.99110480216751E-4 
-0.007977426798090999 3.6101654013900794E-5 
-0.01651679052799024 7.596211835250928E-4 
-0.016500173955858302 7.142003673080036E-4 
-0.009269513280554222 4.933901387409501E-5 
-0.01150264713791596 8.381717537486223E-5 
-0.01122388038415401 7.927751253797428E-5 
-0.012916223244783028 1.3002451750230215E-4 
-0.011293846208669191 7.985296873693566E-5 
-0.011861261911049296 9.470083148223758E-5 
-0.016451090036563348 5.99110480216751E-4 
-0.013841724494819033 1.7122410329342257E-4 
-0.012110191644004965 1.0122099243444822E-4 
-0.010235233089811398 5.838890013761012E-5 
-0.012141368756788814 1.0465736320161063E-4 
