-0.01611301372473826 3.490790714687223E-4 
-0.010539517365552652 4.563476297429406E-5 
-0.01611301372473826 3.490790714687223E-4 
-0.010539517365552652 4.563476297429406E-5 
-0.013345499986567512 7.491945143867384E-5 
-0.015563162897948842 2.6363735896589634E-4 
-0.014104903780484304 1.1430592065128048E-4 
-0.015732678817928437 3.0416602860262014E-4 
-0.013469092082756026 8.187643876843742E-5 
-0.015694847423287476 2.936823123054861E-4 
-0.01419316481746229 1.2146279524139247E-4 
-0.015453087871178106 2.4101365379705972E-4 
-0.015506684224772277 2.534997638755841E-4 
-0.014573215303535668 1.6853644977689146E-4 
-0.013223661042481094 7.133722995234551E-5 
-0.014482540217460763 1.5610627941335474E-4 
-0.014281981991462196 1.2952353292608313E-4 
-0.014700564747382565 1.7795081165644633E-4 
-0.015159219644414511 2.05571793377628E-4 
-0.012858028976370818 6.161440421027784E-5 
-0.01550026682117642 2.4963690679093696E-4 
-0.01274469747126325 6.0502871169301165E-5 
-0.010835641282654377 4.6072704296814976E-5 
-0.011690424278350625 4.943964500544373E-5 
-0.01295209541339692 6.47575832227697E-5 
-0.015095356242426444 2.0005142918771916E-4 
-0.015751740513662238 3.0974260120862754E-4 
-0.014310752028874548 1.368265916091533E-4 
-0.014994160738818322 1.9390229375395953E-4 
-0.012618247223241348 5.934218646719946E-5 
-0.014434126279649313 1.500739575541769E-4 
-0.012320690978546989 5.5085136158693904E-5 
-0.015657302230254494 2.832747773326465E-4 
-0.01421248200258503 1.2602047114363023E-4 
-0.015208284168324352 2.097502675012518E-4 
-0.015584227376202194 2.6950329444547894E-4 
-0.015676724449672892 2.88647264367018E-4 
-0.013044387917697537 6.602950854897145E-5 
-0.012039622977804414 5.2426321145868215E-5 
-0.01562776224433289 2.784032833664992E-4 
-0.010696454737945608 4.575413073271762E-5 
-0.013847107971602064 9.938494580550929E-5 
-0.012208454542856184 5.440399492723347E-5 
-0.011211814583357094 4.721351279249269E-5 
-0.0143484907041364 1.3982133587726834E-4 
-0.015400752882979821 2.3195652277975998E-4 
-0.01388118507075569 1.0427345297204561E-4 
-0.015409282625392266 2.3715544894549663E-4 
-0.013952145081512535 1.0563503401177472E-4 
-0.015054448181496441 1.9675484798277064E-4 
-0.015230300218518943 2.1456917342788158E-4 
-0.010954999728659357 4.644398549989889E-5 
-0.01138098387842055 4.828249450079215E-5 
-0.011787275620463781 5.0427877127372704E-5 
-0.015615519098708553 2.732979845850637E-4 
-0.014837491831981353 1.8451536854480357E-4 
-0.012139642418010297 5.2896171900821895E-5 
-0.012418077832029402 5.595862797717037E-5 
-0.011927747093428896 5.205776745403087E-5 
-0.015324637574838682 2.2200123605568898E-4 
-0.014938469825675395 1.8929291085927776E-4 
-0.014364987882921551 1.4590103509484937E-4 
-0.014043598471462502 1.1008912244409278E-4 
-0.011285076618974182 4.7992363382695E-5 
-0.011087123058816855 4.672738302794443E-5 
-0.013807344886048298 9.610323849106338E-5 
-0.015956640919222834 3.2236198258258914E-4 
-0.012554636304194636 5.731982545812694E-5 
-0.014509202154148077 1.622962719321642E-4 
-0.013761070635476848 9.417843206793712E-5 
-0.014620644667048426 1.7327007779812328E-4 
-0.013693043544664867 9.270953798485245E-5 
-0.01148116562816977 4.8682174905799E-5 
-0.016030242416252238 3.3367953988553117E-4 
-0.013584216593491296 8.500406324745583E-5 
-0.014003045870103571 1.0949983964166283E-4 
-0.015360587986810939 2.2781015840482225E-4 
-0.013539060300315164 8.295512481801958E-5 
-0.011851305771339748 5.198517791956071E-5 
-0.016079371127966185 3.4247869241485203E-4 
-0.013614081122456694 8.831838418647074E-5 
-0.01312016555206492 6.805267211011557E-5 
-0.013148764447370793 6.929095154929572E-5 
-0.015914347741096763 3.1687050552726026E-4 
-0.012485873594158073 5.6832086446353196E-5 
-0.013671583145478308 8.948440964651618E-5 
-0.010617939182442757 4.568799972474981E-5 
-0.016113013724738258 3.4907907146872213E-4 
-0.015908229776447225 3.161372720756796E-4 
-0.016066587994216733 3.4009326832144316E-4 
-0.01604015967798078 3.3537548472191165E-4 
-0.014416582073727492 1.4660655408006994E-4 
-0.011547754996300725 4.8729151411786E-5 
-0.015325183903085612 2.266452004518759E-4 
-0.014509202154148077 1.622962719321642E-4 
-0.015863264243700534 3.112223717636212E-4 
-0.011036227339828007 4.65358611403678E-5 
-0.01479406924105343 1.8304096063097584E-4 
-0.015863264243700537 3.1122237176362135E-4 
-0.015288923440279246 2.1798595160297938E-4 
