-0.01611301372473826 3.490790714687223E-4 
-0.01611301372473826 3.490790714687223E-4 
-0.010487087812066283 4.5659260788381386E-5 
-0.013417616742568868 7.763359169044694E-5 
-0.013156652445426357 6.937150119844953E-5 
-0.01286515692028964 6.20821288239578E-5 
-0.014637186533560212 1.7217329811241986E-4 
-0.010868510137110793 4.6066040955605005E-5 
-0.015665423821577144 2.8710687026003523E-4 
-0.01600927790103484 3.302280627055118E-4 
-0.014294324565509161 1.2969491223930192E-4 
-0.013945682126610534 1.0579972632645488E-4 
-0.013538123246185056 8.328345772542212E-5 
-0.013064532423678079 6.575592572457926E-5 
-0.015542925150074213 2.618273327711503E-4 
-0.010631833359237609 4.606541559187477E-5 
-0.01295358941385397 6.555749596425748E-5 
-0.012731683031897275 5.9926297874599534E-5 
-0.014125345063791303 1.166636994702985E-4 
-0.01118547343304377 4.712298143316449E-5 
-0.011683727356804306 5.0142866268507334E-5 
-0.015694181885751564 2.971827406639235E-4 
-0.011038673771600819 4.6502490475700185E-5 
-0.014866692526901187 1.8866820533336675E-4 
-0.015523113725798836 2.5484183259721996E-4 
-0.01483034151093669 1.8396503897255106E-4 
-0.01476341325084412 1.8063620323921E-4 
-0.013875486102929026 1.011930200883133E-4 
-0.015965466639169063 3.2360107765560836E-4 
-0.013737772733174183 9.327634725270369E-5 
-0.01490475254683575 1.9374846818208022E-4 
-0.01592322568841736 3.1796200436925314E-4 
-0.014048146468699384 1.112862549653279E-4 
-0.012529614504558088 5.6691474453052085E-5 
-0.01558736225412253 2.695034011799013E-4 
-0.01562849108596777 2.7668387940780597E-4 
-0.015280499639372091 2.1713690646858757E-4 
-0.011899676024930158 5.103066547626022E-5 
-0.011812210084123718 5.017280759768686E-5 
-0.014233532550670962 1.265473366478717E-4 
-0.015713210033450664 3.027878099662652E-4 
-0.011573553038892757 4.912031862746182E-5 
-0.01454745073498892 1.6497640816581178E-4 
-0.01509115443324923 1.9972988482631972E-4 
-0.01326261909209319 7.27896733261681E-5 
-0.015313271077866751 2.2326571356214145E-4 
-0.015222232039782822 2.1230350691350537E-4 
-0.013672271354530639 8.997330956019614E-5 
-0.01567472141203311 2.909565845550849E-4 
-0.015395249730904378 2.3657526340568208E-4 
-0.014171511670732138 1.238237432062587E-4 
-0.01362496724969604 8.760620288376955E-5 
-0.014027964735508415 1.0883017305736974E-4 
-0.01454745073498892 1.6497640816581178E-4 
-0.015169396090256079 2.06662952251232E-4 
-0.015750138659960465 3.095693883636958E-4 
-0.013340056429299644 7.613798921033655E-5 
-0.015456664216133134 2.429833270129341E-4 
-0.0149969438769758 1.9504903894834434E-4 
-0.01376078697130689 9.867774898756995E-5 
-0.01201314580655109 5.189939201363127E-5 
-0.014694138548403842 1.7776190931167996E-4 
-0.015379246579349807 2.3109489266492488E-4 
-0.015580487242889907 2.662814842956144E-4 
-0.015863264243700537 3.112223717636214E-4 
-0.01548448637576929 2.471461192612094E-4 
-0.015496603343002043 2.5068426166729584E-4 
-0.014455550810612134 1.5892887493309802E-4 
-0.015045347536428118 1.9638243389498547E-4 
-0.012674017209460592 5.8044841779847896E-5 
-0.01413505452653353 1.2075781948874899E-4 
-0.010945552185728818 4.622336255863482E-5 
-0.01225915991389067 5.439622634162826E-5 
-0.01562849108596777 2.7668387940780597E-4 
-0.016091528828080293 3.4481000257884694E-4 
-0.01354782302844318 8.565999608039867E-5 
-0.014426782527407851 1.4824112590039468E-4 
-0.01245838377955182 5.6652026665725637E-5 
-0.015735164632255716 3.0745905358720385E-4 
-0.011282182375119144 4.7308103929757455E-5 
-0.013825060490934961 9.876485343945639E-5 
-0.012382359574181146 5.57484672847581E-5 
-0.014652928049493145 1.7642076072718472E-4 
-0.012175634087559596 5.363388748930575E-5 
-0.014426782527407851 1.4824112590039468E-4 
-0.014369201501744868 1.412936266233909E-4 
-0.012329151741689148 5.493552119167186E-5 
-0.015243332410478577 2.1446834521397727E-4 
-0.014350270909810182 1.3633677378471626E-4 
-0.014369201501744868 1.412936266233909E-4 
-0.01606802984587426 3.4035895239431675E-4 
-0.015941864334036947 3.2035940754868787E-4 
-0.015863264243700534 3.112223717636211E-4 
-0.014350270909810182 1.3633677378471626E-4 
-0.013279922665655012 7.466414776465745E-5 
-0.016041757678690968 3.3565255656939423E-4 
-0.015369037147708106 2.2789191296984488E-4 
-0.012066914289183356 5.2195487535497424E-5 
-0.012127948139655315 5.311740287134428E-5 
-0.01145620794407827 4.8178771931626684E-5 
