0.0 0.30000000000000027 0.0 0.0 0.0 0.0 0.0 0.35 0.35 0.0 0.0 
0.10609822370836901 0.14306924005829655 0.34823457917722633 0.20393812387807975 0.0 0.0 0.19865983317802843 0.0 0.0 0.0 0.0 
0.0 0.30000000000000027 0.0 0.0 0.0 0.0 0.0 0.35 0.35 0.0 0.0 
0.10609822370836901 0.14306924005829655 0.34823457917722633 0.20393812387807975 0.0 0.0 0.19865983317802843 0.0 0.0 0.0 0.0 
0.10149278895994576 0.11595179323660951 0.3088987041665479 0.12047776184210106 0.0 0.0 0.14569468768384794 0.20748426411094784 0.0 0.0 0.0 
0.22653561948787104 0.0 0.270920354424362 0.0 0.0 0.0 0.0 0.28913259845888134 0.11328366349320636 0.10012776413567921 0.0 
0.10220167511374054 0.18958929824018744 0.30402906753512726 0.18691290609559727 0.0 0.0 0.2172670530153475 0.0 0.0 0.0 0.0 
0.1123849627429566 0.11489234016492729 0.35 0.1400919358249707 0.0 0.0 0.1627545750046798 0.11987618626246564 0.0 0.0 0.0 
0.0 0.18798743299549023 0.0 0.0 0.0 0.0 0.11201256700450991 0.35 0.35 0.0 0.0 
0.0 0.2999999999999998 0.0 0.0 0.0 0.0 0.0 0.35 0.35 0.0 0.0 
0.0 0.20638038162461994 0.0 0.0 0.0 0.0 0.11425582169900968 0.35 0.3293637966763704 0.0 0.0 
0.1000040834331631 0.19999591656683705 0.0 0.0 0.0 0.0 0.0 0.35 0.35 0.0 0.0 
0.2013619456209808 0.15449302983537833 0.0 0.0 0.0 0.0 0.0 0.34986185118228513 0.29428317336135573 0.0 0.0 
0.15891447899998917 0.1493300854985 0.0 0.0 0.0 0.0 0.0 0.35 0.34175543550151094 0.0 0.0 
0.1113601957480603 0.11650754527734922 0.3206422296370258 0.14075981043959238 0.0 0.0 0.1314752463509994 0.17925497254697284 0.0 0.0 0.0 
0.10078018175935868 0.10901485262953158 0.3261600526843498 0.12169385787757525 0.0 0.0 0.15147175855978662 0.19087929648939814 0.0 0.0 0.0 
0.10243986820614688 0.10401995235785856 0.0 0.0 0.0 0.0 0.0 0.35 0.325303865773512 0.11823631366248259 0.0 
0.13006163549721778 0.10378099012624917 0.0 0.0 0.0 0.0 0.0 0.34735529401589327 0.3089220464739989 0.10988003388664085 0.0 
0.18555164057056406 0.0 0.11517842220602147 0.0 0.0 0.0 0.0 0.3485633195426265 0.25000147279166735 0.1007051448891206 0.0 
0.10106139044408627 0.1093190386588535 0.32707014272214163 0.12203342235459606 0.0 0.0 0.1338837091527152 0.20663229666760735 0.0 0.0 0.0 
0.11669908267908082 0.10174122724081823 0.0 0.0 0.0 0.0 0.0 0.35 0.3129568942628399 0.11860279581726108 0.0 
0.19914851930924723 0.0 0.11479900269395148 0.0 0.0 0.0 0.0 0.34953528321249605 0.21191134277163734 0.12460585201266788 0.0 
0.18655894577048449 0.0 0.14900022999357512 0.0 0.0 0.0 0.0 0.35 0.2090032656405801 0.1054375585953603 0.0 
0.23400290055070477 0.10677303056102613 0.0 0.0 0.0 0.0 0.0 0.35 0.18034816567228656 0.12887590321598255 0.0 
0.22222924348916845 0.0 0.2592898024252248 0.0 0.0 0.0 0.0 0.3061808540643582 0.11202625038874645 0.10027384963250195 0.0 
0.19781523221273514 0.0 0.24033646337769024 0.0 0.0 0.0 0.0 0.3421420443144938 0.11630479989505053 0.10340146020003031 0.0 
0.19893338429709628 0.0 0.11738721921941675 0.0 0.0 0.0 0.0 0.35 0.22099405740360512 0.11268533907988179 0.0 
0.13885757479665853 0.10619768765880111 0.0 0.0 0.0 0.0 0.0 0.3496037163048931 0.2984970108443893 0.10684401039525801 0.0 
0.16299009116206284 0.0 0.17503487438925844 0.0 0.0 0.0 0.0 0.3418958154361788 0.21588425348487014 0.10419496552762973 0.0 
0.0 0.18798743299549023 0.0 0.0 0.0 0.0 0.11201256700450991 0.35 0.35 0.0 0.0 
0.14492223407914087 0.10551070517995781 0.0 0.0 0.0 0.0 0.0 0.34758176507773286 0.2897813089275932 0.11220398673557525 0.0 
0.2103876286662008 0.0 0.21712375571373538 0.0 0.0 0.0 0.0 0.3482909030606714 0.11913541318780825 0.10506229937158433 0.0 
0.2177334864158734 0.10303724641819552 0.0 0.0 0.0 0.0 0.0 0.35 0.21902303193465567 0.11020623523127555 0.0 
0.10468455411333778 0.11830543221298861 0.3397634186091675 0.1320625298288092 0.0 0.0 0.15233561944949278 0.15284844578620418 0.0 0.0 0.0 
0.17722195773609303 0.0 0.11351659405403813 0.0 0.0 0.0 0.0 0.35 0.24057425128021787 0.11868719692965092 0.0 
0.1944688245491452 0.0 0.18568327621021385 0.0 0.0 0.0 0.0 0.35 0.16374811525366684 0.10609978398697419 0.0 
0.18696705834650304 0.1182586016666486 0.0 0.0 0.0 0.0 0.0 0.35 0.3447743399868485 0.0 0.0 
0.20282200813297446 0.0 0.21108805286952573 0.0 0.0 0.0 0.0 0.35 0.13302952027004694 0.10306041872745274 0.0 
0.0 0.18621850070291882 0.0 0.0 0.0 0.0 0.12179968210232746 0.3489357680103144 0.34304604918443937 0.0 0.0 
0.14713299620602296 0.1528670037939771 0.0 0.0 0.0 0.0 0.0 0.35 0.35 0.0 0.0 
0.11030163213809564 0.11607391441049954 0.3498599228109193 0.13514092743080486 0.0 0.0 0.15145920119297557 0.13716440201670516 0.0 0.0 0.0 
0.22616768066815132 0.0 0.27104923187231755 0.0 0.0 0.0 0.0 0.289270139514035 0.11333755279760019 0.10017539514789578 0.0 
0.19905256325865872 0.11064693530480767 0.0 0.0 0.0 0.0 0.0 0.35 0.34030050143653356 0.0 0.0 
0.11603273628273524 0.1174735471033565 0.3452953206916427 0.1486220774071411 0.0 0.0 0.13955467730094773 0.13302164121417676 0.0 0.0 0.0 
0.14648664966707212 0.1069473037968052 0.0 0.0 0.0 0.0 0.0 0.34970586936945147 0.2932045013561072 0.10365567581056395 0.0 
0.17278511708879338 0.10724278540551199 0.0 0.0 0.0 0.0 0.0 0.35 0.2574553553167044 0.11251674218899019 0.0 
0.10613538822472227 0.19386461177527792 0.0 0.0 0.0 0.0 0.0 0.35 0.35 0.0 0.0 
0.18820949562108577 0.10397346582638452 0.0 0.0 0.0 0.0 0.0 0.35 0.2529106271463332 0.10490641140619648 0.0 
0.20911036762370877 0.0 0.2380910091058768 0.0 0.0 0.0 0.0 0.3342080853563697 0.11761256909192115 0.10097796882212354 0.0 
0.20224384275827442 0.0 0.15737532455401865 0.0 0.0 0.0 0.0 0.35 0.1828070091629841 0.10757382352472292 0.0 
0.2122848684434745 0.10591881204565239 0.0 0.0 0.0 0.0 0.0 0.35 0.20659225893897012 0.12520406057190306 0.0 
0.1972826346631373 0.10944594674720762 0.0 0.0 0.0 0.0 0.0 0.35 0.2237084568102577 0.11956296177939746 0.0 
0.2239181019480333 0.0 0.1767182534775433 0.0 0.0 0.0 0.0 0.35 0.13275849392778338 0.11660515064664007 0.0 
0.2241472871365365 0.1095183055824485 0.0 0.0 0.0 0.0 0.0 0.34828147363473805 0.20143722655452925 0.11661570709174757 0.0 
0.10494108666512883 0.11957281156414946 0.3315217535064326 0.12701005195241252 0.0 0.0 0.15678316805018513 0.1601711282616914 0.0 0.0 0.0 
0.166484404389225 0.1032997942404137 0.0 0.0 0.0 0.0 0.0 0.3441704234583504 0.28026685498574794 0.10577852292626296 0.0 
0.1907781913728348 0.0 0.17794080359407372 0.0 0.0 0.0 0.0 0.35 0.17311587950461355 0.10816512552847801 0.0 
0.1277179221957912 0.17228207780420882 0.0 0.0 0.0 0.0 0.0 0.35 0.35 0.0 0.0 
0.15012608894590004 0.10238009189765734 0.0 0.0 0.0 0.0 0.0 0.34805262575003915 0.28318694932759103 0.11625424407881264 0.0 
0.18702324263148287 0.0 0.16033058893153557 0.0 0.0 0.0 0.0 0.35 0.191975871350353 0.11067029708662864 0.0 
0.1988301272015797 0.0 0.11461546582130669 0.0 0.0 0.0 0.0 0.35 0.2323146839172976 0.10423972305981606 0.0 
0.0 0.2999999999999998 0.0 0.0 0.0 0.0 0.0 0.35 0.35 0.0 0.0 
0.20149209743031796 0.0 0.167904221528089 0.0 0.0 0.0 0.0 0.35 0.17609398986078995 0.10450969118080308 0.0 
0.17489185173919053 0.16050514550278705 0.0 0.0 0.0 0.0 0.0 0.35 0.3146030027580225 0.0 0.0 
0.10696713146681398 0.10528816715817181 0.0 0.0 0.0 0.0 0.0 0.34721886037057087 0.3261907400453191 0.11433510095912433 0.0 
0.23356395069803068 0.0 0.23497243134703416 0.0 0.0 0.0 0.0 0.31455695792132154 0.11501782072456791 0.10188883930904552 0.0 
0.10494108666512883 0.11957281156414946 0.3315217535064326 0.12701005195241252 0.0 0.0 0.15678316805018513 0.1601711282616914 0.0 0.0 0.0 
0.2048602445837679 0.0 0.21320935798649113 0.0 0.0 0.0 0.0 0.3434678997352837 0.13436638513861784 0.10409611255583949 0.0 
0.22958560290078459 0.10429477901013029 0.0 0.0 0.0 0.0 0.0 0.35 0.19014875613400825 0.12597086195507692 0.0 
0.19268918286540876 0.10389694200364434 0.0 0.0 0.0 0.0 0.0 0.34449717390306006 0.25306039688141785 0.10585630434646898 0.0 
0.2246694636816378 0.0 0.2538516421277627 0.0 0.0 0.0 0.0 0.31285946124038166 0.10699449413835788 0.10162493881186008 0.0 
0.20271422831090344 0.12933686274938383 0.0 0.0 0.0 0.0 0.0 0.35 0.3179489089397127 0.0 0.0 
0.17911889455943275 0.10822512357018169 0.0 0.0 0.0 0.0 0.0 0.35 0.238549155025433 0.12410682684495251 0.0 
0.22500189818305635 0.0 0.23446954212580526 0.0 0.0 0.0 0.0 0.3252267785920103 0.11478187374978549 0.10051990734934242 0.0 
0.15759171871290478 0.10079167885104096 0.0 0.0 0.0 0.0 0.0 0.34386170646268654 0.2868927098748569 0.11086218609851087 0.0 
0.11634377408888466 0.10131750221768353 0.0 0.0 0.0 0.0 0.0 0.34854046941746786 0.32176518064535653 0.11203307363060734 0.0 
0.11265480483100418 0.1873451951689959 0.0 0.0 0.0 0.0 0.0 0.35 0.35 0.0 0.0 
0.17536402396620782 0.10613174621779412 0.0 0.0 0.0 0.0 0.0 0.3459926518277861 0.2692570217870705 0.10325455620114159 0.0 
0.20319212424290936 0.13908005894704703 0.0 0.0 0.0 0.0 0.0 0.35 0.3077278168100437 0.0 0.0 
0.10445816942892698 0.16721846584024008 0.3255762203485636 0.20241807475479834 0.0 0.0 0.20032906962747096 0.0 0.0 0.0 0.0 
0.19519041904640863 0.1359209689209726 0.0 0.0 0.0 0.0 0.0 0.35 0.31888861203261887 0.0 0.0 
0.13582175828187937 0.16417824171812073 0.0 0.0 0.0 0.0 0.0 0.35 0.35 0.0 0.0 
0.22614837763187604 0.0 0.2443400589797097 0.0 0.0 0.0 0.0 0.3142535392140722 0.11498432732083456 0.1002736968535076 0.0 
0.1742895028574205 0.105481437225994 0.0 0.0 0.0 0.0 0.0 0.35 0.2676071830855181 0.10262187683106753 0.0 
0.11642055662234364 0.10193325025002084 0.0 0.0 0.0 0.0 0.0 0.35 0.3211441986913604 0.11050199443627527 0.0 
0.1817983205100093 0.1293299407094097 0.0 0.0 0.0 0.0 0.0 0.35 0.3388717387805811 0.0 0.0 
0.13864399361195018 0.16135600638804987 0.0 0.0 0.0 0.0 0.0 0.35 0.35 0.0 0.0 
0.1988301272015797 0.0 0.11461546582130669 0.0 0.0 0.0 0.0 0.35 0.2323146839172976 0.10423972305981606 0.0 
0.18825292072467759 0.10469637577920456 0.0 0.0 0.0 0.0 0.0 0.3461231961024489 0.23976318322275153 0.12116432417091749 0.0 
0.22013588072850748 0.0 0.23594171719548535 0.0 0.0 0.0 0.0 0.3272687954403165 0.11550256016156232 0.10115104647412843 0.0 
0.20542639975695445 0.11418994657341372 0.0 0.0 0.0 0.0 0.0 0.35 0.3303836536696318 0.0 0.0 
0.1051897091298859 0.15762190696337547 0.3278562902767962 0.2038356456224896 0.0 0.0 0.20549644800745281 0.0 0.0 0.0 0.0 
0.10652487605993961 0.12025816556978397 0.34590327858195147 0.13852772426756185 0.0 0.0 0.14113488931586815 0.147651066204895 0.0 0.0 0.0 
0.18958714826239803 0.0 0.19372388865934173 0.0 0.0 0.0 0.0 0.35 0.15447993025016363 0.11220903282809662 0.0 
0.17805121949294594 0.11325423973893906 0.0 0.0 0.0 0.0 0.0 0.35 0.2243596772033094 0.13433486356480565 0.0 
0.19964708185614438 0.0 0.1948234611746686 0.0 0.0 0.0 0.0 0.34472349385209883 0.15548719257490506 0.1053187705421831 0.0 
0.20355247242624086 0.13644005516111687 0.0 0.0 0.0 0.0 0.0 0.35 0.31000747241264237 0.0 0.0 
0.10652487605993961 0.12025816556978397 0.34590327858195147 0.13852772426756185 0.0 0.0 0.14113488931586815 0.147651066204895 0.0 0.0 0.0 
0.10445816942892698 0.16721846584024008 0.3255762203485636 0.20241807475479834 0.0 0.0 0.20032906962747096 0.0 0.0 0.0 0.0 
0.1887097861575057 0.0 0.16708744023397173 0.0 0.0 0.0 0.0 0.3497419425048765 0.19311582819898798 0.10134500290465819 0.0 
