0.0 0.30000000000000027 0.0 0.0 0.0 0.0 0.0 0.35 0.35 0.0 0.0 
0.21568958542837915 0.0 0.35 0.0 0.0 0.0 0.0 0.32855723255092867 0.1057531820206922 0.0 0.0 
0.0 0.30000000000000027 0.0 0.0 0.0 0.0 0.0 0.35 0.35 0.0 0.0 
0.0 0.19376706744192637 0.0 0.0 0.0 0.0 0.10706128005584874 0.35 0.349171652502225 0.0 0.0 
0.0 0.2999999999999998 0.0 0.0 0.0 0.0 0.0 0.35 0.35 0.0 0.0 
0.0 0.19041964528117045 0.0 0.0 0.0 0.0 0.12183767766636287 0.35 0.33774267705246663 0.0 0.0 
0.10003688004240505 0.19996311995759508 0.0 0.0 0.0 0.0 0.0 0.35 0.35 0.0 0.0 
0.0 0.2999999999999998 0.0 0.0 0.0 0.0 0.0 0.35 0.35 0.0 0.0 
0.16747464610522636 0.10429866320410995 0.1742800067081918 0.0 0.0 0.0 0.0 0.34955646539892504 0.20439021858354686 0.0 0.0 
0.21812942395629584 0.15332662788795232 0.0 0.0 0.0 0.0 0.0 0.35 0.27854394815575184 0.0 0.0 
0.18756435410476902 0.13479977955844052 0.0 0.0 0.0 0.0 0.0 0.35 0.3276358663367905 0.0 0.0 
0.20307009438500637 0.0 0.27947847135634374 0.0 0.0 0.0 0.0 0.35 0.16745143425864986 0.0 0.0 
0.1253414725412447 0.17465852745875549 0.0 0.0 0.0 0.0 0.0 0.35 0.35 0.0 0.0 
0.11351358711050237 0.18648641288949763 0.0 0.0 0.0 0.0 0.0 0.35 0.35 0.0 0.0 
0.2102169692734698 0.0 0.26789831165298633 0.0 0.0 0.0 0.0 0.35 0.17188471907354394 0.0 0.0 
0.2050207828002067 0.1447112168816883 0.0 0.0 0.0 0.0 0.0 0.35 0.30026800031810513 0.0 0.0 
0.13879708682238726 0.11689101972054024 0.12001931781368368 0.0 0.0 0.0 0.0 0.35 0.27429257564338877 0.0 0.0 
0.19579930990012354 0.10080001613350863 0.12846080732818443 0.0 0.0 0.0 0.0 0.35 0.22493986663818336 0.0 0.0 
0.184905421595099 0.13264643433630421 0.0 0.0 0.0 0.0 0.0 0.35 0.3324481440685968 0.0 0.0 
0.19100291802404687 0.10655220278521808 0.16391756608921293 0.0 0.0 0.0 0.0 0.35 0.188527313101522 0.0 0.0 
0.1959597740861484 0.1018209326393902 0.20685991671384454 0.0 0.0 0.0 0.0 0.3485869703712275 0.1467724061893894 0.0 0.0 
0.1528701757737141 0.14712982422628604 0.0 0.0 0.0 0.0 0.0 0.35 0.35 0.0 0.0 
0.1994254605212975 0.10393210615873084 0.17515728709038017 0.0 0.0 0.0 0.0 0.35 0.17148514622959143 0.0 0.0 
0.22407071949233295 0.1644680122410265 0.0 0.0 0.0 0.0 0.0 0.35 0.2614612682666406 0.0 0.0 
0.19200609609985608 0.14165046992335717 0.0 0.0 0.0 0.0 0.0 0.35 0.3163434339767869 0.0 0.0 
0.23368122568743055 0.1405248299050786 0.0 0.0 0.0 0.0 0.0 0.35 0.27579394440749083 0.0 0.0 
0.19836871971792955 0.17380432165116863 0.0 0.0 0.0 0.0 0.0 0.35 0.2778269586309019 0.0 0.0 
0.16848575546962433 0.1095782077821282 0.10428185901815225 0.0 0.0 0.0 0.0 0.35 0.26765417773009526 0.0 0.0 
0.20200791473334637 0.10235509713597139 0.17905761727346656 0.0 0.0 0.0 0.0 0.35 0.16657937085721572 0.0 0.0 
0.15745746825445142 0.1067475871736536 0.10493657338620321 0.0 0.0 0.0 0.0 0.35 0.28085837118569174 0.0 0.0 
0.13685117792483148 0.10281123463398445 0.10231995362778501 0.0 0.0 0.0 0.0 0.35 0.30801763381339914 0.0 0.0 
0.19942731595609778 0.0 0.3484142829313927 0.0 0.0 0.0 0.0 0.35 0.10215840111250943 0.0 0.0 
0.12871466756823816 0.10236144013903725 0.10338636160040209 0.0 0.0 0.0 0.0 0.35 0.3155375306923225 0.0 0.0 
0.18096257676537753 0.10809743577442786 0.13325414174923086 0.0 0.0 0.0 0.0 0.3499999999999999 0.22768584571096373 0.0 0.0 
0.14396869701466125 0.10548766946090993 0.10575846548564904 0.0 0.0 0.0 0.0 0.35 0.2947851680387798 0.0 0.0 
0.2072382637843424 0.11980302415189588 0.0 0.0 0.0 0.0 0.0 0.35 0.32295871206376175 0.0 0.0 
0.1832695855690513 0.10307274216804767 0.143301668336411 0.0 0.0 0.0 0.0 0.34787243480971713 0.2224835691167729 0.0 0.0 
0.21056952957408412 0.0 0.2869630506056123 0.0 0.0 0.0 0.0 0.34359412314931 0.15887329667099354 0.0 0.0 
0.20194097826563626 0.0 0.3499999999999999 0.0 0.0 0.0 0.0 0.3435585361707343 0.10450048556362944 0.0 0.0 
0.2249976533948643 0.0 0.23908440683230686 0.0 0.0 0.0 0.0 0.35 0.18591793977282886 0.0 0.0 
0.13958397689099467 0.1147854172702354 0.10899330407912158 0.0 0.0 0.0 0.0 0.35 0.28663730175964847 0.0 0.0 
0.213231310458101 0.0 0.3076034146663663 0.0 0.0 0.0 0.0 0.35 0.1291652748755327 0.0 0.0 
0.17505005626202746 0.1049804366191146 0.1640421302953845 0.0 0.0 0.0 0.0 0.35 0.20592737682347348 0.0 0.0 
0.1958346211904671 0.0 0.34431760557516783 0.0 0.0 0.0 0.0 0.3474465871047649 0.1124011861296002 0.0 0.0 
0.2169674922298728 0.0 0.2569553195515755 0.0 0.0 0.0 0.0 0.35 0.17607718821855176 0.0 0.0 
0.20869033121258135 0.0 0.29712401124556254 0.0 0.0 0.0 0.0 0.35 0.1441856575418561 0.0 0.0 
0.2060372421044283 0.1625024176399904 0.0 0.0 0.0 0.0 0.0 0.35 0.2814603402555813 0.0 0.0 
0.13035630703626533 0.10356274270422293 0.10334811047520365 0.0 0.0 0.0 0.0 0.35 0.3127328397843082 0.0 0.0 
0.1845379532210431 0.1057753493601159 0.10152943652947012 0.0 0.0 0.0 0.0 0.35 0.25815726088937097 0.0 0.0 
0.19590821981603654 0.10245698025925881 0.19475200021949796 0.0 0.0 0.0 0.0 0.3498629194988533 0.1570198802063534 0.0 0.0 
0.1832165362822145 0.10466373452287546 0.11734487214281462 0.0 0.0 0.0 0.0 0.35 0.24477485705209556 0.0 0.0 
0.20301455814962377 0.0 0.3093115853578597 0.0 0.0 0.0 0.0 0.3488852536582246 0.13878860283429179 0.0 0.0 
0.16675927248929026 0.15210672087884916 0.0 0.0 0.0 0.0 0.0 0.35 0.3311340066318607 0.0 0.0 
0.20426045537613902 0.10645190075876207 0.1794039092601685 0.0 0.0 0.0 0.0 0.34646580951616535 0.163417925088765 0.0 0.0 
0.1816531591423907 0.10584002004770429 0.15420756586623333 0.0 0.0 0.0 0.0 0.34971301475003913 0.20858624019363253 0.0 0.0 
0.19585159921666337 0.0 0.2923131129001267 0.0 0.0 0.0 0.0 0.35 0.1618352878832101 0.0 0.0 
0.21381878842284577 0.0 0.34929528851501257 0.0 0.0 0.0 0.0 0.33247021636156376 0.10441570670057798 0.0 0.0 
0.23030443565686862 0.0 0.2867091310531025 0.0 0.0 0.0 0.0 0.35 0.1329864332900289 0.0 0.0 
0.19742843472640004 0.10937375638210685 0.11144606794817827 0.0 0.0 0.0 0.0 0.35 0.2317517409433149 0.0 0.0 
0.1771737481722612 0.11118890183266482 0.10216090356824789 0.0 0.0 0.0 0.0 0.35 0.25947644642682616 0.0 0.0 
0.13828819706372597 0.10389081402893535 0.10709963117221726 0.0 0.0 0.0 0.0 0.34710698167855764 0.3036143760565638 0.0 0.0 
0.1935091946899185 0.1016121698811735 0.20173668670339595 0.0 0.0 0.0 0.0 0.3498210076629756 0.15332094106253652 0.0 0.0 
0.18776453012218575 0.0 0.33643801530553635 0.0 0.0 0.0 0.0 0.34601571210200893 0.12978174247026894 0.0 0.0 
0.19754875828927823 0.10262641062555215 0.20111952615354267 0.0 0.0 0.0 0.0 0.35 0.14870530493162695 0.0 0.0 
0.2064348362207556 0.0 0.28401763961403725 0.0 0.0 0.0 0.0 0.35 0.15954752416520707 0.0 0.0 
0.1407984227302776 0.15920157726972248 0.0 0.0 0.0 0.0 0.0 0.35 0.35 0.0 0.0 
0.18557581278874696 0.10865080405933424 0.1099155476307691 0.0 0.0 0.0 0.0 0.35 0.2458578355211498 0.0 0.0 
0.14792923574022734 0.11480768657236866 0.131209946660407 0.0 0.0 0.0 0.0 0.35 0.25605313102699706 0.0 0.0 
0.2063219345724569 0.11743403244206438 0.1259673466289253 0.0 0.0 0.0 0.0 0.35 0.2002766863565534 0.0 0.0 
0.1705625495431332 0.11722549621366597 0.101639331982254 0.0 0.0 0.0 0.0 0.35 0.2605726222609469 0.0 0.0 
0.21080603347938584 0.0 0.34856910740461 0.0 0.0 0.0 0.0 0.33858152104545286 0.10204333807055124 0.0 0.0 
0.1798853565736104 0.11305256402316327 0.2007379403863096 0.0 0.0 0.0 0.0 0.35 0.15632413901691664 0.0 0.0 
0.22586594072238514 0.0 0.24479458791130893 0.0 0.0 0.0 0.0 0.35 0.17933947136630607 0.0 0.0 
0.15370261683907757 0.11129249854460024 0.17244163497172585 0.0 0.0 0.0 0.0 0.35 0.21256324964459647 0.0 0.0 
0.19525923536051062 0.10633771406302762 0.17124393020473652 0.0 0.0 0.0 0.0 0.34702604792257763 0.1801330724491476 0.0 0.0 
0.19684707668708545 0.0 0.3014135826391756 0.0 0.0 0.0 0.0 0.35 0.15173934067373895 0.0 0.0 
0.17634792104540953 0.10409664276439194 0.1777656427305468 0.0 0.0 0.0 0.0 0.3485613396449759 0.19322845381467607 0.0 0.0 
0.17130691372975612 0.13787615689647637 0.0 0.0 0.0 0.0 0.0 0.35 0.34081692937376745 0.0 0.0 
0.2026265661306333 0.0 0.26482750348408 0.0 0.0 0.0 0.0 0.35 0.18254593038528677 0.0 0.0 
0.2092911672782965 0.0 0.3478945682989505 0.0 0.0 0.0 0.0 0.34039433388870277 0.10241993053405034 0.0 0.0 
0.19963552101805734 0.10373085513495711 0.1643194568770795 0.0 0.0 0.0 0.0 0.35 0.1823141669699061 0.0 0.0 
0.2104217007392542 0.0 0.3143449043318939 0.0 0.0 0.0 0.0 0.35 0.12523339492885194 0.0 0.0 
0.13204025788474974 0.1679597421152502 0.0 0.0 0.0 0.0 0.0 0.35 0.35 0.0 0.0 
0.18814090171566894 0.10673930346921813 0.10697620322883589 0.0 0.0 0.0 0.0 0.35 0.248143591586277 0.0 0.0 
0.19454676959292416 0.10594970690457788 0.1706190919585323 0.0 0.0 0.0 0.0 0.3457598124016346 0.18312461914233105 0.0 0.0 
0.20203061502451009 0.1409170584015253 0.0 0.0 0.0 0.0 0.0 0.35 0.3070523265739646 0.0 0.0 
0.1727526410777463 0.1095065299035011 0.11469645899574042 0.0 0.0 0.0 0.0 0.35 0.25304437002301217 0.0 0.0 
0.19728736165721356 0.10150145284361226 0.11875584976246163 0.0 0.0 0.0 0.0 0.35 0.23245533573671262 0.0 0.0 
0.13412038774034907 0.1658796122596509 0.0 0.0 0.0 0.0 0.0 0.35 0.35 0.0 0.0 
0.10114614157190524 0.19885385842809486 0.0 0.0 0.0 0.0 0.0 0.35 0.35 0.0 0.0 
0.14761356219070687 0.11588522440634072 0.10486743102769348 0.0 0.0 0.0 0.0 0.348870787590474 0.28276299478478506 0.0 0.0 
0.16051748743189093 0.13948251256810915 0.0 0.0 0.0 0.0 0.0 0.35 0.35 0.0 0.0 
0.1880816293596851 0.10815316306503754 0.11494751471344924 0.0 0.0 0.0 0.0 0.35 0.2388176928618282 0.0 0.0 
0.10832230215792588 0.19167769784207425 0.0 0.0 0.0 0.0 0.0 0.35 0.35 0.0 0.0 
0.0 0.19549457473229742 0.0 0.0 0.0 0.0 0.11206884930213114 0.35 0.3424365759655714 0.0 0.0 
0.2110381591195612 0.12841226608457737 0.0 0.0 0.0 0.0 0.0 0.35 0.3105495747958615 0.0 0.0 
0.1417990954957863 0.10394437350298066 0.10271591096887979 0.0 0.0 0.0 0.0 0.3499999999999999 0.30154062003235327 0.0 0.0 
0.17023625147291935 0.10677461472795204 0.15420926036952368 0.0 0.0 0.0 0.0 0.35 0.21877987342960495 0.0 0.0 
0.19728736165721356 0.10150145284361226 0.11875584976246163 0.0 0.0 0.0 0.0 0.35 0.23245533573671262 0.0 0.0 
0.21012181017942635 0.0 0.329147708396736 0.0 0.0 0.0 0.0 0.35 0.11073048142383764 0.0 0.0 
