0.0 0.30000000000000027 0.0 0.0 0.0 0.0 0.0 0.35 0.35 0.0 0.0 
0.2207702460906496 0.0 0.348508460362755 0.0 0.0 0.0 0.0 0.3299001582458191 0.1008211353007762 0.0 0.0 
0.0 0.30000000000000027 0.0 0.0 0.0 0.0 0.0 0.35 0.35 0.0 0.0 
0.0 0.1964808526128417 0.0 0.0 0.0 0.0 0.10351914738715833 0.35 0.35 0.0 0.0 
0.0 0.2999999999999998 0.0 0.0 0.0 0.0 0.0 0.35 0.35 0.0 0.0 
0.0 0.22146507679786237 0.0 0.0 0.0 0.0 0.10379264339588681 0.3499999999999999 0.3247422798062508 0.0 0.0 
0.10017811760668296 0.19982188239331714 0.0 0.0 0.0 0.0 0.0 0.35 0.35 0.0 0.0 
0.20257385834789055 0.0 0.3247389644242945 0.0 0.0 0.0 0.0 0.35 0.12268717722781511 0.0 0.0 
0.19022757650505012 0.14428992981726488 0.0 0.0 0.0 0.0 0.0 0.3468984765178333 0.31858401715985163 0.0 0.0 
0.0 0.1964808526128417 0.0 0.0 0.0 0.0 0.10351914738715833 0.35 0.35 0.0 0.0 
0.0 0.2999999999999998 0.0 0.0 0.0 0.0 0.0 0.35 0.35 0.0 0.0 
0.20519738158721848 0.0 0.28792622593389783 0.0 0.0 0.0 0.0 0.35 0.15687639247888366 0.0 0.0 
0.20723233877194572 0.11188455480059041 0.14223487728026957 0.0 0.0 0.0 0.0 0.35 0.18864822914719442 0.0 0.0 
0.11641430052881706 0.18358569947118306 0.0 0.0 0.0 0.0 0.0 0.35 0.35 0.0 0.0 
0.19182735377466834 0.15088964835367497 0.0 0.0 0.0 0.0 0.0 0.35 0.30728299787165675 0.0 0.0 
0.1731972397155042 0.11326835849691676 0.10533840396702583 0.0 0.0 0.0 0.0 0.35 0.25819599782055314 0.0 0.0 
0.2111432692019442 0.0 0.34636415935802267 0.0 0.0 0.0 0.0 0.3409737481761355 0.10151882326389756 0.0 0.0 
0.20797749181650182 0.0 0.3075262533494708 0.0 0.0 0.0 0.0 0.35 0.13449625483402736 0.0 0.0 
0.16636278097495555 0.11629686577326835 0.12296405039150611 0.0 0.0 0.0 0.0 0.35 0.24437630286027 0.0 0.0 
0.16102884995488093 0.1389711500451191 0.0 0.0 0.0 0.0 0.0 0.35 0.35 0.0 0.0 
0.13030727627480768 0.16969272372519228 0.0 0.0 0.0 0.0 0.0 0.35 0.35 0.0 0.0 
0.20378226980526434 0.0 0.3033971312126875 0.0 0.0 0.0 0.0 0.35 0.14282059898204816 0.0 0.0 
0.10859023278871253 0.11577143830232241 0.11102980863163434 0.0 0.0 0.0 0.0 0.35 0.3146085202773307 0.0 0.0 
0.19663111905958977 0.10343409056677294 0.12174556676733622 0.0 0.0 0.0 0.0 0.35 0.2281892236063011 0.0 0.0 
0.20866514206465037 0.0 0.34185576319241967 0.0 0.0 0.0 0.0 0.346891166159043 0.10258792858388706 0.0 0.0 
0.19857443244314346 0.10616630571602205 0.13352659564130057 0.0 0.0 0.0 0.0 0.35 0.21173266619953382 0.0 0.0 
0.13044073859330332 0.11700719129591723 0.10975458907479142 0.0 0.0 0.0 0.0 0.35 0.29279748103598807 0.0 0.0 
0.18787759891265893 0.106301027133155 0.19720632812648595 0.0 0.0 0.0 0.0 0.35 0.15861504582770014 0.0 0.0 
0.13600436288852333 0.11580716517099378 0.10134340196845974 0.0 0.0 0.0 0.0 0.3492884731680287 0.29755659680399454 0.0 0.0 
0.1928568726379264 0.0 0.2925134806278485 0.0 0.0 0.0 0.0 0.35 0.16462964673422517 0.0 0.0 
0.23220808808388974 0.0 0.25882393259302755 0.0 0.0 0.0 0.0 0.35 0.15896797932308274 0.0 0.0 
0.15751273726526493 0.15552287928222872 0.0 0.0 0.0 0.0 0.0 0.35 0.33696438345250657 0.0 0.0 
0.19735868705546541 0.10361541208384316 0.21270085537512204 0.0 0.0 0.0 0.0 0.34916095654514384 0.1371640889404256 0.0 0.0 
0.16381763130690963 0.16174812361453064 0.0 0.0 0.0 0.0 0.0 0.35 0.32443424507855984 0.0 0.0 
0.20847889382214324 0.15769502064940297 0.0 0.0 0.0 0.0 0.0 0.35 0.28382608552845384 0.0 0.0 
0.18936557185681446 0.10533770841490313 0.20489779374411435 0.0 0.0 0.0 0.0 0.35 0.15039892598416799 0.0 0.0 
0.18668235367611097 0.10039719295382984 0.1839972617958891 0.0 0.0 0.0 0.0 0.34546596927511913 0.1834572222990509 0.0 0.0 
0.0 0.1860988488314151 0.0 0.0 0.0 0.0 0.11813305736195044 0.35 0.34576809380663454 0.0 0.0 
0.1973813927187511 0.1543818581419031 0.0 0.0 0.0 0.0 0.0 0.35 0.2982367491393458 0.0 0.0 
0.14557547781716138 0.1183695582835044 0.10965757279209087 0.0 0.0 0.0 0.0 0.35 0.2763973911072434 0.0 0.0 
0.2033394793235979 0.0 0.29789989729510136 0.0 0.0 0.0 0.0 0.3476360129988466 0.15112461038245426 0.0 0.0 
0.1397325501683213 0.11561178604238569 0.10600905126893795 0.0 0.0 0.0 0.0 0.35 0.28864661252035506 0.0 0.0 
0.18118476679541637 0.10980874410529276 0.10787703035336657 0.0 0.0 0.0 0.0 0.35 0.2511294587459243 0.0 0.0 
0.184920561561037 0.11734142703807326 0.1493754697534999 0.0 0.0 0.0 0.0 0.35 0.19836254164738973 0.0 0.0 
0.14766396464287118 0.10080413865499077 0.11079144981095052 0.0 0.0 0.0 0.0 0.34947785955950955 0.29126258733167804 0.0 0.0 
0.16953895734361882 0.11649429752316189 0.15814036052815858 0.0 0.0 0.0 0.0 0.35 0.2058263846050608 0.0 0.0 
0.137880973482087 0.10524887543207287 0.10105981129707502 0.0 0.0 0.0 0.0 0.35 0.3058103397887652 0.0 0.0 
0.0 0.20242362373836031 0.0 0.0 0.0 0.0 0.11050554976421391 0.35 0.3370708264974258 0.0 0.0 
0.18017643528130628 0.10501083003561983 0.18339694399545228 0.0 0.0 0.0 0.0 0.35 0.18141579068762168 0.0 0.0 
0.2116001023427724 0.10900151194051838 0.14456091640122518 0.0 0.0 0.0 0.0 0.35 0.18483746931548412 0.0 0.0 
0.1518099894258758 0.14819001057412426 0.0 0.0 0.0 0.0 0.0 0.35 0.35 0.0 0.0 
0.14322013494378488 0.15677986505621525 0.0 0.0 0.0 0.0 0.0 0.35 0.35 0.0 0.0 
0.20982463813370675 0.10900662542034577 0.15449206830023723 0.0 0.0 0.0 0.0 0.35 0.17667666814571029 0.0 0.0 
0.20779290540242534 0.0 0.34043681554559196 0.0 0.0 0.0 0.0 0.35 0.10177027905198271 0.0 0.0 
0.2048886961127594 0.0 0.335879637123348 0.0 0.0 0.0 0.0 0.35 0.10923166676389265 0.0 0.0 
0.20661216452858044 0.0 0.24540449550254054 0.0 0.0 0.0 0.0 0.35 0.19798333996887915 0.0 0.0 
0.16888209116227684 0.10469429494979349 0.21837608831173702 0.0 0.0 0.0 0.0 0.35 0.15804752557619256 0.0 0.0 
0.18436217628623286 0.10521460893457305 0.11685918258351097 0.0 0.0 0.0 0.0 0.35 0.24356403219568315 0.0 0.0 
0.13196610009853374 0.16803389990146644 0.0 0.0 0.0 0.0 0.0 0.35 0.35 0.0 0.0 
0.2330427181457009 0.1387649408119895 0.0 0.0 0.0 0.0 0.0 0.35 0.2781923410423096 0.0 0.0 
0.2170933035829253 0.0 0.3459593624956368 0.0 0.0 0.0 0.0 0.33678200355303334 0.10016533036840462 0.0 0.0 
0.16848182923931238 0.1177330026585566 0.10465524465548454 0.0 0.0 0.0 0.0 0.35 0.25912992344664654 0.0 0.0 
0.22578652126708582 0.0 0.24298154388699594 0.0 0.0 0.0 0.0 0.35 0.18123193484591832 0.0 0.0 
0.18855810360714037 0.0 0.34412434727034613 0.0 0.0 0.0 0.0 0.35 0.11731754912251352 0.0 0.0 
0.13241455244539904 0.10649477856251244 0.10225612560200001 0.0 0.0 0.0 0.0 0.3499415762338499 0.3088929671562385 0.0 0.0 
0.19260361255404118 0.10754298898567656 0.11863514250524641 0.0 0.0 0.0 0.0 0.35 0.23121825595503587 0.0 0.0 
0.18896068027346585 0.10414330090279564 0.11709212118274237 0.0 0.0 0.0 0.0 0.35 0.23980389764099613 0.0 0.0 
0.2205032194073447 0.14548349842492894 0.0 0.0 0.0 0.0 0.0 0.35 0.28401328216772637 0.0 0.0 
0.1685894965558994 0.10738078501796959 0.1006511118387057 0.0 0.0 0.0 0.0 0.35 0.27337860658742547 0.0 0.0 
0.1799719566035053 0.14182362379005375 0.0 0.0 0.0 0.0 0.0 0.35 0.328204419606441 0.0 0.0 
0.20065393184788902 0.0 0.26833033594689415 0.0 0.0 0.0 0.0 0.35 0.18101573220521683 0.0 0.0 
0.18118476679541637 0.10980874410529276 0.10787703035336657 0.0 0.0 0.0 0.0 0.35 0.2511294587459243 0.0 0.0 
0.19221267176323112 0.0 0.2704860891043823 0.0 0.0 0.0 0.0 0.35 0.18730123913238658 0.0 0.0 
0.1784482708375201 0.12994935410994626 0.0 0.0 0.0 0.0 0.0 0.35 0.34160237505253366 0.0 0.0 
0.10524926553557155 0.19475073446442848 0.0 0.0 0.0 0.0 0.0 0.35 0.35 0.0 0.0 
0.23693125403368015 0.15304068628484965 0.0 0.0 0.0 0.0 0.0 0.35 0.26002805968147025 0.0 0.0 
0.1815942780455649 0.12246842388147426 0.1353173616542435 0.0 0.0 0.0 0.0 0.35 0.21061993641871735 0.0 0.0 
0.21472812692731438 0.0 0.266364535743011 0.0 0.0 0.0 0.0 0.35 0.1689073373296746 0.0 0.0 
0.18505468776583564 0.13576517076288505 0.0 0.0 0.0 0.0 0.0 0.35 0.32918014147127933 0.0 0.0 
0.1273067550224899 0.1075335852774146 0.10325358624137665 0.0 0.0 0.0 0.0 0.35 0.31190607345871885 0.0 0.0 
0.20081109793657057 0.1047409465073258 0.20517775415476386 0.0 0.0 0.0 0.0 0.35 0.13927020140133972 0.0 0.0 
0.18610317517545918 0.10612903653634428 0.12178916715125906 0.0 0.0 0.0 0.0 0.35 0.23597862113693746 0.0 0.0 
0.15686643115563523 0.11037714162024394 0.1057895871136791 0.0 0.0 0.0 0.0 0.35 0.2769668401104418 0.0 0.0 
0.21816449778713162 0.0 0.34741529578936553 0.0 0.0 0.0 0.0 0.33259857132451043 0.10182163509899238 0.0 0.0 
0.17054004805163608 0.11526590754526318 0.10012322792610774 0.0 0.0 0.0 0.0 0.34960233486014647 0.26446848161684644 0.0 0.0 
0.21256196844644717 0.0 0.3037923040720543 0.0 0.0 0.0 0.0 0.35 0.13364572748149856 0.0 0.0 
0.13661445225661284 0.11280233698835546 0.1129478810566982 0.0 0.0 0.0 0.0 0.35 0.28763532969833355 0.0 0.0 
0.20684037413167053 0.11197950746010382 0.17293688360305692 0.0 0.0 0.0 0.0 0.35 0.15824323480516878 0.0 0.0 
0.2043557053511433 0.15343773073466926 0.0 0.0 0.0 0.0 0.0 0.35 0.2922065639141875 0.0 0.0 
0.20151727966419994 0.14908049344491436 0.0 0.0 0.0 0.0 0.0 0.34924300681908294 0.30015922007180273 0.0 0.0 
0.18913244602279447 0.10171484504702906 0.18641211394479104 0.0 0.0 0.0 0.0 0.35 0.17274059498538544 0.0 0.0 
0.2040093308426588 0.15689748418497265 0.0 0.0 0.0 0.0 0.0 0.35 0.28909318497236847 0.0 0.0 
0.10915909549115063 0.1908409045088495 0.0 0.0 0.0 0.0 0.0 0.35 0.35 0.0 0.0 
0.18523787164191516 0.1068591651393464 0.13338646592207926 0.0 0.0 0.0 0.0 0.35 0.22451649729665915 0.0 0.0 
0.18505468776583564 0.13576517076288505 0.0 0.0 0.0 0.0 0.0 0.35 0.32918014147127933 0.0 0.0 
0.1878260965134977 0.10365153829835135 0.13943024198853807 0.0 0.0 0.0 0.0 0.35 0.2190921231996129 0.0 0.0 
0.1912852487013987 0.0 0.27875314783856137 0.0 0.0 0.0 0.0 0.35 0.17996160346003992 0.0 0.0 
0.22340274436892385 0.14615219362006746 0.0 0.0 0.0 0.0 0.0 0.35 0.28044506201100877 0.0 0.0 
0.17210640527422894 0.10786767000003275 0.1006712534040779 0.0 0.0 0.0 0.0 0.35 0.2693546713216604 0.0 0.0 
0.20455986457567119 0.10115286124041285 0.1630518820369955 0.0 0.0 0.0 0.0 0.34829638632475646 0.18293900582216419 0.0 0.0 
