0.0 0.12978404105993893 0.0 0.0 0.12835934094502952 0.12656419144735404 0.15551635491932253 0.0 0.10508273596579569 0.0 0.0 
0.29999999998310334 0.0 0.0 0.0 0.0 0.0 0.0 0.35 0.35 0.0 0.0 
0.10291642984277238 0.0 0.0 0.0 0.0 0.0 0.0 0.0 0.35 0.0 0.0 
0.0 0.0 0.0 0.0 0.19092662495731189 0.0 0.0 0.0 0.35 0.0 0.0 
0.0 0.0 0.0 0.0 0.10109099136388601 0.0 0.0 0.0 0.35 0.0 0.0 
0.34512550560447103 0.0 0.0 0.0 0.0 0.35 0.0 0.10005457303192164 0.1900175107514552 0.0 0.0 
0.0 0.0 0.0 0.0 0.17175628106713317 0.0 0.0 0.0 0.35 0.0 0.0 
0.32713190398047814 0.10313317542407048 0.0 0.0 0.0 0.0 0.0 0.21967809101079325 0.35 0.0 0.0 
0.35 0.15598068967642145 0.0 0.0 0.0 0.0 0.0 0.13395455526934383 0.35 0.0 0.0 
0.31881443478718563 0.10927613413864902 0.0 0.0 0.0 0.0 0.0 0.21082015129435713 0.35 0.0 0.0 
0.35 0.0 0.0 0.0 0.0 0.0 0.0 0.2951690295600364 0.35 0.0 0.0 
0.3151136945404914 0.10222873775722742 0.0 0.0 0.0 0.0 0.0 0.23286761103478704 0.3497899566674942 0.0 0.0 
0.35 0.0 0.0 0.0 0.0 0.0 0.0 0.29116641649436575 0.35 0.0 0.0 
0.34766091768577634 0.0 0.0 0.0 0.0 0.26075047229842885 0.0 0.10001580895538603 0.2915728010604087 0.0 0.0 
0.32922055403329525 0.0 0.0 0.0 0.0 0.0 0.0 0.3183528021266257 0.35 0.0 0.0 
0.3274462206124955 0.0 0.0 0.0 0.0 0.0 0.0 0.3225756154315928 0.34997816395591164 0.0 0.0 
0.35 0.1535167290192952 0.0 0.0 0.0 0.0 0.0 0.1074495019067665 0.35 0.0 0.0 
0.34848417365897266 0.0 0.0 0.0 0.0 0.0 0.0 0.2821176301456187 0.35 0.0 0.0 
0.34890862979847276 0.12512370655338464 0.0 0.0 0.0 0.0 0.0 0.16972533038234805 0.35 0.0 0.0 
0.35 0.15249809509463488 0.0 0.0 0.0 0.0 0.0 0.14550997741037824 0.35 0.0 0.0 
0.3345921837776229 0.0 0.0 0.0 0.0 0.3095782644894551 0.0 0.10724615755735716 0.24858339417556474 0.0 0.0 
0.3435411988909107 0.1315937476730314 0.0 0.0 0.0 0.0 0.0 0.1735221112047193 0.35 0.0 0.0 
0.34816085928797197 0.1553830631425753 0.0 0.0 0.0 0.0 0.0 0.12863761522386274 0.34829503176313403 0.0 0.0 
0.35 0.11269929149358321 0.0 0.0 0.0 0.0 0.0 0.18032183659559706 0.35 0.0 0.0 
0.35 0.0 0.0 0.0 0.0 0.0 0.0 0.25835835692680653 0.35 0.0 0.0 
0.35 0.16982831085487865 0.0 0.0 0.0 0.0 0.0 0.11719419862502936 0.34304522576459007 0.0 0.0 
0.35 0.0 0.0 0.0 0.0 0.3447634773202274 0.0 0.10533028133070259 0.19831468460179807 0.0 0.0 
0.3301485173648287 0.0 0.0 0.0 0.0 0.0 0.0 0.31237013592401686 0.35 0.0 0.0 
0.3491567271929312 0.10419365619365399 0.0 0.0 0.0 0.0 0.0 0.1910354049853105 0.3491567271929312 0.0 0.0 
0.35 0.14574120883850772 0.0 0.0 0.0 0.0 0.0 0.15313677013281116 0.35 0.0 0.0 
0.34300251345973304 0.0 0.0 0.0 0.0 0.24781223059933116 0.0 0.10453518622595338 0.3046500697149825 0.0 0.0 
0.34288595871483135 0.11223641984932164 0.0 0.0 0.0 0.0 0.0 0.20178233568442935 0.34309528575141757 0.0 0.0 
0.33638589468873475 0.0 0.0 0.0 0.0 0.19687319055450297 0.0 0.11427160501907092 0.35 0.0 0.0 
0.3427462186381038 0.0 0.0 0.0 0.0 0.0 0.0 0.3081423510948601 0.34911143026703606 0.0 0.0 
0.3481952377157811 0.0 0.0 0.0 0.0 0.200932546687857 0.0 0.10005799432619773 0.34045428150402024 0.0 0.0 
0.35 0.0 0.0 0.0 0.0 0.31828383297132345 0.0 0.10110658766157096 0.22483025674891724 0.0 0.0 
0.35 0.1454083897250917 0.0 0.0 0.0 0.0 0.0 0.10177430921591829 0.35 0.0 0.0 
0.32060097562660766 0.10124923300650782 0.0 0.0 0.0 0.0 0.0 0.23085228953959336 0.3472975018272912 0.0 0.0 
0.347714359108274 0.0 0.0 0.0 0.0 0.0 0.0 0.25708992578248746 0.35 0.0 0.0 
0.3234129427006978 0.10023603188171107 0.0 0.0 0.0 0.0 0.0 0.22832841132532306 0.3480226140922679 0.0 0.0 
0.35 0.0 0.0 0.0 0.0 0.0 0.0 0.2521764040137695 0.35 0.0 0.0 
0.34869703429450016 0.0 0.0 0.0 0.0 0.0 0.0 0.28803147337550095 0.34869703429450016 0.0 0.0 
0.30289761009687793 0.0 0.0 0.0 0.0 0.0 0.0 0.34665720841057607 0.34829172479335335 0.0 0.0 
0.3151446627743499 0.0 0.0 0.0 0.0 0.0 0.0 0.33523237496836394 0.3496229622572861 0.0 0.0 
0.30571890426217174 0.10046708483403516 0.0 0.0 0.0 0.0 0.0 0.24391812653737918 0.349895884366414 0.0 0.0 
0.35 0.0 0.0 0.0 0.0 0.0 0.0 0.2991030117171999 0.35 0.0 0.0 
0.31021063321305525 0.10221546267789863 0.0 0.0 0.0 0.0 0.0 0.2391618975092066 0.34841200659983956 0.0 0.0 
0.31021063321305525 0.10221546267789863 0.0 0.0 0.0 0.0 0.0 0.2391618975092066 0.34841200659983956 0.0 0.0 
0.33097351572265665 0.11433322293551736 0.0 0.0 0.0 0.0 0.0 0.20276750721285142 0.34988835849644984 0.0 0.0 
0.35 0.0 0.0 0.0 0.0 0.0 0.0 0.2632246105661491 0.35 0.0 0.0 
0.3479569733344995 0.10474361013438042 0.0 0.0 0.0 0.0 0.0 0.1969853632960715 0.35 0.0 0.0 
0.31950715570752813 0.0 0.0 0.0 0.0 0.0 0.0 0.3290646326116342 0.35 0.0 0.0 
0.3378282391490072 0.0 0.0 0.0 0.0 0.0 0.0 0.28463010378681075 0.35 0.0 0.0 
0.3472668532040128 0.0 0.0 0.0 0.0 0.18335151200262687 0.0 0.12070925535119323 0.3472151077644327 0.0 0.0 
0.33634247020347496 0.0 0.0 0.0 0.0 0.0 0.0 0.31745880250649755 0.3459715477462241 0.0 0.0 
0.30617840781585015 0.0 0.0 0.0 0.0 0.0 0.0 0.34336723109865713 0.3494591287588684 0.0 0.0 
0.3097502151559487 0.0 0.0 0.0 0.0 0.0 0.0 0.3403936596207566 0.3498561252232947 0.0 0.0 
0.34395679188929046 0.0 0.0 0.0 0.0 0.3241248755331795 0.0 0.10296206324857156 0.22895626932895854 0.0 0.0 
0.34965410046155365 0.10999572963352876 0.0 0.0 0.0 0.0 0.0 0.18629033386770028 0.35 0.0 0.0 
0.3285859693295409 0.11378049244928314 0.0 0.0 0.0 0.0 0.0 0.2077584842709357 0.34987505395024027 0.0 0.0 
0.3458336184388753 0.0 0.0 0.0 0.0 0.25414115656972885 0.0 0.10516446113798626 0.2893171506337245 0.0 0.0 
0.30608774364766606 0.0 0.0 0.0 0.0 0.0 0.0 0.34363809473055723 0.35 0.0 0.0 
0.35 0.0 0.0 0.0 0.0 0.0 0.0 0.2752965167625192 0.35 0.0 0.0 
0.35 0.0 0.0 0.0 0.0 0.0 0.0 0.26663690620654323 0.35 0.0 0.0 
0.3489661525533263 0.11020872038779012 0.0 0.0 0.0 0.0 0.0 0.18415423105726506 0.35 0.0 0.0 
0.33037041174037396 0.1141248835404178 0.0 0.0 0.0 0.0 0.0 0.2053463883347885 0.35 0.0 0.0 
0.30290977203165426 0.0 0.0 0.0 0.0 0.0 0.0 0.3473518923255424 0.34973833564280327 0.0 0.0 
0.3454316553163546 0.14446922968250156 0.0 0.0 0.0 0.0 0.0 0.1626999426438676 0.34739917235727613 0.0 0.0 
0.3000127098513035 0.0 0.0 0.0 0.0 0.0 0.0 0.35 0.3499724619486105 0.0 0.0 
0.35 0.0 0.0 0.0 0.0 0.0 0.0 0.2786807518341596 0.35 0.0 0.0 
0.34542794413659794 0.0 0.0 0.0 0.0 0.3049195242270896 0.0 0.10024117351602607 0.2494113581202863 0.0 0.0 
0.35 0.0 0.0 0.0 0.0 0.0 0.0 0.27315553821335725 0.35 0.0 0.0 
0.31810390600281707 0.0 0.0 0.0 0.0 0.0 0.0 0.3319871335942197 0.34990896040296304 0.0 0.0 
0.3176150178679523 0.0 0.0 0.0 0.0 0.0 0.0 0.3313191444656565 0.34931965961598793 0.0 0.0 
0.35 0.0 0.0 0.0 0.0 0.1919549046864472 0.0 0.10752499294377249 0.35 0.0 0.0 
0.32271854331509825 0.0 0.0 0.0 0.0 0.0 0.0 0.3243308811342741 0.35 0.0 0.0 
0.31265360104364753 0.0 0.0 0.0 0.0 0.0 0.0 0.3379090083550894 0.3491158227941816 0.0 0.0 
0.35 0.17328221789947149 0.0 0.0 0.0 0.0 0.0 0.11957765204442003 0.35 0.0 0.0 
0.34547905018022235 0.1444870363537487 0.0 0.0 0.0 0.0 0.0 0.16259192214399967 0.34744199132202935 0.0 0.0 
0.34121015305224695 0.0 0.0 0.0 0.0 0.0 0.0 0.3058332264020112 0.35 0.0 0.0 
0.3282841238934414 0.1009815584268246 0.0 0.0 0.0 0.0 0.0 0.2264970455866822 0.3439701238217982 0.0 0.0 
0.35 0.14454940944901945 0.0 0.0 0.0 0.0 0.0 0.1514077164002674 0.35 0.0 0.0 
0.35 0.0 0.0 0.0 0.0 0.0 0.0 0.27854293002184893 0.35 0.0 0.0 
0.32367356662717284 0.0 0.0 0.0 0.0 0.0 0.0 0.3252906758492822 0.35 0.0 0.0 
0.35 0.0 0.0 0.0 0.0 0.0 0.0 0.2637353819915461 0.35 0.0 0.0 
0.33029139913322064 0.1006999896076984 0.0 0.0 0.0 0.0 0.0 0.22586549952366883 0.34314311173541207 0.0 0.0 
0.3347879331612253 0.0 0.0 0.0 0.0 0.23668676301526126 0.0 0.10142399659307594 0.32710130723043745 0.0 0.0 
0.33773625670486807 0.0 0.0 0.0 0.0 0.23545571679708832 0.0 0.10089647394733406 0.3254000003128238 0.0 0.0 
0.31060314971858133 0.0 0.0 0.0 0.0 0.0 0.0 0.33845152832378905 0.35 0.0 0.0 
0.33959471126677127 0.0 0.0 0.0 0.0 0.0 0.0 0.3104018526868702 0.35 0.0 0.0 
0.33959488297912377 0.0 0.0 0.0 0.0 0.0 0.0 0.31039880541634146 0.35 0.0 0.0 
0.3487375704733844 0.15326395476152724 0.0 0.0 0.0 0.0 0.0 0.1462407420980281 0.35 0.0 0.0 
0.35 0.0 0.0 0.0 0.0 0.0 0.0 0.2706299938646012 0.35 0.0 0.0 
0.3157012939402275 0.0 0.0 0.0 0.0 0.0 0.0 0.33405821458468016 0.35 0.0 0.0 
0.3210193435309499 0.0 0.0 0.0 0.0 0.0 0.0 0.3270465840510224 0.35 0.0 0.0 
0.3465849369753076 0.0 0.0 0.0 0.0 0.0 0.0 0.30319777540633874 0.3491425817068476 0.0 0.0 
0.3478374382204334 0.10964963508834301 0.0 0.0 0.0 0.0 0.0 0.19428846545184017 0.3482244612393833 0.0 0.0 
0.35 0.0 0.0 0.0 0.0 0.19350871090157032 0.0 0.10082503976573955 0.35 0.0 0.0 
0.3456087619850874 0.0 0.0 0.0 0.0 0.0 0.0 0.3052509318474735 0.3491403061674391 0.0 0.0 
0.34741185515897427 0.0 0.0 0.0 0.0 0.19044518941360625 0.0 0.10667931450526374 0.3472472683292075 0.0 0.0 
