0.0 0.30000000000000004 0.0 0.0 0.0 0.0 0.0 0.35 0.35 0.0 0.0 
0.0 0.0 0.20265981461474725 0.0 0.0 0.24731012763921723 0.0 0.1 0.35 0.10003005774603563 0.0 
0.0 0.0 0.20265981461474725 0.0 0.0 0.24731012763921723 0.0 0.1 0.35 0.10003005774603563 0.0 
0.0 0.30000000000000004 0.0 0.0 0.0 0.0 0.0 0.35 0.35 0.0 0.0 
0.0 0.0 0.0 0.0 0.0 0.0 0.20000000000000004 0.35 0.35 0.0 0.1 
0.0 0.0 0.10148443197563158 0.0 0.0 0.14247189103347943 0.0 0.3060436769908891 0.35 0.1 0.0 
0.0 0.19999999999999998 0.0 0.0 0.0 0.0 0.1 0.35 0.35 0.0 0.0 
0.0 0.29999999999999993 0.0 0.0 0.0 0.0 0.0 0.35 0.35 0.0 0.0 
0.0 0.1 0.0 0.0 0.0 0.11359716231655535 0.0 0.3351789716994459 0.35 0.10122386598399878 0.0 
0.0 0.19999999999999996 0.0 0.0 0.0 0.1 0.0 0.35 0.35 0.0 0.0 
0.0 0.1031942318030397 0.0 0.0 0.0 0.0 0.202566426355604 0.34423934184135624 0.35 0.0 0.0 
0.0 0.1000499523817006 0.0 0.0 0.0 0.0 0.10005060091002041 0.35 0.3498994467082791 0.0 0.1 
0.0 0.10259803250864598 0.0 0.0 0.0 0.2072166155833135 0.0 0.3401853519080406 0.35 0.0 0.0 
0.0 0.1 0.0 0.0 0.0 0.10001385169089969 0.0 0.35 0.3499861061509989 0.10000004215810142 0.0 
0.0 0.10005753991920534 0.0 0.0 0.0 0.0 0.10005828695600026 0.35 0.3498841731247945 0.0 0.1 
0.0 0.0 0.1058258554905596 0.0 0.0 0.15860027647333144 0.0 0.285573868036109 0.35 0.1 0.0 
0.0 0.0 0.10939653965412713 0.0 0.0 0.1489293291233686 0.0 0.29167413122250424 0.35 0.1 0.0 
0.0 0.0 0.15086712957901655 0.0 0.0 0.23050830941277725 0.0 0.16862456100820616 0.35 0.1 0.0 
0.0 0.0 0.16662951288883218 0.0 0.0 0.20501533616483011 0.0 0.17835515094633772 0.35 0.1 0.0 
0.0 0.1 0.0 0.0 0.0 0.20571721006859378 0.0 0.3442827899314063 0.35 0.0 0.0 
0.0 0.0 0.180310363001559 0.0 0.0 0.17004747388573532 0.0 0.19964216311270566 0.35 0.1 0.0 
0.0 0.0 0.16651811316338613 0.0 0.0 0.166663465117031 0.0 0.2168184217195829 0.35 0.1 0.0 
0.0 0.0 0.1589630922404876 0.0 0.0 0.1688615795342881 0.0 0.22217532822522434 0.35 0.1 0.0 
0.0 0.16429068672076189 0.0 0.0 0.0 0.1358972729577195 0.0 0.34981204032151864 0.35 0.0 0.0 
0.0 0.0 0.1891895245703636 0.0 0.0 0.25191893306584384 0.0 0.10889154236379266 0.35 0.1 0.0 
0.0 0.19426442980896752 0.0 0.0 0.0 0.10573557019103252 0.0 0.35 0.35 0.0 0.0 
0.0 0.0 0.17508851120545454 0.0 0.0 0.17004747388573532 0.0 0.20486401490881012 0.35 0.1 0.0 
0.0 0.0 0.10048050485843242 0.0 0.0 0.14893371137328307 0.0 0.30058578376828454 0.35 0.1 0.0 
0.0 0.16227527773566877 0.0 0.0 0.0 0.0 0.13772472226433125 0.35 0.35 0.0 0.0 
0.0 0.0 0.20482119788063513 0.0 0.0 0.24378583620474487 0.0 0.10139296591462008 0.35 0.1 0.0 
0.0 0.0 0.1580326229580033 0.0 0.0 0.24559702984575182 0.0 0.14637034719624492 0.35 0.1 0.0 
0.0 0.0 0.12682267077890771 0.0 0.0 0.17684124154984454 0.0 0.2463360876712478 0.35 0.1 0.0 
0.0 0.18634356822671527 0.0 0.0 0.0 0.11365643177328477 0.0 0.35 0.35 0.0 0.0 
0.0 0.0 0.20195628361583073 0.0 0.0 0.2316261781312644 0.0 0.11641753825290492 0.35 0.1 0.0 
0.0 0.0 0.1104977237139581 0.0 0.0 0.1687633376834186 0.0 0.27073893860262327 0.35 0.1 0.0 
0.0 0.13675162438860278 0.0 0.0 0.0 0.16324837561139724 0.0 0.35 0.35 0.0 0.0 
0.0 0.1 0.0 0.0 0.0 0.1038156319069352 0.0 0.35 0.3445261622416 0.10165820585146479 0.0 
0.0 0.0 0.10180994577754528 0.0 0.0 0.15279485161715817 0.0 0.29539520260529656 0.35 0.1 0.0 
0.0 0.0 0.10655673906377576 0.0 0.0 0.17960393924194534 0.0 0.2638393216942789 0.35 0.1 0.0 
0.0 0.0 0.12925378153540062 0.0 0.0 0.23294575950110213 0.0 0.18780045896349734 0.35 0.1 0.0 
0.0 0.0 0.13040592054013997 0.0 0.0 0.18946490660291154 0.0 0.23012917285694853 0.35 0.1 0.0 
0.0 0.0 0.1749968693057563 0.0 0.0 0.23372274930991277 0.0 0.14128038138433102 0.35 0.1 0.0 
0.0 0.0 0.17477603260768568 0.0 0.0 0.23015543932357868 0.0 0.1450685280687357 0.35 0.1 0.0 
0.0 0.12411063630785517 0.0 0.0 0.0 0.17588936369214486 0.0 0.35 0.35 0.0 0.0 
0.0 0.0 0.12903672806802377 0.0 0.0 0.16910327920012572 0.0 0.25185999273185056 0.35 0.1 0.0 
0.0 0.15097623606270627 0.0 0.0 0.0 0.1490237639372938 0.0 0.35 0.35 0.0 0.0 
0.0 0.10958410263547969 0.0 0.0 0.0 0.19041589736452036 0.0 0.35 0.35 0.0 0.0 
0.0 0.0 0.17854168915013924 0.0 0.0 0.2381860347958569 0.0 0.1332722760540039 0.35 0.1 0.0 
0.0 0.1059283767772726 0.0 0.0 0.0 0.0 0.19407162322272753 0.35 0.35 0.0 0.0 
0.0 0.0 0.12821939483743436 0.0 0.0 0.18781592389179175 0.0 0.23396468127077397 0.35 0.1 0.0 
0.0 0.17055404255324974 0.0 0.0 0.0 0.12944595744675033 0.0 0.35 0.35 0.0 0.0 
0.0 0.0 0.10492935032874796 0.0 0.0 0.16956280283799952 0.0 0.27550784683325263 0.35 0.1 0.0 
0.0 0.0 0.1275978368875375 0.0 0.0 0.1790619274273044 0.0 0.24334023568515814 0.35 0.1 0.0 
0.0 0.0 0.1809719339489404 0.0 0.0 0.2414597630297529 0.0 0.12756830302130673 0.35 0.1 0.0 
0.0 0.15287122462477612 0.0 0.0 0.0 0.14712877537522392 0.0 0.35 0.35 0.0 0.0 
0.0 0.0 0.10234662880614098 0.0 0.0 0.18077537673408417 0.0 0.2668779944597749 0.35 0.1 0.0 
0.0 0.0 0.1005938511456618 0.0 0.0 0.1699828236752975 0.0 0.27942332517904084 0.35 0.1 0.0 
0.0 0.0 0.15236823069608404 0.0 0.0 0.1698452627523202 0.0 0.22778650655159585 0.35 0.1 0.0 
0.0 0.0 0.1657128349524853 0.0 0.0 0.1755428689460664 0.0 0.2087442961014484 0.35 0.1 0.0 
0.0 0.0 0.14973202857159432 0.0 0.0 0.2383869867584854 0.0 0.1618809846699203 0.35 0.1 0.0 
0.0 0.0 0.13025679612752275 0.0 0.0 0.16596398039331228 0.0 0.25377922347916504 0.35 0.1 0.0 
0.0 0.18099376121292546 0.0 0.0 0.0 0.11900623878707463 0.0 0.35 0.35 0.0 0.0 
0.0 0.17611270096601095 0.0 0.0 0.0 0.12388729903398905 0.0 0.35 0.35 0.0 0.0 
0.0 0.1 0.0 0.0 0.0 0.10451198967187796 0.0 0.3435271797610912 0.35 0.10196083056703084 0.0 
0.0 0.0 0.158686585900808 0.0 0.0 0.23425308022087526 0.0 0.1570603338783168 0.35 0.1 0.0 
0.0 0.0 0.15576406858045883 0.0 0.0 0.16812807965375853 0.0 0.22610785176578266 0.35 0.1 0.0 
0.0 0.0 0.10540104924589122 0.0 0.0 0.14615492678614983 0.0 0.298444023967959 0.35 0.1 0.0 
0.0 0.0 0.18918948633377897 0.0 0.0 0.23913834892954594 0.0 0.12167216473667515 0.35 0.1 0.0 
0.0 0.18464450058615683 0.0 0.0 0.0 0.0 0.11535549941384322 0.35 0.35 0.0 0.0 
0.0 0.0 0.1673048594909332 0.0 0.0 0.16989457970218638 0.0 0.2128005608068805 0.35 0.1 0.0 
0.0 0.0 0.18918944045803393 0.0 0.0 0.23913845994226063 0.0 0.12167209959970549 0.35 0.1 0.0 
0.0 0.0 0.14289743085003268 0.0 0.0 0.2243527360986576 0.0 0.18274983305130982 0.35 0.1 0.0 
0.0 0.0 0.1181394438058561 0.0 0.0 0.16999757929773973 0.0 0.26186297689640414 0.35 0.1 0.0 
0.0 0.1 0.0 0.0 0.0 0.2 0.0 0.35 0.35 0.0 0.0 
0.0 0.1 0.0 0.0 0.0 0.10451198967187796 0.0 0.3435271797610912 0.35 0.10196083056703084 0.0 
0.0 0.0 0.14957675816279214 0.0 0.0 0.2381662801642995 0.0 0.16225696167290837 0.35 0.1 0.0 
0.0 0.1 0.0 0.0 0.0 0.11081769435005859 0.0 0.33811557316174556 0.35 0.10106673248819587 0.0 
0.0 0.0 0.12903672806802377 0.0 0.0 0.18094017892495176 0.0 0.24002309300702446 0.35 0.1 0.0 
0.0 0.17785206113610394 0.0 0.0 0.0 0.0 0.12214793886389606 0.35 0.35 0.0 0.0 
0.0 0.1 0.0 0.0 0.0 0.11081769435005859 0.0 0.33811557316174556 0.35 0.10106673248819587 0.0 
0.0 0.0 0.17854168915013924 0.0 0.0 0.24366236344953943 0.0 0.12779594740032144 0.35 0.1 0.0 
0.0 0.0 0.14300395507663372 0.0 0.0 0.221508255446253 0.0 0.18548778947711325 0.35 0.1 0.0 
0.0 0.1247921542409906 0.0 0.0 0.0 0.0 0.1775686403951351 0.34763920536387427 0.35 0.0 0.0 
0.0 0.13171180478757682 0.0 0.0 0.0 0.16828819521242316 0.0 0.35 0.35 0.0 0.0 
0.0 0.0 0.13054853233495514 0.0 0.0 0.1614949571137811 0.0 0.2579565105512638 0.35 0.1 0.0 
0.0 0.0 0.17292438270055024 0.0 0.0 0.24175824472139362 0.0 0.13531737257805615 0.35 0.1 0.0 
0.0 0.0 0.1651036246614953 0.0 0.0 0.23130838151682645 0.0 0.1535879938216783 0.35 0.1 0.0 
0.0 0.19999999999999998 0.0 0.0 0.0 0.0 0.1 0.35 0.35 0.0 0.0 
0.0 0.0 0.12903672806802377 0.0 0.0 0.18094017892495176 0.0 0.24002309300702446 0.35 0.1 0.0 
0.0 0.19885279759622215 0.0 0.0 0.0 0.0 0.10114720240377781 0.35 0.35 0.0 0.0 
0.0 0.0 0.1644161418975395 0.0 0.0 0.1744416428851044 0.0 0.21114221521735613 0.35 0.1 0.0 
0.0 0.0 0.12908999308742483 0.0 0.0 0.18781592389179175 0.0 0.23309408302078355 0.35 0.1 0.0 
0.0 0.29999999999999993 0.0 0.0 0.0 0.0 0.0 0.35 0.35 0.0 0.0 
0.0 0.0 0.0 0.0 0.0 0.0 0.20000000000000004 0.35 0.35 0.0 0.1 
0.0 0.10005753991920534 0.0 0.0 0.0 0.0 0.10005828695600026 0.35 0.3498841731247945 0.0 0.1 
0.0 0.0 0.14278740438522966 0.0 0.0 0.22816713807075012 0.0 0.17904545754402026 0.35 0.1 0.0 
0.0 0.0 0.16464792910052412 0.0 0.0 0.2317640770777976 0.0 0.1535879938216783 0.35 0.1 0.0 
0.0 0.0 0.13054853233495514 0.0 0.0 0.1613496925620884 0.0 0.2581017751029565 0.35 0.1 0.0 
0.0 0.0 0.15870417454830318 0.0 0.0 0.23431446916508494 0.0 0.1569813562866119 0.35 0.1 0.0 
0.0 0.0 0.1 0.0 0.0 0.1695855144103314 0.0 0.27869498651384417 0.35 0.1017194990758244 0.0 
