-0.01611301372473826 3.490790714687223E-4 
-0.006052136898520726 2.4703374963664282E-5 
-0.01611301372473826 3.490790714687223E-4 
-0.006495981158837516 2.9457325445553562E-5 
-0.007932355470957986 3.086857051430815E-5 
-0.014613752871288762 1.7006426900902403E-4 
-0.010543306448040603 4.513333410188512E-5 
-0.014320326239407728 1.3528659571532937E-4 
-0.014717613116473856 1.7997979223109646E-4 
-0.01027817978855741 4.242273358708059E-5 
-0.014405868281861165 1.4294462403135333E-4 
-0.015356337745927408 2.2634052592017279E-4 
-0.01408101114750369 1.1225739375431882E-4 
-0.012803462736881592 6.13108980292693E-5 
-0.01218185191832898 5.3094650655345205E-5 
-0.011304286564282805 4.839535374833897E-5 
-0.014242877749631178 1.2559866531462933E-4 
-0.008598933583881948 3.3585958053915977E-5 
-0.01590796031302982 3.161053324029289E-4 
-0.014161398699300847 1.1894809788242893E-4 
-0.014517911094914637 1.6186842729253476E-4 
-0.014950765494342856 1.897369373212865E-4 
-0.009966471985395488 3.9274195084839386E-5 
-0.006342349535080228 2.8035316475719246E-5 
-0.012568609511210537 5.776453975370511E-5 
-0.015425219479958872 2.380452507362705E-4 
-0.011577891239032603 4.935797834333328E-5 
-0.01008686309092491 4.0343565894821417E-5 
-0.013037296756081649 6.692060307543664E-5 
-0.012927066476279492 6.420437090719505E-5 
-0.015242056929837551 2.1859261114823004E-4 
-0.015590667351575892 2.6689276651543724E-4 
-0.009737269852050055 3.7226228944146816E-5 
-0.011905730322705688 5.0973124278776406E-5 
-0.015595249461638132 2.7600713180345323E-4 
-0.010875077729458752 4.620747131036053E-5 
-0.008418706997439167 3.332579650461421E-5 
-0.01576402147648114 3.128592188085702E-4 
-0.008115485849880975 3.1446925241387036E-5 
-0.008893007232721128 3.489364026926576E-5 
-0.01595441781745156 3.2205493880237444E-4 
-0.008231400571058624 3.3205160903773186E-5 
-0.013349007334760054 7.502380200787877E-5 
-0.013445077429194105 8.054039457431452E-5 
-0.00965141744161414 3.679334559203029E-5 
-0.015651914255827792 2.823166598744391E-4 
-0.01389830492555788 1.0139361613524579E-4 
-0.008865128954387506 3.429577439890458E-5 
-0.01575221505957083 3.091257913062571E-4 
-0.015482337161101225 2.458265264039279E-4 
-0.01572995694781797 3.031825787155394E-4 
-0.011652170883296748 5.0535658890824235E-5 
-0.015553803341617685 2.606637201395209E-4 
-0.013180185028363295 6.920165718759771E-5 
-0.016047668474155986 3.3668657134809004E-4 
-0.015000620160669772 1.9510930543391157E-4 
-0.009197583550365375 3.534064450087313E-5 
-0.013666439759661883 8.93046277564754E-5 
-0.013782431166103566 9.478680485129346E-5 
-0.014416160567754627 1.5142425329512675E-4 
-0.014438926789185439 1.5209884700509584E-4 
-0.016011920512957755 3.3065313193378484E-4 
-0.015425219479958872 2.380452507362705E-4 
-0.015710680429715997 2.998397243480078E-4 
-0.006139789072199515 2.5583611918537192E-5 
-0.015221524930942799 2.115349217804387E-4 
-0.013500491057586154 8.118109019753102E-5 
-0.015477483928619026 2.456330689148208E-4 
-0.016089198240357344 3.4435837072680766E-4 
-0.015531318781641866 2.546541629188234E-4 
-0.0148433155339252 1.84119246324326E-4 
-0.015658730390934527 2.882232656755468E-4 
-0.009432665940817927 3.601396829269655E-5 
-0.014206064162981202 1.2339435267797946E-4 
-0.01370295826153228 9.218521722333635E-5 
-0.010937003650271376 4.691465483943353E-5 
-0.014861264884304204 1.8483317589536056E-4 
-0.013963333842809247 1.0663575191681719E-4 
-0.012519394739384416 5.659514438601146E-5 
-0.01186290475419047 5.076073560106914E-5 
-0.013236043935957419 7.092392308413593E-5 
-0.009391882700990905 3.583884663708358E-5 
-0.0156290211701886 2.782223901545266E-4 
-0.012345122501267123 5.465614719951354E-5 
-0.014487530687802059 1.5924012670693656E-4 
-0.015050515941106861 1.9684259771252953E-4 
-0.013294091484854604 7.384034373459372E-5 
-0.013963333842809247 1.0663575191681719E-4 
-0.015531318781641866 2.546541629188234E-4 
-0.012372979829795905 5.5059987948316576E-5 
-0.0156974813128941 2.944478973567323E-4 
-0.015574685092566126 2.636984141222721E-4 
-0.015154156305626386 2.0972543856352834E-4 
-0.007932355470957986 3.086857051430815E-5 
-0.011161900370567447 4.691470536456078E-5 
-0.016040909207202757 3.355053117316036E-4 
-0.013585648296567518 8.565291911387657E-5 
-0.013820822633946751 9.864136996024937E-5 
-0.01509082714618062 2.0018841673002567E-4 
-0.015115061518705095 2.0571685514933957E-4 
