-0.01611301372473826 3.490790714687223E-4 
-0.01611301372473826 3.490790714687223E-4 
-0.010732753469528905 4.581763767486357E-5 
-0.011083828383849775 4.656596190936478E-5 
-0.014421042451340734 1.443785835601333E-4 
-0.015937832203375663 3.1982861496489013E-4 
-0.015649864434193608 2.845690702927557E-4 
-0.011295936825469838 4.7644366366330414E-5 
-0.012994757448668267 6.484037942324084E-5 
-0.0133686564442961 7.892360570136243E-5 
-0.015595114881277038 2.6828752295137955E-4 
-0.01436798554469789 1.3783020144999978E-4 
-0.013626149854331217 8.990251949757626E-5 
-0.01442671815705476 1.546415722586856E-4 
-0.014467213075852678 1.5777261200281708E-4 
-0.014541674262708491 1.6395316893962286E-4 
-0.013479739880474085 8.07187926458202E-5 
-0.013151101437548586 6.807525890800911E-5 
-0.012011141209700045 5.2755737629352685E-5 
-0.01544058163521495 2.3787288199155477E-4 
-0.01265147672021291 5.797913534578701E-5 
-0.015746588636662784 3.0705890179245286E-4 
-0.013939186502854934 1.0695260779017287E-4 
-0.013294551156016299 7.29165726124818E-5 
-0.014676245824068183 1.7735032143657078E-4 
-0.011819324495306266 5.0869587370462697E-5 
-0.015863264243700537 3.1122237176362135E-4 
-0.011864057161374602 5.187651490199893E-5 
-0.011494361230849057 4.869450971132319E-5 
-0.012749081832714011 5.923834903649485E-5 
-0.014847419389888813 1.8590180947971466E-4 
-0.015682831015328157 2.923918631518978E-4 
-0.01475274736684632 1.8421798192300872E-4 
-0.015557105624208815 2.602612720489824E-4 
-0.012925465640573775 6.253084536092575E-5 
-0.015614421060020884 2.766486733851584E-4 
-0.015034791119265204 1.956191439576337E-4 
-0.014963583219934634 1.930541045206858E-4 
-0.011656087907441652 5.064049684271456E-5 
-0.016028665578092325 3.334136272921558E-4 
-0.01507513344304725 1.9841090867950056E-4 
-0.01521393744366472 2.1113920933682993E-4 
-0.015486323341716663 2.5316209328369937E-4 
-0.015343552049470051 2.2693930603037566E-4 
-0.015863264243700534 3.112223717636211E-4 
-0.01607966886803824 3.4253505684954996E-4 
-0.010787931110045617 4.592207775205457E-5 
-0.01247008347067439 5.6190186999963775E-5 
-0.013582810197432953 8.519355949643885E-5 
-0.014290714537432534 1.3143775179043693E-4 
-0.012367362506486282 5.533100637079238E-5 
-0.01573556942819609 3.04352700165828E-4 
-0.015480448182180497 2.451418704284792E-4 
-0.013552168028049889 8.357579777696917E-5 
-0.015385057651155304 2.3048197981764774E-4 
-0.01597525586071611 3.278080841083791E-4 
-0.01597403695432513 3.24835092514285E-4 
-0.014253943612519365 1.2432065607150656E-4 
-0.010917412284113375 4.607690551417646E-5 
-0.010955026903686995 4.637726212238795E-5 
-0.01389717182368386 1.0147515592151908E-4 
-0.014243444330004932 1.241599919852978E-4 
-0.01606969056424184 3.4067054296230896E-4 
-0.01398546069345955 1.1015793200095793E-4 
-0.013782873632721435 9.646584886061161E-5 
-0.014178552299538311 1.188168467747678E-4 
-0.014111586437331076 1.1555027197530888E-4 
-0.014623621312800397 1.713117141493913E-4 
-0.014309424392281129 1.3368168349093458E-4 
-0.01560898638238182 2.751668015310125E-4 
-0.013831111193786603 9.774020246550315E-5 
-0.011642169866986895 4.9146517889452047E-5 
-0.015284127909061437 2.22243811178316E-4 
-0.014571295602796257 1.6690643873436902E-4 
-0.015519703696994281 2.546595063571366E-4 
-0.014670850513756179 1.7548894640283442E-4 
-0.01526106783848955 2.173494828798017E-4 
-0.012131714741417731 5.299203149445784E-5 
-0.015108595062434817 2.025578730567927E-4 
-0.014915963595986974 1.8846018028386785E-4 
-0.012250025845282848 5.372796462076747E-5 
-0.016021663128914558 3.3224516012478843E-4 
-0.01548607475688182 2.456687390239377E-4 
-0.011392485746587957 4.8122338366392615E-5 
-0.014054185003199288 1.1554865928238255E-4 
-0.012535460423591141 5.698410425069317E-5 
-0.01530213652440893 2.243363880566844E-4 
-0.01372482885986289 9.406629750562093E-5 
-0.015696638358621583 2.943568559609413E-4 
-0.015176227120491147 2.0677377236654162E-4 
-0.015549306785401309 2.588389107103102E-4 
-0.0138797107340275 1.0043823764071467E-4 
-0.012825085688525749 6.0752007274398115E-5 
-0.012825687488635301 6.237861967156255E-5 
-0.01372482885986289 9.406629750562093E-5 
-0.014601077856221258 1.6986491652432137E-4 
-0.013245390599795003 7.251445273723344E-5 
-0.014941382987097239 1.892863107213107E-4 
-0.014172641414038279 1.1849803809375736E-4 
-0.012108368187710054 5.281953755347639E-5 
