0.0 0.30000000000000027 0.0 0.0 0.0 0.0 0.0 0.35 0.35 0.0 0.0 
0.0 0.30000000000000027 0.0 0.0 0.0 0.0 0.0 0.35 0.35 0.0 0.0 
0.0 0.2088528031085246 0.0 0.18603374076915158 0.27483760391429907 0.0 0.10796705523129156 0.0 0.22230879697673325 0.0 0.0 
0.0 0.18505089977675374 0.0 0.0 0.3144627938260912 0.0 0.10010828101843934 0.2653839952788207 0.13499403009989508 0.0 0.0 
0.0 0.23779110816372093 0.0 0.20114728051551528 0.19505220206272056 0.0 0.10542233321062687 0.0 0.2605870760474164 0.0 0.0 
0.0 0.19734668341109834 0.0 0.0 0.24414367830436554 0.0 0.10025188512875134 0.34225691281562975 0.11600084034015502 0.0 0.0 
0.0 0.2654556472433502 0.0 0.0 0.13926087471493398 0.0 0.0 0.35 0.2452834780417158 0.0 0.0 
0.0 0.22581567632138508 0.0 0.0 0.10311242614380264 0.0 0.103889181303485 0.35 0.21718271623132734 0.0 0.0 
0.0 0.24402949988948683 0.0 0.0 0.0 0.0 0.10125617212435796 0.35 0.3047143279861553 0.0 0.0 
0.0 0.3407551658521529 0.0 0.0 0.0 0.0 0.1322420939359078 0.35 0.1770027402119394 0.0 0.0 
0.0 0.2456264159118222 0.0 0.0 0.12116554679081966 0.0 0.11628927989154393 0.35 0.16691875740581424 0.0 0.0 
0.0 0.21283585005227 0.0 0.0 0.0 0.0 0.10276043055109879 0.35 0.3344037193966312 0.0 0.0 
0.0 0.2608803787468032 0.0 0.0 0.0 0.0 0.10864356922783895 0.3499999999999999 0.28047605202535786 0.0 0.0 
0.0 0.30702529286049307 0.0 0.0 0.0 0.0 0.1385207329799499 0.34862307480590404 0.20583089935365306 0.0 0.0 
0.0 0.1795391952542478 0.0 0.0 0.29635223197170246 0.0 0.10052218126745527 0.2925341218404769 0.1310522696661175 0.0 0.0 
0.0 0.21321822885077743 0.0 0.0 0.1002370545088365 0.0 0.10489350290693487 0.35 0.23165121373345124 0.0 0.0 
0.0 0.25737575575825794 0.0 0.0 0.11162094499956327 0.0 0.11000979580382096 0.35 0.17099350343835779 0.0 0.0 
0.0 0.19756264598763876 0.0 0.0 0.26836695814337885 0.0 0.10040601078422477 0.3171739867586881 0.11649039832606947 0.0 0.0 
0.0 0.22510812905393424 0.0 0.0 0.0 0.0 0.10080651830937261 0.35 0.3240853526366931 0.0 0.0 
0.0 0.19767576964343203 0.0 0.0 0.21709985413139668 0.0 0.1006618502705217 0.34756351740059305 0.13699900855405647 0.0 0.0 
0.0 0.20538735808746983 0.0 0.0 0.22556920133233013 0.0 0.10664098376938946 0.35 0.11240245681081062 0.0 0.0 
0.0 0.28274119197685427 0.0 0.0 0.0 0.0 0.14309035708686216 0.35 0.2241684509362836 0.0 0.0 
0.0 0.2573280968623908 0.0 0.0 0.0 0.0 0.10031389241459791 0.35 0.2923580107230113 0.0 0.0 
0.0 0.29679232595722543 0.0 0.0 0.0 0.0 0.13873659963470028 0.35 0.21447107440807422 0.0 0.0 
0.0 0.21085714301217925 0.0 0.17390939595537377 0.2499279450463952 0.0 0.1010998621647777 0.0 0.264205653821274 0.0 0.0 
0.0 0.20121538320772267 0.0 0.0 0.25839136016397823 0.0 0.10071998859630181 0.32269121223367475 0.11698205579832255 0.0 0.0 
0.0 0.30166924442578835 0.0 0.0 0.0 0.0 0.10103895541678579 0.35 0.24729180015742588 0.0 0.0 
0.0 0.3301735930064407 0.0 0.0 0.0 0.0 0.1630630542664413 0.35 0.15676335272711792 0.0 0.0 
0.0 0.3200169183102644 0.0 0.0 0.0 0.0 0.1495328682401329 0.3496154680403758 0.18083474540922687 0.0 0.0 
0.0 0.24314830968623555 0.0 0.0 0.1065553685053746 0.0 0.10539947823738047 0.34935482195599765 0.19554202161501152 0.0 0.0 
0.0 0.22915018837849543 0.0 0.0 0.14236184094646073 0.0 0.10365923134359974 0.34874752952862026 0.17608120980282374 0.0 0.0 
0.0 0.26601020899700883 0.0 0.0 0.12950129804842594 0.0 0.0 0.34988282763627465 0.25460566531829054 0.0 0.0 
0.0 0.32036889567957383 0.0 0.0 0.0 0.0 0.15721423961269967 0.35 0.17241686470772652 0.0 0.0 
0.0 0.3315963110722647 0.0 0.0 0.0 0.0 0.0 0.35 0.31840368892773524 0.0 0.0 
0.0 0.20256256681379584 0.0 0.0 0.25132214964248173 0.0 0.10294708884015852 0.3253739885905492 0.11779420611301467 0.0 0.0 
0.0 0.23876814725788678 0.0 0.0 0.12063842109948296 0.0 0.11642271344139239 0.35 0.1741707182012379 0.0 0.0 
0.0 0.2707080578280102 0.0 0.0 0.0 0.0 0.12029953658783564 0.35 0.25899240558415415 0.0 0.0 
0.0 0.19345757975318897 0.0 0.0 0.28054089089857354 0.0 0.10060049821842405 0.2940063798624465 0.13139465126736705 0.0 0.0 
0.0 0.28571334187993347 0.0 0.0 0.0 0.0 0.10358218743860038 0.35 0.26070447068146607 0.0 0.0 
0.0 0.2582122034485808 0.0 0.0 0.13978618706614124 0.0 0.0 0.35 0.25200160948527794 0.0 0.0 
0.0 0.20525153487811285 0.0 0.0 0.19714169408731547 0.0 0.10475354323688314 0.3489992054319606 0.143854022365728 0.0 0.0 
0.0 0.20492955998418322 0.0 0.0 0.26283080372172013 0.0 0.10275700136187862 0.2993170879804122 0.1301655469518057 0.0 0.0 
0.0 0.2994256672851383 0.0 0.0 0.0 0.0 0.10772471635274336 0.35 0.24284961636211833 0.0 0.0 
0.0 0.2057277496761056 0.0 0.0 0.10490968052252563 0.0 0.11129514105711436 0.34998946396552594 0.22807796477872846 0.0 0.0 
0.0 0.2223607143375107 0.0 0.0 0.10732989228427006 0.0 0.10938727590725048 0.34902050643868127 0.21190161103228755 0.0 0.0 
0.0 0.21745919280315978 0.0 0.19369980435833933 0.22831268790359274 0.0 0.12894946593865722 0.0 0.231578848996251 0.0 0.0 
0.0 0.21964132925228852 0.0 0.0 0.17696836963268417 0.0 0.1043263126712132 0.35 0.14906398844381413 0.0 0.0 
0.0 0.3181832013079856 0.0 0.0 0.0 0.0 0.0 0.35 0.3318167986920145 0.0 0.0 
0.0 0.2790491823399663 0.0 0.0 0.11748579436755863 0.0 0.0 0.35 0.2534650232924751 0.0 0.0 
0.0 0.19454188734682198 0.0 0.0 0.2136627141789379 0.0 0.10101202602260613 0.35 0.14078337245163408 0.0 0.0 
0.0 0.24856535905317154 0.0 0.0 0.1078392680909423 0.0 0.10684978431150265 0.35 0.18674558854438347 0.0 0.0 
0.0 0.20644458856245915 0.0 0.0 0.22158282238113344 0.0 0.10718991773968682 0.35 0.11478267131672061 0.0 0.0 
0.0 0.20319258790390765 0.0 0.19740082582561952 0.25221763611802256 0.0 0.10849148507633981 0.0 0.23869746507611056 0.0 0.0 
0.0 0.2287501135154658 0.0 0.0 0.15213975853221923 0.0 0.11610303831184306 0.3476420663052215 0.15536502333525032 0.0 0.0 
0.0 0.21799945207101004 0.0 0.0 0.0 0.0 0.10274073880135734 0.35 0.3292598091276327 0.0 0.0 
0.0 0.27989192649014977 0.0 0.0 0.0 0.0 0.1014716981765486 0.35 0.26863637533330176 0.0 0.0 
0.0 0.22374163645268474 0.0 0.0 0.16409396670315343 0.0 0.10505952522303508 0.35 0.15710487162112682 0.0 0.0 
0.0 0.25973552048866566 0.0 0.0 0.1076361962715826 0.0 0.10649685376807906 0.35 0.17613142947167262 0.0 0.0 
0.0 0.26875115058433585 0.0 0.0 0.13182868426969774 0.0 0.0 0.35 0.2494201651459665 0.0 0.0 
0.0 0.18717842258064568 0.0 0.0 0.295917074594386 0.0 0.10300069312541413 0.27542594408934196 0.13847786561021222 0.0 0.0 
0.0 0.21817191184896398 0.0 0.0 0.0 0.0 0.10282201719372107 0.35 0.32900607095731493 0.0 0.0 
0.0 0.2566847169166383 0.0 0.0 0.0 0.0 0.10617593227935732 0.3498863282166245 0.28725302258737995 0.0 0.0 
0.0 0.217988333377569 0.0 0.0 0.1856917059021935 0.0 0.10358752613594777 0.3485779389209458 0.14415449566334404 0.0 0.0 
0.0 0.2392248498894013 0.0 0.0 0.0 0.0 0.10018814116593061 0.3490496007743359 0.3115374081703322 0.0 0.0 
0.0 0.22298474898294232 0.0 0.0 0.10482469672481412 0.0 0.10969426111432218 0.35 0.21249629317792146 0.0 0.0 
0.0 0.2933986431720036 0.0 0.0 0.0 0.0 0.12287630107657778 0.35 0.23372505575141872 0.0 0.0 
0.0 0.20407529301357216 0.0 0.0 0.20137841963594094 0.0 0.10451646907538359 0.3465037811590726 0.1435260371160307 0.0 0.0 
0.0 0.27121090399477993 0.0 0.0 0.0 0.0 0.11127182041235562 0.35 0.26751727559286453 0.0 0.0 
0.0 0.23873683556644015 0.0 0.20194727045893654 0.19876952877657444 0.0 0.10593430597070887 0.0 0.2546120592273401 0.0 0.0 
0.0 0.2781795868105556 0.0 0.0 0.0 0.0 0.12779456346040777 0.35 0.24402584972903676 0.0 0.0 
0.0 0.3378360868064216 0.0 0.0 0.0 0.0 0.0 0.35 0.31216391319357845 0.0 0.0 
0.0 0.2275200732019175 0.0 0.0 0.0 0.0 0.10320530200418267 0.35 0.3192746247938999 0.0 0.0 
0.0 0.3234193386962437 0.0 0.0 0.0 0.0 0.0 0.35 0.32658066130375624 0.0 0.0 
0.0 0.32594558031266274 0.0 0.0 0.0 0.0 0.0 0.35 0.32405441968733717 0.0 0.0 
0.0 0.2506011318681592 0.0 0.0 0.14454999762099588 0.0 0.10312162940976623 0.35 0.15172724110107866 0.0 0.0 
0.0 0.3191523205420593 0.0 0.0 0.0 0.0 0.1029741798954399 0.35 0.22787349956250086 0.0 0.0 
0.0 0.21690977419963695 0.0 0.0 0.15203229939433757 0.0 0.10647206965695126 0.35 0.17458585674907423 0.0 0.0 
0.0 0.2057850949087802 0.0 0.0 0.1765675680141253 0.0 0.10467445024023568 0.35 0.16297288683685895 0.0 0.0 
0.0 0.19417052804948828 0.0 0.0 0.24950617664273025 0.0 0.10017545689767511 0.33258124160838237 0.12356659680172394 0.0 0.0 
0.0 0.22623376008469712 0.0 0.0 0.15060338753883376 0.0 0.11382748017619977 0.35 0.1593353722002694 0.0 0.0 
0.0 0.3038849309994008 0.0 0.0 0.0 0.0 0.0 0.35 0.3461150690005993 0.0 0.0 
0.0 0.2331599572658923 0.0 0.0 0.0 0.0 0.10083886153414949 0.35 0.31600118119995807 0.0 0.0 
0.0 0.2566847169166383 0.0 0.0 0.0 0.0 0.10617593227935732 0.3498863282166245 0.28725302258737995 0.0 0.0 
0.0 0.3144277648224102 0.0 0.0 0.0 0.0 0.0 0.35 0.33557223517758983 0.0 0.0 
0.0 0.1824220894484106 0.0 0.0 0.30401905138721574 0.0 0.1039336940633345 0.2677058693292701 0.1419192957717691 0.0 0.0 
0.0 0.19426866104658488 0.0 0.0 0.254493294160025 0.0 0.10011986646805181 0.338679044093707 0.11243913423163121 0.0 0.0 
0.0 0.27225991916820075 0.0 0.0 0.12233392920118769 0.0 0.0 0.35 0.25540615163061164 0.0 0.0 
0.0 0.34098159962097774 0.0 0.0 0.0 0.0 0.0 0.35 0.30901840037902223 0.0 0.0 
0.0 0.2754044802727347 0.0 0.0 0.0 0.0 0.10046093543807298 0.35 0.27413458428919235 0.0 0.0 
0.0 0.35 0.0 0.0 0.0 0.0 0.0 0.35 0.30000000000000004 0.0 0.0 
0.0 0.24379840250904486 0.0 0.0 0.1028177192788906 0.0 0.10568127926827552 0.35 0.19770259894378897 0.0 0.0 
0.0 0.19166774839736933 0.0 0.0 0.2943366529284268 0.0 0.10245059128608179 0.27378611573502437 0.1377588916530977 0.0 0.0 
0.0 0.1930065651554379 0.0 0.0 0.28169751493991857 0.0 0.10036596466695802 0.29332095223888643 0.13160900299879907 0.0 0.0 
0.0 0.2132242203201594 0.0 0.0 0.10023629118758905 0.0 0.104892704126086 0.35 0.2316467843661656 0.0 0.0 
0.0 0.20572774967610563 0.0 0.0 0.10490968052252564 0.0 0.11129514105711437 0.349989463965526 0.2280779647787285 0.0 0.0 
0.0 0.3091478243197946 0.0 0.0 0.0 0.0 0.0 0.35 0.3408521756802053 0.0 0.0 
0.0 0.18415130216253067 0.0 0.0 0.3069009041857617 0.0 0.10319557344581556 0.27024350276110104 0.13550871744479104 0.0 0.0 
0.0 0.22743256946630858 0.0 0.1768721174944793 0.246366138733512 0.0 0.10556542268926879 0.0 0.24376375161643138 0.0 0.0 
0.0 0.2282165660226474 0.0 0.0 0.14617116744906952 0.0 0.10323689446289616 0.3473266339473481 0.1750487381180388 0.0 0.0 
0.0 0.3119164104088513 0.0 0.0 0.0 0.0 0.0 0.35 0.33808358959114865 0.0 0.0 
