-0.013716700458084229 4.153849936859849E-4 
-0.005442619150659501 8.125885283860071E-5 
-0.005442619150659501 8.125885283860071E-5 
-0.013716700458084229 4.153849936859849E-4 
-0.01358156977648152 3.4517769085852426E-4 
-0.013716700458084225 4.1538499368598466E-4 
-0.007008372947539492 8.826478670878257E-5 
-0.0057460972098869805 8.813353968325455E-5 
-0.013376289789444912 2.9746065502304865E-4 
-0.013474269837882694 3.338837846566568E-4 
-0.012390350227812721 2.2811928558269173E-4 
-0.01238936289461606 2.0089225185721384E-4 
-0.00854389087501701 1.0349502238584174E-4 
-0.010591671508760163 1.4474723414715246E-4 
-0.013200419023841725 2.630101881611057E-4 
-0.00963657941128482 1.2249416415797547E-4 
-0.012076116004715356 1.8956527921433543E-4 
-0.013149444335845268 2.563965513514424E-4 
-0.012898677101304826 2.4307714270200618E-4 
-0.010460522932654395 1.4138579950551293E-4 
-0.007937809207678236 9.60169070538857E-5 
-0.008092355017953313 9.73877418296892E-5 
-0.011353865579761535 1.66164434873405E-4 
-0.012180588620445859 1.9326667825868992E-4 
-0.00896003239969764 1.0989899512620511E-4 
-0.00951056059558812 1.2058501951657867E-4 
-0.008809624962084334 1.082240483863371E-4 
-0.010708734181333704 1.481129963744179E-4 
-0.012764700405906399 2.3885973783079373E-4 
-0.011230243249196354 1.6290060940949328E-4 
-0.011113011364348557 1.5965845423129675E-4 
-0.013354307203369078 2.9216824915594814E-4 
-0.005549496746811917 8.269739690635323E-5 
-0.009146672721660254 1.1318182041306397E-4 
-0.009243188855710413 1.1487577950181473E-4 
-0.0074076960805460855 9.065711935012432E-5 
-0.005634272621799082 8.507365866061259E-5 
-0.007524049386055135 9.152433619553062E-5 
-0.01020013138616523 1.350309683297958E-4 
-0.009341636067228615 1.1672004123242791E-4 
-0.009032518051787085 1.1188764772582344E-4 
-0.00783015682894605 9.470914168063527E-5 
-0.008689083263373375 1.0586054605081418E-4 
-0.009424785763252794 1.1839436960886965E-4 
-0.011865069117762913 1.8272445804747204E-4 
-0.013333943457803456 2.8751701686148415E-4 
-0.012515073271068732 2.316747534086962E-4 
-0.01353834586385939 3.3659057539093824E-4 
-0.007635578101692819 9.252129408904172E-5 
-0.013563131617359697 3.406924435819754E-4 
-0.011476506802883929 1.7015145444398223E-4 
-0.012592106934852257 2.3366947061200094E-4 
-0.007716040063240459 9.415656950292E-5 
-0.011990773011680188 1.8675459602795176E-4 
-0.013297375471680709 2.7977163011033723E-4 
-0.007138009729964426 8.878802301885247E-5 
-0.012664826759689218 2.3574315400551205E-4 
-0.01086652744739271 1.5226014104147682E-4 
-0.008191623042846074 9.884069321132796E-5 
-0.013312756880198548 2.8342730719098396E-4 
-0.0097456273872212 1.252885536394091E-4 
-0.011068700551146175 1.5776283864868526E-4 
-0.011931070320997064 1.8541013436895097E-4 
-0.008343246578563345 1.0055012503866987E-4 
-0.009831256303368514 1.2715477498643425E-4 
-0.0072869241816388534 8.974593925159186E-5 
-0.010987927224941265 1.5554886604847597E-4 
-0.010389312951532885 1.3964783188416882E-4 
-0.011665152211313113 1.7591091065979675E-4 
-0.012439342138991196 2.2943595650104132E-4 
-0.011793534817499009 1.8040908169741926E-4 
-0.00992765954703424 1.2886469830130102E-4 
-0.011292949568726243 1.6449848250208859E-4 
-0.010286088278911854 1.372727163553481E-4 
-0.01323015396422001 2.675678450946408E-4 
-0.013242120308230708 2.6954749758649997E-4 
-0.012314563698007975 1.9866924528729878E-4 
-0.012250618126772533 1.9554343939908066E-4 
-0.008264135612280548 9.968399746314291E-5 
-0.010120002244138856 1.3312670238347664E-4 
-0.013112740589095118 2.5257278991659606E-4 
-0.008726982369345111 1.0679547174707686E-4 
-0.01151234672116001 1.7212440417324924E-4 
-0.012726591426652233 2.376991066720812E-4 
-0.013268053490299282 2.741243265673801E-4 
-0.007223054952780991 8.919358745172504E-5 
-0.013274316282504181 2.752884096222644E-4 
-0.010309054803248991 1.3886813290081093E-4 
-0.013096713860467183 2.511495464342917E-4 
-0.011722362900200688 1.7776473519171926E-4 
-0.01298480825434389 2.456692180888664E-4 
-0.008343246578563345 1.0055012503866987E-4 
-0.010795069058609552 1.505199875515381E-4 
-0.012952459778899295 2.4523783158628804E-4 
-0.005703512554563586 8.75967643393334E-5 
-0.010778059997903064 1.4971911772307216E-4 
-0.012281278861435211 1.9707874465177072E-4 
-0.013046041723320065 2.476350838373352E-4 
-0.01003761717083499 1.3158309566681025E-4 
-0.013058428714891358 2.483559332044698E-4 
