0.0 0.30000000000000004 0.0 0.0 0.0 0.0 0.0 0.35 0.35 0.0 0.0 
0.0 0.0 0.15059932307456822 0.0 0.10525806542251076 0.1934330803583144 0.0 0.10309298647715182 0.34605784293933817 0.10155870172811651 0.0 
0.0 0.30000000000000004 0.0 0.0 0.0 0.0 0.0 0.35 0.35 0.0 0.0 
0.0 0.18008883195774067 0.0 0.0 0.0 0.0 0.11991116804225939 0.35 0.35 0.0 0.0 
0.0 0.2999999999999998 0.0 0.0 0.0 0.0 0.0 0.35 0.35 0.0 0.0 
0.0 0.1001931030248822 0.0 0.0 0.0 0.10025180108053232 0.0 0.34407373070016384 0.35 0.1054813651944217 0.0 
0.0 0.13902470922988255 0.0 0.0 0.0 0.0 0.16657930505832919 0.34439598571178826 0.35 0.0 0.0 
0.0 0.1987677685973665 0.0 0.0 0.0 0.10123223140263359 0.0 0.35 0.35 0.0 0.0 
0.0 0.0 0.0 0.0 0.0 0.1892150897866337 0.0 0.35 0.35 0.11078491021336635 0.0 
0.0 0.10143303158996765 0.0 0.0 0.0 0.21257604961514615 0.0 0.33599091879488635 0.35 0.0 0.0 
0.0 0.0 0.11230143713855614 0.0 0.0 0.19883522444614732 0.0 0.3388633384152967 0.35 0.0 0.0 
0.0 0.12669826327845252 0.0 0.0 0.0 0.1733017367215475 0.0 0.35 0.35 0.0 0.0 
0.0 0.10223346069220822 0.0 0.0 0.0 0.20135436488527286 0.0 0.34641217442251887 0.35 0.0 0.0 
0.0 0.0 0.10073535236579438 0.0 0.0 0.10043689240315846 0.0 0.35 0.34514639986413265 0.10368135536691447 0.0 
0.0 0.18659883992405146 0.0 0.0 0.0 0.11340116007594873 0.0 0.35 0.35 0.0 0.0 
0.0 0.0 0.10107947891486017 0.0 0.10480916115721878 0.10119544951060258 0.0 0.24902983518483193 0.34050446780572907 0.10338160742675749 0.0 
0.0 0.0 0.1036055808960392 0.0 0.10560102173188379 0.10128105125952783 0.0 0.23619805794588622 0.3498452297088044 0.10346905845785852 0.0 
0.0 0.0 0.0 0.0 0.10185184575534405 0.11150414509036845 0.0 0.33100572655194005 0.34985571315970226 0.1057825694426451 0.0 
0.0 0.0 0.10279765525644426 0.0 0.0 0.10160424351445435 0.0 0.3427957141853901 0.34808934667771096 0.10471304036600038 0.0 
0.0 0.0 0.1229705430094257 0.0 0.10486379544781191 0.19286595082511446 0.0 0.1227206626433463 0.35 0.10657904807430157 0.0 
0.0 0.17439272036125708 0.0 0.0 0.0 0.1256072796387429 0.0 0.35 0.35 0.0 0.0 
0.0 0.0 0.0 0.0 0.1008673085072203 0.1009031443606333 0.0 0.3463092028805669 0.34958944029456357 0.1023309039570158 0.0 
0.0 0.0 0.14800167421512375 0.0 0.10123305698485882 0.19342573463215534 0.0 0.114871438685861 0.33981873414909014 0.10264936133291112 0.0 
0.0 0.0 0.147306994972382 0.0 0.10475641912895042 0.16647083894535028 0.0 0.11878594240765852 0.35 0.11267980454565873 0.0 
0.0 0.0 0.0 0.0 0.10239567431862473 0.10222793521511425 0.0 0.3408657342625599 0.34527433997248863 0.10923631623121259 0.0 
0.0 0.0 0.10677339195920693 0.0 0.1040707816732139 0.11087736105810982 0.0 0.21894943714475296 0.3499999999999999 0.10932902816471633 0.0 
0.0 0.0 0.10607915353443169 0.0 0.1009735330488306 0.14821570700372588 0.0 0.19620295204117172 0.34772430711235464 0.10080434725948527 0.0 
0.0 0.0 0.0 0.0 0.0 0.19352253476537273 0.0 0.34530486026884 0.35 0.11117260496578729 0.0 
0.0 0.0 0.10458419305428736 0.0 0.10513856255357873 0.15580895391679692 0.0 0.17593982588040763 0.35 0.10852846459492946 0.0 
0.0 0.0 0.0 0.0 0.10069591780853612 0.10775403392028977 0.0 0.3272359458532936 0.341419930107241 0.12289417231063951 0.0 
0.0 0.0 0.0 0.0 0.10469608049083487 0.12663587090125003 0.0 0.29791058393952097 0.35 0.12075746466839406 0.0 
0.0 0.0 0.11017194735581318 0.0 0.0 0.17114569960984458 0.0 0.2733937553583085 0.3447505699027508 0.10053802777328297 0.0 
0.0 0.0 0.0 0.0 0.10110373341186149 0.1106851356097553 0.0 0.3285744552484063 0.3472859867545337 0.11235068897544323 0.0 
0.0 0.0 0.11412546323632831 0.0 0.10443269059467974 0.18551017353226265 0.0 0.13768890827230873 0.3492284067457799 0.10901435761864069 0.0 
0.0 0.0 0.12729360249784535 0.0 0.11359537811755568 0.15005849050335582 0.0 0.14959764113206878 0.35 0.10945488774917451 0.0 
0.0 0.0 0.0 0.0 0.1053933252189172 0.10179504656145791 0.0 0.32037995058133156 0.35 0.1224316776382932 0.0 
0.0 0.0 0.11448821470794872 0.0 0.0 0.1989733407567728 0.0 0.22482367542699963 0.35 0.11171476910827892 0.0 
0.0 0.0 0.10150118948704387 0.0 0.10306311700233589 0.15080861713516733 0.0 0.1817639956284368 0.35 0.11286308074701616 0.0 
0.0 0.0 0.10481008737383753 0.0 0.10512102044669606 0.14074497920829404 0.0 0.20179294794634725 0.34666140535017076 0.10086955967465426 0.0 
0.0 0.0 0.1166967453861433 0.0 0.10437740503967924 0.1597741024932505 0.0 0.16159921772513472 0.3473813369686341 0.11017119238715817 0.0 
0.0 0.0 0.11101376083548807 0.0 0.0 0.17636697389671369 0.0 0.25381052442385893 0.3481416707024095 0.1106670701415299 0.0 
0.0 0.0 0.0 0.0 0.11251430780467404 0.12537450481851303 0.0 0.29494322324151845 0.35 0.11716796413529454 0.0 
0.0 0.0 0.10384674600293312 0.0 0.0 0.17481931501947648 0.0 0.26560911319221636 0.35 0.10572482578537404 0.0 
0.0 0.0 0.0 0.0 0.10570917074168919 0.11221538400226096 0.0 0.31310594314819157 0.3483297130013394 0.12063978910651896 0.0 
0.0 0.16660808801005966 0.0 0.0 0.0 0.13339191198994035 0.0 0.35 0.35 0.0 0.0 
0.0 0.0 0.10116498256366464 0.0 0.10480296181961271 0.12124522476042728 0.0 0.22717602897770717 0.34256085510316636 0.1030499467754218 0.0 
0.0 0.0 0.0 0.0 0.10398062397286015 0.11383466343758923 0.0 0.3160855500160412 0.34903609321541257 0.11706306935809692 0.0 
0.0 0.16236608063980587 0.0 0.0 0.0 0.0 0.1376339193601942 0.35 0.35 0.0 0.0 
0.0 0.19543037046867107 0.0 0.0 0.0 0.10456962953132895 0.0 0.35 0.35 0.0 0.0 
0.0 0.0 0.10336190889825737 0.0 0.1070788915032849 0.10216194655042027 0.0 0.23210944554143997 0.35 0.10528780750659754 0.0 
0.0 0.1437055317197674 0.0 0.0 0.0 0.15629446828023258 0.0 0.35 0.35 0.0 0.0 
0.0 0.0 0.10319364602988275 0.0 0.10058164500517018 0.1586574214078577 0.0 0.1955081109661513 0.3363955760795751 0.10566360051136299 0.0 
0.0 0.0 0.10580529275408776 0.0 0.0 0.1735554458724045 0.0 0.2636888724950863 0.3463996417662942 0.1105507471121272 0.0 
0.0 0.0 0.1273511090162393 0.0 0.0 0.17779377800780644 0.0 0.3448551129759543 0.35 0.0 0.0 
0.0 0.0 0.11631668212703865 0.0 0.0 0.1878188564632205 0.0 0.3458644614097409 0.35 0.0 0.0 
0.0 0.0 0.0 0.0 0.11342834796101096 0.116168344543388 0.0 0.30435829121548924 0.35 0.11604501628011177 0.0 
0.0 0.0 0.10097131358181004 0.0 0.0 0.10067215451033039 0.0 0.34827401671053115 0.34436996556357335 0.10571254963375512 0.0 
0.0 0.0 0.1183347908375729 0.0 0.10237055399338767 0.16485221130003788 0.0 0.15247607318368148 0.35 0.11196637068531999 0.0 
0.0 0.0 0.11492113580087443 0.0 0.10241321821498366 0.2000854261167196 0.0 0.13071932568953581 0.3468482947984566 0.10501259937942999 0.0 
0.0 0.0 0.11486334493846379 0.0 0.10154669684871381 0.18323487477991862 0.0 0.14340286040742678 0.3449428054858907 0.11200941753958628 0.0 
0.0 0.0 0.12310200823758748 0.0 0.10497590313195379 0.18941737567024197 0.0 0.1298158814694176 0.35 0.10268883149079915 0.0 
0.0 0.0 0.0 0.0 0.1009264597980104 0.10632989634645396 0.0 0.3471080690175573 0.34027692844549295 0.10535864639248547 0.0 
0.0 0.15330852190848285 0.0 0.0 0.0 0.1466914780915172 0.0 0.35 0.35 0.0 0.0 
0.0 0.0 0.10652000325677528 0.0 0.10535041523356892 0.11433934020717623 0.0 0.21441094682486325 0.34901499637837236 0.11036429809924396 0.0 
0.0 0.0 0.10906977433489176 0.0 0.10119733918849004 0.1276287787210214 0.0 0.2091256905225133 0.3450856644026755 0.107892752830408 0.0 
0.0 0.0 0.10094062443051777 0.0 0.10124007822658698 0.1355488430810309 0.0 0.2122719811881704 0.34768122669934565 0.10231724637434815 0.0 
0.0 0.0 0.0 0.0 0.10520989640664519 0.10874341731558348 0.0 0.30833001918728165 0.35 0.1277166670904896 0.0 
0.0 0.0 0.15023510097149287 0.0 0.10276071955555639 0.18050621464528122 0.0 0.11660491194597226 0.34569465616563316 0.10419839671606422 0.0 
0.0 0.15902431082347757 0.0 0.0 0.0 0.1409756891765224 0.0 0.35 0.35 0.0 0.0 
0.0 0.13552839542332382 0.0 0.0 0.0 0.1644716045766764 0.0 0.35 0.35 0.0 0.0 
0.0 0.0 0.11720627931660595 0.0 0.10483314893609534 0.15368415722424322 0.0 0.1663759703553776 0.3488981108718762 0.10900233329580153 0.0 
0.0 0.0 0.10794559670259142 0.0 0.0 0.19247972059691804 0.0 0.24207240583442968 0.35 0.10750227686606097 0.0 
0.0 0.10092774975016855 0.0 0.0 0.0 0.21040780490958214 0.0 0.33866444534024925 0.35 0.0 0.0 
0.0 0.0 0.11568364124132133 0.0 0.10422580090670333 0.16379209593429123 0.0 0.15703482277729106 0.34716465740777175 0.11209898173262138 0.0 
0.0 0.0 0.0 0.0 0.11408331919107695 0.1039227918797244 0.0 0.2921003775702519 0.35 0.13989351135894681 0.0 
0.0 0.0 0.11199570873380743 0.0 0.0 0.15531239813412867 0.0 0.27554472951481634 0.35 0.10714716361724759 0.0 
0.0 0.0 0.10711188037713786 0.0 0.0 0.15312689407049113 0.0 0.28056335027827384 0.35 0.10919787527409719 0.0 
0.0 0.0 0.10860092262728452 0.0 0.10506096836433775 0.12708014853261151 0.0 0.20822673443954784 0.3436022653215589 0.10742896071465957 0.0 
0.0 0.0 0.11086445283550075 0.0 0.0 0.18665164538003792 0.0 0.24840769082616676 0.3496129796802857 0.10446323127800877 0.0 
0.0 0.0 0.11270396361436395 0.0 0.0 0.18945014125111828 0.0 0.24135668945338334 0.34720655871717804 0.10928264696395633 0.0 
0.0 0.0 0.11069985027908051 0.0 0.0 0.16289982992470026 0.0 0.2789780650681628 0.34640248618468755 0.10101976854336883 0.0 
0.0 0.0 0.12397477102659017 0.0 0.0 0.18961275578671036 0.0 0.2313876910133362 0.35 0.10502478217336327 0.0 
0.0 0.10551613677652544 0.0 0.0 0.0 0.20525105851181788 0.0 0.3423661959135851 0.3468666087980716 0.0 0.0 
0.0 0.0 0.12126263521054338 0.0 0.0 0.16569580304174023 0.0 0.2625556994496105 0.34597643771680886 0.10450942458129693 0.0 
0.0 0.0 0.11508296144742375 0.0 0.10083882502375432 0.1535237304968518 0.0 0.17330287154594648 0.3489118637459247 0.10833974774009884 0.0 
0.0 0.0 0.11615237165493233 0.0 0.0 0.17477550960613916 0.0 0.23679500185602648 0.35 0.12227711688290197 0.0 
0.0 0.0 0.11380108476314124 0.0 0.0 0.18946360823224417 0.0 0.23464378982959982 0.35 0.1120915171750147 0.0 
0.0 0.0 0.0 0.0 0.1048857963782702 0.10257995775807241 0.0 0.3420395075793144 0.34646329435095236 0.10403144393339063 0.0 
0.0 0.0 0.1175669511598392 0.0 0.0 0.17448892445500574 0.0 0.24802407757530073 0.35 0.10992004680985426 0.0 
0.0 0.13153430073959907 0.0 0.0 0.0 0.0 0.16846569926040092 0.35 0.35 0.0 0.0 
0.0 0.0 0.11547548555931846 0.0 0.0 0.18649890419421797 0.0 0.23132556213040434 0.35 0.11670004811605918 0.0 
0.0 0.0 0.1057372049373415 0.0 0.10036073838573008 0.11349907884196028 0.0 0.2307272422319693 0.3423248721585689 0.10735086344442986 0.0 
0.0 0.0 0.0 0.0 0.11248032662849893 0.10544120307151636 0.0 0.3087604964052414 0.347074739495516 0.1262432343992274 0.0 
0.0 0.10084406493942476 0.0 0.0 0.0 0.2051081127934275 0.0 0.3440478222671477 0.35 0.0 0.0 
0.0 0.0 0.10167570990717398 0.0 0.10350568595544722 0.10049532319722734 0.0 0.2283229180182481 0.34941488319449593 0.11658547972740733 0.0 
0.0 0.0 0.10889728874468618 0.0 0.10178294333997864 0.15659888942114053 0.0 0.16968323074077074 0.35 0.11303764775342394 0.0 
0.0 0.0 0.11141780711712704 0.0 0.10601863585037755 0.15542206702825845 0.0 0.16825740325812802 0.348649120060394 0.11023496668571497 0.0 
0.0 0.0 0.10971160488516547 0.0 0.10111727956110331 0.1484267077511744 0.0 0.18563315724204538 0.35 0.10511125056051145 0.0 
0.0 0.11598334315300014 0.0 0.0 0.0 0.0 0.18401665684699994 0.35 0.35 0.0 0.0 
0.0 0.0 0.10424547096704187 0.0 0.0 0.18504224981036702 0.0 0.25662679046978426 0.34724386542995667 0.10684162332285028 0.0 
