-0.003419265583359666 3.1828925565252446E-5 
-0.011713528783171823 4.3029059305262036E-4 
-0.006290125330608847 4.637281636618766E-5 
-0.006853997068230965 5.0122351111518026E-5 
-0.007035512066362393 5.303749092399721E-5 
-0.006295135916391384 4.8807627811639266E-5 
-0.011386331719027412 3.557083162018064E-4 
-0.007448156035869852 5.406334624052019E-5 
-0.01139042243298902 3.7791466612445944E-4 
-0.01011681643676406 1.8076440573188784E-4 
-0.010004998448622326 1.7119831419136277E-4 
-0.008886373441639464 9.918342068628873E-5 
-0.010743074752074604 2.503645482537234E-4 
-0.011163925278735828 3.146730948115105E-4 
-0.01103374185108566 2.9237629622360305E-4 
-0.009950716010284995 1.6643102039628723E-4 
-0.009429923814001543 1.2662973138630876E-4 
-0.010790158916110489 2.6141357915502645E-4 
-0.011673561139219427 4.233149420682293E-4 
-0.00959152364095933 1.3783180866516165E-4 
-0.010189536611243114 1.8775054166832517E-4 
-0.007584854223313972 5.436269338464555E-5 
-0.01094434781281105 2.7806215047109536E-4 
-0.011324155617245372 3.4632621174281853E-4 
-0.010674113021523464 2.4194000268379687E-4 
-0.009512972613318557 1.3183302548770085E-4 
-0.010753530759232053 2.53786810421684E-4 
-0.00773072652060203 5.4611341191381906E-5 
-0.010558633221206716 2.2602710940151206E-4 
-0.007757105108266401 5.926639217354606E-5 
-0.010609796075892724 2.3309394928524728E-4 
-0.009239080198219526 1.1796931330098517E-4 
-0.009314517656415474 1.1994370757786264E-4 
-0.011344814961566842 3.496310909580192E-4 
-0.009878191953441275 1.6045044861387003E-4 
-0.009386551530086513 1.2333449329528158E-4 
-0.008222262776229587 7.07054739246802E-5 
-0.011083704136618754 3.012858146129358E-4 
-0.007947549276489342 6.648526528826995E-5 
-0.011448652039752887 3.870048801256377E-4 
-0.010294357664680242 1.976661338693383E-4 
-0.010246942441799817 1.9318365933039373E-4 
-0.01098546456507451 2.848655292254274E-4 
-0.00966328812795543 1.4325240971943797E-4 
-0.008066877702225566 6.898998847355701E-5 
-0.008797475397219165 9.543348829164928E-5 
-0.011245996732472206 3.2990020068191753E-4 
-0.007890659757986035 6.000161888121412E-5 
-0.011288918828756902 3.373367601554252E-4 
-0.011242238031957456 3.286723713405845E-4 
-0.011299462274720621 3.380460335486223E-4 
-0.010386818118564392 2.0711172716528968E-4 
-0.009664598871941245 1.4552496391285317E-4 
-0.008338630582695187 7.359161633161742E-5 
-0.00861035635325496 8.453359325034804E-5 
-0.011128943477179784 3.088781169841513E-4 
-0.011461410699828384 3.9157380842179314E-4 
-0.0086515307305302 8.79013157619437E-5 
-0.00953436888017113 1.3505695127894623E-4 
-0.01150629650009554 3.975474687215632E-4 
-0.00919676620722912 1.1309046046755939E-4 
-0.011208139767013712 3.2101418074732233E-4 
-0.008362505275952597 7.715473214993706E-5 
-0.009745776692872814 1.496616187936572E-4 
-0.010353638598731377 2.0343181929750556E-4 
-0.007910444616799107 6.268365795513223E-5 
-0.010845155496264698 2.638759230571796E-4 
-0.010401595946007293 2.1159517884385414E-4 
-0.011055676474520076 2.965826024672616E-4 
-0.01171207705651453 4.302502114486363E-4 
-0.009039275044493797 1.0883324340721365E-4 
-0.01097976973503927 2.836876676271253E-4 
-0.009068194972417011 1.1066444270517342E-4 
-0.008967336727340864 1.0396629943962595E-4 
-0.008964635841578309 1.0373549297122006E-4 
-0.010294916725935589 2.0218794344861653E-4 
-0.009191581601193042 1.107792696724167E-4 
-0.008446574221305098 7.781622203874864E-5 
-0.00827884200461203 7.093957700663589E-5 
-0.01120724015710078 3.20892268616446E-4 
-0.011416831792819344 3.820465632131388E-4 
-0.008054789866848787 6.764547284516662E-5 
-0.008720223495443418 8.905479275549208E-5 
-0.01021371488599632 1.9024941716420357E-4 
-0.011488736388136984 3.9516304630493913E-4 
-0.010868702278626522 2.668213182947905E-4 
-0.01090889903324528 2.7328720931533626E-4 
-0.010436831111431268 2.1385823070824028E-4 
-0.011130738237848659 3.091153568563911E-4 
-0.00998836004468293 1.6975039030152057E-4 
-0.008459754523906512 8.101031443585825E-5 
-0.008529610653556964 8.355921007417803E-5 
-0.01087944353182801 2.702965688055188E-4 
-0.010611043060914765 2.3642149749756168E-4 
-0.008724347853518158 9.262624346336343E-5 
-0.011602326214769445 4.1166500160013216E-4 
-0.009775113673958651 1.527028536610964E-4 
-0.010509077612351125 2.2047078257029267E-4 
-0.010655780279615463 2.3800312182841078E-4 
-0.011540440696012443 4.023582532780926E-4 
