0.0 0.30000000000000004 0.0 0.0 0.0 0.0 0.0 0.35 0.35 0.0 0.0 
0.0 0.0 0.20430700052746706 0.0 0.0 0.2456660166485917 0.0 0.10002698282394133 0.35 0.1 0.0 
0.0 0.0 0.20430700052746706 0.0 0.0 0.2456660166485917 0.0 0.10002698282394133 0.35 0.1 0.0 
0.0 0.30000000000000004 0.0 0.0 0.0 0.0 0.0 0.35 0.35 0.0 0.0 
0.0 0.0 0.0 0.0 0.0 0.0 0.20000000000000015 0.35 0.35 0.0 0.1 
0.0 0.29999999999999993 0.0 0.0 0.0 0.0 0.0 0.35 0.35 0.0 0.0 
0.0 0.0 0.1 0.0 0.0 0.1442709929028546 0.0 0.3051452197800055 0.35 0.10058378731713989 0.0 
0.0 0.19999999999999998 0.0 0.0 0.0 0.0 0.1 0.35 0.35 0.0 0.0 
0.0 0.0 0.0 0.0 0.0 0.18643533410791036 0.0 0.34768531569673067 0.35 0.11587935019535903 0.0 
0.0 0.11876033564546681 0.0 0.0 0.0 0.0 0.1822251277389832 0.34901453661555004 0.35 0.0 0.0 
0.0 0.19999999999999998 0.0 0.0 0.0 0.1 0.0 0.35 0.35 0.0 0.0 
0.0 0.1 0.0 0.0 0.0 0.10030425904026408 0.0 0.35 0.34955565721329784 0.1001400837464381 0.0 
0.0 0.1 0.0 0.0 0.0 0.21003074931784008 0.0 0.3399692506821599 0.35 0.0 0.0 
0.0 0.0 0.1 0.0 0.0 0.18394422274173458 0.0 0.25973706954499787 0.35 0.10631870771326758 0.0 
0.0 0.1 0.0 0.0 0.0 0.20179018783034092 0.0 0.34820981216965907 0.35 0.0 0.0 
0.0 0.12306060702954559 0.0 0.0 0.0 0.17693939297045447 0.0 0.35 0.35 0.0 0.0 
0.0 0.0 0.11105782357225363 0.0 0.0 0.1639482038157789 0.0 0.2749939726119675 0.35 0.1 0.0 
0.0 0.0 0.1 0.0 0.0 0.14947467150565405 0.0 0.2990654771767283 0.35 0.10145985131761767 0.0 
0.0 0.0 0.20098047697644014 0.0 0.0 0.24530396308023406 0.0 0.10371555994332578 0.35 0.1 0.0 
0.0 0.0 0.12634895178004935 0.0 0.0 0.17714029747600576 0.0 0.24651075074394485 0.35 0.1 0.0 
0.0 0.1 0.0 0.0 0.0 0.10044685411031284 0.0 0.3351730054705835 0.35 0.11438014041910377 0.0 
0.0 0.1 0.0 0.0 0.0 0.20733094531738702 0.0 0.342669054682613 0.35 0.0 0.0 
0.0 0.0 0.16584446959848492 0.0 0.0 0.23078032069815302 0.0 0.15337520970336213 0.35 0.1 0.0 
0.0 0.0 0.1 0.0 0.0 0.15505128055203027 0.0 0.29237793028549597 0.35 0.10257078916247377 0.0 
0.0 0.17408930884879548 0.0 0.0 0.0 0.12591069115120454 0.0 0.35 0.35 0.0 0.0 
0.0 0.0 0.19594290172288836 0.0 0.0 0.2423313528636915 0.0 0.11172574541342023 0.35 0.1 0.0 
0.0 0.11217663474639299 0.0 0.0 0.0 0.18782336525360704 0.0 0.35 0.35 0.0 0.0 
0.0 0.0 0.12039001617394826 0.0 0.0 0.1598775037847738 0.0 0.2697324800412779 0.35 0.1 0.0 
0.0 0.15843868687194543 0.0 0.0 0.0 0.0 0.1415613131280546 0.35 0.35 0.0 0.0 
0.0 0.0 0.17319112351091626 0.0 0.0 0.24501695375631535 0.0 0.13179192273276838 0.35 0.1 0.0 
0.0 0.14269852102588668 0.0 0.0 0.0 0.1573014789741134 0.0 0.35 0.35 0.0 0.0 
0.0 0.0 0.14204200021270325 0.0 0.0 0.22745105111467873 0.0 0.18050694867261804 0.35 0.1 0.0 
0.0 0.0 0.11290721298629466 0.0 0.0 0.18142023393103313 0.0 0.2556725530826722 0.35 0.1 0.0 
0.0 0.0 0.1579062714420087 0.0 0.0 0.23043867042970884 0.0 0.16165505812828249 0.35 0.1 0.0 
0.0 0.0 0.1909878849199218 0.0 0.0 0.24057860902162664 0.0 0.11843350605845161 0.35 0.1 0.0 
0.0 0.0 0.18235861890093752 0.0 0.0 0.23947421735732674 0.0 0.12816716374173576 0.35 0.1 0.0 
0.0 0.16642576664855885 0.0 0.0 0.0 0.13357423335144117 0.0 0.35 0.35 0.0 0.0 
0.0 0.0 0.14063272411968006 0.0 0.0 0.1759597520329613 0.0 0.23340752384735863 0.35 0.1 0.0 
0.0 0.0 0.16965235654028074 0.0 0.0 0.2121948895874619 0.0 0.1681527538722574 0.35 0.1 0.0 
0.0 0.15406754608788445 0.0 0.0 0.0 0.14593245391211562 0.0 0.35 0.35 0.0 0.0 
0.0 0.1 0.0 0.0 0.0 0.10486249467058646 0.0 0.3447039173911593 0.35 0.10043358793825433 0.0 
0.0 0.1 0.0 0.0 0.0 0.10606898105872284 0.0 0.3416411259501727 0.35 0.10228989299110444 0.0 
0.0 0.0 0.14440268192342823 0.0 0.0 0.2120576234391037 0.0 0.19353969463746812 0.35 0.1 0.0 
0.0 0.0 0.1 0.0 0.0 0.14702690789965486 0.0 0.29588108152538617 0.35 0.10709201057495903 0.0 
0.0 0.10019201751423816 0.0 0.0 0.0 0.1 0.0 0.3382621249397476 0.35 0.11154585754601423 0.0 
0.0 0.0 0.14583625358755006 0.0 0.0 0.20048079365964677 0.0 0.20368295275280324 0.35 0.1 0.0 
0.0 0.19999999999999996 0.0 0.0 0.0 0.0 0.1 0.35 0.35 0.0 0.0 
0.0 0.0 0.13316730228493973 0.0 0.0 0.18052918341518842 0.0 0.23630351429987193 0.35 0.1 0.0 
0.0 0.0 0.1069283784369458 0.0 0.0 0.16008464272701364 0.0 0.2829869788360407 0.35 0.1 0.0 
0.0 0.188305732271282 0.0 0.0 0.0 0.0 0.11169426772871803 0.35 0.35 0.0 0.0 
0.0 0.0 0.1 0.0 0.0 0.18189767781023325 0.0 0.26467303260777564 0.35 0.1034292895819912 0.0 
0.0 0.17429150174384653 0.0 0.0 0.0 0.0 0.1257084982561535 0.35 0.35 0.0 0.0 
0.0 0.0 0.15269908091666345 0.0 0.0 0.2271515199883166 0.0 0.17014939909502005 0.35 0.1 0.0 
0.0 0.0 0.17128346790178262 0.0 0.0 0.23737225570784107 0.0 0.1413442763903764 0.35 0.1 0.0 
0.0 0.15994236762945052 0.0 0.0 0.0 0.1400576323705495 0.0 0.35 0.35 0.0 0.0 
0.0 0.1 0.0 0.0 0.0 0.10212029625158989 0.0 0.34764418978936307 0.35 0.10023551395904706 0.0 
0.0 0.0 0.1 0.0 0.0 0.16373082978175085 0.0 0.28487485586358224 0.35 0.10139431435466696 0.0 
0.0 0.0 0.13682118433048188 0.0 0.0 0.2304034256529803 0.0 0.1827753900165379 0.35 0.1 0.0 
0.0 0.18395999371168628 0.0 0.0 0.0 0.11604000628831374 0.0 0.35 0.35 0.0 0.0 
0.0 0.1816665426326363 0.0 0.0 0.0 0.11833345736736375 0.0 0.35 0.35 0.0 0.0 
0.0 0.0 0.1946125321123949 0.0 0.0 0.24141053085682115 0.0 0.11397693703078397 0.35 0.1 0.0 
0.0 0.0 0.14714377078182952 0.0 0.0 0.22701511305644254 0.0 0.17584111616172798 0.35 0.1 0.0 
0.0 0.0 0.18719320453218385 0.0 0.0 0.24017216188056162 0.0 0.12263463358725461 0.35 0.1 0.0 
0.0 0.0 0.15376166288091708 0.0 0.0 0.1756838684424236 0.0 0.22055446867665934 0.35 0.1 0.0 
0.0 0.0 0.14248964104513792 0.0 0.0 0.19208280624438623 0.0 0.2154275527104759 0.35 0.1 0.0 
0.0 0.0 0.14812719213296222 0.0 0.0 0.1779390535971188 0.0 0.22393375426991907 0.35 0.1 0.0 
0.0 0.0 0.18235861890093752 0.0 0.0 0.2291359811821103 0.0 0.13850539991695215 0.35 0.1 0.0 
0.0 0.0 0.16617502645751572 0.0 0.0 0.23769872963187777 0.0 0.14612624391060658 0.35 0.1 0.0 
0.0 0.0 0.15583656098547766 0.0 0.0 0.23806630298116505 0.0 0.15609713603335731 0.35 0.1 0.0 
0.0 0.0 0.0 0.0 0.0 0.2 0.0 0.35 0.35 0.1 0.0 
0.0 0.19764637187433726 0.0 0.0 0.0 0.10235362812566269 0.0 0.35 0.35 0.0 0.0 
0.0 0.19999999999999998 0.0 0.0 0.0 0.1 0.0 0.35 0.35 0.0 0.0 
0.0 0.0 0.14714377078182952 0.0 0.0 0.2270151130564425 0.0 0.17584111616172798 0.35 0.1 0.0 
0.0 0.14433071703587505 0.0 0.0 0.0 0.15566928296412502 0.0 0.35 0.35 0.0 0.0 
0.0 0.0 0.13182230917340368 0.0 0.0 0.19448567831755187 0.0 0.2236920125090445 0.35 0.1 0.0 
0.0 0.1910904399578805 0.0 0.0 0.0 0.10890956004211949 0.0 0.35 0.35 0.0 0.0 
0.0 0.0 0.10051188662813028 0.0 0.0 0.1722355993754433 0.0 0.27725251399642653 0.35 0.1 0.0 
0.0 0.0 0.18235861890093752 0.0 0.0 0.24358400732556582 0.0 0.12405737377349665 0.35 0.1 0.0 
0.0 0.0 0.11290186091774058 0.0 0.0 0.18587080429332414 0.0 0.2512273347889353 0.35 0.1 0.0 
0.0 0.0 0.13145668622413745 0.0 0.0 0.19029682075932758 0.0 0.22824649301653502 0.35 0.1 0.0 
0.0 0.0 0.10592611203388064 0.0 0.0 0.16493354147750044 0.0 0.27914034648861896 0.35 0.1 0.0 
0.0 0.0 0.17390988035243554 0.0 0.0 0.2293423643043324 0.0 0.14674775534323206 0.35 0.1 0.0 
0.0 0.0 0.1329834764823216 0.0 0.0 0.17653560735966137 0.0 0.24048091615801712 0.35 0.1 0.0 
0.0 0.0 0.14204835608215705 0.0 0.0 0.20008401267475912 0.0 0.20786763124308383 0.35 0.1 0.0 
0.0 0.0 0.13884695207849096 0.0 0.0 0.21603852908196938 0.0 0.19511451883953965 0.35 0.1 0.0 
0.0 0.0 0.13368544492255816 0.0 0.0 0.219215271007629 0.0 0.1970992840698129 0.35 0.1 0.0 
0.0 0.0 0.14319824981628182 0.0 0.0 0.19977338546421936 0.0 0.20702836471949887 0.35 0.1 0.0 
0.0 0.0 0.1387039543135203 0.0 0.0 0.18304764493387835 0.0 0.22824840075260133 0.35 0.1 0.0 
0.0 0.0 0.1584584818720958 0.0 0.0 0.22079948831208676 0.0 0.17074202981581746 0.35 0.1 0.0 
0.0 0.19202430500352752 0.0 0.0 0.0 0.10797569499647255 0.0 0.35 0.35 0.0 0.0 
0.0 0.0 0.15943037229542031 0.0 0.0 0.23511632746247954 0.0 0.15545330024210022 0.35 0.1 0.0 
0.0 0.0 0.13424492392110327 0.0 0.0 0.17602602644058285 0.0 0.2397290496383139 0.35 0.1 0.0 
0.0 0.0 0.10518364335624869 0.0 0.0 0.15630203526051675 0.0 0.2885143213832347 0.35 0.1 0.0 
0.0 0.0 0.1426907253526863 0.0 0.0 0.1895587328531892 0.0 0.2177505417941246 0.35 0.1 0.0 
0.0 0.0 0.16885478024718464 0.0 0.0 0.24348512913939652 0.0 0.13766009061341894 0.35 0.1 0.0 
0.0 0.0 0.14296476121698062 0.0 0.0 0.2193516313647192 0.0 0.18768360741830026 0.35 0.1 0.0 
0.0 0.0 0.0 0.0 0.0 0.19089407666833502 0.0 0.35 0.35 0.10910592333166501 0.0 
0.0 0.0 0.10518364335624869 0.0 0.0 0.15630203526051675 0.0 0.2885143213832347 0.35 0.1 0.0 
0.0 0.0 0.14296476121698062 0.0 0.0 0.2193516313647192 0.0 0.18768360741830026 0.35 0.1 0.0 
0.0 0.0 0.1430932112594478 0.0 0.0 0.19485148395147922 0.0 0.21205530478907303 0.35 0.1 0.0 
