-0.017609275760070896 7.814526095630626E-4 
-0.011394797895473251 5.032989336788324E-5 
-0.011394797895473251 5.032989336788324E-5 
-0.017354169866937684 5.953629497749518E-4 
-0.01760927576007089 7.814526095630618E-4 
-0.017000096823994698 4.7601918008381385E-4 
-0.016985144490567743 4.176779753846814E-4 
-0.016163494433269414 2.628247991981683E-4 
-0.016051577385539074 2.496170993727595E-4 
-0.016265177102415374 2.747505280522686E-4 
-0.01692694518111132 3.7655368822121896E-4 
-0.01731220537507456 5.704619762592491E-4 
-0.012725304157096783 7.015125059917283E-5 
-0.016746404965183113 3.455862836925256E-4 
-0.01713304045942415 4.965813918943452E-4 
-0.012010916213428098 5.4929444092159404E-5 
-0.01289821403887924 7.043902276185991E-5 
-0.01579750041069951 2.2459970120533996E-4 
-0.011561694119766142 5.1008600194882255E-5 
-0.013141975355942085 7.698260066618388E-5 
-0.014212815326445572 1.1754663774444553E-4 
-0.017227366037937602 5.250477168422706E-4 
-0.014503636163823115 1.323834336228171E-4 
-0.015647720702642594 2.1190464266247647E-4 
-0.0170754169065609 4.866142025874655E-4 
-0.016969103286543698 3.853741680898981E-4 
-0.0172768172717268 5.507172112451624E-4 
-0.011760219905941215 5.2294524386165124E-5 
-0.011620424372605648 5.129232449977009E-5 
-0.01631559913684858 2.811799582348594E-4 
-0.013681736958692637 9.603828576174535E-5 
-0.013777724296822506 9.891433999644764E-5 
-0.015955384945444503 2.4075443928400596E-4 
-0.013615652937580722 9.3420263083602E-5 
-0.013462917622775 8.751712908869925E-5 
-0.012362836080752912 6.0053945525243614E-5 
-0.015187365364722302 1.8130445081603722E-4 
-0.012670272878503839 6.538170653229053E-5 
-0.014643406741670865 1.3956629316242547E-4 
-0.015381709688375633 1.942728665684893E-4 
-0.01698249493165129 4.029337971808752E-4 
-0.016422046188607927 2.950894461430838E-4 
-0.01681729073676225 3.683522387958907E-4 
-0.014804213124493848 1.514796398789585E-4 
-0.016630717574895416 3.284293348635786E-4 
-0.014674983770190945 1.4571484076706474E-4 
-0.014970954133431778 1.613578053221513E-4 
-0.011401262223038033 5.0497847205002503E-5 
-0.014098543514814241 1.140345174284007E-4 
-0.013343175665427476 8.30651437645192E-5 
-0.016571597594991785 3.165212999918183E-4 
-0.016679907182111025 3.3394221340445274E-4 
-0.017037709887475574 4.82396380708279E-4 
-0.01584941481214344 2.3383799234053231E-4 
-0.012478442077290866 6.228181090154141E-5 
-0.01545872733950945 1.9764851413193129E-4 
-0.016980832967414625 3.9556405119864336E-4 
-0.015730697624840036 2.191970647779041E-4 
-0.01399020205920951 1.0742231650437973E-4 
-0.013370598693853914 8.442210341511856E-5 
-0.01725011355001203 5.3657740511128E-4 
-0.014378183199107183 1.253823407347359E-4 
-0.01507409723520483 1.7876440498133686E-4 
-0.016803913236271943 3.527876868126569E-4 
-0.01429461664021496 1.2264982814291913E-4 
-0.012152043660498074 5.598926829104183E-5 
-0.013056524106130868 7.465118879886525E-5 
-0.015520096099531047 2.026968571225581E-4 
-0.015320604332147035 1.8953940001789887E-4 
-0.013842637993165761 1.014526772934254E-4 
-0.01680969467858674 3.6764165092746686E-4 
-0.015236142208454817 1.842033267920274E-4 
-0.013912574782111525 1.0562156637908791E-4 
-0.011819487288525775 5.26163058485297E-5 
-0.01725638416045508 5.398390455112117E-4 
-0.014038667800184475 1.0963492009022368E-4 
-0.01489969354221908 1.565701577007803E-4 
-0.014764420155150119 1.4643903740224533E-4 
-0.012440840074921826 6.114823006280864E-5 
-0.011927139869651758 5.384332360153068E-5 
-0.013238479581314851 7.987414789740129E-5 
-0.015572199900439208 2.084761315768193E-4 
-0.015990876337497555 2.4545308930559295E-4 
-0.01653666094174075 3.1147237798409463E-4 
-0.012266603856834882 5.8024465345354785E-5 
-0.012249759150410596 5.7801521136320123E-5 
-0.015849414812143435 2.3383799234053226E-4 
-0.014986150610766559 1.6698031201323882E-4 
-0.016985106938111616 4.17443287900875E-4 
-0.017198702235695737 5.111943570126767E-4 
-0.01426595020369604 1.2077114752373494E-4 
-0.014456459301844918 1.310397038877161E-4 
-0.01733984758731701 5.866830181261261E-4 
-0.0132371383735505 7.984998134341904E-5 
-0.01637011889838356 2.8813087806793476E-4 
-0.013526018102758889 9.043912155344371E-5 
-0.016793260033804443 3.51716869517721E-4 
-0.011887021748449725 5.371658307950585E-5 
-0.012588616369474098 6.307635879376654E-5 
-0.01489969354221908 1.565701577007803E-4 
