-0.017609275760070896 7.814526095630626E-4 
-0.017609275760070896 7.814526095630626E-4 
-0.007891464805922593 1.1527381111474248E-5 
-0.017374781551438234 6.081843684673346E-4 
-0.01760927576007089 7.814526095630618E-4 
-0.009955615222213346 1.8533767446804193E-5 
-0.008457204344573255 1.804621452405554E-5 
-0.01698640206999088 4.7612631483739357E-4 
-0.016985332736138226 4.188655773818329E-4 
-0.010559460116925792 2.200098044066818E-5 
-0.010893644825531814 2.59458203437542E-5 
-0.013580694347361758 9.174227793752945E-5 
-0.010250650534997406 2.0784983073774305E-5 
-0.015226687116847742 1.8252933620846744E-4 
-0.013072786156745142 7.57061278078041E-5 
-0.012648490830416952 6.565414926002497E-5 
-0.013282197795355997 8.162856026718979E-5 
-0.016843841450693738 3.641831860655817E-4 
-0.01712386516339414 4.93768194049156E-4 
-0.0137793180441149 9.887453254625734E-5 
-0.01406071082880689 1.1231648576006225E-4 
-0.017374781551438234 6.081843684673346E-4 
-0.015399677675155652 1.9351037191792005E-4 
-0.011617354421679988 3.866375604791331E-5 
-0.016917798336107015 3.846626999278417E-4 
-0.012876487390420927 6.978697202924911E-5 
-0.01500786874257619 1.741744081461482E-4 
-0.01676467461809301 3.4784723178108226E-4 
-0.016086440934055778 2.549228492235989E-4 
-0.017356722971303223 5.969299790484935E-4 
-0.015999328964474677 2.479715458115209E-4 
-0.014496281398759504 1.3338488701845156E-4 
-0.01688771069738018 3.720629583372448E-4 
-0.01657847905371336 3.1873048811346933E-4 
-0.011314763267138546 3.302604031329328E-5 
-0.00834439126488943 1.5725314723363367E-5 
-0.015126432120949806 1.771322955754936E-4 
-0.010102910592035115 1.8828944943089545E-5 
-0.014613710733878791 1.389889365416121E-4 
-0.012261504765496053 5.5950444144979066E-5 
-0.01664670464812638 3.2732253485406426E-4 
-0.016336873640065034 2.863560334085967E-4 
-0.012502945147172945 6.321490726783532E-5 
-0.011496136129402033 3.488231154969866E-5 
-0.016691673716298688 3.34913969322734E-4 
-0.015646083859163475 2.150346541082357E-4 
-0.016982319939209938 4.0208959554983184E-4 
-0.015789246601884965 2.2791338175911173E-4 
-0.016482096876510515 3.1404268465734937E-4 
-0.015542624917014601 2.032055115568454E-4 
-0.016479701919825864 3.032407285180013E-4 
-0.014813824848634645 1.5210534751739147E-4 
-0.011987630946716978 4.971160084650263E-5 
-0.017243782262977722 5.333207514792377E-4 
-0.01697669906766857 3.935220513758861E-4 
-0.015924558400622138 2.363250198534209E-4 
-0.011113387752583184 2.8137843210222577E-5 
-0.0162627619562279 2.791730399276127E-4 
-0.01392240593359869 1.0490833435494956E-4 
-0.014970203568397402 1.6136522957605398E-4 
-0.012923664669982519 7.204631960903738E-5 
-0.014315745892297244 1.2270941989345766E-4 
-0.01727567184373586 5.571988588090116E-4 
-0.011903454421243185 4.665117371500524E-5 
-0.008138315706825265 1.4769388067847409E-5 
-0.014177815221085778 1.1552034362743684E-4 
-0.013398558904682216 8.58616125590406E-5 
-0.01718519024251148 5.04924986143315E-4 
-0.01176120020587014 4.2932820364606245E-5 
-0.015789246601884965 2.2791338175911173E-4 
-0.011098737206237554 2.7859211911080147E-5 
-0.00793805651930093 1.2886546301424113E-5 
-0.015621866780303015 2.1416973157163953E-4 
-0.016738316597117643 3.4454942310205376E-4 
-0.0172555841019999 5.394208924993799E-4 
-0.01760927576007089 7.814526095630618E-4 
-0.014211720432276727 1.208391559668774E-4 
-0.0172153577289521 5.191524251037238E-4 
-0.008167548256255056 1.5222075516616314E-5 
-0.017318565337421377 5.815831305237151E-4 
-0.016985041298780472 4.170348448225969E-4 
-0.014713984145230079 1.4314270154203412E-4 
-0.014809309770227517 1.5110801716988387E-4 
-0.017029640580727288 4.805488714993035E-4 
-0.015506677878494723 2.0001942623269314E-4 
-0.017335532778921713 5.841048901396753E-4 
-0.011368863273893571 3.370445125931131E-5 
-0.016410305584162458 2.9655326566270534E-4 
-0.01639534201271464 2.9379862270572147E-4 
-0.014970227729199335 1.613663375151621E-4 
-0.012110722489118764 5.3100721709257206E-5 
-0.01237503582235567 5.998320378637481E-5 
-0.017306958444562655 5.674620125745037E-4 
-0.01618467161097741 2.675476841730046E-4 
-0.011801553209977262 4.391508171199249E-5 
-0.015434020330545783 1.952441018077853E-4 
-0.012138876961499144 5.335852142361873E-5 
-0.01614201124303564 2.642730902982676E-4 
-0.014416810361633278 1.2798105702582687E-4 
-0.013852002525475766 1.0154494771326546E-4 
