0.0 0.3000000000000002 0.0 0.0 0.0 0.0 0.0 0.35 0.35 0.0 0.0 
0.12846493541751405 0.0 0.0 0.0 0.0 0.10882371020604462 0.34795549337619597 0.10149029856174492 0.10009074981011584 0.0 0.21317481262838464 
0.12846493541751405 0.0 0.0 0.0 0.0 0.10882371020604462 0.34795549337619597 0.10149029856174492 0.10009074981011584 0.0 0.21317481262838464 
0.0 0.3000000000000002 0.0 0.0 0.0 0.0 0.0 0.35 0.35 0.0 0.0 
0.0 0.1935529351810592 0.0 0.0 0.0 0.0 0.10644706481894083 0.35 0.35 0.0 0.0 
0.0 0.2999999999999998 0.0 0.0 0.0 0.0 0.0 0.35 0.35 0.0 0.0 
0.0 0.10093931109425608 0.0 0.0 0.0 0.0 0.22065504493230978 0.35 0.3284056439734341 0.0 0.0 
0.0 0.0 0.0 0.0 0.0 0.12991082060338977 0.3030844091405508 0.2403746511862472 0.10608594673214661 0.0 0.2205441723376656 
0.0 0.0 0.0 0.0 0.0 0.0 0.10079261725587783 0.35 0.35 0.0 0.19920738274412228 
0.0 0.0 0.0 0.0 0.0 0.13808515433927895 0.303149400644773 0.2672216376267379 0.10475818217342736 0.0 0.1867856252157828 
0.0 0.0 0.0 0.0 0.0 0.0 0.22239276976109174 0.35 0.2386880787803008 0.0 0.18891915145860752 
0.0 0.10109110698325535 0.0 0.0 0.0 0.0 0.20759357680188667 0.35 0.3413153162148579 0.0 0.0 
0.0 0.0 0.0 0.0 0.0 0.10631136237661422 0.29211021436376056 0.2728634843667967 0.1075647932220771 0.0 0.22115014567075147 
0.0 0.0 0.0 0.0 0.0 0.0 0.19634051473198735 0.35 0.317822226486046 0.0 0.13583725878196662 
0.0 0.156661540394776 0.0 0.0 0.0 0.0 0.14333845960522415 0.35 0.35 0.0 0.0 
0.0 0.0 0.0 0.0 0.0 0.0 0.1562539625085112 0.35 0.35 0.0 0.14374603749148887 
0.0 0.0 0.0 0.0 0.0 0.0 0.2041528982219478 0.35 0.30511150949694715 0.0 0.1407355922811051 
0.10044098581902584 0.0 0.0 0.0 0.0 0.10586335495275033 0.30532094424873163 0.1557423520709231 0.10943575417855786 0.0 0.2231966087300112 
0.0 0.0 0.0 0.0 0.0 0.0 0.23020633612816407 0.35 0.28299243664562673 0.0 0.1368012272262092 
0.0 0.0 0.0 0.0 0.0 0.0 0.11758951641204109 0.35 0.35 0.0 0.18241048358795892 
0.11055102288260447 0.0 0.0 0.0 0.0 0.10261156418730638 0.32707996096958514 0.13569206978102538 0.10378548284519507 0.0 0.2202798993342835 
0.0 0.0 0.0 0.0 0.0 0.10773268682779176 0.20733993676334084 0.3491529855826424 0.17911666059662626 0.0 0.15665773022959883 
0.0 0.0 0.0 0.0 0.0 0.10576348259143588 0.24528566369044894 0.3402706484728356 0.11098286804874676 0.0 0.19769733719653262 
0.0 0.0 0.0 0.0 0.0 0.13068173809502182 0.3052424858567968 0.23526948685300358 0.1063983891394804 0.0 0.22240790005569744 
0.0 0.0 0.0 0.0 0.0 0.10121285836231247 0.326893488461053 0.26765506627099206 0.10106785591099227 0.0 0.2031707309946502 
0.0 0.0 0.0 0.0 0.0 0.0 0.26732707815628 0.3464094343619732 0.19374300682410886 0.0 0.19252048065763808 
0.0 0.0 0.0 0.0 0.0 0.0 0.30766701043611294 0.3470695289611736 0.16898800370864886 0.0 0.17627545689406468 
0.0 0.0 0.0 0.0 0.0 0.0 0.23733954228412915 0.3494500658207859 0.2595119941312001 0.0 0.15369839776388491 
0.0 0.0 0.0 0.0 0.0 0.0 0.1602677517276915 0.3498229669434482 0.32509337225735235 0.0 0.16481590907150798 
0.0 0.16464646799139182 0.0 0.0 0.0 0.0 0.13535353200860825 0.35 0.35 0.0 0.0 
0.0 0.0 0.0 0.0 0.0 0.12480834005798598 0.3354189483351209 0.22602393279561106 0.10154726499022868 0.0 0.2122015138210534 
0.10096099363832287 0.0 0.0 0.0 0.0 0.12517317982489817 0.28237614442147113 0.17294499471282104 0.11304098779284621 0.0 0.20550369960964057 
0.0 0.0 0.0 0.0 0.0 0.10051950442144085 0.20122289789931166 0.35 0.19687848236466357 0.0 0.15137911531458403 
0.12245951605707482 0.0 0.0 0.0 0.0 0.1059436127992986 0.3324699327646462 0.11038782406933023 0.10552631710156206 0.0 0.22321279720808812 
0.10464617504185364 0.0 0.0 0.0 0.0 0.1035721346930204 0.2625011260962909 0.21707973516073253 0.10535779053306839 0.0 0.20684303847503407 
0.10905702141545638 0.0 0.0 0.0 0.0 0.1148372387030786 0.35 0.1311908080750946 0.10412290539777545 0.0 0.19079202640859497 
0.0 0.0 0.0 0.0 0.0 0.10630839136295109 0.2998708854566705 0.30508447545541245 0.11137630151492277 0.0 0.17735994621004322 
0.0 0.17620519829803327 0.0 0.0 0.0 0.0 0.12379480170196691 0.35 0.35 0.0 0.0 
0.10143028190598186 0.0 0.0 0.0 0.0 0.11191012647529255 0.2843699628869734 0.20845245524646674 0.1138391543988878 0.0 0.1799980190863975 
0.0 0.0 0.0 0.0 0.0 0.0 0.2909085945338234 0.35 0.17571628645528792 0.0 0.18337511901088885 
0.0 0.10102795467449195 0.0 0.0 0.0 0.0 0.21995487577710077 0.35 0.3290171695484073 0.0 0.0 
0.0 0.13866121727778996 0.0 0.0 0.0 0.0 0.1613387827222102 0.35 0.35 0.0 0.0 
0.0 0.11954476268012183 0.0 0.0 0.0 0.0 0.1804552373198783 0.35 0.35 0.0 0.0 
0.0 0.10035440308941347 0.0 0.0 0.0 0.0 0.19966776110848705 0.34997783580209957 0.35 0.0 0.0 
0.0 0.13866121727778996 0.0 0.0 0.0 0.0 0.1613387827222102 0.35 0.35 0.0 0.0 
0.0 0.0 0.0 0.0 0.0 0.0 0.19264399769377277 0.3487639343605659 0.32472505025074816 0.0 0.13386701769491308 
0.10809935579222867 0.0 0.0 0.0 0.0 0.11385608178120178 0.303540456232048 0.1564353429560689 0.10360484681853369 0.0 0.21446391641991888 
0.0 0.0 0.0 0.0 0.0 0.10584618096371537 0.26272698647194026 0.31823789950590825 0.10321259822450513 0.0 0.20997633483393086 
0.10231286246453983 0.0 0.0 0.0 0.0 0.10034613660522676 0.3022684615531039 0.19255833156856575 0.1133997015317915 0.0 0.18911450627677226 
0.0 0.0 0.0 0.0 0.0 0.0 0.3333940816108345 0.35 0.13883675459547068 0.0 0.17776916379369492 
0.0 0.0 0.0 0.0 0.0 0.10178536083900962 0.22304002470114068 0.32997232995928294 0.164913162842619 0.0 0.1802891216579478 
0.0 0.10726925002370861 0.0 0.0 0.0 0.0 0.19273074997629147 0.35 0.35 0.0 0.0 
0.0 0.0 0.0 0.0 0.0 0.10561310120870038 0.2314276680672207 0.3401271300811083 0.1711148873902629 0.0 0.15171721325270762 
0.0 0.2999999999999998 0.0 0.0 0.0 0.0 0.0 0.35 0.35 0.0 0.0 
0.0 0.0 0.0 0.0 0.0 0.0 0.2747362952779359 0.35 0.20888856925978974 0.0 0.16637513546227442 
0.0 0.0 0.0 0.0 0.0 0.10244190377012027 0.26374578574433893 0.3194719582709408 0.10406557908154745 0.0 0.2102747731330524 
0.0 0.0 0.0 0.0 0.0 0.10249955175229472 0.2623867628487574 0.3494829403813497 0.11787273097692723 0.0 0.1677580140406709 
0.12707939342005292 0.0 0.0 0.0 0.0 0.10762864267600392 0.34401805756701104 0.1005092813882108 0.10988898177648136 0.0 0.21087564317224006 
0.0 0.0 0.0 0.0 0.0 0.0 0.3313725000195094 0.34894344894196455 0.1393347821570728 0.0 0.1803492688814532 
0.0 0.0 0.0 0.0 0.0 0.0 0.19684334951343366 0.35 0.2671017152578103 0.0 0.1860549352287561 
0.0 0.0 0.0 0.0 0.0 0.10690678551283966 0.30155881414488234 0.3068017506675926 0.1063005339931654 0.0 0.1784321156815201 
0.0 0.0 0.0 0.0 0.0 0.0 0.2738493101763439 0.35 0.21563185884452876 0.0 0.16051883097912736 
0.0 0.0 0.0 0.0 0.0 0.10446758952246432 0.20080680962561795 0.34997704250236866 0.1943485548579752 0.0 0.15040000349157373 
0.0 0.0 0.0 0.0 0.0 0.10481703371509007 0.3058356777402289 0.2805185641519172 0.11210625668974197 0.0 0.19672246770302182 
0.0 0.0 0.0 0.0 0.0 0.11784773623011624 0.23929819722181395 0.3397277982288406 0.10685252300917117 0.0 0.1962737453100581 
0.10123525751648059 0.0 0.0 0.0 0.0 0.10025564897355407 0.3019958894527659 0.19585154555782897 0.11371436350344814 0.0 0.1869472949959224 
0.1064572848934645 0.0 0.0 0.0 0.0 0.1121413255824266 0.3417834179671641 0.12591287567748957 0.10130178681346326 0.0 0.2124033090659922 
0.0 0.0 0.0 0.0 0.0 0.0 0.25522184314301843 0.34964522005622245 0.23447900244570002 0.0 0.16065393435505912 
0.0 0.0 0.0 0.0 0.0 0.10615336500510744 0.2317997474909071 0.34477337078850234 0.17267394050901846 0.0 0.14459957620646463 
0.0 0.0 0.0 0.0 0.0 0.0 0.19749320970065534 0.34894008020362166 0.289166908572469 0.0 0.16439980152325404 
0.0 0.0 0.0 0.0 0.0 0.10316486319457129 0.22083126504101955 0.34594690046278026 0.14395303749945687 0.0 0.18610393380217216 
0.0 0.0 0.0 0.0 0.0 0.0 0.3070041439299095 0.35 0.18166373685602374 0.0 0.16133211921406676 
0.0 0.0 0.0 0.0 0.0 0.12316867375381242 0.2656368246842958 0.3025431561087853 0.10857683544994813 0.0 0.20007451000315832 
0.0 0.0 0.0 0.0 0.0 0.0 0.20617621503884562 0.3480533568835058 0.2658236591923137 0.0 0.179946768885335 
0.10025662298547659 0.0 0.0 0.0 0.0 0.11227939625436743 0.28303134079795234 0.2063351583262653 0.11265223872600856 0.0 0.18544524290992975 
0.0 0.0 0.0 0.0 0.0 0.10280984702100293 0.2990833246557072 0.32645178281941034 0.10413098679463745 0.0 0.16752405870924225 
0.1030372378569049 0.0 0.0 0.0 0.0 0.11702318416889548 0.32735347424496264 0.13898967814966975 0.12405871060832807 0.0 0.1895377149712391 
0.0 0.0 0.0 0.0 0.0 0.10076080670144584 0.21675778937204515 0.33775389113421583 0.1643571452416082 0.0 0.1803703675506849 
0.0 0.0 0.0 0.0 0.0 0.0 0.15868529631722597 0.34751066495351585 0.33608526573212294 0.0 0.15771877299713533 
0.0 0.0 0.0 0.0 0.0 0.0 0.15684670600424797 0.35 0.3417072171097965 0.0 0.15144607688595557 
0.10693216124285126 0.0 0.0 0.0 0.0 0.10777675436805709 0.3099950311351733 0.18396665774442245 0.11878169894528642 0.0 0.17254769656420937 
0.0 0.0 0.0 0.0 0.0 0.1210242142961219 0.2787532033372434 0.2958840327684988 0.10726369063634902 0.0 0.19707485896178703 
0.0 0.0 0.0 0.0 0.0 0.1045386011290388 0.30589704186627914 0.28061146304796686 0.11216527798041236 0.0 0.19678761597630284 
0.0 0.0 0.0 0.0 0.0 0.1030307917953185 0.2637466747000941 0.34385207974666204 0.12132704621442604 0.0 0.1680434075434993 
0.0 0.0 0.0 0.0 0.0 0.0 0.27768105268762405 0.3488307789464057 0.20269083313703504 0.0 0.17079733522893525 
0.0 0.0 0.0 0.0 0.0 0.0 0.31024052411628694 0.34201123524272775 0.1708585165402117 0.0 0.1768897241007736 
0.0 0.0 0.0 0.0 0.0 0.0 0.2551131891010307 0.35 0.23437917912704034 0.0 0.16050763177192895 
0.10331795713061419 0.0 0.0 0.0 0.0 0.114536865900669 0.32832602735264965 0.13936834786476293 0.12439670172555546 0.0 0.1900541000257486 
0.0 0.0 0.0 0.0 0.0 0.0 0.1582347735456437 0.34901636517897194 0.33547786699745186 0.0 0.15727099427793265 
0.0 0.0 0.0 0.0 0.0 0.139033301363868 0.2933395668138741 0.26905648657798054 0.1105754910924038 0.0 0.18799515415187382 
0.0 0.0 0.0 0.0 0.0 0.0 0.31024052411628694 0.34201123524272775 0.1708585165402117 0.0 0.1768897241007736 
0.0 0.0 0.0 0.0 0.0 0.10574172710154561 0.2491209060076518 0.34579496099490803 0.11287024437027528 0.0 0.18647216152561935 
0.0 0.0 0.0 0.0 0.0 0.0 0.26965801521431715 0.3494299236942809 0.22351162953933765 0.0 0.15740043155206435 
0.10253150091862026 0.0 0.0 0.0 0.0 0.11320739136279774 0.29837236753659424 0.1785033426441694 0.11383725695166363 0.0 0.19354814058615466 
0.0 0.0 0.0 0.0 0.0 0.11582545179560241 0.23519180506758583 0.33391899820735266 0.10601661281463058 0.0 0.20904713211482853 
0.0 0.0 0.0 0.0 0.0 0.0 0.23737306884890091 0.35 0.25992039158035646 0.0 0.15270653957074254 
0.1028432903129946 0.0 0.0 0.0 0.0 0.10006566279979415 0.2989434068055411 0.17904615581473826 0.11426234722668208 0.0 0.20483913704024986 
0.0 0.11954476268012182 0.0 0.0 0.0 0.0 0.18045523731987817 0.35 0.35 0.0 0.0 
0.0 0.0 0.0 0.0 0.0 0.12112054740278659 0.2780648749711142 0.2962337799941203 0.10734907061267375 0.0 0.19723172701930522 
0.0 0.0 0.0 0.0 0.0 0.10740973333669936 0.19762998594396247 0.35 0.18621333033588017 0.0 0.1587469503834581 
