0.0 0.3000000000000004 0.0 0.0 0.0 0.0 0.0 0.35 0.35 0.0 0.0 
0.1263026811556421 0.0 0.0 0.0 0.0 0.12258382766058148 0.33394724575535534 0.10199100330501772 0.10027443158989231 0.0 0.21490081053351093 
0.1263026811556421 0.0 0.0 0.0 0.0 0.12258382766058148 0.33394724575535534 0.10199100330501772 0.10027443158989231 0.0 0.21490081053351093 
0.0 0.29999999999999977 0.0 0.0 0.0 0.0 0.0 0.35 0.35 0.0 0.0 
0.0 0.19391007131926027 0.0 0.0 0.0 0.0 0.10608992868073983 0.35 0.35 0.0 0.0 
0.0 0.10123702137514959 0.0 0.0 0.0 0.0 0.22233167128065529 0.35 0.3264313073441952 0.0 0.0 
0.0 0.0 0.0 0.0 0.0 0.0 0.10000985256250337 0.35 0.35 0.0 0.19999014743749668 
0.0 0.0 0.0 0.0 0.0 0.10140509763402225 0.24436688663533643 0.33070133452571415 0.15290207446773907 0.0 0.17062460673718804 
0.0 0.0 0.0 0.0 0.0 0.10859822746701259 0.24313973412360032 0.3420670610138872 0.10020952018378665 0.0 0.2059854572117132 
0.0 0.15782210698873758 0.0 0.0 0.0 0.0 0.14217789301126235 0.35 0.35 0.0 0.0 
0.0 0.0 0.0 0.0 0.0 0.11885391462742632 0.3249698968235247 0.2342075167252827 0.10892086348510585 0.0 0.2130478083386604 
0.0 0.11253594128730342 0.0 0.0 0.0 0.0 0.18746405871269659 0.35 0.35 0.0 0.0 
0.10834035932175173 0.0 0.0 0.0 0.0 0.11571149660601412 0.3163899041627412 0.1403847511328498 0.11507478741845216 0.0 0.20409870135819097 
0.0 0.0 0.0 0.0 0.0 0.0 0.2140175412940564 0.35 0.27791822254488646 0.0 0.15806423616105725 
0.10023272298930823 0.0 0.0 0.0 0.0 0.11353021293506424 0.30376538847880463 0.17668114428374648 0.10697125171760805 0.0 0.1988192795954684 
0.11179324948163978 0.0 0.0 0.0 0.0 0.1100716279568126 0.3119981425074758 0.1453298712805572 0.12696743329982252 0.0 0.19383967547369207 
0.0 0.0 0.0 0.0 0.0 0.0 0.28964569947381213 0.3396449068000672 0.2149295938909578 0.0 0.15577979983516288 
0.0 0.14759824002947636 0.0 0.0 0.0 0.0 0.15240175997052358 0.35 0.35 0.0 0.0 
0.0 0.0 0.0 0.0 0.0 0.0 0.2965439019981872 0.3464148832763763 0.1865361970037392 0.0 0.17050501772169738 
0.0 0.0 0.0 0.0 0.0 0.0 0.21265610612838326 0.35 0.2861546882844328 0.0 0.151189205587184 
0.0 0.0 0.0 0.0 0.0 0.0 0.21931327044415272 0.34750480426324715 0.26975397994491945 0.0 0.16342794534768065 
0.0 0.0 0.0 0.0 0.0 0.0 0.299977636413896 0.35 0.22104002061893374 0.0 0.12898234296717037 
0.0 0.0 0.0 0.0 0.0 0.12323842592823028 0.2865125537023334 0.3187607772515916 0.10634512364407467 0.0 0.16514311947377008 
0.0 0.0 0.0 0.0 0.0 0.0 0.22451953979723172 0.35 0.23153991891186632 0.0 0.19394054129090196 
0.0 0.0 0.0 0.0 0.0 0.0 0.21973555173145093 0.3451170341914856 0.2679036423413008 0.0 0.16724377173576263 
0.0 0.0 0.0 0.0 0.0 0.0 0.3220321202671535 0.33742421312471343 0.1418460411748371 0.0 0.19869762543329605 
0.0 0.0 0.0 0.0 0.0 0.0 0.2972087846569078 0.34676943212657113 0.2189997783636378 0.0 0.13702200485288335 
0.0 0.0 0.0 0.0 0.0 0.10026014319369082 0.31506412119743293 0.2444714289014045 0.11631330917060398 0.0 0.22389099753686786 
0.0 0.0 0.0 0.0 0.0 0.10759802139500915 0.2595445210456218 0.3222346941821295 0.11516259259008647 0.0 0.19546017078715314 
0.0 0.0 0.0 0.0 0.0 0.10764473606506238 0.1952625283124318 0.35 0.1882247125479315 0.0 0.1588680230745743 
0.10271893900182721 0.0 0.0 0.0 0.0 0.10887415614739833 0.26454777692438913 0.20570469372999997 0.1499175323353302 0.0 0.16823690186105522 
0.0 0.0 0.0 0.0 0.0 0.12157559234514242 0.3070598805034567 0.2457123909526217 0.10823771780328804 0.0 0.21741441839549128 
0.0 0.0 0.0 0.0 0.0 0.0 0.20085697741251335 0.34544088717178356 0.31337141642995714 0.0 0.14033071898574603 
0.10471440883050795 0.0 0.0 0.0 0.0 0.11184005359924976 0.2992536504098585 0.1953349300631933 0.10579148950813612 0.0 0.18306546758905437 
0.0 0.13184695895631496 0.0 0.0 0.0 0.0 0.16815304104368511 0.35 0.35 0.0 0.0 
0.0 0.0 0.0 0.0 0.0 0.10309306748573688 0.18700601389911053 0.3458411700605151 0.17973873088901404 0.0 0.1843210176656234 
0.0 0.19151658835103558 0.0 0.0 0.0 0.0 0.11087711823246045 0.35 0.34760629341650395 0.0 0.0 
0.0 0.0 0.0 0.0 0.0 0.0 0.33176571939794963 0.34031738513747123 0.16160368725126353 0.0 0.16631320821331563 
0.0 0.0 0.0 0.0 0.0 0.0 0.17631233027584098 0.34951448269188806 0.33680603821213206 0.0 0.13736714882013898 
0.0 0.0 0.0 0.0 0.0 0.0 0.2945539679024249 0.34976810342493125 0.2320111822182363 0.0 0.12366674645440763 
0.0 0.10190164527878101 0.0 0.0 0.0 0.0 0.2053089853245516 0.35 0.3427893693966673 0.0 0.0 
0.0 0.0 0.0 0.0 0.0 0.0 0.2829082986430308 0.34896751881362525 0.20466653498058668 0.0 0.16345764756275724 
0.11399124827162128 0.0 0.0 0.0 0.0 0.11752430992183382 0.31436628170256853 0.13148204937194224 0.12082037381467953 0.0 0.2018157369173546 
0.0 0.0 0.0 0.0 0.0 0.0 0.10747186817984507 0.35 0.35 0.0 0.192528131820155 
0.0 0.0 0.0 0.0 0.0 0.10174494291630959 0.24516119571032247 0.315128058678184 0.14530097691397345 0.0 0.1926648257812104 
0.0 0.0 0.0 0.0 0.0 0.0 0.18183624782669813 0.34949383120246663 0.3155414463851615 0.0 0.15312847458567366 
0.0 0.0 0.0 0.0 0.0 0.10437288613509288 0.2520744740729391 0.340016147862741 0.1490539174141981 0.0 0.15448257451502898 
0.0 0.0 0.0 0.0 0.0 0.11391610896985356 0.17820851237085758 0.35 0.16946500454059973 0.0 0.18841037411868908 
0.10610983830899727 0.0 0.0 0.0 0.0 0.11036651455663464 0.3096883238788382 0.1621830538173247 0.11236308752189854 0.0 0.19928918191630676 
0.0 0.0 0.0 0.0 0.0 0.0 0.18698607700165248 0.35 0.3220181339087889 0.0 0.14099578908955868 
0.10353298701481586 0.0 0.0 0.0 0.0 0.11726831029871444 0.2808411580160466 0.18249855008771104 0.11049338863336161 0.0 0.20536560594935047 
0.0 0.1754614111055377 0.0 0.0 0.0 0.0 0.12453858889446238 0.35 0.35 0.0 0.0 
0.0 0.19391007131926027 0.0 0.0 0.0 0.0 0.10608992868073983 0.35 0.35 0.0 0.0 
0.0 0.0 0.0 0.0 0.0 0.0 0.24940480731255132 0.35 0.24988776271649793 0.0 0.15070742997095068 
0.0 0.0 0.0 0.0 0.0 0.11586147138341489 0.31038842784169407 0.2927302069824065 0.11961881440558328 0.0 0.16140107938690118 
0.0 0.0 0.0 0.0 0.0 0.0 0.2489861439374976 0.35 0.25114693860935333 0.0 0.14986691745314903 
0.0 0.0 0.0 0.0 0.0 0.11124574834458603 0.32023498022288294 0.26250671843893614 0.10482989948660454 0.0 0.20118265350699033 
0.0 0.0 0.0 0.0 0.0 0.11536107069846266 0.31040635002722167 0.2736710527739087 0.10870676017106773 0.0 0.19185476632933937 
0.10060300682585666 0.0 0.0 0.0 0.0 0.10516163862051693 0.2590982935212765 0.20146733317661913 0.14695450220508235 0.0 0.1867152256506483 
0.0 0.0 0.0 0.0 0.0 0.0 0.20636125268469652 0.35 0.2957867069438135 0.0 0.14785204037148997 
0.0 0.1047970596707416 0.0 0.0 0.0 0.0 0.21114259663947427 0.35 0.3340603436897841 0.0 0.0 
0.0 0.0 0.0 0.0 0.0 0.10094165780903133 0.31720575790894895 0.23697552292444343 0.11710394458796267 0.0 0.22777311676961357 
0.0 0.0 0.0 0.0 0.0 0.1142224916787342 0.19849521402470105 0.3463550007980644 0.16286521910002788 0.0 0.17806207439847238 
0.0 0.1754614111055377 0.0 0.0 0.0 0.0 0.12453858889446238 0.35 0.35 0.0 0.0 
0.0 0.0 0.0 0.0 0.0 0.1196273760922603 0.2715054544170523 0.3137568939830393 0.10665103651450443 0.0 0.18845923899314354 
0.0 0.0 0.0 0.0 0.0 0.1135855390645164 0.19738832129609238 0.35 0.16195701419619254 0.0 0.17706912544319875 
0.1090304544199711 0.0 0.0 0.0 0.0 0.1138858943593561 0.27717580235277295 0.20338610919683048 0.10591080710928465 0.0 0.19061093256178457 
0.0 0.134548719547185 0.0 0.0 0.0 0.0 0.16545128045281488 0.35 0.35 0.0 0.0 
0.0 0.0 0.0 0.0 0.0 0.0 0.14339598743077814 0.35 0.35 0.0 0.1566040125692219 
0.0 0.0 0.0 0.0 0.0 0.11974082551572765 0.28203215128305165 0.2890365343416174 0.106834936987416 0.0 0.2023555518721873 
0.0 0.0 0.0 0.0 0.0 0.0 0.16114182445247965 0.35 0.35 0.0 0.1388581755475204 
0.11497509559179989 0.0 0.0 0.0 0.0 0.11853865075172736 0.31707954634785607 0.1239859558453908 0.12186316264981278 0.0 0.2035575888134132 
0.0 0.0 0.0 0.0 0.0 0.0 0.33089546696532834 0.34743735619430327 0.16874505974968929 0.0 0.15292211709067904 
0.10285973580303479 0.0 0.0 0.0 0.0 0.10593409701020659 0.26192162829079174 0.19415350069412296 0.15011048914970843 0.0 0.18502054905213552 
0.1275480445869582 0.0 0.0 0.0 0.0 0.11770726244961859 0.32923960700159327 0.10710269677764452 0.1050205551248226 0.0 0.21338183405936276 
0.0 0.0 0.0 0.0 0.0 0.10354100007083815 0.24951400291271786 0.34590094844073216 0.147865908906328 0.0 0.15317813966938373 
0.0 0.0 0.0 0.0 0.0 0.0 0.1724714339081843 0.35 0.3054797229373927 0.0 0.17204884315442315 
0.0 0.0 0.0 0.0 0.0 0.10546154499638602 0.2540713176700246 0.325665801309652 0.1125032903536736 0.0 0.20229804567026374 
0.0 0.10126674718807592 0.0 0.0 0.0 0.0 0.21705427843772243 0.35 0.3316789743742018 0.0 0.0 
0.0 0.0 0.0 0.0 0.0 0.11403896863390861 0.28991049327885643 0.2754467003485787 0.11472761254713287 0.0 0.2058762251915234 
0.0 0.0 0.0 0.0 0.0 0.0 0.3231562282523235 0.3432089406144952 0.16525322042119572 0.0 0.1683816107119856 
0.0 0.0 0.0 0.0 0.0 0.0 0.18359867996806045 0.34700707694693095 0.3343898024423147 0.0 0.1350044406426939 
0.0 0.0 0.0 0.0 0.0 0.0 0.18305675732561194 0.34942341642690944 0.34571550774682347 0.0 0.1218043185006551 
0.0 0.0 0.0 0.0 0.0 0.0 0.219024722937526 0.34867932095662274 0.29753880622781803 0.0 0.13475714987803322 
0.0 0.0 0.0 0.0 0.0 0.0 0.16971976136921677 0.35 0.325629600989614 0.0 0.1546506376411693 
0.0 0.0 0.0 0.0 0.0 0.11284942032064663 0.3246732673120074 0.2684596352523605 0.10633998796965076 0.0 0.18767768914533475 
0.0 0.0 0.0 0.0 0.0 0.0 0.3263580639393461 0.3493743223915501 0.13068560912666827 0.0 0.19358200454243563 
0.0 0.0 0.0 0.0 0.0 0.0 0.32476929011207956 0.3449262585334707 0.16607809595741826 0.0 0.1642263553970316 
0.0 0.0 0.0 0.0 0.0 0.0 0.18345870070069956 0.35 0.34373516551062583 0.0 0.12280613378867465 
0.11904586639548756 0.0 0.0 0.0 0.0 0.11378785444244648 0.33252600716007963 0.10236425014066054 0.1153875491278641 0.0 0.21688847273346173 
0.10646828772758517 0.0 0.0 0.0 0.0 0.12004079635183898 0.302616986977516 0.16304282366495954 0.10845371447710501 0.0 0.19937739080099515 
0.0 0.0 0.0 0.0 0.0 0.12020721651501429 0.2602268504952079 0.3039622390643797 0.11235184067982054 0.0 0.2032518532455776 
0.10226011897918617 0.0 0.0 0.0 0.0 0.12191350862508757 0.2623779779728094 0.20478586188504794 0.11887177187689099 0.0 0.18979076066097794 
0.10353298701481586 0.0 0.0 0.0 0.0 0.11726831029871444 0.2808411580160466 0.18249855008771104 0.11049338863336161 0.0 0.20536560594935047 
0.0 0.0 0.0 0.0 0.0 0.0 0.3335666303530928 0.35 0.16998679496642688 0.0 0.1464465746804804 
0.11560488444822532 0.0 0.0 0.0 0.0 0.11918795937734653 0.33085227541254647 0.1179532683445969 0.1117290143019385 0.0 0.20467259811534644 
0.0 0.0 0.0 0.0 0.0 0.115670561719885 0.2786789982579467 0.28963511998515595 0.11845824627999837 0.0 0.19755707375701378 
0.0 0.10134864723112547 0.0 0.0 0.0 0.0 0.19865135276887455 0.35 0.35 0.0 0.0 
0.0 0.0 0.0 0.0 0.0 0.0 0.3263580639393461 0.3493743223915501 0.13068560912666827 0.0 0.19358200454243563 
0.0 0.0 0.0 0.0 0.0 0.10514271605848806 0.24661223244138625 0.3427267333416059 0.1505717156707212 0.0 0.15494660248779862 
