0.0 0.3000000000000003 0.0 0.0 0.0 0.0 0.0 0.35 0.35 0.0 0.0 
0.1302301966773564 0.0 0.0 0.0 0.0 0.11476364791487301 0.3413743115218596 0.10023557753341476 0.1008313370329338 0.0 0.21256492931956233 
0.0 0.29999999999999977 0.0 0.0 0.0 0.0 0.0 0.35 0.35 0.0 0.0 
0.0 0.0 0.0 0.0 0.0 0.0 0.0 0.35 0.35 0.0 0.3000000000000001 
0.0 0.0 0.0 0.0 0.0 0.0 0.10116328938440997 0.35 0.35 0.0 0.19883671061559002 
0.0 0.0 0.0 0.0 0.0 0.0 0.0 0.35 0.34849692147879713 0.0 0.3015030785212029 
0.0 0.0 0.0 0.0 0.0 0.0 0.0 0.35 0.35 0.0 0.3000000000000001 
0.0 0.0 0.0 0.0 0.0 0.10066479555444392 0.22733874442047095 0.35 0.13600467383523002 0.0 0.1859917861898551 
0.0 0.0 0.0 0.0 0.0 0.10353504365783452 0.21549763881496753 0.33956236940766926 0.18488786444114194 0.0 0.1565170836783867 
0.0 0.0 0.0 0.0 0.0 0.10362740938296525 0.29127442173974655 0.3169531535033913 0.10435684264847866 0.0 0.18378817272541811 
0.0 0.0 0.0 0.0 0.0 0.10004152046063255 0.2951820290580269 0.304929695721138 0.10636408726926584 0.0 0.19348266749093684 
0.0 0.0 0.0 0.0 0.0 0.0 0.26830000505757606 0.3495250359754303 0.23411746618706256 0.0 0.14805749277993122 
0.0 0.0 0.0 0.0 0.0 0.11110562306330249 0.316110525432916 0.25833120240851737 0.10243111629691616 0.0 0.21202153279834796 
0.0 0.0 0.0 0.0 0.0 0.0 0.22046206244976763 0.35 0.291846008534891 0.0 0.13769192901534139 
0.10688237589899477 0.0 0.0 0.0 0.0 0.1045666365810461 0.31813345312843144 0.1600958123181783 0.11896502386732732 0.0 0.19135669820602194 
0.0 0.0 0.0 0.0 0.0 0.0 0.11071287939960758 0.35 0.35 0.0 0.18928712060039238 
0.0 0.0 0.0 0.0 0.0 0.10033655520127359 0.2566105950006307 0.33573176029128166 0.12718376902566417 0.0 0.18013732048114983 
0.11242262287112448 0.0 0.0 0.0 0.0 0.11562116062011782 0.32570076405380444 0.12455332105832193 0.11695411526534358 0.0 0.20474801613128782 
0.0 0.0 0.0 0.0 0.0 0.10047138469014288 0.21964695509761387 0.34610049983037416 0.18844780240894513 0.0 0.14533335797292402 
0.11116798162632362 0.0 0.0 0.0 0.0 0.10691871473657852 0.2872272542533683 0.2026017809326514 0.10268779094107741 0.0 0.18939647751000083 
0.0 0.0 0.0 0.0 0.0 0.10758433322346508 0.3122854889281262 0.27939852347504257 0.1046431187942371 0.0 0.19608853557912911 
0.10076128679710736 0.0 0.0 0.0 0.0 0.10387970089059058 0.29486546206385383 0.2006396876355605 0.12390526087927706 0.0 0.1759486017336106 
0.10564845602112732 0.0 0.0 0.0 0.0 0.11934396073889228 0.3330570510437386 0.14227001025062563 0.1002354155688487 0.0 0.1994451063767674 
0.0 0.0 0.0 0.0 0.0 0.10648935280135613 0.30365262743471305 0.28296304486483426 0.10941079817157746 0.0 0.19748417672751903 
0.10381674214178263 0.0 0.0 0.0 0.0 0.11089849778497375 0.307984711871143 0.15550389412303345 0.11615633829600258 0.0 0.20563981578306445 
0.0 0.0 0.0 0.0 0.0 0.10336885578588625 0.23369871689138583 0.34579541065268105 0.1310274271659714 0.0 0.18610958950407552 
0.0 0.0 0.0 0.0 0.0 0.0 0.17390385793280688 0.3476816286018578 0.34609326017896014 0.0 0.1323212532863751 
0.0 0.0 0.0 0.0 0.0 0.0 0.23245005803921398 0.35 0.2723386286257677 0.0 0.14521131333501844 
0.0 0.0 0.0 0.0 0.0 0.0 0.17665150313392997 0.35 0.3308415692156272 0.0 0.1425069276504429 
0.0 0.0 0.0 0.0 0.0 0.0 0.14680785961435977 0.35 0.35 0.0 0.15319214038564036 
0.0 0.0 0.0 0.0 0.0 0.0 0.32803556993032745 0.3463138354096303 0.13719948260526169 0.0 0.18845111205478046 
0.0 0.0 0.0 0.0 0.0 0.0 0.17409927246741785 0.34814436686424155 0.34186398029001563 0.0 0.135892380378325 
0.0 0.0 0.0 0.0 0.0 0.10238278600877235 0.21307496929609876 0.3460944207653091 0.18375550990605485 0.0 0.15469231402376502 
0.0 0.0 0.0 0.0 0.0 0.0 0.28641644426779406 0.34844511437855485 0.19826347638116534 0.0 0.16687496497248577 
0.0 0.0 0.0 0.0 0.0 0.0 0.20411540553988636 0.3482715128327029 0.30993474674570426 0.0 0.1376783348817064 
0.0 0.0 0.0 0.0 0.0 0.0 0.22110149940815282 0.35 0.2799935124396518 0.0 0.14890498815219536 
0.0 0.0 0.0 0.0 0.0 0.0 0.33124163747264185 0.33992500996732156 0.13854040672546147 0.0 0.19029294583457518 
0.0 0.0 0.0 0.0 0.0 0.11173897911504102 0.24901903881849835 0.32861645520725374 0.1152075135610532 0.0 0.19541801329815353 
0.0 0.0 0.0 0.0 0.0 0.11215703135757822 0.30721790717854797 0.2640584567960357 0.11070067093926224 0.0 0.20586593372857587 
0.0 0.0 0.0 0.0 0.0 0.0 0.319070459720752 0.34357235455510177 0.15590529400794084 0.0 0.1814518917162053 
0.0 0.0 0.0 0.0 0.0 0.0 0.15133521795918106 0.35 0.3486835668585141 0.0 0.1499812151823048 
0.0 0.0 0.0 0.0 0.0 0.11224959277460368 0.22927098460534784 0.35 0.11804222837397918 0.0 0.19043719424606922 
0.10404292802668372 0.0 0.0 0.0 0.0 0.1087340090684195 0.3046570860067939 0.1852000864465926 0.1097312182707103 0.0 0.18763467218080004 
0.0 0.0 0.0 0.0 0.0 0.10612202867945007 0.3462548498425555 0.23056754611397848 0.10370498147443019 0.0 0.21335059388958572 
0.0 0.0 0.0 0.0 0.0 0.11109900996511095 0.2413355447539923 0.33524506060532216 0.10662995077274576 0.0 0.20569043390282882 
0.0 0.0 0.0 0.0 0.0 0.0 0.2256792191629664 0.3485500609635485 0.2871282502553347 0.0 0.13864246961815033 
0.0 0.0 0.0 0.0 0.0 0.11164343410058096 0.32333990481083724 0.2486364141834146 0.10297142076676828 0.0 0.2134088261383989 
0.0 0.0 0.0 0.0 0.0 0.0 0.2568334164936577 0.35 0.25698610859580995 0.0 0.13618047491053242 
0.0 0.0 0.0 0.0 0.0 0.0 0.25798675367129675 0.34679366852514987 0.2562431497034417 0.0 0.1389764281001117 
0.0 0.0 0.0 0.0 0.0 0.0 0.2663151497122581 0.35 0.2144655889303926 0.0 0.16921926135734924 
0.0 0.0 0.0 0.0 0.0 0.13075507470016515 0.2724851153299758 0.2793064958462575 0.10733848162930673 0.0 0.2101148324942948 
0.10091325777781533 0.0 0.0 0.0 0.0 0.10620293359343291 0.2975653758300132 0.18088905808677735 0.10717693007895761 0.0 0.20725244463300363 
0.0 0.0 0.0 0.0 0.0 0.1001434907167346 0.264610770863401 0.32851598661260145 0.12693904596576433 0.0 0.17979070584149867 
0.0 0.0 0.0 0.0 0.0 0.0 0.29447882288162014 0.35 0.1756952770640056 0.0 0.17982590005437435 
0.0 0.0 0.0 0.0 0.0 0.0 0.25521288113413043 0.35 0.2259987131184615 0.0 0.1687884057474081 
0.0 0.0 0.0 0.0 0.0 0.1117389984158465 0.3179125639793798 0.25350897645316434 0.10301504123795242 0.0 0.2138244199136569 
0.0 0.0 0.0 0.0 0.0 0.0 0.24635707398757473 0.3448081994376538 0.25216189783533716 0.0 0.15667282873943422 
0.0 0.0 0.0 0.0 0.0 0.0 0.25295374940511134 0.3469018174096741 0.22399818375154815 0.0 0.17614624943366636 
0.0 0.0 0.0 0.0 0.0 0.0 0.17468680379496962 0.35 0.3263720142643493 0.0 0.14894118194068112 
0.10553714952554782 0.0 0.0 0.0 0.0 0.11274854764151708 0.31308850497289803 0.15747386606537003 0.1020747749226082 0.0 0.20907715687205866 
0.0 0.0 0.0 0.0 0.0 0.0 0.2538268060870487 0.3454822715782206 0.27009636440819434 0.0 0.1305945579265363 
0.10384583554470098 0.0 0.0 0.0 0.0 0.11758133014365786 0.2924431853672248 0.17725304787319165 0.10519173042873535 0.0 0.20368487064248939 
0.0 0.0 0.0 0.0 0.0 0.0 0.2622036244743149 0.34459650029359973 0.21115454679662596 0.0 0.18204532843545934 
0.10702255028790789 0.0 0.0 0.0 0.0 0.11184797635209034 0.2948452959835569 0.1905039193050391 0.11287374402341503 0.0 0.18290651404799071 
0.0 0.0 0.0 0.0 0.0 0.10100139026386434 0.2583109097129154 0.3313302855163317 0.12802649507771058 0.0 0.18133091942917803 
0.12184941930569462 0.0 0.0 0.0 0.0 0.10387614001713388 0.34544658663598343 0.11783725650681375 0.10577250465828952 0.0 0.20521809287608478 
0.0 0.0 0.0 0.0 0.0 0.0 0.21817602840275896 0.35 0.317184481575153 0.0 0.11463949002208816 
0.0 0.0 0.0 0.0 0.0 0.0 0.20140884685526228 0.35 0.31147296682030096 0.0 0.1371181863244366 
0.0 0.0 0.0 0.0 0.0 0.0 0.2523694995390889 0.3492400818193414 0.2685456487588109 0.0 0.12984476988275895 
0.0 0.0 0.0 0.0 0.0 0.0 0.2667420240233798 0.35 0.20623195306453462 0.0 0.1770260229120855 
0.0 0.0 0.0 0.0 0.0 0.0 0.32116809304376487 0.35 0.16948793577466817 0.0 0.15934397118156696 
0.0 0.0 0.0 0.0 0.0 0.0 0.21715700745493677 0.35 0.30003206463974436 0.0 0.13281092790531884 
0.0 0.0 0.0 0.0 0.0 0.11185404712677346 0.2584146493360662 0.328670503388573 0.10179578454005805 0.0 0.1992650156085291 
0.0 0.0 0.0 0.0 0.0 0.11185404712677346 0.2584146493360662 0.328670503388573 0.10179578454005805 0.0 0.1992650156085291 
0.0 0.0 0.0 0.0 0.0 0.11452797025840257 0.3250356811129043 0.24060331066718083 0.10082112363799706 0.0 0.21901191432351513 
0.0 0.0 0.0 0.0 0.0 0.0 0.2019562707318633 0.35 0.3237606518884884 0.0 0.12428307737964821 
0.10854501866352294 0.0 0.0 0.0 0.0 0.10632107502373492 0.290761787695802 0.17391693883345474 0.10920478342025743 0.0 0.21125039636322807 
0.0 0.0 0.0 0.0 0.0 0.11799332084996692 0.28874739982284997 0.29788587448521403 0.10638405180161457 0.0 0.18898935304035455 
0.1026304496292736 0.0 0.0 0.0 0.0 0.10580671157190726 0.28178492972963615 0.2043616354064439 0.12620375383929408 0.0 0.17921251982344516 
0.1006351863864937 0.0 0.0 0.0 0.0 0.10159762204858912 0.28871649502841534 0.20355869421853193 0.13189592889096985 0.0 0.173596073427 
0.0 0.0 0.0 0.0 0.0 0.0 0.2857976330174457 0.3476644561605655 0.19132525016581037 0.0 0.17521266065617855 
0.0 0.0 0.0 0.0 0.0 0.11308491791294764 0.29851328404871563 0.2882002711610491 0.11470149182423428 0.0 0.18550003505305346 
0.12366721577096663 0.0 0.0 0.0 0.0 0.10550423416279155 0.33492486757594664 0.11978161763937105 0.10751779263466839 0.0 0.2086042722162557 
0.12606340414467362 0.0 0.0 0.0 0.0 0.11416358376119629 0.33473460732797383 0.11565093033972182 0.101705144597828 0.0 0.2076823298286065 
0.13450474658342948 0.0 0.0 0.0 0.0 0.10368000141555138 0.35 0.10352561309707242 0.10417301441802893 0.0 0.2041166244859178 
0.12851670326412198 0.0 0.0 0.0 0.0 0.11673979368429162 0.33393409007082897 0.10672885621729801 0.10273749788177851 0.0 0.2113430588816809 
0.10688347217033853 0.0 0.0 0.0 0.0 0.10895696657856968 0.3369504428843673 0.14393312741130454 0.1014993982840758 0.0 0.20177659267134418 
0.0 0.0 0.0 0.0 0.0 0.0 0.3190489749843715 0.34769064444179826 0.16836962747029854 0.0 0.16489075310353168 
0.0 0.0 0.0 0.0 0.0 0.11080689923429886 0.3458576819016894 0.22723751799159242 0.1028810341450267 0.0 0.21321686672739257 
0.10913575085121914 0.0 0.0 0.0 0.0 0.10496416362083855 0.30052693969037864 0.19862838819334158 0.10081058415972717 0.0 0.18593417348449476 
0.0 0.0 0.0 0.0 0.0 0.0 0.21715700745493677 0.35 0.30003206463974436 0.0 0.13281092790531884 
0.10280706342301443 0.0 0.0 0.0 0.0 0.10791099635919346 0.33710093272809327 0.14550475056607345 0.10227840482007852 0.0 0.20439785210354686 
0.0 0.0 0.0 0.0 0.0 0.0 0.20265974205876344 0.35 0.32080871363221874 0.0 0.12653154430901775 
0.0 0.0 0.0 0.0 0.0 0.0 0.32529272202945464 0.35 0.15882201282882297 0.0 0.16588526514172242 
0.0 0.0 0.0 0.0 0.0 0.11261867265772302 0.3196170061404595 0.23659220907570125 0.11581134888468736 0.0 0.21536076324142878 
0.0 0.0 0.0 0.0 0.0 0.0 0.32727677603234473 0.3472313101830854 0.15879655136632584 0.0 0.16669536241824412 
0.1258411888774553 0.0 0.0 0.0 0.0 0.11547885110681604 0.33439078158796937 0.11544706941304085 0.10152586627326088 0.0 0.20731624274145763 
0.0 0.0 0.0 0.0 0.0 0.11063862851160387 0.3015920914563387 0.257678499963271 0.1302889381753253 0.0 0.19980184189346123 
0.10013088519515032 0.0 0.0 0.0 0.0 0.10108849791739324 0.28726968424948823 0.2083393974697143 0.1302103882615047 0.0 0.17296114690674927 
0.10013088519515032 0.0 0.0 0.0 0.0 0.10108849791739324 0.28726968424948823 0.2083393974697143 0.1302103882615047 0.0 0.17296114690674927 
