-0.013896782101248402 3.938597041776102E-4 
-0.013896782101248402 3.938597041776102E-4 
-0.00955084308341296 6.745740059108736E-5 
-0.00955084308341296 6.745740059108736E-5 
-0.013529096665690143 3.907911424663354E-4 
-0.013510187834384863 2.619319333577051E-4 
-0.012262480863381598 1.216289704012647E-4 
-0.011765829003478587 1.2092762407456067E-4 
-0.011516880516791572 1.0903867294147257E-4 
-0.013309817776481596 2.244440537123672E-4 
-0.01265974822941944 1.6241890127783928E-4 
-0.010261738633500573 7.417109972938902E-5 
-0.012889900772807026 1.7973242704040856E-4 
-0.013352227113173569 2.3236697368396648E-4 
-0.012582019889213864 1.5397238007730334E-4 
-0.010196917479869099 7.226770388473525E-5 
-0.009972270401764943 6.948179033135171E-5 
-0.011611036390158647 1.1334311923069976E-4 
-0.01099204015961494 9.044152575699382E-5 
-0.010898012012238946 8.758812624648252E-5 
-0.01003815459954215 7.040530956500406E-5 
-0.00987658205827618 6.874849368936898E-5 
-0.011278000103805533 9.972388197023643E-5 
-0.012940845586918867 1.843631831384391E-4 
-0.010360157473499472 7.604969319847179E-5 
-0.009751648439223676 6.782331131871043E-5 
-0.01254008251591035 1.482611336498662E-4 
-0.013777247148185002 3.921859975359513E-4 
-0.010566949795250073 8.076456088764478E-5 
-0.012772042226726097 1.705339143392406E-4 
-0.011380623376987066 1.0353901763382726E-4 
-0.011341944780168523 1.0206387535454204E-4 
-0.013125534926808421 2.0233495954261738E-4 
-0.011563312439128795 1.1183627107752642E-4 
-0.013091752982384148 1.9869315933867144E-4 
-0.012825095417612186 1.7438469153013207E-4 
-0.013492765317021215 2.578351423418428E-4 
-0.011676143126096918 1.1643948502069048E-4 
-0.010820589890577718 8.612717975565376E-5 
-0.01385235249353631 3.9349093809734663E-4 
-0.013399628154169368 2.3863905859541136E-4 
-0.012521761586418018 1.4666499823930195E-4 
-0.013011376226283507 1.9053779553824537E-4 
-0.012480490914335304 1.4226286813518295E-4 
-0.009820046941666553 6.81354357710952E-5 
-0.013286097823010861 2.2140227512140064E-4 
-0.013258452240278776 2.18022694807972E-4 
-0.012843582372262394 1.7648201849998837E-4 
-0.013153857760782074 2.0548540409558554E-4 
-0.010431467042077796 7.790537071448903E-5 
-0.01060262334698528 8.394798636564075E-5 
-0.013444883452829164 2.473972982845184E-4 
-0.013229759876162577 2.153622655977271E-4 
-0.012693888597373354 1.6674883078144224E-4 
-0.012340088729718993 1.295277060597817E-4 
-0.013024392085655683 1.9487513243112553E-4 
-0.009665976902620738 6.76040522534651E-5 
-0.013059596180187944 1.9594060093606867E-4 
-0.012355897355192099 1.3086618587965926E-4 
-0.013419483762011714 2.4234924763879878E-4 
-0.009635582398075288 6.751711029299392E-5 
-0.011021682732499836 9.128946295182251E-5 
-0.011380623376987066 1.0353901763382726E-4 
-0.013466565355459526 2.5197457149249544E-4 
-0.011742088793921489 1.1975627858949378E-4 
-0.013720132994237588 3.916162622357312E-4 
-0.013473931055586173 2.535857411713196E-4 
-0.01261316422210865 1.5696669729979603E-4 
-0.013679828748890399 3.9130370769882935E-4 
-0.012962763269557092 1.891513122148339E-4 
-0.010671429776083399 8.44134929015126E-5 
-0.01122854310520437 9.796596652671306E-5 
-0.01049254055812393 8.043573795084289E-5 
-0.013599013266401429 3.909001035024138E-4 
-0.012744225378776378 1.68688383176398E-4 
-0.013201482788724631 2.1295909160929478E-4 
-0.010858722104151688 8.757587524517798E-5 
-0.012392759428028104 1.3428936116518576E-4 
-0.010387215111610143 7.689835046132665E-5 
-0.012340088729718993 1.295277060597817E-4 
-0.01047955996237751 7.989981720218723E-5 
-0.011094385949505483 9.349121923916048E-5 
-0.010746723670801473 8.53169290010159E-5 
-0.013432406087662965 2.4487514173759337E-4 
-0.011167923048741259 9.593994463741358E-5 
-0.012392759428028104 1.3428936116518576E-4 
-0.01003815459954215 7.040530956500406E-5 
-0.01019916255928192 7.231466545953322E-5 
-0.012467268656467743 1.4042333554985372E-4 
-0.011210484098862904 9.733303175430329E-5 
-0.012262480863381598 1.216289704012647E-4 
-0.01261316422210865 1.5696669729979603E-4 
-0.013624846003585368 3.909967411635601E-4 
-0.012962290895397851 1.866400247207721E-4 
-0.009551643264980172 6.750831121500444E-5 
-0.013197320996932698 2.104985660738902E-4 
-0.013378084857468185 2.3484775536166324E-4 
-0.012443255490863309 1.3836999492594228E-4 
-0.010743349873448504 8.486552110473607E-5 
-0.012443255490863309 1.3836999492594228E-4 
