0.0 0.29999999999999993 0.0 0.0 0.0 0.0 0.0 0.35 0.35 0.0 0.0 
0.0 0.16506171688025184 0.0 0.0 0.30364017168871615 0.18129811143103197 0.0 0.0 0.35 0.0 0.0 
0.0 0.29999999999999993 0.0 0.0 0.0 0.0 0.0 0.35 0.35 0.0 0.0 
0.0 0.3292155203989424 0.0 0.0 0.0 0.0 0.0 0.3207844796010576 0.35 0.0 0.0 
0.0 0.18365306110116492 0.0 0.0 0.29615009120723634 0.1701968476915987 0.0 0.0 0.35 0.0 0.0 
0.1 0.20000000000000007 0.0 0.0 0.0 0.0 0.0 0.35 0.35 0.0 0.0 
0.17774202395223476 0.12286959535574828 0.0 0.1 0.0 0.13313177150833488 0.0 0.11625660918368207 0.35 0.0 0.0 
0.24095794608312476 0.1 0.0 0.13567011319041575 0.0 0.0 0.0 0.35 0.17337194072645942 0.0 0.0 
0.12791073532697542 0.10007977190990007 0.0 0.1 0.0 0.10001036442261266 0.0 0.2219991283405119 0.35 0.0 0.0 
0.13450345149496995 0.16549654850503004 0.0 0.0 0.0 0.0 0.0 0.35 0.35 0.0 0.0 
0.1432312629007408 0.10387348219036124 0.0 0.10291852931146378 0.0 0.1 0.0 0.19997672559743418 0.35 0.0 0.0 
0.131701996835981 0.1 0.0 0.10186325125392728 0.0 0.1018631122952312 0.0 0.21457163961486048 0.35 0.0 0.0 
0.14025086285166793 0.11821065711772745 0.0 0.10299893385758524 0.0 0.1 0.0 0.18853954617301943 0.35 0.0 0.0 
0.14003710991052148 0.10029310723886398 0.0 0.10023074035471882 0.0 0.1 0.0 0.20943904249589573 0.35 0.0 0.0 
0.2054508156342717 0.1475231184231032 0.0 0.1 0.0 0.0 0.0 0.35 0.19702606594262514 0.0 0.0 
0.17713424900016428 0.10000028637067904 0.0 0.1 0.0 0.0 0.0 0.35 0.27286546462915673 0.0 0.0 
0.12510660572153684 0.17489339427846326 0.0 0.0 0.0 0.0 0.0 0.35 0.35 0.0 0.0 
0.1432312629007408 0.12374114128377828 0.0 0.10007385066851929 0.0 0.1 0.0 0.1829537451469617 0.35 0.0 0.0 
0.14439156760253596 0.15560843239746402 0.0 0.0 0.0 0.0 0.0 0.35 0.35 0.0 0.0 
0.13939639115073027 0.10342182450244544 0.0 0.10337692560683864 0.0 0.1 0.0 0.2038048587399857 0.35 0.0 0.0 
0.13648735380171734 0.11544178542521458 0.0 0.1 0.0 0.1269851058218416 0.0 0.17108575495122652 0.35 0.0 0.0 
0.18131208245715957 0.10411671128954669 0.0 0.10597584569272572 0.0 0.1 0.0 0.15859536056056794 0.35 0.0 0.0 
0.18670089420393413 0.12829242883024483 0.0 0.10751210558059629 0.0 0.1 0.0 0.12749457138522485 0.35 0.0 0.0 
0.16410681118835246 0.13589318881164758 0.0 0.0 0.0 0.0 0.0 0.35 0.35 0.0 0.0 
0.18004167037084579 0.12359768746745797 0.0 0.1 0.0 0.12796813655673608 0.0 0.11839250560496015 0.35 0.0 0.0 
0.13041186819140788 0.11452604846418744 0.0 0.1 0.0 0.0 0.0 0.35 0.30506208334440466 0.0 0.0 
0.18047778513934232 0.14352936190063226 0.0 0.0 0.0 0.0 0.0 0.35 0.32599285296002545 0.0 0.0 
0.19132812835483626 0.1 0.0 0.11608499269535855 0.0 0.10039507343482462 0.0 0.14219180551498073 0.35 0.0 0.0 
0.174327534813306 0.12567246518669406 0.0 0.0 0.0 0.0 0.0 0.35 0.35 0.0 0.0 
0.18569611435818545 0.16470425899447616 0.0 0.0 0.0 0.0 0.0 0.35 0.2995996266473384 0.0 0.0 
0.11429429044889222 0.18570570955110777 0.0 0.0 0.0 0.0 0.0 0.35 0.35 0.0 0.0 
0.17795218853082867 0.15595322784244975 0.0 0.0 0.0 0.0 0.0 0.35 0.31609458362672166 0.0 0.0 
0.2054508156342717 0.137631871951435 0.0 0.0 0.0 0.0 0.0 0.35 0.3069173124142933 0.0 0.0 
0.0 0.32147895323402864 0.0 0.0 0.0 0.0 0.0 0.3285210467659714 0.35 0.0 0.0 
0.1724381607196313 0.12848095347772598 0.0 0.10695797971348157 0.0 0.1 0.0 0.14212290608916112 0.35 0.0 0.0 
0.1647362376713507 0.11199894338064129 0.0 0.1 0.0 0.0 0.0 0.35 0.273264818948008 0.0 0.0 
0.17774202395223476 0.12286959535574828 0.0 0.1 0.0 0.13313177150833488 0.0 0.11625660918368207 0.35 0.0 0.0 
0.12985244814706828 0.11017561759637015 0.0 0.1 0.0 0.0 0.0 0.35 0.30997193425656155 0.0 0.0 
0.18219528946656827 0.1 0.0 0.10080763433958274 0.0 0.0 0.0 0.35 0.26699707619384905 0.0 0.0 
0.1729325512906093 0.14574762921397919 0.0 0.0 0.0 0.0 0.0 0.35 0.33131981949541156 0.0 0.0 
0.15619378742015094 0.14380621257984913 0.0 0.0 0.0 0.0 0.0 0.35 0.35 0.0 0.0 
0.14259990911395143 0.12251647323287668 0.0 0.10777951634860358 0.0 0.1 0.0 0.17710410130456833 0.35 0.0 0.0 
0.24717927787550406 0.1 0.0 0.11570119258628739 0.0 0.0 0.0 0.35 0.18711952953820848 0.0 0.0 
0.1592668717190396 0.10735846844647272 0.0 0.1 0.0 0.0 0.0 0.35 0.28337465983448773 0.0 0.0 
0.14179986698648578 0.1 0.0 0.10071483259617842 0.0 0.0 0.0 0.35 0.3074853004173358 0.0 0.0 
0.23319363050622832 0.11086217111502143 0.0 0.0 0.0 0.0 0.0 0.35 0.3059441983787503 0.0 0.0 
0.1577989285825177 0.10351122727622318 0.0 0.1 0.0 0.0 0.0 0.35 0.2886898441412591 0.0 0.0 
0.18354479073231728 0.11645520926768277 0.0 0.0 0.0 0.0 0.0 0.35 0.35 0.0 0.0 
0.228602346076046 0.11343443121576804 0.0 0.13490617470745514 0.0 0.0 0.0 0.35 0.17305704800073085 0.0 0.0 
0.18017939521878806 0.1385616052621982 0.0 0.0 0.0 0.0 0.0 0.35 0.3312589995190137 0.0 0.0 
0.2054508156342717 0.11469501411546547 0.0 0.1 0.0 0.0 0.0 0.35 0.2298541702502629 0.0 0.0 
0.14897754182051678 0.15177447855790072 0.0 0.0 0.0 0.0 0.0 0.35 0.3492479796215825 0.0 0.0 
0.21858233883271375 0.12651975942944363 0.0 0.1 0.0 0.0 0.0 0.35 0.20489790173784264 0.0 0.0 
0.23178016563855916 0.12139346617761335 0.0 0.0 0.0 0.0 0.0 0.35 0.29682636818382746 0.0 0.0 
0.10705989966871851 0.1929401003312815 0.0 0.0 0.0 0.0 0.0 0.35 0.35 0.0 0.0 
0.0 0.30467394089635275 0.0 0.0 0.0 0.0 0.0 0.3453260591036472 0.35 0.0 0.0 
0.12860021200502084 0.10007977190990008 0.0 0.1 0.0 0.1015775147656386 0.0 0.21974250131944048 0.35 0.0 0.0 
0.17522232146753525 0.13653846108201945 0.0 0.1 0.0 0.0 0.0 0.35 0.2382392174504453 0.0 0.0 
0.1472406157475826 0.10864682301790335 0.0 0.1 0.0 0.0 0.0 0.35 0.2941125612345141 0.0 0.0 
0.20760141338850369 0.16469040914522032 0.0 0.0 0.0 0.0 0.0 0.35 0.2777081774662759 0.0 0.0 
0.19032133693775327 0.14888808697544387 0.0 0.0 0.0 0.0 0.0 0.35 0.31079057608680283 0.0 0.0 
0.19511050363030402 0.1627087860802664 0.0 0.0 0.0 0.0 0.0 0.35 0.2921807102894296 0.0 0.0 
0.19128227242744417 0.11487702646776214 0.0 0.1 0.0 0.0 0.0 0.35 0.24384070110479375 0.0 0.0 
0.0 0.31396421334502245 0.0 0.0 0.0 0.0 0.0 0.3360357866549776 0.35 0.0 0.0 
0.2533459657821007 0.10009875333695507 0.0 0.10591209216359486 0.0 0.0 0.0 0.35 0.1906431887173493 0.0 0.0 
0.10138166913177318 0.1986183308682269 0.0 0.0 0.0 0.0 0.0 0.35 0.35 0.0 0.0 
0.13131654783764002 0.10109754944325623 0.0 0.1 0.0 0.0 0.0 0.35 0.31758590271910386 0.0 0.0 
0.14375536831763608 0.1 0.0 0.10078116007298459 0.0 0.0 0.0 0.35 0.30546347160937937 0.0 0.0 
0.19000630470174434 0.14020892328783957 0.0 0.0 0.0 0.0 0.0 0.35 0.3197847720104161 0.0 0.0 
0.10904106785914258 0.1909589321408575 0.0 0.0 0.0 0.0 0.0 0.35 0.35 0.0 0.0 
0.22941596862599684 0.11464404669021523 0.0 0.1 0.0 0.0 0.0 0.35 0.2059399846837879 0.0 0.0 
0.1850742596009638 0.11377398957611953 0.0 0.10044389170251407 0.0 0.1 0.0 0.15070785912040258 0.35 0.0 0.0 
0.13648735380171734 0.11544178542521458 0.0 0.1 0.0 0.1269851058218416 0.0 0.17108575495122652 0.35 0.0 0.0 
0.18131208245715968 0.10411671128954669 0.0 0.10597584569272572 0.0 0.1 0.0 0.15859536056056794 0.35 0.0 0.0 
0.17522232146753525 0.13561321138519447 0.0 0.0 0.0 0.0 0.0 0.35 0.33916446714727033 0.0 0.0 
0.2550751561765042 0.1 0.0 0.10008626876149361 0.0 0.0 0.0 0.35 0.1948385750620022 0.0 0.0 
0.0 0.3103094323774047 0.0 0.0 0.0 0.0 0.0 0.3396905676225953 0.35 0.0 0.0 
0.2054508156342717 0.11451675656174792 0.0 0.1 0.0 0.0 0.0 0.35 0.23003242780398037 0.0 0.0 
0.18795903961243765 0.14835619826918334 0.0 0.0 0.0 0.0 0.0 0.35 0.31368476211837903 0.0 0.0 
0.16277685615665338 0.10735846844647272 0.0 0.1 0.0 0.0 0.0 0.35 0.2798646753968738 0.0 0.0 
0.1432312629007408 0.12285017959367413 0.0 0.107896381337479 0.0 0.1 0.0 0.17602217616810611 0.35 0.0 0.0 
0.19521471449469316 0.10319716278882152 0.0 0.1 0.0 0.0 0.0 0.35 0.25158812271648534 0.0 0.0 
0.16866095522150415 0.12872493698036003 0.0 0.10695797971348159 0.0 0.1 0.0 0.14565612808465428 0.35 0.0 0.0 
0.19738239529165352 0.11469501411546547 0.0 0.1 0.0 0.0 0.0 0.35 0.237922590592881 0.0 0.0 
0.1923490967781335 0.1 0.0 0.11624409038327627 0.0 0.10351332037425902 0.0 0.13789349246433122 0.35 0.0 0.0 
0.15276673935674548 0.10101706251460378 0.0 0.1 0.0 0.0 0.0 0.35 0.2962161981286507 0.0 0.0 
0.16489860967917283 0.15137070461903018 0.0 0.0 0.0 0.0 0.0 0.35 0.333730685701797 0.0 0.0 
0.19738239529165352 0.11469501411546547 0.0 0.1 0.0 0.0 0.0 0.35 0.237922590592881 0.0 0.0 
0.2167304996492102 0.1307490173430215 0.0 0.0 0.0 0.0 0.0 0.35 0.30252048300776835 0.0 0.0 
0.13655595166046824 0.11551714485501303 0.0 0.1 0.0 0.12649765186147627 0.0 0.17142925162304254 0.35 0.0 0.0 
0.17492301380122777 0.12823341775654756 0.0 0.1 0.0 0.0 0.0 0.35 0.24684356844222463 0.0 0.0 
0.11990839894069788 0.1800916010593022 0.0 0.0 0.0 0.0 0.0 0.35 0.35 0.0 0.0 
0.11919170329325932 0.18080829670674076 0.0 0.0 0.0 0.0 0.0 0.35 0.35 0.0 0.0 
0.14439694489949262 0.10591605376709434 0.0 0.1 0.0 0.0 0.0 0.35 0.2996870013334131 0.0 0.0 
0.16877365161075686 0.1 0.0 0.10007836239406781 0.0 0.0 0.0 0.35 0.2811479859951753 0.0 0.0 
0.0 0.1809282994023289 0.0 0.0 0.3012356915055334 0.16783600909213772 0.0 0.0 0.35 0.0 0.0 
0.14439694489949262 0.10591605376709434 0.0 0.1 0.0 0.0 0.0 0.35 0.2996870013334131 0.0 0.0 
0.2460047188084127 0.10364803080150296 0.0 0.1 0.0 0.0 0.0 0.35 0.2003472503900844 0.0 0.0 
0.18156656925616316 0.10411671128954669 0.0 0.10601119178346834 0.0 0.1 0.0 0.15830552767082184 0.35 0.0 0.0 
0.15540171174873854 0.1 0.0 0.1012785519841786 0.0 0.0 0.0 0.35 0.29331973626708285 0.0 0.0 
