0.29999999999999977 0.0 0.0 0.0 0.0 0.0 0.0 0.35 0.35 0.0 0.0 
0.0 0.13726249987506128 0.0 0.25031315573219987 0.2947716988872417 0.0 0.0 0.1903378874608195 0.0 0.0 0.12731475804467765 
0.0 0.13726249987506128 0.0 0.25031315573219987 0.2947716988872417 0.0 0.0 0.1903378874608195 0.0 0.0 0.12731475804467765 
0.1978786681454211 0.0 0.0 0.1021213318545789 0.0 0.0 0.0 0.35 0.35 0.0 0.0 
0.35 0.0 0.0 0.0 0.0 0.0 0.0 0.35 0.2999999999999998 0.0 0.0 
0.10543383061371853 0.0 0.0 0.3253434209121858 0.0 0.0 0.0 0.35 0.11342594979626115 0.0 0.1057967986778347 
0.10939802263895469 0.0 0.0 0.35 0.0 0.0 0.0 0.3346455270052214 0.1025238898093434 0.0 0.10343256054648052 
0.10157975428535378 0.0 0.0 0.31106842362083054 0.0 0.0 0.0 0.35 0.1306721946616431 0.0 0.10667962743217244 
0.0 0.10196908310446384 0.0 0.32754108445835095 0.11889929897864848 0.0 0.0 0.3275129195498158 0.0 0.0 0.12407761390872081 
0.0 0.0 0.0 0.3181631095833281 0.10470738620638403 0.0 0.0 0.3498615504806782 0.12038707474321435 0.0 0.1068808789863953 
0.0 0.10117058929144862 0.0 0.30196981370544673 0.17217503654655378 0.0 0.0 0.3026760582126574 0.0 0.0 0.12200850224389358 
0.0 0.10500969726372918 0.0 0.3070939574354377 0.13549730250135483 0.0 0.0 0.32317373211150446 0.0 0.0 0.12922531068797383 
0.20499639486307122 0.0 0.0 0.22253791747090024 0.0 0.0 0.0 0.35 0.22246568766602853 0.0 0.0 
0.0 0.11302889529231347 0.0 0.2914014013270126 0.12434775604150042 0.0 0.0 0.35 0.0 0.0 0.12122194733917348 
0.15032691296897088 0.0 0.0 0.35 0.0 0.0 0.0 0.35 0.14967308703102908 0.0 0.0 
0.185904108952476 0.0 0.0 0.223820822832778 0.0 0.0 0.0 0.35 0.24027506821474615 0.0 0.0 
0.0 0.0 0.0 0.31862367913558665 0.1194205010469202 0.0 0.0 0.34603878531403476 0.11054907695781609 0.0 0.10536795754564227 
0.2077108871747436 0.0 0.0 0.16276060084976626 0.0 0.0 0.0 0.35 0.2795285119754903 0.0 0.0 
0.0 0.1301238451880148 0.0 0.26587514018261754 0.26516110831294815 0.0 0.0 0.2148158594964219 0.0 0.0 0.12402404681999749 
0.16447392934340316 0.0 0.0 0.23240208876051927 0.0 0.0 0.0 0.35 0.2531239818960777 0.0 0.0 
0.11966544973673979 0.0 0.0 0.25945989901594 0.10411437428879372 0.0 0.0 0.35 0.16676027695852663 0.0 0.0 
0.21641064568349863 0.0 0.0 0.18535728063702608 0.0 0.0 0.0 0.35 0.24823207367947536 0.0 0.0 
0.10171515350448762 0.0 0.0 0.2782983464988437 0.0 0.0 0.0 0.33984276661164997 0.17235066085288986 0.0 0.10779307253212896 
0.0 0.1123320576187527 0.0 0.2982537856061694 0.17581402660275458 0.0 0.0 0.28584703113080895 0.0 0.0 0.1277530990415144 
0.1029840826179405 0.0 0.0 0.28343927855027407 0.0 0.0 0.0 0.35 0.15332906612721653 0.0 0.11024757270456903 
0.16944058255542177 0.0 0.0 0.25078110452595703 0.0 0.0 0.0 0.35 0.2297783129186211 0.0 0.0 
0.0 0.12104665477671518 0.0 0.28081379814760704 0.2536247927814545 0.0 0.0 0.22460860832645405 0.0 0.0 0.11990614596776922 
0.0 0.0 0.0 0.3300911071108133 0.1222293414288389 0.0 0.0 0.31599098229960054 0.1032193453561155 0.0 0.1284692238046318 
0.1991560650409772 0.0 0.0 0.17754192430569493 0.0 0.0 0.0 0.35 0.273302010653328 0.0 0.0 
0.20042054648844893 0.0 0.0 0.1042073873410389 0.0 0.0 0.0 0.34662434113390966 0.3487477250366025 0.0 0.0 
0.17221665066897154 0.0 0.0 0.218953172618998 0.0 0.0 0.0 0.35 0.2588301767120305 0.0 0.0 
0.17738636495396862 0.0 0.0 0.35 0.0 0.0 0.0 0.35 0.12261363504603146 0.0 0.0 
0.10334682086312194 0.0 0.0 0.29965468145124746 0.0 0.0 0.0 0.34872345425779044 0.1431638814328293 0.0 0.10511116199501083 
0.0 0.0 0.0 0.3312793166593572 0.11766393186191622 0.0 0.0 0.3352648561648494 0.10244335135118118 0.0 0.11334854396269607 
0.0 0.11517807428466498 0.0 0.3042663544553055 0.20222247203937346 0.0 0.0 0.2541473543238379 0.0 0.0 0.12418574489681822 
0.18844158039158054 0.0 0.0 0.1533722952874072 0.0 0.0 0.0 0.34998855351359454 0.30819757080741766 0.0 0.0 
0.0 0.0 0.0 0.30682391473088977 0.10037385595870998 0.0 0.0 0.35 0.14212917776375747 0.0 0.1006730515466429 
0.0 0.0 0.0 0.3247568602609311 0.11633784823582521 0.0 0.0 0.33400300232609054 0.11242531815184967 0.0 0.11247697102530349 
0.0 0.10464602003033086 0.0 0.32835546404998794 0.12043682230600286 0.0 0.0 0.3348966150374234 0.0 0.0 0.111665078576255 
0.19150985461630496 0.0 0.0 0.14649846135719574 0.0 0.0 0.0 0.35 0.31199168402649924 0.0 0.0 
0.0 0.0 0.0 0.3248480287034123 0.11537966420686431 0.0 0.0 0.3287561949745049 0.10045456829537405 0.0 0.13056154381984433 
0.0 0.13037847615168788 0.0 0.2598494717802215 0.27297595132087893 0.0 0.0 0.2033676101979757 0.0 0.0 0.13342849054923608 
0.0 0.0 0.0 0.31255058873494773 0.10121548155118766 0.0 0.0 0.3477818655572622 0.13096112589425116 0.0 0.10749093826235116 
0.18863145377067173 0.0 0.0 0.141006603628284 0.0 0.0 0.0 0.35 0.3203619426010442 0.0 0.0 
0.21840438341708746 0.0 0.0 0.17594471290991293 0.0 0.0 0.0 0.35 0.25565090367299953 0.0 0.0 
0.1692161840666349 0.0 0.0 0.26612843392643026 0.0 0.0 0.0 0.35 0.21465538200693499 0.0 0.0 
0.0 0.10472951617248545 0.0 0.32861745599670134 0.12053291779088605 0.0 0.0 0.3351638261111762 0.0 0.0 0.11095628392875095 
0.32061505724348704 0.0 0.0 0.0 0.0 0.0 0.0 0.35 0.32938494275651314 0.0 0.0 
0.18462818730235098 0.0 0.0 0.35 0.0 0.0 0.0 0.35 0.11537181269764904 0.0 0.0 
0.0 0.0 0.0 0.31578032959576013 0.10134436582246227 0.0 0.0 0.35 0.13173174441530586 0.0 0.10114356016647173 
0.10981762016046175 0.0 0.0 0.26937952629443873 0.0 0.0 0.0 0.35 0.1654393433060804 0.0 0.10536351023901916 
0.10681553008103314 0.0 0.0 0.2686185579477715 0.0 0.0 0.0 0.35 0.17190022603647703 0.0 0.10266568593471835 
0.10583934829807908 0.0 0.0 0.25771240109012433 0.0 0.0 0.0 0.35 0.17868076951308806 0.0 0.10776748109870858 
0.0 0.12450612860401118 0.0 0.25335663957291826 0.2519770730911511 0.0 0.0 0.2386089948614056 0.0 0.0 0.1315511638705138 
0.17218826288110067 0.0 0.0 0.3169239364823426 0.0 0.0 0.0 0.35 0.1608878006365568 0.0 0.0 
0.0 0.1044879902871909 0.0 0.283727122159017 0.2370087468716012 0.0 0.0 0.2512167488219085 0.0 0.0 0.1235593918602824 
0.18960211862305634 0.0 0.0 0.14420449624496948 0.0 0.0 0.0 0.35 0.31619338513197426 0.0 0.0 
0.0 0.10952087344611719 0.0 0.2793027683342787 0.21584166204319208 0.0 0.0 0.27365350907103486 0.0 0.0 0.12168118710537712 
0.0 0.0 0.0 0.3365486496034584 0.12133415269046448 0.0 0.0 0.3251144094279039 0.10415547596125829 0.0 0.11284731231691482 
0.0 0.12969178957259253 0.0 0.25848087820463084 0.2715382222744851 0.0 0.0 0.20756337000968955 0.0 0.0 0.1327257399386022 
0.0 0.12590284024139448 0.0 0.2653545464006188 0.222307455264541 0.0 0.0 0.2606382565368354 0.0 0.0 0.12579690155661044 
0.17516721538438637 0.0 0.0 0.3216442000307486 0.0 0.0 0.0 0.35 0.15318858458486512 0.0 0.0 
0.20541433102757498 0.0 0.0 0.14716317733495377 0.0 0.0 0.0 0.35 0.29742249163747136 0.0 0.0 
0.16557085784919204 0.0 0.0 0.2887792799324419 0.0 0.0 0.0 0.35 0.19564986221836606 0.0 0.0 
0.17885574987237293 0.0 0.0 0.13415306997435422 0.0 0.0 0.0 0.35 0.3369911801532729 0.0 0.0 
0.15878021302584677 0.0 0.0 0.3002908162817466 0.0 0.0 0.0 0.35 0.19092897069240672 0.0 0.0 
0.10088458346421399 0.0 0.0 0.2941915481210499 0.0 0.0 0.0 0.35 0.1469978213204212 0.0 0.10792604709431493 
0.0 0.0 0.0 0.3157627513329552 0.11548777248855793 0.0 0.0 0.35 0.1041444425916068 0.0 0.1146050335868799 
0.19571028466394574 0.0 0.0 0.16206137347168065 0.0 0.0 0.0 0.35 0.29222834186437363 0.0 0.0 
0.0 0.10225232993660284 0.0 0.30519854869041174 0.1740159740800575 0.0 0.0 0.3059123445363486 0.0 0.0 0.11262080275657937 
0.0 0.1044879902871909 0.0 0.283727122159017 0.2370087468716012 0.0 0.0 0.2512167488219085 0.0 0.0 0.1235593918602824 
0.1639661639696942 0.0 0.0 0.2620731098296808 0.0 0.0 0.0 0.35 0.223960726200625 0.0 0.0 
0.0 0.13726940835614934 0.0 0.2503257541017767 0.2947865348745573 0.0 0.0 0.1903474672491598 0.0 0.0 0.12727083541835682 
0.16735630484358208 0.0 0.0 0.3103302034290733 0.0 0.0 0.0 0.34391203881155763 0.1784014529157869 0.0 0.0 
0.0 0.1054513219222314 0.0 0.28056451819241907 0.17112268166248684 0.0 0.0 0.3187660248372037 0.0 0.0 0.12409545338565896 
0.0 0.0 0.0 0.305897526617182 0.10007079891972813 0.0 0.0 0.34894325108236074 0.14170004960728086 0.0 0.10338837377344823 
0.22287481696742664 0.0 0.0 0.16952971474995257 0.0 0.0 0.0 0.35 0.25759546828262075 0.0 0.0 
0.3057214038404166 0.0 0.0 0.0 0.0 0.0 0.0 0.3442785961595835 0.35 0.0 0.0 
0.19238885992501567 0.0 0.0 0.20255512197555237 0.0 0.0 0.0 0.3494876089584692 0.25556840914096257 0.0 0.0 
0.19260830919991528 0.0 0.0 0.25775066521070295 0.0 0.0 0.0 0.35 0.19964102558938165 0.0 0.0 
0.18949509884083937 0.0 0.0 0.11549241540226796 0.0 0.0 0.0 0.35 0.34501248575689275 0.0 0.0 
0.10438040654774611 0.0 0.0 0.25472000883933055 0.0 0.0 0.0 0.34810023091407344 0.18728206689982382 0.0 0.10551728679902604 
0.21867233779520187 0.0 0.0 0.14430907291945644 0.0 0.0 0.0 0.35 0.2870185892853417 0.0 0.0 
0.0 0.10708328751265526 0.0 0.29109785230704466 0.16996506129422667 0.0 0.0 0.315277453516773 0.0 0.0 0.11657634536930048 
0.16679340294753883 0.0 0.0 0.13333743445891139 0.0 0.0 0.0 0.3499999999999999 0.34986916259354983 0.0 0.0 
0.15847374745890222 0.0 0.0 0.141526252541098 0.0 0.0 0.0 0.35 0.35 0.0 0.0 
0.33508110702406557 0.0 0.0 0.0 0.0 0.0 0.0 0.35 0.31491889297593445 0.0 0.0 
0.17721832643831964 0.0 0.0 0.14432540284256007 0.0 0.0 0.0 0.34989309225974735 0.328563178459373 0.0 0.0 
0.11177623346698203 0.0 0.0 0.24129819327013022 0.0 0.0 0.0 0.35 0.18699490612690609 0.0 0.10993066713598153 
0.19924773483953817 0.0 0.0 0.24145136283413715 0.0 0.0 0.0 0.35 0.2093009023263247 0.0 0.0 
0.0 0.11248773722528067 0.0 0.26707025624572833 0.24978587884946177 0.0 0.0 0.23918127512174758 0.0 0.0 0.1314748525577816 
0.0 0.1192336641274462 0.0 0.27600924411849026 0.2113056425430167 0.0 0.0 0.27793475929372974 0.0 0.0 0.11551668991731706 
0.0 0.1126315586285488 0.0 0.2990489932419783 0.17628278396036087 0.0 0.0 0.2839429483617464 0.0 0.0 0.12809371580736564 
0.19131079666182307 0.0 0.0 0.16996452100197593 0.0 0.0 0.0 0.35 0.2887246823362009 0.0 0.0 
0.16555570953271606 0.0 0.0 0.18407187512942574 0.0 0.0 0.0 0.35 0.30037241533785825 0.0 0.0 
0.0 0.11597132172079301 0.0 0.26199920707929003 0.22414262480355826 0.0 0.0 0.27615220156444215 0.0 0.0 0.12173464483191666 
0.11153295460341027 0.0 0.0 0.24077301230437498 0.0 0.0 0.0 0.3492382316024697 0.188764396377031 0.0 0.10969140511271407 
0.17011622148880057 0.0 0.0 0.14823824237981673 0.0 0.0 0.0 0.35 0.3316455361313827 0.0 0.0 
0.18349054183583313 0.0 0.0 0.13403806815521746 0.0 0.0 0.0 0.35 0.3324713900089494 0.0 0.0 
0.17556113720713123 0.0 0.0 0.2941616318880107 0.0 0.0 0.0 0.35 0.18027723090485825 0.0 0.0 
