-0.011713528783177022 4.3029059305354806E-4 
-0.011713528783177022 4.3029059305354806E-4 
-0.007371403848758564 5.3323038500321276E-5 
-0.011473784309895131 3.6858610919399175E-4 
-0.011473933068842954 3.9796175037712275E-4 
-0.009627809781792037 1.4364684519779566E-4 
-0.010081167742685124 1.7595499360473617E-4 
-0.009572246775894428 1.3489617284272184E-4 
-0.008493140807457417 7.777188210207758E-5 
-0.0090597104636564 1.0878746077485493E-4 
-0.010557611033000985 2.2605439555249533E-4 
-0.008932944596500006 1.066667482324116E-4 
-0.008708881879631 9.049533529764212E-5 
-0.010152305631332998 1.8234481899350214E-4 
-0.009308384421080044 1.2210532146464005E-4 
-0.011298022041735712 3.382263816492409E-4 
-0.008571264467533242 8.059934488491912E-5 
-0.009496154608432616 1.3222191507442158E-4 
-0.009410368984441283 1.247289360091582E-4 
-0.009707396334609555 1.494652593839499E-4 
-0.00760327973188202 5.519025439442579E-5 
-0.011340783418074249 3.546558521509817E-4 
-0.010931756285205868 2.758812687016417E-4 
-0.008800180365881906 9.339502610306151E-5 
-0.011206833276732555 3.246113899754955E-4 
-0.011161785432243856 3.146211532501768E-4 
-0.0076973472535382895 5.598055776393899E-5 
-0.0078964889398311 5.94719524595384E-5 
-0.009786754954201927 1.5587445879966625E-4 
-0.011132552129716963 3.088594318362601E-4 
-0.010868426377101132 2.6664269589904687E-4 
-0.010263397246799078 1.9409996566316796E-4 
-0.011034009544061123 2.9148107809017236E-4 
-0.010183830015292154 1.8570083112787655E-4 
-0.009461460018254793 1.2658538363458864E-4 
-0.010894258825281822 2.7116296411411756E-4 
-0.010969390045016748 2.815243998526783E-4 
-0.007768182265825719 5.747172040629017E-5 
-0.011184770027344746 3.2106789733091787E-4 
-0.007514961262081285 5.428048352011102E-5 
-0.009830897741528379 1.600346134900284E-4 
-0.009200014490037817 1.129617074803672E-4 
-0.007989644508668545 6.124693266122561E-5 
-0.008194829161377702 6.836249771925202E-5 
-0.00862563172606414 8.46625391330777E-5 
-0.009732188168116742 1.5219270481340525E-4 
-0.008840867484544709 9.586392755842583E-5 
-0.011255288171686249 3.3172951987640544E-4 
-0.010666310989354048 2.439757341445376E-4 
-0.010309639753385627 2.0111280076399483E-4 
-0.010660888400974998 2.395154547635844E-4 
-0.011645640104337131 4.2009762869339083E-4 
-0.007827319532651887 5.884269297326892E-5 
-0.00745971087856011 5.3880257696130845E-5 
-0.011337354651683947 3.4499313232605884E-4 
-0.008669383900608795 8.542277546066349E-5 
-0.009865247160007732 1.627524183552765E-4 
-0.008344704629609161 7.369752316908459E-5 
-0.008390974719391599 7.373077991047546E-5 
-0.009926412616347007 1.6478830403269807E-4 
-0.00802208358604933 6.202779817252919E-5 
-0.010722529160924801 2.537064282780007E-4 
-0.009950481287285295 1.6823988776759215E-4 
-0.010596586039158288 2.3060617583004536E-4 
-0.00912040319739646 1.1127765105994712E-4 
-0.011103610745132376 3.034413898802289E-4 
-0.008285011018009705 6.990778083729389E-5 
-0.010013290847389278 1.70231252916965E-4 
-0.009260975108722843 1.1751689562662696E-4 
-0.011678302422333541 4.248996958036775E-4 
-0.008097891963205676 6.471930106707226E-5 
-0.010209537776047493 1.9244009051304028E-4 
-0.011460273497481901 3.6650991809089784E-4 
-0.01155462546708239 4.0771371419373234E-4 
-0.00817546704278344 6.59692647158318E-5 
-0.011263753035056223 3.3290221183669965E-4 
-0.010993446852005049 2.85188259150343E-4 
-0.010413862635554418 2.132031969167276E-4 
-0.01154324972195799 4.0626905913065915E-4 
-0.010826109792023494 2.611129524929314E-4 
-0.011399620915306635 3.5671229741207963E-4 
-0.010626697910214538 2.3422313488895172E-4 
-0.008881672998499845 1.046105514444821E-4 
-0.01046378458090558 2.1495376611703956E-4 
-0.01082287920082298 2.6071873521996163E-4 
-0.010782981838991481 2.55557857780205E-4 
-0.00885430888142488 1.0196946708201095E-4 
-0.011083994640588664 3.007940510128915E-4 
-0.010402831777807606 2.0830937791531772E-4 
-0.011056027343600514 2.9498311240511426E-4 
-0.009273545781603729 1.1806055009833452E-4 
-0.009168176190591215 1.1197122994132929E-4 
-0.01049731831094479 2.189510761305352E-4 
-0.010363302816190394 2.0451523318275121E-4 
-0.01158987006868819 4.126718093791048E-4 
-0.010719960532101103 2.476182323201754E-4 
-0.011056654975767282 2.982962486628441E-4 
-0.0073745626139914994 5.333836414273479E-5 
-0.008114491664048014 6.50580139935522E-5 
-0.011427498616768686 3.6209464931895145E-4 
