-0.016723060783871913 0.0015954576182566178 
-0.009732552064437693 5.62183314698947E-5 
-0.016723060783871913 0.0015954576182566178 
-0.009732552064437693 5.62183314698947E-5 
-0.01672306078387191 0.0015954576182566165 
-0.016579334856069182 9.598761641010207E-4 
-0.016369373400973164 5.622858797436447E-4 
-0.016291883000463712 4.220030992684774E-4 
-0.012830135992347128 1.2426320078534075E-4 
-0.011313969379801773 7.905508259049947E-5 
-0.011531489283173105 8.367384182244655E-5 
-0.013038719944585032 1.323422656077383E-4 
-0.011672570926134768 8.974426197208316E-5 
-0.016541251357857983 8.324286806741774E-4 
-0.011153510342820963 7.627977354122159E-5 
-0.010413330541005204 6.267870645291246E-5 
-0.016554961391927272 8.763326750572775E-4 
-0.010273091792148182 6.078719811210501E-5 
-0.016222995338125094 4.2028356419908077E-4 
-0.016513748126099938 7.557890793027385E-4 
-0.01650432155005764 7.252316986323288E-4 
-0.015808986823835455 3.128492475810103E-4 
-0.012326588790721193 1.0825448042716966E-4 
-0.016452786479274152 6.026126104081656E-4 
-0.011846560181521316 9.160533980298E-5 
-0.01593514102284098 3.3567099755275334E-4 
-0.013242950999307725 1.4095246764043269E-4 
-0.015177102207744052 2.4105949381931615E-4 
-0.016205008109507615 3.791391928812899E-4 
-0.01056548423984414 6.525576765481006E-5 
-0.014410654182424638 1.958276072869136E-4 
-0.01649454938543253 6.995659190558109E-4 
-0.01314508659151798 1.3671816936289505E-4 
-0.015971151187797003 3.620057366060131E-4 
-0.015617171808339814 2.8091085915378343E-4 
-0.015874887971150817 3.242686087935286E-4 
-0.015716664760476617 2.9869986304317646E-4 
-0.010778085480335852 6.798065742312922E-5 
-0.009986349387329263 5.8174129980646596E-5 
-0.012676163435660909 1.2083002645516482E-4 
-0.016472778516860957 6.464494134210818E-4 
-0.016463528035266572 6.255778851260079E-4 
-0.015029114464473244 2.3792802484371524E-4 
-0.009877092093380894 5.732417032984739E-5 
-0.016571705989246552 9.329713774018896E-4 
-0.01652436007613077 7.813954317973842E-4 
-0.014665716839436597 2.083257840224457E-4 
-0.013477795727324021 1.5133570594749304E-4 
-0.014007344288820273 1.777386227118308E-4 
-0.014500585627420879 2.002861009204944E-4 
-0.015554417768583424 2.679305215305731E-4 
-0.014576609699569523 2.0461199165769582E-4 
-0.013710613054899918 1.6225136205834303E-4 
-0.016560287813990465 8.939895091430992E-4 
-0.010145663700390467 5.957288618280787E-5 
-0.01656678143075819 9.159696463927869E-4 
-0.015381122760615054 2.5078203854757525E-4 
-0.01489614309803564 2.2002275643730472E-4 
-0.01609402775961167 3.671122551123585E-4 
-0.012609555008717493 1.1660636902255004E-4 
-0.014774130114861495 2.1685243751562032E-4 
-0.013367960514605298 1.4621212835883238E-4 
-0.015672993667408618 2.9275820328535866E-4 
-0.014158123419254424 1.8432088635066877E-4 
-0.012484035294254615 1.1167187128220536E-4 
-0.010928912201327861 7.075132927330203E-5 
-0.013801550338408226 1.6693695245995584E-4 
-0.01643706307976214 5.714581418770987E-4 
-0.015447169143415521 2.5413049126659867E-4 
-0.013562558631871889 1.562831240986913E-4 
-0.014298654493372809 1.9059234256000224E-4 
-0.014269102634909873 1.8952972148633603E-4 
-0.016532877429002786 8.06706741786596E-4 
-0.010092617399821454 5.898156788407799E-5 
-0.016172936874849254 3.7542468110575206E-4 
-0.010647025325385837 6.609056763823253E-5 
-0.01391927497783044 1.7285124570728068E-4 
-0.012241159292914442 1.0476544704262795E-4 
-0.014932455234548874 2.2223254100802164E-4 
-0.015297307656339047 2.46674302270926E-4 
-0.012101572289902891 9.926405829864505E-5 
-0.011976938303271515 9.566135580633687E-5 
-0.009777204999392691 5.6835886896191085E-5 
-0.01192558567650304 9.384743095224471E-5 
-0.016484977239397174 6.755209827318371E-4 
-0.01474638450715814 2.129829749150982E-4 
-0.011012519495534345 7.222575802919251E-5 
-0.01603141946669564 3.66515572225383E-4 
-0.015255185537228572 2.446697050530047E-4 
-0.01648258125399276 6.696719953472914E-4 
-0.01672306078387191 0.0015954576182566165 
-0.016579334856069182 9.598761641010207E-4 
-0.01502476427023066 2.2707234701013865E-4 
-0.012484035294254615 1.1167187128220536E-4 
-0.012059134183824245 9.790425749908499E-5 
-0.010719978455903821 6.705672799846086E-5 
-0.01408771577916345 1.8122605427987166E-4 
-0.013395394025072256 1.4740065625421235E-4 
-0.016579334856069175 9.598761641010199E-4 
-0.016530097730616956 7.983518570138739E-4 
