-0.013716700458084229 4.153849936859849E-4 
-0.006921537129627395 6.758476394908362E-5 
-0.006921537129627395 6.758476394908362E-5 
-0.013716700458084229 4.153849936859849E-4 
-0.013592814257406782 3.4851350385311673E-4 
-0.013716700458084225 4.153849936859847E-4 
-0.013374989451309681 3.317887983494072E-4 
-0.0133680953566063 2.9545486520531934E-4 
-0.012475937568029545 1.9912705726030891E-4 
-0.012476500996096082 2.305274694140742E-4 
-0.01210786799813939 1.9059361153082877E-4 
-0.01208957081914444 1.7379197618426945E-4 
-0.011740277249125342 1.6079795038236212E-4 
-0.011377574938464065 1.4585638721945063E-4 
-0.007214962683186596 6.861675431247031E-5 
-0.010395362740916044 1.1990292967951332E-4 
-0.011220007695287115 1.4227286210196247E-4 
-0.007054320069575769 6.828704535960392E-5 
-0.012173949774178228 1.9324960584706554E-4 
-0.010251626137390259 1.1592152168130412E-4 
-0.013187758142946118 2.612260833522686E-4 
-0.010975517920518216 1.337843004668591E-4 
-0.010683842429178846 1.2623680660503572E-4 
-0.01190769403555387 1.6700425939356213E-4 
-0.008633600631827575 8.375548904694714E-5 
-0.012312517419799175 1.9615807749753407E-4 
-0.013288445095182073 2.7799857665016577E-4 
-0.010095889740630293 1.1453927449605128E-4 
-0.011063494995798789 1.364969829286998E-4 
-0.008283441050616597 7.90716708224667E-5 
-0.010553967473802644 1.2306249371220156E-4 
-0.013234473101481004 2.682727513014523E-4 
-0.010765509642594593 1.2902643475399127E-4 
-0.012899280520435704 2.4399134098750916E-4 
-0.007605766137989078 7.167225936580206E-5 
-0.011651491560302674 1.5558800674591745E-4 
-0.007351918978575163 6.990663928891887E-5 
-0.009571560676971697 9.994147992002683E-5 
-0.009822519228099794 1.0654592988337857E-4 
-0.012555884758635127 2.326834628855903E-4 
-0.007851664812557566 7.493095551843747E-5 
-0.009903811415975535 1.0885958960836812E-4 
-0.013003751570189258 2.4651938606485495E-4 
-0.011830367837900263 1.6420037355825524E-4 
-0.00815560626069914 7.795477595484615E-5 
-0.012781046809320233 2.414880004545515E-4 
-0.008922756814989581 9.032544488152429E-5 
-0.012696189280638159 2.379508737843776E-4 
-0.010313952945507058 1.18896138863509E-4 
-0.012371709570035725 1.9685090792738382E-4 
-0.01335607871520126 2.9258430909134413E-4 
-0.009364809532353913 9.648465275797848E-5 
-0.013328005134726852 2.8620619985299126E-4 
-0.009275673588104221 9.452574310917186E-5 
-0.007949559774476105 7.543336402583023E-5 
-0.013128757197917219 2.5414477646835184E-4 
-0.007489969645909618 7.080404799285982E-5 
-0.008847092143483157 8.780072892210932E-5 
-0.013567937424810605 3.417436294320869E-4 
-0.008705874588645178 8.539444663110477E-5 
-0.013315556484975493 2.835250411525306E-4 
-0.013079876571467586 2.498156598840311E-4 
-0.009128832345730345 9.185598826474438E-5 
-0.0131545017626809 2.569850102757006E-4 
-0.00965121581959068 1.018027529868369E-4 
-0.007743282147774091 7.395574830935473E-5 
-0.010572305428702852 1.23943536942107E-4 
-0.010862674083550336 1.3179738528207178E-4 
-0.01143948458812363 1.4863330757519352E-4 
-0.009465914768629879 9.911274148054463E-5 
-0.009743401993814318 1.0491905622837618E-4 
-0.007683977731102384 7.344688573506183E-5 
-0.011528793382837872 1.5166239127967674E-4 
-0.011116720178159723 1.400464428701289E-4 
-0.008501402846839866 8.179811645056648E-5 
-0.013474779415623847 3.3423182930159657E-4 
-0.00815560626069914 7.795477595484615E-5 
-0.008361309298280934 8.09002086322723E-5 
-0.01262919642458564 2.347503584544904E-4 
-0.012849953941395504 2.416427345141692E-4 
-0.012037704178620155 1.720686285964284E-4 
-0.01353025831853694 3.3573047114105956E-4 
-0.010041740627453005 1.1315410824157696E-4 
-0.007426824168003621 7.000716860732206E-5 
-0.01355811212821531 3.396832486694363E-4 
-0.009681062304327366 1.0442763712866068E-4 
-0.009430036356201066 9.777612463270576E-5 
-0.010849268989729504 1.3070600519060946E-4 
-0.012037704178620155 1.720686285964284E-4 
-0.008501402846839866 8.179811645056648E-5 
-0.01147148970272139 1.5051065232929238E-4 
-0.009004050396476067 9.127583200910363E-5 
-0.007949559774476105 7.543336402583023E-5 
-0.009976614142705302 1.1052722172538766E-4 
-0.011171940817800092 1.4015855828874836E-4 
-0.011591640160986454 1.535911893593528E-4 
-0.013260111426344572 2.726810063303221E-4 
-0.013051584294181184 2.4794656760500214E-4 
-0.009047714281470715 9.146669920642673E-5 
-0.01188776531243444 1.6497480966487055E-4 
