0.0 0.30000000000000004 0.0 0.0 0.0 0.0 0.0 0.35 0.35 0.0 0.0 
0.0 0.0 0.19223632683760922 0.0 0.0 0.2520862786388346 0.0 0.1013076743369397 0.35 0.10436972018661637 0.0 
0.0 0.30000000000000004 0.0 0.0 0.0 0.0 0.0 0.35 0.35 0.0 0.0 
0.0 0.2999999999999998 0.0 0.0 0.0 0.0 0.0 0.35 0.35 0.0 0.0 
0.0 0.19408884344355468 0.0 0.0 0.0 0.0 0.10591115655644544 0.35 0.35 0.0 0.0 
0.0 0.1257922088879455 0.0 0.0 0.0 0.0 0.17997475389638462 0.34423303721566967 0.35 0.0 0.0 
0.0 0.1963468769899285 0.0 0.0 0.0 0.10365312301007162 0.0 0.35 0.35 0.0 0.0 
0.0 0.11294718200977628 0.0 0.0 0.0 0.21646831258536559 0.0 0.32058450540485806 0.35 0.0 0.0 
0.0 0.0 0.0 0.0 0.0 0.19282963510329384 0.0 0.35 0.35 0.10717036489670621 0.0 
0.0 0.0 0.10258476171966134 0.0 0.0 0.11848432398943878 0.0 0.32782449283940285 0.35 0.10110642145149702 0.0 
0.0 0.0 0.10083596128913633 0.0 0.0 0.12275881080128494 0.0 0.32106855193457345 0.3490821500937451 0.10625452588126018 0.0 
0.0 0.0 0.11066650527738489 0.0 0.0 0.20673031220292715 0.0 0.3326031825196878 0.35 0.0 0.0 
0.0 0.0 0.180250449009558 0.0 0.0 0.22446617159180499 0.0 0.13717605014529288 0.35 0.1081073292533442 0.0 
0.0 0.18070190091253321 0.0 0.0 0.0 0.11929809908746673 0.0 0.35 0.35 0.0 0.0 
0.0 0.0 0.10272958819396173 0.0 0.0 0.1409902635759066 0.0 0.30428056453854824 0.3492510049559335 0.10274857873565 0.0 
0.0 0.0 0.10570993462978481 0.0 0.0 0.10073684101606206 0.0 0.35 0.3379718305566135 0.10558139379753968 0.0 
0.0 0.15658211142827957 0.0 0.0 0.0 0.1434178885717205 0.0 0.35 0.35 0.0 0.0 
0.0 0.0 0.14910703346259857 0.0 0.0 0.19590347572654712 0.0 0.19531534526314698 0.35 0.10967414554770735 0.0 
0.0 0.0 0.19177875004613104 0.0 0.0 0.24187632003631232 0.0 0.10635155438494864 0.35 0.10999337553260809 0.0 
0.0 0.0 0.16170594142888392 0.0 0.0 0.21131342569383735 0.0 0.1700295345517194 0.35 0.10695109832555931 0.0 
0.0 0.19281245987719595 0.0 0.0 0.0 0.1071875401228041 0.0 0.35 0.35 0.0 0.0 
0.0 0.0 0.10095656197538849 0.0 0.0 0.12750988170638852 0.0 0.3177784141201878 0.3482884792807097 0.10546666291732554 0.0 
0.0 0.0 0.1586627089219408 0.0 0.0 0.23182869041791185 0.0 0.166533072196716 0.34165937359305504 0.10131615487037621 0.0 
0.0 0.0 0.10188690518396788 0.0 0.0 0.115016308069506 0.0 0.3326048331008299 0.34763454000620103 0.10285741363949512 0.0 
0.0 0.0 0.18957937018879176 0.0 0.0 0.226789242581332 0.0 0.1315917110564524 0.3459463181251167 0.10609335804830708 0.0 
0.0 0.0 0.14580318045248658 0.0 0.0 0.19490442909261838 0.0 0.20239836700315894 0.35 0.10689402345173614 0.0 
0.0 0.1149174206809649 0.0 0.0 0.0 0.21126084000281667 0.0 0.32605259508235845 0.3477691442338601 0.0 0.0 
0.0 0.0 0.10757189396725148 0.0 0.0 0.12861162864716869 0.0 0.31197944715774933 0.3482322211247272 0.1036048091031033 0.0 
0.0 0.0 0.16787512036343957 0.0 0.0 0.20326926036397483 0.0 0.17690480483014137 0.35 0.10195081444244412 0.0 
0.0 0.0 0.17748429368340093 0.0 0.0 0.22983994007828218 0.0 0.14424239866481978 0.3456065758917405 0.10282679168175643 0.0 
0.0 0.1668622052930157 0.0 0.0 0.0 0.13313779470698445 0.0 0.35 0.35 0.0 0.0 
0.0 0.10635840314866368 0.0 0.0 0.0 0.1991444676559346 0.0 0.3444971291954018 0.35 0.0 0.0 
0.0 0.18022920396002934 0.0 0.0 0.0 0.0 0.11977079603997066 0.35 0.35 0.0 0.0 
0.0 0.0 0.11456867107221458 0.0 0.0 0.169868452166205 0.0 0.2625922277566314 0.34562967829934627 0.1073409707056029 0.0 
0.0 0.0 0.0 0.0 0.0 0.19901711041439005 0.0 0.335014168719475 0.35 0.11596872086613491 0.0 
0.0 0.1259906090932563 0.0 0.0 0.0 0.19002873720062513 0.0 0.3374117481677867 0.3465689055383319 0.0 0.0 
0.0 0.0 0.10229352866399812 0.0 0.0 0.11742072569265868 0.0 0.34875532652572777 0.32951738954782367 0.1020130295697917 0.0 
0.0 0.0 0.11749752226403247 0.0 0.0 0.1799791684944588 0.0 0.2459781692219076 0.35 0.10654514001960112 0.0 
0.0 0.0 0.18934999345323802 0.0 0.0 0.24139885697718916 0.0 0.11493275911429751 0.34961112022104374 0.10470727023423161 0.0 
0.0 0.0 0.11023130197717097 0.0 0.0 0.196946627500982 0.0 0.34282207052184704 0.35 0.0 0.0 
0.0 0.0 0.0 0.0 0.0 0.1855174055757135 0.0 0.3450279284538507 0.34775871031011507 0.1216959556603208 0.0 
0.0 0.0 0.1247407397424903 0.0 0.0 0.18781260932664431 0.0 0.33744665093086534 0.35 0.0 0.0 
0.0 0.0 0.10818813762983598 0.0 0.0 0.14350510937509853 0.0 0.2926734947343178 0.35 0.10563325826074757 0.0 
0.0 0.0 0.1761317204309025 0.0 0.0 0.21195793351334802 0.0 0.15351888281962828 0.35 0.10839146323612117 0.0 
0.0 0.0 0.1106668085836936 0.0 0.0 0.15357799270821834 0.0 0.2874742791570189 0.34385854329707327 0.10442237625399568 0.0 
0.0 0.14393695211176782 0.0 0.0 0.0 0.15606304788823216 0.0 0.35 0.35 0.0 0.0 
0.0 0.0 0.13302692970899663 0.0 0.0 0.18603964393962683 0.0 0.2257341068187736 0.35 0.105199319532603 0.0 
0.0 0.0 0.11024074668770849 0.0 0.0 0.15406189959298372 0.0 0.2820711622919331 0.346169714965525 0.10745647646184982 0.0 
0.0 0.13447574301612897 0.0 0.0 0.0 0.19141602017821988 0.0 0.3241082368056512 0.35 0.0 0.0 
0.0 0.0 0.14601346117216893 0.0 0.0 0.1889759488920172 0.0 0.20544357798909482 0.34948616468296645 0.11008084726375265 0.0 
0.0 0.0 0.18496893235731507 0.0 0.0 0.24045666526117182 0.0 0.12196996818654265 0.3480350904670077 0.10456934372796291 0.0 
0.0 0.0 0.1227035059024038 0.0 0.0 0.1918773802128926 0.0 0.23083022057901606 0.35 0.10458889330568756 0.0 
0.0 0.0 0.14208594037698552 0.0 0.0 0.1940649514187583 0.0 0.21024966989154578 0.35 0.10359943831271054 0.0 
0.0 0.0 0.17274340975293068 0.0 0.0 0.2295712189569225 0.0 0.14923916225259537 0.34574819748120833 0.10269801155634305 0.0 
0.0 0.0 0.1469973793928582 0.0 0.0 0.20954259952893525 0.0 0.19071901810583214 0.3499035222069905 0.10283748076538392 0.0 
0.0 0.19408884344355468 0.0 0.0 0.0 0.0 0.10591115655644544 0.35 0.35 0.0 0.0 
0.0 0.0 0.11196756942820121 0.0 0.0 0.1711382968137085 0.0 0.26524662032109053 0.3472382755697877 0.10440923786721207 0.0 
0.0 0.11852213866836445 0.0 0.0 0.0 0.0 0.18432296524507757 0.348577448043279 0.348577448043279 0.0 0.0 
0.0 0.0 0.12697599495449155 0.0 0.0 0.2052061088334032 0.0 0.2215966573462553 0.34406489692595965 0.10215634193989023 0.0 
0.0 0.0 0.0 0.0 0.0 0.19775446235262537 0.0 0.34578732625364367 0.35 0.10645821139373098 0.0 
0.0 0.0 0.11200247587119616 0.0 0.0 0.12071600197179272 0.0 0.3127861099243715 0.34975587286600984 0.10473953936662987 0.0 
0.0 0.1086261286500956 0.0 0.0 0.0 0.2050358005131583 0.0 0.3363380708367463 0.35 0.0 0.0 
0.0 0.0 0.11203544250446414 0.0 0.0 0.15670811760271477 0.0 0.2776227986470738 0.3499999999999999 0.10363364124574724 0.0 
0.0 0.0 0.12425194571150429 0.0 0.0 0.17850880549787718 0.0 0.23947949885016317 0.35 0.10775974994045547 0.0 
0.0 0.0 0.10739779551508605 0.0 0.0 0.1352965118250093 0.0 0.29598949814640996 0.35 0.11131619451349463 0.0 
0.0 0.10483196816347956 0.0 0.0 0.0 0.21056450473654645 0.0 0.334603527099974 0.35 0.0 0.0 
0.0 0.0 0.10954952118921055 0.0 0.0 0.1806991880419708 0.0 0.25511648372037915 0.35 0.10463480704843948 0.0 
0.0 0.0 0.13441550090478047 0.0 0.0 0.1928296836671018 0.0 0.21861109014932342 0.34932464047867134 0.10481908480012299 0.0 
0.0 0.0 0.13644402570174538 0.0 0.0 0.17848913746897527 0.0 0.2294313546380132 0.35 0.10563548219126616 0.0 
0.0 0.0 0.18630846850612737 0.0 0.0 0.2335603365023992 0.0 0.12697794668339332 0.3486008973223616 0.10455235098571848 0.0 
0.0 0.0 0.10428167185113965 0.0 0.0 0.1364382797588312 0.0 0.3008058189302753 0.35 0.10847422945975392 0.0 
0.0 0.0 0.13366372591562053 0.0 0.0 0.19905677059629212 0.0 0.21380041394350968 0.3497472939678408 0.10373179557673673 0.0 
0.0 0.0 0.1425691915571919 0.0 0.0 0.22039036841205947 0.0 0.17942049504805388 0.35 0.10761994498269484 0.0 
0.0 0.0 0.1613492952730853 0.0 0.0 0.206841789191183 0.0 0.18197710268442202 0.34698540268417094 0.10284641016713861 0.0 
0.0 0.12173099765653368 0.0 0.0 0.0 0.17826900234346643 0.0 0.35 0.35 0.0 0.0 
0.0 0.10164115969928175 0.0 0.0 0.0 0.19835884030071838 0.0 0.35 0.35 0.0 0.0 
0.0 0.15473884476159985 0.0 0.0 0.0 0.0 0.1452611552384002 0.35 0.35 0.0 0.0 
0.0 0.0 0.17641105266999682 0.0 0.0 0.20998367322319844 0.0 0.16230730995132978 0.3457538785936321 0.10554408556184289 0.0 
0.0 0.0 0.10193996444719781 0.0 0.0 0.11115473345829649 0.0 0.35 0.3329312096564807 0.10397409243802505 0.0 
0.0 0.0 0.11514160713744685 0.0 0.0 0.17637044860525486 0.0 0.24104611892405106 0.35 0.11744182533324722 0.0 
0.0 0.0 0.1042800586346749 0.0 0.0 0.1619260629378027 0.0 0.2729445831916567 0.35 0.11084929523586572 0.0 
0.0 0.0 0.10606042839009654 0.0 0.0 0.16914019506044153 0.0 0.2722950542366216 0.34722049927395576 0.10528382303888452 0.0 
0.0 0.0 0.12126580652780536 0.0 0.0 0.17084418960229947 0.0 0.25096734653093916 0.35 0.10692265733895608 0.0 
0.0 0.0 0.18923423564833658 0.0 0.0 0.24079540987414613 0.0 0.11747956917982279 0.3491302372974882 0.10336054800020619 0.0 
0.0 0.0 0.1048716223933381 0.0 0.0 0.14637456189389014 0.0 0.3023065671520127 0.34071391437373855 0.10573333418702052 0.0 
0.0 0.0 0.1471210464454068 0.0 0.0 0.21233563216138332 0.0 0.18531625049323414 0.35 0.10522707089997577 0.0 
0.0 0.0 0.11178421065787228 0.0 0.0 0.10133526934739237 0.0 0.3365229700793397 0.3480397085767941 0.1023178413386016 0.0 
0.0 0.0 0.10696219944868976 0.0 0.0 0.1476736813558277 0.0 0.28878727184152747 0.35 0.10657684735395509 0.0 
0.0 0.1004334759466959 0.0 0.0 0.0 0.1995665240533042 0.0 0.35 0.35 0.0 0.0 
0.0 0.0 0.11178421065787228 0.0 0.0 0.10133526934739237 0.0 0.3365229700793397 0.3480397085767941 0.1023178413386016 0.0 
0.0 0.0 0.160213623633291 0.0 0.0 0.2321898806376539 0.0 0.14808544168091595 0.35 0.10951105404813916 0.0 
0.0 0.0 0.16619782175896375 0.0 0.0 0.22162169669138265 0.0 0.16149359283640335 0.3445915700153951 0.10609531869785523 0.0 
0.0 0.0 0.1472062195236033 0.0 0.0 0.20960910695277424 0.0 0.18677393366026587 0.35 0.10641073986335656 0.0 
0.0 0.0 0.12126580652780536 0.0 0.0 0.17084418960229947 0.0 0.25096734653093916 0.35 0.10692265733895608 0.0 
0.0 0.0 0.138427011341167 0.0 0.0 0.17055790292728132 0.0 0.2377024894456011 0.34919504315126426 0.1041175531346864 0.0 
0.0 0.0 0.10335187846229862 0.0 0.0 0.1540696253907944 0.0 0.28730507623099605 0.35 0.10527341991591083 0.0 
0.0 0.0 0.15017803898823423 0.0 0.0 0.180307510371785 0.0 0.21376003622174347 0.35 0.10575441441823737 0.0 
0.0 0.1476292970859787 0.0 0.0 0.0 0.0 0.15237070291402133 0.35 0.35 0.0 0.0 
0.0 0.13866830279552458 0.0 0.0 0.0 0.16133169720447543 0.0 0.35 0.35 0.0 0.0 
0.0 0.0 0.11091251574214664 0.0 0.0 0.16883923283085325 0.0 0.26879362018647196 0.34708061682394326 0.10437401441658499 0.0 
