-0.011713528783177022 4.3029059305354806E-4 
-0.0073698923886915966 5.803228135900273E-5 
-0.0073698923886915966 5.803228135900273E-5 
-0.011713528783177022 4.3029059305354806E-4 
-0.010561054977106379 2.291830048339028E-4 
-0.007613517616647762 6.035522781795217E-5 
-0.00904072367989371 1.0923328207141396E-4 
-0.01046467045751284 2.1516554444526742E-4 
-0.007474912918568803 5.817594207978913E-5 
-0.009664732494958908 1.4533030776493349E-4 
-0.011641046048612044 4.080024121346461E-4 
-0.010737123999688509 2.494388929540716E-4 
-0.008501290844555675 8.629628059820339E-5 
-0.011514746758790745 3.9012406650529123E-4 
-0.011664239869977803 4.228090248740909E-4 
-0.008814721032668088 9.957430179528327E-5 
-0.009094085352235354 1.1262074246325813E-4 
-0.009911443465499558 1.6508519593417607E-4 
-0.011202089864975208 3.1980054505809265E-4 
-0.010830820166645714 2.612916007711046E-4 
-0.008926134561433426 1.0359888583364726E-4 
-0.011279717533093508 3.3671296959713535E-4 
-0.007849570629232262 6.573532137055774E-5 
-0.011053171712523662 2.956666621015241E-4 
-0.011663790799542502 4.1145256188737563E-4 
-0.011580853381259937 3.9689851681897284E-4 
-0.00984264928150574 1.6147598543408802E-4 
-0.008700594336037171 9.32988031229973E-5 
-0.009963993368664527 1.6900629709034205E-4 
-0.008442280401593017 8.361259136342749E-5 
-0.007712254075792688 6.335116150384145E-5 
-0.010012934264954794 1.726945496272233E-4 
-0.008597202882158013 8.999867935802333E-5 
-0.00937968205303638 1.283163449947531E-4 
-0.009595150286283615 1.4082522411222023E-4 
-0.009161555255032483 1.1737274758575712E-4 
-0.011382961950197418 3.524119789961379E-4 
-0.009260995854224121 1.2452088180585404E-4 
-0.009352212872610505 1.2732679671251438E-4 
-0.01115432447598786 3.1272814290603127E-4 
-0.011227425246689947 3.293757061698445E-4 
-0.011480170412750249 3.864509159526219E-4 
-0.010299002135253846 1.978929065410607E-4 
-0.01107989248788194 3.0031713240591553E-4 
-0.008908600513164023 1.028559164949484E-4 
-0.010783842588984459 2.55300982517214E-4 
-0.011467807799694247 3.67649266545758E-4 
-0.00820939093296072 7.735269935528123E-5 
-0.008277831345076592 8.015623126893069E-5 
-0.010212493443542815 1.929677702694833E-4 
-0.01019487535218885 1.8774446542836926E-4 
-0.00807529826823662 7.227157588279138E-5 
-0.01146868504672956 3.7879376607386666E-4 
-0.011305325474065498 3.4237300516604374E-4 
-0.00979707013555637 1.560787682435443E-4 
-0.009737926241043107 1.5040417524831828E-4 
-0.008610670918019809 9.168837554725517E-5 
-0.010692461898754812 2.429631891847351E-4 
-0.009172761576261672 1.2041676267642398E-4 
-0.01111931809258271 3.068178004877804E-4 
-0.011580853381259937 3.9689851681897284E-4 
-0.010131950069638178 1.8692721705485123E-4 
-0.010967133388850192 2.8151803810777233E-4 
-0.010877169886268669 2.6870008004599406E-4 
-0.011249135971419043 3.2969011840708725E-4 
-0.009230997003728189 1.2346479828193897E-4 
-0.011010684603034412 2.881303256230648E-4 
-0.01026207179491049 1.9494938978119444E-4 
-0.008137605691260884 7.571566928957159E-5 
-0.009463359204768595 1.325429000013371E-4 
-0.011448385600763122 3.6754035200381886E-4 
-0.011015528531988155 2.889268153976554E-4 
-0.011168339765568058 3.1653947034126817E-4 
-0.011416136655872738 3.607693773155055E-4 
-0.010390708465970244 2.0698920648714618E-4 
-0.01012651057693088 1.8167186572678502E-4 
-0.00974247435325143 1.5086915920735998E-4 
-0.00950136648791599 1.35358262841486E-4 
-0.008010796650854092 7.028871427764466E-5 
-0.008372134584008357 8.156338337501356E-5 
-0.010929381326676481 2.760141728050342E-4 
-0.010795679276280981 2.5787411875466957E-4 
-0.007916791947023988 6.741041852348348E-5 
-0.01110834803410532 3.0465234056618884E-4 
-0.011416136655872738 3.607693773155055E-4 
-0.010094223823971626 1.793803783487018E-4 
-0.009524457581553566 1.3776671338067617E-4 
-0.009815274337827183 1.5685843935718416E-4 
-0.01005706706214393 1.7600882218776802E-4 
-0.010601415013347087 2.3110123611462516E-4 
-0.00956496661795808 1.392738655823605E-4 
-0.011345312357301168 3.476265009136001E-4 
-0.00811957878199673 7.362177996908332E-5 
-0.01096106262099197 2.804515314575634E-4 
-0.010369618083046997 2.0479723352162939E-4 
-0.011334829418428075 3.4425329973467657E-4 
-0.008261656762992595 7.806616962633387E-5 
-0.011470162423540438 3.800839206577613E-4 
-0.007988828941963599 6.939468934526894E-5 
-0.010892661270641844 2.729685438573005E-4 
