0.0 0.30000000000000016 0.0 0.0 0.0 0.0 0.0 0.35 0.35 0.0 0.0 
0.0 0.23404721679035642 0.0 0.0 0.2134975276382594 0.10287586237869596 0.0 0.34795368149922135 0.10162571169346683 0.0 0.0 
0.0 0.30000000000000016 0.0 0.0 0.0 0.0 0.0 0.35 0.35 0.0 0.0 
0.0 0.21174535071556436 0.0 0.0 0.0 0.10113920584131145 0.0 0.35 0.33711544344312433 0.0 0.0 
0.0 0.2420254842667165 0.0 0.0 0.10076826262167664 0.10414742750319275 0.0 0.35 0.20305882560841407 0.0 0.0 
0.0 0.3066843880484476 0.0 0.0 0.0 0.0 0.0 0.35 0.34331561195155247 0.0 0.0 
0.0 0.268196773900157 0.0 0.0 0.0 0.13978007540573145 0.0 0.35 0.24202315069411148 0.0 0.0 
0.0 0.26064731479229875 0.0 0.0 0.0 0.10094892454035605 0.0 0.35 0.28840376066734513 0.0 0.0 
0.0 0.2559331756582377 0.0 0.0 0.0 0.17852445264169928 0.0 0.35 0.215542371700063 0.0 0.0 
0.0 0.25523945915018265 0.0 0.0 0.0 0.11762196419868558 0.0 0.35 0.2771385766511318 0.0 0.0 
0.0 0.20832954199758588 0.0 0.0 0.0 0.10884208799930196 0.0 0.35 0.33282837000311216 0.0 0.0 
0.0 0.2450798637153538 0.0 0.0 0.19971006961305937 0.10631170076978529 0.0 0.34802878365515016 0.10086958224665142 0.0 0.0 
0.0 0.2654648676956704 0.0 0.0 0.11231609825304034 0.1034187894677567 0.0 0.35 0.16880024458353263 0.0 0.0 
0.0 0.21678055680014788 0.0 0.0 0.0 0.14491652228693427 0.11877607094808085 0.35 0.16952684996483694 0.0 0.0 
0.0 0.22003423856420073 0.0 0.0 0.0 0.15121126867529291 0.10100077576353765 0.35 0.17775371699696876 0.0 0.0 
0.0 0.23899473540529614 0.0 0.0 0.0 0.15517679573728105 0.0 0.35 0.25582846885742283 0.0 0.0 
0.0 0.21125959979906808 0.0 0.0 0.0 0.11185378652568505 0.0 0.35 0.32688661367524685 0.0 0.0 
0.0 0.2408616104862794 0.0 0.0 0.0 0.11126861539442752 0.0 0.349529382025374 0.2983403920939191 0.0 0.0 
0.0 0.2134879034621378 0.0 0.0 0.0 0.11688332806480442 0.11753024003449589 0.35 0.202098528438562 0.0 0.0 
0.10035189701550369 0.2252250806095676 0.0 0.0 0.0 0.0 0.0 0.35 0.32442302237492876 0.0 0.0 
0.0 0.24585156397642363 0.0 0.0 0.0 0.10423414447155359 0.0 0.35 0.2999142915520228 0.0 0.0 
0.0 0.2596112013505356 0.0 0.0 0.0 0.1837581092395751 0.0 0.35 0.20663068940988938 0.0 0.0 
0.0 0.24680484686140144 0.0 0.0 0.10315352068604998 0.11862604910277419 0.0 0.35 0.1814155833497744 0.0 0.0 
0.10031656253713513 0.20504762039851063 0.0 0.0 0.0 0.0 0.0 0.35 0.3446358170643542 0.0 0.0 
0.0 0.25760917289407564 0.0 0.0 0.13574327493026717 0.12188153641794483 0.0 0.35 0.13476601575771238 0.0 0.0 
0.0 0.213719356499274 0.0 0.0 0.0 0.15571898991540012 0.12244950146115939 0.35 0.15811215212416638 0.0 0.0 
0.0 0.23090109122529814 0.0 0.0 0.20269532549940508 0.10559029033747853 0.0 0.35 0.11081329293781834 0.0 0.0 
0.0 0.27147173401156216 0.0 0.0 0.0 0.1442676036147158 0.0 0.35 0.23426066237372198 0.0 0.0 
0.11398855348560874 0.19361922005018486 0.0 0.0 0.0 0.0 0.0 0.35 0.3423922264642065 0.0 0.0 
0.0 0.21309138238794997 0.0 0.0 0.0 0.13048905392730323 0.1150357253061369 0.35 0.19138383837860984 0.0 0.0 
0.10092067530857632 0.21218049102034964 0.0 0.0 0.0 0.0 0.0 0.35 0.33689883367107415 0.0 0.0 
0.0 0.21108152747605632 0.0 0.0 0.0 0.15462092504645705 0.11736401727669853 0.34620045876418687 0.1707330714366013 0.0 0.0 
0.0 0.2624919173570906 0.0 0.0 0.0 0.1857381397800081 0.0 0.35 0.20176994286290145 0.0 0.0 
0.0 0.2454565550407477 0.0 0.0 0.0 0.17279976888534357 0.0 0.35 0.2317436760739087 0.0 0.0 
0.0 0.24583608728454978 0.0 0.0 0.10947151048109643 0.1031207583992785 0.0 0.35 0.19157164383507524 0.0 0.0 
0.0 0.266269677520832 0.0 0.0 0.16637553107385972 0.10880178546585828 0.0 0.34947805036878776 0.10907495557066214 0.0 0.0 
0.0 0.23120935342067347 0.0 0.0 0.0 0.14535041489074127 0.0 0.35 0.2734402316885853 0.0 0.0 
0.0 0.25495584638743723 0.0 0.0 0.1428274831620147 0.10717312494034806 0.0 0.35 0.14504354551020007 0.0 0.0 
0.0 0.25567718719174926 0.0 0.0 0.0 0.2161736081838268 0.0 0.35 0.178149204624424 0.0 0.0 
0.0 0.2113364977342516 0.0 0.0 0.0 0.10833366832510413 0.0 0.35 0.33032983394064436 0.0 0.0 
0.0 0.2553212525012314 0.0 0.0 0.12623883700835317 0.10283157647981787 0.0 0.35 0.16560833401059757 0.0 0.0 
0.0 0.2593868429425567 0.0 0.0 0.0 0.1070046907607507 0.0 0.35 0.2836084662966927 0.0 0.0 
0.0 0.22528450535082994 0.0 0.0 0.0 0.13411670648612006 0.0 0.35 0.29059878816305007 0.0 0.0 
0.10201606121543924 0.22106465205166936 0.0 0.0 0.0 0.0 0.0 0.35 0.3269192867328914 0.0 0.0 
0.0 0.24661549684122605 0.0 0.0 0.13996007328071933 0.10829186753299674 0.0 0.35 0.1551325623450579 0.0 0.0 
0.0 0.20308962341389233 0.0 0.0 0.0 0.0 0.10348138081007831 0.35 0.3434289957760294 0.0 0.0 
0.0 0.24902178861659788 0.0 0.0 0.10058953662898679 0.10514904696480726 0.0 0.3483290501954549 0.1969105775941531 0.0 0.0 
0.0 0.21246037450451144 0.0 0.0 0.0 0.14695507147769263 0.10118481435907746 0.35 0.1893997396587185 0.0 0.0 
0.14215426627471575 0.17520212357766793 0.0 0.0 0.0 0.0 0.0 0.35 0.3326436101476163 0.0 0.0 
0.0 0.1999368335762282 0.0 0.0 0.0 0.0 0.11553246490069155 0.35 0.3345307015230803 0.0 0.0 
0.0 0.24274145190029825 0.0 0.0 0.18298587892424917 0.10958666522061536 0.0 0.35 0.1146860039548372 0.0 0.0 
0.0 0.25401800933974894 0.0 0.0 0.14183666564725686 0.1207105302765636 0.0 0.35 0.13343479473643052 0.0 0.0 
0.0 0.254883863023717 0.0 0.0 0.1652421722418136 0.11018015887513394 0.0 0.35 0.11969380585933558 0.0 0.0 
0.0 0.19549555747107336 0.0 0.0 0.0 0.10450444252892685 0.0 0.35 0.35 0.0 0.0 
0.0 0.1830699606773965 0.0 0.0 0.0 0.0 0.11693003932260357 0.35 0.35 0.0 0.0 
0.0 0.2487111526012307 0.0 0.0 0.0 0.14469519678427098 0.0 0.35 0.25659365061449824 0.0 0.0 
0.0 0.2642826195714335 0.0 0.0 0.12433281593463671 0.1240081887088467 0.0 0.3493023274150464 0.13807404837003667 0.0 0.0 
0.0 0.19752324350554465 0.0 0.0 0.0 0.0 0.10256221727681768 0.35 0.3499145392176377 0.0 0.0 
0.0 0.2479184541914883 0.0 0.0 0.10764905981044767 0.10691538630762393 0.0 0.35 0.18751709969044011 0.0 0.0 
0.0 0.23690518540551364 0.0 0.0 0.19654048361434592 0.10409783272969482 0.0 0.34985371309397534 0.11260278515647022 0.0 0.0 
0.0 0.2361569391694093 0.0 0.0 0.18797543972858421 0.11285201389431765 0.0 0.35 0.11301560720768886 0.0 0.0 
0.0 0.21582767105794257 0.0 0.0 0.1268795856804742 0.13536155744334946 0.0 0.35 0.17193118581823388 0.0 0.0 
0.0 0.20268446640198723 0.0 0.0 0.0 0.12966653016464477 0.11850027795571842 0.35 0.19914872547764953 0.0 0.0 
0.0 0.20021571143285566 0.0 0.0 0.0 0.10265461050409591 0.0 0.35 0.34712967806304845 0.0 0.0 
0.0 0.26582611745406515 0.0 0.0 0.10416468929494083 0.12077279286410597 0.0 0.35 0.15923640038688816 0.0 0.0 
0.0 0.20056536025875266 0.0 0.0 0.0 0.1253048183797637 0.0 0.35 0.32412982136148366 0.0 0.0 
0.0 0.26178821498675664 0.0 0.0 0.0 0.11682600759744405 0.0 0.35 0.2713857774157993 0.0 0.0 
0.0 0.2569991475093494 0.0 0.0 0.0 0.1625696439735929 0.0 0.3471935466352828 0.2332376618817749 0.0 0.0 
0.0 0.2546745290224759 0.0 0.0 0.14423024291801817 0.12049308079778276 0.0 0.3468931682595017 0.13370897900222148 0.0 0.0 
0.0 0.2999999999999999 0.0 0.0 0.0 0.0 0.0 0.35 0.35 0.0 0.0 
0.0 0.24684613607809347 0.0 0.0 0.17870235513282273 0.10735681239261165 0.0 0.35 0.11709469639647217 0.0 0.0 
0.0 0.24942639235316325 0.0 0.0 0.16352517846621498 0.10885891106467535 0.0 0.35 0.12818951811594642 0.0 0.0 
0.0 0.26295685863472507 0.0 0.0 0.0 0.12852509571911105 0.0 0.35 0.258518045646164 0.0 0.0 
0.0 0.24942639235316325 0.0 0.0 0.16352517846621498 0.10885891106467535 0.0 0.35 0.12818951811594642 0.0 0.0 
0.0 0.2480222538420243 0.0 0.0 0.0 0.13669350900583455 0.0 0.35 0.265284237152141 0.0 0.0 
0.10001211140728918 0.19998788859271077 0.0 0.0 0.0 0.0 0.0 0.35 0.35 0.0 0.0 
0.0 0.24377023483752594 0.0 0.0 0.0 0.1786921312112637 0.0 0.35 0.22753763395121038 0.0 0.0 
0.0 0.2597031205878638 0.0 0.0 0.12296357499085238 0.11263557219268958 0.0 0.35 0.15469773222859415 0.0 0.0 
0.0 0.23472049107684342 0.0 0.0 0.0 0.1030050099252752 0.0 0.35 0.31227449899788146 0.0 0.0 
0.0 0.2546745290224759 0.0 0.0 0.14423024291801817 0.12049308079778276 0.0 0.3468931682595017 0.13370897900222148 0.0 0.0 
0.0 0.2533451612198045 0.0 0.0 0.0 0.1614127620269561 0.0 0.35 0.23524207675323944 0.0 0.0 
0.0 0.19893532967588512 0.0 0.0 0.0 0.10609894983537528 0.0 0.35 0.3449657204887396 0.0 0.0 
0.0 0.2065959198581568 0.0 0.0 0.0 0.14030268384801356 0.10023397966541028 0.35 0.20286741662841937 0.0 0.0 
0.0 0.23813908041774462 0.0 0.0 0.0 0.13727805755516037 0.0 0.35 0.274582862027095 0.0 0.0 
0.0 0.25499765687619635 0.0 0.0 0.10021777189726108 0.10417529242491266 0.0 0.35 0.19060927880162984 0.0 0.0 
0.1000220096588216 0.1999888525364854 0.0 0.0 0.0 0.0 0.0 0.34999456890234654 0.34999456890234654 0.0 0.0 
0.0 0.2537329240504607 0.0 0.0 0.0 0.13786343895861955 0.0 0.35 0.25840363699091967 0.0 0.0 
0.0 0.22084450703556735 0.0 0.0 0.0 0.10751321730323345 0.0 0.35 0.3216422756611993 0.0 0.0 
0.0 0.25063436498391656 0.0 0.0 0.0 0.1788059546862003 0.0 0.35 0.22055968032988318 0.0 0.0 
0.0 0.2454778334225459 0.0 0.0 0.0 0.16459872091888716 0.0 0.35 0.23992344565856685 0.0 0.0 
0.0 0.23168347111941942 0.0 0.0 0.12757504077868753 0.1290531825021817 0.0 0.35 0.16168830559971123 0.0 0.0 
0.0 0.25318473836676764 0.0 0.0 0.164140623301472 0.10944566818423476 0.0 0.34766680548985185 0.1255621646576736 0.0 0.0 
0.0 0.22845905172652642 0.0 0.0 0.0 0.11358705754014321 0.0 0.35 0.30795389073333046 0.0 0.0 
0.10569883778394025 0.20982836694668736 0.0 0.0 0.0 0.0 0.0 0.35 0.33447279526937235 0.0 0.0 
0.0 0.2141884768886319 0.0 0.0 0.0 0.15386576780830613 0.12271828178477194 0.35 0.15922747351829 0.0 0.0 
0.0 0.26210632313977744 0.0 0.0 0.1063266306120686 0.10870813339512887 0.0 0.35 0.1728589128530251 0.0 0.0 
0.0 0.26210632313977744 0.0 0.0 0.1063266306120686 0.10870813339512887 0.0 0.35 0.1728589128530251 0.0 0.0 
0.0 0.19617929954396776 0.0 0.0 0.0 0.0 0.10382070045603227 0.35 0.35 0.0 0.0 
0.0 0.24404119980598377 0.0 0.0 0.0 0.1457640972590575 0.0 0.35 0.26019470293495883 0.0 0.0 
0.0 0.2403428559563008 0.0 0.0 0.12020523992290133 0.13680614868275026 0.0 0.35 0.15264575543804765 0.0 0.0 
