0.0 0.30000000000000016 0.0 0.0 0.0 0.0 0.0 0.35 0.35 0.0 0.0 
0.0 0.2075426656111108 0.0 0.10789128031030058 0.23532071050138495 0.0 0.0 0.34848394578116043 0.10076139779604325 0.0 0.0 
0.0 0.30000000000000016 0.0 0.0 0.0 0.0 0.0 0.35 0.35 0.0 0.0 
0.0 0.21500762911281135 0.0 0.0 0.0 0.10401879683906605 0.0 0.34980365025984717 0.3311699237882755 0.0 0.0 
0.0 0.166049962011688 0.0 0.0 0.0 0.0 0.13395003798831218 0.35 0.35 0.0 0.0 
0.11070392712996156 0.2146759758889615 0.0 0.0 0.0 0.0 0.0 0.35 0.324620096981077 0.0 0.0 
0.0 0.206205410419818 0.0 0.0 0.0 0.0 0.12705258971764047 0.35 0.3167419998625415 0.0 0.0 
0.0 0.20576289608076054 0.0 0.0 0.0 0.0 0.10725950422898153 0.35 0.336977599690258 0.0 0.0 
0.0 0.21110627702677517 0.0 0.0 0.0 0.10166495534277313 0.0 0.35 0.33722876763045173 0.0 0.0 
0.0 0.21267397345852213 0.0 0.1107043973719007 0.20364123721551394 0.0 0.0 0.35 0.12298039195406314 0.0 0.0 
0.0 0.19957591671479222 0.0 0.10638940135204818 0.17366629992695476 0.0 0.0 0.35 0.1703683820062049 0.0 0.0 
0.0 0.24675662934167528 0.0 0.0 0.1517637358402722 0.11959529484842188 0.0 0.3458497022380381 0.13603463773159252 0.0 0.0 
0.0 0.2188672826761626 0.0 0.10371457719320705 0.19762086860147735 0.0 0.0 0.35 0.129797271529153 0.0 0.0 
0.0 0.2083120318495073 0.0 0.10320349779231705 0.0 0.11865888452921883 0.0 0.35 0.21982558582895678 0.0 0.0 
0.0 0.24509748667139292 0.0 0.0 0.0 0.17250711809924893 0.0 0.35 0.23239539522935815 0.0 0.0 
0.0 0.30665443100860246 0.0 0.0 0.0 0.0 0.0 0.35 0.3433455689913975 0.0 0.0 
0.0 0.23894559760614315 0.0 0.0 0.0 0.1839975704429251 0.0 0.35 0.2270568319509317 0.0 0.0 
0.0 0.2518964480678362 0.0 0.0 0.14101374726951596 0.11916627730585455 0.0 0.35 0.1379235273567934 0.0 0.0 
0.0 0.2602818840714148 0.0 0.0 0.0 0.18183979321107666 0.0 0.35 0.20787832271750853 0.0 0.0 
0.0 0.25410552695794103 0.0 0.0 0.0 0.12137200502421296 0.0 0.35 0.27452246801784613 0.0 0.0 
0.0 0.26627375778035156 0.0 0.0 0.0 0.1416969280041688 0.0 0.35 0.2420293142154797 0.0 0.0 
0.0 0.19720272019876595 0.0 0.0 0.0 0.0 0.10279727980123411 0.35 0.35 0.0 0.0 
0.0 0.24955720093779574 0.0 0.0 0.1365810062233905 0.1323288675683252 0.0 0.35 0.13153292527048843 0.0 0.0 
0.0 0.2145329162971946 0.0 0.10396444582210287 0.17436255248204274 0.0 0.0 0.35 0.1571400853986598 0.0 0.0 
0.0 0.2535914287389301 0.0 0.0 0.0 0.1265959237574177 0.0 0.35 0.2698126475036523 0.0 0.0 
0.0 0.20093586837061495 0.0 0.1184068232245075 0.0 0.111933116364879 0.0 0.35 0.2187241920399986 0.0 0.0 
0.0 0.21225559962751445 0.0 0.10143701957241431 0.0 0.14152769351685374 0.0 0.35 0.19477968728321748 0.0 0.0 
0.0 0.21178169372257805 0.0 0.0 0.0 0.11521138053724035 0.0 0.35 0.32300692574018164 0.0 0.0 
0.0 0.2037819114794441 0.0 0.0 0.0 0.14167735137504417 0.0 0.35 0.3045407371455117 0.0 0.0 
0.0 0.27948530762407886 0.0 0.0 0.0 0.13828376877520956 0.0 0.35 0.23223092360071165 0.0 0.0 
0.0 0.18495209038609814 0.0 0.10933776630636498 0.0 0.13783612989480848 0.0 0.35 0.21787401341272844 0.0 0.0 
0.0 0.19557744481504277 0.0 0.10020275610894883 0.22923621275299444 0.0 0.0 0.35 0.12498358632301403 0.0 0.0 
0.0 0.2581600315123598 0.0 0.0 0.1045144692727098 0.11789708801609741 0.0 0.35 0.16942841119883312 0.0 0.0 
0.0 0.2521529262172287 0.0 0.0 0.0 0.14707488210545888 0.0 0.35 0.25077219167731235 0.0 0.0 
0.0 0.25059715623424994 0.0 0.0 0.11330654062944884 0.13452821952771407 0.0 0.35 0.15156808360858715 0.0 0.0 
0.0 0.23485572132298094 0.0 0.0 0.0 0.20733307492489753 0.0 0.35 0.2078112037521216 0.0 0.0 
0.0 0.20462497084550932 0.0 0.10987777876043192 0.2300426034267549 0.0 0.0 0.35 0.10545464696730387 0.0 0.0 
0.0 0.20920115003630235 0.0 0.1097583091791829 0.21052831432165978 0.0 0.0 0.35 0.12051222646285509 0.0 0.0 
0.0 0.21584065731785876 0.0 0.0 0.0 0.12262643955682308 0.0 0.34958804901879104 0.31194485410652706 0.0 0.0 
0.12959009366169072 0.1883922339240681 0.0 0.0 0.0 0.0 0.0 0.349988887637639 0.33202878477660214 0.0 0.0 
0.0 0.2704279960107516 0.0 0.0 0.12850236032750373 0.1090702858985806 0.0 0.35 0.14199935776316416 0.0 0.0 
0.0 0.26158481094949027 0.0 0.0 0.10722604091634845 0.12264866283935828 0.0 0.35 0.15854048529480297 0.0 0.0 
0.0 0.21911977869766866 0.0 0.0 0.10632710642265446 0.12513397933776868 0.0 0.35 0.1994191355419082 0.0 0.0 
0.0 0.22038865430959903 0.0 0.10958207508305948 0.18446861582540547 0.0 0.0 0.35 0.13556065478193607 0.0 0.0 
0.0 0.24367498592260275 0.0 0.0 0.17135439545588968 0.12737103860218704 0.0 0.35 0.10759958001932049 0.0 0.0 
0.0 0.20461541064976013 0.0 0.10021119569685992 0.20292340472249804 0.0 0.0 0.34664975293533246 0.1456002359955495 0.0 0.0 
0.0 0.24238528985990887 0.0 0.0 0.0 0.12657783614653353 0.0 0.35 0.2810368739935576 0.0 0.0 
0.0 0.22653437091159986 0.0 0.0 0.0 0.1276101541467598 0.0 0.35 0.29585547494164033 0.0 0.0 
0.0 0.2557535237460164 0.0 0.0 0.10688748562082702 0.10196819990235663 0.0 0.3499071165680968 0.18548367416270303 0.0 0.0 
0.0 0.21935098834412 0.0 0.11706586149981645 0.0 0.11432826427933905 0.0 0.35 0.19925488587672457 0.0 0.0 
0.0 0.25151091831676814 0.0 0.0 0.10309665886353599 0.11792534019495135 0.0 0.35 0.1774670826247447 0.0 0.0 
0.0 0.2149731642294972 0.0 0.11661024566714294 0.0 0.11435479354758991 0.0 0.3496101378221611 0.20445165873360888 0.0 0.0 
0.0 0.21416045803983416 0.0 0.0 0.0 0.13031125635149574 0.0 0.35 0.3055282856086702 0.0 0.0 
0.0 0.2106173872320396 0.0 0.11327767068834055 0.0 0.134262644197624 0.0 0.35 0.1918422978819959 0.0 0.0 
0.0 0.24514197315269604 0.0 0.0 0.0 0.14846351423741588 0.0 0.35 0.25639451260988805 0.0 0.0 
0.11894311850485716 0.1840160580329945 0.0 0.0 0.0 0.0 0.0 0.35 0.3470408234621484 0.0 0.0 
0.0 0.2093703066440566 0.0 0.10944257036771451 0.0 0.1432047290659275 0.0 0.35 0.18798239392230148 0.0 0.0 
0.0 0.2509445788894525 0.0 0.0 0.11284637274553622 0.12667364381658838 0.0 0.35 0.1595354045484229 0.0 0.0 
0.0 0.20260926522742953 0.0 0.10876499687649915 0.22343042626051385 0.0 0.0 0.34617612868238423 0.11901918295317318 0.0 0.0 
0.0 0.18752652107576326 0.0 0.0 0.0 0.13895516473452665 0.0 0.35 0.32351831418971017 0.0 0.0 
0.0 0.18182315550471737 0.0 0.10873401051327372 0.0 0.11805078318733704 0.0 0.35 0.24139205079467185 0.0 0.0 
0.0 0.26697671103588083 0.0 0.0 0.0 0.12515150570282912 0.0 0.35 0.25787178326129007 0.0 0.0 
0.0 0.24566434308990043 0.0 0.0 0.0 0.16324931982116872 0.0 0.35 0.24108633708893082 0.0 0.0 
0.0 0.22952564817502064 0.0 0.0 0.0 0.18041288242033388 0.0 0.35 0.24006146940464543 0.0 0.0 
0.10250814205112177 0.2040714160504113 0.0 0.0 0.0 0.0 0.0 0.35 0.34342044189846704 0.0 0.0 
0.0 0.215618762339983 0.0 0.0 0.0 0.1150607726731851 0.0 0.35 0.3193204649868319 0.0 0.0 
0.0 0.2552868433596506 0.0 0.0 0.12252196470327797 0.11321495362195422 0.0 0.35 0.15897623831511729 0.0 0.0 
0.10009199042056119 0.19990800957943874 0.0 0.0 0.0 0.0 0.0 0.35 0.35 0.0 0.0 
0.0 0.30208951757208624 0.0 0.0 0.0 0.0 0.0 0.35 0.3479104824279137 0.0 0.0 
0.0 0.2047414184136684 0.0 0.10410961887789218 0.0 0.15713461357313208 0.0 0.3473757627718405 0.18663858636346686 0.0 0.0 
0.0 0.29037564945072347 0.0 0.0 0.0 0.1607358318085067 0.0 0.35 0.1988885187407699 0.0 0.0 
0.0 0.2524298608817727 0.0 0.0 0.11114158616771594 0.11849085446166624 0.0 0.35 0.16793769848884513 0.0 0.0 
0.0 0.2064688182136699 0.0 0.1083563073445334 0.0 0.1538461099023533 0.0 0.34526287444552783 0.1860658900939155 0.0 0.0 
0.0 0.2084718215430573 0.0 0.1085035988951243 0.22320629984025822 0.0 0.0 0.3444524210839344 0.11536585863762569 0.0 0.0 
0.0 0.17627718937090373 0.0 0.0 0.0 0.0 0.13500072218510212 0.35 0.33872208844399415 0.0 0.0 
0.0 0.24768147982261024 0.0 0.0 0.0 0.16463710523778008 0.0 0.35 0.23768141493960973 0.0 0.0 
0.0 0.26597902431306913 0.0 0.0 0.0 0.12208538438647858 0.0 0.35 0.2619355913004523 0.0 0.0 
0.0 0.23221250292629658 0.0 0.0 0.0 0.13060617063934304 0.0 0.35 0.28718132643436034 0.0 0.0 
0.1348128769982977 0.17904755791807545 0.0 0.0 0.0 0.0 0.0 0.35 0.3361395650836269 0.0 0.0 
0.10284293242875926 0.2068849132056274 0.0 0.0 0.0 0.0 0.0 0.34901729258433434 0.3412548617812791 0.0 0.0 
0.0 0.2143423305498778 0.0 0.0 0.0 0.12090082553036519 0.0 0.35 0.31475684391975706 0.0 0.0 
0.0 0.25440879225081503 0.0 0.0 0.0 0.17627312064531286 0.0 0.35 0.2193180871038721 0.0 0.0 
0.0 0.26288087608859634 0.0 0.0 0.0 0.18886624020756648 0.0 0.35 0.19825288370383723 0.0 0.0 
0.0 0.21005785872573207 0.0 0.10585367885770898 0.1804415544155743 0.0 0.0 0.35 0.1536469080009847 0.0 0.0 
0.0 0.21080372599585534 0.0 0.10043789091117508 0.0 0.10957255665175265 0.0 0.35 0.22918582644121696 0.0 0.0 
0.0 0.256558876914778 0.0 0.0 0.1038662518782143 0.12336804773356093 0.0 0.3478292375242184 0.16837758594922822 0.0 0.0 
0.0 0.25012315741818975 0.0 0.0 0.13667154266035225 0.11693619422207321 0.0 0.35 0.14626910569938487 0.0 0.0 
0.0 0.277032055931394 0.0 0.0 0.0 0.12077826281977476 0.0 0.35 0.2521896812488313 0.0 0.0 
0.0 0.19720272019876595 0.0 0.0 0.0 0.0 0.10279727980123411 0.35 0.35 0.0 0.0 
0.10431193914336492 0.20766238374835375 0.0 0.0 0.0 0.0 0.0 0.35 0.33802567710828146 0.0 0.0 
0.0 0.2589083526327281 0.0 0.0 0.1009015950036529 0.1121013152547503 0.0 0.35 0.17808873710886874 0.0 0.0 
0.0 0.2405031298599817 0.0 0.0 0.0 0.10758503778543645 0.0 0.35 0.3019118323545819 0.0 0.0 
0.0 0.25747885066943743 0.0 0.0 0.1261424979737356 0.12795119738744815 0.0 0.35 0.1384274539693788 0.0 0.0 
0.0 0.24665439887799975 0.0 0.0 0.1612225493812349 0.12892840371751432 0.0 0.35 0.11319464802325108 0.0 0.0 
0.0 0.2268634962769281 0.0 0.0 0.0 0.1589320195319518 0.0 0.35 0.2642044841911202 0.0 0.0 
0.0 0.2195485909141249 0.0 0.0 0.0 0.15336910553168126 0.0 0.35 0.2770823035541938 0.0 0.0 
0.0 0.2224344774182818 0.0 0.0 0.0 0.1330286327888321 0.0 0.35 0.29453688979288617 0.0 0.0 
0.1350481062651273 0.18219570552738454 0.0 0.0 0.0 0.0 0.0 0.35 0.3327561882074883 0.0 0.0 
0.0 0.17627718937090373 0.0 0.0 0.0 0.0 0.13500072218510212 0.35 0.33872208844399415 0.0 0.0 
0.0 0.2090875158612964 0.0 0.10185500743874686 0.0 0.11323715943121952 0.0 0.35 0.2258203172687373 0.0 0.0 
