0.0 0.30000000000000016 0.0 0.0 0.0 0.0 0.0 0.35 0.35 0.0 0.0 
0.20169961118051924 0.0 0.0 0.2385886425427285 0.194183656203218 0.0 0.0 0.1819182682423052 0.1836098218312291 0.0 0.0 
0.20169961118051924 0.0 0.0 0.2385886425427285 0.194183656203218 0.0 0.0 0.1819182682423052 0.1836098218312291 0.0 0.0 
0.0 0.30000000000000016 0.0 0.0 0.0 0.0 0.0 0.35 0.35 0.0 0.0 
0.1184405024068443 0.18776477877220116 0.0 0.0 0.0 0.0 0.0 0.34735894601571327 0.3464357728052411 0.0 0.0 
0.0 0.33559291692667637 0.0 0.0 0.0 0.0 0.0 0.34999708852193173 0.31440999455139196 0.0 0.0 
0.14131458222648338 0.3250398863797566 0.0 0.0 0.0 0.0 0.0 0.347638564714899 0.18600696667886096 0.0 0.0 
0.15920599584160655 0.30623491745918 0.0 0.0 0.0 0.0 0.0 0.3339097574597667 0.20064932923944664 0.0 0.0 
0.1414376181317972 0.20193853056964042 0.0 0.12191633585846944 0.0 0.0 0.0 0.34903592397673955 0.1856715914633534 0.0 0.0 
0.15383644780614725 0.2006581368168725 0.0 0.1529523845424166 0.0 0.0 0.0 0.3426505876557416 0.14990244317882215 0.0 0.0 
0.1764411312534247 0.0 0.0 0.2407539244593223 0.16858110529217593 0.0 0.0 0.24703162642526083 0.16719221256981617 0.0 0.0 
0.12888268738493766 0.1141648395646328 0.0 0.11237385011111206 0.10732393985611025 0.0 0.0 0.35 0.1872546830832072 0.0 0.0 
0.1000213823523048 0.19997861764769534 0.0 0.0 0.0 0.0 0.0 0.35 0.35 0.0 0.0 
0.13745801240476999 0.2348718642132772 0.0 0.1143683953618054 0.0 0.0 0.0 0.3489270094373999 0.16437471858274746 0.0 0.0 
0.19503868142412922 0.0 0.0 0.23477767079801368 0.1839020185094187 0.0 0.0 0.22186874868174122 0.16441288058669715 0.0 0.0 
0.14583204113786422 0.10821286638242697 0.0 0.15366205343464573 0.11929559088359659 0.0 0.0 0.33047822841605357 0.1425192197454129 0.0 0.0 
0.10437540083040009 0.2575815827054085 0.0 0.0 0.0 0.0 0.0 0.35 0.2880430164641914 0.0 0.0 
0.152981253519133 0.10861181473117738 0.0 0.1893692956996612 0.10322618334248562 0.0 0.0 0.30504834981156753 0.14076310289597516 0.0 0.0 
0.15762535757521492 0.10934706226700645 0.0 0.18690712093113485 0.10215855257091404 0.0 0.0 0.3240479107635314 0.1199139958921984 0.0 0.0 
0.14788713847635762 0.1273444806571989 0.0 0.13753414928478594 0.10353590916063457 0.0 0.0 0.3469234023047896 0.13677492011623343 0.0 0.0 
0.13975464318512484 0.13206518838434397 0.0 0.11483563513978481 0.1082369634292014 0.0 0.0 0.34164480295770105 0.16346276690384393 0.0 0.0 
0.10088674844417451 0.19941124945008223 0.0 0.0 0.0 0.0 0.0 0.35 0.34970200210574337 0.0 0.0 
0.16788594265567183 0.10160200713822527 0.0 0.15807240809091463 0.10242924097242169 0.0 0.0 0.3382689886307983 0.1317414125119682 0.0 0.0 
0.15897952685668923 0.10319453628692382 0.0 0.2159646521877944 0.13559159255058176 0.0 0.0 0.2435972370236374 0.14267245509437346 0.0 0.0 
0.13858403955423618 0.1983261642669179 0.0 0.1197354421866961 0.0 0.0 0.0 0.35 0.19335435399214987 0.0 0.0 
0.1272226953326048 0.21384820975691377 0.0 0.10694669126378394 0.0 0.0 0.0 0.35 0.20198240364669753 0.0 0.0 
0.11939962405673724 0.21152356784609855 0.0 0.10063320948144013 0.0 0.0 0.0 0.3466176293292438 0.22182596928648032 0.0 0.0 
0.0 0.31886356233170127 0.0 0.0 0.0 0.0 0.0 0.34608554378049344 0.33505089388780523 0.0 0.0 
0.12822952541358065 0.2531517425340811 0.0 0.0 0.0 0.0 0.0 0.35 0.2686187320523382 0.0 0.0 
0.0 0.32988036077988325 0.0 0.0 0.0 0.0 0.0 0.35 0.3201196392201169 0.0 0.0 
0.13832889268692045 0.10572143969940756 0.0 0.17228384767717614 0.10719900832491505 0.0 0.0 0.34669969573821435 0.1297671158733664 0.0 0.0 
0.1407492632235294 0.23013930953837258 0.0 0.0 0.0 0.0 0.0 0.35 0.279111427238098 0.0 0.0 
0.16565640820713598 0.10892165881639217 0.0 0.17859195001016923 0.1490501479221895 0.0 0.0 0.25797859992024436 0.13980123512386883 0.0 0.0 
0.16645791638476798 0.10699658894041073 0.0 0.17727234104631232 0.15443249829510416 0.0 0.0 0.25607240609169485 0.13876824924170997 0.0 0.0 
0.16403320884521091 0.18638871345095623 0.0 0.17201933807020342 0.0 0.0 0.0 0.3407497797613949 0.13680895987223454 0.0 0.0 
0.12056475171423793 0.20373912370484007 0.0 0.1017055289481748 0.0 0.0 0.0 0.35 0.22399059563274723 0.0 0.0 
0.1832499948474706 0.2427942660151321 0.0 0.0 0.0 0.0 0.0 0.35 0.22395573913739739 0.0 0.0 
0.19406770024167122 0.0 0.0 0.23695442688633697 0.16777421672932463 0.0 0.0 0.23326041931499647 0.16794323682767076 0.0 0.0 
0.16348890160250343 0.10994396210597643 0.0 0.1698698425388015 0.15237049011155843 0.0 0.0 0.26678134915324764 0.1375454544879127 0.0 0.0 
0.1508430473586613 0.130082320947601 0.0 0.12553463204418053 0.10120367034393643 0.0 0.0 0.35 0.14233632930562073 0.0 0.0 
0.11857582073301434 0.25174444960514697 0.0 0.0 0.0 0.0 0.0 0.35 0.27967972966183885 0.0 0.0 
0.12207361225994166 0.22799779500205658 0.0 0.15790382231920924 0.0 0.0 0.0 0.35 0.14202477041879258 0.0 0.0 
0.20510658253928796 0.0 0.0 0.2469066996239183 0.1652310910138005 0.0 0.0 0.23808798528407918 0.144667641538914 0.0 0.0 
0.10520941657775316 0.21120953881377513 0.0 0.0 0.0 0.0 0.0 0.35 0.33358104460847166 0.0 0.0 
0.10674190840354629 0.2222359167942111 0.0 0.0 0.0 0.0 0.0 0.35 0.32102217480224265 0.0 0.0 
0.11965681066052487 0.2274173511741139 0.0 0.0 0.0 0.0 0.0 0.35 0.30292583816536134 0.0 0.0 
0.15530910773803566 0.10665825737669478 0.0 0.1542486033484067 0.11758176510546436 0.0 0.0 0.325730508045369 0.14047175838602946 0.0 0.0 
0.15288520549521137 0.10497028391457655 0.0 0.16822775916057658 0.11509260154608458 0.0 0.0 0.32057549738884755 0.1382486524947034 0.0 0.0 
0.15414484992888697 0.10469642173683436 0.0 0.18688916061985017 0.12769340429906778 0.0 0.0 0.29588977832597363 0.13068638508938718 0.0 0.0 
0.1306944324118698 0.13719788117576923 0.0 0.11768470475822014 0.10539744957297675 0.0 0.0 0.35 0.15902553208116407 0.0 0.0 
0.11991908131297145 0.21665424057570723 0.0 0.10080708424142437 0.0 0.0 0.0 0.34150540289096787 0.22111419097892923 0.0 0.0 
0.10130018278502644 0.23450362359498905 0.0 0.0 0.0 0.0 0.0 0.35 0.3141961936199845 0.0 0.0 
0.12751572398329714 0.13361644335071476 0.0 0.11485910038124336 0.10724516602894396 0.0 0.0 0.35 0.16676356625580072 0.0 0.0 
0.15598150568016023 0.11074189815227804 0.0 0.1934515241753564 0.10525064433050563 0.0 0.0 0.3110309257787953 0.12354350188290421 0.0 0.0 
0.13301502073622906 0.12707126753294817 0.0 0.10923806552022547 0.10432500497080326 0.0 0.0 0.34558830399279206 0.180762337247002 0.0 0.0 
0.20494454044686125 0.0 0.0 0.24191745851123875 0.17732930846540393 0.0 0.0 0.20222873812105896 0.17357995445543703 0.0 0.0 
0.18572372204193188 0.0 0.0 0.23354314492865164 0.18986526680077453 0.0 0.0 0.20967367013150665 0.18119419609713522 0.0 0.0 
0.16083348692502641 0.18275291277191938 0.0 0.16866383432438417 0.0 0.0 0.0 0.3341029272900186 0.1536468386886512 0.0 0.0 
0.14899513915758322 0.10229938213186512 0.0 0.1639473113510881 0.11216414386089348 0.0 0.0 0.3124186587528174 0.1601753647457528 0.0 0.0 
0.14013175429353197 0.2703806701271624 0.0 0.0 0.0 0.0 0.0 0.35 0.23948757557930567 0.0 0.0 
0.1621635992768614 0.25905743028368905 0.0 0.0 0.0 0.0 0.0 0.35 0.2287789704394494 0.0 0.0 
0.12612103470208866 0.2147219703630203 0.0 0.1139886508599674 0.0 0.0 0.0 0.35 0.19516834407492364 0.0 0.0 
0.12897381228071825 0.18552953349493523 0.0 0.0 0.0 0.0 0.0 0.35 0.3354966542243465 0.0 0.0 
0.15037771152295593 0.10571564125504318 0.0 0.17987281646216463 0.12457089939861622 0.0 0.0 0.26299097131878874 0.17647196004243138 0.0 0.0 
0.0 0.3166045658587758 0.0 0.0 0.0 0.0 0.0 0.35 0.3333954341412243 0.0 0.0 
0.16113553314402973 0.10459401251793787 0.0 0.21889346420004754 0.12926349211443203 0.0 0.0 0.24150618555291456 0.1446073124706384 0.0 0.0 
0.15375428184565634 0.19836412780626245 0.0 0.16386491350053836 0.0 0.0 0.0 0.34359696388048194 0.14041971296706093 0.0 0.0 
0.1654033766138127 0.11283855884024095 0.0 0.1937406557382519 0.11384435695897645 0.0 0.0 0.27612858341247914 0.13804446843623888 0.0 0.0 
0.13576725291963665 0.3192433942341294 0.0 0.0 0.0 0.0 0.0 0.34629355260268346 0.19869580024355052 0.0 0.0 
0.16318253781925418 0.19268742751152065 0.0 0.13927790647850186 0.0 0.0 0.0 0.35 0.15485212819072328 0.0 0.0 
0.1986607500570287 0.0 0.0 0.23550510708451455 0.19167401373689225 0.0 0.0 0.1853258952884403 0.1888342338331242 0.0 0.0 
0.15084490867035902 0.10431089979996551 0.0 0.14851779936392576 0.11348889968143737 0.0 0.0 0.3499660044981378 0.13287148798617457 0.0 0.0 
0.13912903771281193 0.246291557159921 0.0 0.0 0.0 0.0 0.0 0.35 0.26457940512726713 0.0 0.0 
0.1420246620843749 0.2731241319933993 0.0 0.0 0.0 0.0 0.0 0.35 0.2348512059222259 0.0 0.0 
0.1307896006286456 0.3155243464958627 0.0 0.0 0.0 0.0 0.0 0.35 0.2036860528754917 0.0 0.0 
0.19868791156915275 0.0 0.0 0.2412353966572015 0.1814100808446668 0.0 0.0 0.18359053051097707 0.1950760804180019 0.0 0.0 
0.0 0.3092354883173302 0.0 0.0 0.0 0.0 0.0 0.349577391970369 0.3411871197123008 0.0 0.0 
0.15084490867035902 0.10431089979996551 0.0 0.14851779936392576 0.11348889968143737 0.0 0.0 0.3499660044981378 0.13287148798617457 0.0 0.0 
0.14648435596960663 0.2717053753011904 0.0 0.0 0.0 0.0 0.0 0.348179008908567 0.23363125982063593 0.0 0.0 
0.1587832478607503 0.10266761496487271 0.0 0.19243504108375767 0.13174420323608743 0.0 0.0 0.2691810609000264 0.14518883195450555 0.0 0.0 
0.13577687515829084 0.19783028012524326 0.0 0.14397384589713416 0.0 0.0 0.0 0.34918659501019345 0.1732324038091384 0.0 0.0 
0.18014698130716938 0.0 0.0 0.24833028677253804 0.17212186868260124 0.0 0.0 0.2522201114432457 0.1471807517944456 0.0 0.0 
0.1532130699907976 0.22007828189118753 0.0 0.12425385029567118 0.0 0.0 0.0 0.35 0.15245479782234375 0.0 0.0 
0.1265125708245217 0.2028609984229768 0.0 0.10897029716028668 0.0 0.0 0.0 0.348046389622706 0.21360974396950888 0.0 0.0 
0.13131366103722594 0.31306868017949924 0.0 0.0 0.0 0.0 0.0 0.3443921368690807 0.2112255219141941 0.0 0.0 
0.11886062120459075 0.22078024039697675 0.0 0.0 0.0 0.0 0.0 0.3479995777886348 0.31235956060979775 0.0 0.0 
0.15350778748709945 0.10160961763724823 0.0 0.15933654751284276 0.1430681629522437 0.0 0.0 0.313329678077374 0.12914820633319182 0.0 0.0 
0.13074290728863863 0.25951616903280483 0.0 0.0 0.0 0.0 0.0 0.35 0.25974092367855656 0.0 0.0 
0.11048514988749648 0.2550669149489485 0.0 0.0 0.0 0.0 0.0 0.35 0.284447935163555 0.0 0.0 
0.1354493206355379 0.3182100731508605 0.0 0.0 0.0 0.0 0.0 0.3469671232419851 0.19937348297161658 0.0 0.0 
0.12080989267477427 0.24352677659564903 0.0 0.0 0.0 0.0 0.0 0.35 0.2856633307295768 0.0 0.0 
0.15368408265961006 0.10042502914031211 0.0 0.189907291571288 0.12789768807024932 0.0 0.0 0.3068495461558306 0.12123636240270981 0.0 0.0 
0.17041689495503967 0.0 0.0 0.25165831235571057 0.17621659355362837 0.0 0.0 0.25822034820109985 0.14348785093452165 0.0 0.0 
0.14803858785377344 0.2524748204595509 0.0 0.0 0.0 0.0 0.0 0.34798742292489326 0.25149916876178235 0.0 0.0 
0.15553188412856017 0.22340907234851884 0.0 0.12613437905705127 0.0 0.0 0.0 0.3401625286299908 0.1547621358358789 0.0 0.0 
0.0 0.30909711188351996 0.0 0.0 0.0 0.0 0.0 0.3498684425268833 0.34103444558959684 0.0 0.0 
0.17265707958994084 0.19349004953290513 0.0 0.12105508311414158 0.0 0.0 0.0 0.35 0.16279778776301243 0.0 0.0 
0.10382272672979603 0.24754288276300432 0.0 0.0 0.0 0.0 0.0 0.35 0.2986343905071996 0.0 0.0 
0.13647002496598723 0.25829296678503066 0.0 0.0 0.0 0.0 0.0 0.35 0.2552370082489821 0.0 0.0 
0.12581461816120107 0.21420029399423202 0.0 0.11550174133043728 0.0 0.0 0.0 0.34928972726776986 0.19519361924635967 0.0 0.0 
