0.0 0.0 0.0 0.27857180898620026 0.0 0.0 0.0 0.35 0.0 0.0 0.10514025143896069 
0.29999969467066423 0.0 0.0 0.0 0.0 0.0 0.0 0.35 0.35 0.0 0.0 
0.0 0.0 0.0 0.20033398449507647 0.0 0.0 0.0 0.35 0.14213948072361657 0.0 0.10264654617959802 
0.0 0.0 0.0 0.18181937183900776 0.0 0.0 0.0 0.35 0.10334296107090701 0.0 0.0 
0.0 0.0 0.0 0.13497119095176605 0.0 0.0 0.0 0.35 0.0 0.0 0.10687271728486736 
0.0 0.0 0.0 0.27752471471619644 0.0 0.0 0.0 0.35 0.1029279208734867 0.0 0.11573754048432001 
0.0 0.0 0.0 0.22256665431381728 0.0 0.0 0.0 0.35 0.11024607903548693 0.0 0.11503688394129727 
0.0 0.0 0.0 0.15884260385395796 0.0 0.0 0.0 0.35 0.0 0.0 0.11593973192828773 
0.0 0.0 0.0 0.2301812166585557 0.0 0.0 0.0 0.35 0.10080707067715482 0.0 0.12420189895527664 
0.15136629676840022 0.0 0.0 0.0 0.0 0.0 0.0 0.35 0.32122499572980284 0.0 0.0 
0.0 0.0 0.0 0.198935532228632 0.0 0.0 0.0 0.35 0.11012362258092792 0.0 0.10662234975162475 
0.11094306224365519 0.0 0.0 0.12970087538850633 0.0 0.0 0.0 0.35 0.1995544618383159 0.0 0.0 
0.14595720302013168 0.0 0.0 0.11590536897737991 0.0 0.0 0.0 0.35 0.2358034612018448 0.0 0.0 
0.10670913630594489 0.0 0.0 0.11507185582510017 0.0 0.0 0.0 0.35 0.220399143045712 0.0 0.0 
0.11818178203028615 0.0 0.0 0.11523432994127918 0.0 0.0 0.0 0.35 0.2249781787579586 0.0 0.0 
0.0 0.0 0.0 0.1476749439413938 0.0 0.0 0.0 0.35 0.10603333024481199 0.0 0.0 
0.10245244643251042 0.0 0.0 0.11364223312725091 0.0 0.0 0.0 0.35 0.21491755520408162 0.0 0.0 
0.10279662585291685 0.0 0.0 0.0 0.0 0.0 0.0 0.35 0.335724323558898 0.0 0.0 
0.11011483180808346 0.0 0.0 0.12889786673397122 0.0 0.0 0.0 0.35 0.24154521285834835 0.0 0.0 
0.101772041850178 0.0 0.0 0.0 0.0 0.0 0.0 0.35 0.27044296340886753 0.0 0.0 
0.10317156000208028 0.0 0.0 0.0 0.0 0.0 0.0 0.35 0.26409000040406216 0.0 0.0 
0.11145753080810776 0.0 0.0 0.12306565270760207 0.0 0.0 0.0 0.35 0.2339938263636272 0.0 0.0 
0.0 0.0 0.0 0.1918800731814574 0.0 0.0 0.0 0.35 0.0 0.0 0.10573383525163295 
0.27136860314557504 0.0 0.0 0.0 0.0 0.0 0.0 0.35 0.35 0.0 0.0 
0.11478124889746485 0.0 0.0 0.0 0.0 0.0 0.0 0.35 0.3074531624594783 0.0 0.0 
0.11956506432221257 0.0 0.0 0.0 0.0 0.0 0.0 0.35 0.32145706530515866 0.0 0.0 
0.11057707804572145 0.0 0.0 0.0 0.0 0.0 0.0 0.35 0.338533616613524 0.0 0.0 
0.0 0.0 0.0 0.1786175153136762 0.0 0.0 0.0 0.35 0.12011487037141425 0.0 0.0 
0.10182156692542572 0.0 0.0 0.12691875170043587 0.0 0.0 0.0 0.35 0.20741455054110286 0.0 0.0 
0.1165166744824958 0.0 0.0 0.10002591173046044 0.0 0.0 0.0 0.35 0.20119512394257022 0.0 0.0 
0.12887504826391175 0.0 0.0 0.0 0.0 0.0 0.0 0.35 0.33999330669038574 0.0 0.0 
0.28394744265630595 0.0 0.0 0.0 0.0 0.0 0.0 0.35 0.35 0.0 0.0 
0.0 0.0 0.0 0.13299714362664602 0.0 0.0 0.0 0.35 0.2049545213244201 0.0 0.0 
0.0 0.0 0.0 0.10642466561165931 0.0 0.0 0.0 0.35 0.10761320787407219 0.0 0.0 
0.0 0.0 0.0 0.11607518223909594 0.0 0.0 0.0 0.35 0.16900233437081102 0.0 0.0 
0.11393372697001358 0.0 0.0 0.13169814063895963 0.0 0.0 0.0 0.35 0.25350821071238805 0.0 0.0 
0.0 0.0 0.0 0.14152280226762323 0.0 0.0 0.0 0.35 0.0 0.0 0.0 
0.0 0.0 0.0 0.11332888256276834 0.0 0.0 0.0 0.35 0.12709486694150585 0.0 0.0 
0.0 0.0 0.0 0.11283508249306577 0.0 0.0 0.0 0.35 0.18849082774334924 0.0 0.0 
0.0 0.0 0.0 0.0 0.0 0.0 0.0 0.35 0.24019686353145617 0.0 0.0 
0.11140087278138104 0.0 0.0 0.11710672334273385 0.0 0.0 0.0 0.35 0.2605682268366848 0.0 0.0 
0.0 0.0 0.0 0.1167657807049046 0.0 0.0 0.0 0.35 0.1839401651194 0.0 0.0 
0.0 0.0 0.0 0.23530610007344513 0.0 0.0 0.0 0.35 0.0 0.0 0.10073360039984489 
0.14928657442406737 0.0 0.0 0.0 0.0 0.0 0.0 0.35 0.30574878437272424 0.0 0.0 
0.24817753651782049 0.0 0.0 0.0 0.0 0.0 0.0 0.35 0.35 0.0 0.0 
0.0 0.0 0.0 0.1275763598952745 0.0 0.0 0.0 0.35 0.15491755807199495 0.0 0.0 
0.0 0.0 0.0 0.24985275425927628 0.0 0.0 0.0 0.35 0.0 0.0 0.10549382556956999 
0.0 0.0 0.0 0.13831987089232628 0.0 0.0 0.0 0.35 0.16840365906821542 0.0 0.0 
0.12465831090612581 0.0 0.0 0.0 0.0 0.0 0.0 0.35 0.2834460890641071 0.0 0.0 
0.12009961605012881 0.0 0.0 0.0 0.0 0.0 0.0 0.35 0.25561557635771176 0.0 0.0 
0.10385179950514149 0.0 0.0 0.15477515598590247 0.0 0.0 0.0 0.35 0.15423581723890062 0.0 0.0 
0.10250213992617052 0.0 0.0 0.0 0.0 0.0 0.0 0.35 0.23319018225776061 0.0 0.0 
0.16598436301750738 0.0 0.0 0.0 0.0 0.0 0.0 0.35 0.28812907015526107 0.0 0.0 
0.0 0.0 0.0 0.2102104956852768 0.0 0.0 0.0 0.35 0.0 0.0 0.10299075934144569 
0.0 0.0 0.0 0.10565204442108009 0.0 0.0 0.0 0.35 0.17150190995208217 0.0 0.0 
0.1489090863044803 0.0 0.0 0.0 0.0 0.0 0.0 0.35 0.26417657910179904 0.0 0.0 
0.0 0.0 0.0 0.11398278392409443 0.0 0.0 0.0 0.35 0.17806309338233703 0.0 0.0 
0.15207710966383933 0.0 0.0 0.0 0.0 0.0 0.0 0.35 0.2873990839882907 0.0 0.0 
0.14220485220367213 0.0 0.0 0.0 0.0 0.0 0.0 0.35 0.2978215924055526 0.0 0.0 
0.11002219584548496 0.0 0.0 0.0 0.0 0.0 0.0 0.35 0.28249282165977435 0.0 0.0 
0.10972621138289695 0.0 0.0 0.0 0.0 0.0 0.0 0.35 0.29082678220375696 0.0 0.0 
0.12021569013487912 0.0 0.0 0.0 0.0 0.0 0.0 0.35 0.2514824411582121 0.0 0.0 
0.1005178047564882 0.0 0.0 0.0 0.0 0.0 0.0 0.35 0.32192375640695325 0.0 0.0 
0.0 0.0 0.0 0.12816763026717684 0.0 0.0 0.0 0.35 0.14764880378135817 0.0 0.0 
0.1060012008371882 0.0 0.0 0.0 0.0 0.0 0.0 0.35 0.3170187685447572 0.0 0.0 
0.141008680137154 0.0 0.0 0.0 0.0 0.0 0.0 0.35 0.23795499246732574 0.0 0.0 
0.10863880852044547 0.0 0.0 0.0 0.0 0.0 0.0 0.35 0.25017863888918124 0.0 0.0 
0.0 0.0 0.0 0.13129034823998748 0.0 0.0 0.0 0.35 0.14067660462004672 0.0 0.0 
0.0 0.0 0.0 0.14567053189916568 0.0 0.0 0.0 0.35 0.12983704301564677 0.0 0.0 
0.0 0.0 0.0 0.1039230826929705 0.0 0.0 0.0 0.35 0.191274702692381 0.0 0.0 
0.0 0.0 0.0 0.17665864812011575 0.0 0.0 0.0 0.35 0.10337712702716781 0.0 0.0 
0.0 0.0 0.0 0.16712014516268878 0.0 0.0 0.0 0.35 0.0 0.0 0.0 
0.0 0.0 0.0 0.122642886256103 0.0 0.0 0.0 0.35 0.0 0.0 0.0 
0.12340120366158172 0.0 0.0 0.10666042567969113 0.0 0.0 0.0 0.35 0.26869940044320095 0.0 0.0 
0.0 0.0 0.0 0.19272159630109142 0.0 0.0 0.0 0.35 0.0 0.0 0.0 
0.20374038279966447 0.0 0.0 0.0 0.0 0.0 0.0 0.35 0.35 0.0 0.0 
0.10384773457313143 0.0 0.0 0.0 0.0 0.0 0.0 0.35 0.21758728319308468 0.0 0.0 
0.0 0.0 0.0 0.12924752280928697 0.0 0.0 0.0 0.35 0.12160224892402406 0.0 0.0 
0.21504723275703733 0.0 0.0 0.0 0.0 0.0 0.0 0.35 0.35 0.0 0.0 
0.10865240666625241 0.0 0.0 0.0 0.0 0.0 0.0 0.35 0.24222441189241403 0.0 0.0 
0.12833838754870736 0.0 0.0 0.0 0.0 0.0 0.0 0.35 0.29012098629855254 0.0 0.0 
0.19517090459721584 0.0 0.0 0.0 0.0 0.0 0.0 0.35 0.35 0.0 0.0 
0.13361787584914067 0.0 0.0 0.13694867630988525 0.0 0.0 0.0 0.35 0.1839216581189972 0.0 0.0 
0.10104913321172136 0.0 0.0 0.0 0.0 0.0 0.0 0.35 0.2805367882632075 0.0 0.0 
0.0 0.0 0.0 0.12496809488103035 0.0 0.0 0.0 0.35 0.13687798046763902 0.0 0.0 
0.0 0.0 0.0 0.16078336186734374 0.0 0.0 0.0 0.35 0.12392580973206326 0.0 0.10060919903539796 
0.2643454177192595 0.0 0.0 0.0 0.0 0.0 0.0 0.35 0.3479635754463917 0.0 0.0 
0.1198446282946406 0.0 0.0 0.0 0.0 0.0 0.0 0.35 0.23673790557545998 0.0 0.0 
0.2265094452907757 0.0 0.0 0.0 0.0 0.0 0.0 0.35 0.35 0.0 0.0 
0.0 0.0 0.0 0.1114637053299566 0.0 0.0 0.0 0.35 0.14508583115522847 0.0 0.0 
0.11187383562411703 0.0 0.0 0.0 0.0 0.0 0.0 0.35 0.35 0.0 0.0 
0.261487125155821 0.0 0.0 0.0 0.0 0.0 0.0 0.35 0.35 0.0 0.0 
0.14282479731912168 0.0 0.0 0.0 0.0 0.0 0.0 0.35 0.34117826851715033 0.0 0.0 
0.11708775065303244 0.0 0.0 0.0 0.0 0.0 0.0 0.35 0.2752049282772873 0.0 0.0 
0.10284762996063995 0.0 0.0 0.0 0.0 0.0 0.0 0.35 0.21510066082345455 0.0 0.0 
0.2382837511409979 0.0 0.0 0.0 0.0 0.0 0.0 0.35 0.35 0.0 0.0 
0.236574148592228 0.0 0.0 0.0 0.0 0.0 0.0 0.35 0.35 0.0 0.0 
0.2920368161500814 0.0 0.0 0.0 0.0 0.0 0.0 0.35 0.35 0.0 0.0 
0.2218748847434826 0.0 0.0 0.0 0.0 0.0 0.0 0.35 0.35 0.0 0.0 
0.1683312035082679 0.0 0.0 0.0 0.0 0.0 0.0 0.35 0.35 0.0 0.0 
