0.0 0.0 0.17392510746592438 0.0 0.0 0.0 0.0 0.14607614573819175 0.0 0.0 0.13148167729916635 
0.0 0.29999985236355664 0.0 0.0 0.0 0.0 0.0 0.35 0.35 0.0 0.0 
0.15092174289841256 0.0 0.30009352541338435 0.0 0.0 0.0 0.0 0.2875912867057132 0.0 0.0 0.0 
0.1047906493044815 0.19548855321666317 0.0 0.0 0.0 0.0 0.0 0.3498603987394277 0.3498603987394277 0.0 0.0 
0.0 0.17759713690263046 0.0 0.0 0.0 0.0 0.10246505637315867 0.35 0.35 0.0 0.0 
0.0 0.26511506877836605 0.0 0.0 0.0 0.0 0.0 0.35 0.35 0.0 0.0 
0.0 0.20033087283521478 0.0 0.0 0.0 0.0 0.10219690493329558 0.35 0.34747222221157587 0.0 0.0 
0.17864020353188598 0.0 0.2648033554193251 0.0 0.0 0.0 0.0 0.2958926384089582 0.0 0.0 0.0 
0.13092017661370015 0.11385812454650308 0.0 0.0 0.0 0.0 0.0 0.3498784162353734 0.30273140366726303 0.10261187893716035 0.0 
0.13336359586243993 0.16592105421599682 0.0 0.0 0.0 0.0 0.0 0.35 0.35 0.0 0.0 
0.15829631303980196 0.0 0.2820293820665229 0.0 0.0 0.0 0.0 0.33289480393577564 0.0 0.0 0.0 
0.16873841827118777 0.0 0.22638061585863234 0.0 0.0 0.0 0.0 0.3138615033186816 0.0 0.0 0.0 
0.19986547334362045 0.14218966815857573 0.0 0.0 0.0 0.0 0.0 0.35 0.30753548304445144 0.0 0.0 
0.19594225688386394 0.10760011868726752 0.0 0.0 0.0 0.0 0.0 0.35 0.23673996431502672 0.10482581263203099 0.0 
0.18775983410538602 0.0 0.12150540418310146 0.0 0.0 0.0 0.0 0.34958997778001505 0.23521567532980697 0.10497122329388135 0.0 
0.19134691555390523 0.1050497497757178 0.0 0.0 0.0 0.0 0.0 0.35 0.2481364752187594 0.1046129151261206 0.0 
0.1894299462766719 0.0 0.1292202924312085 0.0 0.0 0.0 0.0 0.35 0.22543442218568877 0.10542780044001555 0.0 
0.16450618225907143 0.1604237223710294 0.0 0.0 0.0 0.0 0.0 0.35 0.32138647982385704 0.0 0.0 
0.21035402202443457 0.11020358290755543 0.0 0.0 0.0 0.0 0.0 0.35 0.2037787280667088 0.11702179267460737 0.0 
0.0 0.28303710694715256 0.0 0.0 0.0 0.0 0.0 0.35 0.35 0.0 0.0 
0.12052484413180786 0.17798055274086114 0.0 0.0 0.0 0.0 0.0 0.35 0.35 0.0 0.0 
0.207521849920965 0.11220195181125803 0.0 0.0 0.0 0.0 0.0 0.35 0.21517530838998913 0.10753320706679916 0.0 
0.1099183662440246 0.1129970503743008 0.0 0.0 0.0 0.0 0.0 0.35 0.3246303821789434 0.10244950745961783 0.0 
0.10006986673947968 0.11743961829076648 0.0 0.0 0.0 0.0 0.0 0.34953656979220793 0.32955662260511165 0.10339732257243424 0.0 
0.21483612755228237 0.1118309877273328 0.0 0.0 0.0 0.0 0.0 0.3451765075704124 0.22778944561468503 0.10036693153528728 0.0 
0.21602061579689105 0.0 0.2290023869679811 0.0 0.0 0.0 0.0 0.35 0.10289222201703024 0.10061405428519409 0.0 
0.1655073018146826 0.0 0.21457164920586133 0.0 0.0 0.0 0.0 0.29384149101101614 0.11959953683983168 0.0 0.0 
0.18691094650393128 0.0 0.139021425181362 0.0 0.0 0.0 0.0 0.35 0.21887035014949316 0.10519485067476132 0.0 
0.16430956476127037 0.15343528786109198 0.0 0.0 0.0 0.0 0.0 0.35 0.331256414398113 0.0 0.0 
0.12156491817232827 0.11228744732747617 0.0 0.0 0.0 0.0 0.0 0.3478358367638054 0.31240938144507885 0.1059024162913111 0.0 
0.20803233706536772 0.0 0.16556446793180174 0.0 0.0 0.0 0.0 0.35 0.15195804440361826 0.11842500306690625 0.0 
0.18461848910228212 0.0 0.10671028544335365 0.0 0.0 0.0 0.0 0.35 0.25153220576464297 0.10484858772783841 0.0 
0.15891749518850806 0.0 0.21742503943361605 0.0 0.0 0.0 0.0 0.35 0.10134515942646448 0.0 0.0 
0.13748983869075074 0.109820432284118 0.0 0.0 0.0 0.0 0.0 0.35 0.29478702035109444 0.10588047941682131 0.0 
0.19680212844987127 0.0 0.29361550674278003 0.0 0.0 0.0 0.0 0.3130081933746234 0.10466275065504554 0.0 0.0 
0.2367497381045221 0.10651977704192708 0.0 0.0 0.0 0.0 0.0 0.34665345248551943 0.19696695975630696 0.11311007261172445 0.0 
0.1433410833151573 0.1630622264498859 0.0 0.0 0.0 0.0 0.0 0.3478229142349154 0.3457737760000412 0.0 0.0 
0.16825415150361117 0.0 0.28382747132943525 0.0 0.0 0.0 0.0 0.35 0.0 0.0 0.0 
0.0 0.2784949591289807 0.0 0.0 0.0 0.0 0.0 0.35 0.35 0.0 0.0 
0.20366858272107186 0.0 0.22610278089913627 0.0 0.0 0.0 0.0 0.3497971505058024 0.11809894519281834 0.10233254068117108 0.0 
0.2021141288212397 0.0 0.16761770738719708 0.0 0.0 0.0 0.0 0.33474273324791004 0.18684897738129314 0.10867645316236002 0.0 
0.16616389338137091 0.0 0.18137347518039174 0.0 0.0 0.0 0.0 0.3169244952030505 0.12506666354681636 0.10012166377240099 0.0 
0.1496981339828901 0.0 0.2567888741240094 0.0 0.0 0.0 0.0 0.3130170068341505 0.10762729050564447 0.0 0.0 
0.19462635142095044 0.0 0.27848891730100467 0.0 0.0 0.0 0.0 0.35 0.0 0.0 0.0 
0.20754302413817985 0.0 0.30734760069105105 0.0 0.0 0.0 0.0 0.35 0.0 0.0 0.0 
0.1335752983653502 0.0 0.24748867546562162 0.0 0.0 0.0 0.0 0.35 0.0 0.0 0.0 
0.1862255989758683 0.0 0.2511174388499784 0.0 0.0 0.0 0.0 0.31775648025051817 0.0 0.0 0.0 
0.1795746411191891 0.1494639137850083 0.0 0.0 0.0 0.0 0.0 0.35 0.3188423314014942 0.0 0.0 
0.1649272489525632 0.1336869189696179 0.0 0.0 0.0 0.0 0.0 0.35 0.35 0.0 0.0 
0.16904686704186855 0.13163130443112853 0.0 0.0 0.0 0.0 0.0 0.35 0.3465168799941651 0.0 0.0 
0.2173373898349404 0.0 0.21582443274470361 0.0 0.0 0.0 0.0 0.3331069900753314 0.10655880834109509 0.10059931673939132 0.0 
0.0 0.19738310571224185 0.0 0.0 0.0 0.0 0.11521638635471472 0.34996670446304556 0.3374338034699978 0.0 0.0 
0.19544663589020148 0.0 0.1399377070520819 0.0 0.0 0.0 0.0 0.34719945217211395 0.21336770860023913 0.10404849628536374 0.0 
0.19120921629267043 0.11973806951219809 0.0 0.0 0.0 0.0 0.0 0.35 0.3240946017992912 0.0 0.0 
0.0 0.2910373118718972 0.0 0.0 0.0 0.0 0.0 0.35 0.35 0.0 0.0 
0.1854459902600395 0.0 0.11575223303661249 0.0 0.0 0.0 0.0 0.35 0.2427486582292272 0.1049462807901535 0.0 
0.14980581824985875 0.10487957684499324 0.0 0.0 0.0 0.0 0.0 0.35 0.2817996384752411 0.10566759918761107 0.0 
0.14035501585310506 0.1135763016540489 0.0 0.0 0.0 0.0 0.0 0.35 0.286293534049353 0.10355824660503535 0.0 
0.20566715021597332 0.0 0.22494218590465836 0.0 0.0 0.0 0.0 0.34704625966626224 0.10035865175677473 0.10078949492362563 0.0 
0.1746020740290363 0.10122731322092256 0.0 0.0 0.0 0.0 0.0 0.35 0.25979736823768734 0.10683073679409902 0.0 
0.1169487564731382 0.0 0.21946923796325365 0.0 0.0 0.0 0.0 0.31855138449349785 0.11383989266452033 0.0 0.0 
0.21533728693988202 0.0 0.1593454082482728 0.0 0.0 0.0 0.0 0.35 0.1470515734883325 0.10582903576085591 0.0 
0.16393964656881743 0.0 0.30459640099160773 0.0 0.0 0.0 0.0 0.286207850794103 0.0 0.0 0.0 
0.2277515254893563 0.0 0.11683004632999089 0.0 0.0 0.0 0.0 0.35 0.19534225963207613 0.10605387695651691 0.0 
0.1911991851253609 0.0 0.15563835585339408 0.0 0.0 0.0 0.0 0.35 0.1833006848005429 0.10067482098579318 0.0 
0.0 0.29666780518705727 0.0 0.0 0.0 0.0 0.0 0.35 0.35 0.0 0.0 
0.21702707218934061 0.0 0.20563004187618927 0.0 0.0 0.0 0.0 0.3025666711713526 0.11276416906575529 0.10531902868422315 0.0 
0.1881138452083071 0.0 0.19599627204391418 0.0 0.0 0.0 0.0 0.31606679642309377 0.1067772284252878 0.10768858479920274 0.0 
0.0 0.27241628240053994 0.0 0.0 0.0 0.0 0.0 0.35 0.35 0.0 0.0 
0.15140984594795032 0.1060025622416145 0.0 0.0 0.0 0.0 0.0 0.35 0.2848169740547749 0.10679902223825032 0.0 
0.2193060505605281 0.0 0.1968883288673584 0.0 0.0 0.0 0.0 0.34280911774125417 0.1382652041014475 0.10273129872941175 0.0 
0.17548612853431694 0.0 0.2736299855647246 0.0 0.0 0.0 0.0 0.3166257813276871 0.0 0.0 0.0 
0.214456859127832 0.0 0.19884646143141707 0.0 0.0 0.0 0.0 0.35 0.12215911224996584 0.10370427860635614 0.0 
0.19628339351990606 0.0 0.1597769604966315 0.0 0.0 0.0 0.0 0.35 0.18817486289799537 0.10335188140129495 0.0 
0.20373915043685328 0.0 0.19961759869391946 0.0 0.0 0.0 0.0 0.34880352067353987 0.1376469576328372 0.11019277256285027 0.0 
0.11890622106943857 0.11295068188262092 0.0 0.0 0.0 0.0 0.0 0.35 0.3145973344786192 0.10256795452667002 0.0 
0.1817992979247357 0.15518429656802463 0.0 0.0 0.0 0.0 0.0 0.35 0.31275996140211504 0.0 0.0 
0.18870720574428912 0.0 0.10587168458594481 0.0 0.0 0.0 0.0 0.35 0.2443146657262496 0.10567466668729981 0.0 
0.15908848315944626 0.10517300241475683 0.0 0.0 0.0 0.0 0.0 0.35 0.2673784875782133 0.1113237877255962 0.0 
0.1446302486734096 0.14703813779772523 0.0 0.0 0.0 0.0 0.0 0.35 0.35 0.0 0.0 
0.17123424919370359 0.0 0.19467436194076368 0.0 0.0 0.0 0.0 0.35 0.15069943389607787 0.10507874513143887 0.0 
0.18520472769058835 0.0 0.17643296829100302 0.0 0.0 0.0 0.0 0.35 0.17630292406997553 0.10888692086966396 0.0 
0.1924346163527003 0.0 0.14729902217330007 0.0 0.0 0.0 0.0 0.35 0.1979802075305519 0.10926166218834099 0.0 
0.14474714032382946 0.0 0.25495477282583956 0.0 0.0 0.0 0.0 0.35 0.0 0.0 0.0 
0.0 0.27016973801633537 0.0 0.0 0.0 0.0 0.0 0.35 0.35 0.0 0.0 
0.23837590506050443 0.1076636990107057 0.0 0.0 0.0 0.0 0.0 0.35 0.17935494050707446 0.1225851305061431 0.0 
0.11686469234372462 0.10626297644830278 0.0 0.0 0.0 0.0 0.0 0.34990284719379783 0.32376122431367327 0.10320825970050151 0.0 
0.16118257871710046 0.10873292748680122 0.0 0.0 0.0 0.0 0.0 0.3495536280295812 0.27337946548042064 0.10715140028609656 0.0 
0.10894756645410113 0.18773965088036 0.0 0.0 0.0 0.0 0.0 0.35 0.35 0.0 0.0 
0.0 0.20620168247137047 0.0 0.0 0.0 0.0 0.10144662140743946 0.3474304580532938 0.3449212380678963 0.0 0.0 
0.10768614064017958 0.1855659479733118 0.0 0.0 0.0 0.0 0.0 0.35 0.3498473797580312 0.0 0.0 
0.10006986673947968 0.11743961829076648 0.0 0.0 0.0 0.0 0.0 0.34953656979220793 0.32955662260511165 0.10339732257243424 0.0 
0.1759290200204052 0.10199662354121812 0.0 0.0 0.0 0.0 0.0 0.35 0.2617717839384645 0.1076426321781157 0.0 
0.22251975733490895 0.11534222949063776 0.0 0.0 0.0 0.0 0.0 0.35 0.1831165771984991 0.11146102534507367 0.0 
0.21895433849184087 0.0 0.2174301252899113 0.0 0.0 0.0 0.0 0.3355852424396187 0.10735158551652223 0.10134775643589454 0.0 
0.13670001364204018 0.1091895570928734 0.0 0.0 0.0 0.0 0.0 0.35 0.2930935848585142 0.10527223770522118 0.0 
0.0 0.29203997676644994 0.0 0.0 0.0 0.0 0.0 0.35 0.35 0.0 0.0 
0.1665019655467859 0.12536236040000207 0.0 0.0 0.0 0.0 0.0 0.34889161267749147 0.25523138795261685 0.10401267342310375 0.0 
0.11082331778021044 0.1132839115907104 0.0 0.0 0.0 0.0 0.0 0.35 0.3170776416321716 0.10486978485865216 0.0 
0.19476305397097887 0.0 0.15023969590615865 0.0 0.0 0.0 0.0 0.35 0.19158125395281736 0.1077553805498882 0.0 
