-0.01066835838195402 0.008605547393948892 
-0.01066835838195402 0.008605547393948892 
-7.951559458109487E-4 7.088900411585629E-5 
-0.0013864376434024601 8.107528251345014E-5 
-0.002811496137847762 8.120284993236005E-5 
-0.010655200299465723 0.007717539142165574 
-0.005255993603653364 1.5584036903674796E-4 
-0.010656689006710018 0.008565561081430145 
-0.004344905950606381 1.5544931770594214E-4 
-0.010628928771591741 0.006207838657328669 
-0.0106295771928453 0.006874120210055513 
-0.008610963477181583 0.0016236290104130675 
-0.010588259719525095 0.006099617615562626 
-9.459814041807634E-4 7.560337085908079E-5 
-0.010506484307667499 0.0058577887962205505 
-0.003061380291174718 8.80832427632124E-5 
-0.001260628001883042 7.792382437566694E-5 
-0.009784115620438023 0.004157348811741288 
-0.008482749670143102 0.0014408166407539895 
-0.006801063655463402 2.9972611932881023E-4 
-0.010445797671515482 0.005595251172864939 
-0.009111841645506751 0.0025319096454025527 
-0.0033914761677529366 9.374034840126531E-5 
-0.0101567311597545 0.00469822299200606 
-0.009420676640834735 0.0032449276857136095 
-0.010413886122434001 0.005492019894891926 
-0.0062714715617370916 2.594225293333675E-4 
-0.010452684846559125 0.005808695013567239 
-0.007267742381709741 5.315553652922979E-4 
-0.00929023913631459 0.0029515420890480187 
-0.008724777098714689 0.0018298864263724761 
-0.008971930392877456 0.002281450798974539 
-0.0036595700025272727 1.0828277929547891E-4 
-0.009150305172508868 0.0026194329254137162 
-0.008287018583056527 0.0012445757754670056 
-0.010295323952972463 0.005117619794865893 
-0.01065356739561879 0.007613477403512809 
-0.010214816497671218 0.004871600045684781 
-0.009203061871102605 0.0027510299636832347 
-0.010351089047595168 0.005291923052588776 
-0.006127371726637822 2.4973482178089945E-4 
-0.006887679295860772 3.362330195964204E-4 
-0.008124665086281894 0.0010341453053928317 
-0.007136311960678658 4.3219702288951173E-4 
-0.007774258471682442 7.2976941618791E-4 
-0.003951513851498176 1.2000846848581288E-4 
-0.003709315906292267 1.1745168394833053E-4 
-0.008812458848747647 0.001997985230330173 
-0.008891331879433952 0.0020940447310343773 
-0.008922927265011042 0.002164619345813746 
-0.009317048408386147 0.003099433500989139 
-0.010366269308410014 0.005346189449479154 
-0.009548775285977494 0.0035589742561123014 
-0.00647465621801154 2.669552984585274E-4 
-0.007498458907125604 5.600120934543935E-4 
-0.010645154043960638 0.007098795459396878 
-0.006525633088316051 2.9171957907446954E-4 
-0.010650594242715604 0.007427485169587515 
-0.009497252689580973 0.0034694243650412117 
-0.00583049553691296 2.03116070796788E-4 
-0.009610465635543058 0.0037201244090300485 
-0.009330226419559207 0.003173391421309135 
-0.010642144671476485 0.00692343647842626 
-0.007856214253428136 7.926663900142824E-4 
-0.009673934065441443 0.003863150998731753 
-0.010075697801956671 0.0044621239396044916 
-0.0059772672164787825 2.2557906635392374E-4 
-0.002816504035779727 8.131121067568178E-5 
-0.0040108479611088675 1.2528119242277575E-4 
-0.005457382799620417 1.845959151822436E-4 
-0.009579279566579333 0.0036522528812856347 
-0.008213114548552966 0.0011256067011617599 
-0.009033224261112999 0.0023718234485652573 
-0.007208173396048978 5.008617262646261E-4 
-0.0106479380148059 0.007265119686783294 
-0.008384871024689693 0.0013200575355240467 
-0.010089642029453245 0.004502272666007267 
-0.00965359427912052 0.0038238585972154107 
-0.009714042256120943 0.0040003173835532315 
-0.0032789101129327494 8.941387933631803E-5 
-0.01002814726700968 0.004328693629840773 
-0.009714042256120943 0.0040003173835532315 
-0.007678917408790431 6.741083094477257E-4 
-0.009991642849622695 0.004292616587744088 
-0.009439190613311454 0.0034003493521929814 
-0.008232231370650584 0.0011547614479537102 
-0.0041942643076698545 1.2887524212842744E-4 
-0.005648801024188526 1.9583871438955225E-4 
-0.007595834293254398 6.411344003374868E-4 
-0.007030503312877556 3.8027297309317523E-4 
-0.010646347890469525 0.007169637521610963 
-0.009970151068991975 0.004164690478554762 
-0.010112587641747306 0.00463226714172537 
-0.01064974129287427 0.007374956507486547 
-0.005653050286254625 1.9602372382716024E-4 
-0.009255763765816088 0.002843730554511117 
-0.005404385462425106 1.756870507005925E-4 
-0.009033224261112999 0.0023718234485652573 
-0.004301008956513596 1.522858549218834E-4 
-0.008065016973037433 9.757956873568202E-4 
