0.0 0.30000000000000004 0.0 0.0 0.0 0.0 0.0 0.3499999999999999 0.35 0.0 0.0 
0.0 0.3 0.0 0.0 0.0 0.0 0.0 0.3499999999999999 0.35 0.0 0.0 
0.2884259253673086 0.0 0.0 0.0 0.20533285755987626 0.2884259253673086 0.0 0.10132866443708412 0.11648662726842238 0.0 0.0 
0.10001109390953963 0.19998890609046066 0.0 0.0 0.0 0.0 0.0 0.35 0.35 0.0 0.0 
0.0 0.301007214132473 0.0 0.0 0.0 0.0 0.0 0.34899278586752686 0.35 0.0 0.0 
0.3494490125298445 0.0 0.0 0.0 0.10215567019585049 0.2293913409598443 0.0 0.10069738748353463 0.21830658883092607 0.0 0.0 
0.30000000000000016 0.0 0.0 0.0 0.0 0.0 0.0 0.3499999999999999 0.35 0.0 0.0 
0.3431332856630552 0.0 0.0 0.0 0.1069755669211448 0.27043867110360914 0.0 0.10022104186451708 0.17923143444767395 0.0 0.0 
0.33492328393881093 0.0 0.0 0.0 0.13673136645615408 0.28182201843511173 0.0 0.10153447316424291 0.1449888580056804 0.0 0.0 
0.19835285011654272 0.10257564000377256 0.0 0.0 0.0 0.0 0.0 0.34907150987968466 0.3499999999999999 0.0 0.0 
0.35 0.0 0.0 0.0 0.0 0.35 0.0 0.10001178988986678 0.19998821011013326 0.0 0.0 
0.3253069264146416 0.0 0.0 0.0 0.17372929828574463 0.27632869577121266 0.0 0.10165283469009448 0.12298224483830678 0.0 0.0 
0.3474394010178369 0.0 0.0 0.0 0.0 0.3002271720661056 0.0 0.10002133316894801 0.25231209374710933 0.0 0.0 
0.33653811093651054 0.0 0.0 0.0 0.0 0.23883913877865648 0.0 0.10133123876939237 0.32329151151544067 0.0 0.0 
0.28836869759848965 0.0 0.0 0.0 0.20529211662686753 0.28836869759848965 0.0 0.1015069734964045 0.11646351467974878 0.0 0.0 
0.35 0.0 0.0 0.0 0.0 0.24407388999512095 0.0 0.10034695656732744 0.3055791534375517 0.0 0.0 
0.3069422331240628 0.1119158303140428 0.0 0.0 0.0 0.0 0.0 0.2318733255496265 0.34926861101226786 0.0 0.0 
0.3326276796495139 0.0 0.0 0.0 0.0 0.2881213155331532 0.0 0.10059274331225136 0.27865826150508166 0.0 0.0 
0.11707284006684919 0.18335201320042746 0.0 0.0 0.0 0.0 0.0 0.35 0.3495751467327234 0.0 0.0 
0.34279456192412605 0.0 0.0 0.0 0.0 0.20629862953948805 0.0 0.10129781833848125 0.34960899019790453 0.0 0.0 
0.2974346763807463 0.10251897995079923 0.0 0.0 0.0 0.0 0.0 0.2502396743514504 0.3498066693170041 0.0 0.0 
0.3166633735860811 0.0 0.0 0.0 0.1711955456491917 0.2660201661176327 0.0 0.10000731417023352 0.1461136004768609 0.0 0.0 
0.3457440396981844 0.0 0.0 0.0 0.0 0.26956088157592706 0.0 0.10391489724759483 0.2807801814782938 0.0 0.0 
0.3372227903081361 0.0 0.0 0.0 0.14013730259081755 0.2787787072301554 0.0 0.10043803293013387 0.14342316694075707 0.0 0.0 
0.3489606249334286 0.0 0.0 0.0 0.0 0.18047712853296738 0.0 0.12283515812042196 0.3477270884131822 0.0 0.0 
0.35 0.0 0.0 0.0 0.0 0.3259927815734444 0.0 0.1041012867665315 0.21990593166002406 0.0 0.0 
0.342144073052792 0.0 0.0 0.0 0.10695677748347912 0.2528978338897253 0.0 0.10020343880736021 0.19779787676664334 0.0 0.0 
0.35 0.11448605731927693 0.0 0.0 0.0 0.0 0.0 0.18551394268072302 0.35 0.0 0.0 
0.35 0.14133352007131844 0.0 0.0 0.0 0.0 0.0 0.1586664799286815 0.35 0.0 0.0 
0.2577344315850016 0.13522109200172924 0.0 0.0 0.0 0.0 0.0 0.257044476413269 0.35 0.0 0.0 
0.3330823573062928 0.11789667467231775 0.0 0.0 0.0 0.0 0.0 0.19902096802138936 0.35 0.0 0.0 
0.2606363260895578 0.10541529410598145 0.0 0.0 0.0 0.0 0.0 0.28394837980446086 0.35 0.0 0.0 
0.35 0.2000570111305702 0.0 0.0 0.0 0.0 0.0 0.10003235877235993 0.34991063009706996 0.0 0.0 
0.3499814806109654 0.10668186152824943 0.0 0.0 0.0 0.0 0.0 0.19333665786078535 0.35 0.0 0.0 
0.3315422920699413 0.10453352409811452 0.0 0.0 0.0 0.0 0.0 0.22122035324056513 0.3427038305913791 0.0 0.0 
0.33885593356063565 0.0 0.0 0.0 0.10833756755990596 0.23600177458375096 0.0 0.10002434907005057 0.21678037522565688 0.0 0.0 
0.346404734106303 0.0 0.0 0.0 0.0 0.0 0.0 0.303595265893697 0.35 0.0 0.0 
0.15007929336096168 0.1499207066390386 0.0 0.0 0.0 0.0 0.0 0.35 0.35 0.0 0.0 
0.35 0.13065056310032985 0.0 0.0 0.0 0.0 0.0 0.1693494368996702 0.35 0.0 0.0 
0.28094810247017504 0.10018763793977417 0.0 0.0 0.0 0.0 0.0 0.2688642595900508 0.35 0.0 0.0 
0.3016676848181473 0.10096281880798562 0.0 0.0 0.0 0.0 0.0 0.24736949637386696 0.35 0.0 0.0 
0.33027192114817033 0.0 0.0 0.0 0.0 0.0 0.0 0.328100308620648 0.3416277702311816 0.0 0.0 
0.35 0.13553540141670736 0.0 0.0 0.0 0.0 0.0 0.16446459858329268 0.35 0.0 0.0 
0.3034065438194611 0.0 0.0 0.0 0.0 0.0 0.0 0.3465934561805389 0.35 0.0 0.0 
0.3045102842899985 0.10769652519697678 0.0 0.0 0.0 0.0 0.0 0.2377931905130247 0.35 0.0 0.0 
0.2908131905731948 0.10366227974423657 0.0 0.0 0.0 0.0 0.0 0.25552452968256856 0.35 0.0 0.0 
0.26827999996461044 0.10249843897354381 0.0 0.0 0.0 0.0 0.0 0.28356411879766313 0.3456574422641826 0.0 0.0 
0.3261807372038158 0.10112210542217348 0.0 0.0 0.0 0.0 0.0 0.22577911528780578 0.3469180420862049 0.0 0.0 
0.3410769996204749 0.19463270140418445 0.0 0.0 0.0 0.0 0.0 0.11429029897534085 0.35 0.0 0.0 
0.3171058372879722 0.0 0.0 0.0 0.0 0.0 0.0 0.3328941627120279 0.35 0.0 0.0 
0.3457742698724354 0.157371943124293 0.0 0.0 0.0 0.0 0.0 0.15428774938553108 0.3425660376177405 0.0 0.0 
0.3455702545239265 0.17580835467156228 0.0 0.0 0.0 0.0 0.0 0.13092341921819334 0.34769797158631793 0.0 0.0 
0.3437763153178955 0.0 0.0 0.0 0.0 0.19265231392388743 0.0 0.12101026600976988 0.3425611047484472 0.0 0.0 
0.3458275870884878 0.12504242819860575 0.0 0.0 0.0 0.0 0.0 0.18330239762441852 0.3458275870884878 0.0 0.0 
0.2701885132785105 0.10455940114102966 0.0 0.0 0.0 0.0 0.0 0.27525208558046 0.35 0.0 0.0 
0.33558116921429326 0.10403641447955811 0.0 0.0 0.0 0.0 0.0 0.21038241630614865 0.35 0.0 0.0 
0.3386008321653073 0.10675904430716462 0.0 0.0 0.0 0.0 0.0 0.20464012352752806 0.35 0.0 0.0 
0.34541371577045055 0.0 0.0 0.0 0.0 0.33701052209828264 0.0 0.10214997922670255 0.21542578290456424 0.0 0.0 
0.33099087490599577 0.0 0.0 0.0 0.0 0.0 0.0 0.3190091250940043 0.35 0.0 0.0 
0.3488456548293356 0.10633563746935205 0.0 0.0 0.0 0.0 0.0 0.1959545935855496 0.3488641141157628 0.0 0.0 
0.28490183978959616 0.10036875166130345 0.0 0.0 0.0 0.0 0.0 0.264969804355456 0.3497596041936444 0.0 0.0 
0.3193345586438475 0.0 0.0 0.0 0.17114189327566864 0.27154297213486805 0.0 0.10085091676390785 0.1371296591817078 0.0 0.0 
0.27523113211734007 0.10376262157533243 0.0 0.0 0.0 0.0 0.0 0.2710062463073277 0.35 0.0 0.0 
0.3147054131447721 0.0 0.0 0.0 0.0 0.2209229454707975 0.0 0.11437164138443041 0.35 0.0 0.0 
0.35 0.12460603453571634 0.0 0.0 0.0 0.0 0.0 0.17539396546428365 0.35 0.0 0.0 
0.35 0.0 0.0 0.0 0.0 0.0 0.0 0.29999999999999977 0.35 0.0 0.0 
0.34682050800033076 0.0 0.0 0.0 0.0 0.35 0.0 0.10107174550929154 0.2021077464903777 0.0 0.0 
0.3478500059358029 0.0 0.0 0.0 0.10911378717877614 0.2579980537397859 0.0 0.10222425314091624 0.18281390000471873 0.0 0.0 
0.32910583229788964 0.0 0.0 0.0 0.0 0.0 0.0 0.32089416770211043 0.35 0.0 0.0 
0.305819664229719 0.0 0.0 0.0 0.0 0.0 0.0 0.3441803357702809 0.35 0.0 0.0 
0.33251227192020527 0.0 0.0 0.0 0.0 0.20869855905774645 0.0 0.10878916902204844 0.35 0.0 0.0 
0.26818714298726515 0.11207403837696348 0.0 0.0 0.0 0.0 0.0 0.27345173015391705 0.3462870884818544 0.0 0.0 
0.35 0.16585148491710233 0.0 0.0 0.0 0.0 0.0 0.13414851508289766 0.35 0.0 0.0 
0.29411742290972903 0.11457289952302581 0.0 0.0 0.0 0.0 0.0 0.24211688086307737 0.34919279670416764 0.0 0.0 
0.30938922576506217 0.1297021777011605 0.0 0.0 0.0 0.0 0.0 0.21090859653377733 0.35 0.0 0.0 
0.33557118109513207 0.10779771969954006 0.0 0.0 0.0 0.0 0.0 0.20663109920532782 0.35 0.0 0.0 
0.35 0.16076441707482056 0.0 0.0 0.0 0.0 0.0 0.1392355829251796 0.35 0.0 0.0 
0.30088581865990865 0.0 0.0 0.0 0.0 0.0 0.0 0.3491141813400912 0.35 0.0 0.0 
0.2876232806417582 0.1052450936484508 0.0 0.0 0.0 0.0 0.0 0.25738050410001695 0.3497511216097741 0.0 0.0 
0.15730181482189012 0.14269818517810992 0.0 0.0 0.0 0.0 0.0 0.35 0.35 0.0 0.0 
0.2723447580223881 0.10128506614159481 0.0 0.0 0.0 0.0 0.0 0.2800406578976268 0.3463295179383904 0.0 0.0 
0.34733420709941704 0.1994801565735802 0.0 0.0 0.0 0.0 0.0 0.10594267114586371 0.34724296518113895 0.0 0.0 
0.35 0.17697234140973672 0.0 0.0 0.0 0.0 0.0 0.12302765859026335 0.35 0.0 0.0 
0.19831856252651497 0.10255790861504173 0.0 0.0 0.0 0.0 0.0 0.3491840304166649 0.3499394984417785 0.0 0.0 
0.1801949609344618 0.11980503906553831 0.0 0.0 0.0 0.0 0.0 0.35 0.35 0.0 0.0 
0.18058183378891357 0.11941816621108645 0.0 0.0 0.0 0.0 0.0 0.35 0.35 0.0 0.0 
0.3335373048637286 0.0 0.0 0.0 0.0 0.0 0.0 0.31646269513627134 0.35 0.0 0.0 
0.35 0.0 0.0 0.0 0.0 0.0 0.0 0.3006832577454987 0.34931674225450127 0.0 0.0 
0.34337652042908173 0.0 0.0 0.0 0.0 0.0 0.0 0.30662347957091834 0.35 0.0 0.0 
0.2941174229097291 0.11457289952302584 0.0 0.0 0.0 0.0 0.0 0.24211688086307742 0.3491927967041677 0.0 0.0 
0.35 0.17790687543235276 0.0 0.0 0.0 0.0 0.0 0.12209312456764719 0.35 0.0 0.0 
0.3134967678579379 0.0 0.0 0.0 0.0 0.0 0.0 0.33650323214206224 0.35 0.0 0.0 
0.3377863420932086 0.0 0.0 0.0 0.0 0.0 0.0 0.3122136579067915 0.35 0.0 0.0 
0.32728044659279176 0.0 0.0 0.0 0.0 0.0 0.0 0.323089432629125 0.3496301207780832 0.0 0.0 
0.3214353792168374 0.0 0.0 0.0 0.0 0.0 0.0 0.3285646207831626 0.35 0.0 0.0 
0.3261807372038158 0.10112210542217348 0.0 0.0 0.0 0.0 0.0 0.22577911528780578 0.3469180420862049 0.0 0.0 
0.30706390527538346 0.0 0.0 0.0 0.0 0.0 0.0 0.34293609472461656 0.35 0.0 0.0 
0.35 0.1575514187313449 0.0 0.0 0.0 0.0 0.0 0.14244858126865517 0.35 0.0 0.0 
0.3421542928653316 0.1597701292307745 0.0 0.0 0.0 0.0 0.0 0.14807557790389383 0.35 0.0 0.0 
0.2719668906740745 0.10253199680188316 0.0 0.0 0.0 0.0 0.0 0.2796521127991708 0.34584899972487165 0.0 0.0 
