-0.0034996908147201973 4.083305192892064E-5 
-0.014217274137741289 3.164772413683991E-4 
-0.0035130896718123363 4.3501447153696675E-5 
-0.005862898397744895 4.39289694229003E-5 
-0.011044883075685965 1.343007882961997E-4 
-0.014041604262510249 3.091232181288151E-4 
-0.010861975648680602 1.2864023513382725E-4 
-0.013542079311499165 2.729792056907022E-4 
-0.006040488453101821 4.7430459742369755E-5 
-0.006855847679818971 5.659766807871558E-5 
-0.011260623459123138 1.3974573789087943E-4 
-0.012081790876191132 1.6761410334822018E-4 
-0.00673695529802092 5.094542699719205E-5 
-0.012695570860582832 2.0605475480731003E-4 
-0.009331396989156832 9.312063175292106E-5 
-0.006383405170006616 4.785964075880316E-5 
-0.013236474637506358 2.5566970595534576E-4 
-0.009210761506038393 8.902267854571766E-5 
-0.007055486933699041 5.6921878121615765E-5 
-0.014173032278676882 3.148954433759957E-4 
-0.01253081877352348 1.9257538028739874E-4 
-0.012648241212515574 2.0062036097662754E-4 
-0.009109005520992933 8.685432530935311E-5 
-0.01275397354335889 2.103151896349663E-4 
-0.013402452831119295 2.667488440424967E-4 
-0.012600382540887222 1.9671051399738578E-4 
-0.013020157926465076 2.3182311247488006E-4 
-0.013860418368339714 2.903973467518426E-4 
-0.010515752257522326 1.1944000258862674E-4 
-0.011960231909106226 1.6305907073210747E-4 
-0.01313245632414573 2.4379018493407784E-4 
-0.007576559114542247 6.317721581964352E-5 
-0.007298482690192067 5.711388787039367E-5 
-0.010029927677188757 1.0724409253395282E-4 
-0.008932762264905244 8.442517605885791E-5 
-0.008617914737755791 7.742032652777262E-5 
-0.012929040740047401 2.225920375223155E-4 
-0.013156940678680371 2.5021329263378157E-4 
-0.012342021963003859 1.8197873626648873E-4 
-0.012239730574824612 1.7566297339800663E-4 
-0.011505902739514766 1.521564477211995E-4 
-0.009439142091017422 9.540995903743464E-5 
-0.00816850143324077 6.970044372405529E-5 
-0.013964154358742807 2.968460674141298E-4 
-0.009852127092342513 1.0548546578606737E-4 
-0.007436894453017525 6.057467748229776E-5 
-0.00661000794919503 4.98992509001287E-5 
-0.01304332206171464 2.3808387914029059E-4 
-0.013750672020321951 2.8421865276962094E-4 
-0.0077963292085133085 6.578090508504906E-5 
-0.011786631626691342 1.5895693569999326E-4 
-0.01391955974935671 2.9398438469001103E-4 
-0.012778099611441596 2.150494574423123E-4 
-0.013801894278433289 2.866431546064112E-4 
-0.012310946906492504 1.7952846995842312E-4 
-0.012440008233845919 1.8588130230069906E-4 
-0.009737525146267039 1.0131678783857953E-4 
-0.014022731618455077 3.020761615433945E-4 
-0.007886615347777784 6.842135330093364E-5 
-0.01015755816090611 1.1059596800854616E-4 
-0.00845300082444114 7.683846405257882E-5 
-0.011899390855541193 1.620246620248727E-4 
-0.008019820079773135 6.873633560606705E-5 
-0.007710810968650937 6.376975708849539E-5 
-0.012091927307465236 1.731966073017354E-4 
-0.0059705347090420954 4.4086058438908346E-5 
-0.013084417790633669 2.3945214628657088E-4 
-0.01368979985782501 2.8028449530676826E-4 
-0.006437721660070873 4.9261391383052935E-5 
-0.01287889786603041 2.198227978943978E-4 
-0.012949093307198855 2.2795884330133705E-4 
-0.008719164995895394 7.995667222869073E-5 
-0.012849964378377331 2.1689817628628454E-4 
-0.011475150029403433 1.4732479662339456E-4 
-0.00983664641745824 1.0274121945084272E-4 
-0.013155493791432445 2.478973563093164E-4 
-0.007382650969918168 5.871592068256001E-5 
-0.009630249256123699 9.925733135997028E-5 
-0.010278721981363453 1.1325183187851082E-4 
-0.013253188487807186 2.59730826752313E-4 
-0.0140046468765245 3.013227844877266E-4 
-0.009562976825241428 9.670441598152265E-5 
-0.010088798447499377 1.0951810171660477E-4 
-0.01247239523772213 1.8820530047580238E-4 
-0.010610766004311245 1.229360667086567E-4 
-0.010734798955918829 1.2631528187188748E-4 
-0.010329469060217417 1.1566524878971386E-4 
-0.01213188361660059 1.7447362686665702E-4 
-0.008278928227371134 7.159937185364449E-5 
-0.011390710659159094 1.4407637670064852E-4 
-0.008844687507155283 8.354032534932976E-5 
-0.011713760750002057 1.5765430921027137E-4 
-0.012976669049186753 2.2880663216486377E-4 
-0.008300030769226766 7.241069560827322E-5 
-0.010696920768656306 1.2410737371879266E-4 
-0.010415569990331745 1.1761483693961995E-4 
-0.01360646752138903 2.761313341014586E-4 
-0.013354413651595077 2.6407492185805505E-4 
-0.013280000888672061 2.6139832459891365E-4 
-0.008391359409609247 7.39056453823593E-5 
