-0.016723060783871913 0.0015954576182566178 
-0.00973465517886736 5.624952711563605E-5 
-0.016723060783871913 0.0015954576182566178 
-0.01672306078387191 0.0015954576182566165 
-0.016579334856069182 9.598761641010207E-4 
-0.016291883000463712 4.220030992684774E-4 
-0.016318440827557325 5.574123395454733E-4 
-0.010948650267514267 7.107956861793731E-5 
-0.012202463433595032 1.0223801160523169E-4 
-0.016559780799179982 8.922943226484722E-4 
-0.01657284609379045 9.369484249690902E-4 
-0.013958605103012358 1.7657836528458883E-4 
-0.013830000206124836 1.7121017638465494E-4 
-0.015994355947753808 3.6570364371426374E-4 
-0.015604166072100708 2.8437355828044296E-4 
-0.016205008109507615 3.791391928812899E-4 
-0.011088500930707384 7.353044910938065E-5 
-0.013197962679217745 1.4051471933861082E-4 
-0.016225129669040106 4.203349867489586E-4 
-0.0116109862622052 8.653855648047124E-5 
-0.012984979011579542 1.3014804165242176E-4 
-0.011912226220533253 9.578268562724962E-5 
-0.010770304326893108 6.774334213151017E-5 
-0.0133573729786441 1.4587331619416471E-4 
-0.014100579617928252 1.8221047185891712E-4 
-0.010049198739981186 5.858640109309759E-5 
-0.014275948428058563 1.906754320145831E-4 
-0.016505470944126188 7.283247558166728E-4 
-0.01593514102284098 3.3567099755275334E-4 
-0.0157420362740484 3.023734119293707E-4 
-0.013120110062780256 1.3565739946954625E-4 
-0.013543040402867294 1.5462388051724115E-4 
-0.014393994378820978 1.975966840144998E-4 
-0.011209097143494799 7.652741273214561E-5 
-0.01046172181165518 6.337055536356121E-5 
-0.012890277793955844 1.2660340826580328E-4 
-0.013710849706824554 1.6324444117692678E-4 
-0.014626090911194009 2.0660901734857802E-4 
-0.01471739297789606 2.1084487862600576E-4 
-0.011781296009400187 9.330294672586922E-5 
-0.01654561688164566 8.461671597951446E-4 
-0.010171855190583234 5.9890669648880236E-5 
-0.015356835579224173 2.4957544155253063E-4 
-0.016536995553700713 8.192525687314688E-4 
-0.011445787754599271 8.54738710410133E-5 
-0.01341969755844541 1.5042150451425985E-4 
-0.016530169366016104 7.985660223919616E-4 
-0.016552459880073186 8.68156135140437E-4 
-0.015835959907602913 3.173902964338047E-4 
-0.016457871660870135 6.133144710480201E-4 
-0.01651702139152303 7.602752522970443E-4 
-0.011316159573301902 7.939191429924398E-5 
-0.012613772794983946 1.1756777456463382E-4 
-0.014184709593658303 1.8542938653611142E-4 
-0.012502355230306806 1.1347337586544343E-4 
-0.01364184271358901 1.5869531657783273E-4 
-0.012373789098402827 1.0776915337324216E-4 
-0.011706123920476314 8.83589282565002E-5 
-0.010342752950568 6.159526350742378E-5 
-0.016481522544434038 6.671091534820049E-4 
-0.01649114767239502 6.908967360412696E-4 
-0.01233143514417089 1.0640608062494289E-4 
-0.015118809593380547 2.3888063092439472E-4 
-0.014819040499744862 2.16956711569423E-4 
-0.016435608928266447 5.6872465777164E-4 
-0.016096953262526765 3.6709883012946604E-4 
-0.014943454092914761 2.2257246625405114E-4 
-0.009867246461915306 5.7113605955866884E-5 
-0.009918205250904054 5.7449063774028605E-5 
-0.0164696880007977 6.393637609565092E-4 
-0.016521496611294893 7.730787805578707E-4 
-0.01649747646092325 7.071350993443831E-4 
-0.015900566557019574 3.290157366496664E-4 
-0.012735952991026495 1.2172947131265833E-4 
-0.015447169143415521 2.5413049126659867E-4 
-0.012767743085226883 1.2338728641082252E-4 
-0.012033709949801297 9.706218353052175E-5 
-0.015249878111321441 2.459639209534087E-4 
-0.01631844082755733 5.574123395454735E-4 
-0.01057624430471006 6.494293976687078E-5 
-0.014517759615264794 2.0144610172621505E-4 
-0.015216699121412353 2.4287309607426996E-4 
-0.016135765568064887 3.7642837042928696E-4 
-0.010702067044002894 6.660368819044705E-5 
-0.011395656492576883 8.367128128098272E-5 
-0.014872813296816653 2.1878402820048884E-4 
-0.0150404573676371 2.3851084604413502E-4 
-0.012033709949801297 9.706218353052175E-5 
-0.01672306078387191 0.0015954576182566165 
-0.016579334856069182 9.598761641010207E-4 
-0.016449288183405783 5.95428034320094E-4 
-0.01448911628092849 2.0017126097574966E-4 
-0.016474656183406995 6.50809546727369E-4 
-0.016444052612678225 5.849460901612293E-4 
-0.010618390689776325 6.552462450737347E-5 
-0.01502476427023066 2.2707234701013865E-4 
-0.015528660654761701 2.727095444901777E-4 
-0.012556663751724484 1.1406919672628314E-4 
-0.015582304778064403 2.7325169586421127E-4 
-0.01577720932459562 3.077355655784339E-4 
