-0.014955806920304897 5.382172823917211E-4 
-0.006959829538858389 3.404077462021788E-5 
-0.014955806920304897 5.382172823917211E-4 
-0.006959829538858389 3.404077462021788E-5 
-0.012384737696085252 1.823957918080237E-4 
-0.011645918262716583 1.5455865407561572E-4 
-0.01378384823749197 2.979517703719371E-4 
-0.014873237664943818 5.08094082007395E-4 
-0.01146415140406422 1.4433727467416305E-4 
-0.012621700621367483 1.909265445823913E-4 
-0.013908738432904329 3.118159867636699E-4 
-0.01306153417165159 2.1840817631066806E-4 
-0.014346272437038633 4.024789572226085E-4 
-0.013945378924974666 3.169645825833462E-4 
-0.014016697616554271 3.325042571362247E-4 
-0.012976109895302063 2.117730162189056E-4 
-0.014553022141095499 4.7053004800019934E-4 
-0.013458873130080857 2.675992792692475E-4 
-0.00815576667744498 4.54724461779972E-5 
-0.014436093698057099 4.357928458090666E-4 
-0.011010239211354802 1.0626452612932054E-4 
-0.014397580071096476 4.191312219529999E-4 
-0.0071085681548605315 3.4503331941047E-5 
-0.008806900988267356 5.911525527054418E-5 
-0.008989686504187707 5.9624449730955286E-5 
-0.014910146008323355 5.212144406851199E-4 
-0.013382399905616236 2.606835886884758E-4 
-0.012873910437258985 2.0352347667291663E-4 
-0.011214411516076156 1.1898278834913671E-4 
-0.014473329661359488 4.4999549634820924E-4 
-0.009118764153688522 6.223834421883244E-5 
-0.011916952022677358 1.6461386685104099E-4 
-0.013150242866717203 2.2910323815513605E-4 
-0.010019643510728921 8.648063379059805E-5 
-0.012099506428888426 1.703306928570591E-4 
-0.014178560787645409 3.595961143042848E-4 
-0.008711618451827644 5.417912470093302E-5 
-0.014130031790207262 3.493075165481635E-4 
-0.010646441034346211 9.578935896935153E-5 
-0.010808175971096878 9.982323273117431E-5 
-0.012261303534675652 1.7572791379582995E-4 
-0.008369795267866314 4.967205181615011E-5 
-0.014408722219922947 4.220055635429708E-4 
-0.011749849798348545 1.5849841338478425E-4 
-0.014295036431403127 3.873813986637613E-4 
-0.013262764114950122 2.516704025603317E-4 
-0.01430631167379248 3.973341917884079E-4 
-0.01131233678610147 1.2374848548692228E-4 
-0.013258197701980924 2.4030398741130792E-4 
-0.01482932580460818 4.933025633966305E-4 
-0.01406619186328079 3.365889184459304E-4 
-0.008267657863139563 4.876543003794674E-5 
-0.014834396928456995 4.948885139846055E-4 
-0.008514243885315752 5.232098351044496E-5 
-0.009588086338877576 7.152587356111284E-5 
-0.012056497900404008 1.684278623503724E-4 
-0.010395639642145973 9.000758926534508E-5 
-0.007811973102496778 3.9056659042179784E-5 
-0.007525673194072956 3.654158839910553E-5 
-0.014105291346636665 3.4466522099043057E-4 
-0.0118331640346892 1.6145837206081365E-4 
-0.013310956045816995 2.553245657775623E-4 
-0.00923884219867261 6.51671984624553E-5 
-0.010459168272079081 9.20221276078379E-5 
-0.013661337334490927 2.875383465047687E-4 
-0.013532417101674904 2.756919980679023E-4 
-0.007563582825483914 3.667119451176291E-5 
-0.012801683993557888 2.0127771032162571E-4 
-0.01136527884097852 1.2757852891198595E-4 
-0.007977199841340566 4.293083615006761E-5 
-0.01056706059369761 9.551664762581989E-5 
-0.01271931451006279 1.9745128389249894E-4 
-0.009965594358461357 7.757306711292735E-5 
-0.009285283881200843 6.817553590940392E-5 
-0.011105859935656569 1.1223838184849813E-4 
-0.014788172416006502 4.7997670709177566E-4 
-0.007314827475074517 3.554458382178761E-5 
-0.00939333961944577 7.064950544601806E-5 
-0.01025965054537368 8.752629116929372E-5 
-0.012276050270460144 1.7860236124821955E-4 
-0.014259011322231051 3.7769524556254637E-4 
-0.01143881788703099 1.371263009063754E-4 
-0.009714219230238203 7.392700485114054E-5 
-0.008603580412154001 5.2349307567362105E-5 
-0.007974748640649666 4.1221939533028326E-5 
-0.011369067682412734 1.3594073529415125E-4 
-0.007310375301199137 3.5362656500143735E-5 
-0.014760401119012383 4.714380987751533E-4 
-0.010870972670919223 1.0342663184806396E-4 
-0.011116526281497282 1.1465873156872082E-4 
-0.013164988799188263 2.3985917543775954E-4 
-0.014520018828416525 4.6128210043666683E-4 
-0.010209183430375674 8.67302999582807E-5 
-0.012640246191444856 1.9598375387073336E-4 
-0.014224673582095103 3.696076782920787E-4 
-0.007748077661550781 3.844709022640154E-5 
-0.014520018828416525 4.6128210043666683E-4 
-0.014267233214428611 3.813686474650605E-4 
-0.013536849503561347 2.7865891754739954E-4 
-0.013150807450329881 2.335881451249997E-4 
