0.0 0.30000000000000027 0.0 0.0 0.0 0.0 0.0 0.35 0.35 0.0 0.0 
0.0 0.30000000000000027 0.0 0.0 0.0 0.0 0.0 0.35 0.35 0.0 0.0 
0.0 0.0 0.1016698465369888 0.13925462019374424 0.0 0.10082952757483696 0.1604954327147087 0.11427947536213152 0.0 0.10891603138914424 0.2745550662284455 
0.0 0.0 0.1016698465369888 0.13925462019374424 0.0 0.10082952757483696 0.1604954327147087 0.11427947536213152 0.0 0.10891603138914424 0.2745550662284455 
0.0 0.0 0.0 0.17844323761614528 0.0 0.0 0.264409343278255 0.23844067005707664 0.0 0.0 0.3187067490485231 
0.0 0.31494965388488105 0.0 0.1146161281326403 0.0 0.0 0.0 0.3490606287778667 0.22137358920461198 0.0 0.0 
0.0 0.25642948698647156 0.0 0.14192032052891979 0.0 0.0 0.12385227254869774 0.3415067317851608 0.1362911881507501 0.0 0.0 
0.0 0.24898143920878438 0.0 0.10269459509633379 0.0 0.0 0.12481116649833673 0.35 0.17351279919654508 0.0 0.0 
0.0 0.0 0.10358085098923189 0.10436059858496392 0.0 0.10341297389329185 0.11031794911459461 0.20178503680213838 0.0 0.11554296950525611 0.2609996211105232 
0.0 0.21265391372073836 0.0 0.10300156706010367 0.0 0.0 0.10528774780923783 0.35 0.11968257088830216 0.0 0.10937420052161813 
0.0 0.33892742305370765 0.0 0.0 0.0 0.0 0.1066268195647838 0.35 0.20444575738150855 0.0 0.0 
0.0 0.23573856927150816 0.0 0.10269358638796514 0.0 0.0 0.11817388656276115 0.35 0.1933939577777657 0.0 0.0 
0.0 0.0 0.0 0.1851688200882382 0.0 0.0 0.2822037490065691 0.21883122063309207 0.0 0.0 0.31379621027210064 
0.0 0.29718090682281745 0.0 0.0 0.0 0.0 0.1218428411088459 0.35 0.23097625206833663 0.0 0.0 
0.0 0.3058529981609332 0.0 0.0 0.0 0.0 0.0 0.35 0.3441470018390668 0.0 0.0 
0.0 0.0 0.0 0.18685738730075802 0.0 0.0 0.2849660082570684 0.21139641805144024 0.0 0.0 0.3167801863907333 
0.0 0.0 0.10087084077594953 0.11796396408218231 0.0 0.104282029906384 0.10247862819567782 0.171170460315743 0.0 0.11585825789654854 0.28737581882751484 
0.0 0.0 0.10398340070928717 0.10297240952967034 0.0 0.10314502402363247 0.1174210477828175 0.18554505935398888 0.0 0.10529470870425477 0.28163834989634884 
0.0 0.26290848220954693 0.0 0.0 0.0 0.0 0.10615228474886589 0.35 0.2809392330415873 0.0 0.0 
0.0 0.21808960240394795 0.0 0.0 0.0 0.0 0.10469400635619196 0.35 0.3272163912398603 0.0 0.0 
0.0 0.11657430821359749 0.0 0.14023302199564938 0.0 0.0 0.1619227944477396 0.30987943063010664 0.11084485196437302 0.0 0.1605455927485339 
0.0 0.33309802516332726 0.0 0.1233907650344619 0.0 0.0 0.0 0.3499999999999999 0.19351120980221082 0.0 0.0 
0.0 0.35 0.0 0.0 0.0 0.0 0.1292281657111155 0.35 0.17077183428888457 0.0 0.0 
0.0 0.0 0.0 0.18222655201748195 0.0 0.0 0.2470772800083839 0.2898813388828043 0.0 0.0 0.2808148290913299 
0.0 0.34387894974258226 0.0 0.0 0.0 0.0 0.1442833819823483 0.3484981338820933 0.16333953439297613 0.0 0.0 
0.0 0.2788347158763956 0.0 0.0 0.0 0.0 0.10118507064222007 0.35 0.26998021348138446 0.0 0.0 
0.0 0.12372202561303804 0.0 0.12897015287312436 0.0 0.0 0.15657937469869315 0.34954989593951497 0.11162244957545539 0.0 0.1295561013001742 
0.0 0.11844155948196283 0.0 0.16897224782196624 0.0 0.0 0.11734169120512032 0.34396587750622565 0.10758446825190732 0.0 0.1436941557328177 
0.0 0.0 0.10190152695481554 0.14256117641152732 0.0 0.10268715464996349 0.11440118418116937 0.1618007714286609 0.0 0.11039309906741444 0.26625508730644903 
0.0 0.3075056596990669 0.0 0.0 0.0 0.0 0.10810525130894966 0.35 0.23438908899198344 0.0 0.0 
0.0 0.0 0.10241390732583473 0.143785801175657 0.0 0.10055120385688991 0.13613238941857927 0.14386400875249913 0.0 0.10868996350110226 0.26456272596943775 
0.0 0.0 0.10190330942689096 0.11322960643646887 0.0 0.10108170368759212 0.11472557902263283 0.1811721707533888 0.0 0.11336922542692404 0.2745184052461023 
0.0 0.0 0.0 0.1588624386259863 0.0 0.0 0.27490273299 0.25098279607701374 0.0 0.0 0.315252032307 
0.0 0.2560437229462597 0.0 0.0 0.0 0.0 0.10345717666658227 0.35 0.2904991003871581 0.0 0.0 
0.0 0.2567451603712051 0.0 0.0 0.0 0.0 0.10029011406151375 0.35 0.2929647255672811 0.0 0.0 
0.0 0.0 0.0 0.14168474275867607 0.0 0.0 0.19245531165750654 0.32363166965811335 0.11003702203367613 0.0 0.23219125389202794 
0.0 0.33599732116947745 0.0 0.0 0.0 0.0 0.0 0.35 0.3140026788305227 0.0 0.0 
0.0 0.2241834527168736 0.0 0.1002461630159862 0.0 0.0 0.1055650579239739 0.3490267750252367 0.2209785513179296 0.0 0.0 
0.0 0.0 0.0 0.18973989496061666 0.0 0.0 0.3075547827902203 0.18962333006629034 0.0 0.0 0.31308199218287264 
0.0 0.3264568421929171 0.0 0.0 0.0 0.0 0.0 0.35 0.32354315780708287 0.0 0.0 
0.0 0.0 0.0 0.16405540572941554 0.0 0.10027585974054815 0.23871631699002938 0.17768283966700066 0.0 0.0 0.3192695778730063 
0.0 0.2116555031695696 0.0 0.0 0.0 0.0 0.10415815682227009 0.3485622820547174 0.3356240579534429 0.0 0.0 
0.0 0.13489923880598728 0.0 0.12020665381646768 0.0 0.0 0.17826663725298456 0.33320418143970437 0.10682972656989491 0.0 0.12659356211496128 
0.0 0.0 0.0 0.1599892878833405 0.0 0.0 0.18824665274478686 0.3130923336033464 0.1007539211707402 0.0 0.23791780459778608 
0.0 0.3167090882234855 0.0 0.0 0.0 0.0 0.14128163250647222 0.35 0.1920092792700423 0.0 0.0 
0.0 0.0 0.1036338981531084 0.12635660650419295 0.0 0.10636081786532958 0.13678860439541518 0.15006889074983534 0.0 0.10944286773679625 0.2673483145953222 
0.0 0.2612783506584561 0.0 0.0 0.0 0.0 0.12343296704275468 0.35 0.2652886822987892 0.0 0.0 
0.0 0.0 0.0 0.15770099431707696 0.0 0.0 0.21158541344131462 0.29197394481504146 0.11175956708295097 0.0 0.22698008034361605 
0.0 0.35 0.0 0.0 0.0 0.0 0.0 0.35 0.3 0.0 0.0 
0.0 0.2887567884529528 0.0 0.0 0.0 0.0 0.11091255511127773 0.35 0.25033065643576946 0.0 0.0 
0.0 0.21249989881062406 0.0 0.10232264927129368 0.0 0.0 0.10493965434822475 0.35 0.1048965597169624 0.0 0.12534123785289508 
0.0 0.0 0.0 0.18920416524669467 0.0 0.0 0.19977248744803813 0.30662447933043463 0.0 0.0 0.30439886797483257 
0.0 0.3168749034845133 0.0 0.0 0.0 0.0 0.0 0.35 0.33312509651548666 0.0 0.0 
0.0 0.2522198907527171 0.0 0.1344616715035509 0.0 0.0 0.1211415003648162 0.34950399806461596 0.1426729393142999 0.0 0.0 
0.0 0.28490224519187274 0.0 0.0 0.0 0.0 0.1033868889505345 0.35 0.2617108658575928 0.0 0.0 
0.0 0.0 0.0 0.1516410501830324 0.0 0.0 0.24574497208010715 0.31392947330824594 0.0 0.0 0.28868450442861454 
0.0 0.2571401573360572 0.0 0.14363182079567005 0.0 0.0 0.11646835022704312 0.3456251614812677 0.1371345101599619 0.0 0.0 
0.0 0.2952848626292986 0.0 0.0 0.0 0.0 0.10941567862104114 0.35 0.24529945874966033 0.0 0.0 
0.0 0.3288397917278633 0.0 0.12259346816737046 0.0 0.0 0.0 0.35 0.1985667401047662 0.0 0.0 
0.0 0.0 0.0 0.15156486545145195 0.0 0.0 0.24397638335256486 0.30885969737988933 0.0 0.0 0.2955990538160937 
0.0 0.2333338226434675 0.0 0.0 0.0 0.0 0.1105061237874903 0.34995236991065765 0.30620768365838463 0.0 0.0 
0.0 0.2694888529260812 0.0 0.11261233022256453 0.0 0.0 0.12895344452442098 0.34996608868181345 0.1389792836451199 0.0 0.0 
0.0 0.33599732116947745 0.0 0.0 0.0 0.0 0.0 0.35 0.3140026788305227 0.0 0.0 
0.0 0.0 0.0 0.15570676757278748 0.0 0.0 0.18504068945229318 0.3394208009844176 0.10579768491203621 0.0 0.21403405707846548 
0.0 0.0 0.0 0.16141777929106266 0.0 0.0 0.1899274448124062 0.31588783144131527 0.10165351959130235 0.0 0.23111342486391354 
0.0 0.2762089534878257 0.0 0.11532183479022921 0.0 0.0 0.1073309146964797 0.35 0.1511382970254654 0.0 0.0 
0.0 0.32378099726008647 0.0 0.0 0.0 0.0 0.0 0.35 0.3262190027399135 0.0 0.0 
0.0 0.0 0.0 0.15880633406280348 0.0 0.0 0.1797024787466759 0.32532358539933137 0.10000895106955492 0.0 0.2361586507216344 
0.0 0.2241834527168736 0.0 0.1002461630159862 0.0 0.0 0.1055650579239739 0.3490267750252367 0.2209785513179296 0.0 0.0 
0.0 0.13003354654725374 0.0 0.15193999576635936 0.0 0.0 0.17183672256592103 0.32118581113191835 0.10297647596466845 0.0 0.12202744802387916 
0.0 0.13281980017535636 0.0 0.12062338544387562 0.0 0.0 0.11933941204006078 0.35 0.11876988364751355 0.0 0.15844751869319368 
0.0 0.23100901811407792 0.0 0.10330403291260343 0.0 0.0 0.1076245140738703 0.35 0.20806243489944834 0.0 0.0 
0.0 0.0 0.10170529648716711 0.14596839624735494 0.0 0.10226110741863062 0.13198103783997553 0.1320151478604859 0.0 0.11034458766286694 0.2757244264835188 
0.0 0.0 0.0 0.17836868219082286 0.0 0.0 0.20707119312376693 0.28622065639523525 0.0 0.0 0.3283394682901749 
0.0 0.0 0.0 0.18534025544582755 0.0 0.0 0.21134053464298275 0.28336560489192936 0.10020340418845017 0.0 0.2197502008308102 
0.0 0.20812285329153457 0.0 0.11614415861604031 0.0 0.0 0.10273376315834336 0.3397204285956018 0.10269157440072832 0.0 0.13058722193775152 
0.0 0.23100901811407795 0.0 0.10330403291260344 0.0 0.0 0.10762451407387032 0.35 0.20806243489944842 0.0 0.0 
0.0 0.35 0.0 0.0 0.0 0.0 0.1089819643660787 0.35 0.1910180356339214 0.0 0.0 
0.0 0.0 0.0 0.14554618373455588 0.0 0.0 0.27899314501395034 0.29336541919974524 0.0 0.0 0.2820952520517487 
0.0 0.20915932134511914 0.0 0.1013089177943217 0.0 0.0 0.1035575291910963 0.3499825965307355 0.11771579871654701 0.0 0.11827583642218038 
0.0 0.0 0.0 0.18973989496061666 0.0 0.0 0.3075547827902203 0.18962333006629034 0.0 0.0 0.31308199218287264 
0.0 0.35 0.0 0.0 0.0 0.0 0.11463481915909737 0.35 0.18536518084090262 0.0 0.0 
0.0 0.22430359232458785 0.0 0.0 0.0 0.0 0.10574711570294124 0.34962870752743824 0.32032058444503264 0.0 0.0 
0.0 0.3438789497425823 0.0 0.0 0.0 0.0 0.14428338198234833 0.34849813388209333 0.16333953439297616 0.0 0.0 
0.0 0.23504986051564505 0.0 0.0 0.0 0.0 0.10104534484906946 0.35 0.31390479463528553 0.0 0.0 
0.0 0.13318899289370917 0.0 0.12004069137667162 0.0 0.0 0.1780205147205504 0.3327625701876374 0.10771096188320986 0.0 0.12827626893822153 
0.0 0.0 0.0 0.16540725268849385 0.0 0.10189265097695145 0.2406845380253136 0.18391008320873173 0.0 0.0 0.3081054751005094 
0.0 0.0 0.0 0.15929564280601785 0.0 0.0 0.2757628452127585 0.2516672045332665 0.0 0.0 0.3132743074479571 
0.0 0.0 0.0 0.1855267796007687 0.0 0.0 0.2115532251593213 0.28264439284531945 0.10030424766275918 0.0 0.2199713547318314 
0.0 0.0 0.10089781107931392 0.14593954125433536 0.0 0.1021407606076302 0.13217527154321182 0.13220943176271827 0.0 0.1105069794597842 0.27613020429300633 
0.0 0.0 0.0 0.1762496077739313 0.0 0.0 0.2388881152518344 0.28027347026825633 0.0 0.0 0.30458880670597793 
0.0 0.0 0.0 0.19285259961164283 0.0 0.0 0.1878407221304012 0.29380505630060766 0.10460063475865723 0.0 0.22090098719869117 
0.0 0.0 0.0 0.19285259961164283 0.0 0.0 0.1878407221304012 0.29380505630060766 0.10460063475865723 0.0 0.22090098719869117 
0.0 0.20508944985508917 0.0 0.11445135033335045 0.0 0.0 0.10123641221742119 0.33476898237412855 0.11576990010459261 0.0 0.12868390511541797 
0.0 0.32925219505063785 0.0 0.11546533448963946 0.0 0.0 0.0 0.35 0.20528247045972273 0.0 0.0 
0.0 0.2762089534878257 0.0 0.11532183479022921 0.0 0.0 0.1073309146964797 0.35 0.1511382970254654 0.0 0.0 
0.0 0.32915390749452517 0.0 0.11572206832894864 0.0 0.0 0.0 0.3498955188601426 0.20522850531638365 0.0 0.0 
0.0 0.0 0.0 0.1587680965456469 0.0 0.0 0.21301713089619728 0.2939496206726714 0.10574918427226325 0.0 0.22851596761322104 
0.0 0.21190327265392853 0.0 0.0 0.0 0.0 0.10054283710629792 0.35 0.3375538902397735 0.0 0.0 
0.0 0.0 0.0 0.1656853769889866 0.0 0.0 0.25998994766719447 0.2645052161890411 0.0 0.0 0.3098194591547779 
