0.0 0.3000000000000003 0.0 0.0 0.0 0.0 0.0 0.35 0.35 0.0 0.0 
0.0 0.3000000000000003 0.0 0.0 0.0 0.0 0.0 0.35 0.35 0.0 0.0 
0.0 0.0 0.0 0.1835263607733841 0.0 0.0 0.313471081317593 0.18844909756376796 0.0 0.0 0.314553460345255 
0.0 0.0 0.0 0.1835263607733841 0.0 0.0 0.313471081317593 0.18844909756376796 0.0 0.0 0.314553460345255 
0.0 0.31798484320987497 0.0 0.0 0.0 0.0 0.10655235125356384 0.35 0.22546280553656128 0.0 0.0 
0.0 0.2998947454561624 0.0 0.0 0.0 0.0 0.10026896119465517 0.35 0.24983629334918242 0.0 0.0 
0.0 0.3288884664856353 0.0 0.0 0.0 0.0 0.0 0.35 0.3211115335143648 0.0 0.0 
0.0 0.0 0.0 0.17721963123785484 0.0 0.0 0.17906759085632654 0.3189434666670706 0.10600328804266826 0.0 0.21876602319607977 
0.0 0.29938616214509145 0.0 0.0 0.0 0.0 0.11208800652092435 0.3489548977360327 0.23957093359795148 0.0 0.0 
0.0 0.3407937341156829 0.0 0.0 0.0 0.0 0.0 0.35 0.3092062658843171 0.0 0.0 
0.0 0.34016548024881277 0.0 0.0 0.0 0.0 0.10899040757736925 0.35 0.20084411217381798 0.0 0.0 
0.0 0.35 0.0 0.0 0.0 0.0 0.1122532707985268 0.35 0.1877467292014732 0.0 0.0 
0.0 0.0 0.0 0.17830074232181412 0.0 0.0 0.261824811661247 0.26846746087998435 0.0 0.0 0.2914069851369545 
0.0 0.255918420085572 0.0 0.10690682418026475 0.0 0.0 0.10468178953833511 0.35 0.18249296619582817 0.0 0.0 
0.0 0.25796791436990507 0.0 0.0 0.0 0.0 0.1128601546773629 0.34917874932963844 0.2799931816230935 0.0 0.0 
0.0 0.3191825336324449 0.0 0.0 0.0 0.0 0.0 0.35 0.3308174663675551 0.0 0.0 
0.0 0.1034663945968982 0.0 0.12746368513453543 0.0 0.0 0.1513133342504614 0.3478024529836874 0.12230413115889818 0.0 0.14765000187551947 
0.0 0.22454556263801012 0.0 0.11070007612456319 0.0 0.0 0.10786396302128963 0.35 0.20689039821613725 0.0 0.0 
0.0 0.15745860991168986 0.0 0.10441427274890429 0.0 0.0 0.14466183902783442 0.34477461527906805 0.10956367787198805 0.0 0.13912698516051536 
0.0 0.34876112035991524 0.0 0.0 0.0 0.0 0.1296993326948432 0.34872674115911684 0.17281280578612473 0.0 0.0 
0.0 0.305723199028387 0.0 0.0 0.0 0.0 0.0 0.35 0.34427680097161306 0.0 0.0 
0.0 0.0 0.0 0.14738557343817366 0.0 0.0 0.2546413448439434 0.3142448588519302 0.0 0.0 0.2837282228659528 
0.0 0.3134421821517303 0.0 0.0 0.0 0.0 0.0 0.35 0.3365578178482698 0.0 0.0 
0.0 0.23077388384138464 0.0 0.0 0.0 0.0 0.11022099926115135 0.35 0.3090051168974641 0.0 0.0 
0.0 0.35 0.0 0.0 0.0 0.0 0.12657332341768862 0.35 0.17342667658231153 0.0 0.0 
0.0 0.0 0.0 0.16968930428534842 0.0 0.0 0.2536459676410008 0.2882327492831932 0.0 0.0 0.28843197879045773 
0.0 0.0 0.0 0.18589200478031964 0.0 0.0 0.2942561518121617 0.2069462504834618 0.0 0.0 0.31290559292405684 
0.0 0.0 0.0 0.183458313724801 0.0 0.0 0.17102095408715892 0.3366354410387842 0.10066429226485002 0.0 0.20822099888440576 
0.0 0.0 0.0 0.17471055314956013 0.0 0.0 0.20186939167112425 0.3103210615962672 0.0 0.0 0.31309899358304827 
0.0 0.0 0.0 0.17551713718153686 0.0 0.0 0.2576275298822311 0.25844689911352187 0.0 0.0 0.30840843382271005 
0.0 0.10624378018299958 0.0 0.13088523860823342 0.0 0.0 0.15537509242005332 0.34947885709006554 0.10577189402705862 0.0 0.1522451376715895 
0.0 0.2668853438550828 0.0 0.13586094090272463 0.0 0.0 0.11758207029522853 0.34272566554633704 0.136945979400627 0.0 0.0 
0.0 0.22324387657075256 0.0 0.0 0.0 0.0 0.10264435257781925 0.35 0.32411177085142817 0.0 0.0 
0.0 0.0 0.0 0.15496474648542763 0.0 0.0 0.1775710682425194 0.35 0.11626245636277494 0.0 0.2012017289092781 
0.0 0.11842482673452193 0.0 0.1395181856053995 0.0 0.0 0.16074804890718122 0.32163943456718774 0.113619299338534 0.0 0.14605020484717576 
0.0 0.0 0.0 0.17906697534673635 0.0 0.0 0.314135335121441 0.1915776817919255 0.0 0.0 0.3152200077398971 
0.0 0.1575631699527956 0.0 0.10448440270842219 0.0 0.0 0.10650750446780041 0.35 0.15448202302628875 0.0 0.12696289984469303 
0.0 0.21266623927353298 0.0 0.0 0.0 0.0 0.10126355998534953 0.35 0.33607020074111743 0.0 0.0 
0.0 0.0 0.0 0.1923942555787896 0.0 0.0 0.20594520756695273 0.28369432973171416 0.1032005287182366 0.0 0.21476567840430694 
0.0 0.2666242172232371 0.0 0.0 0.0 0.0 0.1013351348213256 0.35 0.2820406479554374 0.0 0.0 
0.0 0.0 0.0 0.17221934323898175 0.0 0.0 0.25278696262410455 0.2535909367154616 0.0 0.0 0.32140275742145225 
0.0 0.0 0.0 0.1858556070073443 0.0 0.0 0.14368988400058796 0.3491704456059229 0.10886810081855869 0.0 0.21241596256758605 
0.0 0.21944839152409595 0.0 0.15127828258857942 0.0 0.0 0.12986357552099434 0.3351079979714438 0.16430175239488656 0.0 0.0 
0.0 0.0 0.0 0.15404417817766908 0.0 0.0 0.30132717018016386 0.225847099253198 0.0 0.0 0.31878155238896905 
0.0 0.0 0.0 0.16399316479731288 0.0 0.0 0.283334651113053 0.24077627487953224 0.0 0.0 0.3118959092101018 
0.0 0.0 0.0 0.15280421933605806 0.0 0.0 0.2768103926792482 0.2752865879337 0.0 0.0 0.29509880005099376 
0.0 0.15379260749304272 0.0 0.10743227278889343 0.0 0.0 0.11329628173052998 0.35 0.14667463454558258 0.0 0.1288042034419514 
0.0 0.0 0.0 0.15206287683592834 0.0 0.0 0.26270644195102283 0.27283863046708995 0.0 0.0 0.31239205074595905 
0.0 0.25127844338210614 0.0 0.10496853004156192 0.0 0.0 0.11892897341740227 0.34365425964387386 0.18116979351505572 0.0 0.0 
0.0 0.0 0.0 0.17181522968701418 0.0 0.0 0.21255854461219928 0.3020982133964914 0.1003526366496629 0.0 0.21317537565463218 
0.0 0.23101019386214916 0.0 0.11907147402985767 0.0 0.0 0.13416950222393104 0.35 0.16574882988406223 0.0 0.0 
0.0 0.0 0.0 0.18931275921464955 0.0 0.0 0.20687770831221694 0.2879152196212482 0.10234938836640445 0.0 0.21354492448548076 
0.0 0.35 0.0 0.1202722302385923 0.0 0.0 0.0 0.35 0.17972776976140795 0.0 0.0 
0.0 0.24076444553979415 0.0 0.11539888144734775 0.0 0.0 0.1235749501956874 0.35 0.17026172281717067 0.0 0.0 
0.0 0.22389208671230795 0.0 0.10666186654506148 0.0 0.0 0.1053121226610286 0.35 0.214133924081602 0.0 0.0 
0.0 0.3139078248404714 0.0 0.11456410945880653 0.0 0.0 0.10518619842382912 0.3455136494351051 0.12082821784178797 0.0 0.0 
0.0 0.15803648131806586 0.0 0.10486780616984868 0.0 0.0 0.10388703064490516 0.35 0.13204157102758568 0.0 0.15116711083959453 
0.0 0.34988376904921065 0.0 0.10829113769564178 0.0 0.0 0.0 0.35 0.19182509325514763 0.0 0.0 
0.0 0.21584607948651097 0.0 0.10187043851718643 0.0 0.0 0.10368619976535758 0.35 0.2285972822309451 0.0 0.0 
0.0 0.35 0.0 0.0 0.0 0.0 0.0 0.35 0.2999999999999999 0.0 0.0 
0.0 0.11456735325048562 0.0 0.14336662772344466 0.0 0.0 0.21117358208917597 0.27897699535298065 0.0 0.0 0.251915441583913 
0.0 0.2826875967552594 0.0 0.0 0.0 0.0 0.10338818917136366 0.35 0.263924214073377 0.0 0.0 
0.0 0.2827131797493032 0.0 0.0 0.0 0.0 0.103484541592196 0.3499453139474437 0.26385696471105724 0.0 0.0 
0.0 0.0 0.0 0.18535178243401537 0.0 0.0 0.27123693218832967 0.21767918989402804 0.0 0.0 0.325732095483627 
0.0 0.2271756408499873 0.0 0.0 0.0 0.0 0.10552554973133046 0.35 0.3172988094186824 0.0 0.0 
0.0 0.0 0.0 0.1764999589831359 0.0 0.0 0.18259773934961346 0.3107762709039821 0.10608600233179265 0.0 0.224040028431476 
0.0 0.15307085279748497 0.0 0.13193421473478845 0.0 0.0 0.11357810782832956 0.3477916652533193 0.1243622727592268 0.0 0.129262886626851 
0.0 0.224171712311633 0.0 0.15267390133339168 0.0 0.0 0.13106163275144522 0.33819953890846893 0.15389321469506115 0.0 0.0 
0.0 0.32778169559579895 0.0 0.10139881393668457 0.0 0.0 0.0 0.35 0.22081949046751656 0.0 0.0 
0.0 0.0 0.0 0.12861231815594548 0.0 0.0 0.20950563633323044 0.3427386446785523 0.10366765321145151 0.0 0.2154757476208203 
0.0 0.2617226958296491 0.0 0.0 0.0 0.0 0.10079807669783161 0.3481450624844549 0.28933416498806447 0.0 0.0 
0.0 0.33422254802260964 0.0 0.10344389528916423 0.0 0.0 0.0 0.3499656943491568 0.21236786233906932 0.0 0.0 
0.0 0.24092520855846758 0.0 0.0 0.0 0.0 0.105837717572173 0.35 0.3032370738693595 0.0 0.0 
0.0 0.0 0.0 0.1661354160254611 0.0 0.0 0.28026984980485525 0.23689133238065185 0.0 0.0 0.31670340178903184 
0.0 0.2694585947539079 0.0 0.12171778621406651 0.0 0.0 0.11951184987541012 0.3410864283139045 0.14822534084271086 0.0 0.0 
0.0 0.21436113594875914 0.0 0.10578930187094351 0.0 0.0 0.10358752604219476 0.3475845281242667 0.2286775080138357 0.0 0.0 
0.0 0.2424934804606045 0.0 0.0 0.0 0.0 0.1084819160063069 0.35 0.29902460353308863 0.0 0.0 
0.0 0.11897543919758423 0.0 0.1401668709692412 0.0 0.0 0.12794958888630367 0.35 0.11467133086101786 0.0 0.14823677008585306 
0.0 0.1594902057095966 0.0 0.1063470025524599 0.0 0.0 0.1469818206330512 0.3494574181197546 0.1152806993305387 0.0 0.12244285365459909 
0.0 0.0 0.0 0.16797670245606033 0.0 0.0 0.15973443908727164 0.35 0.10886593794816994 0.0 0.21342292050849812 
0.0 0.2156879237211991 0.0 0.0 0.0 0.0 0.10014351263991396 0.35 0.33416856363888714 0.0 0.0 
0.0 0.34839674077738775 0.0 0.0 0.0 0.0 0.0 0.35 0.30160325922261233 0.0 0.0 
0.0 0.0 0.0 0.18265530229216106 0.0 0.0 0.14394923268797274 0.3431579725820065 0.10699346759122264 0.0 0.2232440248466371 
0.0 0.33895819536901606 0.0 0.0 0.0 0.0 0.11195788901084798 0.34858621074920365 0.20049770487093227 0.0 0.0 
0.0 0.10947572138183183 0.0 0.14398002959391168 0.0 0.0 0.1684829022396619 0.33711603829104214 0.10013207560681223 0.0 0.14081323288674022 
0.0 0.0 0.0 0.16964144897154584 0.0 0.0 0.24007446495773996 0.29633151306493816 0.0 0.0 0.293952573005776 
0.0 0.0 0.0 0.16964144897154584 0.0 0.0 0.24007446495773996 0.29633151306493816 0.0 0.0 0.293952573005776 
0.0 0.0 0.0 0.17597746835028036 0.0 0.0 0.21028071538437088 0.29265124234958007 0.10403297088132607 0.0 0.2170576030344424 
0.0 0.22720498333481406 0.0 0.0 0.0 0.0 0.10549086257537692 0.35 0.31730415408980894 0.0 0.0 
0.0 0.2400150962206797 0.0 0.11503971681635225 0.0 0.0 0.11712525825150613 0.3489106686367165 0.17890926007474547 0.0 0.0 
0.0 0.0 0.0 0.16388387115826278 0.0 0.0 0.2975232960922596 0.22068742922134274 0.0 0.0 0.31790540352813484 
0.0 0.21714856145067649 0.0 0.10716492341987759 0.0 0.0 0.1049345169997327 0.35 0.2207519981297133 0.0 0.0 
0.0 0.10511370966995756 0.0 0.13968567515871166 0.0 0.0 0.15372243275279895 0.3457615971182455 0.1046468427690678 0.0 0.15106974253121846 
0.0 0.0 0.0 0.17564911518658802 0.0 0.0 0.20988835641474124 0.29249646945599667 0.10383885764945935 0.0 0.2181272012932148 
0.0 0.24748138286952875 0.0 0.0 0.0 0.0 0.10776760240475321 0.35 0.294751014725718 0.0 0.0 
0.0 0.32778169559579895 0.0 0.10139881393668457 0.0 0.0 0.0 0.35 0.22081949046751656 0.0 0.0 
0.0 0.0 0.0 0.17380528944520912 0.0 0.0 0.20082340429368833 0.3138946368573895 0.0 0.0 0.31147666940371305 
0.0 0.33563822989738973 0.0 0.11709135827465594 0.0 0.0 0.0 0.35 0.19727041182795443 0.0 0.0 
0.0 0.35 0.0 0.10230717957764546 0.0 0.0 0.0 0.35 0.1976928204223547 0.0 0.0 
0.0 0.0 0.0 0.177995045515044 0.0 0.0 0.2951202974182022 0.21114138828220316 0.0 0.0 0.31574326878455067 
