-0.01760927576007089 7.81452609563062E-4 
-0.011339681592048869 5.022970719742787E-5 
-0.01760927576007089 7.81452609563062E-4 
-0.011339681592048869 5.022970719742787E-5 
-0.01740552094759187 6.227614477123673E-4 
-0.016985387047461702 4.1921167007145195E-4 
-0.012674925195132934 6.608197912885767E-5 
-0.014748957631129597 1.4749277925547936E-4 
-0.01626941682921199 2.789568109656283E-4 
-0.01386797849237277 1.1931062379264657E-4 
-0.014103153495844767 1.1983335289130587E-4 
-0.017112911952612726 4.666712262216912E-4 
-0.016391126350969478 2.9182677818599456E-4 
-0.01612707546117197 2.581095624266348E-4 
-0.016988884342951704 4.49610179876828E-4 
-0.011401122990051919 5.080540314015555E-5 
-0.015368334155491423 1.9103577820899054E-4 
-0.0169821681193163 4.0137019196660555E-4 
-0.01718837632313896 4.799843638034815E-4 
-0.016973188209754034 3.803181524375047E-4 
-0.015011326944661688 1.644521717291812E-4 
-0.01568122248991353 2.1562177480169783E-4 
-0.016508105551807428 3.0767809674238E-4 
-0.017026434813936182 4.5490035741913357E-4 
-0.012836265754402892 7.032366131978788E-5 
-0.01578116133231795 2.2349313462546535E-4 
-0.01719014338603002 5.072037546550437E-4 
-0.013209112331860316 8.381236538036583E-5 
-0.012877652503796385 7.366641801536667E-5 
-0.016431708705366435 2.977308895692261E-4 
-0.017215477634443713 5.192106378628893E-4 
-0.015962578096998133 2.4208639409206988E-4 
-0.014175953568065513 1.2223973314261712E-4 
-0.017261418702510585 5.580703598402949E-4 
-0.017244630197542757 5.337547777363912E-4 
-0.012381724161867289 6.0506796063683234E-5 
-0.015904832442528605 2.3467397817787265E-4 
-0.01489318808560184 1.555689392760674E-4 
-0.01162677613676818 5.1012769426966265E-5 
-0.01740552094759187 6.227614477123673E-4 
-0.017261341061543 5.424428568497558E-4 
-0.013039249759659763 7.70111001427853E-5 
-0.017379057435480533 6.079288091130889E-4 
-0.015033433152458186 1.7364958017647251E-4 
-0.015840408690249635 2.2803944940189626E-4 
-0.013235663418019962 8.485701504474018E-5 
-0.017321587158508497 5.758889334960227E-4 
-0.01734122666085029 5.875106210209637E-4 
-0.01656025227504305 3.1448655749655895E-4 
-0.01730517139858349 5.664460163556026E-4 
-0.01735686411713577 5.970167848966192E-4 
-0.015526541050925406 2.0155505969357557E-4 
-0.012490889264396659 6.301854580616596E-5 
-0.016215265474848153 2.699185658176549E-4 
-0.014436657707791132 1.2840153392918642E-4 
-0.013039249759659763 7.70111001427853E-5 
-0.01547257410353748 1.977427487398364E-4 
-0.015174933482445991 1.8024266260286876E-4 
-0.01490812170198197 1.562125915607113E-4 
-0.012160098683190035 5.72477755286777E-5 
-0.014569797896560509 1.344533594107442E-4 
-0.013491829527200985 9.730324331684771E-5 
-0.017167939961540854 4.7667813017365665E-4 
-0.016978194506508705 3.868390289550831E-4 
-0.016034038138124894 2.489618085228388E-4 
-0.014445619569226723 1.3348355888300926E-4 
-0.013436546014951003 9.447023553242015E-5 
-0.016069582245761934 2.516749343824416E-4 
-0.016674760177904778 3.329821754551956E-4 
-0.015614598625109073 2.0961031612473944E-4 
-0.016615763483483058 3.2448353081412733E-4 
-0.013570010362321198 1.0109979697676068E-4 
-0.015285432240128318 1.8579613272119065E-4 
-0.013696956700344015 1.0965747954808853E-4 
-0.011757374000063135 5.175531630983897E-5 
-0.016815105281285977 3.5437203054026193E-4 
-0.015259590985489806 1.8431227121495743E-4 
-0.011912244555089534 5.485617294556587E-5 
-0.011757374000063135 5.175531630983897E-5 
-0.014321859943945494 1.2436952970821497E-4 
-0.01336409227772113 9.125716262206487E-5 
-0.01688297374701551 3.6530814946884643E-4 
-0.014594788225430352 1.3865689078769786E-4 
-0.01669246391776423 3.3558937080531697E-4 
-0.011912244555089534 5.485617294556587E-5 
-0.01431756554838381 1.2404160420594664E-4 
-0.012108472714607474 5.6648222866750523E-5 
-0.013625365482569677 1.046619364956155E-4 
-0.016759525589484833 3.457036984755816E-4 
-0.016759525589484833 3.457036984755816E-4 
-0.016598926683413843 3.2211166217190415E-4 
-0.012284302856756526 5.871845393570636E-5 
-0.012490889264396659 6.301854580616596E-5 
-0.01467141446527501 1.4065543254931435E-4 
-0.012034492210513828 5.514572310905122E-5 
-0.016856771641235713 3.6104025725806904E-4 
-0.01162677613676818 5.1012769426966265E-5 
-0.016222615490252598 2.70928840008433E-4 
-0.01719602833078327 5.099404286965297E-4 
-0.01336409227772113 9.125716262206487E-5 
