-0.01479245409648866 5.123216769697927E-4 
-0.0018537042900567413 5.4697695768932447E-5 
-0.01479245409648866 5.123216769697927E-4 
-0.009149465741275054 7.802435793099914E-5 
-0.0025971709820376493 5.50358548600275E-5 
-0.00672307149396561 7.625029656843716E-5 
-0.004477813767493287 5.574068546516612E-5 
-0.014519734179350915 4.397799356544669E-4 
-0.014792454096488656 5.123216769697921E-4 
-0.014368186229380214 3.7126146729141656E-4 
-0.014376799910985415 4.315297231961648E-4 
-0.013810823303458116 2.984235176461604E-4 
-0.013783323136447815 2.800615037308263E-4 
-0.014226425041305729 3.434843000143849E-4 
-0.012583686577122279 1.7725683068785318E-4 
-0.012421925225593877 1.7154755688057199E-4 
-0.0121031102716672 1.5970516992226187E-4 
-0.005349359351163814 6.107153692457578E-5 
-0.01153623645157437 1.2589608687937074E-4 
-0.012025490041330399 1.508843848119264E-4 
-0.011641793319493051 1.328663956193521E-4 
-0.006404491746217452 7.487279052095262E-5 
-0.006166226229794543 6.74340854399322E-5 
-0.012910683118924482 1.9711479028631143E-4 
-0.006275531633279587 7.20945046559182E-5 
-0.009919333377425447 8.299397177124938E-5 
-0.013719896854337575 2.7119860085966075E-4 
-0.00489120875565911 5.788456871675544E-5 
-0.01363009600102143 2.614473147175178E-4 
-0.011086972914319999 1.0664034369551158E-4 
-0.013859764123543613 3.0262976066057967E-4 
-0.005697236152375147 6.275054197741653E-5 
-0.009671825467309972 8.071211856201311E-5 
-0.01358501097807305 2.554316205001617E-4 
-0.01174125593272192 1.3607799615243402E-4 
-0.014272356849324798 3.514225899654516E-4 
-0.012303830799501257 1.685352259905893E-4 
-0.009344443493081004 8.040564575507084E-5 
-0.014293358805050008 3.553913983696495E-4 
-0.005548573326564218 6.11412248657194E-5 
-0.013301239292960888 2.297115622510014E-4 
-0.011945618369294314 1.4754698955902115E-4 
-0.013531597661385538 2.503109707469496E-4 
-0.013904717181875354 3.0995419065006456E-4 
-0.00598674450325235 6.53841553999473E-5 
-0.013355556669415295 2.342253889069245E-4 
-0.011452844228893666 1.2178094558495558E-4 
-0.01009031992423495 8.45826216967311E-5 
-0.010780809933793128 9.658419304040824E-5 
-0.011192574984282404 1.1107610568030941E-4 
-0.013681596727236863 2.6709751476714655E-4 
-0.0058748714856004846 6.441849975960916E-5 
-0.014161051309949851 3.35283896511241E-4 
-0.006640178797819732 7.624047034522815E-5 
-0.005117126980705551 5.862653293628067E-5 
-0.013197749548890195 2.168733738148977E-4 
-0.012861076960699963 1.9184993931972407E-4 
-0.013089760675629952 2.0914496592283285E-4 
-0.013472877693343452 2.4568599767515233E-4 
-0.013962693217337228 3.1267503789684625E-4 
-0.014519734179350915 4.397799356544669E-4 
-0.010377484357529772 8.969763700483135E-5 
-0.013018521458459408 2.0265613226174206E-4 
-0.012675996691117223 1.8194936601662677E-4 
-0.013993411044474212 3.1889169960783615E-4 
-0.010681313165181854 9.483847482301378E-5 
-0.013151894699410334 2.1277071653581818E-4 
-0.013763350572631148 2.7987242671179293E-4 
-0.011819172170634213 1.410109093338141E-4 
-0.009725638225682523 8.169814415839443E-5 
-0.011865229050751217 1.427953262174068E-4 
-0.010941642235099623 1.0506495961627548E-4 
-0.014332413338326504 3.633374303433076E-4 
-0.01021013390462989 8.57159043804736E-5 
-0.004654320569804136 5.748013520778973E-5 
-0.011377871956683131 1.183658484713619E-4 
-0.013409994933907928 2.3912703565151115E-4 
-0.010854186462452089 1.0166779904837334E-4 
-0.012792756372056104 1.8881001145538685E-4 
-0.010314596010698214 8.742252105348067E-5 
-0.01444193816892609 4.334821718771295E-4 
-0.011272419936230661 1.1302392618870043E-4 
-0.013254546962163823 2.2396406057577308E-4 
-0.014039001966500094 3.216422774136109E-4 
-0.014792454096488656 5.123216769697921E-4 
-0.010543321115336925 9.117194396916961E-5 
-0.009298164182523657 7.978630814722281E-5 
-0.012222168865107848 1.6438287163045496E-4 
-0.014338468552448842 3.64635311868302E-4 
-0.013234122463796252 2.2237935171814824E-4 
-0.011321050105772935 1.1624586312805195E-4 
-0.014490630986270757 4.37356926157468E-4 
-0.013041887667175449 2.0426028641884323E-4 
-0.014109816441223038 3.282675334244547E-4 
-0.012199906244756014 1.6296439461282325E-4 
-0.014155200436122641 3.3318752787536016E-4 
-0.013414016314022533 2.421764889815086E-4 
-0.00506431815459867 5.8537047180904026E-5 
-0.010560514988120454 9.27830980009191E-5 
-0.004632406618349188 5.669444129596792E-5 
