0.0 0.30000000000000027 0.0 0.0 0.0 0.0 0.0 0.35 0.35 0.0 0.0 
0.22025982762974258 0.0 0.28791825118445363 0.0 0.0 0.0 0.0 0.27983303300968004 0.11169477932640795 0.10029410884971589 0.0 
0.0 0.30000000000000027 0.0 0.0 0.0 0.0 0.0 0.35 0.35 0.0 0.0 
0.0 0.19986561353903942 0.0 0.0 0.0 0.0 0.10013438646096066 0.3499999999999999 0.3499999999999999 0.0 0.0 
0.0 0.2999999999999998 0.0 0.0 0.0 0.0 0.0 0.35 0.35 0.0 0.0 
0.0 0.2125558515412892 0.0 0.0 0.0 0.0 0.10850109409900054 0.35 0.32894305435971016 0.0 0.0 
0.10071199753352998 0.19928800246647008 0.0 0.0 0.0 0.0 0.0 0.35 0.35 0.0 0.0 
0.21186223384722117 0.0 0.28931217218316724 0.0 0.0 0.0 0.0 0.285735900162805 0.11247737091372782 0.1006123228930788 0.0 
0.2110781413065789 0.0 0.1833074752245755 0.0 0.0 0.0 0.0 0.35 0.15215149475939807 0.10346288870944757 0.0 
0.21792091348866313 0.0 0.1675593868448631 0.0 0.0 0.0 0.0 0.349730329595976 0.16354666635083928 0.10124270371965864 0.0 
0.21399296777323648 0.0 0.27794978915282986 0.0 0.0 0.0 0.0 0.30626165158214846 0.10139559396214232 0.10039999752964286 0.0 
0.18821640809336146 0.14425037969104976 0.0 0.0 0.0 0.0 0.0 0.35 0.31753321221558867 0.0 0.0 
0.10932910673399888 0.10586112483609425 0.0 0.0 0.0 0.0 0.0 0.34948927587471956 0.33172442599943974 0.1035960665557476 0.0 
0.18633964614670345 0.0 0.1730004308798083 0.0 0.0 0.0 0.0 0.35 0.18957854590364265 0.10108137706984573 0.0 
0.19322428439452632 0.10290231551078191 0.0 0.0 0.0 0.0 0.0 0.35 0.2478817337212792 0.10599166637341263 0.0 
0.23231390457437623 0.0 0.19511105374206378 0.0 0.0 0.0 0.0 0.35 0.1188778492517498 0.10369719243181029 0.0 
0.0 0.2999999999999998 0.0 0.0 0.0 0.0 0.0 0.35 0.35 0.0 0.0 
0.17205581509842283 0.11685545857695244 0.0 0.0 0.0 0.0 0.0 0.35 0.24942872789118223 0.11165999843344243 0.0 
0.2294789902191413 0.11021688731817425 0.0 0.0 0.0 0.0 0.0 0.35 0.2038314873072977 0.10647263515538676 0.0 
0.10071716200178737 0.10128626955070902 0.0 0.0 0.0 0.0 0.0 0.34944994297616155 0.34812275151444555 0.10042387395689664 0.0 
0.2094785464623463 0.0 0.24477014374016867 0.0 0.0 0.0 0.0 0.3394431752296571 0.10501041611230942 0.10129771845551859 0.0 
0.1266073077951505 0.1733926922048496 0.0 0.0 0.0 0.0 0.0 0.35 0.35 0.0 0.0 
0.19533920440449629 0.10785712318277685 0.0 0.0 0.0 0.0 0.0 0.35 0.23213327283589813 0.11467039957682876 0.0 
0.20898813331429822 0.0 0.22124242652221343 0.0 0.0 0.0 0.0 0.35 0.11783474075146674 0.10193469941202146 0.0 
0.21414420556992883 0.0 0.14179448237185105 0.0 0.0 0.0 0.0 0.35 0.18803300378879342 0.10602830826942669 0.0 
0.11675528871651183 0.10601582437658172 0.0 0.0 0.0 0.0 0.0 0.35 0.3267153189967311 0.10051356791017538 0.0 
0.11164321840058727 0.1883567815994127 0.0 0.0 0.0 0.0 0.0 0.35 0.35 0.0 0.0 
0.20011242827652514 0.1104926729522861 0.0 0.0 0.0 0.0 0.0 0.35 0.23780558056731527 0.10158931820387358 0.0 
0.22386719357124993 0.0 0.2489273704330754 0.0 0.0 0.0 0.0 0.3120634345150504 0.11472850195510943 0.10041349952551475 0.0 
0.2070773413783105 0.0 0.20517865828161044 0.0 0.0 0.0 0.0 0.3457645756812746 0.1413833862472325 0.10059603841157205 0.0 
0.20777703864969782 0.0 0.23889131253470308 0.0 0.0 0.0 0.0 0.3425835875323369 0.10796161722358702 0.10278644405967523 0.0 
0.2370867820381005 0.11113237155685302 0.0 0.0 0.0 0.0 0.0 0.35 0.19071381073546775 0.11106703566957883 0.0 
0.21421842230553337 0.0 0.19031825448334916 0.0 0.0 0.0 0.0 0.35 0.1435683778507018 0.10189494536041561 0.0 
0.18895968066297145 0.0 0.17538553650314934 0.0 0.0 0.0 0.0 0.35 0.18034923530276387 0.10530554753111536 0.0 
0.20264886000920407 0.11221266466735899 0.0 0.0 0.0 0.0 0.0 0.35 0.3351384753234369 0.0 0.0 
0.11871390181671053 0.18128609818328956 0.0 0.0 0.0 0.0 0.0 0.35 0.35 0.0 0.0 
0.20332919954124237 0.0 0.11902900406437988 0.0 0.0 0.0 0.0 0.34812696213365396 0.2214643923561939 0.10805044190452978 0.0 
0.21073024605116156 0.0 0.22632789580728363 0.0 0.0 0.0 0.0 0.3354708607181975 0.12575760179390108 0.10171339562945636 0.0 
0.169699107923059 0.11643970201997325 0.0 0.0 0.0 0.0 0.0 0.35 0.25502626475015916 0.10883492530680865 0.0 
0.21984315368176074 0.0 0.2180316085535721 0.0 0.0 0.0 0.0 0.34492056606551613 0.11636529925440532 0.1008393724447456 0.0 
0.0 0.20746578336999413 0.0 0.0 0.0 0.0 0.10459792597638115 0.35 0.3379362906536246 0.0 0.0 
0.17471040950790503 0.10298649244072092 0.0 0.0 0.0 0.0 0.0 0.34673633276304416 0.27264081968708154 0.10292594560124824 0.0 
0.1363762888012492 0.10131217165550237 0.0 0.0 0.0 0.0 0.0 0.35 0.3064521813912724 0.10585935815197596 0.0 
0.15087971766383562 0.10519311275699546 0.0 0.0 0.0 0.0 0.0 0.35 0.29291737815862384 0.10100979142054502 0.0 
0.14573270717354903 0.10335266802298122 0.0 0.0 0.0 0.0 0.0 0.35 0.28779253460181553 0.11312209020165424 0.0 
0.19189551101973634 0.0 0.17815857643187166 0.0 0.0 0.0 0.0 0.35 0.17585071376216294 0.10409519878622919 0.0 
0.18256309361146153 0.13608564836187959 0.0 0.0 0.0 0.0 0.0 0.35 0.33135125802665905 0.0 0.0 
0.13672759423001293 0.16327240576998697 0.0 0.0 0.0 0.0 0.0 0.35 0.35 0.0 0.0 
0.12022586700982785 0.10193809045472477 0.0 0.0 0.0 0.0 0.0 0.35 0.3234944213302251 0.10434162120522243 0.0 
0.1832588837113371 0.0 0.12085623001309133 0.0 0.0 0.0 0.0 0.35 0.22952834450890647 0.11635654176666507 0.0 
0.1527992376065572 0.1487267311196056 0.0 0.0 0.0 0.0 0.0 0.34974617135887304 0.3487278599149641 0.0 0.0 
0.1301894630900154 0.10253252175771306 0.0 0.0 0.0 0.0 0.0 0.35 0.310143534017245 0.1071344811350268 0.0 
0.21343980437728577 0.10546279848762834 0.0 0.0 0.0 0.0 0.0 0.35 0.2258449625768014 0.10525243455828474 0.0 
0.21361509081609242 0.0 0.26459691971241206 0.0 0.0 0.0 0.0 0.31082981789380004 0.10970471864127977 0.10125345293641567 0.0 
0.2076063884566396 0.0 0.1968774773689818 0.0 0.0 0.0 0.0 0.34104576926729757 0.15361732087693722 0.10085304403014378 0.0 
0.20084801880396735 0.0 0.14458078858751766 0.0 0.0 0.0 0.0 0.35 0.1969217089109408 0.10764948369757409 0.0 
0.1003526222472968 0.1007868332437723 0.0 0.0 0.0 0.0 0.0 0.34818512977166505 0.34686274200020395 0.10381267273706186 0.0 
0.16907557523943975 0.15092294001360806 0.0 0.0 0.0 0.0 0.0 0.35 0.33000148474695207 0.0 0.0 
0.2125366651276736 0.0 0.13124749989261134 0.0 0.0 0.0 0.0 0.3465758655084552 0.20867784487452468 0.10096212459673518 0.0 
0.17851574516937066 0.1294839707617437 0.0 0.0 0.0 0.0 0.0 0.35 0.3420002840688858 0.0 0.0 
0.2153579478128114 0.0 0.2443748883181066 0.0 0.0 0.0 0.0 0.33045869508424164 0.10867432613088913 0.10113414265395122 0.0 
0.15278973222799078 0.15910519203782023 0.0 0.0 0.0 0.0 0.0 0.35 0.33810507573418896 0.0 0.0 
0.118868073316414 0.10115977848757825 0.0 0.0 0.0 0.0 0.0 0.35 0.3198409755613471 0.11013117263466071 0.0 
0.1531302633432589 0.11414591393396754 0.0 0.0 0.0 0.0 0.0 0.3499999999999999 0.2779307931138001 0.10479302960897346 0.0 
0.2197420379062553 0.0 0.2474518544991422 0.0 0.0 0.0 0.0 0.3242376534645913 0.10616091411990794 0.10240754001010331 0.0 
0.22418868537646947 0.0 0.2618545806907505 0.0 0.0 0.0 0.0 0.302360428563005 0.10882207933540598 0.10277422603436923 0.0 
0.13967077285493545 0.11111492004776415 0.0 0.0 0.0 0.0 0.0 0.35 0.2966205911425323 0.10259371595476828 0.0 
0.0 0.183590985360646 0.0 0.0 0.0 0.0 0.11640901463935409 0.35 0.35 0.0 0.0 
0.17251001742875616 0.0 0.11367404314104493 0.0 0.0 0.0 0.0 0.35 0.2564874337143986 0.10732850571580041 0.0 
0.21477203676097104 0.0 0.12110569871791134 0.0 0.0 0.0 0.0 0.35 0.20722424052047905 0.10689802400063855 0.0 
0.21153537782883797 0.0 0.25013746325292113 0.0 0.0 0.0 0.0 0.33042840698033255 0.1073130844313678 0.10058566750654054 0.0 
0.21995210422647699 0.0 0.2607212902466527 0.0 0.0 0.0 0.0 0.30431574398177647 0.11467423227838909 0.10033662926670485 0.0 
0.24352492926146635 0.1207441649406389 0.0 0.0 0.0 0.0 0.0 0.35 0.17532174508321147 0.11040916071468335 0.0 
0.22900127763336345 0.10308250159183073 0.0 0.0 0.0 0.0 0.0 0.35 0.21244820413412718 0.1054680166406788 0.0 
0.20450967038639772 0.0 0.10527793624531656 0.0 0.0 0.0 0.0 0.35 0.23754295130336028 0.10266944206492551 0.0 
0.14007039663674348 0.10933335369766026 0.0 0.0 0.0 0.0 0.0 0.3496029544812841 0.2958159272892693 0.10517736789504299 0.0 
0.10385896207235876 0.10088730250510783 0.0 0.0 0.0 0.0 0.0 0.35 0.3402921607686692 0.10496157465386402 0.0 
0.1420760562589924 0.15792394374100768 0.0 0.0 0.0 0.0 0.0 0.35 0.35 0.0 0.0 
0.22538429211857816 0.10145435384113381 0.0 0.0 0.0 0.0 0.0 0.34700043126190383 0.2223587321645508 0.10380219061383357 0.0 
0.2255938247780699 0.1015486727503068 0.0 0.0 0.0 0.0 0.0 0.34977481555367246 0.22256545205649048 0.10051723486146041 0.0 
0.165360982886637 0.0 0.12031123213382043 0.0 0.0 0.0 0.0 0.34986461472497477 0.2622063244316774 0.10225684582289041 0.0 
0.17395865923215184 0.0 0.1477098031822495 0.0 0.0 0.0 0.0 0.35 0.2178799862681619 0.1104515513174368 0.0 
0.2030895148504722 0.0 0.26626501771442623 0.0 0.0 0.0 0.0 0.32675048885041014 0.10321621011680775 0.10067876846788369 0.0 
0.14896296094699746 0.15103703905300256 0.0 0.0 0.0 0.0 0.0 0.35 0.35 0.0 0.0 
0.2218635597247839 0.0 0.11274446779220278 0.0 0.0 0.0 0.0 0.35 0.21299493724512666 0.1023970352378867 0.0 
0.1816459118351932 0.0 0.10597431477171958 0.0 0.0 0.0 0.0 0.35 0.25008019679311344 0.11229957659997371 0.0 
0.16322555038247094 0.1139110239995487 0.0 0.0 0.0 0.0 0.0 0.35 0.26768803391268214 0.10517539170529824 0.0 
0.15860522521965253 0.1128870843875287 0.0 0.0 0.0 0.0 0.0 0.34882300718064324 0.2772781171791232 0.10240656603305234 0.0 
0.10385896207235876 0.10088730250510783 0.0 0.0 0.0 0.0 0.0 0.35 0.34029216076866925 0.10496157465386402 0.0 
0.12449333571881571 0.10354089152213168 0.0 0.0 0.0 0.0 0.0 0.35 0.3131936819797806 0.10877209077927197 0.0 
0.1254004203333887 0.10802789294163798 0.0 0.0 0.0 0.0 0.0 0.3499608881934373 0.3135996991762597 0.10301109935527648 0.0 
0.23407095046121448 0.10892882182991832 0.0 0.0 0.0 0.0 0.0 0.35 0.1892629252285968 0.11773730248027064 0.0 
0.19983665762747826 0.0 0.11059510463163429 0.0 0.0 0.0 0.0 0.349154431306575 0.22938340676732943 0.111030399666983 0.0 
0.2146365058788866 0.0 0.13254421191452895 0.0 0.0 0.0 0.0 0.3474352568812416 0.20342440515093907 0.1019596201744037 0.0 
0.18194153545277714 0.0 0.10973288418669584 0.0 0.0 0.0 0.0 0.35 0.24204309757396777 0.11628248278655924 0.0 
0.21530475235497004 0.0 0.1260394980207546 0.0 0.0 0.0 0.0 0.35 0.19424142207767445 0.11441432754660082 0.0 
0.17945670604332237 0.12054329395667779 0.0 0.0 0.0 0.0 0.0 0.35 0.35 0.0 0.0 
0.10379730221357648 0.19620269778642352 0.0 0.0 0.0 0.0 0.0 0.35 0.35 0.0 0.0 
0.1603349753779578 0.11534725572636724 0.0 0.0 0.0 0.0 0.0 0.35 0.27052001598280206 0.10379775291287283 0.0 
0.1976030824768497 0.0 0.11092582191061431 0.0 0.0 0.0 0.0 0.35 0.23408103813848752 0.10739005747404849 0.0 
