4.933249753843983E-5 4.525590519992443E-5 
-0.010175008133135596 0.006884268085166453 
-0.010175008133135596 0.006884268085166453 
-0.0014300377178748768 5.4706204553712565E-5 
-0.0021172739025463864 6.095636845189392E-5 
-0.0015008304284978918 5.8972514265563406E-5 
-0.009075559521624007 0.0023093003823976897 
-0.008995427563099208 0.0020879572952457095 
-0.0061150947928876 2.4293484751437255E-4 
-0.0029167724025930897 8.482466829303281E-5 
-0.005353683911608727 1.8586636562082016E-4 
-0.002553679537825761 7.094493233195783E-5 
-0.009831502133516225 0.004945167944478451 
-0.006934378493669184 3.139568613737026E-4 
-0.006675208604468181 2.847838881170354E-4 
-0.00920714502637661 0.0028052074342216323 
-0.007570590027174039 6.118422288847901E-4 
-0.0022078700506040576 7.092423211590975E-5 
-0.003283099294114556 8.507227074075745E-5 
-0.009793393353246476 0.004787031788052181 
-0.006461603303361725 2.6474787209162295E-4 
-0.004362924842794792 1.301852622254229E-4 
-0.008472678728997006 9.935215221089525E-4 
-0.007947237561119085 6.798573663135164E-4 
-0.008635755710239309 0.0013515217688372222 
-0.008371249623557104 9.655042176523283E-4 
-0.009173782988034273 0.002627566317632555 
-0.00478508171111499 1.5389409089900326E-4 
-0.007474442854671689 5.003151577932961E-4 
-0.009336265623966089 0.0032643553818032995 
-0.005129175796148995 1.7209581689295032E-4 
-0.008148938897086799 6.820852164317237E-4 
-0.010154865702650881 0.006787289686973105 
-0.0037137438555919383 1.0199143479058531E-4 
-0.0038999970530721566 1.0939865292444614E-4 
-0.009241086086628625 0.002891624596287808 
-0.010001967899204076 0.005866624334359568 
-0.009974311898204361 0.00579963702823532 
-0.009342315927894461 0.0034115177586725 
-0.007088990239401961 3.483572360442748E-4 
-0.0027245134836234447 8.075445840467597E-5 
-0.008246730515517097 7.471507726830048E-4 
-0.0035238348933631586 9.64493736119078E-5 
-0.00950919830105148 0.004028305379504912 
-0.009867833449960041 0.005135510903830927 
-0.009395318632535201 0.003571836135065929 
-0.009773613019730672 0.004689142936852293 
-0.008694867125744899 0.001431725312913201 
-0.009499005206281354 0.0038460721230248185 
-0.009928095292812432 0.005449669193836945 
-0.009885487772998233 0.0053218574026809625 
-0.01013290346225831 0.006645882678261166 
-0.01000994425722384 0.006034520845337665 
-0.008771151096366283 0.001593411735929418 
-0.005943547941482531 2.2594247743123357E-4 
-0.009295722552313913 0.003174692467577758 
-0.009444998195664637 0.0036929446473347722 
-0.009836771490247122 0.005108025520328809 
-0.0056403986144288164 2.0397426656698452E-4 
-0.00872785745523873 0.001530253118519631 
-0.009939785361630572 0.005560140707107665 
-0.010099567023078734 0.006451848730483446 
-0.009701760427178713 0.004452370514728584 
-0.009625451926032017 0.004218361682778827 
-0.004117148288158019 1.2480742375124644E-4 
-0.007179073225344208 4.080093086502389E-4 
-0.009361243796092239 0.003505579633891278 
-0.008824353166293994 0.0016881635541975543 
-0.004539298115011093 1.4045932659069812E-4 
-0.010057347193426006 0.006177654698992686 
-0.007769788572182546 6.588391565569468E-4 
-0.008612393174034502 0.001211397235556352 
-0.010076062866379673 0.006289172448209339 
-0.01011221639467396 0.006580217333350465 
-0.009645352160994408 0.00427871053275183 
-0.008330716913464159 8.152346815751365E-4 
-0.007716030082073187 6.4440180131318E-4 
-0.009742121730239464 0.004578985243158947 
-0.009962798584022924 0.005634651095179593 
-0.0033521063032958287 9.442541413331653E-5 
-0.008868514946969398 0.0017558702799548335 
-0.007269638446893606 4.26335798343011E-4 
-0.009101850378221562 0.0024425471392413565 
-0.00650587967136266 2.6912356770722326E-4 
-0.009269617369549033 0.003022704693114157 
-0.004078617825741946 1.2041958180518321E-4 
-0.009280231690662702 0.003081805643335989 
-0.004983618177035291 1.6577140176220285E-4 
-0.008912325958095796 0.0018647662302342476 
-0.009907214063121927 0.005345275827716637 
-0.008556823493505285 0.0011222130144921936 
-0.009729519665043495 0.004539241012654051 
-0.009102529933607665 0.0024614950340075188 
-0.00896368660829148 0.0019826854892435915 
-0.004916671816609479 1.5728465412590307E-4 
-0.009589281058658788 0.004109895110076776 
-0.009463763380722325 0.0037457509165127706 
-0.009125383331103284 0.0025732565289398883 
-0.010107084397939375 0.006476048619162468 
-0.008951823277456191 0.0019719679387122766 
