0.14661100454946277 0.10513091664631272 0.0 0.0 0.0 0.0 0.11864309672259038 0.0 0.0 0.13112121734519458 0.0 
0.0 0.2999999999966999 0.0 0.0 0.0 0.0 0.0 0.35 0.35 0.0 0.0 
0.12037013674263382 0.0 0.13472683776910108 0.0 0.0 0.0 0.21755382012649893 0.1367560985214875 0.0 0.0 0.0 
0.17110944473087616 0.13266223206251465 0.1276698735661593 0.0 0.0 0.0 0.28359839532046877 0.18607249447661534 0.0 0.0 0.0 
0.22117558798095693 0.16071577563790623 0.0 0.0 0.0 0.0 0.3046134627375327 0.2605618227312531 0.0 0.0 0.0 
0.22467977100602646 0.34666768440820717 0.0 0.0 0.0 0.0 0.0 0.30894680200170394 0.10067721046799266 0.0 0.0 
0.20704031973864448 0.19599144806495689 0.0 0.0 0.0 0.0 0.30932822547001143 0.2876400067263872 0.0 0.0 0.0 
0.15983199509388937 0.14185955763441999 0.10929705277547341 0.0 0.0 0.0 0.2865542728998628 0.204422699794582 0.0 0.0 0.0 
0.2286439693727984 0.34625969054900185 0.0 0.0 0.0 0.0 0.0 0.32359115755422463 0.10150518252397511 0.0 0.0 
0.0 0.31300108282283523 0.0 0.0 0.0 0.0 0.0 0.35 0.3330140924349942 0.0 0.0 
0.10510136910262292 0.35 0.0 0.0 0.0 0.0 0.0 0.35 0.19460943277793882 0.0 0.0 
0.1491931494073248 0.13175068840552015 0.10685499068806344 0.0 0.0 0.0 0.29587889998478567 0.2270361126217262 0.0 0.0 0.0 
0.19996477723859635 0.1453030805412809 0.0 0.0 0.0 0.0 0.2754009326989228 0.23557385928063504 0.0 0.0 0.0 
0.0 0.3049421954873071 0.0 0.0 0.0 0.0 0.0 0.35 0.3446642801422728 0.0 0.0 
0.0 0.35 0.0 0.0 0.0 0.0 0.0 0.35 0.2874133654085158 0.0 0.0 
0.1612835711419007 0.35 0.0 0.0 0.0 0.0 0.0 0.35 0.11317123720012777 0.0 0.0 
0.17120266703466133 0.35 0.0 0.0 0.0 0.0 0.0 0.35 0.12027790964381163 0.0 0.0 
0.0 0.30967647329797793 0.0 0.0 0.0 0.0 0.0 0.35 0.3403048170686127 0.0 0.0 
0.13349870546442225 0.35 0.0 0.0 0.0 0.0 0.0 0.35 0.10030630594476816 0.0 0.0 
0.0 0.3000316141811626 0.0 0.0 0.0 0.0 0.0 0.35 0.34928688831550564 0.0 0.0 
0.1757412443180248 0.1362532955053527 0.1332731946582609 0.0 0.0 0.0 0.2906074506895804 0.1911093321827515 0.0 0.0 0.0 
0.0 0.3231931022595095 0.0 0.0 0.0 0.0 0.0 0.3490848238123527 0.32772207392813785 0.0 0.0 
0.0 0.34667964324756806 0.0 0.0 0.0 0.0 0.0 0.35 0.3027156352932559 0.0 0.0 
0.1428681899080013 0.35 0.0 0.0 0.0 0.0 0.0 0.35 0.1518201616726968 0.0 0.0 
0.0 0.33431208933309386 0.0 0.0 0.0 0.0 0.0 0.35 0.3146964082824224 0.0 0.0 
0.3391372656351172 0.31086236468849904 0.0 0.0 0.0 0.0 0.0 0.35 0.0 0.0 0.0 
0.16332345724721353 0.14955929321623185 0.0 0.0 0.0 0.0 0.27036636468271313 0.22906057979861102 0.0 0.0 0.0 
0.18791230680132903 0.35 0.0 0.0 0.0 0.0 0.0 0.35 0.10152084163446443 0.0 0.0 
0.0 0.33248709406491544 0.0 0.0 0.0 0.0 0.0 0.35 0.31748009643834263 0.0 0.0 
0.0 0.35 0.0 0.0 0.0 0.0 0.0 0.35 0.2740956897679123 0.0 0.0 
0.0 0.3375424804812085 0.0 0.0 0.0 0.0 0.0 0.35 0.3071852269527693 0.0 0.0 
0.10887306790683628 0.3322662033077755 0.0 0.0 0.0 0.0 0.0 0.34892601138011486 0.2021444980306189 0.0 0.0 
0.16133566581536404 0.2317427854362383 0.0 0.0 0.0 0.0 0.21032919084744936 0.35 0.0 0.0 0.0 
0.13887378534195138 0.35 0.0 0.0 0.0 0.0 0.0 0.35 0.1581013561710349 0.0 0.0 
0.1827528399325542 0.16855512206835413 0.0 0.0 0.0 0.0 0.2803728049820535 0.33268928846366325 0.0 0.0 0.0 
0.0 0.35 0.0 0.0 0.0 0.0 0.0 0.35 0.2546730558097575 0.0 0.0 
0.1294280627429009 0.34986766739875824 0.0 0.0 0.0 0.0 0.0 0.35 0.17063219960649156 0.0 0.0 
0.16957826550931132 0.13828640185289462 0.11065469891682124 0.0 0.0 0.0 0.35 0.2295519549750997 0.0 0.0 0.0 
0.0 0.3063769625423092 0.0 0.0 0.0 0.0 0.0 0.35 0.3433523112816542 0.0 0.0 
0.0 0.3495819409720578 0.0 0.0 0.0 0.0 0.0 0.35 0.2920241338560124 0.0 0.0 
0.10349330159977764 0.32262620019882554 0.0 0.0 0.0 0.0 0.0 0.34893255349898356 0.221368330780647 0.0 0.0 
0.0 0.3465756854719444 0.0 0.0 0.0 0.0 0.0 0.35 0.25730668431017695 0.0 0.0 
0.18362673173605218 0.3422071408379712 0.0 0.0 0.0 0.0 0.0 0.3422061660952694 0.1319599613307071 0.0 0.0 
0.10883040817619573 0.3321360114521901 0.0 0.0 0.0 0.0 0.0 0.34878929171247686 0.20773805917539498 0.0 0.0 
0.1756048604882772 0.14745212793418883 0.0 0.0 0.0 0.0 0.29268672927505374 0.21083168260759544 0.0 0.0 0.0 
0.0 0.35 0.0 0.0 0.0 0.0 0.0 0.35 0.2843269336879275 0.0 0.0 
0.25768495759353655 0.19060086816238914 0.0 0.0 0.0 0.0 0.20279273957951716 0.34892143466455716 0.0 0.0 0.0 
0.1689729209958446 0.3489156376389596 0.0 0.0 0.0 0.0 0.0 0.3496913158932398 0.1324201254719561 0.0 0.0 
0.10675202059433869 0.30772010119964716 0.0 0.0 0.0 0.0 0.0 0.35 0.22805641933829277 0.0 0.0 
0.14739397255640124 0.34916662139531074 0.0 0.0 0.0 0.0 0.0 0.34916662139531074 0.14110864806282436 0.0 0.0 
0.10445957319479918 0.30934088556106876 0.0 0.0 0.0 0.0 0.0 0.35 0.23591142272181592 0.0 0.0 
0.15098450235215163 0.17790513576816122 0.0 0.0 0.0 0.0 0.35 0.24953034392624557 0.0 0.0 0.0 
0.20075135025690366 0.1724025145225563 0.0 0.0 0.0 0.0 0.2867725168449419 0.34007361837559813 0.0 0.0 0.0 
0.11166675124320015 0.35 0.0 0.0 0.0 0.0 0.0 0.35 0.17692710647668836 0.0 0.0 
0.18149741163379482 0.1675712059422139 0.0 0.0 0.0 0.0 0.3186551614860709 0.256647091365835 0.0 0.0 0.0 
0.11101073426045216 0.3202101077123211 0.0 0.0 0.0 0.0 0.0 0.35 0.21189991721400142 0.0 0.0 
0.10791734349800941 0.3110792252691623 0.0 0.0 0.0 0.0 0.0 0.35 0.23034145494104594 0.0 0.0 
0.10380906275162645 0.3074144993965138 0.0 0.0 0.0 0.0 0.0 0.3489248074089112 0.23444231041883823 0.0 0.0 
0.0 0.35 0.0 0.0 0.0 0.0 0.0 0.35 0.27859490811470566 0.0 0.0 
0.0 0.324009427007864 0.0 0.0 0.0 0.0 0.0 0.3499194818354858 0.3229616242784542 0.0 0.0 
0.10766709373413039 0.2979363603825204 0.0 0.0 0.0 0.0 0.0 0.35 0.23895196899710733 0.0 0.0 
0.1058467905116248 0.30349770866145653 0.0 0.0 0.0 0.0 0.0 0.35 0.2405594697160704 0.0 0.0 
0.0 0.3268654201079066 0.0 0.0 0.0 0.0 0.0 0.35 0.3200707909930622 0.0 0.0 
0.10618199251000104 0.35 0.0 0.0 0.0 0.0 0.0 0.35 0.1899777202569034 0.0 0.0 
0.0 0.35 0.0 0.0 0.0 0.0 0.0 0.35 0.26101959416149756 0.0 0.0 
0.18423853554168457 0.20854881563446032 0.0 0.0 0.0 0.0 0.30527748065991817 0.2948171854643763 0.0 0.0 0.0 
0.0 0.34121567268746084 0.0 0.0 0.0 0.0 0.0 0.35 0.3085331497255772 0.0 0.0 
0.10993008233118576 0.32791914999355304 0.0 0.0 0.0 0.0 0.0 0.35 0.20983714323205976 0.0 0.0 
0.0 0.3455599765485346 0.0 0.0 0.0 0.0 0.0 0.3489723036498442 0.30173795857437063 0.0 0.0 
0.11356348600517129 0.35 0.0 0.0 0.0 0.0 0.0 0.35 0.18253816601650438 0.0 0.0 
0.15309925469674188 0.33078720899510017 0.0 0.0 0.0 0.0 0.0 0.35 0.1630823367608372 0.0 0.0 
0.10929503713972948 0.33749861944947807 0.0 0.0 0.0 0.0 0.0 0.35 0.20292796781251715 0.0 0.0 
0.0 0.33543728357965524 0.0 0.0 0.0 0.0 0.0 0.35 0.31145713323052815 0.0 0.0 
0.13995342149244172 0.3480577309058198 0.0 0.0 0.0 0.0 0.0 0.3480577309058198 0.16393111669591848 0.0 0.0 
0.0 0.35 0.0 0.0 0.0 0.0 0.0 0.35 0.26411505763801263 0.0 0.0 
0.10266503836106543 0.3218270726505328 0.0 0.0 0.0 0.0 0.0 0.35 0.22510265275363833 0.0 0.0 
0.26123957023702965 0.23940226710365012 0.0 0.0 0.0 0.0 0.0 0.35 0.0 0.0 0.0 
0.0 0.35 0.0 0.0 0.0 0.0 0.0 0.35 0.28182828067251203 0.0 0.0 
0.14188326758473485 0.35 0.0 0.0 0.0 0.0 0.0 0.35 0.14563390058657036 0.0 0.0 
0.0 0.3142533272565967 0.0 0.0 0.0 0.0 0.0 0.35 0.33434640425914175 0.0 0.0 
0.10496038924508798 0.35 0.0 0.0 0.0 0.0 0.0 0.35 0.1805814500923945 0.0 0.0 
0.0 0.33650298952154023 0.0 0.0 0.0 0.0 0.0 0.34908524887935827 0.311495866357283 0.0 0.0 
0.0 0.31235014333582334 0.0 0.0 0.0 0.0 0.0 0.3495892564592761 0.33806060020490064 0.0 0.0 
0.20598174434951005 0.17275151684751155 0.0 0.0 0.0 0.0 0.31095358317075344 0.31031315563222495 0.0 0.0 0.0 
0.1048972107543117 0.3284276400891355 0.0 0.0 0.0 0.0 0.0 0.35 0.2166749700681139 0.0 0.0 
0.1999127430295535 0.1716823301028404 0.0 0.0 0.0 0.0 0.28557456970822875 0.33865301426092626 0.0 0.0 0.0 
0.10643488270889824 0.3256235619765956 0.0 0.0 0.0 0.0 0.0 0.35 0.21715926412528352 0.0 0.0 
0.0 0.312708880253928 0.0 0.0 0.0 0.0 0.0 0.34966299608404866 0.33762812366202327 0.0 0.0 
0.0 0.3278699444038972 0.0 0.0 0.0 0.0 0.0 0.35 0.32105443400394823 0.0 0.0 
0.3069723936840944 0.2813122335162589 0.0 0.0 0.0 0.0 0.0 0.35 0.0 0.0 0.0 
0.0 0.35 0.0 0.0 0.0 0.0 0.0 0.35 0.2988998568241817 0.0 0.0 
0.0 0.35 0.0 0.0 0.0 0.0 0.0 0.35 0.295244735696693 0.0 0.0 
0.0 0.3231931022595095 0.0 0.0 0.0 0.0 0.0 0.3490848238123527 0.32772207392813785 0.0 0.0 
0.3427320603332673 0.19808703913239153 0.0 0.0 0.0 0.0 0.0 0.35 0.0 0.0 0.0 
0.1099484703600112 0.35 0.0 0.0 0.0 0.0 0.0 0.35 0.18656990776117824 0.0 0.0 
0.0 0.35 0.0 0.0 0.0 0.0 0.0 0.35 0.29651313293072074 0.0 0.0 
0.33730933229573723 0.30918683168769934 0.0 0.0 0.0 0.0 0.0 0.3481135170516137 0.0 0.0 0.0 
0.0 0.35 0.0 0.0 0.0 0.0 0.0 0.35 0.2931728577177778 0.0 0.0 
0.19966582460798116 0.16745451968360314 0.0 0.0 0.0 0.0 0.3014189621253327 0.30712256960818285 0.0 0.0 0.0 
0.2059123366580196 0.15092577013691327 0.0 0.0 0.0 0.0 0.32159445232958145 0.32156744087548567 0.0 0.0 0.0 
