0.19118955437596993 0.0 0.0 0.18445245815493758 0.0 0.0 0.35 0.0 0.0 0.0 0.0 
0.0 0.2999999999974553 0.0 0.0 0.0 0.0 0.0 0.35 0.35 0.0 0.0 
0.19700895023919562 0.0 0.0 0.17812489757100086 0.0 0.0 0.284516176413252 0.11102345451317198 0.0 0.0 0.0 
0.0 0.314528088030199 0.0 0.0 0.0 0.0 0.0 0.35 0.3354475306267334 0.0 0.0 
0.18418972789312682 0.145299943145802 0.10278861854337705 0.0 0.0 0.0 0.2866681267326087 0.1861333138151167 0.0 0.0 0.0 
0.0 0.31754828244947486 0.0 0.0 0.0 0.0 0.0 0.35 0.32793473800269496 0.0 0.0 
0.1938961327576296 0.135814650463699 0.1638837756683868 0.0 0.0 0.0 0.2680911287156042 0.16482479989410678 0.0 0.0 0.0 
0.19122720363824922 0.15970903442925757 0.0 0.0 0.0 0.0 0.34536501376520523 0.2873278973861148 0.0 0.0 0.0 
0.0 0.30463225840275804 0.0 0.0 0.0 0.0 0.0 0.35 0.3452684665426638 0.0 0.0 
0.19878832443276115 0.18398387937258995 0.0 0.0 0.0 0.0 0.35 0.2336472087032805 0.0 0.0 0.0 
0.17406842671461256 0.34402080689818054 0.0 0.0 0.0 0.0 0.0 0.35 0.12972880976642678 0.0 0.0 
0.14415012544758238 0.35 0.0 0.0 0.0 0.0 0.0 0.35 0.1548958821794521 0.0 0.0 
0.18563772599333953 0.147541050087801 0.10864864873624952 0.0 0.0 0.0 0.3030112190106547 0.25516135617195523 0.0 0.0 0.0 
0.3470731684752745 0.3012672562079013 0.0 0.0 0.0 0.0 0.0 0.35 0.0 0.0 0.0 
0.20278493272351697 0.18646753283026554 0.0 0.0 0.0 0.0 0.34780402166509156 0.2629435127811259 0.0 0.0 0.0 
0.1504926148709657 0.3468076670149712 0.0 0.0 0.0 0.0 0.0 0.35 0.14352721293843734 0.0 0.0 
0.0 0.3346242200069141 0.0 0.0 0.0 0.0 0.0 0.35 0.3153674805534122 0.0 0.0 
0.0 0.35 0.0 0.0 0.0 0.0 0.0 0.35 0.2545882573305548 0.0 0.0 
0.11640033150071456 0.32187787119206457 0.0 0.0 0.0 0.1303168410890423 0.0 0.3301284665492108 0.10127648966896766 0.0 0.0 
0.0 0.35 0.0 0.0 0.0 0.0 0.0 0.35 0.29606540548693255 0.0 0.0 
0.10264719828222975 0.3283219299871714 0.0 0.0 0.0 0.0 0.0 0.35 0.2181733490519826 0.0 0.0 
0.23188933336747392 0.0 0.0 0.21109397839892824 0.0 0.0 0.35 0.14332854919419022 0.0 0.0 0.0 
0.10776157243607487 0.3138552615949198 0.0 0.0 0.0 0.12702344030754398 0.0 0.35 0.10135952915469232 0.0 0.0 
0.10817417881711901 0.29626745577115976 0.0 0.0 0.0 0.0 0.0 0.35 0.2364744903004344 0.0 0.0 
0.23431161415183424 0.0 0.0 0.207093775087121 0.0 0.0 0.35 0.1301077186619128 0.0 0.0 0.0 
0.0 0.30787182948080877 0.0 0.0 0.0 0.0 0.0 0.35 0.3406001133386687 0.0 0.0 
0.0 0.3393155293213908 0.0 0.0 0.0 0.0 0.0 0.34969672667280216 0.30729678630861074 0.0 0.0 
0.10348160154116672 0.34743553499192464 0.0 0.0 0.0 0.0 0.0 0.34743553499192464 0.19787895324402874 0.0 0.0 
0.22884487142785437 0.18825113206854857 0.0 0.0 0.0 0.0 0.22866247894851202 0.35 0.0 0.0 0.0 
0.11159612329864274 0.35 0.0 0.0 0.0 0.0 0.0 0.35 0.1871370931954532 0.0 0.0 
0.17685180687640778 0.14466848289960985 0.10153758228959359 0.0 0.0 0.0 0.2871173090232395 0.221050581626104 0.0 0.0 0.0 
0.11486720469713846 0.0 0.1323010348288678 0.0 0.0 0.0 0.21733752914934887 0.1570608975760627 0.0 0.0 0.0 
0.0 0.32852864562705136 0.0 0.0 0.0 0.0 0.0 0.35 0.32099314791330535 0.0 0.0 
0.21850419915623762 0.0 0.0 0.21560764029634857 0.0 0.0 0.35 0.1726353919884903 0.0 0.0 0.0 
0.0 0.34784416417214914 0.0 0.0 0.0 0.0 0.0 0.35 0.3020815601353804 0.0 0.0 
0.0 0.3272160513227067 0.0 0.0 0.0 0.0 0.0 0.349077915484353 0.31971066072902804 0.0 0.0 
0.19098223527822517 0.14393910526687517 0.0 0.0 0.0 0.0 0.2716072955471147 0.20412927068556147 0.0 0.0 0.0 
0.0 0.35 0.0 0.0 0.0 0.0 0.0 0.35 0.27250442655741086 0.0 0.0 
0.10290737771476344 0.3182069111374386 0.0 0.0 0.0 0.0 0.0 0.35 0.22802979414790986 0.0 0.0 
0.17341852663069093 0.13871895101129927 0.16738831466908696 0.0 0.0 0.0 0.27382406849255125 0.1681800276435117 0.0 0.0 0.0 
0.10348072690525709 0.30668060600849134 0.0 0.0 0.0 0.0 0.0 0.35 0.23983230861187863 0.0 0.0 
0.0 0.3478087235829033 0.0 0.0 0.0 0.0 0.0 0.3494899989907317 0.3015855684426052 0.0 0.0 
0.2027564775578375 0.1419110336746361 0.11043044104478458 0.0 0.0 0.0 0.3079804760213301 0.20708234921602417 0.0 0.0 0.0 
0.10088710508761167 0.338964891376301 0.0 0.0 0.0 0.12104822974116011 0.0 0.338964891376301 0.10013488241862617 0.0 0.0 
0.20415406744246728 0.1483895202008696 0.0 0.0 0.0 0.0 0.35 0.2521078344041373 0.0 0.0 0.0 
0.19910490572313255 0.16838099646616053 0.0 0.0 0.0 0.0 0.3278949030797186 0.30461919473098836 0.0 0.0 0.0 
0.17451683344153224 0.15160594388124876 0.0 0.0 0.0 0.0 0.273038984525004 0.3066989395936134 0.0 0.0 0.0 
0.0 0.32478225542951666 0.0 0.0 0.0 0.0 0.0 0.34964334040905265 0.3255744041614305 0.0 0.0 
0.0 0.35 0.0 0.0 0.0 0.0 0.0 0.35 0.2635248630685445 0.0 0.0 
0.22021154314920055 0.0 0.0 0.2224611246782567 0.0 0.0 0.35 0.12374359194307637 0.0 0.0 0.0 
0.0 0.30834299520870123 0.0 0.0 0.0 0.0 0.0 0.35 0.34112136629186063 0.0 0.0 
0.10203516004844669 0.3238990368734515 0.0 0.0 0.0 0.0 0.0 0.34919580862444055 0.22486999445366118 0.0 0.0 
0.18385791287124706 0.35 0.0 0.0 0.0 0.0 0.0 0.35 0.1150397735160469 0.0 0.0 
0.1396958956886396 0.346234348029674 0.0 0.0 0.0 0.0 0.0 0.346234348029674 0.16783540825201243 0.0 0.0 
0.1021884037595277 0.31569755963072443 0.0 0.0 0.0 0.0 0.0 0.35 0.2319419249463879 0.0 0.0 
0.10269574477789536 0.3395129433982758 0.0 0.0 0.0 0.0 0.0 0.35 0.20758773628392427 0.0 0.0 
0.0 0.35 0.0 0.0 0.0 0.0 0.0 0.35 0.267356520077738 0.0 0.0 
0.35 0.24834742645920405 0.0 0.0 0.0 0.0 0.0 0.35 0.0 0.0 0.0 
0.10913294416283806 0.3170611703244916 0.0 0.0 0.0 0.0 0.0 0.35 0.22060319611172963 0.0 0.0 
0.188600614384413 0.35 0.0 0.0 0.0 0.0 0.0 0.35 0.105458117776775 0.0 0.0 
0.0 0.35 0.0 0.0 0.0 0.0 0.0 0.35 0.2812164674640085 0.0 0.0 
0.0 0.35 0.0 0.0 0.0 0.0 0.0 0.35 0.2855517156548642 0.0 0.0 
0.0 0.3007159034127964 0.0 0.0 0.0 0.0 0.0 0.34873893560986785 0.34873893560986785 0.0 0.0 
0.19927686685847346 0.15312771069264144 0.0 0.0 0.0 0.0 0.30242438930173354 0.34517103314715153 0.0 0.0 0.0 
0.20685683377381295 0.3491519435527117 0.0 0.0 0.0 0.0 0.0 0.3368209576789576 0.10001525488451676 0.0 0.0 
0.20480240479127454 0.17710633858542707 0.0 0.0 0.0 0.0 0.29577131932689005 0.3171531833257288 0.0 0.0 0.0 
0.10933957652851521 0.337749027429117 0.0 0.0 0.0 0.0 0.0 0.35 0.2020367997629014 0.0 0.0 
0.0 0.35 0.0 0.0 0.0 0.0 0.0 0.35 0.2595194406925015 0.0 0.0 
0.10038988330625362 0.33701140308936517 0.0 0.0 0.0 0.0 0.0 0.3497498217196401 0.2128488918847411 0.0 0.0 
0.18652372466180034 0.3347732387603566 0.0 0.0 0.0 0.0 0.0 0.35 0.12150171013270139 0.0 0.0 
0.10358578491118292 0.3477853266878373 0.0 0.0 0.0 0.0 0.0 0.35 0.19807817412868078 0.0 0.0 
0.18641202965843043 0.35 0.0 0.0 0.0 0.0 0.0 0.34774928881861805 0.10423434644097919 0.0 0.0 
0.0 0.3372785104263515 0.0 0.0 0.0 0.0 0.0 0.34932829057905934 0.3133931989945892 0.0 0.0 
0.0 0.35 0.0 0.0 0.0 0.0 0.0 0.35 0.29173412423821254 0.0 0.0 
0.0 0.3382022340301727 0.0 0.0 0.0 0.0 0.0 0.35 0.31151328711108334 0.0 0.0 
0.0 0.3481852019392311 0.0 0.0 0.0 0.0 0.0 0.35 0.2581662883642028 0.0 0.0 
0.0 0.35 0.0 0.0 0.0 0.0 0.0 0.35 0.2941656610458012 0.0 0.0 
0.208347562691263 0.35 0.0 0.0 0.0 0.0 0.0 0.33924828257055034 0.10073602214137961 0.0 0.0 
0.35 0.19786711342035618 0.0 0.0 0.0 0.0 0.0 0.35 0.0 0.0 0.0 
0.2587007801715661 0.22022246788881247 0.0 0.0 0.0 0.0 0.0 0.35 0.0 0.0 0.0 
0.11831230171397619 0.3374157879001923 0.0 0.0 0.0 0.0 0.0 0.35 0.1830348385709415 0.0 0.0 
0.11432144537980517 0.3487747124742928 0.0 0.0 0.0 0.0 0.0 0.35 0.1746882283872062 0.0 0.0 
0.18531313312455452 0.1638712744545315 0.0 0.0 0.0 0.0 0.319303879763881 0.331511712657033 0.0 0.0 0.0 
0.10038988330625362 0.33701140308936517 0.0 0.0 0.0 0.0 0.0 0.3497498217196401 0.2128488918847411 0.0 0.0 
0.19592059737589895 0.15944026740457962 0.0 0.0 0.0 0.0 0.29741482706368677 0.3410000792284863 0.0 0.0 0.0 
0.2162680615408062 0.0 0.0 0.221958048139127 0.0 0.0 0.349052726854214 0.17216815521465337 0.0 0.0 0.0 
0.19427475830802865 0.14731534346038525 0.10841665413566147 0.0 0.0 0.0 0.30236420712835577 0.19632476234226318 0.0 0.0 0.0 
0.0 0.35 0.0 0.0 0.0 0.0 0.0 0.35 0.274502701440187 0.0 0.0 
0.18270369150334015 0.14945544711577693 0.0 0.0 0.0 0.0 0.32406325267674485 0.21364924524433718 0.0 0.0 0.0 
0.19877172335485724 0.10950234289109638 0.11412266899310122 0.0 0.0 0.0 0.3227040951831617 0.24966895222982555 0.0 0.0 0.0 
0.0 0.34064981287280427 0.0 0.0 0.0 0.0 0.0 0.35 0.30932862812707235 0.0 0.0 
0.0 0.32397793030881616 0.0 0.0 0.0 0.0 0.0 0.35 0.3259041450571521 0.0 0.0 
0.14551259689946708 0.35 0.0 0.0 0.0 0.0 0.0 0.35 0.14960744069701035 0.0 0.0 
0.11361052361401744 0.35 0.0 0.0 0.0 0.0 0.0 0.34782348257407825 0.1736019084638115 0.0 0.0 
0.10213817755486619 0.31587599548139517 0.0 0.0 0.0 0.0 0.0 0.35 0.2318279241188639 0.0 0.0 
0.0 0.35 0.0 0.0 0.0 0.0 0.0 0.35 0.28652092449755656 0.0 0.0 
0.12223832681725257 0.349045242949765 0.0 0.0 0.0 0.0 0.0 0.35 0.1783335362711631 0.0 0.0 
0.19657216508209918 0.14834309123609532 0.10917302460271888 0.0 0.0 0.0 0.3030919838470205 0.19769442508800647 0.0 0.0 0.0 
0.2487433334403744 0.22169975283550616 0.0 0.0 0.0 0.0 0.0 0.35 0.0 0.0 0.0 
0.0 0.35 0.0 0.0 0.0 0.0 0.0 0.35 0.28886576760539046 0.0 0.0 
