6.548074124537528E-5 3.2378882190290593E-5 
-0.010175006016158774 0.006884273378602483 
-0.0013470033925890872 5.1953285316687515E-5 
-0.008510927593464022 0.0011817414880053142 
-0.008673371444469086 0.0013308927491400796 
-0.008753241886961746 0.001495051709419567 
-0.00999224650111638 0.005799755935960756 
-0.009815212227049161 0.004899344440857154 
-0.009869503683003263 0.005134034412673281 
-0.006378533936924445 2.5955314369552313E-4 
-0.009935592308446633 0.0055920850841303564 
-0.003888489493414941 1.0866239886538714E-4 
-0.003540868271854773 1.0398528469138023E-4 
-0.008814252355620264 0.001639092041273221 
-0.00167026283190163 5.3735492131833305E-5 
-0.0066524858898477516 2.906416186501517E-4 
-0.002006248242134063 5.852326150697278E-5 
-0.007652104731346385 5.233807267920147E-4 
-0.009727720897716459 0.00453358371794851 
-0.010143530429130297 0.0067211805087582155 
-0.00937251388100706 0.003436431772705099 
-0.010061235426140914 0.006232728258118522 
-0.0100144747873504 0.0059393410330841195 
-0.00822371026863679 7.539792960009023E-4 
-0.009392609889336951 0.003547770891155079 
-0.008867524696589262 0.0017844481887372753 
-0.009777066161545736 0.004690195345509042 
-0.010087621815891743 0.006362286199686578 
-0.0048282649679602194 1.5653186280558984E-4 
-0.0042532118401244195 1.265376994737871E-4 
-0.00944014842300761 0.00369365516937697 
-0.009284186544687656 0.0031151429082410093 
-0.0025375896222049237 8.066834799446061E-5 
-0.008447675777140201 9.805009216481266E-4 
-0.0023532007015134495 6.955893438844768E-5 
-0.009151679204420306 0.002610708197605829 
-0.0033568511116385115 9.616729251607183E-5 
-0.007468301895614405 4.7604955293066E-4 
-0.01010979636231239 0.006487253395776215 
-0.009931102523043155 0.005464904214330721 
-0.004075592777848617 1.1570831551942184E-4 
-0.0068208075354415625 3.0270880848626036E-4 
-0.004574464153639011 1.3995453951531537E-4 
-0.005557621815978349 1.9878745362753665E-4 
-0.010126156726732134 0.006603150576944259 
-0.00961650586281133 0.004191387877524367 
-0.007810341186582414 5.738946220360798E-4 
-0.0061494452430102525 2.411675282154464E-4 
-0.00926803669536947 0.0030148494817134144 
-0.0031030387874458176 9.303811677077205E-5 
-0.009906593009909665 0.005349482624489283 
-0.002144556868737864 6.944935006084447E-5 
-0.009113519374697487 0.002458131397323808 
-0.0027881689870182668 9.270518881401508E-5 
-0.009874028029696495 0.005257143808042643 
-0.00792086687178344 5.923427308116028E-4 
-0.008011567003695787 6.770459967529502E-4 
-0.009799231892615612 0.004783665163431279 
-0.00892437841241896 0.001866874719711011 
-0.006994945656282779 3.233842269105852E-4 
-0.004479340494316007 1.2968655776124998E-4 
-0.009645415071810421 0.0042789020721972345 
-0.008124399168891717 6.92794088414004E-4 
-0.0014818687901347566 5.250731566084573E-5 
-0.00907824602282285 0.0024169123315254714 
-0.004955693110190247 1.6980241801597514E-4 
-0.005978687692165505 2.2660238290853413E-4 
-0.009338485629476118 0.0032744134078073884 
-0.008346368118647012 8.469707245879925E-4 
-0.009327777139338739 0.0032584468652509207 
-0.009062634844971777 0.0022771081869677173 
-0.009694087688585692 0.004428523326329202 
-0.007062170812673482 3.695851619140139E-4 
-0.005379299927796891 1.9134911648254307E-4 
-0.009677024263808055 0.004375744250292678 
-0.005755357150078241 2.170923391920905E-4 
-0.002756999030373421 8.186954834920946E-5 
-0.009016965035351024 0.00213373146294802 
-0.009181274239875538 0.002683553126211384 
-0.005118732952957943 1.7628048978157048E-4 
-0.00954785724752497 0.00398761639397014 
-0.010042492831508244 0.006087608297720723 
-0.009057981876242106 0.0022364790900563395 
-0.008427778370621477 9.562782712501314E-4 
-0.003151826769930391 9.539168623844355E-5 
-0.010023981528249574 0.006081818945752962 
-0.008979784770564925 0.002109168001925305 
-0.008969738561905402 0.001998980635517109 
-0.00835457920137249 8.696340025596077E-4 
-0.00895471507685561 0.0019604046080524094 
-0.007369289804635058 4.4569897761859086E-4 
-0.009239124559863681 0.0028991643898592535 
-0.005726593999611861 2.1553313999941664E-4 
-0.00920608738804504 0.002787735609897147 
-0.009576102778414888 0.0040707695567772815 
-0.007147244654247586 4.104792930320781E-4 
-0.009507504340402938 0.0038826695715067586 
-0.005204107537145359 1.8178553667292982E-4 
-0.009229480748802341 0.0028863409724030707 
-0.009520833739113036 0.003908962247762269 
