1.862153922019841E-5 4.393328702492851E-5 
-0.01062785208843662 0.0062067312307789516 
-0.0016563955638660335 8.760176321026628E-5 
-0.0033468636472210145 1.418820557159072E-4 
-6.058286337742929E-4 7.565564616170085E-5 
-0.0042766026683710755 1.435784071928661E-4 
-0.0030064851395740764 1.0220776023599362E-4 
-0.0022134469430113426 1.0212318309127937E-4 
-0.005160366984256198 1.5394989546804207E-4 
-0.0043728207513145205 1.5330609186151576E-4 
-0.009472061403274699 0.00326371518441663 
-0.006397987578782246 2.7056664817338E-4 
-0.008753735466611822 0.0018443422957000694 
-0.009224094334068898 0.002787952845217088 
-0.008047272486674086 9.682409577824712E-4 
-0.00789312815807967 8.780667194066756E-4 
-0.006605305222658446 2.8314524887234987E-4 
-0.006146851437041733 2.389725185741505E-4 
-0.009695204557206415 0.0036528521329531106 
-0.007637148543843227 7.035576595417397E-4 
-0.009648071106834622 0.0035711592416044703 
-0.007012777684117602 3.74628540060609E-4 
-0.010255489739117028 0.005011292625607487 
-0.008667123602040264 0.00172611086070926 
-0.008415399205071358 0.0013798781173444865 
-0.008211690199355245 0.0012364286485974762 
-0.009567710042467408 0.003427634104102879 
-0.01058265113277275 0.006056892617962949 
-0.010209032514612963 0.004909830016158874 
-0.009990859859951032 0.004249358845236729 
-0.003206567072335156 1.208643649344185E-4 
-0.010292415343970043 0.005123153484105485 
-0.010040525460091845 0.004365942425539574 
-0.010393596415653756 0.005551499365042785 
-0.010525705460701088 0.005980060524147669 
-0.009263944554909719 0.002932128760324097 
-0.0088559231544051 0.0021049835624259734 
-0.008499085630211931 0.001476612069632777 
-0.008179806690521253 0.0011143768725350356 
-6.005645770609195E-4 7.516340600183957E-5 
-0.008930706226350463 0.0021878726146782874 
-0.010342224817734473 0.005314142935132258 
-0.010301424624045728 0.005220609621891588 
-0.009416554444363161 0.003170572194585624 
-2.500882134772861E-4 5.8537840100778276E-5 
-0.007326143162446109 5.14566993002359E-4 
-0.008792833369397752 0.0019476131063116897 
-0.005668444951740346 2.149075943377455E-4 
-0.009135323283237223 0.002636324416992789 
-0.001978215941167624 9.289466780388757E-5 
-0.010489412360685587 0.005741458051023117 
-0.010075031755469888 0.004479974828608359 
-0.009173899582373586 0.002692536570125898 
-0.0054021703386213414 1.8465667981849994E-4 
-0.005911459690591605 2.1661311136376223E-4 
-0.009084884078694178 0.0025296159113468246 
-0.008847951577057124 0.002006957613850446 
-0.007557381264487873 6.098708386101701E-4 
-0.009763327668845297 0.0037763401343520945 
-0.009582067380053322 0.003452612376246774 
-0.0068088005457971066 3.1279117299687755E-4 
-0.010088430193569265 0.004632002142680381 
-0.010134891968804603 0.0046963259761574885 
-0.005594021785020293 1.8505107507693982E-4 
-0.008605407021177541 0.0016702424886829179 
-0.006870874301506753 3.185204136058632E-4 
-0.007498657328483075 5.612848000889261E-4 
-0.01061993057631462 0.006177704795931076 
-0.009812255067810884 0.003904062943296475 
-0.008972130825103362 0.0022594044678556015 
-0.009297014221398581 0.002974923532252058 
-0.008586291991237525 0.0015885902400538828 
-2.500882134772861E-4 5.8537840100778276E-5 
-0.009347770001316225 0.0030571693150158482 
-0.005267228759463413 1.7256273707185016E-4 
-0.00785284344945372 7.98212869424974E-4 
-0.010379780341825684 0.005429279015254903 
-0.008548356151044321 0.0015303234724661817 
-0.005994670184648021 2.258778012568001E-4 
-0.009956514174161605 0.004167674744121572 
-0.009775188632225087 0.0037980649017919175 
-0.007748903080743129 7.679543835591501E-4 
-0.009374474102596219 0.003100930033191539 
-0.009012477387838422 0.0023662911275987844 
-0.010428097741947301 0.0056348430181666015 
-0.010523659046575002 0.005859916540903395 
-0.008322864000323671 0.0012869447790532522 
-0.009046671814215215 0.002443657214871676 
-0.008344569680486129 0.0013062696005791405 
-0.002011107163868906 9.41194535061811E-5 
-0.010460863879779798 0.005661378301166259 
-0.010511430306472645 0.005841320073506518 
-0.007260110161075887 4.821734343747195E-4 
-0.010370536591905087 0.005401870544931741 
-0.00807700694366133 0.0010552398595451281 
-0.010182352518299635 0.004790494655637883 
-0.01018915547364119 0.004800272760854234 
-0.010060434930404542 0.0044445643750629545 
-0.009896284798785137 0.004023671676987215 
-0.007107074147073504 4.458635953208306E-4 
