4.688633636334516E-5 4.41529416060539E-5 
-0.010628210759582056 0.006205369759661674 
-0.004546983485618624 1.332475482951863E-4 
-0.0032892814270918435 1.3164273417839203E-4 
-0.0014459792826830545 7.604001394739947E-5 
-0.0022278688306822067 1.0272446445906278E-4 
-5.97278447867956E-4 7.485976007140676E-5 
-0.003016511323777789 1.0410693454758577E-4 
-0.006357931990471171 2.541505289313877E-4 
-0.008091056503737846 0.0010305747074998187 
-0.01055505586548186 0.005968204601113637 
-0.00911868106312012 0.0025509104686723396 
-0.008249678795722585 0.0011779592016073431 
-0.0069473006353327135 3.7519303751074756E-4 
-0.008961944756121764 0.002247515839137778 
-0.009883733709933918 0.00399996658197357 
-0.010001099421233811 0.004300895180216422 
-0.004787343205548037 1.3783452709629192E-4 
-0.010584768897022579 0.0061043478482845255 
-0.007116465498655152 4.450903651024126E-4 
-0.007674831177782919 6.871368284652956E-4 
-0.00841923105726573 0.001370483161631359 
-0.009040504781224246 0.00238008359348741 
-0.010247730653637255 0.004995004031828429 
-0.007792377986967373 7.741160588506714E-4 
-0.010426326546859849 0.005556443240990507 
-0.008491878554387374 0.0014847151205057748 
-0.008788960967584478 0.0020104006904253916 
-0.007874239813186126 8.41293058156467E-4 
-0.008660816816705746 0.0016841659203309062 
-0.009799806593665234 0.0038433678452956983 
-0.006784532050842151 3.2395358862580476E-4 
-0.002025317129684841 9.465519323573908E-5 
-0.0075877989255610494 6.143275094010117E-4 
-0.0095968641824801 0.0034784571511977474 
-0.009650000399121762 0.00357212031472455 
-0.005343330291504076 1.6209375735076555E-4 
-0.009237811216769167 0.0028805280277510448 
-0.010509693120235971 0.005806460411165095 
-0.009338903946041126 0.003042714799490719 
-0.009201656644150544 0.0027642887252511484 
-0.005858484153983341 2.157636910641509E-4 
-0.009398802463971716 0.0031410909498916597 
-0.0017185086229677198 8.397277928350597E-5 
-0.009701689808280047 0.0036645136037926707 
-0.00928812451749473 0.002960643758807196 
-0.010059069128704284 0.004455985578848464 
-0.006671947266825491 2.8518558485011276E-4 
-0.009983247845749416 0.004208581968093832 
-0.00868923725534456 0.0017819829777811888 
-5.901689610274229E-4 7.42123989581366E-5 
-0.010205837324510894 0.004860651344129231 
-0.010394858712360568 0.005463634223469785 
-2.500882134772861E-4 5.8537840100778276E-5 
-0.008353956820522725 0.0012891109028294683 
-0.005102425045846529 1.568123946214012E-4 
-0.008889630306022068 0.002103032605084991 
-0.005013412610477434 1.4613189987157296E-4 
-0.005688921152249995 2.0318526439136767E-4 
-0.006092324802949236 2.307935986745288E-4 
-0.010440397006119513 0.005703105710458806 
-0.007344829975685306 4.95744299546285E-4 
-0.009744740423754089 0.003742429119448939 
-0.008580903209543729 0.0015904078136193803 
-0.0018242196848398565 8.744389172265037E-5 
-0.010376108527934292 0.005372980376521232 
-2.500882134772861E-4 5.8537840100778276E-5 
-0.010320888375555646 0.005253122829201641 
-0.007255862423224228 4.754038785867394E-4 
-0.008781578341272227 0.0018912168883439993 
-0.010170825248034077 0.0048072597143246675 
-0.009009170324435338 0.0023398378046847485 
-0.007963871913917082 9.298229073090419E-4 
-0.00828009195177274 0.0012440019124013415 
-0.009944224972554788 0.004114901011268697 
-0.010104175182750287 0.004574089152669934 
-0.009543806247475098 0.003386263445292986 
-0.010282888591159105 0.005136690198748759 
-0.008747497742096755 0.001851982562571164 
-0.00855780119793436 0.0015545415668797758 
-0.009127251121183018 0.0026635832293951164 
-0.008875248409375095 0.0020941930396395944 
-0.0054793915850169725 1.8579241652300071E-4 
-0.00605480133743002 2.286289618618782E-4 
-0.009922780283043803 0.004073957864398649 
-0.003174613610055721 1.1999604265634446E-4 
-0.009161143369209295 0.0026834013391699393 
-0.010121504829561031 0.00467417346633176 
-0.008001788089943028 9.721386661790321E-4 
-0.005548609715287756 1.9391128075139572E-4 
-0.010282338316349074 0.005089433046475065 
-0.007482738181592244 5.503407123367095E-4 
-0.007471272781300987 5.457357225608628E-4 
-0.009781283605531876 0.0038092544334101365 
-0.010121504829561031 0.00467417346633176 
-0.010628210759577747 0.006205369759654111 
-0.009504720305254354 0.0033191986115159236 
-0.01007648821769936 0.004535793712430969 
-0.0030662154483456295 1.1422352658834714E-4 
-0.0103517678744428 0.00530100971602648 
