-0.0021290980784639357 1.0760676010120881E-4 
-0.010628915469326337 0.006207865394378555 
-0.010628915469326337 0.006207865394378555 
-0.004283482264898197 1.440757209700528E-4 
-0.004396688623004826 1.5664350700166614E-4 
-0.00506958254570266 1.5729271332707727E-4 
-0.009785339741323774 0.003816710669991775 
-0.010418521497954202 0.005519907521387645 
-0.010364559001991517 0.005338172359937381 
-0.008961302690018883 0.002233910102544867 
-0.009588779829142613 0.0034643238247156543 
-0.010602956332985726 0.0061269682409264585 
-0.006709990406907224 2.924794716113745E-4 
-0.009403759033522894 0.00314930748611947 
-0.00966561706934394 0.003599901529052078 
-0.008847697069693843 0.0020321723679354994 
-0.007161514720439212 4.5079693833428196E-4 
-0.010258581602994445 0.005006428534451036 
-0.009010290537883114 0.002366588554934658 
-0.007436700032418866 5.485872210354917E-4 
-0.0078590761612135 8.147069137672189E-4 
-0.005851902840119224 2.1950424845075121E-4 
-0.009283779359824072 0.0029536776032897294 
-0.008245518350555588 0.0011659386804509946 
-0.009476244118141783 0.0032707929523551438 
-0.01018344816100308 0.004792861118126709 
-0.009967994069661479 0.0041617653486725175 
-0.010111298858750114 0.004569225485104057 
-0.006143443215029445 2.3518147312288071E-4 
-0.009146750910220179 0.002682486178424271 
-0.008711300337520055 0.0017920904020416136 
-0.00779461646641975 7.485686340873939E-4 
-0.005977095564470649 2.3275401663200312E-4 
-0.007983997191848106 9.216645745739997E-4 
-0.009701040653524173 0.003663345429240166 
-0.008655541533818544 0.0017096738087973185 
-0.007003840920959247 3.8611050706888954E-4 
-0.008621296647466376 0.001633181940519866 
-0.008391656189885958 0.0013998327622720018 
-0.009207540107317086 0.0027651970836697 
-0.008062651372550087 0.0010227891576135083 
-0.0073488161497110615 4.917989956658563E-4 
-0.009547670823727733 0.0033929336252320258 
-0.00813286459767969 0.0011040590294282605 
-0.008777012183702426 0.0019745413076939665 
-0.008339493816220775 0.0012774724929578063 
-0.010529799962063557 0.005872208717964361 
-0.01007441445750545 0.004491994365052729 
-0.00794719675643682 8.811329342584822E-4 
-0.008548533172682912 0.0015634614329561528 
-0.009327077591481263 0.0030234918746603126 
-0.010467412740959178 0.0056823406989524065 
-0.009361296677947523 0.003079293716989533 
-0.006272956962593449 2.5112798365251455E-4 
-0.009917599533169012 0.0040807362420903995 
-0.009832271312556148 0.003903548623207378 
-0.0072514254038095055 4.675603646718717E-4 
-0.006530666535202791 2.718981242076983E-4 
-0.007711226626134654 6.936349965188642E-4 
-0.009501565928999912 0.0033138177242617714 
-0.009088214017399003 0.0025609859436597944 
-0.005674298051759568 2.084543656518557E-4 
-0.010008530906922523 0.004380934116505202 
-0.005651573743327566 1.9400904550121015E-4 
-0.008527192505991404 0.0015121121898950915 
-0.006822363549409037 3.4298127011903664E-4 
-0.010536821499229595 0.0059885161228052245 
-0.00912003751125589 0.0025992533159570155 
-0.010296555018220766 0.00513733744483611 
-0.010219974442509824 0.004894367340327919 
-0.010056573488926131 0.004409711466969763 
-0.010278002452773983 0.005109223949420883 
-0.010483850214083601 0.005764484807573862 
-0.005464301426380163 1.9129112154232355E-4 
-0.0053154091336111205 1.6997657125091177E-4 
-0.009223279858764446 0.0028576118782021745 
-0.008474133769092035 0.0014506579896899202 
-0.008907068131968884 0.0021434239665059874 
-0.010111868020407751 0.004698911896500716 
-0.00761917666263883 6.304751379751503E-4 
-0.005127742085619764 1.598908160221169E-4 
-0.010115242705214827 0.004716014689673949 
-0.005261462566440622 1.6575026790665226E-4 
-0.010536821499229595 0.0059885161228052245 
-0.00999698637975302 0.004257919622704247 
-0.010506590558844457 0.005810850185173914 
-0.006974033227705864 3.61868081011567E-4 
-0.008261971528504082 0.001250999933788628 
-0.007561463880750336 5.914117867315609E-4 
-0.009062674867611803 0.002469444661081832 
-0.008907068131968884 0.0021434239665059874 
-0.010006056153523265 0.004277758253972027 
-0.008752289745547159 0.0018689143813398028 
-0.01034220292673045 0.005270597058931172 
-0.007638654218686663 6.866761116436229E-4 
-0.005442691287115001 1.897810827454074E-4 
-0.006861559947647953 3.4840105509137555E-4 
-0.010215422827359242 0.0048784428228969955 
-0.009900716454199574 0.004032059477867147 
-0.008769182614493404 0.0018804098001164455 
