0.0 0.16419725732995888 0.12044677223818896 0.0 0.0 0.13470555312918608 0.0 0.0 0.15951441352898457 0.0 0.0 
0.29999580553517685 0.0 0.0 0.0 0.0 0.0 0.0 0.35 0.35 0.0 0.0 
0.29999580553517685 0.0 0.0 0.0 0.0 0.0 0.0 0.35 0.35 0.0 0.0 
0.10323502124082791 0.0 0.0 0.0 0.0 0.0 0.0 0.0 0.35 0.0 0.0 
0.13893120323977745 0.0 0.0 0.0 0.0 0.0 0.0 0.0 0.35 0.0 0.0 
0.3486702624772619 0.0 0.0 0.0 0.0 0.3415541593003215 0.0 0.10231510915802813 0.18112047536705955 0.0 0.0 
0.35 0.0 0.0 0.0 0.0 0.0 0.0 0.2886944387493006 0.35 0.0 0.0 
0.3149738205499765 0.0 0.0 0.0 0.0 0.0 0.0 0.33422365054347675 0.35 0.0 0.0 
0.32014285154793337 0.0 0.0 0.0 0.0 0.0 0.0 0.33006006118060144 0.3497970872714653 0.0 0.0 
0.32548295799646504 0.10248519168338957 0.0 0.0 0.0 0.0 0.0 0.2230143066046478 0.34901754371549765 0.0 0.0 
0.35 0.0 0.0 0.0 0.0 0.0 0.0 0.2766701751144122 0.35 0.0 0.0 
0.3013851156455003 0.0 0.0 0.0 0.0 0.0 0.0 0.3481424550981545 0.35 0.0 0.0 
0.35 0.0 0.0 0.0 0.0 0.2087353886268753 0.0 0.10060324766193832 0.33674847365188465 0.0 0.0 
0.35 0.0 0.0 0.0 0.0 0.0 0.0 0.2653517999697498 0.35 0.0 0.0 
0.35 0.0 0.0 0.0 0.0 0.0 0.0 0.281370580313548 0.35 0.0 0.0 
0.3326274546912527 0.1042424727671978 0.0 0.0 0.0 0.0 0.0 0.2147963866802025 0.3483336858613469 0.0 0.0 
0.35 0.13588697694731708 0.0 0.0 0.0 0.0 0.0 0.10073051465862144 0.35 0.0 0.0 
0.32815054771295543 0.0 0.0 0.0 0.0 0.0 0.0 0.32195887173243787 0.3498905805546067 0.0 0.0 
0.31680091649575237 0.10801718901699688 0.0 0.0 0.0 0.0 0.0 0.22750404164361682 0.34767785284363384 0.0 0.0 
0.35 0.1630793398927488 0.0 0.0 0.0 0.0 0.0 0.1120704901819861 0.35 0.0 0.0 
0.35 0.14960330347656473 0.0 0.0 0.0 0.0 0.0 0.1406314948241278 0.35 0.0 0.0 
0.3378533500538976 0.0 0.0 0.0 0.0 0.3046494115530038 0.0 0.10347863076738145 0.25401860762571715 0.0 0.0 
0.35 0.0 0.0 0.0 0.0 0.0 0.0 0.25801221983169564 0.35 0.0 0.0 
0.3482231265252683 0.1335446661948361 0.0 0.0 0.0 0.0 0.0 0.1678608172555701 0.35 0.0 0.0 
0.35 0.0 0.0 0.0 0.0 0.0 0.0 0.26978596844989944 0.35 0.0 0.0 
0.3341549400520486 0.0 0.0 0.0 0.0 0.0 0.0 0.3167431150934621 0.34910194485448925 0.0 0.0 
0.3498885232980392 0.0 0.0 0.0 0.0 0.0 0.0 0.2998896757583864 0.35 0.0 0.0 
0.3389266113803826 0.0 0.0 0.0 0.0 0.0 0.0 0.31078279963873706 0.35 0.0 0.0 
0.35 0.0 0.0 0.0 0.0 0.2536730599652466 0.0 0.10043954596592208 0.2840212613997682 0.0 0.0 
0.3090542179823785 0.10654119409990413 0.0 0.0 0.0 0.0 0.0 0.23972846861886113 0.34467611929885617 0.0 0.0 
0.33830370910087393 0.10690216797661999 0.0 0.0 0.0 0.0 0.0 0.20366174452136657 0.35 0.0 0.0 
0.35 0.1642469672155816 0.0 0.0 0.0 0.0 0.0 0.1337295885258044 0.35 0.0 0.0 
0.3452011011550902 0.0 0.0 0.0 0.0 0.24199064716970345 0.0 0.10074932852113795 0.2709412220024529 0.0 0.0 
0.35 0.1411622865555094 0.0 0.0 0.0 0.0 0.0 0.14997882058748915 0.35 0.0 0.0 
0.35 0.0 0.0 0.0 0.0 0.0 0.0 0.28353756599414404 0.35 0.0 0.0 
0.34161679500935116 0.10536490198750385 0.0 0.0 0.0 0.0 0.0 0.19991862387014742 0.35 0.0 0.0 
0.35 0.0 0.0 0.0 0.0 0.16462463425312918 0.0 0.11134446403765166 0.35 0.0 0.0 
0.35 0.10057135947413964 0.0 0.0 0.0 0.0 0.0 0.19716587221345 0.35 0.0 0.0 
0.33643763744551336 0.1218385636955637 0.0 0.0 0.0 0.0 0.0 0.1814521864251445 0.35 0.0 0.0 
0.3002073981915634 0.10893839676029406 0.0 0.0 0.0 0.0 0.0 0.24132005262275008 0.34953415242539254 0.0 0.0 
0.35 0.12269721282576385 0.0 0.0 0.0 0.0 0.0 0.15852115052585153 0.35 0.0 0.0 
0.35 0.18744312613793387 0.0 0.0 0.0 0.0 0.0 0.10177174134217608 0.35 0.0 0.0 
0.35 0.0 0.0 0.0 0.0 0.0 0.0 0.2741553921487941 0.35 0.0 0.0 
0.35 0.11352363659928501 0.0 0.0 0.0 0.0 0.0 0.16466981667668842 0.35 0.0 0.0 
0.3365050859471117 0.10793557951406552 0.0 0.0 0.0 0.0 0.0 0.21289164487011314 0.34266768966870975 0.0 0.0 
0.35 0.12081195275061714 0.0 0.0 0.0 0.0 0.0 0.1758374873867705 0.35 0.0 0.0 
0.30750671415486114 0.0 0.0 0.0 0.0 0.0 0.0 0.3424796018509179 0.35 0.0 0.0 
0.33917390033903694 0.0 0.0 0.0 0.0 0.0 0.0 0.30847847536410433 0.35 0.0 0.0 
0.35 0.14795292567916968 0.0 0.0 0.0 0.0 0.0 0.1463555932821007 0.35 0.0 0.0 
0.34896122649162936 0.11137854957382223 0.0 0.0 0.0 0.0 0.0 0.1931359628952201 0.34652426103932826 0.0 0.0 
0.35 0.0 0.0 0.0 0.0 0.0 0.0 0.26066092549397074 0.35 0.0 0.0 
0.3125983974018813 0.0 0.0 0.0 0.0 0.0 0.0 0.33828879045120636 0.34911281214691237 0.0 0.0 
0.35 0.0 0.0 0.0 0.0 0.0 0.0 0.26275422779783075 0.35 0.0 0.0 
0.35 0.0 0.0 0.0 0.0 0.24653518128829457 0.0 0.10172631859413885 0.2940697666505979 0.0 0.0 
0.34983657950333524 0.0 0.0 0.0 0.0 0.0 0.0 0.2973356067864761 0.34924988781780536 0.0 0.0 
0.35 0.0 0.0 0.0 0.0 0.0 0.0 0.29156540861815916 0.35 0.0 0.0 
0.35 0.1637402847773924 0.0 0.0 0.0 0.0 0.0 0.10060304655908092 0.35 0.0 0.0 
0.3481911911550437 0.0 0.0 0.0 0.0 0.23126190061793447 0.0 0.1006553825136739 0.3198915257133479 0.0 0.0 
0.34620952293528484 0.17487297432897492 0.0 0.0 0.0 0.0 0.0 0.12721677684024288 0.35 0.0 0.0 
0.35 0.0 0.0 0.0 0.0 0.0 0.0 0.271334992999678 0.35 0.0 0.0 
0.3094727391197771 0.11025848320207521 0.0 0.0 0.0 0.0 0.0 0.2346937657529699 0.3455750119251778 0.0 0.0 
0.3292374445029151 0.0 0.0 0.0 0.0 0.32809303151114566 0.0 0.10359110931541192 0.23907841467052732 0.0 0.0 
0.3496775047154715 0.0 0.0 0.0 0.0 0.0 0.0 0.3070893179299656 0.34323317735456277 0.0 0.0 
0.32821282185478673 0.0 0.0 0.0 0.0 0.3293600003559593 0.0 0.10009360296366326 0.2423335748255906 0.0 0.0 
0.35 0.10594381850576819 0.0 0.0 0.0 0.0 0.0 0.19032371115674163 0.35 0.0 0.0 
0.3471985059306761 0.0 0.0 0.0 0.0 0.13288549366595673 0.0 0.10217369920827982 0.35 0.0 0.0 
0.30885140436487846 0.0 0.0 0.0 0.0 0.0 0.0 0.3460089549727015 0.34513964066242003 0.0 0.0 
0.30778403527750847 0.10877351363579614 0.0 0.0 0.0 0.0 0.0 0.23592522145905617 0.34751722962763937 0.0 0.0 
0.32395219266393344 0.0 0.0 0.0 0.0 0.0 0.0 0.32502068271179946 0.35 0.0 0.0 
0.331198664713419 0.0 0.0 0.0 0.0 0.0 0.0 0.3192187480889126 0.3495825871976684 0.0 0.0 
0.3434952784521301 0.0 0.0 0.0 0.0 0.0 0.0 0.3066472933404015 0.34985742820746835 0.0 0.0 
0.32300429077593373 0.0 0.0 0.0 0.0 0.0 0.0 0.32406965436330154 0.35 0.0 0.0 
0.31192276506487704 0.0 0.0 0.0 0.0 0.0 0.0 0.340458451117129 0.3476187838179939 0.0 0.0 
0.32967862124430514 0.0 0.0 0.0 0.0 0.3476503627466907 0.0 0.10372491040428326 0.21894610560472108 0.0 0.0 
0.35 0.0 0.0 0.0 0.0 0.3442759974897715 0.0 0.1031304561941601 0.2011447375670228 0.0 0.0 
0.35 0.0 0.0 0.0 0.0 0.0 0.0 0.254311251803944 0.35 0.0 0.0 
0.34735474811767203 0.11268648312002844 0.0 0.0 0.0 0.0 0.0 0.1862287908726858 0.35 0.0 0.0 
0.3240415683432481 0.1079079501876083 0.0 0.0 0.0 0.0 0.0 0.21853915905002444 0.3495113224191193 0.0 0.0 
0.32800737586793743 0.0 0.0 0.0 0.0 0.0 0.0 0.31293600193878796 0.35 0.0 0.0 
0.34604993978126325 0.18418063682301306 0.0 0.0 0.0 0.0 0.0 0.11973614876983037 0.35 0.0 0.0 
0.33931821995563205 0.0 0.0 0.0 0.0 0.35 0.0 0.10159816850076135 0.1893928436113261 0.0 0.0 
0.34216575261151627 0.0 0.0 0.0 0.0 0.0 0.0 0.31613567450991725 0.3416985728785663 0.0 0.0 
0.3475814676517976 0.0 0.0 0.0 0.0 0.3404875859750835 0.0 0.10199560912201534 0.19893134178725908 0.0 0.0 
0.30885140436487846 0.0 0.0 0.0 0.0 0.0 0.0 0.3460089549727015 0.34513964066242003 0.0 0.0 
0.3462898145725108 0.0 0.0 0.0 0.0 0.0 0.0 0.3023614046568534 0.35 0.0 0.0 
0.3096102988880094 0.0 0.0 0.0 0.0 0.0 0.0 0.34123881568698805 0.34915088542500256 0.0 0.0 
0.35 0.0 0.0 0.0 0.0 0.18174118591904695 0.0 0.10877284412148872 0.35 0.0 0.0 
0.35 0.1024408382524767 0.0 0.0 0.0 0.0 0.0 0.17480696749429586 0.35 0.0 0.0 
0.35 0.18325816468131292 0.0 0.0 0.0 0.0 0.0 0.11562570423755611 0.35 0.0 0.0 
0.31433211094765173 0.1056680867489127 0.0 0.0 0.0 0.0 0.0 0.23157390073112732 0.34780549746286477 0.0 0.0 
0.3240415683432481 0.1079079501876083 0.0 0.0 0.0 0.0 0.0 0.21853915905002444 0.3495113224191193 0.0 0.0 
0.3475890193449437 0.0 0.0 0.0 0.0 0.0 0.0 0.30323160085674256 0.3491793797983139 0.0 0.0 
0.33652593469335645 0.10257613330698737 0.0 0.0 0.0 0.0 0.0 0.20738816188819106 0.35 0.0 0.0 
0.32190399323919366 0.0 0.0 0.0 0.0 0.0 0.0 0.32846703385434134 0.349628972906465 0.0 0.0 
0.35 0.13890361651594663 0.0 0.0 0.0 0.0 0.0 0.12930932496504968 0.35 0.0 0.0 
0.32837481306062016 0.0 0.0 0.0 0.0 0.3462754801828793 0.0 0.10331470064750052 0.21808022075238834 0.0 0.0 
0.35 0.0 0.0 0.0 0.0 0.13901719741296328 0.0 0.10375995614434427 0.35 0.0 0.0 
0.33149573969847784 0.0 0.0 0.0 0.0 0.0 0.0 0.318795283808811 0.3497089764927112 0.0 0.0 
0.35 0.0 0.0 0.0 0.0 0.0 0.0 0.2957524395265232 0.35 0.0 0.0 
0.33771122345173366 0.1029374199870091 0.0 0.0 0.0 0.0 0.0 0.20811861036649504 0.35 0.0 0.0 
