-0.011713528783177022 4.3029059305354806E-4 
-0.007735360859099436 6.620617643273645E-5 
-0.011713528783177022 4.3029059305354806E-4 
-0.00943238421701979 1.311158178313276E-4 
-0.01147385346307419 3.685971204413683E-4 
-0.010727819963153636 2.4721576683761577E-4 
-0.009331629587836189 1.2612386542113383E-4 
-0.010763491834359366 2.520960050828494E-4 
-0.008578070649388078 8.917309548370737E-5 
-0.008322136446543803 8.014535917493678E-5 
-0.009513676239081217 1.3583049398139155E-4 
-0.009555161060231552 1.383919295595273E-4 
-0.009088835200161757 1.1182110700495263E-4 
-0.011001178286548138 2.868161220916246E-4 
-0.009012718468342003 1.078128903809316E-4 
-0.01158966231606575 3.981106166867405E-4 
-0.011663802074152041 4.1145288086950356E-4 
-0.01061690769095746 2.329998988788377E-4 
-0.009289045026019639 1.2443826305882135E-4 
-0.010807813673992219 2.596353649819958E-4 
-0.01127364512328062 3.3574709016300365E-4 
-0.011475750053071936 3.795085774798901E-4 
-0.007879126596163119 6.833056815149858E-5 
-0.008488943683510114 8.570300810088139E-5 
-0.009202742811403816 1.2084597311443059E-4 
-0.011249763774628406 3.282039668823436E-4 
-0.010100955001102288 1.795060188637585E-4 
-0.010055099464983227 1.7579589144640993E-4 
-0.010354368915752832 2.0471719247530892E-4 
-0.01092082994513401 2.759378386866434E-4 
-0.01023723115070585 1.9196407455912478E-4 
-0.011664049420529508 4.227809513482509E-4 
-0.010271824624064495 1.9734285761436335E-4 
-0.010313467106145134 2.002485363772721E-4 
-0.010667960398715762 2.3952569303502776E-4 
-0.00821954464838057 7.631781935259508E-5 
-0.009099973253236889 1.1800831496786152E-4 
-0.010578359314170385 2.2870692331163674E-4 
-0.010895054673727547 2.7084082733248854E-4 
-0.010547924581519331 2.246394258616713E-4 
-0.01050634708857549 2.2100993179278847E-4 
-0.011625485864786048 4.044358573248558E-4 
-0.010006417258632506 1.7213799689779172E-4 
-0.010866018908447366 2.664007076595794E-4 
-0.009693709098455735 1.471032731580852E-4 
-0.008812415934466458 9.850071625820191E-5 
-0.009874739664012791 1.6132716459029176E-4 
-0.00990643391492385 1.6572048781132612E-4 
-0.011559930603978991 3.9303365876139335E-4 
-0.011308494081542065 3.3958111435165584E-4 
-0.011039985656111523 2.925560877693173E-4 
-0.010197744309228408 1.882622013496653E-4 
-0.008032408880460295 7.165642299832562E-5 
-0.010460687686861495 2.1469895343404397E-4 
-0.011422236372993569 3.5919077996130074E-4 
-0.009174911372329952 1.1875231680414899E-4 
-0.010836434641407466 2.6237137222135114E-4 
-0.0116826008080663 4.255457258761837E-4 
-0.010408367779884334 2.1065039239406E-4 
-0.008112582208103932 7.58651006839115E-5 
-0.011497429469259607 3.82871717377195E-4 
-0.011187168432412112 3.167508801439579E-4 
-0.010146921748734446 1.83494887540017E-4 
-0.011129552889735128 3.0682252427992226E-4 
-0.011055707422291571 2.949574287892021E-4 
-0.007944306872708078 7.016402485407011E-5 
-0.008638833249752448 9.167559000736755E-5 
-0.008652892632641102 9.391484411693383E-5 
-0.008103802743953274 7.330381711389831E-5 
-0.009721116195869859 1.4901104940408347E-4 
-0.008455489326471676 8.41846993951071E-5 
-0.008859996937145922 1.0055713744696113E-4 
-0.0112267651053572 3.239152178177465E-4 
-0.010660648736545182 2.385156212960583E-4 
-0.010400572234401499 2.08199865896558E-4 
-0.011346158241471468 3.518481190408201E-4 
-0.009630864581141842 1.4345818671506735E-4 
-0.011208137587091736 3.208099165717373E-4 
-0.008897012828597126 1.0201249147212783E-4 
-0.009630864581141842 1.4345818671506735E-4 
-0.011087365765153756 2.9992580379298447E-4 
-0.011641932934570304 4.074160204794092E-4 
-0.008941989428814781 1.0780558441009493E-4 
-0.011523897889632869 3.870906769865484E-4 
-0.010474150776436153 2.172195150413112E-4 
-0.009803716957045232 1.5840788584542252E-4 
-0.008723654615054512 9.547015892510312E-5 
-0.00820453295018992 7.607600904299313E-5 
-0.008403907628646047 8.216284182598413E-5 
-0.011422236372993569 3.5919077996130074E-4 
-0.009772137091340652 1.541012784134117E-4 
-0.008939180271827463 1.0403361954081128E-4 
-0.010963052479388837 2.814368125236374E-4 
-0.00974388832471991 1.539684307561875E-4 
-0.009956677660457174 1.7072128281185565E-4 
-0.011329393775561507 3.4377720714176655E-4 
-0.011341262941825674 3.4619467052613063E-4 
-0.009941941371433439 1.6837501079800985E-4 
-0.011390476652577286 3.539358971444362E-4 
-0.007994048175703972 7.054639199269058E-5 
