-0.011713528783177022 4.3029059305354806E-4 
-0.007715373957010149 6.606770947472642E-5 
-0.011713528783177022 4.3029059305354806E-4 
-0.0114807420833587 3.8027561402174785E-4 
-0.009414216287414125 1.3514841830198452E-4 
-0.007987150444388257 7.171730823135161E-5 
-0.009596994292420878 1.4449234419814608E-4 
-0.009935812777557168 1.6461400178546635E-4 
-0.011590372406479487 3.9823378602708165E-4 
-0.009140000416064074 1.1491556446535715E-4 
-0.01162814119279667 4.0727253787047665E-4 
-0.00786147732537927 6.81715356239334E-5 
-0.008952241101122941 1.0542716651720753E-4 
-0.011663802074152041 4.1145288086950356E-4 
-0.009840128699810316 1.5838345271226305E-4 
-0.01147385346307419 3.685971204413683E-4 
-0.011202017637234843 3.194050335703052E-4 
-0.009330529955180914 1.2951554566309156E-4 
-0.010662510829826501 2.392307603112643E-4 
-0.011666689154628651 4.231706386316485E-4 
-0.008410152733305365 8.247129325540941E-5 
-0.00973171658015202 1.5200323742827992E-4 
-0.00813821653417916 7.50366859536898E-5 
-0.00804390145380387 7.418473657780134E-5 
-0.008203920823429732 7.676796026502995E-5 
-0.008474705372735146 8.480086135677416E-5 
-0.00902948998983361 1.0978508476574907E-4 
-0.01070692146461789 2.4598204985915365E-4 
-0.008894730542522019 1.0241695435510593E-4 
-0.009814263812030304 1.5647047676754374E-4 
-0.0092298935036463 1.2091311119765763E-4 
-0.010894722073491148 2.7244024659515607E-4 
-0.010543283348427237 2.240929215286455E-4 
-0.010085150422844344 1.8093158917383332E-4 
-0.01156124553070521 3.932548841038316E-4 
-0.008312685135557779 8.144599574739787E-5 
-0.010934677924568849 2.7631354111259433E-4 
-0.010309226973532397 1.971450390433107E-4 
-0.010261159263324354 1.940025601321371E-4 
-0.00828590661463724 7.831256386308459E-5 
-0.007818439161765065 6.729600696619559E-5 
-0.010423229490712003 2.094455756405339E-4 
-0.00862644372315149 9.081222361050572E-5 
-0.010983447583511661 2.837603648064512E-4 
-0.009615796553429222 1.489787823840103E-4 
-0.010061706972413978 1.739662006252296E-4 
-0.009496945369927274 1.379500544046678E-4 
-0.011415628647966532 3.607125919774748E-4 
-0.0108162426875563 2.5928816885397463E-4 
-0.010578619955043667 2.2845173619599936E-4 
-0.00969379552143561 1.5007997387891505E-4 
-0.011333479065411822 3.4460646521178165E-4 
-0.01144560070839976 3.644245073375706E-4 
-0.011126946527200015 3.063872989218876E-4 
-0.010218833941287399 1.9035668916005672E-4 
-0.01050299757854612 2.1952196313229226E-4 
-0.010867797580484544 2.6658709161492603E-4 
-0.011023236630123313 2.9023776152644205E-4 
-0.008666272104894596 9.419757168537999E-5 
-0.01045696574251405 2.1421817605350252E-4 
-0.008760960943549416 9.665921042447114E-5 
-0.01136770195761449 3.4976564583327427E-4 
-0.01116773913129102 3.1333707987026867E-4 
-0.011236759555953093 3.2576745033133106E-4 
-0.008536983880442573 8.758554510973644E-5 
-0.010629923342984769 2.3461869210135674E-4 
-0.010780267748978162 2.5617879433310155E-4 
-0.010006673396838169 1.7385092315438358E-4 
-0.010845277785350344 2.641253933091131E-4 
-0.009496945369927274 1.379500544046678E-4 
-0.010962419574763179 2.813496868579739E-4 
-0.011067808359023368 2.9683555121970477E-4 
-0.010392572927886406 2.055852520281585E-4 
-0.011693147099381355 4.2714466032616854E-4 
-0.008563345064184139 8.91197841547594E-5 
-0.010337177351195066 2.021231518796287E-4 
-0.010734338616550286 2.492329702816039E-4 
-0.010756967126242457 2.526098904106554E-4 
-0.010597804495406834 2.3290014921086038E-4 
-0.008813888161905292 1.0168145931008312E-4 
-0.011530629614756193 3.8818348621277323E-4 
-0.011155190519112937 3.1116779141612556E-4 
-0.007724325080342164 6.613932760854435E-5 
-0.01012077199346118 1.8419879562174638E-4 
-0.009101987902625492 1.1257859375330526E-4 
-0.008796618708716978 1.0065515636097837E-4 
-0.011530629614756193 3.8818348621277323E-4 
-0.011286574285442769 3.3526336275141894E-4 
-0.010483046499957304 2.1674107001152344E-4 
-0.009073248641762519 1.1106442461760107E-4 
-0.009984203457037474 1.6900238565919633E-4 
-0.011099240996157491 3.025345562806876E-4 
-0.009305097274860633 1.2638475713080925E-4 
-0.009957422693585627 1.6895079681559122E-4 
-0.009231718110267406 1.2242091627738506E-4 
-0.010357961102218169 2.0395843750580932E-4 
-0.011310018936178577 3.398846465977814E-4 
-0.011055306673891388 2.9489567458668397E-4 
-0.011375454612428369 3.5329821066631186E-4 
-0.010140382615053942 1.8586491470387077E-4 
