0.0 0.30000000000000016 0.0 0.0 0.0 0.0 0.0 0.35 0.35 0.0 0.0 
0.0 0.24006628523361961 0.0 0.0 0.2097166162860005 0.1 0.0 0.35 0.10021709848038 0.0 0.0 
0.0 0.30000000000000016 0.0 0.0 0.0 0.0 0.0 0.35 0.35 0.0 0.0 
0.1 0.22467941000841762 0.0 0.0 0.0 0.0 0.0 0.35 0.3253205899915824 0.0 0.0 
0.0 0.2484908069315788 0.0 0.0 0.1 0.100391486341032 0.0 0.35 0.20111770672738916 0.0 0.0 
0.0 0.26891446190300416 0.0 0.0 0.17645814796927659 0.10462739012771922 0.0 0.35 0.1 0.0 0.0 
0.0 0.22513383940310475 0.0 0.0 0.0 0.1582732003180249 0.1 0.35 0.16659296027887036 0.0 0.0 
0.0 0.22131633581737234 0.0 0.0 0.0 0.12920118714352669 0.1 0.35 0.199482477039101 0.0 0.0 
0.1 0.20989949178637635 0.0 0.0 0.0 0.0 0.0 0.35 0.3401005082136237 0.0 0.0 
0.0 0.24956310365216305 0.0 0.0 0.1 0.1253213515165263 0.0 0.35 0.17511554483131075 0.0 0.0 
0.12205907236646506 0.18126975373779058 0.0 0.0 0.0 0.0 0.0 0.35 0.3466711738957445 0.0 0.0 
0.0 0.2556592831238268 0.0 0.0 0.1916901840087159 0.10265053286745728 0.0 0.35 0.1 0.0 0.0 
0.0 0.26816749916125837 0.0 0.0 0.1 0.12998041323050286 0.0 0.35 0.1518520876082387 0.0 0.0 
0.1 0.19999999999999993 0.0 0.0 0.0 0.0 0.0 0.35 0.35 0.0 0.0 
0.0 0.22614451142320835 0.0 0.0 0.0 0.1348068511081515 0.1 0.35 0.18904863746864017 0.0 0.0 
0.0 0.19999999999999998 0.0 0.0 0.0 0.0 0.1 0.35 0.35 0.0 0.0 
0.0 0.22497039708696928 0.0 0.0 0.0 0.1 0.0 0.35 0.32502960291303074 0.0 0.0 
0.0 0.24862773222231677 0.0 0.0 0.10539735615292352 0.1 0.0 0.35 0.1959749116247598 0.0 0.0 
0.0 0.23113903019689833 0.0 0.0 0.0 0.14622942090151378 0.0 0.35 0.272631548901588 0.0 0.0 
0.0 0.30631472990126074 0.0 0.0 0.0 0.0 0.0 0.35 0.3436852700987393 0.0 0.0 
0.0 0.24926205611665905 0.0 0.0 0.1623011948342429 0.1 0.0 0.35 0.13843674904909806 0.0 0.0 
0.0 0.22928767217993298 0.0 0.0 0.0 0.14277446422446077 0.1 0.35 0.17793786359560626 0.0 0.0 
0.0 0.2692536894207336 0.0 0.0 0.16998521072213435 0.1 0.0 0.35 0.11076109985713212 0.0 0.0 
0.0 0.27794344737931015 0.0 0.0 0.17141481766741035 0.10064173495327952 0.0 0.35 0.1 0.0 0.0 
0.0 0.26918913614099593 0.0 0.0 0.165931817334348 0.1 0.0 0.35 0.11487904652465603 0.0 0.0 
0.0 0.25920492469592643 0.0 0.0 0.15370638065956466 0.1 0.0 0.35 0.13708869464450893 0.0 0.0 
0.0 0.2706023483210987 0.0 0.0 0.1 0.12105668248230242 0.0 0.35 0.15834096919659896 0.0 0.0 
0.0 0.22143372852731827 0.0 0.0 0.0 0.14881158112595144 0.0 0.35 0.2797546903467303 0.0 0.0 
0.0 0.2651279213165456 0.0 0.0 0.1 0.13747604416004627 0.0 0.35 0.14739603452340813 0.0 0.0 
0.0 0.2239036340022761 0.0 0.0 0.0 0.13878483448534953 0.1 0.35 0.1873115315123744 0.0 0.0 
0.0 0.24541167800507052 0.0 0.0 0.1 0.11978789282360713 0.0 0.35 0.1848004291713224 0.0 0.0 
0.0 0.26639874622285453 0.0 0.0 0.0 0.1 0.0 0.35 0.28360125377714546 0.0 0.0 
0.0 0.24401484326164594 0.0 0.0 0.0 0.14845038557917523 0.0 0.35 0.25753477115917883 0.0 0.0 
0.0 0.27896625411549336 0.0 0.0 0.0 0.16707134631931161 0.0 0.35 0.20396239956519507 0.0 0.0 
0.1 0.2138262597621769 0.0 0.0 0.0 0.0 0.0 0.35 0.3361737402378231 0.0 0.0 
0.0 0.2276691889902649 0.0 0.0 0.17831163357798085 0.1 0.0 0.35 0.1440191774317543 0.0 0.0 
0.0 0.24261591528796125 0.0 0.0 0.0 0.11277603404012136 0.0 0.35 0.2946080506719174 0.0 0.0 
0.0 0.19208315800511622 0.0 0.0 0.0 0.11454107466789132 0.1 0.35 0.24337576732699245 0.0 0.0 
0.0 0.24178558994363344 0.0 0.0 0.0 0.17641359994871658 0.0 0.35 0.23180081010765 0.0 0.0 
0.0 0.2575776813183577 0.0 0.0 0.16618924371627847 0.1 0.0 0.35 0.12623307496536385 0.0 0.0 
0.0 0.25207106404227764 0.0 0.0 0.19748012090717987 0.1004488150505425 0.0 0.35 0.1 0.0 0.0 
0.0 0.19217728804940132 0.0 0.0 0.0 0.1 0.1041372849967804 0.35 0.25368542695381824 0.0 0.0 
0.0 0.2540985637473616 0.0 0.0 0.14663051296444296 0.1 0.0 0.35 0.1492709232881954 0.0 0.0 
0.0 0.2344693138323038 0.0 0.0 0.0 0.11386755316131805 0.0 0.35 0.3016631330063781 0.0 0.0 
0.0 0.24767432156292654 0.0 0.0 0.0 0.14085850564275926 0.1 0.35 0.16146717279431422 0.0 0.0 
0.0 0.2005158247921372 0.0 0.0 0.0 0.13185968924277028 0.1 0.35 0.21762448596509257 0.0 0.0 
0.0 0.23904730274358799 0.0 0.1 0.0 0.127957841935254 0.0 0.35 0.18299485532115795 0.0 0.0 
0.0 0.17570679572570225 0.0 0.0 0.0 0.0 0.12429320427429774 0.35 0.35 0.0 0.0 
0.0 0.2382132443819245 0.0 0.0 0.0 0.1269226460209832 0.0 0.35 0.2848641095970923 0.0 0.0 
0.0 0.2379624645097473 0.0 0.0 0.0 0.14934520091831183 0.0 0.35 0.26269233457194086 0.0 0.0 
0.0 0.23105371328263702 0.0 0.0 0.0 0.1450984696412739 0.1 0.35 0.17384781707608907 0.0 0.0 
0.0 0.20724729728667246 0.0 0.0 0.0 0.1 0.0 0.35 0.3427527027133276 0.0 0.0 
0.0 0.18821207178848878 0.0 0.0 0.0 0.0 0.11178792821151125 0.35 0.35 0.0 0.0 
0.0 0.2350911815156547 0.0 0.0 0.0 0.1 0.0 0.35 0.3149088184843454 0.0 0.0 
0.0 0.2603930430572534 0.0 0.0 0.0 0.1674536923284688 0.0 0.35 0.22215326461427776 0.0 0.0 
0.0 0.23907657859267942 0.0 0.0 0.0 0.1556519049018958 0.0 0.35 0.2552715165054248 0.0 0.0 
0.0 0.24567984768963166 0.0 0.0 0.0 0.11691009039227246 0.0 0.35 0.2874100619180959 0.0 0.0 
0.0 0.22798287013273058 0.0 0.0 0.0 0.11464694682436492 0.0 0.35 0.30737018304290453 0.0 0.0 
0.0 0.27818754688715186 0.0 0.0 0.1330514235454019 0.1 0.0 0.35 0.13876102956744632 0.0 0.0 
0.0 0.24273994314541766 0.0 0.0 0.0 0.15741763259999125 0.0 0.35 0.24984242425459113 0.0 0.0 
0.0 0.2540068452680053 0.0 0.0 0.1 0.15772429800819582 0.0 0.35 0.13826885672379896 0.0 0.0 
0.0 0.21431091804876246 0.0 0.0 0.0 0.0 0.1 0.35 0.3356890819512376 0.0 0.0 
0.0 0.2295916870750072 0.0 0.0 0.0 0.1 0.0 0.35 0.3204083129249928 0.0 0.0 
0.0 0.22028663165678974 0.0 0.0 0.0 0.1 0.0 0.35 0.3297133683432103 0.0 0.0 
0.0 0.26667105519557166 0.0 0.0 0.14639456019511218 0.1 0.0 0.35 0.13693438460931617 0.0 0.0 
0.0 0.24308396383974104 0.0 0.0 0.0 0.14098485694549406 0.0 0.35 0.26593117921476495 0.0 0.0 
0.0 0.21806139176535116 0.0 0.0 0.0 0.1442863103133726 0.0 0.35 0.2876522979212762 0.0 0.0 
0.0 0.24471801137933044 0.0 0.0 0.0 0.10631422341299038 0.1 0.35 0.19896776520767928 0.0 0.0 
0.0 0.2259414966335369 0.0 0.0 0.0 0.1327267876019457 0.0 0.35 0.29133171576451744 0.0 0.0 
0.0 0.23904730274358799 0.0 0.1 0.0 0.127957841935254 0.0 0.35 0.18299485532115795 0.0 0.0 
0.0 0.2572720420031217 0.0 0.0 0.0 0.1 0.0 0.35 0.29272795799687834 0.0 0.0 
0.0 0.2430639509518001 0.0 0.0 0.0 0.1 0.0 0.35 0.30693604904819993 0.0 0.0 
0.0 0.19992891501908777 0.0 0.0 0.0 0.1 0.10140236216434595 0.35 0.24866872281656624 0.0 0.0 
0.0 0.30274777644680995 0.0 0.0 0.0 0.0 0.0 0.35 0.34725222355319 0.0 0.0 
0.0 0.2718144608870492 0.0 0.0 0.14238547393663714 0.1 0.0 0.35 0.13580006517631374 0.0 0.0 
0.0 0.26200810531669616 0.0 0.0 0.0 0.15525165888972928 0.0 0.35 0.23274023579357467 0.0 0.0 
0.0 0.22396626819389126 0.0 0.0 0.0 0.1444857027057103 0.0 0.35 0.28154802910039844 0.0 0.0 
0.0 0.22106437618039515 0.0 0.0 0.0 0.14438236706626334 0.0 0.35 0.28455325675334153 0.0 0.0 
0.0 0.21780898655067582 0.0 0.0 0.0 0.1615454646762755 0.0 0.35 0.27064554877304875 0.0 0.0 
0.0 0.28330661327773987 0.0 0.0 0.12151825263531285 0.1 0.0 0.35 0.14517513408694724 0.0 0.0 
0.1 0.21795377413172615 0.0 0.0 0.0 0.0 0.0 0.35 0.332046225868274 0.0 0.0 
0.0 0.23128344038296583 0.0 0.0 0.0 0.1 0.0 0.35 0.31871655961703416 0.0 0.0 
0.0 0.24083685063428423 0.0 0.0 0.20880515726549667 0.1 0.0 0.35 0.10035799210021913 0.0 0.0 
0.0 0.28009226584390423 0.0 0.0 0.0 0.16295412293280342 0.0 0.35 0.20695361122329234 0.0 0.0 
0.0 0.25017753838283135 0.0 0.0 0.1 0.1284537048631147 0.0 0.35 0.17136875675405394 0.0 0.0 
0.0 0.28209498632281027 0.0 0.0 0.1231499591001933 0.1 0.0 0.35 0.14475505457699644 0.0 0.0 
0.1 0.21795377413172615 0.0 0.0 0.0 0.0 0.0 0.35 0.332046225868274 0.0 0.0 
0.0 0.21357081063983135 0.0 0.0 0.0 0.1 0.0 0.35 0.33642918936016863 0.0 0.0 
0.0 0.18331178981709695 0.0 0.0 0.0 0.10435819164392866 0.1 0.35 0.2623300185389744 0.0 0.0 
0.0 0.2420268001571876 0.0 0.0 0.1 0.1368051830790623 0.0 0.35 0.17116801676375015 0.0 0.0 
0.0 0.22807689592283378 0.0 0.0 0.0 0.11997523742103654 0.1 0.35 0.2019478666561297 0.0 0.0 
0.0 0.22436538179508508 0.0 0.0 0.0 0.11004305895908204 0.0 0.35 0.315591559245833 0.0 0.0 
0.0 0.24595784036943927 0.0 0.0 0.1 0.11236732840960001 0.0 0.35 0.1916748312209607 0.0 0.0 
0.0 0.2650345550078185 0.0 0.0 0.0 0.18870586993443567 0.0 0.35 0.19625957505774588 0.0 0.0 
0.0 0.2688407244786515 0.0 0.0 0.1 0.10334569605073576 0.0 0.35 0.17781357947061283 0.0 0.0 
0.0 0.2582070142381593 0.0 0.0 0.0 0.1559455356877325 0.0 0.35 0.23584745007410818 0.0 0.0 
0.0 0.21041009733756566 0.0 0.0 0.0 0.1 0.0 0.35 0.3395899026624344 0.0 0.0 
0.0 0.2447493777445753 0.0 0.0 0.0 0.1 0.0 0.35 0.30525062225542476 0.0 0.0 
0.0 0.2015883232494759 0.0 0.0 0.0 0.1 0.0 0.35 0.3484116767505241 0.0 0.0 
0.0 0.27980263599311805 0.0 0.0 0.0 0.1613191457090282 0.0 0.35 0.20887821829785383 0.0 0.0 
