0.0 0.29999999999999993 0.0 0.0 0.0 0.0 0.0 0.35 0.35 0.0 0.0 
0.0 0.0 0.0 0.0 0.0 0.1320611749733097 0.35 0.19485522072631659 0.1 0.0 0.22308360430037374 
0.0 0.29999999999999993 0.0 0.0 0.0 0.0 0.0 0.35 0.35 0.0 0.0 
0.0 0.0 0.0 0.0 0.0 0.1320611749733097 0.35 0.19485522072631659 0.1 0.0 0.22308360430037374 
0.0 0.2 0.0 0.0 0.0 0.0 0.0 0.35 0.35 0.0 0.1 
0.0 0.0 0.0 0.0 0.0 0.0 0.2540739889416122 0.35 0.29592601105838784 0.0 0.1 
0.0 0.0 0.0 0.0 0.0 0.0 0.23938416115397368 0.35 0.31061583884602645 0.0 0.1 
0.0 0.0 0.0 0.0 0.0 0.1 0.24769668524922955 0.35 0.16307579800798447 0.0 0.139227516742786 
0.0 0.0 0.0 0.0 0.0 0.0 0.35 0.35 0.12006070036039514 0.0 0.1799392996396049 
0.0 0.0 0.0 0.0 0.0 0.0 0.2071041251632092 0.35 0.3428958748367909 0.0 0.1 
0.0 0.0 0.0 0.0 0.0 0.1 0.24932924437905624 0.35 0.11511659266419183 0.0 0.18555416295675198 
0.0 0.0 0.0 0.0 0.0 0.0 0.3252254629041234 0.35 0.14419412867564704 0.0 0.1805804084202296 
0.0 0.13987565127603246 0.0 0.0 0.0 0.0 0.1601243487239676 0.35 0.35 0.0 0.0 
0.0 0.14461672224940247 0.0 0.0 0.0 0.0 0.0 0.35 0.35 0.0 0.1553832777505976 
0.0 0.0 0.0 0.0 0.0 0.1316755270570193 0.35 0.20023885805537506 0.1 0.0 0.2180856148876057 
0.0 0.0 0.0 0.0 0.0 0.1 0.21971089074301153 0.35 0.1727928818571756 0.0 0.15749622739981298 
0.0 0.10241162224486101 0.0 0.0 0.0 0.0 0.11972448604987379 0.35 0.3278638917052653 0.0 0.1 
0.0 0.0 0.0 0.0 0.0 0.0 0.1 0.35 0.35 0.0 0.20000000000000007 
0.0 0.0 0.0 0.0 0.0 0.1 0.22753681955644522 0.35 0.1888220316824421 0.0 0.13364114876111266 
0.0 0.0 0.0 0.0 0.0 0.1 0.2385303395131973 0.35 0.14237126590875626 0.0 0.16909839457804648 
0.0 0.10226879370228413 0.0 0.0 0.0 0.0 0.10003933100048296 0.35 0.34769187529723306 0.0 0.1 
0.0 0.0 0.0 0.0 0.0 0.1 0.35 0.2874067984602118 0.10618677735751414 0.0 0.15640642418227407 
0.0 0.0 0.0 0.0 0.0 0.1 0.35 0.29350146020417234 0.10864576033655785 0.0 0.14785277945926986 
0.0 0.18241671354423125 0.0 0.0 0.0 0.0 0.0 0.35 0.35 0.0 0.11758328645576872 
0.0 0.0 0.0 0.0 0.0 0.1206130579097068 0.35 0.2099294533759769 0.1 0.0 0.21945748871431636 
0.0 0.0 0.0 0.0 0.0 0.1 0.35 0.28230440056533734 0.10605056633152204 0.0 0.16164503310314063 
0.0 0.17982699146466552 0.0 0.0 0.0 0.0 0.12017300853533448 0.35 0.35 0.0 0.0 
0.0 0.0 0.0 0.0 0.0 0.1 0.35 0.27844321971806174 0.1013399450188625 0.0 0.1702168352630758 
0.0 0.16861548371580792 0.0 0.0 0.0 0.0 0.13156279512851005 0.35 0.349821721155682 0.0 0.0 
0.0 0.0 0.0 0.0 0.0 0.10455636044528463 0.26679071889476735 0.35 0.1 0.0 0.17865292065994806 
0.0 0.0 0.0 0.0 0.0 0.0 0.2962688460316837 0.35 0.21428829254843879 0.0 0.13944286141987763 
0.0 0.0 0.0 0.0 0.0 0.0 0.35 0.28889140092678295 0.10414961424098669 0.1 0.1569589848322305 
0.0 0.1 0.0 0.0 0.0 0.0 0.1091960462275532 0.35 0.3385854400936504 0.0 0.10221851367879656 
0.0 0.0 0.0 0.0 0.0 0.0 0.23105711627273154 0.35 0.28721046681037954 0.0 0.13173241691688897 
0.0 0.0 0.0 0.0 0.0 0.0 0.21882180960513292 0.35 0.33117819039486707 0.0 0.1 
0.0 0.0 0.0 0.0 0.0 0.1 0.35 0.27327707060349526 0.10182827844265625 0.0 0.17489465095384849 
0.0 0.0 0.0 0.0 0.0 0.12625045436928442 0.35 0.23981613817289646 0.1 0.0 0.18393340745781916 
0.0 0.0 0.0 0.0 0.0 0.10161245668043663 0.35 0.2688772985553844 0.1 0.0 0.17951024476417907 
0.0 0.11398051308692542 0.0 0.0 0.0 0.0 0.18601948691307457 0.35 0.35 0.0 0.0 
0.0 0.0 0.0 0.0 0.0 0.10328808996809372 0.35 0.2211795611300779 0.1 0.0 0.22553234890182844 
0.0 0.2 0.0 0.0 0.0 0.0 0.0 0.35 0.35 0.0 0.1 
0.0 0.0 0.0 0.0 0.0 0.0 0.24590880057237594 0.35 0.2759593529100462 0.0 0.12813184651757786 
0.0 0.0 0.0 0.0 0.0 0.1 0.35 0.3017195100258735 0.10156253614721081 0.0 0.14671795382691571 
0.0 0.0 0.0 0.0 0.0 0.1 0.35 0.3003281571472539 0.11374830681531045 0.0 0.1359235360374357 
0.0 0.0 0.0 0.0 0.0 0.1 0.35 0.23323490417150408 0.11603275450488217 0.0 0.2007323413236139 
0.0 0.0 0.0 0.0 0.0 0.0 0.3197108907430115 0.35 0.1727928818571756 0.0 0.15749622739981298 
0.0 0.0 0.0 0.0 0.0 0.0 0.2743056988474182 0.35 0.25376851881357343 0.0 0.12192578233900844 
0.0 0.0 0.0 0.0 0.0 0.0 0.27793245461426064 0.35 0.22344210811723814 0.0 0.14862543726850125 
0.0 0.0 0.0 0.0 0.0 0.0 0.3163255644224957 0.35 0.1662381861425872 0.0 0.1674362494349171 
0.0 0.0 0.0 0.0 0.0 0.10001936907311688 0.35 0.31551863844935396 0.1 0.0 0.1344619924775292 
0.0 0.0 0.0 0.0 0.0 0.1 0.24128630290262687 0.35 0.12908332091832983 0.0 0.17963037617904332 
0.0 0.0 0.0 0.0 0.0 0.0 0.2910176511521857 0.35 0.2589823488478144 0.0 0.1 
0.0 0.0 0.0 0.0 0.0 0.10355112222517784 0.35 0.22769344076505207 0.1 0.0 0.21875543700977013 
0.0 0.1 0.0 0.0 0.0 0.0 0.20000000000000007 0.35 0.35 0.0 0.0 
0.0 0.1014273304079225 0.0 0.0 0.0 0.0 0.10661277797190741 0.35 0.34195989162017015 0.0 0.1 
0.0 0.0 0.0 0.0 0.0 0.1 0.35 0.30899706672751426 0.10558664120035362 0.0 0.13541629207213218 
0.0 0.0 0.0 0.0 0.0 0.11277121851899122 0.2753195097187455 0.35 0.1 0.0 0.16190927176226327 
0.0 0.13012210064937543 0.0 0.0 0.0 0.0 0.16987789935062458 0.35 0.35 0.0 0.0 
0.0 0.19700611565689174 0.0 0.0 0.0 0.0 0.0 0.35 0.35 0.0 0.10299388434310827 
0.0 0.0 0.0 0.0 0.0 0.1 0.35 0.2633474778776288 0.10011210935872526 0.0 0.1865404127636459 
0.0 0.0 0.0 0.0 0.0 0.0 0.28514668511824426 0.35 0.2384957779106287 0.0 0.12635753697112703 
0.0 0.0 0.0 0.0 0.0 0.0 0.26832521489649563 0.35 0.2816747851035044 0.0 0.1 
0.0 0.0 0.0 0.0 0.0 0.1 0.35 0.23862810554560127 0.10009217055741279 0.0 0.21127972389698607 
0.0 0.0 0.0 0.0 0.0 0.1206130579097068 0.35 0.2099294533759769 0.1 0.0 0.21945748871431636 
0.0 0.0 0.0 0.0 0.0 0.13315442169830793 0.24560754815705668 0.35 0.1 0.0 0.17123803014463546 
0.0 0.1 0.0 0.0 0.0 0.0 0.10940392404356282 0.35 0.3297032590700443 0.0 0.11089281688639288 
0.0 0.0 0.0 0.0 0.0 0.0 0.3021820779991211 0.35 0.1924418438943419 0.0 0.15537607810653695 
0.0 0.0 0.0 0.0 0.0 0.10101181859179431 0.35 0.2504719080729476 0.1 0.0 0.1985162733352581 
0.0 0.0 0.0 0.0 0.0 0.13819879428971324 0.22779010971628955 0.35 0.1 0.0 0.18401109599399723 
0.0 0.0 0.0 0.0 0.0 0.0 0.29031354554450495 0.35 0.2065606765895508 0.0 0.15312577786594422 
0.0 0.0 0.0 0.0 0.0 0.0 0.35 0.2967390148841471 0.10179592038043336 0.1 0.15146506473541954 
0.0 0.0 0.0 0.0 0.0 0.1360256842139734 0.35 0.22588478026951422 0.1 0.0 0.18808953551651236 
0.0 0.12204109221703353 0.0 0.0 0.0 0.0 0.17795890778296652 0.35 0.35 0.0 0.0 
0.0 0.0 0.0 0.0 0.0 0.1000604485291535 0.35 0.2576409900754373 0.1 0.0 0.19229856139540927 
0.0 0.0 0.0 0.0 0.0 0.0 0.20000000000000012 0.35 0.35 0.0 0.1 
0.0 0.0 0.0 0.0 0.0 0.0 0.3054826386924898 0.35 0.24451736130751023 0.0 0.1 
0.0 0.0 0.0 0.0 0.0 0.0 0.2970446788760396 0.35 0.18324632108667682 0.0 0.16970900003728365 
0.0 0.0 0.0 0.0 0.0 0.0 0.3461778261057475 0.35 0.15462853146434502 0.0 0.14919364242990754 
0.0 0.0 0.0 0.0 0.0 0.0 0.35 0.29379871112005246 0.1051979286052911 0.1 0.15100336027465647 
0.0 0.0 0.0 0.0 0.0 0.10315059804406887 0.35 0.2517284732688734 0.1 0.0 0.19512092868705783 
0.0 0.0 0.0 0.0 0.0 0.1360256842139734 0.35 0.22588478026951422 0.1 0.0 0.18808953551651236 
0.0 0.0 0.0 0.0 0.0 0.0 0.2844190903995111 0.35 0.23140628036012553 0.0 0.13417462924036333 
0.0 0.0 0.0 0.0 0.0 0.0 0.221487064888578 0.35 0.26731896728576543 0.0 0.16119396782565668 
0.0 0.0 0.0 0.0 0.0 0.0 0.30922734466443713 0.35 0.24077265533556286 0.0 0.1 
0.0 0.0 0.0 0.0 0.0 0.0 0.11388849423317976 0.35 0.35 0.0 0.1861115057668202 
0.0 0.0 0.0 0.0 0.0 0.0 0.23207044230644264 0.35 0.31792955769355735 0.0 0.1 
0.0 0.0 0.0 0.0 0.0 0.0 0.21971089588256837 0.35 0.33028910411743173 0.0 0.1 
0.0 0.0 0.0 0.0 0.0 0.0 0.28486451138765007 0.35 0.26513548861235 0.0 0.1 
0.0 0.0 0.0 0.0 0.0 0.0 0.17294108049284623 0.35 0.35 0.0 0.12705891950715378 
0.0 0.0 0.0 0.0 0.0 0.0 0.2550301047098231 0.35 0.22802429054845633 0.0 0.16694560474172065 
0.0 0.0 0.0 0.0 0.0 0.1 0.35 0.2587773160681211 0.10065384106212487 0.0 0.19056884286975415 
0.0 0.0 0.0 0.0 0.0 0.0 0.29177300390384264 0.35 0.18415996659335757 0.0 0.1740670295027999 
0.0 0.1 0.0 0.0 0.0 0.0 0.20000000000000007 0.35 0.35 0.0 0.0 
0.0 0.0 0.0 0.0 0.0 0.1 0.23947352579501086 0.35 0.1340476571083366 0.0 0.17647881709665253 
0.0 0.0 0.0 0.0 0.0 0.0 0.3425487331422902 0.35 0.1500179114452202 0.0 0.1574333554124897 
0.0 0.0 0.0 0.0 0.0 0.0 0.13800160323667904 0.35 0.35 0.0 0.1619983967633209 
0.0 0.0 0.0 0.0 0.0 0.0 0.22594237758461275 0.35 0.32405762241538727 0.0 0.1 
0.0 0.0 0.0 0.0 0.0 0.0 0.23193375366499847 0.35 0.3180662463350016 0.0 0.1 
0.0 0.0 0.0 0.0 0.0 0.0 0.22594237758461275 0.35 0.32405762241538727 0.0 0.1 
0.0 0.0 0.0 0.0 0.0 0.0 0.13223698726188424 0.35 0.35 0.0 0.1677630127381158 
