-0.0035563468521174085 2.1555630238671587E-5 
-0.014955731434859903 5.381894376808433E-4 
-0.014955731434859903 5.381894376808433E-4 
-0.00610668389111651 2.7611220271679786E-5 
-0.004166914665578591 2.7321628062842526E-5 
-0.006418279896144751 3.217128118912147E-5 
-0.014379869313163887 4.2261365673799495E-4 
-0.012232358416151067 1.735672983656291E-4 
-0.011314977451136857 1.1546862012835516E-4 
-0.014487953588505716 4.3592381322486647E-4 
-0.014918443202028633 5.306229709413484E-4 
-0.011142564544300659 1.1041020293879836E-4 
-0.01462048913894193 4.528490067095043E-4 
-0.014793999068239257 4.818306000085377E-4 
-0.011513136389281725 1.221601489325989E-4 
-0.00889697624431436 5.7593041103126235E-5 
-0.012338112578555348 1.7952730755084364E-4 
-0.012131344162655475 1.6009066617405932E-4 
-0.013328146137737343 2.5676683384567996E-4 
-0.008620655318729862 5.3385113133297006E-5 
-0.0071322372713678705 3.4208929837163336E-5 
-0.014037967168080074 3.32782242988437E-4 
-0.01409419242310958 3.4204781963099974E-4 
-0.0068608820843127135 3.3196303656487134E-5 
-0.011987622892076458 1.465187145644477E-4 
-0.010553756122022211 9.271120152258355E-5 
-0.012529161904908359 1.8565592646665346E-4 
-0.014265834894503872 3.860610440606062E-4 
-0.01316666396491429 2.445079593303403E-4 
-0.014735371234496631 4.6805810214545354E-4 
-0.012716906211799573 1.9553403523702456E-4 
-0.008252455302953463 4.6486474518206854E-5 
-0.011765488303563226 1.3691584997030433E-4 
-0.012828272089941938 2.008958843844997E-4 
-0.013508495741135319 2.7671595932087824E-4 
-0.010962843323366393 1.0402250798824541E-4 
-0.013144187452646835 2.2599887274940908E-4 
-0.01318716677124198 2.456790149391048E-4 
-0.0039000149358422633 2.4512354035386418E-5 
-0.009240303485786274 6.584424017732519E-5 
-0.014888057640368746 5.135746706369131E-4 
-0.013041885039433609 2.178394995691251E-4 
-0.003819956620972461 2.3516318977325127E-5 
-0.012609080189871651 1.8969616131829053E-4 
-0.013696629856195432 2.9295424558424267E-4 
-0.012897064658395857 2.0796532811329031E-4 
-0.008549304355869307 4.946814907822071E-5 
-0.013588919928690765 2.8303471362247875E-4 
-0.013374439566072913 2.620512796401759E-4 
-0.013991834224024944 3.233785594879498E-4 
-0.010763845943180523 9.852913034587199E-5 
-0.010306932347781525 8.824222223254296E-5 
-0.01008614538596743 8.420449765492299E-5 
-0.012976789054716152 2.1161991838476954E-4 
-0.008353481674515625 4.809914429614177E-5 
-0.01474196002851796 4.689455415306679E-4 
-0.014545502219312608 4.4319122207186123E-4 
-0.014869532050222904 5.113804469090367E-4 
-0.013939435438848236 3.2023321733771115E-4 
-0.007361710589718435 3.61114032600148E-5 
-0.010636184613881971 9.614932183398401E-5 
-0.014158666596287537 3.6464568756931835E-4 
-0.014813667141692386 4.926125132942408E-4 
-0.013613875874538533 2.892557298521798E-4 
-0.014325253832838855 3.964521272329107E-4 
-0.009466530729292849 6.995641136197072E-5 
-0.014351778719458193 4.0875352155676764E-4 
-0.010872675232468675 1.0233475088754253E-4 
-0.009100576965986285 6.137626700198955E-5 
-0.009385259129596769 6.800152317767722E-5 
-0.009754817474555559 7.816971378389519E-5 
-0.007807365308124697 4.0655172860134324E-5 
-0.014158037170199013 3.528837467034229E-4 
-0.014376446317818098 4.112761453937628E-4 
-0.01419439724171804 3.665052910665724E-4 
-0.014845435177799949 4.985786779126062E-4 
-0.014135096401799278 3.516175797775116E-4 
-0.012094984106152909 1.5472034187439737E-4 
-0.013778262820464932 3.020557001692273E-4 
-0.006895641808101504 3.353352483472437E-5 
-0.013847642148659219 3.094680952738916E-4 
-0.007589630595063074 3.856793867722069E-5 
-0.01431211440920237 3.958264155589822E-4 
-0.014582032090757053 4.478694057985504E-4 
-0.009045537239032165 6.029922060873031E-5 
-0.01163251114419564 1.2758548200789583E-4 
-0.014244281734921049 3.746673233165352E-4 
-0.013727948226129149 3.015426270345368E-4 
-0.007417172790605601 3.667158356246498E-5 
-0.007999993829236218 4.303950095995504E-5 
-0.004166914665578591 2.7321628062842526E-5 
-0.014256598220035284 3.765550590734947E-4 
-0.013116337766041819 2.248088133549577E-4 
-0.013897069054321483 3.122442031197039E-4 
-0.010213409257457033 8.531423463485174E-5 
-0.009883467805313052 8.36476339618904E-5 
-0.0076485501549428715 3.934106938018095E-5 
-0.011659240277868004 1.3150110024992784E-4 
-0.009575498760134618 7.408182589178425E-5 
-0.00986491231619367 8.217871607042127E-5 
