0.0 0.15879889098268218 0.11440444158549143 0.10759826950593158 0.0 0.12423673292568545 0.12404322052589978 0.0 0.0 0.10850673063654821 0.16809164081641298 
0.0 0.3000188714708191 0.0 0.0 0.0 0.0 0.0 0.349999800483342 0.34998132804583887 0.0 0.0 
0.0 0.3000188714708191 0.0 0.0 0.0 0.0 0.0 0.349999800483342 0.34998132804583887 0.0 0.0 
0.0 0.0 0.0 0.12038594409164585 0.0 0.0 0.1826095062767108 0.1826407704824716 0.0 0.0 0.25073597455987445 
0.0 0.19592646917649648 0.13412005100035296 0.10227093453211852 0.0 0.12983743885060633 0.1728064462603977 0.0 0.0 0.10123102077767725 0.1638076394023506 
0.0 0.10317389138108456 0.0 0.12873599425782378 0.0 0.0 0.20731780437086064 0.1532587998314133 0.0 0.0 0.2128285723813264 
0.0 0.35 0.0 0.0 0.0 0.0 0.0 0.35 0.2709233249761465 0.0 0.0 
0.0 0.11663520389099373 0.0 0.10936616478887318 0.0 0.0 0.1136225551657611 0.35 0.17401946515203368 0.0 0.12965061093966498 
0.0 0.10948098850194975 0.0 0.1550638076283651 0.0 0.0 0.15989128958709578 0.33950310773767167 0.10081512979488157 0.0 0.13524567675003618 
0.0 0.35 0.0 0.0 0.0 0.0 0.0 0.35 0.2791821125492259 0.0 0.0 
0.0 0.3020149030240357 0.0 0.0 0.0 0.0 0.0 0.35 0.34573180530332104 0.0 0.0 
0.0 0.11151267568070182 0.0 0.14761059973224608 0.0 0.0 0.14195310833655994 0.3262329505734585 0.1081350025953357 0.0 0.1645556630816979 
0.0 0.35 0.0 0.0 0.0 0.0 0.0 0.35 0.28930923745682335 0.0 0.0 
0.0 0.3413705358366698 0.0 0.0 0.0 0.0 0.0 0.35 0.30861976016886505 0.0 0.0 
0.0 0.11120218537905734 0.0 0.15179610830415918 0.0 0.0 0.1422166966259425 0.35 0.10400478183687424 0.0 0.13939944721327333 
0.0 0.16066049584341302 0.0 0.10407124188440328 0.0 0.10525520636303351 0.17576286893124413 0.23664115024182883 0.0 0.0 0.21760903673607732 
0.0 0.23901139024314724 0.0 0.14088756246040068 0.0 0.0 0.12600548777104115 0.3404807029386279 0.14195211781111405 0.0 0.0 
0.0 0.11628202731793369 0.0 0.11060553281798267 0.0 0.0 0.1384520098059555 0.35 0.15699738014945713 0.0 0.12516965075815586 
0.0 0.34935111354149234 0.0 0.11732751834130717 0.0 0.0 0.0 0.35 0.18097041603584219 0.0 0.0 
0.0 0.0 0.0 0.17548072474071827 0.0 0.0 0.2661809794139054 0.2662265517232538 0.0 0.0 0.29211174412212243 
0.0 0.15430151388259794 0.0 0.1027905212066777 0.0 0.10049621019526742 0.1736699504423845 0.16316598664688528 0.0 0.0 0.1971061642250677 
0.0 0.33623401338881154 0.0 0.0 0.0 0.0 0.10287148016980016 0.34849172316108845 0.21240278328029993 0.0 0.0 
0.0 0.31535258830847945 0.0 0.0 0.0 0.0 0.10801697818404683 0.35 0.22660627840389347 0.0 0.0 
0.0 0.15713848074755501 0.0 0.14141768217103118 0.0 0.10234391998892932 0.22822456338343797 0.13004915231593853 0.0 0.0 0.21423116472239337 
0.0 0.13032276068410573 0.0 0.13210053875305902 0.0 0.0 0.14050574603354837 0.34855724491011625 0.14100085628453057 0.0 0.10751285333464007 
0.0 0.11282631021289258 0.0 0.15981352940600593 0.0 0.0 0.1638027423561527 0.29612374092709814 0.10137182967672992 0.0 0.1660618474211207 
0.0 0.24701211180252344 0.0 0.13960189334828324 0.0 0.0 0.1259608060400488 0.346691961355462 0.14073322745368244 0.0 0.0 
0.0 0.27294939704894505 0.0 0.0 0.0 0.0 0.10565045115785265 0.34862514294007646 0.2727750088531257 0.0 0.0 
0.0 0.3323326166402764 0.0 0.1354610366234271 0.0 0.0 0.0 0.35 0.1790153357065548 0.0 0.0 
0.0 0.35 0.0 0.0 0.0 0.0 0.0 0.35 0.2980874507550654 0.0 0.0 
0.0 0.2716210146547538 0.0 0.11866075834634252 0.0 0.0 0.11957574153345515 0.3450756507894243 0.1450668346760242 0.0 0.0 
0.0 0.19203767191358678 0.0 0.10739392900302666 0.0 0.10240149497878191 0.218777808705506 0.18734263888138783 0.0 0.0 0.19204645651771093 
0.0 0.12863783508684137 0.0 0.1122407546698476 0.0 0.0 0.15032400925913467 0.35 0.11242308818406106 0.0 0.1343028766584039 
0.0 0.2757416739072932 0.0 0.11839960458190533 0.0 0.0 0.10756179881036769 0.35 0.147718933797009 0.0 0.0 
0.0 0.313481222159844 0.0 0.11358130887519581 0.0 0.0 0.0 0.35 0.2202301476476907 0.0 0.0 
0.0 0.10817756144063666 0.0 0.14319587100166492 0.0 0.0 0.16642051370645414 0.3164759955690661 0.10419477080298699 0.0 0.15963414243951934 
0.0 0.2456756201889261 0.0 0.1013734906151372 0.0 0.0 0.1092990008367214 0.35 0.1936511293940034 0.0 0.0 
0.0 0.33393158914188964 0.0 0.1348760971483835 0.0 0.0 0.0 0.35 0.17951056387263145 0.0 0.0 
0.0 0.18861027978839995 0.1471688537642401 0.10505030640431248 0.0 0.14765592906374383 0.11547784401458917 0.0 0.0 0.12896074892272472 0.16707603804198973 
0.0 0.11587624081191326 0.0 0.1433543753282833 0.0 0.0 0.22553576092426017 0.2682039107657176 0.0 0.0 0.23445095600528612 
0.0 0.31698575526797224 0.0 0.0 0.0 0.0 0.0 0.35 0.33290979311528884 0.0 0.0 
0.0 0.23838117020338045 0.0 0.10355948555030133 0.0 0.0 0.1229064895200663 0.3495722300544495 0.1855806246718025 0.0 0.0 
0.0 0.1847385455988179 0.1441478165047659 0.10289386581481784 0.0 0.14462489327135772 0.11310735011938841 0.0 0.0 0.12631348207556037 0.1636463521867288 
0.0 0.2648486714230593 0.0 0.13130002090861387 0.0 0.0 0.1184875140728101 0.3460981718493629 0.13926562174615373 0.0 0.0 
0.0 0.3292377632230019 0.0 0.0 0.0 0.0 0.15205534786182248 0.3480520210842331 0.17065486783094258 0.0 0.0 
0.0 0.2524788341198086 0.0 0.10780549834375981 0.0 0.0 0.12262928805940694 0.34485685398356686 0.1722295254934579 0.0 0.0 
0.0 0.15817550480203768 0.0 0.12049304338246393 0.0 0.10047973275418894 0.17731849466106195 0.2201284245534865 0.0 0.0 0.22340479984676098 
0.0 0.3373076595965312 0.0 0.0 0.0 0.0 0.15578235319764336 0.35 0.1519089578894694 0.0 0.0 
0.0 0.34701999340594897 0.0 0.10973464257476415 0.0 0.0 0.0 0.35 0.18679280022353248 0.0 0.0 
0.0 0.3421042849808321 0.0 0.0 0.0 0.0 0.10759069524457732 0.34985177737885365 0.20045324239573695 0.0 0.0 
0.0 0.10300289942331982 0.0 0.16675571191797706 0.0 0.0 0.1706302185324749 0.3088858849748123 0.10566983067236614 0.0 0.1450554544790499 
0.0 0.11013253799408503 0.0 0.15026146937999504 0.0 0.0 0.2019805377621065 0.27514078706775036 0.10723957568304437 0.0 0.15359841195901575 
0.0 0.10722742573041863 0.0 0.1462515843570506 0.0 0.0 0.196872377465726 0.2692403211550342 0.10437777504863899 0.0 0.15497593271009166 
0.0 0.2552636037803839 0.0 0.10899456229867512 0.0 0.0 0.11295213889081512 0.34866052690356764 0.17412916812655826 0.0 0.0 
0.0 0.20049468134824483 0.0 0.10706304057020778 0.0 0.10481840531544427 0.18347221273810574 0.19491075145549272 0.0 0.0 0.20555322372054038 
0.0 0.35 0.0 0.0 0.0 0.0 0.0 0.35 0.2985909046572434 0.0 0.0 
0.0 0.35 0.0 0.0 0.0 0.0 0.0 0.35 0.28357943968541266 0.0 0.0 
0.0 0.3172067582016656 0.0 0.0 0.0 0.0 0.0 0.34972178893953215 0.3318021530702199 0.0 0.0 
0.0 0.3413337441073834 0.0 0.0 0.0 0.0 0.11209101276730773 0.34731681748839605 0.19925842563691273 0.0 0.0 
0.0 0.16016638026032498 0.0 0.12177566908597809 0.0 0.10171374796680749 0.2415867224385153 0.1470197130367629 0.0 0.0 0.2277377672116112 
0.0 0.10192467713172444 0.0 0.16501013264935974 0.0 0.0 0.16884408138224383 0.3049642824687503 0.10456369125669976 0.0 0.14353703096463957 
0.0 0.288791711812393 0.0 0.0 0.0 0.0 0.10205502051659356 0.3498139557748984 0.25305409171248755 0.0 0.0 
0.0 0.3301122981048591 0.0 0.0 0.0 0.0 0.0 0.35 0.318018894733104 0.0 0.0 
0.0 0.32741846655380297 0.0 0.0 0.0 0.0 0.15121512289737474 0.3461287608954023 0.16917169111784172 0.0 0.0 
0.0 0.26652347121387754 0.0 0.0 0.0 0.0 0.10258696732691687 0.3499578957576549 0.28093166570155065 0.0 0.0 
0.0 0.11450963249314064 0.0 0.13442565494329148 0.0 0.0 0.23303136380351444 0.27641802886722733 0.0 0.0 0.2416153198928261 
0.0 0.2575372294656184 0.0 0.0 0.0 0.0 0.10128100637437074 0.3489174187326977 0.29155816411936675 0.0 0.0 
0.0 0.10760965672589792 0.0 0.1562523942834328 0.0 0.0 0.17100690443286648 0.30885887579513344 0.11166721565053736 0.0 0.1446049531121321 
0.0 0.15618392481413412 0.0 0.11079826440583576 0.0 0.10002260003436596 0.17082424745660252 0.25062069854725816 0.0 0.0 0.21155026474180344 
0.0 0.11508959384437174 0.0 0.14285382100326144 0.0 0.0 0.22982750379118438 0.2733167343376572 0.0 0.0 0.23891234702352535 
0.0 0.0 0.0 0.14686919681463098 0.0 0.0 0.21482781185959665 0.3307289557781081 0.0 0.0 0.3058944420297817 
0.0 0.16748134669525078 0.0 0.11157048616062003 0.0 0.10908020406124216 0.20588228994939187 0.1756061501280027 0.0 0.0 0.21394220313007978 
0.0 0.31224530749654383 0.0 0.0 0.0 0.0 0.10102997242624186 0.35 0.2366906060537321 0.0 0.0 
0.0 0.2546762553517433 0.0 0.0 0.0 0.0 0.10191212170297154 0.35 0.29337495912507877 0.0 0.0 
0.0 0.2910513896993692 0.0 0.0 0.0 0.0 0.10285355961478644 0.35 0.25354394274179476 0.0 0.0 
0.0 0.32824166885325834 0.0 0.0 0.0 0.0 0.0 0.35 0.3217583293233722 0.0 0.0 
0.0 0.31252943039063513 0.0 0.0 0.0 0.0 0.10126788455416941 0.34913158419586854 0.23608032173194415 0.0 0.0 
0.0 0.12514686057333382 0.0 0.11541610153599492 0.0 0.0 0.14657855371892753 0.35 0.1477367732060931 0.0 0.11262675360198278 
0.0 0.3440991124040904 0.0 0.0 0.0 0.0 0.11968653040507438 0.35 0.17724885874836063 0.0 0.0 
0.0 0.15793460143877985 0.0 0.14213415557936385 0.0 0.10286243150779237 0.22938083202171763 0.13070802861754474 0.0 0.0 0.21531653771396944 
0.0 0.3435722946627988 0.0 0.0 0.0 0.0 0.11278278776679475 0.35 0.1859101394665589 0.0 0.0 
0.0 0.1662862496445374 0.0 0.10913758378078221 0.0 0.10489343205002893 0.18439364392850954 0.17324108613131134 0.0 0.0 0.20927698643116185 
0.0 0.2636179856124973 0.0 0.0 0.0 0.0 0.10549027507777482 0.3496175827991655 0.2812741565105623 0.0 0.0 
0.0 0.35 0.0 0.0 0.0 0.0 0.0 0.35 0.28637071017667914 0.0 0.0 
0.0 0.1561857308934802 0.0 0.11079954565457607 0.0 0.10002375667550094 0.17082622283368123 0.2480912138942171 0.0 0.0 0.2115527110663164 
0.0 0.1261430426214169 0.0 0.13851170176287508 0.0 0.0 0.14628897469401644 0.345244051359168 0.11221524931882682 0.0 0.13159698024369668 
0.0 0.2876993050811264 0.0 0.0 0.0 0.0 0.10120313847898317 0.35 0.2604216337102932 0.0 0.0 
0.0 0.3426057651415881 0.0 0.0 0.0 0.0 0.11246550987345344 0.3492495134989822 0.1788283315396431 0.0 0.0 
0.0 0.16224084653863452 0.0 0.12195988525696544 0.0 0.10303113891898277 0.24471574057685036 0.14925283027203756 0.0 0.0 0.21879955843652926 
0.0 0.17307488687429015 0.0 0.11529671603307234 0.0 0.11272326351946706 0.19479981932743173 0.1830178717632562 0.0 0.0 0.2210874424824825 
0.0 0.19592646917649648 0.13412005100035296 0.10227093453211852 0.0 0.12983743885060633 0.1728064462603977 0.0 0.0 0.10123102077767725 0.1638076394023506 
0.0 0.2871094894149893 0.0 0.0 0.0 0.0 0.10099566075664279 0.34995699797270685 0.261937851855661 0.0 0.0 
0.0 0.2451935586274991 0.0 0.10105300367941832 0.0 0.0 0.11096267210675322 0.348875605697923 0.193038911577675 0.0 0.0 
0.0 0.34629981214150607 0.0 0.0 0.0 0.0 0.11367813651787254 0.35 0.18738602434651297 0.0 0.0 
0.0 0.10836405244418379 0.0 0.15538070719145872 0.0 0.0 0.1989592540451618 0.2720943087366899 0.10548419503993789 0.0 0.159717482542568 
0.0 0.10743610874538112 0.0 0.15606447909400212 0.0 0.0 0.18576852769514557 0.2523313844455567 0.11152191225326269 0.0 0.18687758776665178 
0.0 0.1654716217381703 0.0 0.11023167443659801 0.0 0.10777127496107078 0.18624216719451142 0.17497780639735977 0.0 0.0 0.2113749621000344 
0.0 0.12068326237614817 0.0 0.1169684003629186 0.0 0.0 0.14741675902453663 0.35 0.10780765005231596 0.0 0.14432640241750389 
0.0 0.12146266139635628 0.0 0.14592824984432137 0.0 0.0 0.23299600307235668 0.2821531027964655 0.0 0.0 0.21745998289050011 
0.0 0.11636167084609512 0.0 0.1505884297882948 0.0 0.0 0.24152028095533026 0.24410652561721882 0.10760878933310229 0.0 0.13981430345995866 
