0.0 0.0 0.0 0.12298040738073415 0.0 0.0 0.13117712054702688 0.105161091578176 0.0 0.0 0.18889356199689236 
0.0 0.29999999698410174 0.0 0.0 0.0 0.0 0.0 0.35 0.35 0.0 0.0 
0.0 0.0 0.0 0.13678330747869707 0.0 0.0 0.1417834317058147 0.14062800762033295 0.0 0.0 0.2035565741616589 
0.0 0.11377071653302452 0.1004987732947844 0.11950201633777446 0.0 0.10314501864423753 0.1382005283710586 0.10223619058815069 0.0 0.10369142219264392 0.2140011820250583 
0.0 0.2694221205943571 0.0 0.0 0.0 0.0 0.10774324386574823 0.35 0.26811935653849894 0.0 0.0 
0.0 0.1249290519882808 0.0 0.13177618751008288 0.0 0.1028442153974086 0.20735144909853617 0.20479704542459534 0.0 0.0 0.2283020505810962 
0.0 0.1385267682831193 0.0 0.12722626639096635 0.0 0.10129711043282782 0.20481799051081168 0.1627530387973397 0.0 0.0 0.22493424315568838 
0.0 0.3315247991124553 0.0 0.0 0.0 0.0 0.0 0.35 0.3136153847251053 0.0 0.0 
0.0 0.2072247060294879 0.0 0.1175835620791278 0.0 0.0 0.12113021446784489 0.35 0.1650142688008959 0.0 0.0 
0.0 0.34470959504147003 0.0 0.10143800423230767 0.0 0.0 0.0 0.35 0.1928852301066624 0.0 0.0 
0.0 0.3388784498000552 0.0 0.0 0.0 0.0 0.10052077802171643 0.35 0.210575718570243 0.0 0.0 
0.0 0.14671483386134387 0.0 0.1097108927805048 0.0 0.10759759543222812 0.22045989089975151 0.17579242607476267 0.0 0.0 0.23972436095140895 
0.0 0.12907495676625264 0.0 0.13991857797806706 0.0 0.0 0.15171046135970637 0.3400556579979045 0.10475709548545209 0.0 0.1344832504126173 
0.0 0.33025496445553715 0.0 0.0 0.0 0.0 0.0 0.34865940004756446 0.32108563549689834 0.0 0.0 
0.0 0.35 0.0 0.0 0.0 0.0 0.0 0.35 0.271883713505543 0.0 0.0 
0.0 0.33841635960314503 0.0 0.11745581124912234 0.0 0.0 0.0 0.35 0.18962972975064277 0.0 0.0 
0.0 0.0 0.0 0.17785235412461778 0.0 0.0 0.2363131836397686 0.2587182131756446 0.10095709937388507 0.0 0.21208484570028197 
0.0 0.11842385715463395 0.0 0.11736299230572049 0.0 0.1007360504403202 0.1442637190094415 0.15144656818594102 0.0 0.0 0.17391076771019917 
0.0 0.0 0.0 0.1478461364915523 0.0 0.0 0.26093365864341755 0.287153622404102 0.0 0.0 0.30406658246092816 
0.0 0.16567822534268295 0.0 0.131676884239436 0.0 0.0 0.13381811024844947 0.3430768113977481 0.11896503197141613 0.0 0.1067849368002674 
0.0 0.0 0.0 0.1627950028450289 0.0 0.0 0.1918093928721718 0.3172580046973961 0.1012005067108195 0.0 0.20670174490504575 
0.0 0.2879350615925252 0.0 0.0 0.0 0.0 0.12213492725184641 0.35 0.2390922283351063 0.0 0.0 
0.0 0.32243766484955344 0.0 0.0 0.0 0.0 0.0 0.35 0.3275619804452357 0.0 0.0 
0.0 0.301147380715542 0.0 0.0 0.0 0.0 0.0 0.34958598262895274 0.3463310806601547 0.0 0.0 
0.0 0.0 0.0 0.16041643986351764 0.0 0.0 0.18956115800601442 0.3493134599578928 0.10059649193044794 0.0 0.2001124502421272 
0.0 0.2588680293522052 0.0 0.10009339329288099 0.0 0.0 0.10583213674952831 0.35 0.18520644033768624 0.0 0.0 
0.0 0.32890600887333293 0.0 0.10627928363549496 0.0 0.0 0.0 0.35 0.2112995517501754 0.0 0.0 
0.0 0.260070277472966 0.0 0.0 0.0 0.0 0.1075831772337708 0.35 0.2809735494823505 0.0 0.0 
0.0 0.17324819846089856 0.0 0.10239898240181029 0.0 0.0 0.10897573146988024 0.35 0.15861181748608108 0.0 0.10649432926762967 
0.0 0.0 0.0 0.19457456228387943 0.0 0.0 0.2028890402144806 0.2856100598870476 0.10280992279797867 0.0 0.21411641481661364 
0.0 0.3460886614623271 0.0 0.0 0.0 0.0 0.1227148273397317 0.3496688534247084 0.18152765777323276 0.0 0.0 
0.0 0.35 0.0 0.12346039760643891 0.0 0.0 0.0 0.35 0.17444747888948245 0.0 0.0 
0.0 0.35 0.0 0.0 0.0 0.0 0.0 0.35 0.2797492228004008 0.0 0.0 
0.0 0.32266214002089566 0.0 0.0 0.0 0.0 0.11305088370038786 0.35 0.1795415949946638 0.0 0.0 
0.0 0.32660500712645174 0.0 0.10562940768390956 0.0 0.0 0.0 0.347859822015408 0.21990576317423066 0.0 0.0 
0.0 0.0 0.0 0.18870261406969444 0.0 0.0 0.19762731532618447 0.2782030478628063 0.1001436499969537 0.0 0.235323372744361 
0.0 0.1699103242269054 0.0 0.12505498533574974 0.0 0.0 0.11110469192256653 0.34488707099761734 0.1469381018415897 0.0 0.10210482567557115 
0.0 0.12387505539517289 0.0 0.135384925690788 0.0 0.0 0.1734874581638098 0.328532680372003 0.10120734226405227 0.0 0.13751253811417416 
0.0 0.2777593962637912 0.0 0.10274527896701886 0.0 0.0 0.1016002431288706 0.342880941238635 0.1750141404016843 0.0 0.0 
0.0 0.18761965361842114 0.0 0.10536969759921509 0.0 0.0 0.10725429879698584 0.33932039260915975 0.15313785666254964 0.0 0.10729810071366848 
0.0 0.15140785906131632 0.0 0.12693156266979846 0.0 0.0 0.1547599867401802 0.3357359676545648 0.10440999337912898 0.0 0.1267546304950111 
0.0 0.10946543896499059 0.0 0.12097466875857754 0.0 0.10220537070976234 0.18899732862039909 0.15310345973619804 0.0 0.0 0.23178939851074706 
0.0 0.34120994554448586 0.0 0.1382090403463132 0.0 0.0 0.0 0.35 0.17010817163121275 0.0 0.0 
0.0 0.0 0.0 0.13040329521168417 0.0 0.0 0.2132615937719037 0.20982071093458887 0.0 0.0 0.2661683534975132 
0.0 0.0 0.0 0.14421264076201257 0.0 0.0 0.25114547852867514 0.2793428407465032 0.0 0.0 0.2941529039030576 
0.0 0.2621483196077046 0.0 0.1276838117429577 0.0 0.0 0.10907786310474298 0.35 0.1484016254924114 0.0 0.0 
0.0 0.3486589187278065 0.0 0.0 0.0 0.0 0.0 0.3499908672013586 0.30135021407083495 0.0 0.0 
0.0 0.35 0.0 0.0 0.0 0.0 0.0 0.35 0.27626024165602114 0.0 0.0 
0.0 0.2739794644534452 0.0 0.0 0.0 0.0 0.1241117319483841 0.3499226282905026 0.25189911862019837 0.0 0.0 
0.0 0.10774500216543914 0.10806893312896615 0.1180408126775562 0.0 0.10733844126953611 0.12104296263346992 0.11825616882731321 0.0 0.1081556453555151 0.21135203394220406 
0.0 0.27055542908984753 0.0 0.11312686756578338 0.0 0.0 0.11580121707110323 0.35 0.15012041767352569 0.0 0.0 
0.0 0.3309957916439496 0.0 0.0 0.0 0.0 0.11597073875489287 0.35 0.18417875851324728 0.0 0.0 
0.0 0.35 0.0 0.0 0.0 0.0 0.0 0.35 0.2914953447289591 0.0 0.0 
0.0 0.0 0.0 0.1759191915755491 0.0 0.0 0.14852145479684487 0.3428346738650642 0.10935907746843307 0.0 0.22336560229410873 
0.0 0.0 0.0 0.19222132188693 0.0 0.0 0.18813948988294166 0.31091011963934473 0.10012900479115691 0.0 0.20860006379962676 
0.0 0.24944344881991565 0.0 0.0 0.0 0.0 0.10711354588383427 0.34984781562736295 0.29359518966888715 0.0 0.0 
0.0 0.35 0.0 0.0 0.0 0.0 0.0 0.35 0.2979737697657236 0.0 0.0 
0.0 0.10631509205408178 0.0 0.13523803124656442 0.0 0.0 0.15764151797020068 0.35 0.11984456521752519 0.0 0.13038709707229082 
0.0 0.14766016584613387 0.0 0.10389874919239162 0.0 0.0 0.14205905656067733 0.3459397054367689 0.15428478049376465 0.0 0.10476955331347701 
0.0 0.0 0.0 0.160829419355461 0.0 0.0 0.1899241707244514 0.3340502802161311 0.10020584511601997 0.0 0.2003440374543913 
0.0 0.35 0.0 0.0 0.0 0.0 0.0 0.35 0.28519000617465384 0.0 0.0 
0.0 0.0 0.0 0.15763447884464615 0.0 0.0 0.2669790787674915 0.2536360631477627 0.0 0.0 0.32175037924009964 
0.0 0.0 0.0 0.14716943049035452 0.0 0.0 0.25747990626213013 0.2833528191182033 0.0 0.0 0.3000419170011168 
0.0 0.28071235345806456 0.0 0.10868892038793555 0.0 0.0 0.10268039081396416 0.3465262283318149 0.16139210700822076 0.0 0.0 
0.0 0.0 0.0 0.17026725460801437 0.0 0.0 0.21080847415276574 0.2968549134211835 0.1058800521722644 0.0 0.2161893056457719 
0.0 0.3329306727108785 0.0 0.0 0.0 0.0 0.13042821503114072 0.35 0.17531230601237122 0.0 0.0 
0.0 0.24879998330184058 0.0 0.0 0.0 0.0 0.1071593511938813 0.35 0.2913058506363093 0.0 0.0 
0.0 0.17311418784310242 0.0 0.10231977493520879 0.0 0.0 0.10889143676881667 0.35 0.15729441543289538 0.0 0.10569222987910191 
0.0 0.34661587777753783 0.0 0.0 0.0 0.0 0.1138090786129979 0.3463057853146692 0.19326925829479513 0.0 0.0 
0.0 0.1400757088432896 0.10259669590175972 0.10397103202634739 0.0 0.10161323727942034 0.11632466505279422 0.1470962344019779 0.0 0.10196067123302964 0.1863617552613812 
0.0 0.0 0.0 0.16615725267047848 0.0 0.0 0.19577088484940383 0.323810421247502 0.10329062852093286 0.0 0.2109708127116829 
0.0 0.33420587088004233 0.0 0.1353719998364244 0.0 0.0 0.0 0.3428154903906937 0.1876066388928397 0.0 0.0 
0.0 0.1423755809350917 0.0 0.1307611071283752 0.0 0.1041115383233659 0.21050863126566166 0.16727495151236038 0.0 0.0 0.23118379168446143 
0.0 0.3139776762788189 0.0 0.0 0.0 0.0 0.0 0.35 0.3360090918446649 0.0 0.0 
0.0 0.29352333907275 0.0 0.0 0.0 0.0 0.1078615109907982 0.35 0.24318124500737584 0.0 0.0 
0.0 0.13755020009839358 0.0 0.12591915898222067 0.0 0.10667774797584245 0.21921983212387286 0.17405277228126137 0.0 0.0 0.2365802885384092 
0.0 0.26008128514636325 0.0 0.10087294679243669 0.0 0.0 0.1065614894434732 0.34583540213160235 0.1866488764861245 0.0 0.0 
0.0 0.21725602965524854 0.0 0.12384681065996166 0.0 0.0 0.1260665151558215 0.35 0.16517679573227806 0.0 0.0 
0.0 0.0 0.0 0.12397062643951602 0.0 0.0 0.19955329671123598 0.345791089797613 0.1052862659152993 0.0 0.22310389849298234 
0.0 0.3386777444410356 0.0 0.0 0.0 0.0 0.11546577298059142 0.3493682048917026 0.19648827768667038 0.0 0.0 
0.0 0.13999521067602103 0.0 0.13643156138152987 0.0 0.0 0.1614264307162381 0.2910441532607432 0.10115084066403904 0.0 0.16995180330142876 
0.0 0.1694885205618724 0.0 0.13470521099424962 0.0 0.0 0.11686016588336397 0.34800429868217253 0.12170100944602896 0.0 0.10924079443231247 
0.0 0.3138750311608916 0.0 0.0 0.0 0.0 0.0 0.3499609152128843 0.33589924424891915 0.0 0.0 
0.0 0.2672349270759177 0.0 0.0 0.0 0.0 0.10213211763888105 0.35 0.28016646505294085 0.0 0.0 
0.0 0.14311426086129453 0.0 0.1474405279753487 0.0 0.10266840156373473 0.15264932484956864 0.21586061265304704 0.0 0.0 0.23476269100814548 
0.0 0.12638436972439923 0.10460202141501812 0.10521571080388088 0.0 0.10530001546071427 0.13509097483224028 0.1258944228596163 0.0 0.10891971858902705 0.18859276631510388 
0.0 0.12638436972439923 0.10460202141501812 0.10521571080388088 0.0 0.10530001546071427 0.13509097483224028 0.1258944228596163 0.0 0.10891971858902705 0.18859276631510388 
0.0 0.1390538760109772 0.10070660498042962 0.10321257779462344 0.0 0.10087198283275663 0.1192931737438029 0.15064263018150512 0.0 0.10121688230395073 0.18500227215195436 
0.0 0.28478426541582386 0.0 0.0 0.0 0.0 0.10840998567751604 0.35 0.25569267064871865 0.0 0.0 
0.0 0.11571344857161625 0.0 0.11793887591846393 0.0 0.10428920706880167 0.1882332855245855 0.15622504281815766 0.0 0.0 0.24459052554660413 
0.0 0.2848429895426616 0.0 0.0 0.0 0.0 0.10843234042994629 0.35 0.2565523767187197 0.0 0.0 
0.0 0.0 0.0 0.16228945817840448 0.0 0.0 0.2650540842746411 0.2609900990497992 0.0 0.0 0.3116663584971552 
0.0 0.1707004579547177 0.0 0.10984855739078199 0.0 0.0 0.13779918495027968 0.3491990575601878 0.12250422915709237 0.0 0.10994851298694036 
0.0 0.14140225229458514 0.0 0.10670717785495477 0.0 0.10336719975401575 0.20452559323583053 0.22756351800270766 0.0 0.0 0.21614815789134378 
0.0 0.1255899037412599 0.10620585136093524 0.10640142140338137 0.0 0.10767811210324868 0.11510827123690039 0.11813234837056688 0.0 0.11052659695816253 0.21035749482554505 
0.0 0.1460655669080292 0.0 0.1576660364025624 0.0 0.0 0.1504330882712227 0.3238927778620013 0.10064786698188653 0.0 0.12129466357429787 
0.0 0.14376074170844297 0.0 0.13916309434277802 0.0 0.10171816819406668 0.1533388778280872 0.21683570591694737 0.0 0.0 0.23993784096262438 
0.0 0.2790665264932553 0.0 0.10805167320680216 0.0 0.0 0.10208342408005264 0.34447753121074093 0.1604458590845034 0.0 0.0 
0.0 0.0 0.0 0.12425577139728583 0.0 0.0 0.2000122894419964 0.34658644421768303 0.10552843495735707 0.0 0.22361705998567755 
0.0 0.344494843555494 0.0 0.0 0.0 0.0 0.1037801076684409 0.35 0.20120368839544991 0.0 0.0 
