-0.011713528783177022 4.3029059305354806E-4 
-0.007064675880930292 5.6137692409084666E-5 
-0.011713528783177022 4.3029059305354806E-4 
-0.00727691814334442 5.68155118262781E-5 
-0.007585287546336761 6.091862202646822E-5 
-0.011538082745102306 3.8943566007854314E-4 
-0.01147385346307419 3.685971204413682E-4 
-0.01021070124248432 1.8821918990062853E-4 
-0.009499779926205244 1.3489121663797817E-4 
-0.010446019676761882 2.1180822174411703E-4 
-0.00909805767513638 1.1235208343766174E-4 
-0.009550208605335973 1.373551659421747E-4 
-0.008637171316210024 9.154275228630581E-5 
-0.01049051388229143 2.1704143114441196E-4 
-0.010142929100660981 1.8201959963829443E-4 
-0.010309593878907642 1.986506147840109E-4 
-0.008190937028477464 7.547013530289627E-5 
-0.010704979770270195 2.4438015581817253E-4 
-0.011663960063112475 4.227677816807453E-4 
-0.010265854265712719 1.9441053887737076E-4 
-0.007954342039313568 6.973940996304319E-5 
-0.010914040290779551 2.742446443700322E-4 
-0.010843314570285655 2.630615347630339E-4 
-0.007252333092463963 5.6636827804037724E-5 
-0.008729333905653945 9.477947616566755E-5 
-0.007714398392186839 6.603827560218142E-5 
-0.009969151703772987 1.6929415804005403E-4 
-0.010887555324301603 2.7007109245371307E-4 
-0.008070532668763657 7.229512472652566E-5 
-0.011609187463752836 4.018118938059572E-4 
-0.009689972414009124 1.496668105840599E-4 
-0.008960826942022907 1.0502035719958303E-4 
-0.007599906290165776 6.150684389531302E-5 
-0.008805227219344595 1.0035701897888899E-4 
-0.00987307801922983 1.6192573472244423E-4 
-0.010807058953988561 2.587461373995811E-4 
-0.0099233796131107 1.6590894060927765E-4 
-0.011581767442942374 3.967472230825878E-4 
-0.008289041118606594 7.849832917024428E-5 
-0.011069595592415299 2.9711513719561796E-4 
-0.010667886894562481 2.3953840314306E-4 
-0.011000683219758198 2.867446209001459E-4 
-0.010725592405805057 2.536896694149994E-4 
-0.010555864805820166 2.256189068381029E-4 
-0.011421100092972465 3.590661652036258E-4 
-0.010525696287662086 2.2554613737350358E-4 
-0.011452074201444312 3.6457064902641414E-4 
-0.011643052990909857 4.077357967961581E-4 
-0.011134596020411197 3.07668072722564E-4 
-0.009178997092469363 1.1759937422179468E-4 
-0.008358256341827807 8.360830691295958E-5 
-0.009297460977897198 1.2544780820761693E-4 
-0.011097714687733823 3.015884485294357E-4 
-0.010609662554706665 2.3293359806006545E-4 
-0.01038142474048465 2.043749358567682E-4 
-0.011178499961022758 3.1521953389899396E-4 
-0.007833550780407275 6.757306031610262E-5 
-0.009643601514490351 1.441930923748546E-4 
-0.010963737997291605 2.82053702578859E-4 
-0.008112410430149541 7.382857366921268E-5 
-0.00855544740557388 8.835035785322988E-5 
-0.007886858248196597 6.876881630179618E-5 
-0.011283901161806324 3.3474263595507285E-4 
-0.011663802074152041 4.1145288086950356E-4 
-0.008783303547316615 9.733938793419624E-5 
-0.010088478124569889 1.7846748146588086E-4 
-0.010766869341991099 2.538509153780134E-4 
-0.011694593150631096 4.273654339820304E-4 
-0.007754047138637416 6.636920686755728E-5 
-0.01038142474048465 2.043749358567682E-4 
-0.011550562429376968 3.914664085069324E-4 
-0.00972997925529958 1.5283217213065916E-4 
-0.009643601514490351 1.441930923748546E-4 
-0.008471028873107717 8.48291545088579E-5 
-0.009326993404940458 1.2919046087021732E-4 
-0.008533409518943106 8.71211006665806E-5 
-0.008439844461783854 8.409628382787993E-5 
-0.00981446009882144 1.5926542947826669E-4 
-0.009378880410853958 1.2937389084931655E-4 
-0.011331701540013244 3.4424528841557833E-4 
-0.009190274237967153 1.183179752935439E-4 
-0.009378880410853958 1.2937389084931655E-4 
-0.010631588836975181 2.357165926560239E-4 
-0.011204617626263801 3.198737758823157E-4 
-0.009028339438023824 1.0864643896694931E-4 
-0.01147385346307419 3.685971204413682E-4 
-0.009028339438023824 1.0864643896694931E-4 
-0.010042386604121682 1.7335302636131862E-4 
-0.011124442905063387 3.0597036311797864E-4 
-0.008899002827391615 1.0352306044898396E-4 
-0.010065454578280467 1.7659427717441615E-4 
-0.00923250913869142 1.2298940013519012E-4 
-0.011257837707087538 3.2973180407475095E-4 
-0.011318139878986777 3.4150811266862597E-4 
-0.011367856171290665 3.517016843814661E-4 
-0.008899002827391615 1.0352306044898396E-4 
-0.011035960234331052 2.9194828732786077E-4 
-0.011223603830770961 3.2333303549583514E-4 
-0.011035960234331052 2.9194828732786077E-4 
-0.011352294186431426 3.4846384904918613E-4 
