-0.013698792162351307 5.79052713100763E-4 
-0.003918359702661421 2.452548399149418E-5 
-0.013698792162351307 5.79052713100763E-4 
-0.003918359702661421 2.452548399149418E-5 
-0.011400292919207689 3.125004909822727E-4 
-0.011631575904073205 3.407348905272378E-4 
-0.008726400607969444 1.4145039728108663E-4 
-0.01212882519892657 3.892064877888645E-4 
-0.006268576045850743 6.341773489642713E-5 
-0.01243624636309183 4.196164505862978E-4 
-0.008375928312156214 1.2711031081267613E-4 
-0.01087970277898637 2.7022728078692805E-4 
-0.011057203547169308 2.8486133803740625E-4 
-0.01175002089623594 3.51672634930036E-4 
-0.009425561214354346 1.8196304902888308E-4 
-0.005720624396908243 5.50327574598165E-5 
-0.010099948579950072 2.2417342650032018E-4 
-0.010517756796745652 2.490757076995984E-4 
-0.011839307091573579 3.5753218991106987E-4 
-0.006991150783515701 8.217429252442905E-5 
-0.010013916746302455 2.1938033767546303E-4 
-0.006468522723736476 6.79803816284925E-5 
-0.013369107593248105 5.342402563044866E-4 
-0.010369152232332672 2.4130359226340185E-4 
-0.009183110957569062 1.6683501049613868E-4 
-0.012982977857506364 4.814113305485759E-4 
-0.00674706692132928 7.404805420720011E-5 
-0.00892895156226818 1.481524158645173E-4 
-0.010201567995548309 2.357654206766502E-4 
-0.008974529949698927 1.504345159357214E-4 
-0.009911720413932325 2.0888871281596514E-4 
-0.006023033467502262 6.331498898910452E-5 
-0.005480869725472009 4.636049869805236E-5 
-0.007782350345913444 1.0023336317630717E-4 
-0.006838828628695447 8.008746202398113E-5 
-0.006590701876137631 7.081547118983208E-5 
-0.01191953014467101 3.684235054753509E-4 
-0.008270718246532971 1.2127807360565244E-4 
-0.011528998062955343 3.284587918337809E-4 
-0.01124132860462964 3.006582731284325E-4 
-0.007259758652042991 8.474815963122197E-5 
-0.005096693376754317 3.7028868346912155E-5 
-0.012216457617366762 4.0090919004788245E-4 
-0.004673033381685382 3.231296172442494E-5 
-0.01117881124358114 2.9570532857269873E-4 
-0.012882713936391668 4.696920715055094E-4 
-0.013609256016797642 5.664805224946893E-4 
-0.013225410376089874 5.170248658055022E-4 
-0.010619272149773897 2.5382080689647106E-4 
-0.013153033275220934 5.065805220479144E-4 
-0.009520304270599581 1.8920982386683554E-4 
-0.009654311982220491 1.9507881616723122E-4 
-0.011528998062955343 3.284587918337809E-4 
-0.013505836101259432 5.582967391947386E-4 
-0.0074892046374551244 9.082240875505711E-5 
-0.01330355227784496 5.262120563171743E-4 
-0.005165681639057307 4.191281698347771E-5 
-0.00796941299473593 1.1088811804196746E-4 
-0.00978288832913704 2.0205934514223766E-4 
-0.005916989265249528 6.073958728187838E-5 
-0.010690255432889458 2.5985815929555203E-4 
-0.012317814586623304 4.082482157543481E-4 
-0.013456466322966631 5.453935487017945E-4 
-0.008586917010506451 1.3284960913034164E-4 
-0.012688529905879431 4.49036087696E-4 
-0.00723031396337215 8.40372567725977E-5 
-0.011099672430408547 2.867403400449966E-4 
-0.00457029086108075 3.057898187264093E-5 
-0.008100543409833105 1.1766592057679691E-4 
-0.012521549878541913 4.3377508802463783E-4 
-0.010777028672439808 2.6343312129496483E-4 
-0.013665419936305259 5.74179807691312E-4 
-0.009090618295548913 1.6180736847675457E-4 
-0.00858931164239522 1.3293048397979452E-4 
-0.007843228140224402 1.0184453852279074E-4 
-0.011966450967680235 3.7218261726205514E-4 
-0.00397515899699241 2.4895953836557825E-5 
-0.012051141190396103 3.802793803825874E-4 
-0.007956671620032857 1.0685535916066683E-4 
-0.004869281855417739 3.500991457432253E-5 
-0.013444429994584034 5.438259662766541E-4 
-0.004358626414121431 2.8063008317893987E-5 
-0.010272818755936884 2.3739340022122072E-4 
-0.009271920846720103 1.758631170005688E-4 
-0.00488979781876083 3.614111807328018E-5 
-0.012752458280547547 4.556295948971046E-4 
-0.0044097503170862215 2.9757858568122264E-5 
-0.005342833115253016 4.214656633420395E-5 
-0.007588542455093892 9.401898147158316E-5 
-0.00927008174247537 1.7581353994253006E-4 
-0.013546322400404974 5.598376159995312E-4 
-0.012640206265996917 4.441858328328523E-4 
-0.013114453425082308 5.028718126530367E-4 
-0.013260537156842481 5.21109110925478E-4 
-0.0041741561700381615 2.6291691930890747E-5 
-0.009604506806794992 1.9220675398349475E-4 
-0.013017583354938923 4.8565712209604466E-4 
-0.008142906212522933 1.1848194004374644E-4 
-0.012252524393635786 4.035976564116344E-4 
-0.012470326095630821 4.293352726462518E-4 
