-0.00521997337533732 2.7223582269885004E-5 
-0.014870666123719168 6.776657051821437E-4 
-0.014551762804993642 5.273803548738206E-4 
-0.014569735208549714 6.301128499130034E-4 
-0.00607287919944821 2.7855612919488028E-5 
-0.007648905396555772 4.303234929548934E-5 
-0.013186029522237002 3.080791339956641E-4 
-0.01296855115127839 3.004268266468823E-4 
-0.011005963649222355 1.5281165394635362E-4 
-0.014340023464123466 4.892137832439806E-4 
-0.014685860998920934 6.469041844030497E-4 
-0.012695394840319164 2.658833440630142E-4 
-0.010168002210269826 1.1284299460550368E-4 
-0.013953556022087312 4.319962228794277E-4 
-0.006349125570655857 3.263424481624674E-5 
-0.012358953677957574 2.3932422087144235E-4 
-0.010332022849343384 1.2241750512304202E-4 
-0.008865647851328687 6.497713739258404E-5 
-0.006789010454883356 3.35789584623079E-5 
-0.012790692834966488 2.7593899649546274E-4 
-0.010556641499946399 1.2974025899839767E-4 
-0.012469978852796174 2.471157236140112E-4 
-0.01418505324115139 4.7766805363622984E-4 
-0.01195679558652447 2.1622707469394267E-4 
-0.010707698977618063 1.3851685021299215E-4 
-0.012938132872790473 2.901548793911472E-4 
-0.014013450682727387 4.442312167244714E-4 
-0.014431671695889077 5.000467274499928E-4 
-0.013838182636655143 4.1183036598896626E-4 
-0.01322497480835414 3.215641963138401E-4 
-0.00814792810620722 4.98230839839025E-5 
-0.01408798659224156 4.6474965725109684E-4 
-0.01189280667838814 2.0757187962151802E-4 
-0.012827110315126723 2.8420629000014023E-4 
-0.00867808660236109 6.123116525969683E-5 
-0.014463435759679419 5.165541948883382E-4 
-0.012101748763340362 2.2824390406625853E-4 
-0.006205551613556474 2.9941559849632653E-5 
-0.009485923072939911 8.506843260081286E-5 
-0.013550394922202063 3.62812281678822E-4 
-0.007932150662311902 4.6505167390283305E-5 
-0.00835556392964632 5.38177783071931E-5 
-0.014754224769782323 6.570729191468881E-4 
-0.013385894952336434 3.4082203349486103E-4 
-0.01258879481073841 2.59367749068853E-4 
-0.012082513070797106 2.2079793679417916E-4 
-0.007224119169296098 3.82949949095509E-5 
-0.013304158371102305 3.251090826967516E-4 
-0.008487251345878561 5.615172726451902E-5 
-0.009641542710582165 9.882023628867133E-5 
-0.01330891540776815 3.37500322785212E-4 
-0.008968045851232044 6.9509373522202E-5 
-0.014823245778454397 6.675526355125014E-4 
-0.012541261920272575 2.5416389213693395E-4 
-0.00932736484387403 8.014977712422849E-5 
-0.011147890886600675 1.6105643507099493E-4 
-0.011793401557953533 2.0271196881768022E-4 
-0.0141493369280882 4.752656567999164E-4 
-0.0069788222358842895 3.594397766904783E-5 
-0.0134750632044416 3.528233734075726E-4 
-0.009065496249209264 7.251558364135454E-5 
-0.013736549283094384 4.015079131830064E-4 
-0.007403323056043368 4.1682259650464105E-5 
-0.011610218294578254 1.911829912791375E-4 
-0.007028696334061824 3.6847555915306486E-5 
-0.006578549358322332 3.317031271311076E-5 
-0.01076445902075538 1.415477596564319E-4 
-0.009923005017514688 1.0527247073583875E-4 
-0.011396177264773101 1.7879555066939028E-4 
-0.010836077194484978 1.4821128239481422E-4 
-0.007932150662311902 4.6505167390283305E-5 
-0.013440928674153241 3.5083262824831896E-4 
-0.008224687868585781 5.150180701934597E-5 
-0.008587241572207183 5.9764544403702964E-5 
-0.009803144606657543 9.970949269768277E-5 
-0.01372669592038942 3.8816549258009097E-4 
-0.013781605022815288 4.037609832009994E-4 
-0.013665220997629377 3.7707595854937295E-4 
-0.014368485504677767 4.9762458767756E-4 
-0.014508644146642245 5.18711357074201E-4 
-0.009619169796264194 9.057505941077619E-5 
-0.013602689297897947 3.667426438140861E-4 
-0.014012883324542884 4.4421069591136207E-4 
-0.01461164720319821 6.36103218965114E-4 
-0.01224836128823183 2.332818398367457E-4 
-0.01408798659224156 4.6474965725109684E-4 
-0.011662444335599959 1.9392134700136823E-4 
-0.013888446299129397 4.215712274080823E-4 
-0.01136791118506007 1.7642996286996212E-4 
-0.01047180495784728 1.272327482769247E-4 
-0.013683326999651267 3.874000552811041E-4 
-0.009274470707646218 7.924331905429775E-5 
-0.014788845053304847 6.623026656393914E-4 
-0.013904634620969959 4.2280194203910806E-4 
-0.010031167230614904 1.0853483972116619E-4 
-0.006612338631257091 3.324905982590055E-5 
-0.011283860406251633 1.709406042632692E-4 
-0.0136182597871058 3.7471573891238556E-4 
-0.009531442548101534 8.958657942398064E-5 
-0.010425898266005512 1.2331639091180105E-4 
