0.15043764297685613 0.0 0.14456966807005436 0.2455438297489717 0.0 0.11769028384041495 0.0 0.17014032177530336 0.0 0.0 0.0 
0.0 0.30175411591906776 0.0 0.0 0.0 0.0 0.0 0.35 0.3482458840804964 0.0 0.0 
0.10528932919010953 0.1946956318033112 0.0 0.0 0.0 0.0 0.0 0.34997462933674006 0.35 0.0 0.0 
0.0 0.26258616481343183 0.0 0.0 0.0 0.0 0.0 0.35 0.35 0.0 0.0 
0.17557575570369005 0.0 0.1387358825999613 0.2473020008587244 0.0 0.1019688530077419 0.0 0.20502246955869596 0.0 0.0 0.0 
0.1646142313605045 0.12221271308317988 0.13259944665040813 0.27199443687151154 0.0 0.0 0.0 0.17383206555186645 0.11145747042912187 0.0 0.0 
0.10590275994849581 0.0 0.0 0.1986601340002138 0.0 0.0 0.0 0.35 0.34530876553176 0.0 0.0 
0.11717919768257144 0.0 0.0 0.18843560018109504 0.0 0.0 0.0 0.3423946753887408 0.33838509770870534 0.0 0.0 
0.1017142998164063 0.10749511902351815 0.0 0.2549094965240022 0.0 0.0 0.0 0.23201945931270737 0.303861625323366 0.0 0.0 
0.16687428202831714 0.13524201540511988 0.0 0.0 0.0 0.0 0.0 0.3488289882820118 0.34905471428455126 0.0 0.0 
0.0 0.27659106403360323 0.0 0.0 0.0 0.0 0.0 0.35 0.35 0.0 0.0 
0.10104872987430884 0.0 0.0 0.23919173005374356 0.0 0.0 0.0 0.35 0.30642812386258167 0.0 0.0 
0.10078667861925186 0.12558124382351166 0.0 0.2962356324479145 0.0 0.0 0.0 0.20132354490717116 0.2760729002021508 0.0 0.0 
0.0 0.1626714220126831 0.0 0.13663019825236022 0.0 0.0 0.0 0.35 0.35 0.0 0.0 
0.16699157271762163 0.0 0.16173881356294242 0.27606505786825863 0.0 0.11255306848163353 0.0 0.21606037756458465 0.0 0.0 0.0 
0.10473253418660791 0.0 0.0 0.26095802906766047 0.0 0.0 0.0 0.3392118314796432 0.2950976052660886 0.0 0.0 
0.11815092031968953 0.120923555731485 0.0 0.2842030990440504 0.0 0.0 0.0 0.21841354060925888 0.2583088842955163 0.0 0.0 
0.1440259013242873 0.10346223690186412 0.10509636235979672 0.27047438798210444 0.0 0.0 0.0 0.20381052989265575 0.17313058153929162 0.0 0.0 
0.19577043280672657 0.0 0.18112400071417348 0.2529804800633283 0.0 0.10424843596639549 0.0 0.23161582642161563 0.0 0.0 0.0 
0.0 0.0 0.0 0.29435028144837 0.0 0.0 0.0 0.3472914320372712 0.35 0.0 0.0 
0.10881804054121008 0.10157847547097805 0.0 0.2838711192962792 0.0 0.0 0.0 0.2232284966220674 0.28250386806946537 0.0 0.0 
0.10282094540691797 0.0 0.0 0.25855611616539215 0.0 0.0 0.0 0.34724198654314353 0.2913809518845465 0.0 0.0 
0.16526574279973696 0.1520634110694316 0.0 0.0 0.0 0.0 0.0 0.33918006737567985 0.34349077875515166 0.0 0.0 
0.10800135894266764 0.0 0.0 0.270345037151839 0.0 0.0 0.0 0.32458960352618343 0.28665908845941396 0.0 0.0 
0.11062372751656102 0.1109359146387731 0.0 0.26107202151755143 0.0 0.0 0.0 0.21609997737641493 0.3012683589506996 0.0 0.0 
0.11491615120892719 0.0 0.0 0.20330198294344973 0.0 0.0 0.0 0.3356559965965539 0.34612586925106925 0.0 0.0 
0.0 0.17145595874505176 0.0 0.1282989559941296 0.0 0.0 0.0 0.35 0.35 0.0 0.0 
0.143935315413223 0.1559979093088885 0.0 0.0 0.0 0.0 0.0 0.35 0.35 0.0 0.0 
0.0 0.14933219832168249 0.0 0.15138535620367205 0.0 0.0 0.0 0.35 0.34796249947554897 0.0 0.0 
0.13417106312992771 0.0 0.0 0.17524751925753648 0.0 0.0 0.0 0.3491628390264671 0.3414185785860687 0.0 0.0 
0.1727984480019475 0.12064822540046428 0.12014283509859353 0.27673717702478623 0.0 0.0 0.0 0.19034366618030177 0.11932964829390677 0.0 0.0 
0.0 0.18840604163372512 0.0 0.11400927291755424 0.0 0.0 0.0 0.3486648656327824 0.34891981981593817 0.0 0.0 
0.1064799431525451 0.0 0.0 0.2899491547343095 0.0 0.0 0.0 0.3267529185880067 0.2768179835251387 0.0 0.0 
0.0 0.0 0.0 0.27976012403593253 0.0 0.0 0.0 0.35 0.35 0.0 0.0 
0.17173602112410302 0.10363834447644173 0.10862222067728058 0.26419888662251667 0.0 0.0 0.0 0.20592727336227235 0.1458772537373856 0.0 0.0 
0.11313644009161498 0.18418757861084617 0.0 0.0 0.0 0.0 0.0 0.35 0.3468800146781068 0.0 0.0 
0.11428188334624842 0.0 0.0 0.26021717610963996 0.0 0.0 0.0 0.33681620406383694 0.27646378919970543 0.0 0.0 
0.17103318771769696 0.0 0.15440406458008696 0.27273487444954353 0.0 0.10197478496331328 0.0 0.2100839979394799 0.0 0.0 0.0 
0.14019107185000684 0.10730455919628833 0.10032850411736148 0.24183924312830976 0.0 0.0 0.0 0.2282262430339166 0.1821103786741169 0.0 0.0 
0.0 0.10425493684320897 0.0 0.18890042409806537 0.0 0.0 0.0 0.35 0.35 0.0 0.0 
0.17429473738685403 0.12897931847397165 0.11971593717432787 0.2803660309983133 0.0 0.0 0.0 0.17563095582766314 0.12101302013887001 0.0 0.0 
0.1533471430266558 0.11070039812558018 0.12624461697961667 0.27972916692134714 0.0 0.0 0.0 0.20345618506067972 0.1265224898861205 0.0 0.0 
0.0 0.28483581068431724 0.0 0.0 0.0 0.0 0.0 0.35 0.35 0.0 0.0 
0.0 0.10199946542381902 0.0 0.20644790882272065 0.0 0.0 0.0 0.34291664633320934 0.3486359794202508 0.0 0.0 
0.10441282324198703 0.0 0.0 0.2298190722344266 0.0 0.0 0.0 0.32124981739024705 0.34451828713333926 0.0 0.0 
0.10913691897177781 0.0 0.0 0.273187529332154 0.0 0.0 0.0 0.3280024400241456 0.2896731116719225 0.0 0.0 
0.2187339077318213 0.0 0.16655436873895846 0.2505414009451524 0.0 0.10541786382760218 0.0 0.24641592509744908 0.0 0.0 0.0 
0.12302112804714621 0.0 0.0 0.17656811122741686 0.0 0.0 0.0 0.35 0.35 0.0 0.0 
0.1500815202504553 0.10851168877145836 0.11349105150021292 0.27717789800019743 0.0 0.0 0.0 0.19052393123331807 0.16021391024435802 0.0 0.0 
0.1050651096404526 0.17600681514522418 0.0 0.2795514304030741 0.0 0.0 0.0 0.14975413217949068 0.28962251263175837 0.0 0.0 
0.0 0.10475524254887647 0.0 0.2023823540945453 0.0 0.0 0.0 0.33840657503591526 0.3489945976098802 0.0 0.0 
0.15979737741514702 0.11011099914004785 0.12226184998056491 0.241548361192513 0.0 0.0 0.0 0.22187281160501146 0.14440860066671582 0.0 0.0 
0.0 0.29315982094454396 0.0 0.0 0.0 0.0 0.0 0.35 0.35 0.0 0.0 
0.10844942584576275 0.0 0.0 0.242773857951226 0.0 0.0 0.0 0.3385632557288133 0.3102134604741979 0.0 0.0 
0.13716536106457425 0.10295016774923779 0.10979554660381458 0.24171270193883412 0.0 0.0 0.0 0.21804568409896244 0.1903305385445768 0.0 0.0 
0.1042290792794824 0.10409707785570296 0.0 0.25169677270150304 0.0 0.0 0.0 0.2449578393615459 0.29501923080176584 0.0 0.0 
0.1065628030258506 0.0 0.0 0.28204794923949555 0.0 0.0 0.0 0.3031821798381231 0.3082070678965307 0.0 0.0 
0.1648496228946433 0.15168053309901577 0.0 0.0 0.0 0.0 0.0 0.3383260514431883 0.3426259089531302 0.0 0.0 
0.20115723588742263 0.0 0.17384946373621202 0.27419503206180623 0.0 0.11426919069996502 0.0 0.23652907761459416 0.0 0.0 0.0 
0.0 0.10827220726527366 0.0 0.19582538486003667 0.0 0.0 0.0 0.34452661076485624 0.35 0.0 0.0 
0.1629516049884714 0.10496793742840525 0.12198374288120746 0.2378835071955951 0.0 0.0 0.0 0.22782364872578847 0.1443895587805324 0.0 0.0 
0.0 0.1511947601665791 0.0 0.15327352628025293 0.0 0.0 0.0 0.34322921451783267 0.35 0.0 0.0 
0.21609374118507998 0.0 0.1559851501451179 0.25773874038484756 0.0 0.11649331275065591 0.0 0.25368905553429877 0.0 0.0 0.0 
0.10853833233862763 0.0 0.0 0.29626723007781675 0.0 0.0 0.0 0.3037423412197416 0.2914520963638141 0.0 0.0 
0.1786415394571697 0.0 0.15481803726455906 0.2423646248591369 0.0 0.10223066412856613 0.0 0.24813664911029568 0.0 0.0 0.0 
0.19551708125647727 0.0 0.1663793089827447 0.27808491630230536 0.0 0.10980777670528633 0.0 0.21988318008532023 0.0 0.0 0.0 
0.11062977537126109 0.1123347749343322 0.0 0.25775949642706497 0.0 0.0 0.0 0.21906096135601894 0.30021499191132295 0.0 0.0 
0.11647274928517931 0.10176216790974275 0.0 0.30454672075679784 0.0 0.0 0.0 0.1843884473516922 0.29282991469658776 0.0 0.0 
0.10521191820520151 0.11214179162246869 0.0 0.24055397298881487 0.0 0.0 0.0 0.26502967304703723 0.2770626441364776 0.0 0.0 
0.11479528324071159 0.1239145275598177 0.0 0.2566771608283307 0.0 0.0 0.0 0.23791014650163927 0.2667028818695007 0.0 0.0 
0.17429473738685403 0.12897931847397165 0.11971593717432787 0.2803660309983133 0.0 0.0 0.0 0.17563095582766314 0.12101302013887001 0.0 0.0 
0.0 0.10784827200548601 0.0 0.19505863882704724 0.0 0.0 0.0 0.3431776313552049 0.35 0.0 0.0 
0.17396683727146714 0.12189365089729248 0.11569338110415311 0.27708314287090846 0.0 0.0 0.0 0.1950442591645669 0.11631872869161197 0.0 0.0 
0.16626703349526425 0.10807606359901706 0.11435075940793697 0.2522039260106859 0.0 0.0 0.0 0.197088685840148 0.15395975361311384 0.0 0.0 
0.11210896829272471 0.11403094182114057 0.0 0.3091561505345869 0.0 0.0 0.0 0.18000464534723837 0.2846992940043094 0.0 0.0 
0.0 0.12905278586092814 0.0 0.17003179638656837 0.0 0.0 0.0 0.35 0.35 0.0 0.0 
0.0 0.13866683596798954 0.0 0.1540651782010943 0.0 0.0 0.0 0.35 0.35 0.0 0.0 
0.0 0.11985923741786877 0.0 0.179528697255412 0.0 0.0 0.0 0.35 0.35 0.0 0.0 
0.13523021411679012 0.153816946541019 0.0 0.0 0.0 0.0 0.0 0.35 0.35 0.0 0.0 
0.11402666106730003 0.185636869801264 0.0 0.0 0.0 0.0 0.0 0.34960946121948927 0.34960946121948927 0.0 0.0 
0.13825267865428817 0.10593385439601592 0.10209253916192433 0.23849801447085794 0.0 0.0 0.0 0.23950281388604966 0.17572009943086392 0.0 0.0 
0.0 0.11171698735825368 0.0 0.18892549486911486 0.0 0.0 0.0 0.35 0.34929234507162443 0.0 0.0 
0.0 0.1713959492865744 0.0 0.128254051454627 0.0 0.0 0.0 0.35 0.35 0.0 0.0 
0.0 0.26764079789099515 0.0 0.0 0.0 0.0 0.0 0.35 0.35 0.0 0.0 
0.11134385902925768 0.0 0.0 0.2666225949093995 0.0 0.0 0.0 0.34301699649983913 0.277685972781314 0.0 0.0 
0.0 0.18840604163372512 0.0 0.11400927291755424 0.0 0.0 0.0 0.3486648656327824 0.34891981981593817 0.0 0.0 
0.10708337823289128 0.0 0.0 0.29484258421308346 0.0 0.0 0.0 0.30651972039459086 0.2915543171594345 0.0 0.0 
0.0 0.15372823579243916 0.0 0.14245171196878736 0.0 0.0 0.0 0.35 0.35 0.0 0.0 
0.10658706994626277 0.0 0.0 0.3195804617986571 0.0 0.0 0.0 0.30640912291361433 0.26742334534146567 0.0 0.0 
0.10870350114868549 0.1132044460227414 0.0 0.291122782604567 0.0 0.0 0.0 0.23090393642524695 0.25606533379875934 0.0 0.0 
0.0 0.1278383575261907 0.0 0.16775413500716785 0.0 0.0 0.0 0.35 0.3478104544516376 0.0 0.0 
0.1363875161517475 0.10236635224627923 0.10917291194799499 0.24034198418539038 0.0 0.0 0.0 0.2168091785787359 0.1892512016040151 0.0 0.0 
0.0 0.28901105530617754 0.0 0.0 0.0 0.0 0.0 0.35 0.35 0.0 0.0 
0.0 0.15561944861561566 0.0 0.14277786297894146 0.0 0.0 0.0 0.35 0.35 0.0 0.0 
0.11426972217863532 0.11782901348592573 0.0 0.29404702817501993 0.0 0.0 0.0 0.19130593836689994 0.28192361954968237 0.0 0.0 
0.20345885656366977 0.0 0.17190489523438635 0.25314998145894096 0.0 0.11703540468450825 0.0 0.22040529107084944 0.0 0.0 0.0 
0.1108793946451169 0.10759673808683179 0.0 0.23505757026281893 0.0 0.0 0.0 0.24619188555269642 0.30027441145253597 0.0 0.0 
0.0 0.11452097327550505 0.0 0.17779267301854904 0.0 0.0 0.0 0.35 0.35 0.0 0.0 
0.13004871610679694 0.10115182754772234 0.12104473097796252 0.23267476677522983 0.0 0.0 0.0 0.23924138709642734 0.1758385714958609 0.0 0.0 
0.10723774000593565 0.10010331089017166 0.0 0.2942710387202371 0.0 0.0 0.0 0.21998668018293788 0.27840123020071783 0.0 0.0 
