-0.01479245409648866 5.123216769697927E-4 
-0.01479245409648866 5.123216769697927E-4 
-0.01024290540463759 8.715719214497864E-5 
-0.014516016449109322 4.3939843074175175E-4 
-0.014792454096488656 5.123216769697921E-4 
-0.014381512544302057 4.2967488998008584E-4 
-0.014368822170429752 3.7140791940976276E-4 
-0.01137381041762728 1.2071506778188484E-4 
-0.011005554531569569 1.1451793060381237E-4 
-0.010777577409241434 1.0397080514903061E-4 
-0.01154670511442796 1.2924428214253187E-4 
-0.010554729467056479 1.0032135233266362E-4 
-0.014516016449109322 4.3939843074175175E-4 
-0.014792454096488656 5.123216769697921E-4 
-0.011451259421802378 1.2617317187327339E-4 
-0.010921705829606393 1.1166193516995137E-4 
-0.011588298204101625 1.4142494330853482E-4 
-0.010460969218928137 9.134904294851379E-5 
-0.010789444829585798 1.1079800145941349E-4 
-0.01388678151122657 3.051535046574141E-4 
-0.010534852971325106 9.880320040814227E-5 
-0.014319980079611622 3.6072792042989336E-4 
-0.012720075361773418 2.0567192005846864E-4 
-0.013947268560981104 3.110202007817415E-4 
-0.013115157361874956 2.392468661436437E-4 
-0.012643416744239777 2.0036612735973224E-4 
-0.01256718139232815 1.9498239735105767E-4 
-0.013446043104818891 2.716331425712626E-4 
-0.014245572649568248 3.466698287496081E-4 
-0.013293664777569984 2.574576269134298E-4 
-0.013515676887675099 2.750972305861043E-4 
-0.013065209131206264 2.344539042548172E-4 
-0.010363529020798899 8.828408948018305E-5 
-0.012475497257983218 1.8988854822208327E-4 
-0.014353141725318508 3.6785374292661174E-4 
-0.01182687009382423 1.5187341388595352E-4 
-0.013993276265792522 3.1888505476403346E-4 
-0.012420900206548974 1.851889067439124E-4 
-0.013310785149839613 2.6460599355314417E-4 
-0.013412935265436831 2.683967882626326E-4 
-0.011005554531569569 1.1451793060381237E-4 
-0.011761500586426011 1.4897308258599558E-4 
-0.01251865855561756 1.91497526392653E-4 
-0.014196496479065722 3.388594713833971E-4 
-0.012082721328981916 1.6606798282476563E-4 
-0.0133583817995841 2.657117749525093E-4 
-0.013849951207701584 3.019684187936485E-4 
-0.013152423644424066 2.430667728486036E-4 
-0.012166769555627907 1.6948964473283091E-4 
-0.014456664453848567 4.346437721681623E-4 
-0.013543953819036728 2.786815263158223E-4 
-0.013028098647685615 2.3128337609900485E-4 
-0.012608887027569429 1.9952102389402386E-4 
-0.01222689015132726 1.7293271633968122E-4 
-0.010397233821852097 8.874314875247383E-5 
-0.013957429146959424 3.155593922450377E-4 
-0.014432611821152318 4.3286037997987566E-4 
-0.013815460252222167 2.9857924594417983E-4 
-0.011871345806664156 1.537640870429189E-4 
-0.013784819453106976 2.96109169255017E-4 
-0.01191412688080104 1.556257067678398E-4 
-0.012941054931379066 2.2407774971661018E-4 
-0.013594826655005412 2.806413092794718E-4 
-0.014259886185756477 3.4916665792591827E-4 
-0.012309937173442854 1.7779211829118042E-4 
-0.012027813206101197 1.6342990991996713E-4 
-0.014504594428331028 4.3907522659994365E-4 
-0.01325004572393843 2.540613820289487E-4 
-0.01374961263352135 2.9307800310927423E-4 
-0.013164187763988932 2.47805565621858E-4 
-0.013239539511212707 2.5234585761373053E-4 
-0.011649729936680325 1.4341431574061268E-4 
-0.014296117283100297 3.559284869945623E-4 
-0.012998249974668401 2.2796543588619222E-4 
-0.012254593435600671 1.7554482996493535E-4 
-0.011649729936680325 1.4341431574061268E-4 
-0.012977223700975867 2.2662809864617005E-4 
-0.012389398532271638 1.8351662585390816E-4 
-0.012789746361616724 2.1059938409998213E-4 
-0.011728278152667627 1.4717556906271588E-4 
-0.0140809603223816 3.2505978799823637E-4 
-0.014136422752117864 3.3088054745360326E-4 
-0.012863021528318076 2.169582362114104E-4 
-0.012891695463362787 2.207721045333669E-4 
-0.011953849408487694 1.5768418040398917E-4 
-0.013628258240169912 2.838137185880086E-4 
-0.014121094606036614 3.291234719741003E-4 
-0.014045813350823425 3.2213931787412057E-4 
-0.012903252899701989 2.22016084661911E-4 
-0.01372552770689757 2.9153122252896025E-4 
-0.014164749686859431 3.344259749085684E-4 
-0.014285332901448553 3.538495956447904E-4 
-0.012022013178296704 1.6128246867714444E-4 
-0.01367057583295848 2.864019689303616E-4 
-0.012735369635072633 2.089772672588465E-4 
-0.013199197798760227 2.4922336424210915E-4 
-0.012127955499729884 1.674741565267495E-4 
-0.012819428416449298 2.1316056360919734E-4 
-0.012318430544897493 1.8044426935201886E-4 
-0.01198437782048283 1.5987193056082806E-4 
