0.0 0.30000000000000027 0.0 0.0 0.0 0.0 0.0 0.35 0.35 0.0 0.0 
0.22020402801030137 0.0 0.34792664339275764 0.0 0.0 0.0 0.0 0.33096533630898634 0.10090399228795457 0.0 0.0 
0.0 0.30000000000000027 0.0 0.0 0.0 0.0 0.0 0.35 0.35 0.0 0.0 
0.0 0.20067325210328127 0.0 0.0 0.0 0.0 0.10068047447891869 0.35 0.3486462734178001 0.0 0.0 
0.0 0.2999999999999998 0.0 0.0 0.0 0.0 0.0 0.35 0.35 0.0 0.0 
0.0 0.21119066478503265 0.0 0.0 0.0 0.0 0.10959815300418911 0.35 0.3292111822107783 0.0 0.0 
0.10014526119456654 0.19985473880543353 0.0 0.0 0.0 0.0 0.0 0.35 0.35 0.0 0.0 
0.11346472407524508 0.186535275924755 0.0 0.0 0.0 0.0 0.0 0.35 0.35 0.0 0.0 
0.1362133372446582 0.16378666275534187 0.0 0.0 0.0 0.0 0.0 0.35 0.35 0.0 0.0 
0.0 0.20067325210328127 0.0 0.0 0.0 0.0 0.10068047447891869 0.35 0.3486462734178001 0.0 0.0 
0.20621274353859081 0.0 0.35 0.0 0.0 0.0 0.0 0.34131472732493306 0.10247252913647618 0.0 0.0 
0.20623061742719712 0.10842506089602115 0.14028327798459153 0.0 0.0 0.0 0.0 0.35 0.19506104369219018 0.0 0.0 
0.0 0.2999999999999998 0.0 0.0 0.0 0.0 0.0 0.35 0.35 0.0 0.0 
0.19955254962188165 0.11864738577849401 0.11885806810148829 0.0 0.0 0.0 0.0 0.35 0.21294199649813603 0.0 0.0 
0.18991965634244973 0.10065389505566251 0.22742178321626305 0.0 0.0 0.0 0.0 0.35 0.1320046653856248 0.0 0.0 
0.2076270482230514 0.0 0.27550960173012656 0.0 0.0 0.0 0.0 0.35 0.16686335004682215 0.0 0.0 
0.1966463035072659 0.10199213374608955 0.17887809452460074 0.0 0.0 0.0 0.0 0.3489996904501027 0.173483777771941 0.0 0.0 
0.19639264062085535 0.10916950628618927 0.18310502940487494 0.0 0.0 0.0 0.0 0.3482147584159309 0.1631180652721495 0.0 0.0 
0.20182979214526955 0.10456700013364757 0.10190295193447797 0.0 0.0 0.0 0.0 0.3468505241769148 0.24484973160969 0.0 0.0 
0.17942932105929543 0.10587707483238831 0.13137170890545954 0.0 0.0 0.0 0.0 0.35 0.23332189520285673 0.0 0.0 
0.21255214070414225 0.10547291977482491 0.13024296639070854 0.0 0.0 0.0 0.0 0.35 0.20173197313032432 0.0 0.0 
0.20878790419265475 0.0 0.2828102130757173 0.0 0.0 0.0 0.0 0.35 0.158401882731628 0.0 0.0 
0.20846924016288212 0.0 0.3038665692612081 0.0 0.0 0.0 0.0 0.35 0.1376641905759097 0.0 0.0 
0.2513243294616147 0.12634018399663288 0.0 0.0 0.0 0.0 0.0 0.35 0.27233548654175244 0.0 0.0 
0.1860314291708889 0.1308513441866318 0.0 0.0 0.0 0.0 0.0 0.35 0.3331172266424792 0.0 0.0 
0.1642945661898108 0.11039993461163214 0.10472021843167315 0.0 0.0 0.0 0.0 0.35 0.27058528076688393 0.0 0.0 
0.18738785285749596 0.11471414146147321 0.10362465470160863 0.0 0.0 0.0 0.0 0.35 0.24427335097942213 0.0 0.0 
0.21144012401764703 0.0 0.30636991317593065 0.0 0.0 0.0 0.0 0.3478401900840849 0.13434977272233736 0.0 0.0 
0.2115183367162953 0.10852068341760265 0.1890211321746349 0.0 0.0 0.0 0.0 0.35 0.14093984769146717 0.0 0.0 
0.12959286991111116 0.11773888448998066 0.10103949187664531 0.0 0.0 0.0 0.0 0.34842566187314883 0.30320309184911387 0.0 0.0 
0.20464398010896986 0.0 0.34798052191776596 0.0 0.0 0.0 0.0 0.3470517103876723 0.1003237875855918 0.0 0.0 
0.19913974414875976 0.1085136743547451 0.16939382432411487 0.0 0.0 0.0 0.0 0.35 0.17295275717238032 0.0 0.0 
0.18152509815897389 0.10571923330973697 0.14193044249999123 0.0 0.0 0.0 0.0 0.35 0.220825226031298 0.0 0.0 
0.1906000391695688 0.10024433677532499 0.2005223561942296 0.0 0.0 0.0 0.0 0.35 0.15863326786087673 0.0 0.0 
0.1983730048402835 0.10332773407690028 0.18999587666636145 0.0 0.0 0.0 0.0 0.35 0.1583033844164549 0.0 0.0 
0.145518603250935 0.15448139674906514 0.0 0.0 0.0 0.0 0.0 0.35 0.35 0.0 0.0 
0.1832335848640897 0.11217100283750442 0.10132736285589843 0.0 0.0 0.0 0.0 0.34946531270525966 0.2538027367372478 0.0 0.0 
0.19396620497205663 0.1287205447631101 0.0 0.0 0.0 0.0 0.0 0.35 0.3273132502648332 0.0 0.0 
0.20717691600333127 0.14513790801183934 0.0 0.0 0.0 0.0 0.0 0.35 0.2976851759848294 0.0 0.0 
0.21657712514853164 0.13936094108086283 0.0 0.0 0.0 0.0 0.0 0.35 0.2940619337706055 0.0 0.0 
0.17209144801464618 0.10800901649486856 0.10324729718628063 0.0 0.0 0.0 0.0 0.35 0.26665223830420476 0.0 0.0 
0.18811295817892504 0.12130939448505375 0.0 0.0 0.0 0.0 0.0 0.35 0.34057764733602125 0.0 0.0 
0.1895383887100212 0.0 0.28450336845415863 0.0 0.0 0.0 0.0 0.35 0.17595824283582012 0.0 0.0 
0.227774955651438 0.15421931296649036 0.0 0.0 0.0 0.0 0.0 0.35 0.26800573138207173 0.0 0.0 
0.20772354793000633 0.0 0.3229751762587262 0.0 0.0 0.0 0.0 0.35 0.11930127581126743 0.0 0.0 
0.21983107166548166 0.16098377265700792 0.0 0.0 0.0 0.0 0.0 0.35 0.26918515567751056 0.0 0.0 
0.15310613450768046 0.1176266381364398 0.10144185403392286 0.0 0.0 0.0 0.0 0.35 0.27782537332195695 0.0 0.0 
0.20432117443955353 0.0 0.29221264762627713 0.0 0.0 0.0 0.0 0.35 0.15346617793416936 0.0 0.0 
0.18516262922154728 0.11130284625069216 0.14400663455504759 0.0 0.0 0.0 0.0 0.35 0.20952788997271313 0.0 0.0 
0.0 0.19441102756624695 0.0 0.0 0.0 0.0 0.11282691245528358 0.35 0.34276205997846954 0.0 0.0 
0.19891231667517179 0.10829557314626262 0.1311403978697509 0.0 0.0 0.0 0.0 0.34767794824448955 0.2139737640643251 0.0 0.0 
0.16659734423585654 0.1334026557641435 0.0 0.0 0.0 0.0 0.0 0.35 0.35 0.0 0.0 
0.18018596164163306 0.11491020336862816 0.10462730733063318 0.0 0.0 0.0 0.0 0.34518637126974683 0.2550901563893589 0.0 0.0 
0.21997783304119267 0.11471349022529531 0.0 0.0 0.0 0.0 0.0 0.35 0.3153086767335121 0.0 0.0 
0.19726205519904394 0.0 0.30518777340932474 0.0 0.0 0.0 0.0 0.35 0.14755017139163135 0.0 0.0 
0.13546241284367272 0.11727689796623396 0.10088510929735447 0.0 0.0 0.0 0.0 0.34876056310474446 0.29761501678799446 0.0 0.0 
0.19893763529297107 0.0 0.27327477845014975 0.0 0.0 0.0 0.0 0.35 0.17778758625687924 0.0 0.0 
0.18667632138077264 0.10560205996742962 0.12305465546180144 0.0 0.0 0.0 0.0 0.35 0.23466696318999625 0.0 0.0 
0.16072908591234836 0.11287678008223499 0.10117723488979091 0.0 0.0 0.0 0.0 0.34845370751635435 0.27676319159927154 0.0 0.0 
0.21017490213850135 0.10368846700374569 0.19596065433538226 0.0 0.0 0.0 0.0 0.35 0.14017597652237077 0.0 0.0 
0.19817958366850658 0.14139331042925068 0.0 0.0 0.0 0.0 0.0 0.35 0.3104271059022428 0.0 0.0 
0.14305270977725512 0.1175696750429103 0.10085353549132822 0.0 0.0 0.0 0.0 0.35 0.2885240796885064 0.0 0.0 
0.2136447889215877 0.10864335629884109 0.0 0.0 0.0 0.0 0.0 0.35 0.3277118547795712 0.0 0.0 
0.2080259416864323 0.0 0.33998530307215286 0.0 0.0 0.0 0.0 0.35 0.10198875524141492 0.0 0.0 
0.196193654583316 0.0 0.3040545832909418 0.0 0.0 0.0 0.0 0.3475176372916518 0.15223412483409032 0.0 0.0 
0.11470841002293596 0.12276112562803836 0.10866385605447601 0.0 0.0 0.0 0.0 0.35 0.30386660829454976 0.0 0.0 
0.13546241284367272 0.11727689796623396 0.10088510929735447 0.0 0.0 0.0 0.0 0.34876056310474446 0.29761501678799446 0.0 0.0 
0.0 0.20525646740931058 0.0 0.0 0.0 0.0 0.11042265778995487 0.35 0.33432087480073464 0.0 0.0 
0.10671777745455474 0.19328222254544536 0.0 0.0 0.0 0.0 0.0 0.35 0.35 0.0 0.0 
0.2070186222537857 0.10005215756837203 0.15274166662414998 0.0 0.0 0.0 0.0 0.35 0.1901875535536922 0.0 0.0 
0.16257475851660075 0.124673263770793 0.10828296676624136 0.0 0.0 0.0 0.0 0.35 0.2544690109463648 0.0 0.0 
0.20161361274560716 0.14835125280015304 0.0 0.0 0.0 0.0 0.0 0.34876762636021297 0.3012675080940268 0.0 0.0 
0.19534660006860155 0.10234171320094476 0.16195567916096837 0.0 0.0 0.0 0.0 0.3450806079188272 0.19527539965065813 0.0 0.0 
0.19532046589988955 0.10467953410011065 0.0 0.0 0.0 0.0 0.0 0.35 0.35 0.0 0.0 
0.2207237998899057 0.11272867862778434 0.1488924879601772 0.0 0.0 0.0 0.0 0.35 0.16765503352213273 0.0 0.0 
0.19924811141056703 0.10245074208256802 0.21546585782044975 0.0 0.0 0.0 0.0 0.35 0.13283528868641517 0.0 0.0 
0.19331609333308175 0.13294033048666046 0.0 0.0 0.0 0.0 0.0 0.35 0.32374357618025784 0.0 0.0 
0.14336909459882874 0.11510355454837339 0.10517713868924249 0.0 0.0 0.0 0.0 0.35 0.28635021216355544 0.0 0.0 
0.1937445670293038 0.11016908339797236 0.11249838099381172 0.0 0.0 0.0 0.0 0.35 0.2335879685789121 0.0 0.0 
0.0 0.19110262162448946 0.0 0.0 0.0 0.0 0.11090687102435182 0.35 0.3479905073511588 0.0 0.0 
0.15793961374857923 0.1420603862514208 0.0 0.0 0.0 0.0 0.0 0.35 0.35 0.0 0.0 
0.19184718604788856 0.14747785235733638 0.0 0.0 0.0 0.0 0.0 0.35 0.3106749615947751 0.0 0.0 
0.15752224571442033 0.16083188726709968 0.0 0.0 0.0 0.0 0.0 0.35 0.33164586701848003 0.0 0.0 
0.22585798529084639 0.1411648554597025 0.0 0.0 0.0 0.0 0.0 0.35 0.2829771592494513 0.0 0.0 
0.21159164497298674 0.0 0.32378624213410084 0.0 0.0 0.0 0.0 0.35 0.11462211289291221 0.0 0.0 
0.20293231918332777 0.0 0.290226357792614 0.0 0.0 0.0 0.0 0.3476209057088069 0.15922041731525136 0.0 0.0 
0.1955867614251534 0.1041868183338358 0.15613778534004596 0.0 0.0 0.0 0.0 0.34923689863632346 0.19485173626464136 0.0 0.0 
0.21129818702401715 0.0 0.31420929395107977 0.0 0.0 0.0 0.0 0.35 0.12449251902490313 0.0 0.0 
0.14117811849504758 0.15882188150495258 0.0 0.0 0.0 0.0 0.0 0.35 0.35 0.0 0.0 
0.14305270977725512 0.1175696750429103 0.10085353549132822 0.0 0.0 0.0 0.0 0.35 0.2885240796885064 0.0 0.0 
0.21124030736124275 0.0 0.3264971308490006 0.0 0.0 0.0 0.0 0.3481639794661885 0.11409858232356822 0.0 0.0 
0.20889910197500947 0.10717687016449112 0.19906349567858914 0.0 0.0 0.0 0.0 0.35 0.13486053218191024 0.0 0.0 
0.14336909459882874 0.11510355454837339 0.10517713868924249 0.0 0.0 0.0 0.0 0.35 0.28635021216355544 0.0 0.0 
0.10466718218138764 0.19533281781861228 0.0 0.0 0.0 0.0 0.0 0.35 0.35 0.0 0.0 
0.1746461486090362 0.12535385139096375 0.0 0.0 0.0 0.0 0.0 0.35 0.35 0.0 0.0 
0.19893763529297107 0.0 0.27327477845014975 0.0 0.0 0.0 0.0 0.35 0.17778758625687924 0.0 0.0 
0.1687043338377038 0.11585690386080681 0.10587611239303102 0.0 0.0 0.0 0.0 0.35 0.25956264990845834 0.0 0.0 
0.1955867614251534 0.1041868183338358 0.15613778534004596 0.0 0.0 0.0 0.0 0.34923689863632346 0.19485173626464136 0.0 0.0 
0.15793961374857923 0.1420603862514208 0.0 0.0 0.0 0.0 0.0 0.35 0.35 0.0 0.0 
0.21004589199971616 0.0 0.24769998201150106 0.0 0.0 0.0 0.0 0.35 0.19225412598878283 0.0 0.0 
