0.0 0.30000000000000027 0.0 0.0 0.0 0.0 0.0 0.35 0.35 0.0 0.0 
0.148783710722155 0.0 0.2528474702067249 0.0 0.10081324414852218 0.0 0.0 0.2833905670180021 0.11328779069848603 0.10087721720610987 0.0 
0.0 0.30000000000000027 0.0 0.0 0.0 0.0 0.0 0.35 0.35 0.0 0.0 
0.148783710722155 0.0 0.2528474702067249 0.0 0.10081324414852218 0.0 0.0 0.2833905670180021 0.11328779069848603 0.10087721720610987 0.0 
0.10000855189138867 0.19999144810861136 0.0 0.0 0.0 0.0 0.0 0.35 0.35 0.0 0.0 
0.0 0.2999999999999998 0.0 0.0 0.0 0.0 0.0 0.35 0.35 0.0 0.0 
0.10000855189138867 0.19999144810861136 0.0 0.0 0.0 0.0 0.0 0.35 0.35 0.0 0.0 
0.0 0.2999999999999998 0.0 0.0 0.0 0.0 0.0 0.35 0.35 0.0 0.0 
0.16239170754404106 0.10808766257228646 0.0 0.0 0.0 0.0 0.0 0.35 0.26974881774949444 0.10977181213417825 0.0 
0.17755328144127847 0.0 0.10918985132539101 0.0 0.0 0.0 0.0 0.34989566185657384 0.2532729951199701 0.11008821025678663 0.0 
0.15927367737949183 0.1056033708800974 0.0 0.0 0.0 0.0 0.0 0.3498668709916784 0.28142750233240066 0.10382857841633181 0.0 
0.18514696993422664 0.0 0.11427823354704929 0.0 0.0 0.0 0.0 0.35 0.2395072437177869 0.11106755280093729 0.0 
0.10918185064904144 0.1069607545021973 0.0 0.0 0.0 0.0 0.0 0.35 0.327493356270732 0.10636403857802931 0.0 
0.20647958660727295 0.10358224565502988 0.0 0.0 0.0 0.0 0.0 0.34832427465994664 0.2287548112381356 0.11285908183961489 0.0 
0.1868468639647438 0.10695238378608325 0.0 0.0 0.0 0.0 0.0 0.35 0.2478946558069471 0.1083060964422257 0.0 
0.19172031033864198 0.0 0.14644879208793352 0.0 0.0 0.0 0.0 0.35 0.208176690443367 0.1036542071300576 0.0 
0.18810259821600783 0.0 0.12870411294552114 0.0 0.0 0.0 0.0 0.35 0.21169503619418506 0.12149825264428589 0.0 
0.13098162352544057 0.0 0.23679727664080572 0.0 0.10132138712679878 0.0 0.0 0.31463550542880636 0.11587812864992565 0.1003860786282228 0.0 
0.16193709728901817 0.10598268725941885 0.0 0.0 0.0 0.0 0.0 0.3489602460114276 0.26273007870784104 0.12038989073229431 0.0 
0.1864887734814109 0.0 0.14267389709633443 0.0 0.0 0.0 0.0 0.34916698423851283 0.19954339807574356 0.12212694710799821 0.0 
0.21815308556999663 0.10351699655354711 0.0 0.0 0.0 0.0 0.0 0.3483767907076394 0.2167067965728355 0.11324633059598133 0.0 
0.12760350485418256 0.10581910412155153 0.0 0.0 0.0 0.0 0.0 0.35 0.3145528867082551 0.10202450431601083 0.0 
0.14517243530270144 0.10809686486538504 0.0 0.0 0.0 0.0 0.0 0.35 0.28697594136797433 0.10975475846393926 0.0 
0.21443818252022667 0.0 0.22041352889528795 0.0 0.0 0.0 0.0 0.35 0.10961289799344758 0.1055353905910378 0.0 
0.19421512814385114 0.10717105478461661 0.0 0.0 0.0 0.0 0.0 0.34584903713542625 0.24448986487575702 0.10827491506034913 0.0 
0.12476379094132747 0.0 0.21517989429461243 0.0 0.10089887475537665 0.0 0.0 0.3382201265832653 0.11995814221171365 0.10097917121370446 0.0 
0.19988565560052918 0.14505456001021666 0.0 0.0 0.0 0.0 0.0 0.35 0.3050597843892542 0.0 0.0 
0.1336608316517374 0.11289558690038867 0.0 0.0 0.0 0.0 0.0 0.35 0.29737217238964764 0.10607140905822632 0.0 
0.18343411369967505 0.14307820968815332 0.0 0.0 0.0 0.0 0.0 0.35 0.3234876766121717 0.0 0.0 
0.11256642435624249 0.0 0.21634918501782374 0.0 0.10202790634778872 0.0 0.0 0.34560754406592614 0.121244490771832 0.10220444944038687 0.0 
0.1699827817719957 0.1504710507456906 0.0 0.0 0.0 0.0 0.0 0.35 0.3295461674823137 0.0 0.0 
0.12506508650830242 0.10975187254272785 0.0 0.0 0.0 0.0 0.0 0.35 0.30291449295921336 0.1122685479897564 0.0 
0.11483123681638611 0.10742607811442459 0.0 0.0 0.0 0.0 0.0 0.35 0.31912743083084416 0.10861525423834528 0.0 
0.19910221446100176 0.0 0.15066874762897497 0.0 0.0 0.0 0.0 0.3495589835477306 0.18872179520660637 0.11194825915568624 0.0 
0.13685590973455647 0.0 0.2243116301225216 0.0 0.10459068369011855 0.0 0.0 0.32131321134165985 0.11165774444667499 0.10127082066446849 0.0 
0.19481995486688852 0.0 0.16644949696369274 0.0 0.0 0.0 0.0 0.3476707207920474 0.1778945387564046 0.11316528862096682 0.0 
0.1784736108598209 0.16402476674268307 0.0 0.0 0.0 0.0 0.0 0.35 0.307501622397496 0.0 0.0 
0.18756228633106314 0.0 0.11781312558978574 0.0 0.0 0.0 0.0 0.35 0.22667964664169846 0.11794494143745267 0.0 
0.13981596082180275 0.0 0.2511034838727497 0.0 0.10021447784682797 0.0 0.0 0.29577718793556673 0.11262140801877568 0.10046748150427724 0.0 
0.22391794696872347 0.10029875669658114 0.0 0.0 0.0 0.0 0.0 0.35 0.2058744651102278 0.11990883122446756 0.0 
0.14212166610212074 0.15848750974873668 0.0 0.0 0.0 0.0 0.0 0.34939082414914246 0.35 0.0 0.0 
0.18733027771492738 0.12973223847337423 0.0 0.0 0.0 0.0 0.0 0.35 0.33293748381169835 0.0 0.0 
0.19163251145022273 0.10836748854977718 0.0 0.0 0.0 0.0 0.0 0.35 0.35 0.0 0.0 
0.15183317509775696 0.14816682490224303 0.0 0.0 0.0 0.0 0.0 0.35 0.35 0.0 0.0 
0.2016213971210415 0.0 0.11804538612782525 0.0 0.0 0.0 0.0 0.34847754966501376 0.2170109943816334 0.114844672704486 0.0 
0.13076115363412633 0.10766152602907879 0.0 0.0 0.0 0.0 0.0 0.35 0.2932544216415762 0.11832289869521881 0.0 
0.2027432526221318 0.0 0.11698105142620993 0.0 0.0 0.0 0.0 0.34946460527286466 0.22214316013379493 0.10866793054499858 0.0 
0.24224373539952412 0.10584437226906662 0.0 0.0 0.0 0.0 0.0 0.35 0.17784368207307377 0.12406821025833539 0.0 
0.2141313835965146 0.0 0.22842904565902297 0.0 0.0 0.0 0.0 0.33929403356402094 0.11461731082802672 0.10352822635241472 0.0 
0.12810050558543098 0.1040766833974809 0.0 0.0 0.0 0.0 0.0 0.34584736413348327 0.31628516113616695 0.10569028574743787 0.0 
0.17731282859745923 0.12268717140254072 0.0 0.0 0.0 0.0 0.0 0.35 0.35 0.0 0.0 
0.2419600669070849 0.1034384596060606 0.0 0.0 0.0 0.0 0.0 0.35 0.1864118374344892 0.11818963605236539 0.0 
0.11582864865704728 0.1083591695386548 0.0 0.0 0.0 0.0 0.0 0.35 0.3218993375612351 0.10391284424306281 0.0 
0.21167119560512984 0.0 0.22946407093784724 0.0 0.0 0.0 0.0 0.3432255034882174 0.11330045513425668 0.10233877483454895 0.0 
0.10180953858502252 0.10863624603719263 0.0 0.0 0.0 0.0 0.0 0.3465679245362044 0.3381874146550997 0.10479887618648069 0.0 
0.20023626085226146 0.0 0.18416133466002887 0.0 0.0 0.0 0.0 0.34858362911137897 0.16693448342084422 0.10008429195548658 0.0 
0.1778967094926294 0.10610657160776875 0.0 0.0 0.0 0.0 0.0 0.35 0.2543816706643013 0.11161504823530055 0.0 
0.21775267741345206 0.0 0.21266883998753355 0.0 0.0 0.0 0.0 0.34961214173612276 0.11654865295242073 0.10341768791047096 0.0 
0.1303039949483502 0.0 0.21787869974466398 0.0 0.10448034160685925 0.0 0.0 0.3276327599004223 0.11735421741881982 0.10234998638088451 0.0 
0.20959163585207533 0.0 0.17440575432922736 0.0 0.0 0.0 0.0 0.35 0.15302330270870268 0.11297930710999471 0.0 
0.19690753559449603 0.13710812277853945 0.0 0.0 0.0 0.0 0.0 0.35 0.3159843416269644 0.0 0.0 
0.10180953858502254 0.10863624603719264 0.0 0.0 0.0 0.0 0.0 0.34656792453620444 0.33818741465509977 0.1047988761864807 0.0 
0.19675892183719623 0.0 0.20584997969687738 0.0 0.0 0.0 0.0 0.34371616851045145 0.14981090548700834 0.1038640244684666 0.0 
0.184952086991836 0.0 0.23020435790997637 0.0 0.0 0.0 0.0 0.3491698269782521 0.13532425976649926 0.1003494683534364 0.0 
0.1288275552533612 0.0 0.2020959607446593 0.0 0.10256396365356418 0.0 0.0 0.3371394536914205 0.12616803876742252 0.10320502788957225 0.0 
0.2024554094241804 0.1008884123721654 0.0 0.0 0.0 0.0 0.0 0.35 0.2344339033694691 0.11222227483418507 0.0 
0.1234716977566991 0.0 0.25081537140643045 0.0 0.10029769327014944 0.0 0.0 0.3112124734716034 0.11296016198166031 0.10124260211345737 0.0 
0.21778758207185345 0.0 0.20594690350504902 0.0 0.0 0.0 0.0 0.34813551499753576 0.12362163375287093 0.10450836567269084 0.0 
0.2134137994110849 0.0 0.19664933118405506 0.0 0.0 0.0 0.0 0.3483946387085093 0.13408219023152473 0.10746004046482596 0.0 
0.19958524744379985 0.0 0.19993086314360883 0.0 0.0 0.0 0.0 0.34850414314865485 0.1492836313508992 0.10269611491303732 0.0 
0.13945447842639003 0.10447616751049359 0.0 0.0 0.0 0.0 0.0 0.35 0.29198545216772925 0.1140839018953872 0.0 
0.16126095190407802 0.1387390480959219 0.0 0.0 0.0 0.0 0.0 0.35 0.35 0.0 0.0 
0.1884925383957174 0.0 0.11514936057391563 0.0 0.0 0.0 0.0 0.34625522008093307 0.2380166114185763 0.11208626953085751 0.0 
0.18896897817075525 0.16037006647513874 0.0 0.0 0.0 0.0 0.0 0.35 0.30066095535410603 0.0 0.0 
0.20094890385787725 0.0 0.1893014656464413 0.0 0.0 0.0 0.0 0.35 0.15246218852965798 0.10728744196602345 0.0 
0.20475185048752023 0.0 0.16840873639889914 0.0 0.0 0.0 0.0 0.35 0.16495772084656737 0.11188169226701344 0.0 
0.10546721867738423 0.19453278132261576 0.0 0.0 0.0 0.0 0.0 0.35 0.35 0.0 0.0 
0.15095503293491427 0.0 0.22938871306196085 0.0 0.10281477976922825 0.0 0.0 0.30184599383263994 0.11311132450683052 0.10188415589442612 0.0 
0.12196171749488843 0.0 0.2200709968679595 0.0 0.10278119582979424 0.0 0.0 0.3325251513791559 0.11903603587902489 0.10362490254917696 0.0 
0.1806696578192344 0.10700451417141867 0.0 0.0 0.0 0.0 0.0 0.35 0.25796767147404864 0.10435815653529824 0.0 
0.23836656708418025 0.1084276027869487 0.0 0.0 0.0 0.0 0.0 0.35 0.19340118334124817 0.10980464678762299 0.0 
0.16720771471573817 0.1327922852842621 0.0 0.0 0.0 0.0 0.0 0.35 0.35 0.0 0.0 
0.20419427788350372 0.0 0.16685923251936038 0.0 0.0 0.0 0.0 0.34746088761951727 0.17344295697571951 0.10804264500189928 0.0 
0.2311004237815156 0.11058180528403809 0.0 0.0 0.0 0.0 0.0 0.34726005297004775 0.1942218129553771 0.11683590500902137 0.0 
0.1269387809726356 0.1730612190273645 0.0 0.0 0.0 0.0 0.0 0.35 0.35 0.0 0.0 
0.19836555535942813 0.0 0.1645327533536486 0.0 0.0 0.0 0.0 0.35 0.18365456319509996 0.1034471280918234 0.0 
0.2035672510609649 0.0 0.16075567808046534 0.0 0.0 0.0 0.0 0.35 0.18312705221191244 0.10255001864665737 0.0 
0.14650947305070824 0.0 0.24742872079753322 0.0 0.1005311685106942 0.0 0.0 0.28313656054084246 0.12206198915207403 0.10033208794814791 0.0 
0.14926056756307424 0.0 0.20858921876866057 0.0 0.10204753662715607 0.0 0.0 0.31797806538103074 0.12063927411363888 0.10148533754643954 0.0 
0.19459678055996696 0.0 0.14823712313311277 0.0 0.0 0.0 0.0 0.34629752696887345 0.1981169847656946 0.11275158457235239 0.0 
0.1925828633004618 0.10970042897658568 0.0 0.0 0.0 0.0 0.0 0.35 0.2332121546234612 0.11450455309949142 0.0 
0.20166751621253634 0.0 0.18997842565645864 0.0 0.0 0.0 0.0 0.35 0.1463621518950296 0.11199190623597527 0.0 
0.1418337895115874 0.0 0.25082017529723694 0.0 0.10212559333086114 0.0 0.0 0.29107030357710056 0.11269226434442746 0.1014578739387865 0.0 
0.1509284405174536 0.0 0.22569638495056762 0.0 0.10087544836057202 0.0 0.0 0.30443985030657184 0.11506855932222743 0.1029913165426074 0.0 
0.13835801065022346 0.0 0.24674866221785033 0.0 0.10070792963534243 0.0 0.0 0.30195599154417474 0.11176935169077627 0.10046005426163271 0.0 
0.13488460759269122 0.16511539240730871 0.0 0.0 0.0 0.0 0.0 0.35 0.35 0.0 0.0 
0.1190417393219054 0.18095826067809473 0.0 0.0 0.0 0.0 0.0 0.35 0.35 0.0 0.0 
0.1853489247272624 0.0 0.11642285117105787 0.0 0.0 0.0 0.0 0.35 0.23580534888729673 0.1124228752143832 0.0 
0.1522402574555196 0.0 0.20385529358110566 0.0 0.10346498129592845 0.0 0.0 0.32180848197969847 0.11587795865399887 0.10275302703374899 0.0 
0.11217812557756064 0.1878218744224394 0.0 0.0 0.0 0.0 0.0 0.35 0.35 0.0 0.0 
