-0.005649283239996625 2.2548794514456045E-5 
-0.014879411130133583 6.764024773199733E-4 
-0.014487900450298546 5.11029267610895E-4 
-0.014493173380684897 6.193740330651653E-4 
-0.014158868179722298 4.7606020532243174E-4 
-0.006720342134400211 3.0233311596551167E-5 
-0.014129780810463673 4.4065511290270664E-4 
-0.01425637152020044 4.842056531338994E-4 
-0.00805534264976489 4.842819035716837E-5 
-0.011751733791666899 2.0147062239515124E-4 
-0.013771564572837808 4.0867051905251834E-4 
-0.010895170565167492 1.501981822553109E-4 
-0.013022537017328466 2.924886942347771E-4 
-0.006002523884958214 2.520039292878417E-5 
-0.009547157106250875 8.861099515925655E-5 
-0.005832651769933521 2.3651579141033884E-5 
-0.006379822230282551 2.841798882406022E-5 
-0.007442511066670729 4.187940320276523E-5 
-0.012515625307906321 2.518851669047886E-4 
-0.007845901031000645 4.564943256101421E-5 
-0.01027303172740926 1.1742891423871934E-4 
-0.011640849371181719 1.9768657513896762E-4 
-0.011878926274128954 2.1144193224108965E-4 
-0.010198329460573733 1.137909614682208E-4 
-0.01387720538161969 4.1545454502807627E-4 
-0.013132180245462286 3.023131648517363E-4 
-0.013571389008664574 3.61888819622512E-4 
-0.01285814206524196 2.800494688980094E-4 
-0.013225250260571711 3.156521449842728E-4 
-0.012636830415675725 2.6669614467049024E-4 
-0.011045844666924516 1.6129277591948936E-4 
-0.014833489578071995 6.691262476346049E-4 
-0.012946173254216022 2.870194100709578E-4 
-0.008213740993906921 5.19457494587661E-5 
-0.013626419877930826 3.7591676666850376E-4 
-0.014770333274865316 6.594995677023658E-4 
-0.00935728697131082 8.387543345477878E-5 
-0.01076534244566135 1.4254976141380205E-4 
-0.008327187918229966 5.307705121730098E-5 
-0.014045498265242236 4.320631598884512E-4 
-0.008480531993869922 5.584094186281115E-5 
-0.007305352010171755 3.9547142824381315E-5 
-0.013760644402322131 3.9357861633333095E-4 
-0.00875254403631315 6.242889835959225E-5 
-0.013338328342546328 3.400329280618297E-4 
-0.009659051845362032 9.638516174291295E-5 
-0.013727942273826175 3.8996933266786314E-4 
-0.01366797112151683 3.7887197924620146E-4 
-0.008565338763099931 5.826300955581382E-5 
-0.0071995603185644325 3.718910029108589E-5 
-0.006926449225230532 3.316837663369464E-5 
-0.013184532221416564 3.070120485421614E-4 
-0.006187067979544943 2.6776028024373623E-5 
-0.009842289764958026 1.0100547522886628E-4 
-0.013944432661113912 4.2244428503934717E-4 
-0.013272813882502454 3.2608223835492765E-4 
-0.012185247505416937 2.3204441982654467E-4 
-0.014378217023292388 4.93747388415163E-4 
-0.010420725023143467 1.2543274938402136E-4 
-0.013317131510286608 3.2877521767811204E-4 
-0.014422466051917965 5.04024034164056E-4 
-0.01211532058419779 2.262976228026194E-4 
-0.011943117314952319 2.1455854366105056E-4 
-0.014657717919883715 6.427791279572659E-4 
-0.014569324363560223 6.300545199275901E-4 
-0.009937849559116427 1.0672666579661879E-4 
-0.008699627863925656 6.101977148850778E-5 
-0.011198063105188123 1.6579854560505328E-4 
-0.011312128019986423 1.7626565804893595E-4 
-0.012318293986822017 2.380774098050191E-4 
-0.013992938917761284 4.2699384585952145E-4 
-0.013478037571135568 3.5472964488211887E-4 
-0.009257363429251462 7.797557214716077E-5 
-0.007726920717820595 4.427801987097691E-5 
-0.008920908273451336 6.695058113373722E-5 
-0.011303815794281129 1.7343015535540454E-4 
-0.012767687349690793 2.7411712012557696E-4 
-0.010549231240955779 1.3214780983123104E-4 
-0.014515641201463338 6.224981156129847E-4 
-0.01339754175311142 3.4985724257814E-4 
-0.00764304762244044 4.3182399275163016E-5 
-0.010421836641937651 1.2548925793488632E-4 
-0.011421638834452573 1.8227062037176205E-4 
-0.011560037918288246 1.8775709509063823E-4 
-0.00904845034216947 7.042166088044136E-5 
-0.0147254361275093 6.527651485121365E-4 
-0.011559949707222142 1.8775270651838412E-4 
-0.011209410096864648 1.6708216356621297E-4 
-0.01412385905444164 4.40307815465192E-4 
-0.013386897133281388 3.453374174270144E-4 
-0.013529778371851113 3.5709626314691333E-4 
-0.010636081114208645 1.368036786681217E-4 
-0.009072773931464922 7.170189639021827E-5 
-0.011421638834452573 1.8227062037176205E-4 
-0.012458073793204034 2.4672333780236634E-4 
-0.010039317651949447 1.0795760172495136E-4 
-0.009334972795756642 8.03541298744472E-5 
-0.00696000432267189 3.329587373628776E-5 
-0.014378217023292388 4.93747388415163E-4 
-0.010991709571593051 1.5547944408530112E-4 
