-0.016723060783871917 0.0015954576182566184 
-0.009504038507975186 8.192394704225367E-5 
-0.016723060783871917 0.0015954576182566184 
-0.01672306078387191 0.0015954576182566152 
-0.01657020072327003 9.277440893611479E-4 
-0.016291883000463712 4.220030992684774E-4 
-0.016303905511287527 5.588211931737256E-4 
-0.01617279409676526 3.7539337009303967E-4 
-0.01657020072327003 9.277440893611479E-4 
-0.01244212167084121 1.2388958480717466E-4 
-0.013182101970833051 1.457525029231525E-4 
-0.016559611397605832 8.91728612271788E-4 
-0.016173682602552607 4.191284731710116E-4 
-0.012840418601469908 1.347557331172918E-4 
-0.00984388582947423 8.240172905668896E-5 
-0.014220230602845977 1.8744917377779027E-4 
-0.010460574008128614 8.603512369635661E-5 
-0.015720169440626625 2.9919761039032413E-4 
-0.011237641303564265 9.619406499556594E-5 
-0.015977826928764448 3.619828158303976E-4 
-0.015601157235409401 2.8403436624659334E-4 
-0.016525274712885694 7.84072348554895E-4 
-0.012703197577629253 1.3064611654905334E-4 
-0.016072718869269552 3.6615201220697796E-4 
-0.010293004538839643 8.474050955442898E-5 
-0.016497036278699716 7.059903471931044E-4 
-0.016536778610281487 8.185866454878886E-4 
-0.009651815920639831 8.21602923203308E-5 
-0.016461402708697573 6.209256288886147E-4 
-0.016435797598745 5.690779040786059E-4 
-0.012082443035815533 1.1468607351233987E-4 
-0.01139327171299489 9.841042300983282E-5 
-0.015433762553610987 2.5444052210414327E-4 
-0.009939712285426689 8.30410993406101E-5 
-0.010673599982397029 8.848867511064836E-5 
-0.011751254751404892 1.058253404524643E-4 
-0.015570103320940956 2.708355079313423E-4 
-0.01020991088540556 8.465306510330392E-5 
-0.010567108288609725 8.784162631659576E-5 
-0.010791104116123159 8.96855687166923E-5 
-0.011892523452408607 1.0818739432800112E-4 
-0.016469804487715345 6.396287818682678E-4 
-0.011947197512139076 1.1143286252469746E-4 
-0.016485214716334923 6.761044023039964E-4 
-0.01549539183844073 2.5902662301036214E-4 
-0.01439327066615565 1.957322756148044E-4 
-0.01593381707097183 3.3541057937015544E-4 
-0.010994095645771789 9.167088178992672E-5 
-0.010882210191939136 9.151047776900704E-5 
-0.016518136988917527 7.634447832070908E-4 
-0.015757777653456095 3.1131290047666524E-4 
-0.016552457823305985 8.681494427752029E-4 
-0.012301569568735342 1.2168107584203697E-4 
-0.012959890569980922 1.3860787237529265E-4 
-0.01530601898005566 2.4939005524449214E-4 
-0.013337790371671676 1.5124800699311479E-4 
-0.01444112920246666 2.0253278524034977E-4 
-0.01464312327860552 2.0847961906457835E-4 
-0.01648003214210362 6.635237807134723E-4 
-0.015096173493693126 2.395497344593025E-4 
-0.012588280313409353 1.254871972735951E-4 
-0.013274821153239797 1.49608533092478E-4 
-0.016353359996920676 5.614921915566579E-4 
-0.016547122077958082 8.509563535668251E-4 
-0.011684632127650248 1.0417758431469829E-4 
-0.013016766756491096 1.402394245427985E-4 
-0.016510919900858817 7.432007946887126E-4 
-0.015016734542276304 2.2691034513824728E-4 
-0.01146013811010855 9.954853585033241E-5 
-0.01487991571794791 2.2029394626983824E-4 
-0.01472833752348674 2.124294480974542E-4 
-0.016541706261983424 8.338497573318134E-4 
-0.015211481493306454 2.4404091666705845E-4 
-0.013443535661126516 1.557498796158824E-4 
-0.013566326553160351 1.5984163011718188E-4 
-0.016447881754000658 5.925804115485413E-4 
-0.009595721684255498 8.20381828694853E-5 
-0.011594314162120043 1.023457179465095E-4 
-0.01154579792128671 1.0214357357490701E-4 
-0.013950144439105226 1.753042064805606E-4 
-0.014553322084359334 2.0267798223813082E-4 
-0.0158387726355947 3.1787443286404604E-4 
-0.010074695008394832 8.334678018268195E-5 
-0.013871716740790277 1.7229293985067872E-4 
-0.012606220341489983 1.2776332665966544E-4 
-0.014972726599658122 2.2423876784469606E-4 
-0.01512830611227197 2.431331032892963E-4 
-0.010074695008394832 8.334678018268195E-5 
-0.013666312660468239 1.6426293551516152E-4 
-0.01108663288704216 9.322518717753777E-5 
-0.012163698688257814 1.1631373765852122E-4 
-0.014769906209880808 2.1664231794812683E-4 
-0.01625621967039463 4.2109747723932195E-4 
-0.011119902706628337 9.564117857542589E-5 
-0.014146790964300198 1.8624870442522895E-4 
-0.013833219696457387 1.704851792766195E-4 
-0.014838029175246162 2.1773285904272275E-4 
-0.01644772952074743 5.922735859921914E-4 
-0.01364701832028304 1.633927050674689E-4 
-0.015276492148335192 2.4581392151772253E-4 
