0.0 0.0 0.0 0.0 0.0 0.0 0.29999999999999993 0.35 0.35 0.0 0.0 
0.0 0.0 0.17512488337472024 0.0 0.0 0.3334433904908474 0.0 0.10218052431532554 0.24418022775415602 0.14507097406495065 0.0 
0.0 0.0 0.0 0.0 0.0 0.0 0.2999999999999999 0.35 0.35 0.0 0.0 
0.10013300028184387 0.0 0.0 0.0 0.0 0.0 0.19986699971815608 0.35 0.35 0.0 0.0 
0.0 0.0 0.0 0.0 0.0 0.0 0.3068509016773774 0.34314909832262275 0.35 0.0 0.0 
0.0 0.0 0.10000714418615007 0.0 0.0 0.0 0.19999285581384998 0.35 0.35 0.0 0.0 
0.15231072260472106 0.0 0.0 0.0 0.0 0.0 0.15538893596129152 0.3423003414339874 0.35 0.0 0.0 
0.0 0.0 0.17120902125203014 0.0 0.0 0.2577044706927897 0.0 0.15308998056758572 0.3165130871408253 0.1014834403467691 0.0 
0.0 0.0 0.11757635914904309 0.0 0.0 0.0 0.0 0.35 0.35 0.0 0.18242364085095686 
0.0 0.0 0.19424581766550827 0.0 0.0 0.22277892342207858 0.0 0.1547744885959431 0.3267784915507435 0.10142227876572643 0.0 
0.0 0.0 0.18430245419003619 0.0 0.0 0.1501871703322245 0.0 0.3155103754777394 0.35 0.0 0.0 
0.0 0.0 0.17367181133572984 0.0 0.0 0.14574815053750323 0.0 0.33058003812676695 0.35 0.0 0.0 
0.0 0.0 0.13830416436475015 0.0 0.0 0.0 0.0 0.35 0.35 0.0 0.16169583563524986 
0.0 0.0 0.18637114354821432 0.0 0.0 0.25198834319387636 0.0 0.1494805127924594 0.30927320905566863 0.10288679140978123 0.0 
0.0 0.0 0.211760525808977 0.0 0.0 0.1427070790250328 0.0 0.29942475431469795 0.34610764085129225 0.0 0.0 
0.0 0.0 0.18912599111057524 0.0 0.0 0.2514860675992407 0.0 0.145111452468162 0.2994884378439294 0.11478805097809257 0.0 
0.0 0.0 0.16809462666500521 0.0 0.0 0.13294126966234374 0.0 0.25765435914857543 0.33810573815447775 0.10320400636959784 0.0 
0.0 0.0 0.20994455177438126 0.0 0.0 0.13621158594147106 0.0 0.30384386228414767 0.35 0.0 0.0 
0.0 0.0 0.1820043327248011 0.0 0.0 0.277367099444162 0.0 0.12046183939402116 0.2988558985915959 0.12131082984541983 0.0 
0.0 0.0 0.18547267593702096 0.0 0.0 0.0 0.0 0.35 0.35 0.0 0.11452732406297907 
0.0 0.0 0.2004112792896879 0.0 0.0 0.19548033927997946 0.0 0.1816358176319623 0.32237663230343694 0.10009593149493347 0.0 
0.0 0.0 0.20418551072330035 0.0 0.0 0.12157900178869997 0.0 0.32536572663198887 0.3488697608560109 0.0 0.0 
0.0 0.0 0.17749344106707468 0.0 0.0 0.32133733362998185 0.0 0.10245472626182894 0.26810593579468667 0.13060856324642786 0.0 
0.0 0.0 0.1646328783617215 0.0 0.0 0.0 0.1353671216382785 0.35 0.35 0.0 0.0 
0.0 0.0 0.1958915738643772 0.0 0.0 0.1336705576315454 0.0 0.3204378685040774 0.35 0.0 0.0 
0.0 0.0 0.17604699609565877 0.0 0.0 0.16104597770138107 0.0 0.21966634056251563 0.3421646294592101 0.10107605618123446 0.0 
0.0 0.0 0.10968146976180493 0.0 0.0 0.0 0.1903185302381951 0.35 0.35 0.0 0.0 
0.0 0.0 0.17102842696557743 0.0 0.0 0.13114699077369957 0.0 0.24950860839664102 0.3421170850366192 0.10619888882746266 0.0 
0.0 0.0 0.17292974766407732 0.0 0.0 0.15392222262570898 0.0 0.22055229218306824 0.3497420686092073 0.10285366891793826 0.0 
0.0 0.0 0.18264188264653652 0.0 0.0 0.0 0.0 0.34434531883933656 0.34418420415379963 0.0 0.12882859436032745 
0.0 0.0 0.10628054726014553 0.0 0.0 0.0 0.0 0.35 0.35 0.0 0.19371945273985453 
0.0 0.0 0.18894400650154716 0.0 0.0 0.1922794944593722 0.0 0.18319348904909985 0.33103960879553124 0.10454340119444958 0.0 
0.0 0.0 0.11893039064551035 0.0 0.0 0.0 0.18106960935448968 0.35 0.35 0.0 0.0 
0.0 0.0 0.17185633148833016 0.0 0.0 0.13788728590377283 0.0 0.22657052907088 0.35 0.11368585353701706 0.0 
0.0 0.0 0.19446687516866476 0.0 0.0 0.12132551769445482 0.0 0.33420760713688036 0.35 0.0 0.0 
0.0 0.0 0.1751561627135218 0.0 0.0 0.11083627197080113 0.0 0.26200327821470587 0.34983836000423874 0.10216592709673261 0.0 
0.0 0.0 0.21049775750998667 0.0 0.0 0.0 0.0 0.3314437892705052 0.3458461989613103 0.0 0.11221225425819777 
0.0 0.0 0.21270373506918003 0.0 0.0 0.15647607022173723 0.0 0.28082019470908276 0.35 0.0 0.0 
0.0 0.0 0.18135681419055533 0.0 0.0 0.1470800856803014 0.0 0.2265780094125001 0.3441873732798232 0.10079771743681996 0.0 
0.15040366385173912 0.0 0.0 0.0 0.0 0.0 0.15344333537996813 0.3461530007682927 0.35 0.0 0.0 
0.0 0.0 0.19093587442647955 0.0 0.0 0.0 0.0 0.3374164092019006 0.3392277073644809 0.0 0.132420009007139 
0.0 0.0 0.17946409577318093 0.0 0.0 0.1352848784411221 0.0 0.23823088962363936 0.34323070554197394 0.10378943062008372 0.0 
0.0 0.0 0.1823619788146348 0.0 0.0 0.22314642628265507 0.0 0.16054757179021942 0.32181089020912323 0.11213313290336731 0.0 
0.0 0.0 0.18018580378434884 0.0 0.0 0.1375180958062702 0.0 0.22598988681081525 0.3499999999999999 0.10630621359856575 0.0 
0.0 0.0 0.19732922996156047 0.0 0.0 0.10267077003843961 0.0 0.35 0.35 0.0 0.0 
0.0 0.0 0.1582465737230065 0.0 0.0 0.12978975842189214 0.0 0.26338628200948616 0.33410323987318463 0.11447414597243061 0.0 
0.0 0.0 0.17159542557657492 0.0 0.0 0.13127081469391777 0.0 0.2405956619126678 0.34979659056627155 0.106741507250568 0.0 
0.0 0.0 0.1698208667745346 0.0 0.0 0.18654776667231246 0.0 0.19469824128250687 0.34609516558596065 0.10283795968468552 0.0 
0.0 0.0 0.15766613306680596 0.0 0.0 0.0 0.0 0.35 0.35 0.0 0.14233386693319414 
0.0 0.0 0.19419178929367084 0.0 0.0 0.11512701459337178 0.0 0.23394278978586266 0.35 0.10673840632709473 0.0 
0.0 0.0 0.1286444854394392 0.0 0.0 0.0 0.1713555145605608 0.35 0.35 0.0 0.0 
0.0 0.0 0.19281983365009991 0.0 0.0 0.21902997345630656 0.0 0.16920049760967876 0.31574920151954594 0.10320049376436871 0.0 
0.0 0.0 0.17512488337472026 0.0 0.0 0.3334433904908475 0.0 0.10218052431532555 0.24418022775415604 0.14507097406495068 0.0 
0.0 0.0 0.15218538731515532 0.0 0.0 0.0 0.14781461268484455 0.35 0.35 0.0 0.0 
0.0 0.0 0.187999949135166 0.0 0.0 0.30046065168857206 0.0 0.12101240545743545 0.2604883837470505 0.1300386099717761 0.0 
0.0 0.0 0.1464637910915531 0.0 0.0 0.0 0.15353620890844683 0.35 0.35 0.0 0.0 
0.0 0.0 0.20398317441695488 0.0 0.0 0.10569725069127672 0.0 0.3403195748917684 0.35 0.0 0.0 
0.0 0.0 0.18096217641196743 0.0 0.0 0.1675170653443697 0.0 0.20634909460191003 0.34072107602254065 0.10445058761921219 0.0 
0.0 0.0 0.1695976297900896 0.0 0.0 0.0 0.0 0.345192804971331 0.3450612789103854 0.0 0.1401482863281941 
0.0 0.0 0.20315431050664493 0.0 0.0 0.14027828442912654 0.0 0.3065674050642287 0.35 0.0 0.0 
0.0 0.0 0.2043033663861156 0.0 0.0 0.1585716626036172 0.0 0.28712497101026724 0.35 0.0 0.0 
0.0 0.0 0.18504924742165724 0.0 0.0 0.27582112158430017 0.0 0.13199555292445173 0.30594483271130135 0.10118924535828955 0.0 
0.0 0.0 0.18007252811552923 0.0 0.0 0.19277208430430814 0.0 0.1868725516393856 0.3390040978916047 0.10127873804917227 0.0 
0.1406261094425627 0.0 0.0 0.0 0.0 0.0 0.15937389055743723 0.35 0.35 0.0 0.0 
0.0 0.0 0.21065421699101863 0.0 0.0 0.15496833677918723 0.0 0.2843774462297943 0.35 0.0 0.0 
0.0 0.0 0.19568929739330512 0.0 0.0 0.13167195476411517 0.0 0.32263874784257957 0.35 0.0 0.0 
0.0 0.0 0.18823430282894466 0.0 0.0 0.19085318003889654 0.0 0.18501237288101777 0.33562956152248336 0.10027058272865776 0.0 
0.0 0.0 0.19072936946466168 0.0 0.0 0.16778943122311346 0.0 0.17971137772255208 0.35 0.11176982158967269 0.0 
0.0 0.0 0.18889367414499372 0.0 0.0 0.16455903156263846 0.0 0.19918152234878164 0.3453493024216712 0.10201646952191501 0.0 
0.0 0.0 0.1850863838185771 0.0 0.0 0.15202792947164423 0.0 0.21246506591338743 0.34688638486735196 0.10353423592903928 0.0 
0.0 0.0 0.1902900482938943 0.0 0.0 0.21031900992489522 0.0 0.18202243699441928 0.3163298038598526 0.10103870092693863 0.0 
0.0 0.0 0.20274180603826183 0.0 0.0 0.13641732209713744 0.0 0.3108408718646007 0.35 0.0 0.0 
0.0 0.0 0.18381045687097278 0.0 0.0 0.3152944478894966 0.0 0.11242889078931324 0.26508365351016155 0.12338255094005565 0.0 
0.0 0.0 0.17839699118243826 0.0 0.0 0.16273607769064335 0.0 0.21231807673392317 0.3449505445358704 0.10159830985712465 0.0 
0.0 0.0 0.18407044315219542 0.0 0.0 0.30958165068641447 0.0 0.1089730987324069 0.28015275438761317 0.11722205304137012 0.0 
0.0 0.0 0.20176327537888736 0.0 0.0 0.10497781222104503 0.0 0.3432589124000676 0.35 0.0 0.0 
0.0 0.0 0.2078721849824553 0.0 0.0 0.10462774149334376 0.0 0.33750007352420086 0.35 0.0 0.0 
0.0 0.0 0.18362300993018055 0.0 0.0 0.15856202325132568 0.0 0.20762513948519062 0.3455321839013741 0.10465764343192901 0.0 
0.0 0.0 0.19428244859130928 0.0 0.0 0.16062642502786506 0.0 0.29509112638082574 0.35 0.0 0.0 
0.0 0.0 0.17336552314001138 0.0 0.0 0.2806143872374989 0.0 0.13827722425016237 0.30110514750463374 0.10663771786769358 0.0 
0.12071950978296998 0.0 0.0 0.0 0.0 0.0 0.17928049021703013 0.35 0.35 0.0 0.0 
0.0 0.0 0.16870386699829745 0.0 0.0 0.13285597428159907 0.0 0.2430505992369753 0.34981746477882 0.10557209470430812 0.0 
0.0 0.0 0.185597968741282 0.0 0.0 0.12749049757046288 0.0 0.3369115336882549 0.35 0.0 0.0 
0.0 0.0 0.16691189926433248 0.0 0.0 0.32547133644328297 0.0 0.10377280568266 0.2715551170034728 0.1322888416062517 0.0 
0.0 0.0 0.18139114399285652 0.0 0.0 0.17373627275611597 0.0 0.20134928128210558 0.33902964306341926 0.10449365890550254 0.0 
0.0 0.0 0.18612010419599226 0.0 0.0 0.1168490440650121 0.0 0.3470308517389956 0.35 0.0 0.0 
0.0 0.0 0.18364585295410202 0.0 0.0 0.26849186077410825 0.0 0.12903822678802435 0.29469466460747434 0.12412939487629099 0.0 
0.0 0.0 0.15007961165207287 0.0 0.0 0.0 0.0 0.35 0.35 0.0 0.1499203883479273 
0.0 0.0 0.2268684788645986 0.0 0.0 0.11548910715877625 0.0 0.3076424139766252 0.35 0.0 0.0 
0.0 0.0 0.20411913560729428 0.0 0.0 0.0 0.0 0.3346052328314299 0.34682680559574147 0.0 0.11444882596553428 
0.0 0.0 0.18851700445561614 0.0 0.0 0.2184373165311998 0.0 0.17157812354390056 0.32061335015120085 0.10085420531808259 0.0 
0.0 0.0 0.1803844384641192 0.0 0.0 0.10923629044077147 0.0 0.2530188209100907 0.34931640789868534 0.1080440422863333 0.0 
0.0 0.0 0.18934767876045563 0.0 0.0 0.0 0.0 0.34156485742786213 0.34122183589903243 0.0 0.12786562791264988 
0.0 0.0 0.18575692484031442 0.0 0.0 0.2795276338546161 0.0 0.11811093633773363 0.2914539507278604 0.12515055423947544 0.0 
0.0 0.0 0.0 0.0 0.0 0.0 0.3059987423977166 0.34400125760228334 0.35 0.0 0.0 
0.0 0.0 0.19037804588030297 0.0 0.0 0.29812496972767605 0.0 0.11815794004780088 0.28224164706892624 0.111097397275294 0.0 
0.0 0.0 0.1353361619076174 0.0 0.0 0.0 0.16466383809238277 0.35 0.35 0.0 0.0 
0.0 0.0 0.18597186800459528 0.0 0.0 0.21498778356071246 0.0 0.1790802507134512 0.3170538733106629 0.10290622441057815 0.0 
0.0 0.0 0.18934767876045563 0.0 0.0 0.0 0.0 0.34156485742786213 0.34122183589903243 0.0 0.12786562791264988 
0.0 0.0 0.1716486098111465 0.0 0.0 0.26307394059541334 0.0 0.1278631757390418 0.3214775586255321 0.11593671522886631 0.0 
