-0.01611301372473826 3.490790714687223E-4 
-0.01068362787200786 4.5695520106025084E-5 
-0.01611301372473826 3.490790714687223E-4 
-0.011446152221099685 4.9367635379338156E-5 
-0.014515001042721814 1.6175112946008286E-4 
-0.015213291209676147 2.121583057148497E-4 
-0.014227898589487892 1.2491450770855733E-4 
-0.01166521438173414 4.9611337849597524E-5 
-0.01136225209343792 4.76475426450409E-5 
-0.015278685397533503 2.1973727849326964E-4 
-0.012740429187219435 5.941149478379787E-5 
-0.013831495612710945 9.746168692190227E-5 
-0.015732119169665715 3.032227104200054E-4 
-0.012878695394572579 6.196886581433742E-5 
-0.01437456771010463 1.3908360661554802E-4 
-0.012540614780395675 5.703959090264968E-5 
-0.016008928787242666 3.301721226918091E-4 
-0.01605141131439152 3.3734879027552493E-4 
-0.015597291186005557 2.702847470499538E-4 
-0.015624247138489136 2.7557193098110737E-4 
-0.015474737789034314 2.4578551630850977E-4 
-0.011184261543412604 4.7017348459269605E-5 
-0.011849679116450847 5.14282823254624E-5 
-0.01305452464671299 6.545516877260951E-5 
-0.014577293567430805 1.6711693434938137E-4 
-0.015000545459446957 1.929562083717371E-4 
-0.015863264243700534 3.112223717636212E-4 
-0.012940975130560374 6.352235079973284E-5 
-0.010912275835145209 4.6114222814397405E-5 
-0.014181414712606782 1.1980677736686356E-4 
-0.0156478547116946 2.8228223048973734E-4 
-0.010792646294045437 4.603659983862528E-5 
-0.01597075463703699 3.2435889805188276E-4 
-0.0159152338813494 3.1697799004387395E-4 
-0.015574231912669736 2.635331484803176E-4 
-0.014966203134066682 1.91085413930464E-4 
-0.015374030036730555 2.310923040852197E-4 
-0.01198268096320573 5.155404674989743E-5 
-0.013981664460988405 1.0960057391263268E-4 
-0.012281997869582752 5.419624990514078E-5 
-0.012410957323647477 5.5565976689242436E-5 
-0.015145195252127354 2.0411170023688747E-4 
-0.014331829267344446 1.3482228831896873E-4 
-0.013926524724291683 1.0277658221526413E-4 
-0.011753175158882198 4.9868542982218145E-5 
-0.015529717603477728 2.5473051513324747E-4 
-0.015492494031267451 2.512529312073737E-4 
-0.014120463034851613 1.1764652653922599E-4 
-0.015171773597823245 2.076655255403704E-4 
-0.015079734483835806 1.9866290813715944E-4 
-0.013229791796904486 7.15540199463824E-5 
-0.014423747500252737 1.5399934295689171E-4 
-0.013464568569209018 7.995475321823105E-5 
-0.015395848396014683 2.346523276300726E-4 
-0.015555073094184437 2.5982973873269193E-4 
-0.01569951474033865 2.963824543209601E-4 
-0.014654186466350881 1.7375835043504804E-4 
-0.01533174321943372 2.2556848984685066E-4 
-0.013735843563766609 9.265636801800825E-5 
-0.014392782127481647 1.4651941405250564E-4 
-0.013666085577785016 9.075020235341295E-5 
-0.0146766183403263 1.794944298530512E-4 
-0.013772234455302415 9.543822042506163E-5 
-0.012165029423088069 5.301206702102618E-5 
-0.01566305979744663 2.8661990657937884E-4 
-0.013379623989054932 7.834854953906622E-5 
-0.013589108485911763 8.560391303018733E-5 
-0.013631702918545624 8.804397596476011E-5 
-0.01402882005651817 1.0960759055190383E-4 
-0.012060868420207746 5.220006081517636E-5 
-0.01566363938824914 2.914974188337255E-4 
-0.015092110151029388 1.9966009593865822E-4 
-0.01544347154279171 2.39194407383684E-4 
-0.014553499116330174 1.6517241888762386E-4 
-0.015314884297446528 2.2343790869883492E-4 
-0.015900575581186564 3.152416840490322E-4 
-0.012349251748850822 5.52557861879434E-5 
-0.014307001090334275 1.3068532725971457E-4 
-0.01574456432472241 3.1042371713251114E-4 
-0.014423747500252737 1.5399934295689171E-4 
-0.013926524724291683 1.0277658221526413E-4 
-0.01608245499227829 3.4306426483226833E-4 
-0.011113574941599463 4.678048440721123E-5 
-0.013333947475595203 7.737489252894358E-5 
-0.013126473258792537 6.766334116006089E-5 
-0.011023918484155511 4.6388662238938096E-5 
-0.01598338947905308 3.262163392036152E-4 
-0.013126473258792537 6.766334116006089E-5 
-0.01573345702702665 3.099669201016422E-4 
-0.013517854997064881 8.213814335217252E-5 
-0.014890403600955116 1.8630747050742998E-4 
-0.01611147690474031 3.4876737525558186E-4 
-0.014411623122843241 1.4754458694995928E-4 
-0.013536775226881091 8.377577654047392E-5 
-0.01264134168129435 5.765539903986772E-5 
-0.012649654791753095 5.8257843716585605E-5 
-0.014753284135961579 1.8183433884243547E-4 
-0.015441018309437138 2.387115633062304E-4 
-0.014307001090334275 1.3068532725971457E-4 
-0.013263295566045354 7.179545363799242E-5 
