0.0 0.30000000000000027 0.0 0.0 0.0 0.0 0.0 0.35 0.35 0.0 0.0 
0.0 0.18330027724647308 0.0 0.0 0.3240869392393541 0.0 0.10014141830492687 0.2529458317825998 0.139525533426646 0.0 0.0 
0.0 0.30000000000000027 0.0 0.0 0.0 0.0 0.0 0.35 0.35 0.0 0.0 
0.0 0.2315023528907729 0.0 0.0 0.16322714243961695 0.0 0.10146180607360486 0.34418966899302905 0.15961902960297614 0.0 0.0 
0.0 0.21794063437448696 0.0 0.0 0.1610509871590802 0.0 0.10349921168880664 0.35 0.16750916677762606 0.0 0.0 
0.0 0.2691210524506039 0.0 0.0 0.12041695436471028 0.0 0.0 0.35 0.2604619931846858 0.0 0.0 
0.0 0.2294443319664517 0.0 0.0 0.10386426642194274 0.0 0.10551764510336996 0.35 0.21117375650823564 0.0 0.0 
0.0 0.18974298526334743 0.0 0.0 0.25638467997767656 0.0 0.10078243871353433 0.3319458029171117 0.12114409312833001 0.0 0.0 
0.0 0.1979034244209993 0.0 0.0 0.2587925901054351 0.0 0.10329580335288796 0.31026407989347826 0.12974410222719934 0.0 0.0 
0.0 0.19841605325839884 0.0 0.0 0.25048223577176243 0.0 0.10043892486761996 0.3421989280192295 0.10846385808298933 0.0 0.0 
0.0 0.258706194120112 0.0 0.0 0.0 0.0 0.10106737780826838 0.35 0.29022642807161964 0.0 0.0 
0.0 0.3044045142120776 0.0 0.0 0.0 0.0 0.13755963552769213 0.35 0.20803585026023025 0.0 0.0 
0.0 0.32175716832689794 0.0 0.0 0.0 0.0 0.1575097716746636 0.35 0.1707330599984385 0.0 0.0 
0.0 0.18384857223172718 0.0 0.0 0.3136727118948719 0.0 0.10001248757050958 0.2643913617631798 0.13807486653971152 0.0 0.0 
0.0 0.2300180920578304 0.0 0.0 0.18059524303185018 0.0 0.1059453717454206 0.35 0.13344129316489878 0.0 0.0 
0.0 0.3368724397406354 0.0 0.0 0.0 0.0 0.0 0.35 0.3131275602593646 0.0 0.0 
0.0 0.2824966557108902 0.0 0.0 0.0 0.0 0.11892543423650036 0.35 0.24857791005260937 0.0 0.0 
0.0 0.28436722152828486 0.0 0.0 0.13315596289578502 0.0 0.0 0.35 0.2324768155759302 0.0 0.0 
0.0 0.23155162272405794 0.0 0.0 0.10803727323991025 0.0 0.10802066250569452 0.35 0.20239044153033736 0.0 0.0 
0.0 0.1829534335799129 0.0 0.0 0.3237830630573615 0.0 0.1002207143758293 0.2615738872604724 0.1314689017264239 0.0 0.0 
0.0 0.3139710078492401 0.0 0.0 0.0 0.0 0.1398746744665915 0.35 0.19615431768416847 0.0 0.0 
0.0 0.2523851907891767 0.0 0.0 0.0 0.0 0.1139734294707226 0.35 0.2836413797401007 0.0 0.0 
0.0 0.18988583506760962 0.0 0.0 0.26974451890741163 0.0 0.10004678053075546 0.2954920996062736 0.1448307658879497 0.0 0.0 
0.0 0.2435322829646012 0.0 0.0 0.12819577648762148 0.0 0.10870336610552189 0.35 0.1695685744422555 0.0 0.0 
0.0 0.23248231652992182 0.0 0.0 0.16889536272772704 0.0 0.11053268136794812 0.35 0.13808963937440297 0.0 0.0 
0.0 0.19838943605872356 0.0 0.0 0.10236785548889189 0.0 0.11057685515793642 0.35 0.23866585329444812 0.0 0.0 
0.0 0.2385691915941083 0.0 0.0 0.1096363005613632 0.0 0.11337052385502569 0.35 0.18842398398950277 0.0 0.0 
0.0 0.2142560871510499 0.0 0.0 0.0 0.0 0.10103502484634967 0.35 0.33470888800260046 0.0 0.0 
0.0 0.20579807452980864 0.0 0.0 0.20818388654101252 0.0 0.10208951274009957 0.35 0.13392852618907938 0.0 0.0 
0.0 0.19538491857821064 0.0 0.0 0.2181065594324646 0.0 0.1037811139770075 0.35 0.1327274080123173 0.0 0.0 
0.0 0.2036328279994905 0.0 0.0 0.20170960758590012 0.0 0.10533664641009188 0.35 0.13932091800451754 0.0 0.0 
0.0 0.24147549107121263 0.0 0.0 0.0 0.0 0.1064234143127787 0.35 0.30210109461600876 0.0 0.0 
0.0 0.23379734120200746 0.0 0.0 0.10086553543023065 0.0 0.10110182436604657 0.35 0.21423529900171545 0.0 0.0 
0.0 0.27023749774316586 0.0 0.0 0.11574474893133793 0.0 0.10508784335414037 0.35 0.15892990997135584 0.0 0.0 
0.0 0.1856890903506884 0.0 0.0 0.30777963052752016 0.0 0.10026837060252958 0.270312828753797 0.13595007976546492 0.0 0.0 
0.0 0.24204998606565764 0.0 0.0 0.0 0.0 0.10133057364561485 0.35 0.3066194402887275 0.0 0.0 
0.0 0.22919518427290844 0.0 0.0 0.0 0.0 0.10057035436994873 0.35 0.32023446135714284 0.0 0.0 
0.0 0.3150546313125189 0.0 0.0 0.0 0.0 0.1459361372763077 0.35 0.18900923141117346 0.0 0.0 
0.0 0.19145820167293665 0.0 0.0 0.2828162520659643 0.0 0.10137072966339902 0.2991646078178856 0.12519020877981443 0.0 0.0 
0.0 0.23699479406982688 0.0 0.0 0.122156050397351 0.0 0.10909723545823279 0.35 0.18175192007458943 0.0 0.0 
0.0 0.3276920154082209 0.0 0.0 0.0 0.0 0.14707975880477406 0.35 0.17522822578700517 0.0 0.0 
0.0 0.28887581298222526 0.0 0.0 0.0 0.0 0.12157649946963764 0.35 0.23954768754813716 0.0 0.0 
0.0 0.22846468824759236 0.0 0.0 0.1888410197796032 0.0 0.10030049994451491 0.35 0.1323937920282897 0.0 0.0 
0.0 0.21836025379604154 0.0 0.0 0.0 0.0 0.10024610735952955 0.35 0.331393638844429 0.0 0.0 
0.0 0.220638353756038 0.0 0.0 0.0 0.0 0.10443714467901895 0.35 0.324924501564943 0.0 0.0 
0.0 0.18721241261961044 0.0 0.0 0.28867466554475074 0.0 0.10092074262015176 0.2902281244862034 0.1329640547292837 0.0 0.0 
0.0 0.19337145638996323 0.0 0.0 0.2536668292806612 0.0 0.10155643325428977 0.3158210837059 0.1355841973691859 0.0 0.0 
0.0 0.29451283138425594 0.0 0.0 0.0 0.0 0.10203688949866999 0.35 0.2534502791170742 0.0 0.0 
0.0 0.2600729202912814 0.0 0.0 0.0 0.0 0.11582742576019668 0.35 0.274099653948522 0.0 0.0 
0.0 0.2838384645869651 0.0 0.0 0.12833813769080016 0.0 0.0 0.35 0.2378233977222347 0.0 0.0 
0.0 0.20177376198236557 0.0 0.0 0.23102266345776118 0.0 0.10172010299853686 0.3454208778982523 0.12006259366308415 0.0 0.0 
0.0 0.2615218029661295 0.0 0.0 0.12768971501308188 0.0 0.10585579775120597 0.35 0.15493268426958257 0.0 0.0 
0.0 0.28159260978372297 0.0 0.0 0.0 0.0 0.10370734720194391 0.35 0.26470004301433314 0.0 0.0 
0.0 0.23145551868672976 0.0 0.0 0.17066762529543733 0.0 0.10104551109417186 0.34910674979977824 0.14772459512388272 0.0 0.0 
0.0 0.23165699285986438 0.0 0.0 0.0 0.0 0.10127755359419983 0.35 0.31706545354593574 0.0 0.0 
0.0 0.34607091737393436 0.0 0.0 0.0 0.0 0.0 0.35 0.30392908262606577 0.0 0.0 
0.0 0.2925567904143007 0.0 0.0 0.0 0.0 0.128829655884266 0.35 0.22861355370143338 0.0 0.0 
0.0 0.19250852885417588 0.0 0.0 0.2819500933042611 0.0 0.10080709629158856 0.30482233487675015 0.11991194667322433 0.0 0.0 
0.0 0.35 0.0 0.0 0.0 0.0 0.0 0.35 0.2999999999999999 0.0 0.0 
0.0 0.21381200750381926 0.0 0.0 0.10719554293102614 0.0 0.10149852191731237 0.35 0.2274939276478422 0.0 0.0 
0.0 0.30462004913358093 0.0 0.0 0.0 0.0 0.12906038082738794 0.35 0.21631957003903104 0.0 0.0 
0.0 0.21755846947646137 0.0 0.0 0.0 0.0 0.10501021226998601 0.35 0.32743131825355254 0.0 0.0 
0.0 0.20444860520165234 0.0 0.0 0.2208286035650038 0.0 0.1030685703368946 0.35 0.12165422089644937 0.0 0.0 
0.0 0.2648536279622516 0.0 0.0 0.0 0.0 0.12002769145475801 0.35 0.2651186805829904 0.0 0.0 
0.0 0.31230517179604017 0.0 0.0 0.0 0.0 0.0 0.35 0.3376948282039599 0.0 0.0 
0.0 0.294420336408251 0.0 0.0 0.0 0.0 0.10524977612792603 0.35 0.250329887463823 0.0 0.0 
0.0 0.26353289182871426 0.0 0.0 0.12636352984517046 0.0 0.0 0.35 0.26010357832611536 0.0 0.0 
0.0 0.19372654301783462 0.0 0.0 0.24757257291501358 0.0 0.10094155319107956 0.3486603821612565 0.10909894871481582 0.0 0.0 
0.0 0.24699552513971845 0.0 0.0 0.10392793549238664 0.0 0.11043366304554443 0.35 0.18864287632235055 0.0 0.0 
0.0 0.23333193216902257 0.0 0.0 0.0 0.0 0.10585022104476936 0.35 0.310817846786208 0.0 0.0 
0.0 0.23438984576098865 0.0 0.0 0.0 0.0 0.10247232286380746 0.35 0.31313783137520396 0.0 0.0 
0.0 0.21794568031090678 0.0 0.0 0.21695182956508124 0.0 0.10335265290865875 0.34450303050781833 0.11724680670753501 0.0 0.0 
0.0 0.2497699125034696 0.0 0.0 0.0 0.0 0.10466207257146225 0.35 0.29556801492506807 0.0 0.0 
0.0 0.30663498214047874 0.0 0.0 0.0 0.0 0.0 0.35 0.3433650178595213 0.0 0.0 
0.0 0.2207182273744571 0.0 0.0 0.10016350901343066 0.0 0.10400259270048218 0.35 0.2251156709116301 0.0 0.0 
0.0 0.18368463641371052 0.0 0.0 0.30203745544831384 0.0 0.10034649775538973 0.28717908797093694 0.12675232241164897 0.0 0.0 
0.0 0.24972109443379403 0.0 0.0 0.0 0.0 0.10283935518920331 0.35 0.29743955037700265 0.0 0.0 
0.0 0.19424849695606136 0.0 0.0 0.2947407731412975 0.0 0.10127244571598744 0.2725405350475654 0.1371977491390882 0.0 0.0 
0.0 0.23907633273705384 0.0 0.0 0.14108231895725504 0.0 0.10516681402463177 0.35 0.16467453428105938 0.0 0.0 
0.0 0.18543404178009618 0.0 0.0 0.3057718374949405 0.0 0.10005038550199115 0.2773930127342444 0.13135072248872784 0.0 0.0 
0.0 0.2557462719857508 0.0 0.0 0.0 0.0 0.1138215611119154 0.34884430754643114 0.2815878593559025 0.0 0.0 
0.0 0.21389428609432537 0.0 0.0 0.1022672333042489 0.0 0.10170426387233157 0.35 0.23213421672909423 0.0 0.0 
0.0 0.2678478362198264 0.0 0.0 0.132981445194264 0.0 0.0 0.35 0.24917071858590967 0.0 0.0 
0.0 0.2634499477609661 0.0 0.0 0.0 0.0 0.1103700633337422 0.35 0.2761799889052917 0.0 0.0 
0.0 0.27773338140430087 0.0 0.0 0.0 0.0 0.1353714702816832 0.35 0.2368951483140159 0.0 0.0 
0.0 0.32929413580233236 0.0 0.0 0.0 0.0 0.0 0.35 0.32070586419766767 0.0 0.0 
0.0 0.25360717465198823 0.0 0.0 0.1114143989428279 0.0 0.10760652665442974 0.34908424602285104 0.178287653727903 0.0 0.0 
0.0 0.2653345476208073 0.0 0.0 0.1053841285704376 0.0 0.11077312409682853 0.35 0.16850819971192654 0.0 0.0 
0.0 0.195392100642519 0.0 0.0 0.28758710714816105 0.0 0.10273342964913999 0.28002233434404333 0.13426502821613664 0.0 0.0 
0.0 0.19372654301783457 0.0 0.0 0.24757257291501353 0.0 0.10094155319107953 0.34866038216125644 0.10909894871481579 0.0 0.0 
0.0 0.1840656733307563 0.0 0.0 0.2952912060109815 0.0 0.1016433176682433 0.29281384188654797 0.12618596110347088 0.0 0.0 
0.0 0.23841079984618993 0.0 0.0 0.14725642333332944 0.0 0.10422505481963575 0.35 0.1601077220008449 0.0 0.0 
0.0 0.27125302995053896 0.0 0.0 0.12835501048761805 0.0 0.0 0.3487959380177479 0.251596021544095 0.0 0.0 
0.0 0.24620230649107017 0.0 0.0 0.13768681713014494 0.0 0.10344709287192168 0.35 0.16266378350686325 0.0 0.0 
0.0 0.24588429264616507 0.0 0.0 0.14250252142699227 0.0 0.1068866162145922 0.35 0.15472656971225046 0.0 0.0 
0.0 0.3153054896668561 0.0 0.0 0.0 0.0 0.0 0.35 0.3346945103331439 0.0 0.0 
0.0 0.29447103742778796 0.0 0.0 0.0 0.0 0.1320202801584901 0.35 0.22350868241372204 0.0 0.0 
0.0 0.1946473329647933 0.0 0.0 0.2611357807048699 0.0 0.10215234870026643 0.31720881143124047 0.1248557261988299 0.0 0.0 
0.0 0.24493424119182775 0.0 0.0 0.10456473597956964 0.0 0.10619655308094275 0.3483461620150425 0.19595830773261744 0.0 0.0 
0.0 0.2148105337248866 0.0 0.0 0.22747507036196704 0.0 0.10001302738683332 0.3477473792830567 0.10995398924325644 0.0 0.0 
