-0.009338167922768205 1.67527067321194E-5 
-0.01697906808176168 3.893414627240799E-4 
-0.012204569211322916 5.755619415908876E-5 
-0.012424840681751386 6.042328530298288E-5 
-0.016203361638250636 2.6797854528483165E-4 
-0.013461324011663158 8.732083133299243E-5 
-0.015765009809724794 2.21515850072903E-4 
-0.01612844977866292 2.5871173654129617E-4 
-0.010465042767028705 2.1229328654781202E-5 
-0.009443386830012708 1.7629091250835444E-5 
-0.010719486714650235 2.3293914268146117E-5 
-0.012119549619289167 5.236508010375557E-5 
-0.016334345219338447 2.8846829669985094E-4 
-0.012563173839591777 6.286994150256418E-5 
-0.015972533908671045 2.4407108882986436E-4 
-0.010924732267873001 2.571686599912233E-5 
-0.015556200926424102 2.0508501590129648E-4 
-0.016858772154711224 3.616160984668564E-4 
-0.01643877965604997 2.978371623526635E-4 
-0.011726011889334123 4.061888455172009E-5 
-0.016309290682650083 2.8138576005552507E-4 
-0.015423440476184321 1.9466553543690364E-4 
-0.01492032646828423 1.586630975087825E-4 
-0.009726563227031328 1.7635648637048034E-5 
-0.013797127439656826 1.0016543327658086E-4 
-0.016058931252488428 2.5415919465217584E-4 
-0.01546653645797084 2.0137750860197605E-4 
-0.015643083283436075 2.1095441938495646E-4 
-0.015900283348658523 2.3425880001771152E-4 
-0.010034638154679835 1.8914559064652336E-5 
-0.015674183343337547 2.161426708040865E-4 
-0.014725959851010198 1.4362384583169896E-4 
-0.01583951019901218 2.2907005910973547E-4 
-0.016555650154071875 3.1393917036112647E-4 
-0.014804754929872602 1.52661658669474E-4 
-0.013659467099217242 9.42926693254804E-5 
-0.015162421149045714 1.7900329473778513E-4 
-0.016621200961426774 3.2997050199593225E-4 
-0.014693410990385217 1.4170051822002668E-4 
-0.013262556128519442 8.243606496323016E-5 
-0.013269438693836436 8.396866257131419E-5 
-0.015053886267730961 1.7026529414594446E-4 
-0.013124044905037961 7.637812857838532E-5 
-0.016408637397618032 2.951599440597353E-4 
-0.0160184828622107 2.468837928785195E-4 
-0.01651060478584985 3.0818096651692527E-4 
-0.016974582365639816 3.818820726093338E-4 
-0.0142967996144705 1.2377495818101337E-4 
-0.014552705165245912 1.373537594097611E-4 
-0.01355647216031034 9.118278688285478E-5 
-0.011993857309844338 4.912063496952568E-5 
-0.016917642367758567 3.718989074159812E-4 
-0.011091606538950294 2.7848059837791062E-5 
-0.010215372700690792 1.9778226129077404E-5 
-0.011850955193753955 4.523879324398962E-5 
-0.011320535222990508 3.226661431789451E-5 
-0.009906015233049703 1.831277049720869E-5 
-0.016671960972796246 3.337640013482244E-4 
-0.011181176420238815 3.0388866013767548E-5 
-0.01672954959457375 3.403826910227613E-4 
-0.016948820564123668 3.7670208480320214E-4 
-0.01079305607251541 2.4155278188474984E-5 
-0.014455370581664635 1.3362505184501465E-4 
-0.011484982371160513 3.5359927183303257E-5 
-0.014052920198284673 1.1542012117487446E-4 
-0.011618636910973324 3.863147327869472E-5 
-0.0141953475106098 1.1988944637396312E-4 
-0.012974807583556867 7.254447112097261E-5 
-0.016760670521215864 3.4852828611145383E-4 
-0.014192542913801058 1.172090408789554E-4 
-0.014051567567981935 1.1206631921373404E-4 
-0.012840546876091437 6.913169247193301E-5 
-0.01681413102717839 3.54719326106572E-4 
-0.011390253997954666 3.323405764017342E-5 
-0.01309810044807064 7.599268343617023E-5 
-0.013902502963301191 1.0481836351927824E-4 
-0.015252775642037066 1.8480039789116692E-4 
-0.012797382159923112 6.788615171657953E-5 
-0.010346049616163115 2.0710987908828795E-5 
-0.015211734856293959 1.8449978680257494E-4 
-0.015336944809386275 1.9011938429719006E-4 
-0.01658625304260709 3.20877287452638E-4 
-0.014419294244890586 1.2886354788370217E-4 
-0.01294709722913814 7.187570325669473E-5 
-0.01385462501245998 1.0203116372511331E-4 
-0.011541204752572958 3.7924535606229024E-5 
-0.016261060821416207 2.74439472345363E-4 
-0.009793170412572402 1.7878012340053357E-5 
-0.016682082610944258 3.3969821842987113E-4 
-0.015333034738756107 1.890562086629102E-4 
-0.012668960116146566 6.711684202351474E-5 
-0.015009638573875914 1.636679740681813E-4 
-0.016256107232340097 2.7430096000641724E-4 
-0.01660735456079393 3.214597995594132E-4 
-0.01682776621354155 3.581849827985207E-4 
-0.014843277861856624 1.543709584230037E-4 
-0.01677990101249214 3.493654961568352E-4 
-0.015009638587757003 1.6366797414492482E-4 
-0.013986948904451563 1.0730091330396664E-4 
-0.011952617466329751 4.7058983201788725E-5 
