0.0 0.30073354588455187 0.0 0.0 0.0 0.0 0.0 0.34999787376961083 0.34926858034583746 0.0 0.0 
0.11937070843030392 0.0 0.0 0.0 0.0 0.11360390834411571 0.3256180789550277 0.10298392249192831 0.10930470160400527 0.0 0.20571294015647568 
0.0 0.27940285009373667 0.0 0.0 0.0 0.0 0.0 0.35 0.35 0.0 0.0 
0.0 0.19190259239811017 0.0 0.0 0.0 0.0 0.10921873308757099 0.35 0.34882734785521696 0.0 0.0 
0.0 0.0 0.0 0.0 0.0 0.0 0.17834239787082673 0.35 0.35 0.0 0.12165631440429037 
0.0 0.10734779001642687 0.0 0.0 0.0 0.0 0.2086834479904708 0.35 0.33127781503994036 0.0 0.0 
0.0 0.10827444769577466 0.0 0.0 0.0 0.0 0.19172475173176257 0.35 0.35 0.0 0.0 
0.0 0.0 0.0 0.0 0.0 0.10214415357917275 0.22056704678906286 0.3431053884566993 0.16405835649076386 0.0 0.17012505468430125 
0.0 0.0 0.0 0.0 0.0 0.0 0.25191138326950424 0.35 0.2618898659381944 0.0 0.13580641789655112 
0.0 0.0 0.0 0.0 0.0 0.10048662431041328 0.22688274378992723 0.3177746532970449 0.18720450154852117 0.0 0.16765147705409345 
0.0 0.0 0.0 0.0 0.0 0.10556340385547093 0.2476994729459442 0.33154445248103975 0.13509811729335705 0.0 0.18009455342418812 
0.0 0.2879096381707402 0.0 0.0 0.0 0.0 0.0 0.35 0.35 0.0 0.0 
0.11810935599995342 0.0 0.0 0.0 0.0 0.10966715251663654 0.3250304558169476 0.12679135394439084 0.11445250198143202 0.0 0.20594917974063942 
0.0 0.0 0.0 0.0 0.0 0.1094767130229914 0.31114512193609656 0.2845282328732431 0.11002844936670408 0.0 0.1848214828009648 
0.0 0.0 0.0 0.0 0.0 0.0 0.2634615688301691 0.35 0.22741526109976448 0.0 0.14969609938186126 
0.0 0.17479650195937715 0.0 0.0 0.0 0.0 0.12248841640732934 0.35 0.35 0.0 0.0 
0.0 0.0 0.0 0.0 0.0 0.0 0.22323680418132302 0.35 0.2858090345908134 0.0 0.1399766141596949 
0.0 0.0 0.0 0.0 0.0 0.0 0.2384986656187752 0.34800227578186904 0.2518715243914266 0.0 0.16162753420792914 
0.0 0.2960018412434517 0.0 0.0 0.0 0.0 0.0 0.35 0.35 0.0 0.0 
0.0 0.0 0.0 0.0 0.0 0.12910174632068103 0.32151106516887357 0.22518685116138637 0.1111153745131968 0.0 0.21308496283586226 
0.0 0.0 0.0 0.0 0.0 0.0 0.25098541587608714 0.3490746398729149 0.27405479492462276 0.0 0.12588514932637512 
0.10587249871070228 0.0 0.0 0.0 0.0 0.10589668795575993 0.2704744677577541 0.2173588189455832 0.10345080572646013 0.0 0.19694672090374046 
0.0 0.0 0.0 0.0 0.0 0.0 0.26370603910343043 0.349140695863014 0.2386267888927747 0.0 0.148526476140781 
0.0 0.0 0.0 0.0 0.0 0.0 0.22515296345777205 0.34958847049672787 0.31438380038382974 0.0 0.11087476566167041 
0.0 0.0 0.0 0.0 0.0 0.10146303044276252 0.20504956832119306 0.35 0.18667866919159604 0.0 0.15616072935208092 
0.0 0.1352294644198559 0.0 0.0 0.0 0.0 0.16524043861051638 0.35 0.347828179252832 0.0 0.0 
0.1063905718652661 0.0 0.0 0.0 0.0 0.10546222564653336 0.3318357405580571 0.14654171512238062 0.11201886828482498 0.0 0.19775087852293793 
0.0 0.0 0.0 0.0 0.0 0.1152502076795262 0.2675073645029337 0.31628438463099456 0.12811632888736219 0.0 0.1728417142991834 
0.0 0.0 0.0 0.0 0.0 0.10798462505399307 0.24551237907383433 0.3429410654434044 0.13088132175104292 0.0 0.17268060867772508 
0.0 0.1442599020455018 0.0 0.0 0.0 0.0 0.15493030178208345 0.35 0.35 0.0 0.0 
0.0 0.0 0.0 0.0 0.0 0.0 0.2106441134616741 0.35 0.2962071198890797 0.0 0.14098444764611034 
0.0 0.0 0.0 0.0 0.0 0.0 0.30808452560900457 0.3473672600990673 0.18122968293318212 0.0 0.16331853135874605 
0.0 0.0 0.0 0.0 0.0 0.0 0.29478095277784105 0.3490846611888426 0.19751432403691296 0.0 0.15862006199640324 
0.10309071177763796 0.0 0.0 0.0 0.0 0.105497500125653 0.30001220073757423 0.16680927394923445 0.11999027573594863 0.0 0.20176514234040543 
0.0 0.0 0.0 0.0 0.0 0.1218345668318015 0.3147727441337389 0.24056829816773376 0.12605778355857986 0.0 0.19676660730814607 
0.0 0.15578304510040472 0.0 0.0 0.0 0.0 0.144415398054733 0.35 0.3496740433153621 0.0 0.0 
0.0 0.0 0.0 0.0 0.0 0.12594121036287395 0.3316317947810086 0.23236049534018788 0.11114807811040783 0.0 0.1978264557350127 
0.0 0.11015402763002133 0.0 0.0 0.0 0.0 0.19075849930559297 0.35 0.33993793058560934 0.0 0.0 
0.11374054927296115 0.0 0.0 0.0 0.0 0.10886536039566513 0.33603836786840624 0.11852950834790746 0.11315257751586859 0.0 0.20967363659919153 
0.0 0.0 0.0 0.0 0.0 0.10928815385998994 0.2782734149079345 0.31729775167233776 0.11355490164848701 0.0 0.18158577791125077 
0.0 0.0 0.0 0.0 0.0 0.1000977523764251 0.2875891893343123 0.3317360260140619 0.10523537653154716 0.0 0.17067603916257426 
0.0 0.0 0.0 0.0 0.0 0.0 0.20493355736211827 0.35 0.3228585039623477 0.0 0.12212039575612489 
0.11937890200089873 0.0 0.0 0.0 0.0 0.10840899608485015 0.33986039704391724 0.10513876194582314 0.11522245546607388 0.0 0.2119904874584367 
0.0 0.0 0.0 0.0 0.0 0.0 0.3416990824030684 0.3490685401384964 0.13543898373578298 0.0 0.17379339372265223 
0.0 0.0 0.0 0.0 0.0 0.12333630377341245 0.2539780683818134 0.32860340836720947 0.1369978113029859 0.0 0.15708440817457872 
0.0 0.0 0.0 0.0 0.0 0.10690054272594647 0.283404319250595 0.3079918124961974 0.11627112025859372 0.0 0.1854322052686674 
0.0 0.10982261804404622 0.0 0.0 0.0 0.0 0.19312577623088173 0.35 0.3439518095576965 0.0 0.0 
0.0 0.0 0.0 0.0 0.0 0.0 0.21509646400899332 0.35 0.3060428367589255 0.0 0.12767997930152628 
0.10861980529713743 0.0 0.0 0.0 0.0 0.1069833057675846 0.2851389231688514 0.18234638811801193 0.11747716861675053 0.0 0.1994344090316641 
0.0 0.0 0.0 0.0 0.0 0.0 0.22866802402560701 0.3486258582698814 0.2806626990387811 0.0 0.14204341866573056 
0.10080277959861797 0.0 0.0 0.0 0.0 0.10793257650281615 0.2856577225638046 0.20666317964115893 0.1092261107127124 0.0 0.18971763098088992 
0.0 0.0 0.0 0.0 0.0 0.10705569738890322 0.31523059685194593 0.2758147543733076 0.114489722767256 0.0 0.1874092286185874 
0.0 0.0 0.0 0.0 0.0 0.10724704778657955 0.3063496916095 0.2500896308332383 0.11499371882685883 0.0 0.22131991094382336 
0.10791926771931908 0.0 0.0 0.0 0.0 0.1074115513172323 0.30019083179732764 0.15237231904963913 0.1348964978040773 0.0 0.19720953231240457 
0.0 0.0 0.0 0.0 0.0 0.11781641418332978 0.3191065225015638 0.2694653633548816 0.1000648708653243 0.0 0.1935468290949006 
0.0 0.0 0.0 0.0 0.0 0.0 0.28595756212103696 0.34818746574778037 0.210421603126937 0.0 0.15344275630316237 
0.0 0.17824610756827938 0.0 0.0 0.0 0.0 0.12196252591522114 0.34989568325824977 0.34989568325824977 0.0 0.0 
0.0 0.0 0.0 0.0 0.0 0.0 0.16642616381792277 0.35 0.3404075751005444 0.0 0.14265710205000198 
0.10358912425857492 0.0 0.0 0.0 0.0 0.1108181098922461 0.2776449756370647 0.1919186528998564 0.11146256803376778 0.0 0.20456656927849018 
0.0 0.0 0.0 0.0 0.0 0.10196983135615265 0.28751474859313636 0.2835985598784692 0.13415684666541297 0.0 0.1927600135068288 
0.0 0.0 0.0 0.0 0.0 0.11381829012807483 0.32533509787669895 0.23430266427903226 0.11657603455339309 0.0 0.209967913162801 
0.0 0.0 0.0 0.0 0.0 0.0 0.3324537944110438 0.34507835578956286 0.1561612974756689 0.0 0.1663065523237245 
0.0 0.2830213095453204 0.0 0.0 0.0 0.0 0.0 0.35 0.35 0.0 0.0 
0.0 0.0 0.0 0.0 0.0 0.10488784769636793 0.2978467541029197 0.29136565170791223 0.11321223745181754 0.0 0.19268750904098245 
0.11925800456118618 0.0 0.0 0.0 0.0 0.11579756689538806 0.3221984894599146 0.11915322309039011 0.11067246143227329 0.0 0.2054324587624365 
0.0 0.0 0.0 0.0 0.0 0.0 0.3142644975276184 0.3469965234678428 0.1720596315449943 0.0 0.1666793474595445 
0.10010810205520439 0.0 0.0 0.0 0.0 0.10115918479375671 0.3235032281076772 0.15557424004735468 0.11255514602974227 0.0 0.19710293020755293 
0.10268465906393903 0.0 0.0 0.0 0.0 0.11158036773198647 0.27998071460414203 0.20864552566658184 0.11308859208127732 0.0 0.1840201408520733 
0.1065856803472607 0.0 0.0 0.0 0.0 0.10565563164476152 0.33244429041803747 0.13927021576611412 0.11222429843678886 0.0 0.19811353165136147 
0.0 0.0 0.0 0.0 0.0 0.10087516248581432 0.22172061932736403 0.35 0.15869211046796025 0.0 0.1686749368110762 
0.0 0.0 0.0 0.0 0.0 0.0 0.31679337692426124 0.3484893816607496 0.16368980792228946 0.0 0.17102743349269967 
0.10590070500212025 0.0 0.0 0.0 0.0 0.10656785225151583 0.3284688310865365 0.15730127998105903 0.11295789164631714 0.0 0.18880344003245114 
0.0 0.0 0.0 0.0 0.0 0.10621137877024989 0.3053270293439815 0.25866742429214307 0.13645188079618695 0.0 0.19334228679743862 
0.0 0.0 0.0 0.0 0.0 0.0 0.2827463706155217 0.35 0.21835437255871035 0.0 0.14480984184950188 
0.0 0.0 0.0 0.0 0.0 0.12710334687777428 0.3073764621643552 0.25874698064004215 0.10488638618946469 0.0 0.2018868241283637 
0.0 0.19155301818171006 0.0 0.0 0.0 0.0 0.10907975911861932 0.35 0.3482473002124818 0.0 0.0 
0.0 0.0 0.0 0.0 0.0 0.0 0.31587640069670614 0.33796878830069105 0.17476582235836197 0.0 0.1713889886442409 
0.0 0.0 0.0 0.0 0.0 0.0 0.20431925597727368 0.35 0.3218907150426323 0.0 0.12175433209531505 
0.0 0.0 0.0 0.0 0.0 0.0 0.2130054118811158 0.35 0.3030676529130411 0.0 0.1275461633860096 
0.0 0.0 0.0 0.0 0.0 0.0 0.17640390286526322 0.35 0.34095416558760505 0.0 0.12636309568064602 
0.0 0.0 0.0 0.0 0.0 0.0 0.33078311889092793 0.34653658108099517 0.1318952879645834 0.0 0.1907850120634935 
0.0 0.0 0.0 0.0 0.0 0.116828165718215 0.3305512059060055 0.23997736881892723 0.10207507090845169 0.0 0.21056818864840068 
0.0 0.0 0.0 0.0 0.0 0.11008006306166856 0.22762947949645632 0.3426797044553221 0.1392599194033082 0.0 0.18035083358324497 
0.0 0.0 0.0 0.0 0.0 0.0 0.20619528138930504 0.34802812986707654 0.33682642112697303 0.0 0.10895016761664533 
0.10666715899693392 0.0 0.0 0.0 0.0 0.10573639932545502 0.3326984250427505 0.13937667987164265 0.11231008748713185 0.0 0.19826497810259539 
0.0 0.0 0.0 0.0 0.0 0.10191563558167976 0.20369317339729232 0.3462250219290134 0.186320694439954 0.0 0.16184547465206048 
0.10705856026494742 0.0 0.0 0.0 0.0 0.105017041664881 0.30465003241298433 0.1768134888287382 0.11232151790484708 0.0 0.194139358923602 
0.0 0.0 0.0 0.0 0.0 0.0 0.20619528138930507 0.3480281298670766 0.3368264211269731 0.0 0.10895016761664535 
0.0 0.13546000620433232 0.0 0.0 0.0 0.0 0.16552214367936632 0.35 0.3484211634037354 0.0 0.0 
0.0 0.0 0.0 0.0 0.0 0.10481407172789477 0.30131017528123005 0.2552644196632971 0.13465673251559124 0.0 0.20395460081198688 
0.0 0.0 0.0 0.0 0.0 0.10229140126736022 0.2974112295323293 0.30767983763850504 0.10564594320034727 0.0 0.18697158836145827 
0.0 0.0 0.0 0.0 0.0 0.10195255872777206 0.21632576422192606 0.35 0.1662228996899554 0.0 0.1643972518320344 
0.10175575618708459 0.0 0.0 0.0 0.0 0.10342689242111758 0.2909628349723413 0.19644467121341075 0.10894313125392584 0.0 0.19846671395211993 
0.0 0.0 0.0 0.0 0.0 0.0 0.2955754559894964 0.35 0.18735004131553376 0.0 0.16572192569895505 
0.0 0.15556443799634423 0.0 0.0 0.0 0.0 0.14525168728981563 0.35 0.349183353009976 0.0 0.0 
0.13232975267514996 0.0 0.0 0.0 0.0 0.11241898320265392 0.33778198141265287 0.10012935082551386 0.11022484865623565 0.0 0.20711508322779373 
0.13232975267514996 0.0 0.0 0.0 0.0 0.11241898320265392 0.33778198141265287 0.10012935082551386 0.11022484865623565 0.0 0.20711508322779373 
0.0 0.0 0.0 0.0 0.0 0.0 0.2830143977268148 0.3457494340560354 0.21843114288434734 0.0 0.1528050253328025 
0.10433833737933633 0.0 0.0 0.0 0.0 0.10450119553106219 0.3111352525018496 0.17722851668693154 0.11351684898682743 0.0 0.18927984891399294 
0.0 0.0 0.0 0.0 0.0 0.10157413053453239 0.27476701290724065 0.30952353755237083 0.1563165668699703 0.0 0.15349657800495267 
