0.10327655258012053 0.0 0.0 0.0 0.0 0.11508088469766077 0.30449025133330476 0.10296609212905258 0.10099802551310823 0.0 0.18952658270198025 
0.0 0.0 0.0 0.0 0.0 0.0 0.1500078171210238 0.35 0.35 0.0 0.1499914770192228 
0.0 0.0 0.0 0.0 0.0 0.11163727935333263 0.3437355963774419 0.22804105596474053 0.10426857229089755 0.0 0.20555807944971957 
0.0 0.0 0.0 0.0 0.0 0.1117277852237212 0.3403267838216878 0.2376643056286974 0.10446213752792342 0.0 0.20581898779797023 
0.0 0.0 0.0 0.0 0.0 0.0 0.25828049938219216 0.35 0.2555085156942684 0.0 0.13540893459288839 
0.0 0.0 0.0 0.0 0.0 0.11241177873948256 0.28740818547962027 0.3004408788014481 0.1008642176719685 0.0 0.19887493930748068 
0.0 0.0 0.0 0.0 0.0 0.0 0.2855958215494104 0.34933106871162156 0.20169391776074846 0.0 0.16337919197821976 
0.0 0.0 0.0 0.0 0.0 0.0 0.27154003892463713 0.34986569890702823 0.2458015365572176 0.0 0.13279272561111694 
0.12216938380863049 0.0 0.0 0.0 0.0 0.1089543262065167 0.3263534270936095 0.12725651096621063 0.10132746776698118 0.0 0.21393888415805157 
0.10275522777334155 0.0 0.0 0.0 0.0 0.11406982167036402 0.30404401226522426 0.1045170493623222 0.10774625952625927 0.0 0.1854509089843978 
0.11222339245050027 0.0 0.0 0.0 0.0 0.11212271904629027 0.32645100592842113 0.13940945719511696 0.10892896561166081 0.0 0.20086445976801043 
0.10166407410334788 0.0 0.0 0.0 0.0 0.11302958672761602 0.26475782508243356 0.21576871377036375 0.12116838644029397 0.0 0.18361141387594487 
0.0 0.0 0.0 0.0 0.0 0.0 0.27345857699901577 0.34860108772127496 0.27426434444316405 0.0 0.10367599083654525 
0.0 0.0 0.0 0.0 0.0 0.1149272838479017 0.33345254030684546 0.24751193605293573 0.10319062365192118 0.0 0.20091761614039588 
0.0 0.0 0.0 0.0 0.0 0.0 0.2736959347823083 0.3462909860723606 0.2339016072190815 0.0 0.14611147192624968 
0.10451113728748909 0.0 0.0 0.0 0.0 0.11624565135797835 0.31018768238212463 0.15105482744356583 0.11209658077844643 0.0 0.2059041207503956 
0.0 0.0 0.0 0.0 0.0 0.0 0.2976728128939936 0.3471318972088344 0.18042186948287373 0.0 0.17477342041429828 
0.0 0.0 0.0 0.0 0.0 0.0 0.19103290946085183 0.34992977575059286 0.3357483505484358 0.0 0.12328896424011954 
0.0 0.0 0.0 0.0 0.0 0.0 0.23132019790768027 0.349738184728413 0.28425462967282933 0.0 0.13468698769107748 
0.1005084480049586 0.0 0.0 0.0 0.0 0.10399844092001456 0.29632797622603935 0.19671421532609829 0.10595568042215825 0.0 0.19649523910073086 
0.0 0.0 0.0 0.0 0.0 0.0 0.2439878074698721 0.35 0.2687194562977677 0.0 0.13631071136884051 
0.0 0.0 0.0 0.0 0.0 0.0 0.3166877433816747 0.3479383189875195 0.16240802868224669 0.0 0.1729659089485591 
0.0 0.0 0.0 0.0 0.0 0.10143823890854836 0.20415682347791933 0.35 0.17196087519916367 0.0 0.16952268937281118 
0.12108250770395079 0.0 0.0 0.0 0.0 0.1206125580814264 0.32025685809118554 0.10157587418604869 0.1000132993015891 0.0 0.20923100152576693 
0.0 0.0 0.0 0.0 0.0 0.1117648330024182 0.26004213360307077 0.30914993922613043 0.12351402338166047 0.0 0.19552907078672002 
0.0 0.0 0.0 0.0 0.0 0.0 0.27607238222794367 0.3462365726431762 0.24486152986278856 0.0 0.13282951526609144 
0.0 0.0 0.0 0.0 0.0 0.0 0.28637397520565955 0.34745197726917426 0.1683498554551198 0.0 0.1978241920700462 
0.0 0.0 0.0 0.0 0.0 0.0 0.30191163755669753 0.35 0.18592994103245694 0.0 0.16153417603469306 
0.0 0.0 0.0 0.0 0.0 0.0 0.28229866596879716 0.35 0.21769525735844908 0.0 0.14947586905667826 
0.1237604616009759 0.0 0.0 0.0 0.0 0.12328011821103697 0.32733990515915046 0.10382240436847062 0.10793859532984415 0.0 0.213858515330522 
0.0 0.0 0.0 0.0 0.0 0.0 0.2817838956213976 0.34572123520454007 0.19791594829566753 0.0 0.17457892087839488 
0.0 0.0 0.0 0.0 0.0 0.10506625042899972 0.23702163664156586 0.35 0.1478572350041449 0.0 0.16004511327643994 
0.0 0.0 0.0 0.0 0.0 0.0 0.281942820098381 0.34816611669023523 0.2134219190046749 0.0 0.1564691442067088 
0.0 0.0 0.0 0.0 0.0 0.0 0.22690086453456992 0.34990205940168195 0.29845683063196615 0.0 0.12474024543178203 
0.0 0.0 0.0 0.0 0.0 0.10565352901939068 0.20857850723281615 0.3427614391427671 0.17523186871792232 0.0 0.16563671087721119 
0.0 0.0 0.0 0.0 0.0 0.11212331294850661 0.27897875265347016 0.3039352457459909 0.11790227739619721 0.0 0.1870604112558351 
0.0 0.0 0.0 0.0 0.0 0.0 0.3398959524667649 0.34394850293410345 0.1385724077427686 0.0 0.1775831368563631 
0.0 0.0 0.0 0.0 0.0 0.0 0.20389620977028344 0.34635275920824654 0.31380836720447086 0.0 0.13594266381699915 
0.0 0.0 0.0 0.0 0.0 0.10422785644641151 0.2323783480499571 0.35 0.14369457659394774 0.0 0.1691030835642186 
0.0 0.0 0.0 0.0 0.0 0.11210926055322541 0.3202941681545652 0.28713108372897655 0.10447683963597774 0.0 0.1759886479272551 
0.0 0.0 0.0 0.0 0.0 0.11040259410030634 0.32800397872882886 0.2862237476019423 0.10610867602470993 0.0 0.16926100354421256 
0.0 0.0 0.0 0.0 0.0 0.11204943187145489 0.1965918216701509 0.35 0.19420531348858086 0.0 0.14640707557322052 
0.0 0.0 0.0 0.0 0.0 0.11383424271157384 0.30104051018333244 0.2807963695265074 0.10154559206009008 0.0 0.20278328551849623 
0.0 0.0 0.0 0.0 0.0 0.0 0.24496389602256735 0.35 0.28160682107607615 0.0 0.122017391777668 
0.0 0.0 0.0 0.0 0.0 0.0 0.2735590080859811 0.35 0.23269647728069734 0.0 0.14287231233072034 
0.0 0.0 0.0 0.0 0.0 0.0 0.22903197904423095 0.35 0.29331876969684917 0.0 0.12700175323918614 
0.0 0.0 0.0 0.0 0.0 0.0 0.1771481389264442 0.35 0.35 0.0 0.12272313124877059 
0.0 0.0 0.0 0.0 0.0 0.11319581850803048 0.24279794913581007 0.3246448018224351 0.15400203622696365 0.0 0.1653593943067606 
0.0 0.0 0.0 0.0 0.0 0.11160032100261097 0.2193532377063924 0.3341380668716053 0.16435213719101632 0.0 0.17055623722837512 
0.0 0.0 0.0 0.0 0.0 0.10160720424867418 0.28336183103310464 0.2995088553539306 0.10662267848530768 0.0 0.20889943087898297 
0.10306634880562754 0.0 0.0 0.0 0.0 0.11203295768618222 0.28084492682519335 0.20572741931535093 0.126339269147698 0.0 0.17198907821994797 
0.0 0.0 0.0 0.0 0.0 0.0 0.18346586607865278 0.35 0.3429971265061944 0.0 0.12338913788505088 
0.10067489941857456 0.0 0.0 0.0 0.0 0.11450419387280894 0.3086071637534619 0.1627492730529795 0.10655535364601887 0.0 0.20690911625615627 
0.11026081135199708 0.0 0.0 0.0 0.0 0.12313076701857993 0.32824504517200254 0.11733201716964071 0.10460711096218572 0.0 0.21263173691015808 
0.10461324654446642 0.0 0.0 0.0 0.0 0.11082818078685786 0.27379775905127923 0.20422334626431798 0.11077278365011031 0.0 0.19576468370296818 
0.10382320794018597 0.0 0.0 0.0 0.0 0.1103806141573222 0.2961738777297022 0.17375048185575998 0.1088988852711774 0.0 0.2069729330458521 
0.12297006052161658 0.0 0.0 0.0 0.0 0.12418264403621908 0.32670486109548524 0.1036614735109309 0.10262070986838667 0.0 0.21035833229983678 
0.0 0.0 0.0 0.0 0.0 0.0 0.20632401239663023 0.34859720790575827 0.31544374331394803 0.0 0.12963503638366342 
0.10380608559369901 0.0 0.0 0.0 0.0 0.11584684422533008 0.29781697904239357 0.15766225058576314 0.12963058381961573 0.0 0.19523725673319833 
0.0 0.0 0.0 0.0 0.0 0.0 0.20477320090028794 0.35 0.3196611259691531 0.0 0.12555741614289603 
0.0 0.0 0.0 0.0 0.0 0.0 0.19281879643187472 0.34966851870085147 0.3475936171520503 0.0 0.1099190677152236 
0.11320597660959758 0.0 0.0 0.0 0.0 0.1043488126223484 0.32930928333514037 0.140630071910794 0.10988270505706284 0.0 0.20262315046505688 
0.0 0.0 0.0 0.0 0.0 0.10381654992435685 0.24019269779357064 0.34498292121760216 0.13412479954467105 0.0 0.1668524367208612 
0.10407390549692735 0.0 0.0 0.0 0.0 0.11100217108768884 0.295955597880902 0.18148075407403644 0.11358246746357961 0.0 0.1939051039968658 
0.0 0.0 0.0 0.0 0.0 0.14002904787108328 0.22957363021737548 0.32550333090227435 0.1414686415222838 0.0 0.16342534948698312 
0.10115209445307376 0.0 0.0 0.0 0.0 0.1143132064107845 0.29327276911272937 0.19473253042339542 0.10441548968521364 0.0 0.19211390991480345 
0.0 0.0 0.0 0.0 0.0 0.12313536096218512 0.23626894420287278 0.3235073301944958 0.15102523812833624 0.0 0.16606312651211 
0.0 0.0 0.0 0.0 0.0 0.1101780674277168 0.31659258709295535 0.26606895878747616 0.1115822075888302 0.0 0.19557817910302153 
0.0 0.0 0.0 0.0 0.0 0.0 0.21379419573280348 0.35 0.32618897780577466 0.0 0.10760061429521015 
0.0 0.0 0.0 0.0 0.0 0.10108531352362625 0.260697455812762 0.3374229456654835 0.10516096885113832 0.0 0.19563331614699003 
0.0 0.0 0.0 0.0 0.0 0.10312073796238225 0.29562346335179135 0.32894187542049313 0.10755311675105698 0.0 0.16476080651427635 
0.0 0.0 0.0 0.0 0.0 0.10921044927157689 0.3168440605816235 0.25823111455881004 0.11066651548457958 0.0 0.2050478601034099 
0.0 0.0 0.0 0.0 0.0 0.0 0.2093449371554834 0.35 0.3311094389409122 0.0 0.10876830826796076 
0.10019473009988704 0.0 0.0 0.0 0.0 0.10695130998833716 0.31952864152815663 0.17886524687994348 0.1042901990093884 0.0 0.1901698724942872 
0.0 0.0 0.0 0.0 0.0 0.10352976360656542 0.307636475694286 0.2713588356862989 0.11070723470444327 0.0 0.2067676903084064 
0.0 0.0 0.0 0.0 0.0 0.10218469590658465 0.29812869561750843 0.32069645942655733 0.10570776355055513 0.0 0.1732823854987946 
0.0 0.0 0.0 0.0 0.0 0.0 0.3478840765035286 0.3485266893861616 0.14030690450715824 0.0 0.1632823296031516 
0.0 0.0 0.0 0.0 0.0 0.11323008774705684 0.32573983353762764 0.26141277703211957 0.1016667494399667 0.0 0.19795055224322933 
0.10509161837094746 0.0 0.0 0.0 0.0 0.1198260647379301 0.3325827955887918 0.12033230767923117 0.10783474750635748 0.0 0.21433246611674198 
0.0 0.0 0.0 0.0 0.0 0.0 0.35 0.34751251843730796 0.14055024607940222 0.0 0.15884954614125255 
0.0 0.0 0.0 0.0 0.0 0.0 0.3195354663264409 0.35 0.14969804744306886 0.0 0.17841906428571228 
0.0 0.0 0.0 0.0 0.0 0.0 0.227068539578417 0.35 0.3040792363995902 0.0 0.11692097816569356 
0.0 0.0 0.0 0.0 0.0 0.11273268309217463 0.23136757587543 0.3337251775550995 0.14957211690039848 0.0 0.17260244657689736 
0.0 0.0 0.0 0.0 0.0 0.11139918385814326 0.32504784012005294 0.26995431432271333 0.10093282862422445 0.0 0.19266583307486596 
0.0 0.0 0.0 0.0 0.0 0.10995149054841605 0.27440508762651344 0.3198425412248101 0.10694107602731355 0.0 0.1888598045729468 
0.10940906003957716 0.0 0.0 0.0 0.0 0.10484559047357177 0.29039236906226973 0.1863441609002697 0.10610041078818984 0.0 0.2029084087361218 
0.0 0.0 0.0 0.0 0.0 0.0 0.2492366906883511 0.35 0.2619942594403353 0.0 0.13853586604732493 
0.12191167674014255 0.0 0.0 0.0 0.0 0.1214385089180371 0.32244996653758917 0.10227146243654239 0.10069818709059176 0.0 0.21066380855269717 
0.0 0.0 0.0 0.0 0.0 0.0 0.2168344548590593 0.35 0.31905762395172116 0.0 0.10913074820965277 
0.0 0.0 0.0 0.0 0.0 0.0 0.33433250555747634 0.3474227440610609 0.15246975836185211 0.0 0.16577499201961057 
0.0 0.0 0.0 0.0 0.0 0.11072208306472617 0.3036971317632473 0.24914830469239668 0.10935416514189104 0.0 0.22707831533773865 
0.0 0.0 0.0 0.0 0.0 0.10447836029714469 0.20632315660243317 0.35 0.18240870042108365 0.0 0.15678978043635763 
0.0 0.0 0.0 0.0 0.0 0.0 0.24907074991718134 0.35 0.2618198247319723 0.0 0.13844362943327315 
0.0 0.0 0.0 0.0 0.0 0.0 0.2201715059950269 0.35 0.3046311540697555 0.0 0.12517761257735555 
0.0 0.0 0.0 0.0 0.0 0.0 0.19433422938635866 0.3488395752697819 0.3342304255755007 0.0 0.12259576976835877 
0.0 0.0 0.0 0.0 0.0 0.11348502487343402 0.1950705130062014 0.3482570792988218 0.17182476523949206 0.0 0.1713626175820507 
0.0 0.0 0.0 0.0 0.0 0.0 0.2143120190405747 0.35 0.3269790285125628 0.0 0.1078612299111841 
0.0 0.0 0.0 0.0 0.0 0.10447836053148765 0.20632315706521206 0.35 0.18240870083022287 0.0 0.15678978078803413 
0.0 0.0 0.0 0.0 0.0 0.1064361635465271 0.26346273549215293 0.3179043565955431 0.12480411870659139 0.0 0.18739262565918552 
0.10100351072200123 0.0 0.0 0.0 0.0 0.10896390380086415 0.27461044160440673 0.2081843301579706 0.1134149140685796 0.0 0.1938228996461777 
