0.10496951738389297 0.0 0.0 0.11973884172397606 0.0 0.11051863834246022 0.27323907932101066 0.0 0.10479267169313287 0.0 0.18830527691289417 
0.0 0.0 0.0 0.0 0.0 0.0 0.15736682642765185 0.35 0.35 0.0 0.1426320065974567 
0.11644525800628444 0.0 0.0 0.0 0.0 0.11112138317779133 0.28361865157309535 0.10143223893640561 0.10425095565406173 0.0 0.18970476212649418 
0.11670980774362813 0.0 0.0 0.10571184358803126 0.0 0.11606522467922646 0.30164136513708323 0.0 0.14347494105899472 0.0 0.21639681779303616 
0.11078580225761649 0.0 0.0 0.12603848260400496 0.0 0.11509739701544353 0.28731907796104467 0.0 0.11060332037982787 0.0 0.20093327551883108 
0.0 0.0 0.0 0.0 0.0 0.0 0.2285043609194753 0.35 0.2775632721495806 0.0 0.14381504151868638 
0.0 0.0 0.0 0.0 0.0 0.1032793003681198 0.29499302974184183 0.2968416964978176 0.12567150393488755 0.0 0.1792144694573331 
0.0 0.0 0.0 0.0 0.0 0.0 0.17765289929631603 0.35 0.3383227188728977 0.0 0.13121030248627494 
0.10166680992588929 0.0 0.0 0.0 0.0 0.12905204201725087 0.2985744679003861 0.16234370538017784 0.10959918332099827 0.0 0.1987637914552975 
0.12412699876085996 0.0 0.0 0.10669696970511415 0.0 0.12238821702329321 0.3194419768618131 0.0 0.1229977009641884 0.0 0.20434813668473112 
0.0 0.0 0.0 0.0 0.0 0.0 0.19218144928973355 0.35 0.3301740629927215 0.0 0.12764444494235624 
0.0 0.0 0.0 0.0 0.0 0.0 0.1705494317175348 0.35 0.34223286901866473 0.0 0.1372145523123543 
0.10716933245048572 0.0 0.0 0.0 0.0 0.10722221368129542 0.3261604797456208 0.14368562047847092 0.11118406811599296 0.0 0.2045782855281343 
0.0 0.0 0.0 0.0 0.0 0.10788004600658788 0.31697290547109075 0.24729081553443027 0.1252173764873488 0.0 0.20263885650054228 
0.0 0.0 0.0 0.0 0.0 0.10247956945440848 0.27511958926682273 0.3090654996568543 0.12357467866224962 0.0 0.18976066295966493 
0.0 0.0 0.0 0.0 0.0 0.12883850359473406 0.30329697264886596 0.25428857184916126 0.11222226938789683 0.0 0.20135368251934194 
0.0 0.0 0.0 0.0 0.0 0.10389040685873364 0.31532838704961474 0.27901929688541227 0.11044028088597552 0.0 0.1913216283202639 
0.0 0.0 0.0 0.0 0.0 0.13068551958633923 0.3076450079260375 0.2435981268774485 0.11383107669619702 0.0 0.2042402689139779 
0.0 0.0 0.0 0.0 0.0 0.0 0.301782533300051 0.35 0.20955975798233634 0.0 0.13829333923296158 
0.0 0.0 0.0 0.0 0.0 0.10431328195877783 0.3276465422151602 0.2636857417794131 0.11296136768709329 0.0 0.19063402884555844 
0.10141365876370141 0.0 0.0 0.11248372705543311 0.0 0.11111563866811489 0.3093452362530931 0.0 0.10346528084026335 0.0 0.18393471819192647 
0.0 0.0 0.0 0.0 0.0 0.0 0.32994653603944707 0.34387309233090535 0.14810579356294615 0.0 0.1780745780667013 
0.10135516875163064 0.0 0.0 0.0 0.0 0.10827703320206747 0.2924498983151139 0.2037892573785007 0.10563231472737535 0.0 0.18849632762531188 
0.10306428836856227 0.0 0.0 0.0 0.0 0.10577009510266808 0.2720255964033944 0.22302151593415007 0.10343337266046944 0.0 0.19268513153075575 
0.0 0.0 0.0 0.0 0.0 0.0 0.24931686039954362 0.35 0.2585489343905157 0.0 0.14153677662726874 
0.0 0.0 0.0 0.0 0.0 0.0 0.32240059593964204 0.34791209023086417 0.1496981593294472 0.0 0.17998915450004668 
0.0 0.0 0.0 0.0 0.0 0.10324858190679763 0.3093451383582559 0.2680724252626505 0.11809951673645568 0.0 0.19494479090113104 
0.10207149152603304 0.0 0.0 0.0 0.0 0.12264625914260259 0.32490428753863776 0.13803396802320864 0.10997599759161653 0.0 0.20236799617790147 
0.101385932736202 0.0 0.0 0.0 0.0 0.12228277805622093 0.2734822939107184 0.2148744713512514 0.10840057603960199 0.0 0.17957394790600537 
0.0 0.0 0.0 0.0 0.0 0.11213074100828839 0.2572275266493774 0.32820614490209155 0.11036633444893958 0.0 0.19206925299130306 
0.0 0.0 0.0 0.0 0.0 0.0 0.3203199532871625 0.35 0.18345468957053984 0.0 0.14473173782522125 
0.0 0.0 0.0 0.0 0.0 0.0 0.2479251553224715 0.3485011575407948 0.2667591827245604 0.0 0.13681450441217344 
0.0 0.0 0.0 0.0 0.0 0.0 0.1627746378216398 0.3490873301275017 0.35 0.0 0.13543805548910748 
0.0 0.0 0.0 0.0 0.0 0.0 0.2987900522491045 0.3462235500066747 0.20338146345665867 0.0 0.1516049342875622 
0.0 0.0 0.0 0.0 0.0 0.0 0.31327719884709 0.35 0.1742030503778037 0.0 0.16230518383726075 
0.0 0.0 0.0 0.0 0.0 0.10581362898075336 0.24457527442584623 0.33421093605128277 0.13014234113578724 0.0 0.1852578194063304 
0.10867946241658674 0.0 0.0 0.0 0.0 0.10246603103474904 0.3091794608150723 0.17386269398758575 0.11028306428341786 0.0 0.19552928746258838 
0.0 0.0 0.0 0.0 0.0 0.10733520477394334 0.28746442704329767 0.29676798381455693 0.11466719924810355 0.0 0.19376518512009838 
0.0 0.0 0.0 0.0 0.0 0.0 0.2229112958870494 0.3490282088429518 0.3002462411776149 0.0 0.12781425409238378 
0.0 0.0 0.0 0.0 0.0 0.0 0.3116973292102899 0.35 0.15494320995934655 0.0 0.18335212215278848 
0.0 0.0 0.0 0.0 0.0 0.0 0.19889713928808106 0.34928778288680107 0.3268977914107421 0.0 0.1249172864143757 
0.0 0.0 0.0 0.0 0.0 0.0 0.28963064705054015 0.34279707389481 0.23021291716689257 0.0 0.13735936188775727 
0.0 0.0 0.0 0.0 0.0 0.10533495998144182 0.19882130433896683 0.3486508360753661 0.19507428070777574 0.0 0.1521186188964495 
0.10424757183640604 0.0 0.0 0.0 0.0 0.10404974978310397 0.29506314878384743 0.18362701239394952 0.10539096426149959 0.0 0.20762155294119342 
0.0 0.0 0.0 0.0 0.0 0.12806981959131897 0.22649391666905289 0.32648610610992623 0.16540846774845114 0.0 0.1535416898812508 
0.0 0.0 0.0 0.0 0.0 0.11164422366240316 0.2580519816143858 0.3175412854358042 0.11729652230409018 0.0 0.19546598698331674 
0.0 0.0 0.0 0.0 0.0 0.0 0.21642085459331808 0.34644729585829415 0.30752737495003357 0.0 0.12960447459835417 
0.11740267519114728 0.0 0.0 0.0 0.0 0.11959048093906713 0.3341737631423307 0.1050941134777252 0.1105704767724965 0.0 0.21316849047723319 
0.0 0.0 0.0 0.0 0.0 0.0 0.2918491309072717 0.3466556754758197 0.23066013609252464 0.0 0.13083505752438387 
0.0 0.0 0.0 0.0 0.0 0.0 0.22086294564418427 0.34874621529878647 0.3177533681942784 0.0 0.11263747086275092 
0.0 0.0 0.0 0.0 0.0 0.10231561714338101 0.24239899926112407 0.35 0.1458625145970132 0.0 0.15942277713506164 
0.0 0.0 0.0 0.0 0.0 0.0 0.25671759453911785 0.35 0.25267454270222284 0.0 0.1384409675006887 
0.10138448953313417 0.0 0.0 0.0 0.0 0.10906422875591694 0.3021187557518673 0.19195785500162332 0.10596390833616966 0.0 0.18951076262128858 
0.11653009856543428 0.0 0.0 0.0 0.0 0.11870164379668253 0.3316900700393431 0.10431301827038526 0.10478415529628998 0.0 0.21158414973008996 
0.0 0.0 0.0 0.0 0.0 0.0 0.2092671117822231 0.35 0.3086308337607072 0.0 0.12758162597734932 
0.11425049348905988 0.0 0.0 0.0 0.0 0.10081385057359094 0.29495417538313 0.19308409380014713 0.10699603725366155 0.0 0.18990134950041035 
0.0 0.0 0.0 0.0 0.0 0.0 0.27464608369331744 0.34759906722586037 0.24547615016301477 0.0 0.1322786989178075 
0.10333702403187647 0.0 0.0 0.0 0.0 0.10831117220983409 0.2739913534928598 0.21499449857532202 0.11047848584233891 0.0 0.18888746584776878 
0.0 0.0 0.0 0.0 0.0 0.0 0.23148284652272472 0.35 0.28296872493104036 0.0 0.13306721070003794 
0.11378209084943758 0.0 0.0 0.0 0.0 0.11590242679549197 0.32386816923424094 0.10185311321053532 0.10716059078645669 0.0 0.20659458151382004 
0.0 0.0 0.0 0.0 0.0 0.0 0.23122178020859868 0.35 0.28799746470478943 0.0 0.12686019589235895 
0.0 0.0 0.0 0.0 0.0 0.11669634172681646 0.21413672333390388 0.35 0.12211376695482576 0.0 0.19288512763179383 
0.0 0.0 0.0 0.0 0.0 0.10854751818845002 0.21254162010453828 0.3409108247923529 0.18660335734455874 0.0 0.15139667957009995 
0.0 0.0 0.0 0.0 0.0 0.10598963790196737 0.2610610132969433 0.3385333599400304 0.11113218920507996 0.0 0.18328379965597905 
0.0 0.0 0.0 0.0 0.0 0.0 0.26030245272472624 0.34177793309114757 0.25909085230777856 0.0 0.1388287618763475 
0.0 0.0 0.0 0.0 0.0 0.1074835022144214 0.17671252377376764 0.3487048933399552 0.2038376779210423 0.0 0.16326140275081338 
0.0 0.0 0.0 0.0 0.0 0.0 0.20642364636488722 0.35 0.3121497202254817 0.0 0.12903626111971392 
0.0 0.0 0.0 0.0 0.0 0.10731278967319974 0.24281144859582685 0.3232130372441024 0.1244262384195248 0.0 0.20223648606734626 
0.0 0.0 0.0 0.0 0.0 0.10820466385216046 0.22221637269951833 0.35 0.1619687679564446 0.0 0.15760216122338458 
0.0 0.0 0.0 0.0 0.0 0.10227381217563732 0.2000875168317077 0.34829405187889273 0.1858851088590253 0.0 0.16345951025473696 
0.0 0.0 0.0 0.0 0.0 0.1002400952324563 0.2508645540613119 0.3250030576314138 0.1263707910769794 0.0 0.19752150199783855 
0.12445913717448574 0.0 0.0 0.0 0.0 0.11221740493475431 0.33991659204242763 0.11049371911726007 0.11391096553704075 0.0 0.19900218119403157 
0.0 0.0 0.0 0.0 0.0 0.0 0.2194541753108877 0.34937845811390134 0.29381609900282607 0.0 0.137351267572385 
0.0 0.0 0.0 0.0 0.0 0.10217022362675623 0.29672880634633386 0.2891464091282431 0.11666188270403491 0.0 0.19529267819463195 
0.0 0.0 0.0 0.0 0.0 0.10246745558600258 0.34530310855458385 0.2316158406162005 0.1044232318047788 0.0 0.21382522273420893 
0.0 0.0 0.0 0.0 0.0 0.0 0.2762192959884807 0.35 0.23260710751130734 0.0 0.13658541846053765 
0.0 0.0 0.0 0.0 0.0 0.10247997588459981 0.2972345014549304 0.27665676584382787 0.12689084408745135 0.0 0.19673791272919047 
0.0 0.0 0.0 0.0 0.0 0.0 0.29518738574920794 0.3487968127355683 0.21549984349567874 0.0 0.14036445444000678 
0.10703156199366357 0.0 0.0 0.0 0.0 0.10620873230582309 0.3093964640812001 0.17102976571637277 0.10216499266240404 0.0 0.20416848324053657 
0.0 0.0 0.0 0.0 0.0 0.0 0.2479251553224715 0.3485011575407948 0.2667591827245604 0.0 0.13681450441217344 
0.0 0.0 0.0 0.0 0.0 0.10751167362499266 0.2165479489653776 0.35 0.15738039946006854 0.0 0.16853672242898718 
0.10803375248562219 0.0 0.0 0.0 0.0 0.11182963061458946 0.30791523201713655 0.10130069301099535 0.10748392540937775 0.0 0.1830246311807571 
0.11200879693488566 0.0 0.0 0.0 0.0 0.11409608744468665 0.318820683735138 0.10026573241549079 0.10549049295205438 0.0 0.20337480490888288 
0.0 0.0 0.0 0.0 0.0 0.0 0.3019454979995593 0.34662058054606004 0.19615212999510226 0.0 0.15528179145927848 
0.12180211356089811 0.0 0.0 0.10712531049871117 0.0 0.11883384925547552 0.31655917877565404 0.0 0.12491593033916593 0.0 0.21076361757009526 
0.11962079465062664 0.0 0.0 0.0 0.0 0.11821350342218229 0.3331065695779397 0.12163429276119726 0.10835321503097683 0.0 0.19907162455707728 
0.0 0.0 0.0 0.0 0.0 0.10367095467389696 0.3493587569925773 0.22498394723757156 0.10564970184361523 0.0 0.21633663925233887 
0.0 0.0 0.0 0.0 0.0 0.10532745855293668 0.21330935221110492 0.34214224565731327 0.1872773965682933 0.0 0.1519435470103518 
0.0 0.0 0.0 0.0 0.0 0.10495040466265577 0.20404612218471085 0.35 0.18095863554694436 0.0 0.15897256207516403 
0.0 0.0 0.0 0.0 0.0 0.10112997355215891 0.22708975062147693 0.34531745376405115 0.14596610365995596 0.0 0.18049671840235715 
0.0 0.0 0.0 0.0 0.0 0.10708869490251344 0.17606342512091194 0.34742403405688066 0.20308894342665426 0.0 0.16266171261948711 
0.0 0.0 0.0 0.0 0.0 0.0 0.2977657526038633 0.34429159289847505 0.17653843910291386 0.0 0.18140421539474774 
0.11639212003222443 0.0 0.0 0.10542409267568706 0.0 0.11574929154288804 0.30478040436036746 0.0 0.14184631243605192 0.0 0.21580777895278097 
0.11566930194993875 0.0 0.0 0.0 0.0 0.10429213306564349 0.31591023218831954 0.10269018129402667 0.10586608719326819 0.0 0.18494779819145063 
0.0 0.0 0.0 0.0 0.0 0.0 0.2342284737755962 0.34879210795421034 0.2929419326144063 0.0 0.12403748565578718 
0.0 0.0 0.0 0.0 0.0 0.0 0.20085662243403668 0.34469549868801325 0.32720505970516484 0.0 0.1272428191727852 
0.0 0.0 0.0 0.0 0.0 0.0 0.19889093415593867 0.34493552812946965 0.3257255085134026 0.0 0.13044802920118917 
0.0 0.0 0.0 0.0 0.0 0.10459591058452589 0.23688139075810627 0.3405078487781429 0.15311217502855073 0.0 0.16490267485067422 
0.0 0.0 0.0 0.0 0.0 0.10959457494268621 0.30693551327084684 0.2919490767170061 0.10646359060882515 0.0 0.18505724446063557 
0.0 0.0 0.0 0.0 0.0 0.10111888829651121 0.2311161827536383 0.3294447162798807 0.16262476100156423 0.0 0.17569545166840564 
