0.12038386962023727 0.0 0.0 0.10438033523096181 0.0 0.12231213913524833 0.26267623157686343 0.0 0.10843659376629333 0.0 0.19128524164529503 
0.0 0.3002954497088321 0.0 0.0 0.0 0.0 0.0 0.3497045502911473 0.35 0.0 0.0 
0.0 0.2787132956645296 0.0 0.0 0.0 0.0 0.0 0.35 0.35 0.0 0.0 
0.0 0.19168278570257158 0.0 0.0 0.0 0.0 0.10867029490636392 0.34964691939105097 0.35 0.0 0.0 
0.0 0.0 0.0 0.0 0.0 0.0 0.18213150475637996 0.35 0.35 0.0 0.11786590053882365 
0.0 0.10095125668999684 0.0 0.0 0.0 0.0 0.22001481639333378 0.35 0.32743173141097004 0.0 0.0 
0.12250156541436755 0.0 0.0 0.11450744725861808 0.0 0.11550361304188553 0.296974901751353 0.0 0.15107667020943605 0.0 0.1994358023243398 
0.11411610970960821 0.0 0.0 0.0 0.0 0.10677165199021119 0.3042937598365068 0.10297643794433753 0.10272042196252032 0.0 0.18976060343546147 
0.0 0.18663791279351996 0.0 0.0 0.0 0.0 0.1192226683538897 0.3480869560213613 0.3460524628312291 0.0 0.0 
0.0 0.0 0.0 0.0 0.0 0.12931624824656981 0.2919830625331191 0.2720897917381739 0.10193647819009025 0.0 0.20467441929204686 
0.0 0.14706505707318182 0.0 0.0 0.0 0.0 0.1530486386355318 0.3498863042766759 0.35 0.0 0.0 
0.10781994993804593 0.0 0.0 0.0 0.0 0.12609341358461976 0.28790214632090094 0.17320794830621764 0.11253381870693337 0.0 0.19244272314328228 
0.11963233598141731 0.0 0.0 0.101754860214724 0.0 0.12450409823753542 0.2954644818027431 0.0 0.11192441520315484 0.0 0.20213844785010188 
0.0 0.0 0.0 0.0 0.0 0.11657378786628404 0.32490740377619726 0.2239762437391076 0.12404052926712866 0.0 0.21050203535128245 
0.0 0.1326429391182577 0.0 0.0 0.0 0.0 0.16720039046946947 0.35 0.35 0.0 0.0 
0.0 0.0 0.0 0.0 0.0 0.10778272238727923 0.3306939027364378 0.24057795297066642 0.11457336614684352 0.0 0.20637205575877302 
0.10499456302446893 0.0 0.0 0.0 0.0 0.1340241532270935 0.2917130931616373 0.16434598770537726 0.10542812463874636 0.0 0.19949407824267662 
0.0 0.0 0.0 0.0 0.0 0.0 0.2969004055610444 0.3486096271682945 0.2003314258212636 0.0 0.1541585414493975 
0.1052929791917825 0.0 0.0 0.0 0.0 0.10612943616113939 0.30297826296093394 0.18953270396994915 0.10116501363254839 0.0 0.19490160408364665 
0.0 0.0 0.0 0.0 0.0 0.0 0.242727999413372 0.35 0.2730633393308117 0.0 0.1341754274342497 
0.0 0.11950002577157563 0.0 0.0 0.0 0.0 0.18044928281077297 0.35 0.34997602640651077 0.0 0.0 
0.0 0.0 0.0 0.0 0.0 0.0 0.1810159692697304 0.35 0.31460088391728364 0.0 0.15430943629610672 
0.10648080021431953 0.0 0.0 0.10462893268945946 0.0 0.11049211658511747 0.2846173029510714 0.0 0.1108240271347637 0.0 0.19484762113724766 
0.0 0.0 0.0 0.0 0.0 0.0 0.31028832609091456 0.33205746625723886 0.17094608756723556 0.0 0.18670812008461116 
0.11352672010729396 0.0 0.0 0.0 0.0 0.1190439094415013 0.314968575925048 0.10733250958631702 0.1012205248680555 0.0 0.20576944322835405 
0.0 0.0 0.0 0.0 0.0 0.10110910835287651 0.2862662908242293 0.3023554484030754 0.12221580053877985 0.0 0.18805335188103886 
0.0 0.0 0.0 0.0 0.0 0.10728842798993304 0.22555441115571617 0.3452746216578374 0.1305827141763748 0.0 0.19129982502013856 
0.0 0.0 0.0 0.0 0.0 0.10708628358205913 0.27138511235560187 0.32271001804552363 0.10202821187551192 0.0 0.1967903741413034 
0.1227013522747921 0.0 0.0 0.10436525247503706 0.0 0.1276980934307939 0.3030442494410429 0.0 0.11479569453634686 0.0 0.2073240541068067 
0.0 0.0 0.0 0.0 0.0 0.10729033842707303 0.2923315457651398 0.2739396269076835 0.10903388322584567 0.0 0.20967671186055584 
0.0 0.0 0.0 0.0 0.0 0.0 0.1828027872405396 0.34841580565172725 0.32532431853259214 0.0 0.14345708857514106 
0.1099923214093283 0.0 0.0 0.0 0.0 0.11105873927512547 0.2784095543016459 0.1903954194637908 0.12476026365337617 0.0 0.1853837018967335 
0.10529493161164308 0.0 0.0 0.0 0.0 0.10592855467918064 0.30000958126378224 0.18053712330142327 0.1014951015534065 0.0 0.20673470759056434 
0.0 0.0 0.0 0.0 0.0 0.0 0.2921750605077795 0.35 0.2132535378674753 0.0 0.1428902370007419 
0.0 0.0 0.0 0.0 0.0 0.11085963825033011 0.2508766521546773 0.3265670695806333 0.12335326980745129 0.0 0.18834337020690814 
0.0 0.0 0.0 0.0 0.0 0.0 0.3443150087755191 0.3350569639176158 0.15586579921647137 0.0 0.16476222809039376 
0.0 0.0 0.0 0.0 0.0 0.10387899039098855 0.20251078851465562 0.35 0.16792325784258713 0.0 0.17568693309243805 
0.0 0.0 0.0 0.0 0.0 0.10223367601925254 0.24862030943892688 0.34257134074830436 0.14496455785846957 0.0 0.1616101159350465 
0.0 0.0 0.0 0.0 0.0 0.10938088940743713 0.21271744243814872 0.35 0.15756449205097642 0.0 0.16848178343885756 
0.0 0.0 0.0 0.0 0.0 0.10319613897575239 0.2998176148363601 0.28849436594797484 0.1137765180602256 0.0 0.19471536217968707 
0.0 0.0 0.0 0.0 0.0 0.0 0.23985888559951293 0.349869078118684 0.3084088607396649 0.0 0.1018631755421382 
0.0 0.0 0.0 0.0 0.0 0.0 0.24710613022871802 0.34563887004641963 0.266744341913396 0.0 0.13518184659343052 
0.11674288470660958 0.0 0.0 0.0 0.0 0.10832524527684596 0.29275310832607726 0.10129313870065046 0.11226005617146799 0.0 0.19314215936457205 
0.0 0.0 0.0 0.0 0.0 0.11279424253556893 0.2940193701335959 0.2808689074334606 0.12088108619981669 0.0 0.191436393697558 
0.0 0.0 0.0 0.0 0.0 0.1025196594416336 0.26574901700231185 0.3255910958228914 0.10425322696954181 0.0 0.20188700076362134 
0.12885353946073008 0.0 0.0 0.10555416859872076 0.0 0.13001469412254535 0.30578792543162836 0.0 0.11945266903657707 0.0 0.2103370033497985 
0.0 0.0 0.0 0.0 0.0 0.10214160168156132 0.2669018146315816 0.3180094219431939 0.14873897186829485 0.0 0.16420818987536828 
0.1151600146663587 0.0 0.0 0.0 0.0 0.11410860835549723 0.3223703914142225 0.13806428532716372 0.11507284739017669 0.0 0.195223852846581 
0.0 0.0 0.0 0.0 0.0 0.10931127973979626 0.21067333545321404 0.33783972613642704 0.17120240254464286 0.0 0.17097325612591985 
0.11959880134991588 0.0 0.0 0.0 0.0 0.12038336512546076 0.3253912568253654 0.10352616829530145 0.10901940014938283 0.0 0.2026201004216485 
0.1029305655204004 0.0 0.0 0.0 0.0 0.10688804028068187 0.27588544449561814 0.22554086992359307 0.10024420041627162 0.0 0.18851087936343489 
0.0 0.0 0.0 0.0 0.0 0.12170510512367055 0.23911928894105836 0.3292714602474627 0.15424112094518785 0.0 0.15566302474262056 
0.0 0.0 0.0 0.0 0.0 0.0 0.3240713519257067 0.35 0.18673214809742822 0.0 0.13919259750763274 
0.1055317435139872 0.0 0.0 0.0 0.0 0.10833220704329974 0.3002547542219756 0.21025161933093475 0.10763699037575225 0.0 0.16799268551405047 
0.0 0.0 0.0 0.0 0.0 0.1043275087914258 0.2996033338212731 0.2807928982327745 0.1037969060460375 0.0 0.20719039894436503 
0.0 0.0 0.0 0.0 0.0 0.0 0.1780914576782445 0.35 0.33990028786682697 0.0 0.12552463079351261 
0.0 0.0 0.0 0.0 0.0 0.0 0.2422435015233624 0.3463772069887398 0.2725182905022279 0.0 0.13390760620373596 
0.0 0.0 0.0 0.0 0.0 0.10539941308224911 0.20625335234747297 0.3496411017879608 0.19201515698698415 0.0 0.14669097579533302 
0.0 0.0 0.0 0.0 0.0 0.0 0.2757291961060106 0.35 0.23617862677720147 0.0 0.13804959744802567 
0.0 0.0 0.0 0.0 0.0 0.10390954577687082 0.29150097166331695 0.2921770231295595 0.12103128525444498 0.0 0.19138117417580774 
0.0 0.10635383247903153 0.0 0.0 0.0 0.0 0.20310195431496533 0.35 0.3389015447528592 0.0 0.0 
0.0 0.0 0.0 0.0 0.0 0.0 0.26304253042767284 0.3481655060349486 0.25235367635535594 0.0 0.1364382871820225 
0.0 0.0 0.0 0.0 0.0 0.10919247859014332 0.3350192507171365 0.24372461928193384 0.10299232920874825 0.0 0.20907132220203814 
0.0 0.0 0.0 0.0 0.0 0.0 0.1952169789808243 0.3463117288174909 0.35 0.0 0.10708367003914308 
0.0 0.2847752216089882 0.0 0.0 0.0 0.0 0.0 0.35 0.35 0.0 0.0 
0.0 0.0 0.0 0.0 0.0 0.10699327648192511 0.28168409957355217 0.2801026683232568 0.15520300794891848 0.0 0.17601694767234724 
0.0 0.0 0.0 0.0 0.0 0.0 0.20804689439140425 0.35 0.29591835947296136 0.0 0.14540405864046227 
0.0 0.2945096992304448 0.0 0.0 0.0 0.0 0.0 0.35 0.35 0.0 0.0 
0.0 0.10391427794090789 0.0 0.0 0.0 0.0 0.194788296523966 0.35 0.35 0.0 0.0 
0.0 0.0 0.0 0.0 0.0 0.0 0.24040181398845362 0.35 0.28496425131174186 0.0 0.12462882294594389 
0.12506294708783358 0.0 0.0 0.0 0.0 0.12103290572405977 0.32929523566943514 0.10779268772321804 0.10319604137886272 0.0 0.21362018241659067 
0.10387125032205534 0.0 0.0 0.0 0.0 0.10867643249064166 0.2749249801314432 0.2172727231752877 0.1154647699012952 0.0 0.17670054845353006 
0.10800325258785029 0.0 0.0 0.0 0.0 0.12109025944355903 0.32688336633550474 0.13413180585156137 0.10985260073815037 0.0 0.20003871504337428 
0.0 0.1008018637430467 0.0 0.0 0.0 0.0 0.2170058042227999 0.35 0.3321841821956856 0.0 0.0 
0.0 0.0 0.0 0.0 0.0 0.0 0.28203927950481467 0.3398207050539422 0.2442041120091384 0.0 0.1339359034321047 
0.0 0.0 0.0 0.0 0.0 0.0 0.26599919215331547 0.3477009590115372 0.24773054879375506 0.0 0.13856930004139212 
0.0 0.0 0.0 0.0 0.0 0.0 0.20410190640687195 0.3474869951597548 0.30593448151944536 0.0 0.14247661691392796 
0.0 0.0 0.0 0.0 0.0 0.0 0.24039830296858705 0.35 0.284960089466492 0.0 0.1246270027671938 
0.0 0.18598904982736747 0.0 0.0 0.0 0.0 0.11714942975469382 0.34941066339800364 0.34745085701993506 0.0 0.0 
0.0 0.0 0.0 0.0 0.0 0.0 0.3178418979382043 0.35 0.16627931387650863 0.0 0.15964056476727592 
0.0 0.0 0.0 0.0 0.0 0.10539941308224911 0.20625335234747297 0.3496411017879608 0.19201515698698415 0.0 0.14669097579533302 
0.0 0.10876258861507031 0.0 0.0 0.0 0.0 0.19247034248833655 0.34942111904610124 0.3493459498504919 0.0 0.0 
0.0 0.14706505685620147 0.0 0.0 0.0 0.0 0.15304863840972324 0.34988630376045227 0.35 0.0 0.0 
0.0 0.0 0.0 0.0 0.0 0.0 0.30851399760349546 0.3445308052028582 0.18333942550775342 0.0 0.1636157716858929 
0.0 0.0 0.0 0.0 0.0 0.10387895586493387 0.20251072120654517 0.35 0.16792320203026587 0.0 0.1756868746997194 
0.0 0.10622762232047751 0.0 0.0 0.0 0.0 0.20318820506662297 0.35 0.33680036223167015 0.0 0.0 
0.12290008477323298 0.0 0.0 0.11501694118004176 0.0 0.11988093971644516 0.30968732070731086 0.0 0.136191780551899 0.0 0.19632293307107024 
0.0 0.2910736990760971 0.0 0.0 0.0 0.0 0.0 0.35 0.35 0.0 0.0 
0.0 0.28784895936458127 0.0 0.0 0.0 0.0 0.0 0.35 0.35 0.0 0.0 
0.10409387741938754 0.0 0.0 0.0 0.0 0.10097741042043139 0.2888370506498662 0.1983330986337819 0.11540360049930887 0.0 0.19235496237722402 
0.0 0.0 0.0 0.0 0.0 0.0 0.2735579279013909 0.33926996130710985 0.23865428037582048 0.0 0.14851783041567887 
0.0 0.0 0.0 0.0 0.0 0.0 0.20631628092291815 0.35 0.33330498071899567 0.0 0.11029817719658179 
0.11396038096178976 0.0 0.0 0.0 0.0 0.11803706456111537 0.32839495163232185 0.12305715244113495 0.1101654940681034 0.0 0.2063849563355347 
0.0 0.0 0.0 0.0 0.0 0.0 0.31823326875191177 0.34567444041829337 0.16251008972226152 0.0 0.17358220110753336 
0.12049662042629984 0.0 0.0 0.11864637484244617 0.0 0.11931409473686687 0.31200692707158834 0.0 0.13127796720750964 0.0 0.19825801571528912 
0.11133158848165224 0.0 0.0 0.0 0.0 0.11504509274346202 0.32240906416133164 0.12215325150158893 0.11943139116598506 0.0 0.20742733308458827 
0.12007842565153945 0.0 0.0 0.0 0.0 0.1188981689004609 0.3291773264406707 0.11661930921247364 0.11256997042447771 0.0 0.20087669305690586 
0.11081314390232955 0.0 0.0 0.0 0.0 0.11479067681918462 0.32069788076002936 0.14977326602035176 0.10833947202891026 0.0 0.1955855604691945 
0.0 0.0 0.0 0.0 0.0 0.0 0.2742432524968593 0.34987778837888484 0.2203698941320904 0.0 0.15077843560492288 
0.10450343901675747 0.0 0.0 0.0 0.0 0.12467375773512397 0.28632484812277814 0.20942604050713032 0.10967460217684724 0.0 0.16539731244136294 
