0.0 0.30000000000000016 0.0 0.0 0.0 0.0 0.0 0.35 0.35 0.0 0.0 
0.0 0.2376238106250513 0.0 0.0 0.2123751663144639 0.10000102306048485 0.0 0.35 0.1 0.0 0.0 
0.0 0.30000000000000016 0.0 0.0 0.0 0.0 0.0 0.35 0.35 0.0 0.0 
0.0 0.23236847500200652 0.0 0.0 0.0 0.1 0.0 0.35 0.3176315249979935 0.0 0.0 
0.0 0.2732725012248215 0.0 0.0 0.10076450544979826 0.1 0.0 0.35 0.17596299332538023 0.0 0.0 
0.0 0.20950661639873547 0.0 0.0 0.0 0.1 0.0 0.35 0.3404933836012645 0.0 0.0 
0.0 0.24898445382717832 0.0 0.0 0.0 0.17728961777513458 0.0 0.35 0.22372592839768712 0.0 0.0 
0.1 0.19999999999999996 0.0 0.0 0.0 0.0 0.0 0.35 0.35 0.0 0.0 
0.0 0.2218227150564473 0.0 0.0 0.0 0.11981624417454818 0.1 0.35 0.20836104076900447 0.0 0.0 
0.0 0.2705626989170302 0.0 0.0 0.15869448257262758 0.1 0.0 0.35 0.12074281851034221 0.0 0.0 
0.0 0.2666512819549358 0.0 0.0 0.1656206307437299 0.1 0.0 0.35 0.11772808730133427 0.0 0.0 
0.0 0.2614118753460294 0.0 0.0 0.1348899686658905 0.1 0.0 0.35 0.15369815598808012 0.0 0.0 
0.0 0.20305713920193863 0.0 0.0 0.0 0.0 0.10756923525821045 0.35 0.33937362553985095 0.0 0.0 
0.0 0.2648522790166258 0.0 0.0 0.0 0.1596162911599395 0.0 0.35 0.22553142982343477 0.0 0.0 
0.10272088728481235 0.20188389759536593 0.0 0.0 0.0 0.0 0.0 0.35 0.34539521511982174 0.0 0.0 
0.0 0.2538636595225192 0.0 0.0 0.176689929366673 0.11944641111080793 0.0 0.35 0.1 0.0 0.0 
0.0 0.2749282619929849 0.0 0.0 0.1 0.1389847738026474 0.0 0.35 0.13608696420436767 0.0 0.0 
0.0 0.2660382371921878 0.0 0.0 0.0 0.1734870786003887 0.0 0.35 0.2104746842074236 0.0 0.0 
0.0 0.25458438170808645 0.0 0.0 0.0 0.19499962651467584 0.0 0.35 0.2004159917772378 0.0 0.0 
0.0 0.2548250822317286 0.0 0.0 0.195173882711127 0.10000103505714436 0.0 0.35 0.1 0.0 0.0 
0.0 0.2390956672915674 0.0 0.0 0.0 0.1 0.0 0.35 0.31090433270843265 0.0 0.0 
0.0 0.24394662587702998 0.0 0.0 0.16451874202494468 0.12475906352601944 0.0 0.35 0.11677556857200597 0.0 0.0 
0.0 0.2611602232046049 0.0 0.0 0.10602589461923931 0.10879231712570174 0.0 0.35 0.17402156505045396 0.0 0.0 
0.0 0.22936760251307295 0.0 0.0 0.0 0.15750386464428512 0.1 0.35 0.16312853284264195 0.0 0.0 
0.0 0.18892850074134682 0.0 0.0 0.0 0.10005295458207314 0.1 0.35 0.26101854467658003 0.0 0.0 
0.0 0.2546822567620588 0.0 0.0 0.0 0.18323628220238689 0.0 0.35 0.21208146103555442 0.0 0.0 
0.0 0.26306298510504195 0.0 0.0 0.1809260705016309 0.1 0.0 0.35 0.10601094439332716 0.0 0.0 
0.0 0.2141895628101534 0.0 0.0 0.0 0.1 0.0 0.35 0.3358104371898466 0.0 0.0 
0.0 0.21510648836128254 0.0 0.0 0.0 0.13394050183631698 0.1 0.35 0.20095300980240052 0.0 0.0 
0.0 0.2765480346566284 0.0 0.0 0.1707862967542573 0.1 0.0 0.35 0.10266566858911425 0.0 0.0 
0.0 0.22990101852474354 0.0 0.0 0.0 0.14116073196487453 0.1 0.35 0.17893824951038198 0.0 0.0 
0.0 0.22232878945479834 0.0 0.0 0.0 0.15522099906797365 0.0 0.35 0.2724502114772281 0.0 0.0 
0.0 0.19010913499727 0.0 0.0 0.0 0.0 0.11326560145960043 0.35 0.3466252635431296 0.0 0.0 
0.0 0.24843381140528106 0.0 0.0 0.2013947298170956 0.10017145877762336 0.0 0.35 0.1 0.0 0.0 
0.0 0.24830249677636598 0.0 0.0 0.0 0.1 0.0 0.35 0.3016975032236339 0.0 0.0 
0.0 0.23256965652040507 0.0 0.0 0.0 0.11833467165866624 0.0 0.35 0.2990956718209288 0.0 0.0 
0.0 0.22232491507648333 0.0 0.0 0.0 0.12905909906684956 0.0 0.35 0.2986159858566672 0.0 0.0 
0.0 0.21997131766734873 0.0 0.0 0.0 0.1 0.0 0.35 0.33002868233265126 0.0 0.0 
0.10079955046224005 0.22467864033737178 0.0 0.0 0.0 0.0 0.0 0.35 0.3245218092003882 0.0 0.0 
0.0 0.22344779413140609 0.0 0.0 0.0 0.13366035598355486 0.0 0.35 0.292891849885039 0.0 0.0 
0.0 0.2809346830015902 0.0 0.0 0.0 0.11944159165650767 0.0 0.35 0.24962372534190214 0.0 0.0 
0.0 0.2563636287140627 0.0 0.0 0.0 0.16870283332224484 0.0 0.35 0.22493353796369242 0.0 0.0 
0.0 0.2428245873195757 0.0 0.0 0.0 0.13724975951431323 0.0 0.35 0.26992565316611106 0.0 0.0 
0.0 0.24131168919197515 0.0 0.0 0.0 0.11804353980976251 0.0 0.35 0.29064477099826236 0.0 0.0 
0.0 0.25228349781935755 0.0 0.0 0.14891581958113598 0.1 0.0 0.35 0.14880068259950655 0.0 0.0 
0.0 0.24830249677636598 0.0 0.0 0.0 0.1 0.0 0.35 0.3016975032236339 0.0 0.0 
0.0 0.2257191493383338 0.0 0.0 0.0 0.1 0.0 0.35 0.32428085066166623 0.0 0.0 
0.0 0.26805337773006244 0.0 0.0 0.0 0.20125848115852224 0.0 0.35 0.18068814111141526 0.0 0.0 
0.0 0.2502466529546347 0.0 0.0 0.15362427972673404 0.10639502988548852 0.0 0.35 0.13973403743314272 0.0 0.0 
0.0 0.26102261889223627 0.0 0.0 0.1 0.13931019910834844 0.0 0.35 0.14966718199941534 0.0 0.0 
0.0 0.24172260713190888 0.0 0.0 0.0 0.13524615364536652 0.0 0.35 0.2730312392227246 0.0 0.0 
0.0 0.2685077456827323 0.0 0.0 0.1 0.12770551724170062 0.0 0.35 0.15378673707556717 0.0 0.0 
0.0 0.2199078780061602 0.0 0.0 0.0 0.1797551910839817 0.1 0.35 0.1503369309098581 0.0 0.0 
0.0 0.23907204065753188 0.0 0.0 0.0 0.1 0.0 0.35 0.3109279593424681 0.0 0.0 
0.0 0.2199759554790667 0.0 0.0 0.0 0.1441728163688386 0.0 0.35 0.2858512281520947 0.0 0.0 
0.1 0.2216133366486058 0.0 0.0 0.0 0.0 0.0 0.35 0.3283866633513942 0.0 0.0 
0.0 0.18514315349091004 0.0 0.0 0.0 0.10005070050739542 0.1 0.35 0.2648061460016946 0.0 0.0 
0.0 0.23141463234465678 0.0 0.0 0.0 0.14775342833910488 0.1 0.35 0.17083193931623844 0.0 0.0 
0.0 0.20343016583049423 0.0 0.0 0.0 0.0 0.1 0.35 0.34656983416950576 0.0 0.0 
0.0 0.2594336576993509 0.0 0.0 0.10006759674720127 0.1 0.0 0.35 0.1904987455534478 0.0 0.0 
0.0 0.18144315295405367 0.0 0.0 0.0 0.1 0.10000026844294511 0.35 0.2685565786030013 0.0 0.0 
0.1 0.20941517797603423 0.0 0.0 0.0 0.0 0.0 0.35 0.3405848220239658 0.0 0.0 
0.0 0.23391010439871138 0.0 0.0 0.0 0.15750386464428512 0.1 0.35 0.15858603095700352 0.0 0.0 
0.0 0.21297371523393926 0.0 0.0 0.0 0.14461571848357696 0.0 0.35 0.29241056628248385 0.0 0.0 
0.0 0.23141463234465678 0.0 0.0 0.0 0.14775342833910488 0.1 0.35 0.17083193931623844 0.0 0.0 
0.0 0.30654671332794425 0.0 0.0 0.0 0.0 0.0 0.35 0.34345328667205577 0.0 0.0 
0.0 0.23593200619042196 0.0 0.0 0.0 0.12950139535008276 0.0 0.35 0.2845665984594953 0.0 0.0 
0.0 0.229143943105095 0.0 0.0 0.0 0.1564520386241286 0.0 0.35 0.2644040182707764 0.0 0.0 
0.0 0.22739282922319126 0.0 0.0 0.1 0.15475568353731764 0.0 0.35 0.16785148723949123 0.0 0.0 
0.0 0.25415651827249464 0.0 0.0 0.1 0.12770551724170062 0.0 0.35 0.16813796448580481 0.0 0.0 
0.10340941838605487 0.20929933375170168 0.0 0.0 0.0 0.0 0.0 0.35 0.3372912478622434 0.0 0.0 
0.0 0.19641065589642243 0.0 0.0 0.0 0.10413372939340987 0.1 0.35 0.24945561471016775 0.0 0.0 
0.0 0.19658413826596355 0.0 0.0 0.0 0.10792281214658435 0.1 0.35 0.24549304958745216 0.0 0.0 
0.0 0.3046724290442777 0.0 0.0 0.0 0.0 0.0 0.35 0.3453275709557223 0.0 0.0 
0.0 0.20135549238744485 0.0 0.0 0.0 0.0 0.10754815605995009 0.35 0.3410963515526051 0.0 0.0 
0.0 0.2511738774712017 0.0 0.0 0.14540698887734987 0.1 0.0 0.35 0.1534191336514484 0.0 0.0 
0.0 0.2374605920839846 0.0 0.0 0.0 0.13394050183631698 0.1 0.35 0.17859890607969844 0.0 0.0 
0.0 0.20000000000000007 0.0 0.0 0.0 0.0 0.1 0.35 0.3499999999999999 0.0 0.0 
0.0 0.2210244017192335 0.0 0.0 0.0 0.14754714489289222 0.0 0.35 0.28142845338787437 0.0 0.0 
0.0 0.282109625357128 0.0 0.0 0.0 0.1871125783913129 0.0 0.35 0.18077779625155904 0.0 0.0 
0.0 0.25575973447513745 0.0 0.0 0.15359741104552546 0.1 0.0 0.35 0.14064285447933714 0.0 0.0 
0.0 0.23659982636175164 0.0 0.0 0.0 0.16243579448509013 0.1 0.35 0.15096437915315825 0.0 0.0 
0.0 0.19658413826596355 0.0 0.0 0.0 0.10247760174954884 0.1 0.35 0.25093825998448765 0.0 0.0 
0.0 0.2199078780061602 0.0 0.0 0.0 0.1797551910839817 0.1 0.35 0.1503369309098581 0.0 0.0 
0.0 0.25585625964021674 0.0 0.0 0.15992952920064477 0.1 0.0 0.35 0.13421421115913862 0.0 0.0 
0.0 0.21218256195993185 0.0 0.0 0.0 0.1 0.0 0.35 0.33781743804006814 0.0 0.0 
0.0 0.23950578122939295 0.0 0.0 0.0 0.13217997233256112 0.0 0.35 0.2783142464380459 0.0 0.0 
0.0 0.2594336576993509 0.0 0.0 0.10006759674720127 0.1 0.0 0.35 0.1904987455534478 0.0 0.0 
0.0 0.2511738774712017 0.0 0.0 0.14540698887734987 0.1 0.0 0.35 0.1534191336514484 0.0 0.0 
0.0 0.25624200743811276 0.0 0.0 0.15974887591807393 0.1 0.0 0.35 0.13400911664381335 0.0 0.0 
0.0 0.2646606146533024 0.0 0.0 0.0 0.19952641155043083 0.0 0.35 0.18581297379626677 0.0 0.0 
0.0 0.23532151670051224 0.0 0.0 0.0 0.16243579448509013 0.1 0.35 0.1522426888143976 0.0 0.0 
0.0 0.26323038576407265 0.0 0.0 0.1 0.11720883315097441 0.0 0.35 0.16956078108495293 0.0 0.0 
0.0 0.19376726071218237 0.0 0.0 0.0 0.10131355718322088 0.1 0.35 0.25491918210459674 0.0 0.0 
0.0 0.26102261889223627 0.0 0.0 0.1 0.13931019910834844 0.0 0.35 0.14966718199941534 0.0 0.0 
0.0 0.2583584999272348 0.0 0.0 0.10396924695234246 0.1 0.0 0.35 0.18767225312042285 0.0 0.0 
0.0 0.19658413826596355 0.0 0.0 0.0 0.10792281214658435 0.1 0.35 0.24549304958745216 0.0 0.0 
0.0 0.2520009639481149 0.0 0.0 0.14891581958113598 0.1 0.0 0.35 0.14908321647074915 0.0 0.0 
0.0 0.29999999999999993 0.0 0.0 0.0 0.0 0.0 0.35 0.35 0.0 0.0 
0.1 0.21677078751716622 0.0 0.0 0.0 0.0 0.0 0.35 0.33322921248283377 0.0 0.0 
