0.0 0.30000000000000027 0.0 0.0 0.0 0.0 0.0 0.35 0.35 0.0 0.0 
0.21005180891705097 0.0 0.18558985011751442 0.27277196231673956 0.0 0.10914031082239432 0.0 0.22244606782630072 0.0 0.0 0.0 
0.21005180891705097 0.0 0.18558985011751442 0.27277196231673956 0.0 0.10914031082239432 0.0 0.22244606782630072 0.0 0.0 0.0 
0.0 0.30000000000000027 0.0 0.0 0.0 0.0 0.0 0.35 0.35 0.0 0.0 
0.0 0.32293388570676473 0.0 0.0 0.0 0.0 0.0 0.32706611429323523 0.35 0.0 0.0 
0.100002366948362 0.19999763305163812 0.0 0.0 0.0 0.0 0.0 0.35 0.35 0.0 0.0 
0.12688249779774383 0.10100983463929968 0.10031935480408256 0.24495036405904078 0.0 0.0 0.0 0.20759319681853028 0.2192447518813029 0.0 0.0 
0.17691408517290236 0.12947104764744083 0.0 0.0 0.0 0.0 0.0 0.34488865792181167 0.34872620925784514 0.0 0.0 
0.10122118629615864 0.10366404207419909 0.0 0.25776693800441486 0.0 0.0 0.0 0.20594054535450848 0.3314072882707189 0.0 0.0 
0.10385296981818894 0.0 0.0 0.2923136189596936 0.0 0.0 0.0 0.28758604792755854 0.3162473632945589 0.0 0.0 
0.10144539467385912 0.12936500198087117 0.0 0.2601680853277333 0.0 0.0 0.0 0.20703762582343013 0.3019838921941063 0.0 0.0 
0.14969142767830876 0.10909468872805063 0.11119802029012517 0.28052833814668754 0.0 0.0 0.0 0.19578025618486136 0.15370726897196663 0.0 0.0 
0.0 0.31182934846609783 0.0 0.0 0.0 0.0 0.0 0.338170651533902 0.35 0.0 0.0 
0.15217492878778066 0.12440978076477037 0.10805947120921873 0.24312704090415255 0.0 0.0 0.0 0.16054281077706575 0.21168596755701205 0.0 0.0 
0.12806841226543497 0.0 0.0 0.17193158773456527 0.0 0.0 0.0 0.35 0.35 0.0 0.0 
0.10276027993904342 0.1025561270156032 0.0 0.25680295354159827 0.0 0.0 0.0 0.21740223400095615 0.32047840550279894 0.0 0.0 
0.19864431497402055 0.0 0.17975404080070184 0.25191250001220344 0.0 0.10151627289307348 0.0 0.2681728713200005 0.0 0.0 0.0 
0.19552068354796573 0.0 0.17340446966599346 0.25141604597984774 0.0 0.1028475066133841 0.0 0.27681129419280903 0.0 0.0 0.0 
0.14265491031620658 0.10174206071062807 0.10651873022906111 0.26056454803540735 0.0 0.0 0.0 0.21138488996962548 0.17713486073907148 0.0 0.0 
0.10747463422399332 0.10626047444350195 0.0 0.3043921264941337 0.0 0.0 0.0 0.18858334016189698 0.2932894246764741 0.0 0.0 
0.0 0.16861532389663275 0.0 0.13138467610336724 0.0 0.0 0.0 0.35 0.35 0.0 0.0 
0.1059204962662742 0.11001222709331723 0.10507622088439925 0.24855755238662952 0.0 0.0 0.0 0.22491391241432462 0.20551959095505515 0.0 0.0 
0.0 0.11245305684702436 0.0 0.1875469431529757 0.0 0.0 0.0 0.35 0.35 0.0 0.0 
0.13909452168388145 0.10687276068563069 0.10214046399976548 0.2663356065061375 0.0 0.0 0.0 0.2419922895513535 0.1435643575732313 0.0 0.0 
0.10047890705997244 0.0 0.0 0.2075909744788255 0.0 0.0 0.0 0.3420068278115332 0.34992329064966876 0.0 0.0 
0.1312303003464657 0.10368113633592546 0.10652045511934238 0.2806840906135971 0.0 0.0 0.0 0.20171267224770417 0.17617134533696524 0.0 0.0 
0.2000327895567102 0.0 0.17673079041532092 0.2595527611149994 0.0 0.10377816976536457 0.0 0.259905489147605 0.0 0.0 0.0 
0.10306921677607256 0.10408515615286058 0.0 0.29199884072758625 0.0 0.0 0.0 0.21368096790618363 0.2871658184372969 0.0 0.0 
0.1503130067727777 0.12394880741674827 0.11809928734417603 0.29683012739283626 0.0 0.0 0.0 0.18431904840302543 0.12648972267043637 0.0 0.0 
0.0 0.1038316879974455 0.0 0.19616831200255466 0.0 0.0 0.0 0.35 0.35 0.0 0.0 
0.14684504987150965 0.10613174151631025 0.10964745775708044 0.26821799520391176 0.0 0.0 0.0 0.21759380480397514 0.15156395084721289 0.0 0.0 
0.10861661211090244 0.0 0.0 0.30581438024424934 0.0 0.0 0.0 0.2969218904621532 0.28864711718269503 0.0 0.0 
0.1311449515555297 0.16885504844447033 0.0 0.0 0.0 0.0 0.0 0.35 0.35 0.0 0.0 
0.20818974389745484 0.0 0.18393753382581957 0.2701368259881688 0.0 0.10801004492052325 0.0 0.2297258513680335 0.0 0.0 0.0 
0.0 0.1778173099639717 0.0 0.12218269003602836 0.0 0.0 0.0 0.35 0.35 0.0 0.0 
0.0 0.1537321176591415 0.0 0.14626788234085872 0.0 0.0 0.0 0.35 0.35 0.0 0.0 
0.1043473131025226 0.10109908085025221 0.0 0.2487743871937821 0.0 0.0 0.0 0.22144892928996626 0.32433028956347676 0.0 0.0 
0.0 0.16007491851399652 0.0 0.13992508148600352 0.0 0.0 0.0 0.35 0.35 0.0 0.0 
0.1104974786046912 0.0 0.0 0.1904522860096106 0.0 0.0 0.0 0.3490502353856983 0.35 0.0 0.0 
0.0 0.10604075271763616 0.0 0.19801629262814976 0.0 0.0 0.0 0.3459429546542142 0.35 0.0 0.0 
0.10065088235091095 0.0 0.0 0.2758017224475643 0.0 0.0 0.0 0.316886584185165 0.30666081101635984 0.0 0.0 
0.16063117640094332 0.13936882359905683 0.0 0.0 0.0 0.0 0.0 0.35 0.35 0.0 0.0 
0.10461178956405603 0.10703965167056152 0.0 0.31905641413272645 0.0 0.0 0.0 0.193558176508429 0.275733968124227 0.0 0.0 
0.12537918868423395 0.1128779757344566 0.0 0.22910374729678237 0.0 0.0 0.0 0.2330803689136656 0.29955871937086165 0.0 0.0 
0.0 0.13407005043845413 0.0 0.16592994956154614 0.0 0.0 0.0 0.35 0.35 0.0 0.0 
0.1052312205663493 0.0 0.0 0.27207804719201084 0.0 0.0 0.0 0.30706438931679236 0.3156263429248474 0.0 0.0 
0.10139842725630696 0.0 0.0 0.29732124663085585 0.0 0.0 0.0 0.3066635209976651 0.2946168051151721 0.0 0.0 
0.0 0.1234275350524575 0.0 0.17657246494754253 0.0 0.0 0.0 0.35 0.35 0.0 0.0 
0.1030453895324295 0.0 0.0 0.30215048205728884 0.0 0.0 0.0 0.3291001720151156 0.26570395639516614 0.0 0.0 
0.17637286698542676 0.12413071787484117 0.0 0.0 0.0 0.0 0.0 0.3494964151397321 0.35 0.0 0.0 
0.0 0.0 0.0 0.3307953991763661 0.0 0.0 0.0 0.3389789776423923 0.33022562318124155 0.0 0.0 
0.11057631852470583 0.0 0.0 0.2503922644449909 0.0 0.0 0.0 0.32223119432295944 0.31680022270734376 0.0 0.0 
0.0 0.10629319494091265 0.0 0.26285562331098067 0.0 0.0 0.0 0.2808511817481067 0.35 0.0 0.0 
0.0 0.0 0.0 0.33949181960837316 0.0 0.0 0.0 0.31550766519739487 0.3450005151942321 0.0 0.0 
0.10844535705610003 0.10846964669960855 0.0 0.32587297226330636 0.0 0.0 0.0 0.1772363993900525 0.27997562459093245 0.0 0.0 
0.0 0.0 0.0 0.3093922140804656 0.0 0.0 0.0 0.3406077859195344 0.35 0.0 0.0 
0.0 0.13515963449796128 0.0 0.1672181913453412 0.0 0.0 0.0 0.35 0.34762217415669755 0.0 0.0 
0.0 0.12024656285529438 0.0 0.17975343714470574 0.0 0.0 0.0 0.35 0.35 0.0 0.0 
0.0 0.17728843845623093 0.0 0.12479353014116581 0.0 0.0 0.0 0.34895901570130167 0.34895901570130167 0.0 0.0 
0.11300828426342636 0.10923077614505602 0.0 0.2254589138750539 0.0 0.0 0.0 0.23982949639004092 0.31247252932642267 0.0 0.0 
0.14213403021030882 0.10943233703008137 0.11874480649918866 0.2984525718404349 0.0 0.0 0.0 0.18589599470560328 0.14534025971438302 0.0 0.0 
0.0 0.14420743033655575 0.0 0.15579256966344426 0.0 0.0 0.0 0.35 0.35 0.0 0.0 
0.0 0.10350410238544852 0.0 0.20250097383750007 0.0 0.0 0.0 0.3439949237770516 0.35 0.0 0.0 
0.10031801430272377 0.0 0.0 0.2026358599291265 0.0 0.0 0.0 0.34704612576814975 0.35 0.0 0.0 
0.10749381128858626 0.10686010206223692 0.0 0.3050082437826392 0.0 0.0 0.0 0.22407447587839277 0.2565633669881449 0.0 0.0 
0.11825869076935662 0.11041576565796361 0.0 0.23593381804641697 0.0 0.0 0.0 0.22568901470901076 0.3097027108172521 0.0 0.0 
0.0 0.18575832395316644 0.0 0.11424167604683352 0.0 0.0 0.0 0.35 0.35 0.0 0.0 
0.15836782388488213 0.12922873154433284 0.1193616155870985 0.2530213137096807 0.0 0.0 0.0 0.16707624433051727 0.17294427094348874 0.0 0.0 
0.11456443472026605 0.11388904198441059 0.0 0.32456521135314315 0.0 0.0 0.0 0.23881363033887198 0.2081676816033082 0.0 0.0 
0.11309894746717923 0.1124321942314238 0.0 0.32041343265153427 0.0 0.0 0.0 0.2357587701461817 0.218296655503681 0.0 0.0 
0.20295495536531488 0.0 0.17180202205114897 0.24909268578048233 0.0 0.10189708277492845 0.0 0.2742532540281254 0.0 0.0 0.0 
0.10015605762089676 0.0 0.0 0.20392315066380978 0.0 0.0 0.0 0.34592079171529344 0.35 0.0 0.0 
0.10606981118426276 0.10359498757928934 0.0 0.21820430627776943 0.0 0.0 0.0 0.22745543496532264 0.3446754599933558 0.0 0.0 
0.10528939328613597 0.10419826763362919 0.0 0.2836276468106001 0.0 0.0 0.0 0.21955026154238383 0.2873344307272509 0.0 0.0 
0.10120427365503362 0.10826769726583724 0.0 0.2799428085552821 0.0 0.0 0.0 0.2082170219885018 0.3023681985353452 0.0 0.0 
0.0 0.10425898659357971 0.0 0.20387207710990082 0.0 0.0 0.0 0.3418689362965195 0.35 0.0 0.0 
0.10699798676584565 0.10886713190581446 0.0 0.3062183820090912 0.0 0.0 0.0 0.2230409129343598 0.254875586384889 0.0 0.0 
0.20393537981735219 0.0 0.1804036765832878 0.27369271361544156 0.0 0.10264768885918966 0.0 0.23932054112472878 0.0 0.0 0.0 
0.13601401430162124 0.10776512791918864 0.1109556698183795 0.24759634040676948 0.0 0.0 0.0 0.20965811810998783 0.18801072944405336 0.0 0.0 
0.10415582008781445 0.0 0.0 0.23562182799056544 0.0 0.0 0.0 0.33011117596081 0.33011117596081 0.0 0.0 
0.11077366896856036 0.0 0.0 0.1909008639042624 0.0 0.0 0.0 0.34832546712717716 0.35 0.0 0.0 
0.0 0.3070085248037124 0.0 0.0 0.0 0.0 0.0 0.34299147519628753 0.35 0.0 0.0 
0.0 0.0 0.0 0.3047125029320158 0.0 0.0 0.0 0.3452874970679841 0.35 0.0 0.0 
0.1019028884557323 0.10713644499983063 0.0 0.20139974071606473 0.0 0.0 0.0 0.2395609258283724 0.35 0.0 0.0 
0.14757178700818024 0.11372338455507097 0.10282568102069801 0.2420467526910831 0.0 0.0 0.0 0.2084235016181864 0.18540889310678116 0.0 0.0 
0.11780330139034403 0.0 0.0 0.22913163237784237 0.0 0.0 0.0 0.3273605008920583 0.3257045653397554 0.0 0.0 
0.0 0.0 0.0 0.3301106302426391 0.0 0.0 0.0 0.33244713848253393 0.33744223127482703 0.0 0.0 
0.10583487712527984 0.0 0.0 0.21865964663247858 0.0 0.0 0.0 0.3474411665409131 0.3280643097013285 0.0 0.0 
0.10298992986654798 0.0 0.0 0.22166708038045502 0.0 0.0 0.0 0.33780219776977144 0.33754079198322556 0.0 0.0 
0.10610308347625103 0.10277321723642457 0.0 0.34556741117503315 0.0 0.0 0.0 0.22124697465353965 0.22430931345875166 0.0 0.0 
0.0 0.0 0.0 0.30000000000000016 0.0 0.0 0.0 0.35 0.35 0.0 0.0 
0.15627158851525627 0.1269141374113536 0.11785616996939302 0.2634382696692622 0.0 0.0 0.0 0.16486473997187642 0.1706550944628583 0.0 0.0 
0.11362459131543201 0.10982648200921483 0.0 0.226688486728623 0.0 0.0 0.0 0.235683796407468 0.31417664353926217 0.0 0.0 
0.10657640802081801 0.0 0.0 0.21581504101679724 0.0 0.0 0.0 0.35 0.32760855096238467 0.0 0.0 
0.0 0.0 0.0 0.3181325380820222 0.0 0.0 0.0 0.33186746191797784 0.35 0.0 0.0 
0.0 0.18796218191694009 0.0 0.11203781808305999 0.0 0.0 0.0 0.35 0.35 0.0 0.0 
0.20204946491467818 0.0 0.17991433838748525 0.26096323567077084 0.0 0.10440945229010216 0.0 0.2526635087369636 0.0 0.0 0.0 
0.20461306928521822 0.0 0.17839705745151307 0.26549590800030687 0.0 0.10615444541642831 0.0 0.2453395198465335 0.0 0.0 0.0 
0.11026677244573911 0.18973322755426086 0.0 0.0 0.0 0.0 0.0 0.35 0.35 0.0 0.0 
0.1003415150431365 0.10139869660651356 0.0 0.2326345384593402 0.0 0.0 0.0 0.2178238291861093 0.34780142070490044 0.0 0.0 
