0.0 0.29999999999999993 0.0 0.0 0.0 0.0 0.0 0.35 0.35 0.0 0.0 
0.27778004899941244 0.0 0.0 0.10168864993067693 0.0 0.0 0.20329921764861952 0.0 0.11200600944824549 0.17254291061361257 0.13268316335943292 
0.0 0.29999999999999993 0.0 0.0 0.0 0.0 0.0 0.35 0.35 0.0 0.0 
0.0 0.2999999999999998 0.0 0.0 0.0 0.0 0.0 0.35 0.35 0.0 0.0 
0.10002949598891207 0.19997050401108799 0.0 0.0 0.0 0.0 0.0 0.35 0.35 0.0 0.0 
0.29892562139371204 0.0 0.0 0.10915562279423165 0.0 0.0 0.18284001069920705 0.0 0.15337213235416086 0.11656123482216316 0.13914537793652532 
0.2707504273409239 0.0 0.0 0.10388614170974254 0.0 0.0 0.11796854335773001 0.10117009576405847 0.11241366907911637 0.16355617415934262 0.13025494858908618 
0.2194901028714452 0.1025278098528473 0.0 0.0 0.0 0.0 0.0 0.35 0.32798208727570755 0.0 0.0 
0.30000000000000004 0.0 0.0 0.0 0.0 0.0 0.0 0.35 0.35 0.0 0.0 
0.30159681184078946 0.0 0.0 0.10831652245154468 0.0 0.0 0.12714394333023205 0.1038542465022363 0.1254977319377309 0.10142257374765339 0.13216817018981322 
0.27959800771119797 0.0 0.0 0.0 0.0 0.0 0.0 0.35 0.2662971584035732 0.0 0.10410483388522881 
0.31206553907841444 0.0 0.0 0.10253598264869554 0.0 0.0 0.0 0.32650003910745545 0.129763154888505 0.0 0.1291352842769295 
0.32582919984044845 0.0 0.0 0.10270438838594949 0.0 0.0 0.10454164363060109 0.1740444127133191 0.15863180885198844 0.0 0.13424854657769333 
0.12678448195206546 0.17321551804793467 0.0 0.0 0.0 0.0 0.0 0.35 0.35 0.0 0.0 
0.3090210200999504 0.0 0.0 0.10614487026064529 0.0 0.0 0.0 0.33726634941114814 0.12941317165498523 0.0 0.11815458857327094 
0.2915375926589972 0.0 0.0 0.11492615593686314 0.0 0.0 0.11907277351753841 0.11929281694864982 0.12241511617105823 0.1031994194751189 0.1295561252917742 
0.17004480545104794 0.12995519454895194 0.0 0.0 0.0 0.0 0.0 0.35 0.35 0.0 0.0 
0.3275500244740196 0.0 0.0 0.10760690718533537 0.0 0.0 0.10089794459374334 0.1857988514086068 0.15516472348433957 0.0 0.12298154885395528 
0.3354369451143525 0.0 0.0 0.10583355665586242 0.0 0.0 0.0 0.2657766472774512 0.14967547979708887 0.0 0.14327737115524503 
0.35 0.0 0.0 0.10526468759290662 0.0 0.0 0.0 0.22102121620317264 0.16163171618520683 0.0 0.16208238001871386 
0.3339272303337188 0.0 0.0 0.10572266319762039 0.0 0.0 0.0 0.2884924096413409 0.14398352512620893 0.0 0.12787417170111107 
0.2830789559626367 0.0 0.0 0.11416623373080283 0.0 0.0 0.10457535835776925 0.13208518411332673 0.1239961644986215 0.10836890971278938 0.13372919362405356 
0.3106239467684178 0.0 0.0 0.10015324576720509 0.0 0.0 0.11123372445889779 0.20220082591330504 0.14917312878088332 0.0 0.12661512831129104 
0.35 0.0 0.0 0.0 0.0 0.0 0.0 0.30086702778816843 0.21915111036981258 0.0 0.12998186184201913 
0.34619795227491634 0.0 0.0 0.1079942326285102 0.0 0.0 0.10418058577718882 0.1680775373715814 0.14654178431911585 0.0 0.12700790762868727 
0.26415082983216204 0.0 0.0 0.11104000773405034 0.0 0.0 0.0 0.35 0.2748091624337877 0.0 0.0 
0.32563685350880456 0.0 0.0 0.0 0.0 0.0 0.0 0.3443508599274529 0.2269786851101094 0.0 0.10303360145363318 
0.285192948518848 0.0 0.0 0.0 0.0 0.0 0.0 0.35 0.25179216229294604 0.0 0.113014889188206 
0.19686355537088857 0.10472576234928542 0.0 0.0 0.0 0.0 0.0 0.35 0.34841068227982597 0.0 0.0 
0.32285791343490233 0.0 0.0 0.0 0.0 0.0 0.0 0.35 0.3271420865650977 0.0 0.0 
0.2753121002831103 0.0 0.0 0.10563644218520127 0.0 0.0 0.1048797909757866 0.10287463559780059 0.11430764353229202 0.16453986991064518 0.1324495175151641 
0.23826953271871879 0.0 0.0 0.10897973729949546 0.0 0.0 0.0 0.344016080170417 0.3087346498113688 0.0 0.0 
0.20389762616402637 0.10833793186604951 0.0 0.0 0.0 0.0 0.0 0.35 0.33776444196992417 0.0 0.0 
0.3188378718465499 0.0 0.0 0.10230221044656496 0.0 0.0 0.0 0.30156853821610347 0.1409631719051779 0.0 0.1363282075856037 
0.34571017482007005 0.0 0.0 0.10335167378167534 0.0 0.0 0.10710590222897436 0.1668297052681898 0.13856386910968632 0.0 0.13843867479140434 
0.2659492414312959 0.0 0.0 0.11619949919678212 0.0 0.0 0.0 0.34432907157956594 0.273522187792356 0.0 0.0 
0.35 0.0 0.0 0.0 0.0 0.0 0.0 0.35 0.30000000000000016 0.0 0.0 
0.28333094960860705 0.0 0.0 0.10255401903186936 0.0 0.0 0.0 0.3479559505171357 0.16374262360997313 0.0 0.10241645723241487 
0.33186089222448456 0.0 0.0 0.0 0.0 0.0 0.0 0.35 0.20879051709861976 0.0 0.10934859067689569 
0.25517720465478694 0.0 0.0 0.0 0.0 0.0 0.0 0.3396342571014981 0.3037538881735237 0.0 0.10143465007019122 
0.33298031371397396 0.0 0.0 0.11046634669114663 0.0 0.0 0.0 0.27536341637832407 0.153050427901349 0.0 0.1281394953152064 
0.23299862877430064 0.0 0.0 0.0 0.0 0.0 0.0 0.35 0.3081800040699029 0.0 0.10882136715579639 
0.2599327049294676 0.0 0.0 0.0 0.0 0.0 0.0 0.34566152871908684 0.2838102879338123 0.0 0.11059547841763338 
0.11291434483540176 0.1870856551645982 0.0 0.0 0.0 0.0 0.0 0.35 0.35 0.0 0.0 
0.2131413808996633 0.10156990633345768 0.0 0.0 0.0 0.0 0.0 0.3497490221487149 0.3355396906181642 0.0 0.0 
0.34405787223566087 0.0 0.0 0.10791738604036316 0.0 0.0 0.11228379770053687 0.15471761061943723 0.1444298935250384 0.0 0.13659343987896352 
0.344476386098189 0.0 0.0 0.0 0.0 0.0 0.0 0.35 0.1835126979399535 0.0 0.12201091596185756 
0.27909263878516044 0.0 0.0 0.10361529957524897 0.0 0.0 0.10737846695361221 0.14095938635788868 0.14047130060398222 0.10054561099058144 0.12793729673352588 
0.26525600584759834 0.0 0.0 0.10001425292168033 0.0 0.0 0.0 0.347868839925296 0.28686090130542546 0.0 0.0 
0.35 0.0 0.0 0.10978119718259483 0.0 0.0 0.11422301992343313 0.1401189737040614 0.14692430202305945 0.0 0.13895250716685117 
0.2624885596705926 0.0 0.0 0.0 0.0 0.0 0.0 0.3477886680413886 0.28555680576521497 0.0 0.10416596652280383 
0.15486059443111447 0.14513940556888555 0.0 0.0 0.0 0.0 0.0 0.35 0.35 0.0 0.0 
0.260754720058959 0.0 0.0 0.1006269734596101 0.0 0.0 0.0 0.35 0.2886183064814309 0.0 0.0 
0.35 0.0 0.0 0.10437109147312128 0.0 0.0 0.0 0.25850562347625444 0.1452846801256387 0.0 0.1418386049249856 
0.28635212214595684 0.0 0.0 0.10374413509971016 0.0 0.0 0.0 0.3253828377781306 0.1793030770610368 0.0 0.10521782791516571 
0.28810646579292465 0.0 0.0 0.10271493127261104 0.0 0.0 0.17100003323856008 0.0 0.14229683306729593 0.16031476624996677 0.13556697037864152 
0.335457545412014 0.0 0.0 0.10590147027287902 0.0 0.0 0.0 0.30082130857331657 0.14129485505002606 0.0 0.1165248206917644 
0.3031866622251965 0.0 0.0 0.0 0.0 0.0 0.0 0.35 0.23809164532243254 0.0 0.1087216924523709 
0.3474942301682612 0.0 0.0 0.10796457085360694 0.0 0.0 0.10447730786930327 0.14194341499494784 0.15807289974932487 0.0 0.140047576364556 
0.30553978646085705 0.0 0.0 0.1036444754747992 0.0 0.0 0.0 0.3400184568938603 0.13380151019241296 0.0 0.11699577097807055 
0.10301623855855285 0.196983761441447 0.0 0.0 0.0 0.0 0.0 0.35 0.35 0.0 0.0 
0.32616372704806673 0.0 0.0 0.0 0.0 0.0 0.0 0.35 0.2052061415634154 0.0 0.11863013138851795 
0.35 0.0 0.0 0.10890456112163571 0.0 0.0 0.11331091456453467 0.1390000813224338 0.13997916978995026 0.0 0.1488052732014455 
0.17710404590836476 0.12289595409163537 0.0 0.0 0.0 0.0 0.0 0.35 0.35 0.0 0.0 
0.35 0.0 0.0 0.0 0.0 0.0 0.0 0.32505900790459624 0.32494099209540384 0.0 0.0 
0.3415998547716699 0.0 0.0 0.10394769338293725 0.0 0.0 0.0 0.2591938444749461 0.13820126177476408 0.0 0.15705734559568274 
0.33999999739125314 0.0 0.0 0.0 0.0 0.0 0.0 0.35 0.3100000026087468 0.0 0.0 
0.35 0.0 0.0 0.10114389075354159 0.0 0.0 0.0 0.23215393562090583 0.16562818045971706 0.0 0.1510739931658354 
0.35 0.0 0.0 0.0 0.0 0.0 0.0 0.3255538447678164 0.2124864171302379 0.0 0.11195973810194568 
0.34148547740325236 0.0 0.0 0.0 0.0 0.0 0.0 0.31449266071788334 0.21544471748658245 0.0 0.12857714439228202 
0.10002949598891207 0.19997050401108799 0.0 0.0 0.0 0.0 0.0 0.35 0.35 0.0 0.0 
0.2858701868309238 0.0 0.0 0.10468164428468331 0.0 0.0 0.10829982740699323 0.1260142276772093 0.14564736675774054 0.10222700838568732 0.12725973865676243 
0.24765315909595753 0.0 0.0 0.0 0.0 0.0 0.0 0.3436443308405426 0.30620149518578166 0.0 0.10250101487771815 
0.2753463375518438 0.0 0.0 0.10332711779298986 0.0 0.0 0.17201920264300763 0.0 0.15166213430348355 0.16127025088788602 0.1363749568207892 
0.23724364645964427 0.0 0.0 0.10128672196568901 0.0 0.0 0.0 0.34464832524951994 0.31682130632514666 0.0 0.0 
0.33298031371397396 0.0 0.0 0.11046634669114663 0.0 0.0 0.0 0.27536341637832407 0.153050427901349 0.0 0.1281394953152064 
0.26141071071988364 0.0 0.0 0.10258277692578757 0.0 0.0 0.11377638728939542 0.1273584609619733 0.15243265175624648 0.11027070836853685 0.1321683039781767 
0.35 0.0 0.0 0.0 0.0 0.0 0.0 0.3326212433778875 0.31737875662211246 0.0 0.0 
0.3058658809862603 0.0 0.0 0.10308945866376419 0.0 0.0 0.0 0.31775591619316235 0.1378714550322129 0.0 0.13541728912460033 
0.11143063166042516 0.1885693683395749 0.0 0.0 0.0 0.0 0.0 0.35 0.35 0.0 0.0 
0.18698586677069023 0.11301413322930987 0.0 0.0 0.0 0.0 0.0 0.35 0.35 0.0 0.0 
0.3389354337086942 0.0 0.0 0.10261064882538969 0.0 0.0 0.0 0.24311459306953193 0.15949536625313201 0.0 0.15584395814325214 
0.3004231032706963 0.0 0.0 0.10821202678645833 0.0 0.0 0.10646762156394945 0.19862147236467145 0.14981805142635982 0.0 0.1364577245878646 
0.33473948019522254 0.0 0.0 0.0 0.0 0.0 0.0 0.35 0.3152605198047775 0.0 0.0 
0.35 0.0 0.0 0.10551277795907846 0.0 0.0 0.10985847012311943 0.1334007417194447 0.14380041601691507 0.0 0.15742759418144242 
0.24510618506795726 0.0 0.0 0.0 0.0 0.0 0.0 0.34248483299075105 0.3105695363115828 0.0 0.10183944562970879 
0.15486059443111447 0.14513940556888555 0.0 0.0 0.0 0.0 0.0 0.35 0.35 0.0 0.0 
0.35 0.0 0.0 0.0 0.0 0.0 0.0 0.3399822185860401 0.20588310486291886 0.0 0.10413467655104111 
0.29096292410474467 0.0 0.0 0.0 0.0 0.0 0.0 0.3471820172050967 0.25277710128914765 0.0 0.10907795740101095 
0.14446025714593153 0.1555397428540685 0.0 0.0 0.0 0.0 0.0 0.35 0.35 0.0 0.0 
0.13436986042198026 0.16563013957801967 0.0 0.0 0.0 0.0 0.0 0.35 0.35 0.0 0.0 
0.3384179026692099 0.0 0.0 0.0 0.0 0.0 0.0 0.3461579467351431 0.19763046403560106 0.0 0.1177936865600459 
0.14446025714593153 0.1555397428540685 0.0 0.0 0.0 0.0 0.0 0.35 0.35 0.0 0.0 
0.3071723084018554 0.0 0.0 0.10338533891567366 0.0 0.0 0.0 0.31536541833290205 0.13724899434899807 0.0 0.1368279400005709 
0.35 0.0 0.0 0.1056612799883031 0.0 0.0 0.0 0.22678021995158842 0.16337415538032354 0.0 0.15418434467978487 
0.34205998181795416 0.0 0.0 0.0 0.0 0.0 0.0 0.31014218880397393 0.23562958032980705 0.0 0.11216824904826488 
0.29117127199664483 0.0 0.0 0.10237278999427452 0.0 0.0 0.0 0.3357140368958225 0.15323333574040185 0.0 0.1175085653728563 
0.3394242349799993 0.0 0.0 0.0 0.0 0.0 0.0 0.3214825850235595 0.21216087184372906 0.0 0.1269323081527122 
0.23946524370489364 0.0 0.0 0.10223519121178783 0.0 0.0 0.0 0.3478756815196672 0.31042388356365136 0.0 0.0 
0.3152896750403214 0.0 0.0 0.0 0.0 0.0 0.0 0.35 0.33471032495967856 0.0 0.0 
