-0.017609275760070896 7.814526095630626E-4 
-0.007881619126951574 1.1768276678389563E-5 
-0.01740211033918071 6.207752545907765E-4 
-0.01760927576007089 7.814526095630619E-4 
-0.008333124081454752 1.695981320392706E-5 
-0.009980255533736031 1.8991865371551945E-5 
-0.017047538303201527 4.909297510220097E-4 
-0.016991115956852945 4.5401847608809054E-4 
-0.012223319576766641 5.563709633439914E-5 
-0.017330822551463412 5.813099689782242E-4 
-0.016985361974515854 4.190517033908144E-4 
-0.014313474869906714 1.2237466578797119E-4 
-0.015550920111330337 2.0349812186234873E-4 
-0.017044427355091363 4.587757523389805E-4 
-0.016165171558989055 2.6291092852318265E-4 
-0.01102570103246287 2.6788060801812764E-5 
-0.017291375369540007 5.587009837331023E-4 
-0.014916858623972162 1.569493220507213E-4 
-0.016044478555154094 2.488654448784035E-4 
-0.01735870228219033 5.974236987658691E-4 
-0.012430481160997974 6.234187481233434E-5 
-0.017227384028412396 5.250566480919586E-4 
-0.015052805725967656 1.6951681075197655E-4 
-0.015677518060128445 2.1904878084146414E-4 
-0.01201928856517555 5.0794628428257595E-5 
-0.015827985564663017 2.2726365702539504E-4 
-0.01408437612740852 1.1233150468463381E-4 
-0.013852234699736654 1.0163918296228404E-4 
-0.017262265714535242 5.429310591189057E-4 
-0.008204504965683828 1.375306829360756E-5 
-0.015935244630027386 2.3734538634008557E-4 
-0.013018918067323675 7.471584562514488E-5 
-0.008016006448204972 1.2713035463050192E-5 
-0.016931156245991934 3.7756634616485207E-4 
-0.01738449845388003 6.108699850138243E-4 
-0.012883184062851497 7.001965365139848E-5 
-0.014736975116709931 1.4610674355473792E-4 
-0.010804947973267465 2.5245845395224182E-5 
-0.014006030576063883 1.0791799591271908E-4 
-0.01633235007020094 2.8323278179646325E-4 
-0.011804628982424684 4.32766141129331E-5 
-0.014844611372013816 1.5174990006734684E-4 
-0.015293505329890216 1.8639076677245384E-4 
-0.011919604718735152 4.754216806032702E-5 
-0.011196366863181297 2.9971361200411962E-5 
-0.016392606854060892 2.922943935241723E-4 
-0.011372778640297862 3.392760929017089E-5 
-0.017205790029854562 5.145498729274057E-4 
-0.016687913498239795 3.3416586273571613E-4 
-0.016982196069285114 4.0150172609783005E-4 
-0.01685411585110847 3.609039950763254E-4 
-0.012531970848693537 6.462651366021992E-5 
-0.014657087834904554 1.4051268654433709E-4 
-0.01622730345540355 2.707219597807157E-4 
-0.01546331674541536 1.9777305820410334E-4 
-0.014407534361682255 1.2737924974564235E-4 
-0.011500243998277046 3.6729121803731184E-5 
-0.016483387039578603 3.0372103848825497E-4 
-0.013245214653188838 8.102106864591761E-5 
-0.016276428717862525 2.761401852792545E-4 
-0.01318373646955309 7.918731616280073E-5 
-0.017185859357106578 5.052315093672384E-4 
-0.01654052562948228 3.1196153185701256E-4 
-0.015986137062454987 2.4286839802238714E-4 
-0.01572909230359247 2.217552028625387E-4 
-0.010737056441043185 2.3646928772733333E-5 
-0.01340826584484554 8.555493711027617E-5 
-0.011690505135530087 4.055242521847834E-5 
-0.01644591147745011 2.983369590273284E-4 
-0.015090479244212139 1.7600343394519685E-4 
-0.017277378450653837 5.510213680502423E-4 
-0.013740278376244475 9.736229108477237E-5 
-0.011273054724711254 3.1350464652220166E-5 
-0.01674047682020601 3.426539491700097E-4 
-0.016984509136436822 4.138068533024507E-4 
-0.010574216921920338 2.1933502148052816E-5 
-0.016978456480920737 3.8754211225404693E-4 
-0.015182288667730488 1.8042902642246482E-4 
-0.012674154618110892 6.555814143587783E-5 
-0.014471729577147392 1.3150478833223291E-4 
-0.010015226655052115 1.9340209046587225E-5 
-0.010388352057528001 2.1135829084089922E-5 
-0.016602219214253654 3.218522607838874E-4 
-0.010210488701809187 2.048752463691541E-5 
-0.017185859357106578 5.052315093672384E-4 
-0.014579501466869758 1.3626770393393976E-4 
-0.012674154618110892 6.555814143587783E-5 
-0.015336921678535046 1.9291633237902736E-4 
-0.012926811359894213 7.197330135186536E-5 
-0.015384426746298792 1.9464599129046314E-4 
-0.016562570649305747 3.1763816796286966E-4 
-0.010376231621066632 2.067296151853792E-5 
-0.010589540025805052 2.3016373094203235E-5 
-0.016979698646449846 3.913656792200749E-4 
-0.010185189748962837 1.9717007099585433E-5 
-0.01676387391612512 3.4599506387265313E-4 
-0.014533450488855711 1.3445103737968583E-4 
-0.013699400166736658 9.571919638155171E-5 
-0.013600652524896475 9.218126324116498E-5 
-0.016802836965339477 3.5191691570484357E-4 
