0.0 0.3000000000000002 0.0 0.0 0.0 0.0 0.0 0.35 0.35 0.0 0.0 
0.0 0.0 0.0 0.12475273761905789 0.0 0.17665372497479245 0.2797761773176766 0.10380093355420836 0.10048609490785564 0.0 0.21453033162640894 
0.0 0.3000000000000002 0.0 0.0 0.0 0.0 0.0 0.35 0.35 0.0 0.0 
0.0 0.0 0.0 0.12475273761905789 0.0 0.17665372497479245 0.2797761773176766 0.10380093355420836 0.10048609490785564 0.0 0.21453033162640892 
0.0 0.1996557652656249 0.0 0.0 0.0 0.0 0.0 0.35 0.35 0.0 0.10034423473437523 
0.0 0.29999999999999977 0.0 0.0 0.0 0.0 0.0 0.35 0.35 0.0 0.0 
0.0 0.1022612227346367 0.0 0.0 0.0 0.0 0.2211928325692749 0.3499999999999999 0.3265459446960882 0.0 0.0 
0.0 0.0 0.0 0.0 0.0 0.0 0.10014788459872394 0.35 0.35 0.0 0.19985211540127618 
0.0 0.0 0.0 0.0 0.0 0.13749685634436404 0.27145925750968575 0.28303735952869813 0.1146550917335829 0.0 0.19335143488366915 
0.0 0.0 0.0 0.0 0.0 0.1349082163910183 0.337401326755699 0.20592379337935737 0.10101530744128244 0.0 0.22075135603264287 
0.0 0.10235640529075972 0.0 0.0 0.0 0.0 0.1985685984691369 0.34907499624010346 0.35 0.0 0.0 
0.0 0.0 0.0 0.0 0.0 0.0 0.29400058510486154 0.35 0.1715920594570545 0.0 0.18440735543808406 
0.0 0.0 0.0 0.0 0.0 0.0 0.2588723573197228 0.35 0.20838696199567186 0.0 0.1827406806846053 
0.0 0.10288967517226634 0.0 0.0 0.0 0.0 0.2123218081318955 0.35 0.33478851669583803 0.0 0.0 
0.0 0.0 0.0 0.0 0.0 0.13716672462478555 0.26299225789837205 0.3141722225798067 0.11046543645472254 0.0 0.17520335844231308 
0.0 0.0 0.0 0.0 0.0 0.0 0.3161799591511196 0.35 0.15265459053460867 0.0 0.18116545031427167 
0.0 0.0 0.0 0.10242657783021648 0.0 0.13751825248027125 0.25012341483038825 0.19178414135565575 0.11477641102126071 0.0 0.2033712024822075 
0.0 0.19489590981353558 0.0 0.0 0.0 0.0 0.1051040901864645 0.35 0.35 0.0 0.0 
0.0 0.14014053755997044 0.0 0.0 0.0 0.0 0.15985946244002971 0.35 0.35 0.0 0.0 
0.0 0.0 0.0 0.0 0.0 0.0 0.22486035675386315 0.35 0.28398827586071956 0.0 0.14115136738541725 
0.0 0.0 0.0 0.0 0.0 0.0 0.19880187273197555 0.3468131147671294 0.33442763904933054 0.0 0.1199573734515645 
0.0 0.0 0.0 0.0 0.0 0.12454963359310947 0.26111417737125375 0.30294643088319423 0.10382386898690313 0.0 0.20756588916553942 
0.0 0.0 0.0 0.0 0.0 0.0 0.25318505785583956 0.35 0.22181184187853056 0.0 0.17500310026562982 
0.0 0.0 0.0 0.0 0.0 0.13075439627511187 0.32763063531429976 0.2128793073270631 0.1104855966530768 0.0 0.21825006443044864 
0.0 0.0 0.0 0.0 0.0 0.0 0.17120641767835365 0.35 0.35 0.0 0.12879358232164645 
0.0 0.0 0.0 0.0 0.0 0.10283871525607656 0.2289597904760098 0.3477298050456895 0.16874336208341312 0.0 0.15172832713881093 
0.0 0.0 0.0 0.0 0.0 0.10898099384564464 0.2780584877034643 0.3213686507740166 0.10320259021577827 0.0 0.1883892774610962 
0.0 0.0 0.0 0.0 0.0 0.1299289037345945 0.3155976298421382 0.2513598347423886 0.10615226823035474 0.0 0.1969613634505241 
0.0 0.0 0.0 0.11738494682371577 0.0 0.16233954754493493 0.28993859945212835 0.10715642884059334 0.10299391456684726 0.0 0.2201865627717802 
0.0 0.0 0.0 0.0 0.0 0.0 0.29256860673141166 0.35 0.19527045163984066 0.0 0.16216094162874783 
0.0 0.12131622224386263 0.0 0.0 0.0 0.0 0.17868377775613753 0.35 0.35 0.0 0.0 
0.0 0.0 0.0 0.0 0.0 0.1054263399008596 0.2531468735152342 0.335936750997201 0.15075067138102144 0.0 0.15473936420568357 
0.0 0.0 0.0 0.0 0.0 0.11213577587263739 0.33185855208463494 0.2380905936451376 0.100648536251602 0.0 0.217266542145988 
0.0 0.0 0.0 0.0 0.0 0.0 0.22259414025646906 0.35 0.29235300555972543 0.0 0.13505285418380544 
0.0 0.17789658673023295 0.0 0.0 0.0 0.0 0.12210341326976712 0.35 0.35 0.0 0.0 
0.0 0.0 0.0 0.0 0.0 0.0 0.22849137784770676 0.35 0.31879266551376534 0.0 0.10271595663852778 
0.0 0.0 0.0 0.0 0.0 0.10924352728342691 0.29463715537646595 0.2827094266341645 0.12230509902348531 0.0 0.19110479168245745 
0.0 0.0 0.0 0.11204369011579803 0.0 0.16791013844482247 0.2589087769012254 0.14950127882903266 0.10767756403272438 0.0 0.20395855167639723 
0.0 0.1996557652656249 0.0 0.0 0.0 0.0 0.0 0.35 0.35 0.0 0.10034423473437523 
0.0 0.0 0.0 0.0 0.0 0.10433405121696682 0.21535693288203692 0.3485744448640283 0.17878030865786196 0.0 0.15295426237910587 
0.0 0.0 0.0 0.12220715570101205 0.0 0.17562127094390206 0.26762195631009716 0.11795348191337544 0.10906042889048258 0.0 0.20753570624113066 
0.0 0.0 0.0 0.0 0.0 0.10973192522700459 0.28577069361378665 0.3065367469601427 0.12600330427097617 0.0 0.17195732992808985 
0.0 0.14849625580675396 0.0 0.0 0.0 0.0 0.1515037441932461 0.35 0.35 0.0 0.0 
0.0 0.0 0.0 0.1008837956138838 0.0 0.13969992109461227 0.29047270127905045 0.15199583359601646 0.10657719022125633 0.0 0.21037055819518063 
0.0 0.0 0.0 0.0 0.0 0.14368379051655092 0.34065240126501356 0.1946185419504168 0.10093897777855086 0.0 0.22010628848946776 
0.0 0.0 0.0 0.12145656788023526 0.0 0.15820048414904248 0.2643093729765197 0.1339167249367726 0.11215162438171541 0.0 0.2099652256757145 
0.0 0.0 0.0 0.0 0.0 0.0 0.2571354528050816 0.35 0.2733777354359121 0.0 0.11948681175900634 
0.0 0.0 0.0 0.0 0.0 0.0 0.18493447009451713 0.35 0.30866230532808697 0.0 0.15640322457739586 
0.0 0.11651189045804022 0.0 0.0 0.0 0.0 0.18348810954195982 0.35 0.35 0.0 0.0 
0.0 0.16033346026882112 0.0 0.0 0.0 0.0 0.1399282894163125 0.3497382503148665 0.35 0.0 0.0 
0.0 0.0 0.0 0.10278111178815064 0.0 0.1516757659518626 0.25525766823208884 0.18214827031338518 0.11161737603241349 0.0 0.19651980768209934 
0.0 0.0 0.0 0.0 0.0 0.0 0.31618240060987707 0.35 0.22840925760811098 0.0 0.10540834178201199 
0.0 0.0 0.0 0.0 0.0 0.0 0.26235111547600276 0.35 0.2580151634778915 0.0 0.1296337210461057 
0.0 0.0 0.0 0.11644822376935479 0.0 0.1551131794400214 0.28560721205339434 0.12558376486868625 0.10078640694638599 0.0 0.21646121292215736 
0.0 0.0 0.0 0.0 0.0 0.0 0.26951096782950756 0.35 0.18319047846952505 0.0 0.19729855370096733 
0.0 0.0 0.0 0.0 0.0 0.11217821384827943 0.2466366236139159 0.317333878045536 0.13430755468434505 0.0 0.18954372980792372 
0.0 0.0 0.0 0.0 0.0 0.0 0.20920948835892197 0.35 0.32667073146664954 0.0 0.11411978017442855 
0.0 0.0 0.0 0.0 0.0 0.0 0.20029041723867588 0.35 0.3434072383801511 0.0 0.10630234438117303 
0.0 0.16654010400025746 0.0 0.0 0.0 0.0 0.13345989599974262 0.35 0.35 0.0 0.0 
0.0 0.0 0.0 0.10972191880342812 0.0 0.15310649508212187 0.2658806839894813 0.1524821853241892 0.10816967435237808 0.0 0.21063904244840134 
0.0 0.0 0.0 0.0 0.0 0.11936056090255645 0.3414884780817402 0.21614497887214076 0.10782064071992539 0.0 0.21518534142363727 
0.0 0.0 0.0 0.0 0.0 0.12487169979328108 0.31152464414384223 0.26536042329706605 0.10342666104363575 0.0 0.19481657172217484 
0.0 0.0 0.0 0.0 0.0 0.0 0.28570536705416666 0.35 0.2390213067510451 0.0 0.1252733261947883 
0.0 0.0 0.0 0.0 0.0 0.13105033198435367 0.2795946992135414 0.27514378235500975 0.10148058121389227 0.0 0.21273060523320295 
0.0 0.0 0.0 0.0 0.0 0.0 0.22948760134530213 0.35 0.26366276436255454 0.0 0.15684963429214333 
0.0 0.0 0.0 0.0 0.0 0.0 0.2002904172386759 0.35 0.34340723838015114 0.0 0.10630234438117304 
0.0 0.0 0.0 0.0 0.0 0.0 0.12738315947386225 0.35 0.35 0.0 0.1726168405261379 
0.0 0.0 0.0 0.0 0.0 0.0 0.35 0.35 0.1085386641924095 0.0 0.1914613358075907 
0.0 0.0 0.0 0.0 0.0 0.14368379051655092 0.34065240126501356 0.1946185419504168 0.10093897777855086 0.0 0.22010628848946776 
0.0 0.0 0.0 0.0 0.0 0.14550726543353468 0.3150257077768715 0.24133056981195453 0.10350477090636813 0.0 0.1946316860712712 
0.0 0.0 0.0 0.0 0.0 0.0 0.3265859811100377 0.3464614501256088 0.14925592368544202 0.0 0.17769664507891156 
0.0 0.0 0.0 0.10294224404227974 0.0 0.14159905166123543 0.2477240907702 0.18911263349897708 0.10650051673839359 0.0 0.21212146328891407 
0.0 0.0 0.0 0.10141546798901058 0.0 0.1364740803740232 0.29404276872993595 0.16309741517972 0.10347244931163765 0.0 0.2014978184156726 
0.0 0.0 0.0 0.0 0.0 0.11388125550428678 0.3198458652818918 0.2534310852533365 0.10536303154081827 0.0 0.20747876241966653 
0.0 0.0 0.0 0.11365105911539582 0.0 0.1517899277590422 0.27586215980759926 0.13444127582172463 0.11143814796243971 0.0 0.21281742953379834 
0.0 0.0 0.0 0.0 0.0 0.0 0.35 0.32523804066432493 0.15611525687772126 0.0 0.16864670245795382 
0.0 0.0 0.0 0.0 0.0 0.0 0.10014788459872394 0.35 0.35 0.0 0.19985211540127618 
0.0 0.0 0.0 0.0 0.0 0.0 0.35 0.35 0.12226840156099754 0.0 0.17773159843900252 
0.0 0.0 0.0 0.0 0.0 0.10628492932284433 0.2571233146103343 0.3150823825075608 0.15132357033823945 0.0 0.1701858032210212 
0.0 0.0 0.0 0.0 0.0 0.1097889884725814 0.2311982744163819 0.347150689437373 0.14449007200238045 0.0 0.16737197567128329 
0.0 0.0 0.0 0.11314766385840251 0.0 0.16198255442228604 0.2828525670954916 0.1247460923575584 0.10126911287720576 0.0 0.21600200938905556 
0.0 0.29999999999999977 0.0 0.0 0.0 0.0 0.0 0.35 0.35 0.0 0.0 
0.0 0.0 0.0 0.0 0.0 0.0 0.35 0.35 0.12226840156099754 0.0 0.17773159843900252 
0.0 0.0 0.0 0.0 0.0 0.11036938253922499 0.23050081641463807 0.33944654731713303 0.13439324927273816 0.0 0.18529000445626567 
0.0 0.0 0.0 0.0 0.0 0.10180500581682725 0.26989507469926094 0.31932870848721795 0.1508307220235457 0.0 0.15814048897314809 
0.0 0.0 0.0 0.0 0.0 0.0 0.21749208557176047 0.3499999999999999 0.30003156132129294 0.0 0.13247635310694653 
0.0 0.0 0.0 0.0 0.0 0.10523133990178567 0.2540972514880699 0.3330966386455775 0.13082430485087407 0.0 0.17675046511369288 
0.0 0.0 0.0 0.0 0.0 0.10805745865017026 0.25135218900259304 0.32436976184681143 0.12889173281718064 0.0 0.18732885768324475 
0.0 0.0 0.0 0.1002470390187123 0.0 0.15581975588282687 0.25369217933357574 0.17500575439136398 0.1093536044975168 0.0 0.20588166687600432 
0.0 0.0 0.0 0.0 0.0 0.13345403350176335 0.31704458078518194 0.22894801809891116 0.10657307785027519 0.0 0.2139802897638683 
0.0 0.0 0.0 0.10061567825442656 0.0 0.15222704259717093 0.27267964614204837 0.1783106977693225 0.10378748539103895 0.0 0.19237944984599267 
0.0 0.0 0.0 0.0 0.0 0.13105033198435367 0.2795946992135414 0.27514378235500975 0.10148058121389227 0.0 0.21273060523320295 
0.0 0.1757176566598498 0.0 0.0 0.0 0.0 0.12428234334015005 0.35 0.35 0.0 0.0 
0.0 0.0 0.0 0.0 0.0 0.11346549521691411 0.25188375694340975 0.35 0.14850424603183174 0.0 0.1361465018078444 
0.0 0.0 0.0 0.0 0.0 0.0 0.3265859811100377 0.3464614501256088 0.14925592368544202 0.0 0.17769664507891156 
0.0 0.0 0.0 0.0 0.0 0.1099126841126952 0.2635207712350572 0.3403759485439395 0.128903424128348 0.0 0.1572871719799601 
0.0 0.0 0.0 0.10212758300224585 0.0 0.13792427935522916 0.2648525110026608 0.18513276471152895 0.10790142879584687 0.0 0.20206143313248853 
0.0 0.1022612227346367 0.0 0.0 0.0 0.0 0.22119283256927494 0.35 0.3265459446960883 0.0 0.0 
0.0 0.0 0.0 0.0 0.0 0.0 0.27008075939759846 0.35 0.2459616715441705 0.0 0.1339575690582311 
0.0 0.0 0.0 0.0 0.0 0.0 0.2634516085418839 0.35 0.2507322974495812 0.0 0.13581609400853495 
