-0.006920811690654872 1.0531160726625512E-5 
-0.014376762445611705 4.223277394040479E-4 
-0.007357630214790604 1.1881050652406254E-5 
-0.014131191576440348 3.7907794608319894E-4 
-0.01099080305435427 7.396573712893154E-5 
-0.0075869160101859935 1.2725856726705655E-5 
-0.012839161231582403 1.99594385302482E-4 
-0.010814895552762126 6.613690500036869E-5 
-0.01021948372382259 4.6410083717736395E-5 
-0.009107954165180034 2.3902318416708107E-5 
-0.014128875858762255 3.5706195778891176E-4 
-0.013951448525220352 3.246827651289073E-4 
-0.00886391367598469 2.1015353993639524E-5 
-0.01137075185069215 9.312806786730998E-5 
-0.012455189274630669 1.5866634727747258E-4 
-0.0078086631879405125 1.3384634542307037E-5 
-0.014327308538037854 4.1550061939319886E-4 
-0.013379830621028868 2.449954824326988E-4 
-0.013136474365044098 2.2093187723636615E-4 
-0.012674675471552998 1.7648474661489404E-4 
-0.012748010651123649 1.8577692277324436E-4 
-0.009547014281506868 3.03750252409903E-5 
-0.011261772398885102 8.665914534013802E-5 
-0.010078727148178842 4.3018856428012574E-5 
-0.014198263806823857 3.892199549245701E-4 
-0.01297899837833854 2.0841115629769905E-4 
-0.009772373607343154 3.559239565955543E-5 
-0.010375727931133609 5.16904429050784E-5 
-0.009634181365470354 3.255419943254196E-5 
-0.01227288940928071 1.5068057662038305E-4 
-0.011617520282175815 1.0961740758922004E-4 
-0.009211004976084498 2.6316071571591898E-5 
-0.011677570977276699 1.1648693797346489E-4 
-0.013608755300065202 2.7460738083611564E-4 
-0.01205775223867243 1.3307529522229737E-4 
-0.012525131216132012 1.6701795439686426E-4 
-0.01344460805409849 2.539728893667644E-4 
-0.008296764807356716 1.527407553099722E-5 
-0.013057951334012321 2.1244591978745954E-4 
-0.011555735176491062 1.0577180911200098E-4 
-0.013876354225011179 3.135862858158157E-4 
-0.007963791884596717 1.3933760265945722E-5 
-0.011773543896010812 1.1800386218031875E-4 
-0.011463073156906398 9.777196136229486E-5 
-0.011126585750891104 7.896856406500641E-5 
-0.011949032713318746 1.28689240571553E-4 
-0.013679730318827573 2.8046426687704793E-4 
-0.011501378038721508 1.0025643161368472E-4 
-0.012567724768599332 1.7590159779671128E-4 
-0.009986658018682778 4.094444056286968E-5 
-0.008662551738129031 1.960811799961166E-5 
-0.012799569587058371 1.9205593015143767E-4 
-0.008767598053579174 1.9742233477334497E-5 
-0.014269130813948032 4.0671505996756595E-4 
-0.008180139541865975 1.4681052826344052E-5 
-0.010618400529374563 5.905182681088759E-5 
-0.010727029197597243 6.289561253005775E-5 
-0.01042498752310893 5.2781266581541816E-5 
-0.009855998897036748 3.828974751570286E-5 
-0.013265472234230448 2.3400165761055627E-4 
-0.01256188056639412 1.6969274690205592E-4 
-0.01369908686532919 2.82767848306669E-4 
-0.01407216029598509 3.471973327510638E-4 
-0.013186097675277685 2.2560424939963456E-4 
-0.012374493674248508 1.5318579959267166E-4 
-0.012226257389490992 1.4372777709886482E-4 
-0.012099846873823804 1.3832117681680412E-4 
-0.009357360311983807 2.844329987121303E-5 
-0.01379327226763583 3.011133858113941E-4 
-0.010518832791197854 5.540877420626058E-5 
-0.014244927628481355 3.9771179911861376E-4 
-0.011965472739413584 1.28746944741885E-4 
-0.011842685324439646 1.2220778941806647E-4 
-0.014099508742253783 3.494634560768919E-4 
-0.009346976874071416 2.7979330710841908E-5 
-0.014269130813948032 4.0671505996756595E-4 
-0.013332991212532928 2.3861358390890347E-4 
-0.011842685324439646 1.2220778941806647E-4 
-0.013787854748478082 2.9468646038466486E-4 
-0.013808765781489955 3.044275025048942E-4 
-0.009927442198072059 3.8604941731582905E-5 
-0.010688073221691062 6.115499140196953E-5 
-0.014021262141832549 3.375213819253951E-4 
-0.013986968433123968 3.3067410851650355E-4 
-0.014040570155572269 3.3926830417023305E-4 
-0.013713254536780179 2.8976560646426166E-4 
-0.014120847501993494 3.561786715601858E-4 
-0.010550418458430393 5.667872535692295E-5 
-0.014203137106372343 3.9320227126189673E-4 
-0.01277130284154354 1.908031682497193E-4 
-0.01353507152804685 2.642037261404216E-4 
-0.008451135051624866 1.646066944319427E-5 
-0.013599534560146604 2.6789697962638614E-4 
-0.013996183939773258 3.319526596011563E-4 
-0.013528204266864132 2.612620580694523E-4 
-0.008577416624314866 1.7553926610376484E-5 
-0.011150771006053387 8.49434663978432E-5 
-0.011178133686135336 8.536493053030689E-5 
-0.013512622464292783 2.572562995473119E-4 
-0.01216282879473416 1.404032091399479E-4 
