-0.006022778041702235 8.142690748441994E-6 
-0.01437676309994107 4.223277394172178E-4 
-0.01437676309994107 4.223277394172178E-4 
-0.0072992733393693 1.1699542744104966E-5 
-0.014148479849691906 3.5946818601527355E-4 
-0.0120407478307864 1.3426852864658053E-4 
-0.010087110603104752 4.3007569143020056E-5 
-0.014288163365299453 4.170415351627343E-4 
-0.014150052459690947 3.8116606318635014E-4 
-0.014086907500908366 3.4778181092437704E-4 
-0.008532711452360389 1.810245358396184E-5 
-0.008738621874051087 2.04064621162689E-5 
-0.013796127827978927 2.9944138613279925E-4 
-0.008392632610346729 1.6298102396674353E-5 
-0.007710393543342108 1.3158187078731506E-5 
-0.010830620226469669 6.868829072473757E-5 
-0.010699212402692103 6.30627740376646E-5 
-0.012872110940495465 2.027179145069912E-4 
-0.014277313463945458 4.035862212523986E-4 
-0.007504133829396811 1.270312142037773E-5 
-0.009869524163476919 3.837878485429212E-5 
-0.008990761801048644 2.3952154475034547E-5 
-0.009203577984755995 2.4496061429682217E-5 
-0.01259952669773302 1.6946360078293757E-4 
-0.011939143631747117 1.259981593813551E-4 
-0.008198872324452936 1.4766590773873032E-5 
-0.013283932786688645 2.3311919130585034E-4 
-0.011648524723808507 1.0963061594376091E-4 
-0.013986389321856071 3.322937848009211E-4 
-0.007872746727243045 1.3634746390003726E-5 
-0.012951185210324848 2.083715489654128E-4 
-0.013624027079049089 2.707055531438694E-4 
-0.013690702421230865 2.810882376717407E-4 
-0.012101519454280292 1.415572586576837E-4 
-0.012737400381658171 1.8385296966325762E-4 
-0.010525697435670948 5.64972498967387E-5 
-0.010607145632189821 6.0870662335540477E-5 
-0.00967413937315074 3.331006771065066E-5 
-0.013698554608739727 2.826275150974139E-4 
-0.011057056716688097 7.663680182032145E-5 
-0.013477190385116964 2.5370199321523245E-4 
-0.010444280710738668 5.3659983356836215E-5 
-0.013423800228261965 2.458888261909706E-4 
-0.010276255277634849 4.815129558176613E-5 
-0.01018301555719242 4.60556649210981E-5 
-0.013349894048607527 2.399697781083997E-4 
-0.00942544497263426 2.831421146772477E-5 
-0.012516692083206646 1.6483272972844475E-4 
-0.012770287390478294 1.8846397825678397E-4 
-0.013532953553363418 2.623552833494554E-4 
-0.013918423311488133 3.1661226246315757E-4 
-0.011585836151690846 1.0530889117958364E-4 
-0.014031630878279742 3.3741378714814533E-4 
-0.011653775610342337 1.1844314013814014E-4 
-0.012433389624703318 1.5764811195096427E-4 
-0.014172320820031187 3.847748267562816E-4 
-0.012327177898074691 1.5040118545144347E-4 
-0.01418723450128635 3.92392762246721E-4 
-0.013717227287675297 2.9436497662822347E-4 
-0.011501783296365801 1.0378644516406476E-4 
-0.011382363019951106 9.608121206454209E-5 
-0.009555008954719831 3.0760038536598714E-5 
-0.01267897165512297 1.7778833632596142E-4 
-0.010918618601250768 7.155833356194549E-5 
-0.012843049802240701 1.9496413275023295E-4 
-0.01263238649168057 1.7648875166840537E-4 
-0.013865774963027773 3.072859456973948E-4 
-0.00980115107069138 3.6912226838164566E-5 
-0.012231065242954971 1.4395658879267736E-4 
-0.011184187714288172 8.682824834322321E-5 
-0.013865754230367592 3.072852235238451E-4 
-0.014233353172992885 4.0110259029715005E-4 
-0.012321052148026377 1.5034590292960882E-4 
-0.0073629419448391804 1.1956371177152882E-5 
-0.013097682046173285 2.1728501343484731E-4 
-0.013606045598190133 2.6944178257391413E-4 
-0.014229657607389944 3.947261077431662E-4 
-0.008018395134568016 1.4205453397293319E-5 
-0.0124844700648485 1.618634163704284E-4 
-0.014090443306807771 3.563200207992222E-4 
-0.013556814717946519 2.6301980964083904E-4 
-0.013441090630595892 2.5277300528762816E-4 
-0.011325997877273014 9.05865772376766E-5 
-0.009281997224568683 2.7142132980760842E-5 
-0.013181522672444093 2.2344970190153223E-4 
-0.01280220571212977 1.9390998391529803E-4 
-0.011123650807621299 8.153760122998202E-5 
-0.013966133900290927 3.2427721772272845E-4 
-0.014373418576821475 4.2192799119265345E-4 
-0.013362226966299413 2.4280915708017756E-4 
-0.011478988197097337 9.796989830060907E-5 
-0.013924573652493426 3.1759075000585525E-4 
-0.013717227287675302 2.943649766282235E-4 
-0.011831705700218622 1.2153040878967073E-4 
-0.008886010767255932 2.0877219898468412E-5 
-0.013954875939812202 3.238919104742461E-4 
-0.011300655971301345 8.856357896240215E-5 
-0.0132380597902765 2.2868878716583846E-4 
-0.013154721676925461 2.2056150842030104E-4 
-0.009590621443603144 3.270379219005969E-5 
