0.1637634471462337 0.0 0.0 0.186290847915747 0.15159235341717917 0.0 0.0 0.1654380630383311 0.12005091410274117 0.0 0.0 
0.0 0.29984040166482895 0.0 0.0 0.0 0.0 0.0 0.35 0.35 0.0 0.0 
0.1006022305488964 0.21009259314172973 0.0 0.0 0.0 0.0 0.0 0.34995308321501467 0.33935209309435926 0.0 0.0 
0.17641718614287977 0.0 0.0 0.13011795765158327 0.1924570010441036 0.0 0.0 0.18740030568361893 0.14809224174189503 0.0 0.11724722788022966 
0.16810890217901378 0.0 0.0 0.15568049160795677 0.16227948779397391 0.0 0.0 0.17710130838594848 0.1285144033365434 0.0 0.10936460845281988 
0.1913556839177566 0.0 0.0 0.2360879772287886 0.16693918085305426 0.0 0.0 0.25608407380623116 0.14953308419416947 0.0 0.0 
0.16166990525632705 0.10283583950899496 0.0 0.16803431279683553 0.11357816251455503 0.0 0.0 0.33190696265093134 0.12197481727235604 0.0 0.0 
0.15478482319192935 0.11164055207949808 0.0 0.18407273356033058 0.11728536030378825 0.0 0.0 0.32388926406331964 0.10832726680113398 0.0 0.0 
0.0 0.34509373733888254 0.0 0.0 0.0 0.0 0.0 0.34932348650920036 0.30558277615191715 0.0 0.0 
0.1734222764406735 0.11112318607608584 0.0 0.2023530860722306 0.130857489268255 0.0 0.0 0.2434160545987983 0.13882790754395677 0.0 0.0 
0.1151256395525716 0.2742543917925202 0.0 0.0 0.0 0.0 0.0 0.34931503768428385 0.26130493097062435 0.0 0.0 
0.11573701640389693 0.2729159879288964 0.0 0.1407811314083677 0.0 0.0 0.0 0.349500119772025 0.121065744486814 0.0 0.0 
0.18464857479709004 0.0 0.0 0.24912066919014736 0.16232781743791336 0.0 0.0 0.22885709720119715 0.17504584137365203 0.0 0.0 
0.15498930295867433 0.20504582319400075 0.0 0.11111518147919994 0.0 0.0 0.0 0.34961415495875225 0.17923553740937267 0.0 0.0 
0.0 0.3121897939337084 0.0 0.0 0.0 0.0 0.0 0.34905288741826723 0.33875731864802433 0.0 0.0 
0.12417830984181598 0.24606684033109738 0.0 0.0 0.0 0.0 0.0 0.3498442867082214 0.27991056311886514 0.0 0.0 
0.15150558714767748 0.10713457745322676 0.0 0.11049944004921647 0.10312757821562761 0.0 0.0 0.3456874459047757 0.182045371229476 0.0 0.0 
0.14111275732660375 0.2079142648131362 0.0 0.10881724459135102 0.0 0.0 0.0 0.35 0.189000851012892 0.0 0.0 
0.0 0.3227846922525967 0.0 0.0 0.0 0.0 0.0 0.34863781372563696 0.321132069830526 0.0 0.0 
0.12799361872497944 0.3031065749264929 0.0 0.0 0.0 0.0 0.0 0.3486770425256771 0.22022276382285041 0.0 0.0 
0.12399783707773517 0.24896715975921016 0.0 0.0 0.0 0.0 0.0 0.34869577382042893 0.27833922934262584 0.0 0.0 
0.16081625410752912 0.10523513170611597 0.0 0.20804485663309202 0.10986311650497081 0.0 0.0 0.27388302419025123 0.14215761685804087 0.0 0.0 
0.0 0.3017095462594929 0.0 0.0 0.0 0.0 0.0 0.35 0.34728316626559175 0.0 0.0 
0.1419816097011178 0.21981341219946895 0.0 0.15962795914252506 0.0 0.0 0.0 0.34987220455059675 0.12870481440629147 0.0 0.0 
0.18970413274634737 0.0 0.0 0.2393454692075495 0.18110075938149825 0.0 0.0 0.21309472616743058 0.17675491249717412 0.0 0.0 
0.11660707816118729 0.2612350768842902 0.0 0.13083889016819975 0.0 0.0 0.0 0.35 0.14016905114283568 0.0 0.0 
0.12202499381624352 0.22569257512188923 0.0 0.0 0.0 0.0 0.0 0.35 0.300624087393877 0.0 0.0 
0.10403248605136642 0.25919515514392455 0.0 0.0 0.0 0.0 0.0 0.35 0.2867721424973949 0.0 0.0 
0.19231845387646954 0.0 0.0 0.21993441153283586 0.1852990076869151 0.0 0.0 0.19635796452487672 0.16571161311768515 0.0 0.0 
0.13825428827829273 0.3227726816927099 0.0 0.0 0.0 0.0 0.0 0.34600115413594124 0.18517233052360424 0.0 0.0 
0.13632332334666453 0.1414663685725012 0.0 0.11658916201697266 0.10518966885767052 0.0 0.0 0.3445367879171743 0.1558946892890169 0.0 0.0 
0.0 0.34217838068328443 0.0 0.0 0.0 0.0 0.0 0.3499320578180726 0.30788956149864305 0.0 0.0 
0.20524117667288067 0.0 0.0 0.22321202284752417 0.19597056644646316 0.0 0.0 0.19320315156057086 0.18039560941940758 0.0 0.0 
0.1565993061826562 0.0 0.0 0.1868396543844289 0.1708686091497373 0.0 0.0 0.1663791361845946 0.1314803578722788 0.0 0.0 
0.17012007552615852 0.10853170421807863 0.0 0.17734138625239776 0.11986902230310802 0.0 0.0 0.28027145316030394 0.14386635853995305 0.0 0.0 
0.11207324427476169 0.2192205973158421 0.0 0.0 0.0 0.0 0.0 0.3499991584312356 0.31870699997816065 0.0 0.0 
0.12424304629272297 0.3242269697695757 0.0 0.0 0.0 0.0 0.0 0.35 0.20005146951210642 0.0 0.0 
0.108855352080537 0.22817849251277608 0.0 0.0 0.0 0.0 0.0 0.34699741940561635 0.31596873600107067 0.0 0.0 
0.20404408156968776 0.0 0.0 0.2445894872768513 0.15848489119915216 0.0 0.0 0.22343916601945385 0.16944237393485498 0.0 0.0 
0.18815351385361148 0.0 0.0 0.22448718552188635 0.1973667316335633 0.0 0.0 0.23201938290577948 0.15797318608515942 0.0 0.0 
0.13859546518484633 0.2196732837286017 0.0 0.17111564129160384 0.0 0.0 0.0 0.35 0.12016510849231644 0.0 0.0 
0.18291085511122734 0.0 0.0 0.16940660853041362 0.19932190916900844 0.0 0.0 0.1940848423547599 0.1533746665331674 0.0 0.10090111830142326 
0.127136980896236 0.3109833204067886 0.0 0.0 0.0 0.0 0.0 0.34666846083415614 0.21521123786281932 0.0 0.0 
0.16179248537780858 0.14347794630840183 0.0 0.1195558407593975 0.10957032893095946 0.0 0.0 0.3499851518314007 0.11561824679203182 0.0 0.0 
0.12683702435121347 0.277733574564044 0.0 0.0 0.0 0.0 0.0 0.3499748708594676 0.2454545302252749 0.0 0.0 
0.10127376475319722 0.21816562435172707 0.0 0.10826774484911128 0.0 0.0 0.0 0.35 0.21965954342347913 0.0 0.0 
0.11274686103367013 0.2373364305396126 0.0 0.16586205658674724 0.0 0.0 0.0 0.35 0.13198652861200555 0.0 0.0 
0.15914021032763648 0.10587874218432607 0.0 0.17553598874211462 0.1327003827927844 0.0 0.0 0.31301865430641235 0.11372602164672607 0.0 0.0 
0.11078101404994364 0.31291031349323367 0.0 0.0 0.0 0.0 0.0 0.3466601665966545 0.22964850586016808 0.0 0.0 
0.13797679710050093 0.21856223619381474 0.0 0.17171985229595096 0.0 0.0 0.0 0.34197019081892344 0.11552095949805714 0.0 0.0 
0.11165840265495855 0.22621101119428424 0.0 0.10115222886915978 0.0 0.0 0.0 0.3489503595359708 0.21202799774562664 0.0 0.0 
0.1183945873643525 0.2225400722741635 0.0 0.0 0.0 0.0 0.0 0.3493500548698553 0.3097152854916287 0.0 0.0 
0.1933733175455316 0.0 0.0 0.211047535660573 0.1846387707834502 0.0 0.0 0.1820313788059485 0.1694686577778413 0.0 0.0 
0.17696541707399874 0.0 0.0 0.22660516626036564 0.17268134725476478 0.0 0.0 0.180682448239034 0.14976305544518193 0.0 0.0 
0.1565070269088578 0.101200483670425 0.0 0.18670405186176828 0.12173664050003405 0.0 0.0 0.31872164451482815 0.11513015254408672 0.0 0.0 
0.20840738019863522 0.0 0.0 0.20593122410136738 0.2010483723820886 0.0 0.0 0.1988719641990674 0.1857410591188413 0.0 0.0 
0.16502337941193893 0.10391259787383243 0.0 0.20484571166825924 0.10826549896665123 0.0 0.0 0.2634607816958631 0.13878645103316706 0.0 0.0 
0.0 0.3145641892298491 0.0 0.0 0.0 0.0 0.0 0.35 0.33332023915637304 0.0 0.0 
0.14966727797068866 0.10465268796343252 0.0 0.13189396662725694 0.1018452329619468 0.0 0.0 0.33513168721058456 0.1764341574393572 0.0 0.0 
0.16679404677328893 0.10010987270554589 0.0 0.1983722938011117 0.1378958883252207 0.0 0.0 0.25526840031439874 0.1415594980804341 0.0 0.0 
0.1095961368998642 0.23135356076286684 0.0 0.10948711143818658 0.0 0.0 0.0 0.3424712177030901 0.20709197319599235 0.0 0.0 
0.13902973741996094 0.22143059685307295 0.0 0.1763303227131984 0.0 0.0 0.0 0.35 0.11204912450975571 0.0 0.0 
0.13838379303882553 0.2192069383775974 0.0 0.17222638153769915 0.0 0.0 0.0 0.34297891461608493 0.11586171651151954 0.0 0.0 
0.15464291910234093 0.10914392627605948 0.0 0.11192415933892677 0.10506177427832857 0.0 0.0 0.35 0.16705627855710012 0.0 0.0 
0.10024327907672788 0.2181916222700856 0.0 0.0 0.0 0.0 0.0 0.34882163629221 0.33274346236097635 0.0 0.0 
0.1663982427326529 0.11542742970114582 0.0 0.13509171048600105 0.11826665596229939 0.0 0.0 0.35 0.1088320275718177 0.0 0.0 
0.1520302863679972 0.11171190578057849 0.0 0.13842098496604574 0.10796827276536519 0.0 0.0 0.34672407709430714 0.14314447302570643 0.0 0.0 
0.10263848648744552 0.21345179887110066 0.0 0.0 0.0 0.0 0.0 0.35 0.33386040013661666 0.0 0.0 
0.12165569220994728 0.27211606875183725 0.0 0.0 0.0 0.0 0.0 0.3464828645394182 0.2597453744987973 0.0 0.0 
0.0 0.31997006352026536 0.0 0.0 0.0 0.0 0.0 0.34577329069995716 0.3342566457797774 0.0 0.0 
0.15626262244691136 0.10997196402895656 0.0 0.18241084726997994 0.12095775698483896 0.0 0.0 0.28399076921667066 0.14640604005264243 0.0 0.0 
0.12116415070960757 0.22617611387213526 0.0 0.11004477361049292 0.0 0.0 0.0 0.34753087397999544 0.19508408782776873 0.0 0.0 
0.16427474122197153 0.109628739963513 0.0 0.1381652937112152 0.12737282870770658 0.0 0.0 0.3421207184626566 0.11843767793293694 0.0 0.0 
0.15463617547440184 0.10923896715359888 0.0 0.11191927857948199 0.10861871411987818 0.0 0.0 0.3487322172665138 0.1668546474061253 0.0 0.0 
0.1391563656968778 0.3069520964812929 0.0 0.0 0.0 0.0 0.0 0.34191673621873336 0.21119483148217902 0.0 0.0 
0.11107281987528125 0.227197981788294 0.0 0.10850237503113404 0.0 0.0 0.0 0.35 0.20309880230223895 0.0 0.0 
0.1531769741899971 0.21863351503288594 0.0 0.10456436261042941 0.0 0.0 0.0 0.34003744853917456 0.1768734869552245 0.0 0.0 
0.15550805395559683 0.11226393652141317 0.0 0.13315512507592195 0.10503789402917098 0.0 0.0 0.34986104065937274 0.1441739497585242 0.0 0.0 
0.16462843788196477 0.10986477941106246 0.0 0.13846277464193607 0.1253108610546961 0.0 0.0 0.34304046328168225 0.11869268372865835 0.0 0.0 
0.1901416617901354 0.0 0.0 0.21674521658988743 0.1880656667805756 0.0 0.0 0.19413545048812714 0.16383631425004155 0.0 0.0 
0.1677434933006355 0.11194361148180633 0.0 0.14108273035543067 0.10876022632245386 0.0 0.0 0.3495313834879171 0.12093855505175637 0.0 0.0 
0.16928214011073914 0.2030321563180178 0.0 0.11069210189316434 0.0 0.0 0.0 0.3385468697926969 0.17844673188538168 0.0 0.0 
0.17355142925752423 0.10928373864453685 0.0 0.20701942027124506 0.11386042481918755 0.0 0.0 0.25032635360526867 0.14595863340223753 0.0 0.0 
0.12753101011229728 0.28062039020529067 0.0 0.0 0.0 0.0 0.0 0.34717621700231055 0.2446723826801016 0.0 0.0 
0.13934108539566487 0.3253099514179282 0.0 0.0 0.0 0.0 0.0 0.3487210195491967 0.18662794363721016 0.0 0.0 
0.18712415382398198 0.0 0.0 0.21388795741529834 0.1804490842292253 0.0 0.0 0.19095967594039356 0.16325319726198942 0.0 0.0 
0.1455175739558024 0.11837894687929157 0.0 0.13973496523487036 0.1262958183064289 0.0 0.0 0.35 0.11962562137334615 0.0 0.0 
0.1362808052886972 0.21354680536303938 0.0 0.0 0.0 0.0 0.0 0.34978397217786417 0.30038841717039916 0.0 0.0 
0.18751361748253653 0.0 0.0 0.13878025638212443 0.20137717682793108 0.0 0.0 0.1886391316514261 0.15795113640022357 0.0 0.12505268787635057 
0.15297500019387925 0.11240608181897054 0.0 0.13320534477369858 0.10863918592664905 0.0 0.0 0.34874041674059136 0.14403397054621134 0.0 0.0 
0.17553954534337188 0.12316126328126299 0.0 0.17026918777344338 0.11852332345429573 0.0 0.0 0.24346797431599576 0.16903870583163014 0.0 0.0 
0.1583027498021459 0.31255424527545034 0.0 0.0 0.0 0.0 0.0 0.3472254949744295 0.17732345754230533 0.0 0.0 
0.11048107153660583 0.31098013728072427 0.0 0.0 0.0 0.0 0.0 0.34572157506511075 0.23281721611755915 0.0 0.0 
0.16501511391377016 0.1107790909140043 0.0 0.16305845855834863 0.11350397965946199 0.0 0.0 0.3416605117384133 0.10598284521600158 0.0 0.0 
0.10915436748093554 0.21601532894973816 0.0 0.0 0.0 0.0 0.0 0.3453748015791546 0.3294555019901716 0.0 0.0 
0.11003321220299106 0.21209677436387303 0.0 0.0 0.0 0.0 0.0 0.3496060330482667 0.32826398038486926 0.0 0.0 
0.11641818683893626 0.2583456329076651 0.0 0.1295652779313562 0.0 0.0 0.0 0.3472677642401521 0.14840313808189043 0.0 0.0 
0.110263501440133 0.21596787111942017 0.0 0.10718723457579704 0.0 0.0 0.0 0.3491140479914532 0.21746734487319658 0.0 0.0 
0.14175744983038902 0.30696527867121687 0.0 0.0 0.0 0.0 0.0 0.3406596040156415 0.2106176674827525 0.0 0.0 
0.15421238896621794 0.22011138971502558 0.0 0.10527117567215409 0.0 0.0 0.0 0.34233596501364927 0.17806908063295304 0.0 0.0 
