-0.006785939247978377 4.819433985526424E-5 
-0.01479245406058273 5.123216716540115E-4 
-0.014353836232311195 4.5310068595404797E-4 
-0.014349478709082496 3.670551819011562E-4 
-0.0073191518547972 5.044624552320815E-5 
-0.013713855457898756 2.93825255286904E-4 
-0.013660241434356674 2.706283800541152E-4 
-0.007920350686177675 5.722360959160445E-5 
-0.00932446359925426 7.620540948870547E-5 
-0.007540430787177928 5.4158155848485964E-5 
-0.0076814753202691126 5.493864874801479E-5 
-0.011752228803573184 1.3685027578780708E-4 
-0.008112802240829492 5.917335365111711E-5 
-0.00957450988675146 7.71843981350257E-5 
-0.012449536740455586 1.7232829399854298E-4 
-0.011656694357865083 1.3135326114643186E-4 
-0.013566591228994743 2.5652480549333376E-4 
-0.008632231764417795 6.826451422711001E-5 
-0.014201693082317854 3.405113486775114E-4 
-0.008863305377196762 7.012407054705075E-5 
-0.009173940581910234 7.359586516560404E-5 
-0.01186519541662946 1.4341268328105347E-4 
-0.011007182114307101 1.0814018487229846E-4 
-0.014272499825833798 3.5452360421213235E-4 
-0.010626929370020731 9.393652355275928E-5 
-0.014547142119599071 4.7779159195585037E-4 
-0.014395644867592674 4.582527279699807E-4 
-0.014224956309199753 3.504534178890353E-4 
-0.0098515787567727 8.244633306730682E-5 
-0.014467983517752933 4.674122585369983E-4 
-0.009046731042522481 7.308388641362725E-5 
-0.013943460597634977 3.122886720693742E-4 
-0.014307359658547679 3.641676480116174E-4 
-0.011988678866018999 1.5127525449884954E-4 
-0.012668776596282582 1.8130556432339705E-4 
-0.013312583784475474 2.3439815716682266E-4 
-0.013796606461984362 2.9799239738381917E-4 
-0.012959710956930074 1.991152449852688E-4 
-0.013462912458267024 2.5154155489205704E-4 
-0.012055887749179057 1.5501327689849807E-4 
-0.014129855022439132 3.3656699956032443E-4 
-0.012336468368173975 1.6798792187193806E-4 
-0.012749893965868906 1.8673991524933834E-4 
-0.012105844720281297 1.6093214021335934E-4 
-0.010920082265520012 1.0194137411129434E-4 
-0.01411607911515863 3.290694892372462E-4 
-0.013389220715099619 2.383701906135007E-4 
-0.011907244528936914 1.466593798719432E-4 
-0.012190242825460164 1.6312647890654033E-4 
-0.013866288915195214 3.0388264448486386E-4 
-0.013136693590779853 2.2015933953526228E-4 
-0.014030380354472377 3.204432769820094E-4 
-0.013246136328794062 2.2973733961385146E-4 
-0.012540859841147427 1.7826844349053638E-4 
-0.01144537133163398 1.2122882078201587E-4 
-0.011183619629407856 1.1004339607449482E-4 
-0.012999486760699844 2.0494951994454435E-4 
-0.010498734162947285 9.29220087712939E-5 
-0.010745850137986068 9.707753983133287E-5 
-0.009694945673690553 8.145859703797997E-5 
-0.008563981825327359 6.78956036256395E-5 
-0.014049092167879267 3.2537784077211E-4 
-0.008915094829843003 7.111359408541668E-5 
-0.0135999659522434 2.6420808773517025E-4 
-0.008275176727644381 5.9542969896761016E-5 
-0.014454128165988334 4.6563381980039697E-4 
-0.012275351996280609 1.6611206654766335E-4 
-0.011564892088302076 1.265312441423698E-4 
-0.014703988981634355 4.994571344363362E-4 
-0.013076141927777802 2.0692648033710296E-4 
-0.013973200348995761 3.1484184584196944E-4 
-0.008466739047902837 6.414906374826928E-5 
-0.012885977259624629 1.9481474228435298E-4 
-0.010449857213649287 8.976374843380617E-5 
-0.010121410126182895 8.538190208344756E-5 
-0.014628721019595892 4.888778226006057E-4 
-0.010192967880130006 8.634579028825434E-5 
-0.01460378966087746 4.8544779975715196E-4 
-0.011525446952633325 1.2569843644644527E-4 
-0.011112198354644947 1.0934391550388781E-4 
-0.008429985566179096 6.256255492058393E-5 
-0.008327882446971918 6.0132883996975724E-5 
-0.013438406416400829 2.42698380878585E-4 
-0.012781763580495344 1.9078232294383532E-4 
-0.014741423198840635 5.048440452856172E-4 
-0.010310860335408956 8.686011050247451E-5 
-0.009647079506724518 8.001741278721595E-5 
-0.011381095442095283 1.1925535993081198E-4 
-0.010358695327657232 8.80993929884152E-5 
-0.0145650666122632 4.801935601312479E-4 
-0.010017113004814147 8.36313150013788E-5 
-0.009964792502681556 8.360513215289493E-5 
-0.010858521629047413 1.0087768100425473E-4 
-0.012556618259008261 1.8098332434819236E-4 
-0.014744648980487326 5.086104482083421E-4 
-0.010803546162230856 9.812278507063244E-5 
-0.013449760764701621 2.466928726002672E-4 
-0.011274463265286147 1.1473494665806046E-4 
-0.012839663516591781 1.9305980118825992E-4 
-0.013849054101925887 3.028052698844285E-4 
