0.15593649736208548 0.0 0.27022864652440276 0.0 0.0 0.0 0.0 0.29455475980957785 0.0 0.0 0.0 
0.0 0.29999669539773055 0.0 0.0 0.0 0.0 0.0 0.35 0.35 0.0 0.0 
0.10851950270458956 0.1913719240543893 0.0 0.0 0.0 0.0 0.0 0.35 0.35 0.0 0.0 
0.0 0.24434825793908208 0.0 0.0 0.0 0.0 0.0 0.35 0.35 0.0 0.0 
0.1837626313227957 0.0 0.22829817298181554 0.0 0.0 0.0 0.0 0.3101436810204086 0.0 0.0 0.0 
0.19242433143228138 0.14320622306009664 0.0 0.0 0.0 0.0 0.0 0.35 0.30747512099529833 0.0 0.0 
0.1108923890685229 0.1066093242616802 0.0 0.0 0.0 0.0 0.0 0.35 0.3292110084693003 0.1032872781852155 0.0 
0.11672638141065864 0.0 0.22559599021544197 0.0 0.0 0.0 0.0 0.35 0.0 0.0 0.0 
0.23526398324578301 0.10671601839967974 0.0 0.0 0.0 0.0 0.0 0.35 0.19191030157757125 0.11049096568446763 0.0 
0.19327021189069513 0.0 0.2633966912654381 0.0 0.0 0.0 0.0 0.3197904456143693 0.0 0.0 0.0 
0.18642212236167494 0.0 0.20514171147713386 0.0 0.0 0.0 0.0 0.3144197766329713 0.10370692961281694 0.1025100323081684 0.0 
0.0 0.2852075152975441 0.0 0.0 0.0 0.0 0.0 0.35 0.35 0.0 0.0 
0.20627391763977476 0.0 0.1256388247531541 0.0 0.0 0.0 0.0 0.35 0.21322161280898339 0.10473700291195207 0.0 
0.19182390458927223 0.0 0.20386380459661535 0.0 0.0 0.0 0.0 0.32063000857031093 0.10564606498761488 0.10044719644792088 0.0 
0.2239251084311584 0.10933605399338149 0.0 0.0 0.0 0.0 0.0 0.3491562387248882 0.21097363450701326 0.1066089643435586 0.0 
0.18103809902564844 0.0 0.2480705682700151 0.0 0.0 0.0 0.0 0.31898285857657294 0.0 0.0 0.0 
0.16856926914526374 0.14494210798574758 0.0 0.0 0.0 0.0 0.0 0.35 0.33318094755480093 0.0 0.0 
0.18022443979926875 0.0 0.2465529345689703 0.0 0.0 0.0 0.0 0.31386033663494584 0.10807910144734978 0.0 0.0 
0.0 0.24862920344745024 0.0 0.0 0.0 0.0 0.0 0.35 0.35 0.0 0.0 
0.12746176514591834 0.17060874657097602 0.0 0.0 0.0 0.0 0.0 0.35 0.3477501549592847 0.0 0.0 
0.1566629421529984 0.0 0.21376519087724305 0.0 0.0 0.0 0.0 0.35 0.0 0.0 0.0 
0.13814820555508758 0.1132879129057524 0.0 0.0 0.0 0.0 0.0 0.35 0.28933848628166925 0.10918617304608991 0.0 
0.0 0.2776032419176278 0.0 0.0 0.0 0.0 0.0 0.35 0.35 0.0 0.0 
0.1463862355607604 0.1165551409062931 0.0 0.0 0.0 0.0 0.0 0.35 0.280562289871962 0.10461890010526503 0.0 
0.17797290922664383 0.0 0.1948124702016671 0.0 0.0 0.0 0.0 0.35 0.14725973688944105 0.10823184850007878 0.0 
0.18021673545369235 0.0 0.23266917051191213 0.0 0.0 0.0 0.0 0.35 0.0 0.0 0.0 
0.0 0.26510970338285694 0.0 0.0 0.0 0.0 0.0 0.35 0.35 0.0 0.0 
0.18636615274693746 0.1215678446307891 0.0 0.0 0.0 0.0 0.0 0.35 0.33510071540446373 0.0 0.0 
0.1386993793451104 0.0 0.23041190599256475 0.0 0.0 0.0 0.0 0.29000121296238457 0.1255050948224868 0.0 0.0 
0.0 0.2937285556758426 0.0 0.0 0.0 0.0 0.0 0.35 0.35 0.0 0.0 
0.1628014679457073 0.13165096301766446 0.0 0.0 0.0 0.0 0.0 0.35 0.3455402306476537 0.0 0.0 
0.20803824665831244 0.0 0.20296860053469382 0.0 0.0 0.0 0.0 0.35 0.10435573599461272 0.10134925298700904 0.0 
0.20393175769444977 0.0 0.16361328367349534 0.0 0.0 0.0 0.0 0.35 0.17395551321391306 0.10768737497880829 0.0 
0.17031074854355588 0.11586427233407848 0.0 0.0 0.0 0.0 0.0 0.34654807562496315 0.2642790375052356 0.10299786599216691 0.0 
0.11038867149466418 0.10612506208084985 0.0 0.0 0.0 0.0 0.0 0.3484101600601756 0.32771560042672243 0.1028181060660561 0.0 
0.19436970657970565 0.0 0.2065693948129685 0.0 0.0 0.0 0.0 0.3248852681833333 0.10795346971698577 0.10178028719694986 0.0 
0.1808688939341579 0.11240640269226804 0.0 0.0 0.0 0.0 0.0 0.3497421800659979 0.2545394384726043 0.10244308483497187 0.0 
0.18856564255651517 0.0 0.16212401212218677 0.0 0.0 0.0 0.0 0.35 0.1862652116737638 0.10103944903498732 0.0 
0.2039889177849548 0.0 0.12094155390534932 0.0 0.0 0.0 0.0 0.35 0.20685045321436282 0.10845286732148324 0.0 
0.21365419998908283 0.0 0.20362162484445878 0.0 0.0 0.0 0.0 0.34035516739800475 0.10653065056933493 0.10069418276805263 0.0 
0.15132701593470155 0.14863227437593243 0.0 0.0 0.0 0.0 0.0 0.35 0.35 0.0 0.0 
0.2031205332945319 0.0 0.17454533490131235 0.0 0.0 0.0 0.0 0.3491383228161375 0.1702149303088786 0.10298087867913973 0.0 
0.18891598564712403 0.15257177489477175 0.0 0.0 0.0 0.0 0.0 0.35 0.30785221454446876 0.0 0.0 
0.1282867034893423 0.17171293414133312 0.0 0.0 0.0 0.0 0.0 0.35 0.35 0.0 0.0 
0.2096987492534403 0.10775586392658126 0.0 0.0 0.0 0.0 0.0 0.35 0.22211526287033406 0.10746357253362601 0.0 
0.18843725376572376 0.0 0.2538817508992864 0.0 0.0 0.0 0.0 0.3019399719361738 0.10175963112313251 0.0 0.0 
0.15299920929560118 0.11120987657072114 0.0 0.0 0.0 0.0 0.0 0.35 0.2784581143310824 0.10507490907516459 0.0 
0.19802085039950382 0.0 0.15707066165336736 0.0 0.0 0.0 0.0 0.3460417459631927 0.19430251683537345 0.10456422514856269 0.0 
0.18372926168888046 0.0 0.23653993661185027 0.0 0.0 0.0 0.0 0.3035642470837687 0.10803666986692699 0.0 0.0 
0.14211706744204328 0.0 0.243448080698503 0.0 0.0 0.0 0.0 0.31399461124817096 0.11256784398920823 0.0 0.0 
0.1982908785630428 0.10167998241154524 0.0 0.0 0.0 0.0 0.0 0.35 0.23867341411638254 0.108884432993682 0.0 
0.21230764053987977 0.0 0.1835864810658005 0.0 0.0 0.0 0.0 0.3497088614198789 0.14696226878832547 0.10743474818611538 0.0 
0.16790096398548932 0.0 0.12175157993064332 0.0 0.0 0.0 0.0 0.35 0.25544857009123917 0.10407506649726643 0.0 
0.20785173424571968 0.10153202793579819 0.0 0.0 0.0 0.0 0.0 0.35 0.23200093135766944 0.10640948751875752 0.0 
0.0 0.25837947700946723 0.0 0.0 0.0 0.0 0.0 0.35 0.35 0.0 0.0 
0.19845486530859646 0.0 0.14561637052947293 0.0 0.0 0.0 0.0 0.3487502064163366 0.20583201752636668 0.10134654021922734 0.0 
0.17690849599887126 0.11714323032375397 0.0 0.0 0.0 0.0 0.0 0.35 0.24711580828915666 0.1033680665555906 0.0 
0.16601983946374294 0.10031647550709605 0.0 0.0 0.0 0.0 0.0 0.35 0.27768396422380726 0.10596977945018961 0.0 
0.20701476970717353 0.0 0.19931996248972036 0.0 0.0 0.0 0.0 0.3472115678968983 0.12964682182385695 0.1033587793370865 0.0 
0.19054163723456144 0.12415479096034611 0.0 0.0 0.0 0.0 0.0 0.35 0.3266711260789392 0.0 0.0 
0.19544980988939967 0.0 0.1822114387301721 0.0 0.0 0.0 0.0 0.35 0.1615024497446985 0.11055158505291358 0.0 
0.2239112576878481 0.0 0.16997794751224754 0.0 0.0 0.0 0.0 0.3400023010853288 0.16576085809570326 0.10028614285672514 0.0 
0.11667470545891397 0.18493026961081774 0.0 0.0 0.0 0.0 0.0 0.3491975124651341 0.3491975124651341 0.0 0.0 
0.17657352318380204 0.0 0.33292967105327204 0.0 0.0 0.0 0.0 0.35 0.0 0.0 0.0 
0.19617395524026873 0.0 0.20848688782390634 0.0 0.0 0.0 0.0 0.32790103550773414 0.10804183382966093 0.10272506892285897 0.0 
0.12965025983214826 0.10209705471937718 0.0 0.0 0.0 0.0 0.0 0.3490591868617791 0.31775339128721747 0.101440107299478 0.0 
0.16395171421714047 0.1141851887818576 0.0 0.0 0.0 0.0 0.0 0.35 0.26637503371026117 0.10351129610753868 0.0 
0.13200758278869512 0.10988877166923083 0.0 0.0 0.0 0.0 0.0 0.35 0.3049023590974546 0.10270974528625652 0.0 
0.17643228728922275 0.0 0.12844882636470953 0.0 0.0 0.0 0.0 0.34847122487000165 0.23525046785477172 0.11139719362129448 0.0 
0.0 0.2702556942257218 0.0 0.0 0.0 0.0 0.0 0.35 0.35 0.0 0.0 
0.2000696072574531 0.0 0.15262814707320632 0.0 0.0 0.0 0.0 0.34869976204032294 0.1971704267914034 0.10143205683761428 0.0 
0.2129983933813217 0.0 0.20780787434605916 0.0 0.0 0.0 0.0 0.35 0.1068438350352235 0.10376567003126826 0.0 
0.2069605636978368 0.0 0.27024100316735594 0.0 0.0 0.0 0.0 0.35 0.0 0.0 0.0 
0.1410707610603356 0.10648103057148593 0.0 0.0 0.0 0.0 0.0 0.35 0.2987128422844939 0.10369641055140283 0.0 
0.20983667401976927 0.0 0.20203697568898038 0.0 0.0 0.0 0.0 0.35 0.13141409150290728 0.1047677057898634 0.0 
0.2057765222033791 0.0 0.2485471325831668 0.0 0.0 0.0 0.0 0.3285380274326056 0.1083286104619685 0.10220455512582424 0.0 
0.13358347510673452 0.10741409730332432 0.0 0.0 0.0 0.0 0.0 0.35 0.3013303884710086 0.1046050763520368 0.0 
0.1649026907060799 0.1333501368851258 0.0 0.0 0.0 0.0 0.0 0.35 0.35 0.0 0.0 
0.19802444725980317 0.0 0.11090169696613204 0.0 0.0 0.0 0.0 0.34596024226721034 0.24052598638890144 0.10458762711795297 0.0 
0.1922008002109053 0.1252358829226427 0.0 0.0 0.0 0.0 0.0 0.35 0.3295156520612762 0.0 0.0 
0.0 0.2733142068286117 0.0 0.0 0.0 0.0 0.0 0.35 0.35 0.0 0.0 
0.18127370930522613 0.0 0.10053306265268594 0.0 0.0 0.0 0.0 0.35 0.24610952761841326 0.11238700891740865 0.0 
0.20643561241308256 0.0 0.11345392465159232 0.0 0.0 0.0 0.0 0.3465878062301778 0.22899777346527705 0.10452488323987014 0.0 
0.18938065632918416 0.10702345367634235 0.0 0.0 0.0 0.0 0.0 0.35 0.24535032119951625 0.1060297441427875 0.0 
0.1511854149239436 0.14849319491181373 0.0 0.0 0.0 0.0 0.0 0.34967249500388836 0.34967249500388836 0.0 0.0 
0.21762865435541334 0.0 0.122836569780853 0.0 0.0 0.0 0.0 0.35 0.19222233905903852 0.10822141610860977 0.0 
0.22333348584882148 0.10805617398250247 0.0 0.0 0.0 0.0 0.0 0.35 0.18500352567378409 0.1140494045506995 0.0 
0.18818924385544678 0.10635015852485227 0.0 0.0 0.0 0.0 0.0 0.35 0.24380679801832886 0.10536270051643466 0.0 
0.22140365636593357 0.11498427080107455 0.0 0.0 0.0 0.0 0.0 0.35 0.184179388170433 0.11061550974559217 0.0 
0.20643561241308256 0.0 0.11345392465159232 0.0 0.0 0.0 0.0 0.3465878062301778 0.22899777346527705 0.10452488323987014 0.0 
0.12203238763149375 0.10404069143041086 0.0 0.0 0.0 0.0 0.0 0.35 0.32084270053684505 0.1029274286310154 0.0 
0.21804514680856693 0.10862561626075622 0.0 0.0 0.0 0.0 0.0 0.35 0.2139449036748756 0.1042486177382528 0.0 
0.16444714618467854 0.13298175645406046 0.0 0.0 0.0 0.0 0.0 0.35 0.34903312322068375 0.0 0.0 
0.0 0.258585849610746 0.0 0.0 0.0 0.0 0.0 0.35 0.35 0.0 0.0 
0.20194119098686247 0.0 0.2226911900758579 0.0 0.0 0.0 0.0 0.35 0.11540277091107509 0.109723772501116 0.0 
0.20223068038882946 0.0 0.25500498543246886 0.0 0.0 0.0 0.0 0.3289689624262182 0.11364099448453287 0.10015437726795065 0.0 
0.11381421620523742 0.18512389259344908 0.0 0.0 0.0 0.0 0.0 0.35 0.35 0.0 0.0 
0.202757902139266 0.0 0.2522812779583375 0.0 0.0 0.0 0.0 0.33612563331586615 0.10782493497960857 0.10101025160692186 0.0 
0.0 0.2955822835100834 0.0 0.0 0.0 0.0 0.0 0.35 0.35 0.0 0.0 
0.16605027863413696 0.0 0.12040957533380778 0.0 0.0 0.0 0.0 0.3461421313040865 0.2526328928284653 0.10292790095136665 0.0 
