0.0 0.30000000000000016 0.0 0.0 0.0 0.0 0.0 0.35 0.35 0.0 0.0 
0.0 0.21086226869434974 0.0 0.10894540733802455 0.2271436836720844 0.0 0.0 0.3499999999999999 0.10304864029554127 0.0 0.0 
0.0 0.30000000000000016 0.0 0.0 0.0 0.0 0.0 0.35 0.35 0.0 0.0 
0.0 0.20514840362139372 0.0 0.11042317075776972 0.0 0.11953810697150678 0.0 0.35 0.2148903186493298 0.0 0.0 
0.0 0.19924935322325305 0.0 0.11435586975276874 0.0 0.12635030480771045 0.0 0.35 0.21004447221626787 0.0 0.0 
0.0 0.22529612087094314 0.0 0.0 0.0 0.13060026122157556 0.0 0.35 0.2941036179074814 0.0 0.0 
0.0 0.21933295960627486 0.0 0.10811139836870187 0.17918789076657748 0.0 0.0 0.35 0.14336775125844578 0.0 0.0 
0.0 0.24317931181193167 0.0 0.0 0.0 0.123013782381618 0.0 0.35 0.2838069058064504 0.0 0.0 
0.0 0.2472792437260867 0.0 0.0 0.10465103411145543 0.11389279642343843 0.0 0.35 0.18417692573901928 0.0 0.0 
0.0 0.219466365606306 0.0 0.0 0.0 0.10497266794304323 0.0 0.35 0.32556096645065086 0.0 0.0 
0.0 0.23049307464122207 0.0 0.1024173562067401 0.0 0.15459600823669134 0.0 0.35 0.16249356091534667 0.0 0.0 
0.0 0.24778979203064014 0.0 0.0 0.11210096784606913 0.1283383791942654 0.0 0.35 0.16177086092902526 0.0 0.0 
0.10402255617049616 0.2104681709152626 0.0 0.0 0.0 0.0 0.0 0.35 0.33550927291424126 0.0 0.0 
0.0 0.21043380380361215 0.0 0.10191171063211572 0.0 0.1587757223353084 0.0 0.35 0.17887876322896368 0.0 0.0 
0.0 0.19842175187379588 0.0 0.0 0.0 0.0 0.10157824812620421 0.35 0.35 0.0 0.0 
0.0 0.19648705409042372 0.0 0.10430287237240797 0.0 0.1464154161540055 0.0 0.35 0.2027946573831628 0.0 0.0 
0.0 0.25745288751410295 0.0 0.0 0.17069505461042608 0.10645642362850441 0.0 0.35 0.11539563424696661 0.0 0.0 
0.0 0.20007700418793223 0.0 0.0 0.0 0.10463251772120072 0.0 0.35 0.34529047809086705 0.0 0.0 
0.11595104543791848 0.19355528720661547 0.0 0.0 0.0 0.0 0.0 0.35 0.3404936673554662 0.0 0.0 
0.0 0.20475058228130966 0.0 0.10767586851117492 0.1904821396347853 0.0 0.0 0.3484275252844259 0.14866388428830427 0.0 0.0 
0.12231851151487906 0.20220488336362488 0.0 0.0 0.0 0.0 0.0 0.35 0.3254766051214961 0.0 0.0 
0.0 0.19117123109638418 0.0 0.10090164358154437 0.0 0.13328538679040358 0.0 0.35 0.22464173853166788 0.0 0.0 
0.0 0.2684142971247065 0.0 0.0 0.0 0.11440319913301487 0.0 0.35 0.26718250374227875 0.0 0.0 
0.0 0.1982137664877579 0.0 0.0 0.0 0.10178623351224209 0.0 0.35 0.35 0.0 0.0 
0.0 0.24278022846098957 0.0 0.0 0.16515368047082812 0.11295966845578176 0.0 0.3499999999999999 0.12910642261240066 0.0 0.0 
0.0 0.21807790555310716 0.0 0.0 0.0 0.12516289477893483 0.0 0.35 0.30675919966795795 0.0 0.0 
0.0 0.20204921409699172 0.0 0.0 0.0 0.11083397474158982 0.0 0.35 0.33711681116141834 0.0 0.0 
0.0 0.26404721936195585 0.0 0.0 0.13605655919502968 0.12050131761244229 0.0 0.35 0.12939490383057228 0.0 0.0 
0.0 0.21593139710041967 0.0 0.0 0.0 0.116606887381007 0.0 0.35 0.3174617155185733 0.0 0.0 
0.0 0.3067269543614756 0.0 0.0 0.0 0.0 0.0 0.35 0.34327304563852445 0.0 0.0 
0.0 0.26000436329249704 0.0 0.0 0.0 0.18711102088428697 0.0 0.35 0.20288461582321599 0.0 0.0 
0.10861230333281759 0.19737999124587974 0.0 0.0 0.0 0.0 0.0 0.34785024232567857 0.3461574630956242 0.0 0.0 
0.0 0.19952019896519155 0.0 0.0 0.0 0.14287075078379594 0.0 0.35 0.30760905025101254 0.0 0.0 
0.0 0.21165770616565988 0.0 0.10909805389374176 0.20652711287331055 0.0 0.0 0.35 0.12271712706728785 0.0 0.0 
0.0 0.25492120805785606 0.0 0.0 0.10852667625010326 0.1109613763201011 0.0 0.35 0.1755907393719396 0.0 0.0 
0.0 0.236743919842188 0.0 0.0 0.0 0.10889956691952105 0.0 0.34805351067294765 0.3063030025653434 0.0 0.0 
0.0 0.20985696375122118 0.0 0.0 0.0 0.10897926928420394 0.0 0.35 0.3311637669645749 0.0 0.0 
0.1006375770611163 0.1993624229388837 0.0 0.0 0.0 0.0 0.0 0.35 0.35 0.0 0.0 
0.0 0.21388908889812416 0.0 0.12217068382205712 0.188705116186292 0.0 0.0 0.35 0.12523511109352678 0.0 0.0 
0.0 0.23786095427004436 0.0 0.0 0.12003356222955175 0.1335873942047926 0.0 0.35 0.15851808929561123 0.0 0.0 
0.0 0.22641052534245637 0.0 0.0 0.0 0.15348742197691528 0.0 0.35 0.2701020526806285 0.0 0.0 
0.0 0.2436047888096967 0.0 0.0 0.0 0.15037607416977244 0.0 0.35 0.256019137020531 0.0 0.0 
0.0 0.24079659831230907 0.0 0.0 0.16648501354483491 0.12118987651749034 0.0 0.35 0.12152851162536561 0.0 0.0 
0.0 0.276952997312466 0.0 0.0 0.0 0.1959126708774525 0.0 0.35 0.1771343318100815 0.0 0.0 
0.0 0.25125993446539296 0.0 0.0 0.0 0.18095575732734942 0.0 0.35 0.21778430820725767 0.0 0.0 
0.0 0.24368538923018304 0.0 0.0 0.10354301800055132 0.13517487305322237 0.0 0.35 0.16759671971604317 0.0 0.0 
0.0 0.21243774761284206 0.0 0.11644421299180335 0.18575635297028542 0.0 0.0 0.35 0.13536168642506932 0.0 0.0 
0.0 0.23010734680786354 0.0 0.0 0.0 0.10161137583589856 0.0 0.35 0.3182812773562379 0.0 0.0 
0.11013975288103216 0.20970373665108819 0.0 0.0 0.0 0.0 0.0 0.35 0.3301565104678797 0.0 0.0 
0.0 0.21605177250432023 0.0 0.11948297656530045 0.18433487623091607 0.0 0.0 0.35 0.1301303746994632 0.0 0.0 
0.0 0.25220729102502015 0.0 0.0 0.0 0.13994853002419363 0.0 0.35 0.25784417895078615 0.0 0.0 
0.0 0.2502192882408746 0.0 0.0 0.12251388479142283 0.12150778575170053 0.0 0.35 0.15575904121600206 0.0 0.0 
0.0 0.258104808128791 0.0 0.0 0.13391793624739837 0.11644781825762072 0.0 0.35 0.14152943736618992 0.0 0.0 
0.0 0.2496884878499662 0.0 0.0 0.1079793023198158 0.12932177541102766 0.0 0.35 0.16301043441919041 0.0 0.0 
0.0 0.24972427651401238 0.0 0.0 0.0 0.1571611544917432 0.0 0.35 0.2431145689942445 0.0 0.0 
0.0 0.25920011359195355 0.0 0.0 0.11666033118295183 0.13315790153340468 0.0 0.35 0.14098165369168994 0.0 0.0 
0.0 0.2516580556122791 0.0 0.0 0.13936724574228992 0.11644721509800185 0.0 0.35 0.1425274835474291 0.0 0.0 
0.0 0.21623030946472327 0.0 0.10855698676781901 0.21017083748783502 0.0 0.0 0.3486251937657643 0.11641667251385844 0.0 0.0 
0.0 0.25402008954169814 0.0 0.0 0.0 0.15733120815778917 0.0 0.35 0.23864870230051266 0.0 0.0 
0.0 0.23067645530261024 0.0 0.0 0.0 0.14477300428555326 0.0 0.35 0.2745505404118367 0.0 0.0 
0.0 0.21484596241681708 0.0 0.12087973152959378 0.19254517805946583 0.0 0.0 0.35 0.1217291279941233 0.0 0.0 
0.0 0.171344273995665 0.0 0.10310998058992751 0.0 0.17239985111086245 0.0 0.35 0.20314589430354518 0.0 0.0 
0.0 0.28904277169993636 0.0 0.0 0.0 0.16189978061658852 0.0 0.35 0.19905744768347514 0.0 0.0 
0.0 0.30399429401180794 0.0 0.0 0.0 0.0 0.0 0.35 0.34600570598819214 0.0 0.0 
0.0 0.26134656956354263 0.0 0.0 0.1084651894411084 0.11162879107967723 0.0 0.35 0.1685594499156717 0.0 0.0 
0.0 0.23421689875944948 0.0 0.0 0.0 0.14446657270252206 0.0 0.34964212398188954 0.27167440455613895 0.0 0.0 
0.0 0.2685066492894614 0.0 0.0 0.0 0.1508589844763419 0.0 0.35 0.2306343662341967 0.0 0.0 
0.0 0.21397886510619157 0.0 0.11141569292226744 0.2178827534358077 0.0 0.0 0.35 0.10672268853573325 0.0 0.0 
0.0 0.20126681226103407 0.0 0.0 0.0 0.10732616197689124 0.0 0.3499999999999999 0.3414070257620746 0.0 0.0 
0.0 0.21619437242582917 0.0 0.0 0.0 0.10193006515341894 0.0 0.35 0.331875562420752 0.0 0.0 
0.0 0.2775640597770955 0.0 0.0 0.0 0.1706328624392258 0.0 0.35 0.2018030777836787 0.0 0.0 
0.0 0.25769916028148016 0.0 0.0 0.12596971340787982 0.12042310968832647 0.0 0.35 0.14590801662231342 0.0 0.0 
0.0 0.2519712626591147 0.0 0.0 0.0 0.10779443373055675 0.0 0.35 0.29023430361032854 0.0 0.0 
0.0 0.1860088112905892 0.0 0.0 0.0 0.0 0.11399118870941094 0.35 0.35 0.0 0.0 
0.0 0.2649094089342555 0.0 0.0 0.0 0.16355941713565553 0.0 0.35 0.22153117393008903 0.0 0.0 
0.0 0.2086758104634546 0.0 0.10908703680112339 0.21569213876821888 0.0 0.0 0.35 0.11654501396720313 0.0 0.0 
0.0 0.24919461325968442 0.0 0.0 0.0 0.15437145640217625 0.0 0.35 0.24643393033813935 0.0 0.0 
0.0 0.21198586769868558 0.0 0.10434028557058432 0.0 0.15000662223248318 0.0 0.3498154098187187 0.1838518146795282 0.0 0.0 
0.0 0.25386945795503363 0.0 0.0 0.1548228902599473 0.11136383079349951 0.0 0.35 0.12994382099151958 0.0 0.0 
0.0 0.2272414763330139 0.0 0.0 0.0 0.11103338630310686 0.0 0.35 0.3117251373638793 0.0 0.0 
0.0 0.22990414695166592 0.0 0.0 0.0 0.13658302422067192 0.0 0.35 0.2835128288276622 0.0 0.0 
0.0 0.24114628107822383 0.0 0.0 0.0 0.14606839405459973 0.0 0.35 0.26278532486717643 0.0 0.0 
0.0 0.2560904301690299 0.0 0.0 0.0 0.16163606974070543 0.0 0.35 0.23227350009026468 0.0 0.0 
0.0 0.2305831326144503 0.0 0.0 0.0 0.10999864320012785 0.0 0.35 0.30941822418542186 0.0 0.0 
0.0 0.21962695602747537 0.0 0.0 0.0 0.11041221188591874 0.0 0.35 0.31996083208660603 0.0 0.0 
0.10310341672433322 0.19859982409147842 0.0 0.0 0.0 0.0 0.0 0.35 0.3482967591841884 0.0 0.0 
0.0 0.2706384035706208 0.0 0.0 0.1386642722051162 0.11794285464378833 0.0 0.35 0.12275446958047458 0.0 0.0 
0.0 0.20126681226103407 0.0 0.0 0.0 0.10732616197689124 0.0 0.35 0.34140702576207466 0.0 0.0 
0.0 0.21613966958141598 0.0 0.1061406527867747 0.0 0.13876439252068024 0.0 0.35 0.1889552851111292 0.0 0.0 
0.0 0.22718147533538136 0.0 0.1070090760296877 0.0 0.1349185594512114 0.0 0.35 0.18089088918371962 0.0 0.0 
0.0 0.21716850277178662 0.0 0.11062459352811012 0.21568307199636416 0.0 0.0 0.35 0.10652383170373916 0.0 0.0 
0.0 0.2693845435631095 0.0 0.0 0.0 0.18944565612995445 0.0 0.35 0.19116980030693617 0.0 0.0 
0.0 0.1860088112905892 0.0 0.0 0.0 0.0 0.11399118870941094 0.35 0.35 0.0 0.0 
0.10141832044721676 0.2205823373013497 0.0 0.0 0.0 0.0 0.0 0.35 0.32799934225143357 0.0 0.0 
0.0 0.23115721341189893 0.0 0.0 0.0 0.16152976491563287 0.0 0.35 0.2573130216724681 0.0 0.0 
0.0 0.25299226350703624 0.0 0.0 0.15247507816918332 0.11089578134934447 0.0 0.35 0.133636876974436 0.0 0.0 
0.0 0.23232004921422839 0.0 0.0 0.0 0.1837100575298412 0.0 0.35 0.23396989325593048 0.0 0.0 
0.0 0.2201275724396333 0.0 0.0 0.0 0.12990876461318884 0.0 0.35 0.2999636629471778 0.0 0.0 
0.0 0.2400897564960012 0.0 0.0 0.0 0.13039567767892016 0.0 0.35 0.2795145658250786 0.0 0.0 
0.0 0.26877872291270244 0.0 0.0 0.0 0.16449503164583482 0.0 0.35 0.21672624544146263 0.0 0.0 
