-0.013698792162351306 5.790527131007629E-4 
-0.0017397510477988498 3.310410825993746E-5 
-0.013698792162351306 5.790527131007629E-4 
-0.003364436112509185 6.373555376732576E-5 
-0.0055116374789034445 6.569277495361787E-5 
-0.008716681190545889 1.5559965689045715E-4 
-0.008229168982064841 1.5539235045038596E-4 
-0.012103037628801591 3.8489596481145464E-4 
-0.0022920591129579537 4.9229981579770616E-5 
-0.010211169128042107 2.275421060984352E-4 
-0.002757158215345205 4.947823918112569E-5 
-0.012698573200799713 4.457705996212954E-4 
-0.012792486893583074 4.565287845849349E-4 
-0.0069942320880784295 9.955866138027918E-5 
-0.006472116333338322 9.02933102736181E-5 
-0.012203634047992556 3.966909421354416E-4 
-0.003163690309106142 5.782292669287649E-5 
-0.006376926391561176 8.235481457674413E-5 
-0.012322379779724982 4.1277536188858723E-4 
-0.012997643523846353 4.821199054600942E-4 
-0.011804430044679915 3.5394387607280047E-4 
-0.009942576529144929 2.1110798162026777E-4 
-0.0128879459511059 4.6844578848244736E-4 
-0.0100691828316338 2.186406394495731E-4 
-0.010337617212089952 2.3636112103682087E-4 
-0.012376766616592932 4.2176521419981777E-4 
-0.013337105289275005 5.302845399926106E-4 
-0.00220260641969427 4.4561387212914546E-5 
-0.00743385976439871 1.1072808128516759E-4 
-0.010679003795126261 2.6521004271427406E-4 
-0.012512356187696427 4.263765844872428E-4 
-0.00975650023174963 2.0276452286269552E-4 
-0.0019557758026313454 4.275472818638363E-5 
-0.010759727970161613 2.7316583160237E-4 
-0.013273863563033115 5.226725446104008E-4 
-0.013161205482842343 5.045764589225575E-4 
-0.007233645412932322 1.0568394130881732E-4 
-0.013440176496083622 5.432743606496951E-4 
-0.013620938414987419 5.678027002297825E-4 
-0.011280797779439643 3.143302518799435E-4 
-0.008086944259439984 1.476262900358226E-4 
-0.005995611554437335 7.106606397171508E-5 
-0.006701400414019271 9.664193944983166E-5 
-0.007716020623299994 1.2593124143712019E-4 
-0.006228330942507457 7.702490773853804E-5 
-0.01352076165026963 5.539343617715842E-4 
-0.002757158215345205 4.947823918112569E-5 
-0.007865194503828029 1.3197280347423222E-4 
-0.011189820938543522 3.0905577917236007E-4 
-0.011525479943095569 3.344902660678832E-4 
-0.009505984521598876 1.876391922664143E-4 
-0.01339188168096416 5.393447914892656E-4 
-0.011906562374385685 3.6384696887268165E-4 
-0.012608326440841235 4.366704489986317E-4 
-0.011579637025319127 3.3931299712142333E-4 
-0.009270017930351522 1.7732297547678287E-4 
-0.01078013915622699 2.814006306409623E-4 
-0.003163690309106142 5.782292669287649E-5 
-0.010976592116852731 2.93649437378677E-4 
-0.008963401172604638 1.6109953973092125E-4 
-0.007167327382908964 1.0234803925148164E-4 
-0.011117083338149395 3.0344947736054347E-4 
-0.013072561770794819 4.921797757393201E-4 
-0.006639581467261669 9.6387556359143E-5 
-0.01136466237907499 3.2134674711466855E-4 
-0.006139438512385144 7.405669432466598E-5 
-0.012865579302086774 4.653175401806303E-4 
-0.011028082909324437 2.9953994338753913E-4 
-0.01061184208365557 2.5873781056762803E-4 
-0.009081670200966056 1.6700281139152967E-4 
-0.005849949959064016 6.724750736690247E-5 
-0.012007651854003154 3.7434859881632426E-4 
-0.010400674935088517 2.4122917078155448E-4 
-0.010453286924719175 2.4617995077849046E-4 
-0.012007651854003154 3.7434859881632426E-4 
-0.01369126409337032 5.787832888855266E-4 
-0.0075132522598389045 1.1430936962586124E-4 
-0.009396332944224556 1.831022185945679E-4 
-0.009198936613755896 1.745509846730417E-4 
-0.011443781661740584 3.2759297448517867E-4 
-0.01172235120928479 3.465001753699211E-4 
-0.011889190826517081 3.621124188155423E-4 
-0.007558500986713637 1.1977735805832826E-4 
-0.008038308108093799 1.4387373364974806E-4 
-0.007865194503828029 1.3197280347423222E-4 
-0.009615882081753034 1.941042364481687E-4 
-0.013587266903968892 5.630649956888145E-4 
-0.01061184208365557 2.5873781056762803E-4 
-0.011653721466571901 3.462338417985457E-4 
-0.013027066984214911 4.8602523871505126E-4 
-0.007675491780714901 1.2136231260322618E-4 
-0.009987692404771951 2.1507060918394478E-4 
-0.013228640023939274 5.143655264343893E-4 
-0.009124098130094467 1.6928799871675508E-4 
-0.010914015287871953 2.8741464097673214E-4 
-0.005633922474184122 6.581536219878967E-5 
-0.010453286924719175 2.4617995077849046E-4 
-0.01354669388923296 5.574588154606381E-4 
-0.010840353054348049 2.8704184758324895E-4 
-0.012254058114484358 4.0300085941714404E-4 
