-0.013698792162351306 5.790527131007629E-4 
-0.0026917293056459893 4.848803812601736E-5 
-0.013698792162351306 5.790527131007629E-4 
-0.003913133578981009 5.902836904060979E-5 
-0.007030663819641015 1.277039990342552E-4 
-0.008036935853942936 1.3029824203959864E-4 
-0.006109960014640446 8.730072548954403E-5 
-0.005410126185968894 8.614958662817425E-5 
-0.008179399840843815 1.562572730314465E-4 
-0.008168234518849531 1.3400462029778835E-4 
-0.010249115065677786 2.287999717087321E-4 
-0.011023556983809336 2.876648732627379E-4 
-0.005148276415768152 7.846894807624877E-5 
-0.011579414950593694 3.320496826140001E-4 
-0.004543517135383864 6.66664252421409E-5 
-0.010988254685219405 2.7844094073515386E-4 
-0.012639536468234028 4.3985005122620783E-4 
-0.013430852445481652 5.420695031457325E-4 
-0.012778219819747376 4.5485573491867463E-4 
-0.013080654693355688 4.93289356643218E-4 
-0.013353055089598755 5.32247330923372E-4 
-0.01250617994975071 4.3138794854523756E-4 
-0.009093646015475406 1.7673535136716358E-4 
-0.00836461436573966 1.5866666352410728E-4 
-0.010526243313951151 2.4923461554835435E-4 
-0.01266882306220071 4.477664019918086E-4 
-0.005068863279815925 7.39402122936671E-5 
-0.004306521127734506 6.571004794545099E-5 
-0.00895435451009551 1.6942465590408785E-4 
-0.010293297854758833 2.3766555732477435E-4 
-0.006953130326199493 1.2139887222076689E-4 
-0.011188644892999125 2.9567674871676137E-4 
-0.006587313363651368 1.0042146708528461E-4 
-0.005393903741333338 8.487133866347729E-5 
-0.013487961910212452 5.495421526073832E-4 
-0.010087428700901815 2.1716156678014048E-4 
-0.011506984637700307 3.2435515319658863E-4 
-0.012408527889676857 4.1996757419515967E-4 
-0.004784184749478887 6.850349812263237E-5 
-0.010347686395102734 2.4522075474563067E-4 
-0.013127250413106325 4.997646534329667E-4 
-0.004832498470201954 7.226086484837433E-5 
-0.009918134462253477 2.0876379767893868E-4 
-0.01069481882967159 2.597839474942255E-4 
-0.006250337456572689 8.834275714668217E-5 
-0.006845176115129854 1.1561481777399053E-4 
-0.013632001960311982 5.693762372846286E-4 
-0.011240657982104402 2.981606605395666E-4 
-0.006397330054551378 9.235802686545448E-5 
-0.01069481882967159 2.597839474942255E-4 
-0.013001897574150212 4.8268089283039564E-4 
-0.011757381754052828 3.496209526839792E-4 
-0.013182136716976127 5.075817702961306E-4 
-0.010870861334116723 2.695816023026492E-4 
-0.0064845867761047764 9.540353605973871E-5 
-0.008530810100970725 1.6136637082573711E-4 
-0.004171952430024358 6.323602433472803E-5 
-0.013574816695587626 5.613327623612917E-4 
-0.011409401898397271 3.173488162186924E-4 
-0.004039465515130304 6.157298563641024E-5 
-0.009330140574188522 1.8181139971467985E-4 
-0.009202459636751658 1.7966182857741148E-4 
-0.011667111460578502 3.427754236262552E-4 
-0.010087428700901815 2.1716156678014048E-4 
-0.012486476843873629 4.246364934509495E-4 
-0.013541435459330954 5.567404392159029E-4 
-0.009427531080242977 1.854023097835112E-4 
-0.012233034688773417 4.013113807252927E-4 
-0.009848201570162057 2.0332127433369992E-4 
-0.006673963703143015 1.0718071290460815E-4 
-0.012353866442965128 4.1143235793861873E-4 
-0.011344006323690092 3.067612524829886E-4 
-0.011859301478544087 3.694399714593494E-4 
-0.010870861334116723 2.695816023026492E-4 
-0.012145974063475368 3.953281104976901E-4 
-0.00959689272501469 1.9221498291137579E-4 
-0.012002282090737495 3.7742733870329794E-4 
-0.01284493178315241 4.627979683791934E-4 
-0.009693960809543673 1.9606866197732043E-4 
-0.0095046189776333 1.8935618275905808E-4 
-0.011926962446479058 3.705931243170661E-4 
-0.011853814118030449 3.5864360504817564E-4 
-0.012099703310739078 3.8451681654544183E-4 
-0.01179819451574715 3.5754738680071136E-4 
-0.013301665130495117 5.253154693901972E-4 
-0.012108516811433436 3.919221096215159E-4 
-0.013218414948151552 5.12861291133996E-4 
-0.008854753567232962 1.6706369682491606E-4 
-0.013672714126355867 5.752384036450213E-4 
-0.013248976950953614 5.173785080667493E-4 
-0.010461412430410788 2.4904903982729185E-4 
-0.012980431442191732 4.803080795427661E-4 
-0.006759584628430608 1.1209509008180781E-4 
-0.008777122912109964 1.650586820237072E-4 
-0.012056341644533744 3.796550823871103E-4 
-0.011344006323690092 3.067612524829886E-4 
-0.011445329389973637 3.1877870689567565E-4 
-0.01227333200787289 4.048955747742158E-4 
-0.012905063794000788 4.7021660800146685E-4 
-0.013276088004397642 5.227107970106066E-4 
