-0.010175008133170203 0.006884268085079914 
-0.002221205251734842 7.465406474988538E-5 
-0.009229096223721103 0.0028346613684990625 
-0.009276058398628077 0.0030637755092825006 
-0.0024718971160018538 7.747286310728701E-5 
-0.009174816297218448 0.0026710424511688633 
-0.00275366028214464 8.280236764594031E-5 
-0.009323979111970054 0.003230992870294927 
-0.0047691922940447645 1.5303613493669523E-4 
-0.009120836479685528 0.0024637976343867716 
-0.00936825081236093 0.0033921382969167428 
-0.0035640037302021466 1.0883052229944659E-4 
-0.009652870637379976 0.0047112115183936785 
-0.008022703298328977 6.168681590078017E-4 
-0.008927342594063272 0.001872714947947815 
-0.00454884568446589 1.4170881172980473E-4 
-0.006079087818744959 2.4228201146204423E-4 
-0.004990181536355426 1.628872576382705E-4 
-0.009384887046622619 0.0035397460318300775 
-0.006223226202251632 2.452997688461708E-4 
-0.004380720447540069 1.3671825414053926E-4 
-0.009948319493044266 0.005554459739387309 
-0.0029438595867097564 8.57182168357897E-5 
-0.0056006545385952925 2.0125489873192058E-4 
-0.009458256318478282 0.0038408505959283837 
-0.00862985673484463 0.0012437202669259495 
-0.005853301931784372 2.172257294295191E-4 
-0.003859486696147821 1.1868901400253119E-4 
-0.00332319510920372 1.0871877313298681E-4 
-0.01008571829077019 0.006341450938674643 
-0.00855181331421086 0.0011494478811763598 
-0.007675644138202375 5.431528528914479E-4 
-0.0099057765313811 0.005322652214779794 
-0.005420499660706701 1.944984400512638E-4 
-0.00788301518044805 5.899341788064372E-4 
-0.009484253539090715 0.0039611325434068725 
-0.004075321954602191 1.246361039888439E-4 
-0.01001466639823468 0.005927171539132115 
-0.008171353408224462 6.929097363151144E-4 
-0.008863117323177438 0.0017210537689102373 
-0.009530760318934404 0.004140958790692194 
-0.00418125481283868 1.290741297096722E-4 
-0.008684132230132808 0.0013428121205014299 
-0.00987637746018389 0.005165742318207932 
-0.005141213981233109 1.7208498687731557E-4 
-0.00998994987899902 0.005786728080374162 
-0.009923449586011749 0.005418267429100386 
-0.009973324324835792 0.005693324578042581 
-0.006671937306427783 2.866115668201294E-4 
-0.003732763022485553 1.1568904874452899E-4 
-0.0052789461140821435 1.8493718012712435E-4 
-0.009835822259399513 0.004953688291265519 
-0.008801581000884039 0.0015836379064412115 
-0.008319716238794862 8.001863194438593E-4 
-0.009569571354500822 0.004311763434839269 
-0.00961994220086916 0.004547391514626649 
-0.0031087288392969994 9.610323188655072E-5 
-0.009018490177338643 0.0021023990113074914 
-0.010119512720477553 0.0065439885531727825 
-0.008447089933548858 9.97852471328384E-4 
-0.0073226683745983845 4.6532963160663836E-4 
-0.008515246272987022 0.001045853013800724 
-0.010148700601801675 0.006721768420343133 
-0.009807835055682997 0.004810323853343667 
-0.008216445222645023 7.300001141888716E-4 
-0.006438250416592706 2.637533557207186E-4 
-0.005755564012617934 2.1541268022245188E-4 
-0.010105438037533599 0.006459205471577776 
-0.00696740873092345 3.193725735921607E-4 
-0.00909041808749238 0.0023514269908971198 
-0.007733813088184273 5.727546198948478E-4 
-0.006448361467159538 2.851118783330778E-4 
-0.009030709271450402 0.002239991886762244 
-0.009519561931727327 0.0040785767301003695 
-0.009581403204497536 0.004354467049591252 
-0.008754804473450414 0.0014843510417183456 
-0.006840098027813362 3.0046830396755135E-4 
-0.008967046506987198 0.001981191419098957 
-0.008411454728762773 8.922269213106881E-4 
-0.010141094814141813 0.006675187970136215 
-0.008728735284260032 0.0014309546253646755 
-0.009433333582276115 0.003670069337374583 
-0.003220023499992436 1.0110366454971328E-4 
-0.009436232318486941 0.003695569185520704 
-0.007219214568816513 4.409088086827574E-4 
-0.008840482175275083 0.0016696091826597205 
-0.01006181757781603 0.006200346675579463 
-0.009586789984923714 0.004515484913056184 
-0.010033026096641216 0.006032720708361623 
-0.007035209194126223 3.6284948736778713E-4 
-0.007474442879087307 5.003151609539056E-4 
-0.008330826313832293 8.902348972158675E-4 
-0.008989720200000445 0.0020280701950603323 
-0.0074661149203311804 4.7113329215223496E-4 
-0.007175288985762722 4.0059492989576943E-4 
-0.010043196638364085 0.006091640652706349 
-0.009796351347235038 0.004752201365376844 
-0.009068123753328963 0.0022806172363908526 
-0.009851344493259728 0.005034248084629817 
-0.006745721758633398 2.9418881895414996E-4 
