0.0 0.3000000000000002 0.0 0.0 0.0 0.0 0.0 0.3499999999999999 0.3499999999999999 0.0 0.0 
0.18660264295820617 0.0 0.11861038074897572 0.21663318031927215 0.0 0.0 0.35 0.12815379597354598 0.0 0.0 0.0 
0.0 0.3000000000000002 0.0 0.0 0.0 0.0 0.0 0.3499999999999999 0.3499999999999999 0.0 0.0 
0.0 0.30434481265534746 0.0 0.0 0.0 0.0 0.0 0.35 0.3456551873446525 0.0 0.0 
0.0 0.3106721927143207 0.0 0.0 0.0 0.0 0.0 0.35 0.3393278072856793 0.0 0.0 
0.11299826678769051 0.31135271868586245 0.0 0.0 0.0 0.0 0.0 0.35 0.2256490145264471 0.0 0.0 
0.20689302554098973 0.34558726860154465 0.0 0.0 0.0 0.0 0.0 0.3443427652405833 0.10317694061688223 0.0 0.0 
0.16514534868926078 0.13793377408620297 0.11004455146814916 0.0 0.0 0.0 0.32378156060255586 0.2630947651538313 0.0 0.0 0.0 
0.0 0.3130900005837159 0.0 0.0 0.0 0.0 0.0 0.35 0.3369099994162842 0.0 0.0 
0.10779007883370519 0.30687977189462395 0.0 0.0 0.0 0.0 0.0 0.35 0.23533014927167092 0.0 0.0 
0.20298116607618372 0.0 0.10289192548955099 0.2106754650525748 0.0 0.0 0.3468460374018746 0.13660540597981602 0.0 0.0 0.0 
0.22963211412272685 0.0 0.1031543207411039 0.17534200678156792 0.0 0.0 0.3478761979844491 0.1439953603701523 0.0 0.0 0.0 
0.17776121308193019 0.13578689895619758 0.11837872309578908 0.0 0.0 0.0 0.337989150734339 0.23008401413174412 0.0 0.0 0.0 
0.19044661602017243 0.12912759723918782 0.12588902736217195 0.0 0.0 0.0 0.35 0.20453675937846777 0.0 0.0 0.0 
0.14377368323616851 0.34831432173387034 0.0 0.0 0.0 0.0 0.0 0.34831432173387034 0.1595976732960908 0.0 0.0 
0.11396234610611768 0.2863039836627824 0.0 0.0 0.0 0.0 0.0 0.35 0.2497336702310999 0.0 0.0 
0.17977555022594302 0.1327428243826213 0.1188352391572348 0.0 0.0 0.0 0.35 0.21864638623420085 0.0 0.0 0.0 
0.15037170492136484 0.15559387873900385 0.10108757096266667 0.0 0.0 0.0 0.2810463356361173 0.3119005097408473 0.0 0.0 0.0 
0.17112411551370207 0.11718343285487869 0.10058130629478601 0.12857494176922254 0.0 0.0 0.32536959818103567 0.15716660538637514 0.0 0.0 0.0 
0.21231906504673415 0.1954960622896871 0.0 0.0 0.0 0.0 0.24218487266357872 0.35 0.0 0.0 0.0 
0.0 0.341087912150174 0.0 0.0 0.0 0.0 0.0 0.35 0.30891208784982604 0.0 0.0 
0.2293514537562843 0.10255244010995467 0.0 0.1360739021580554 0.0 0.0 0.35 0.18202220397570568 0.0 0.0 0.0 
0.105918649249426 0.320941450138566 0.0 0.0 0.0 0.0 0.14285913678030104 0.32690924245682934 0.10337152137487772 0.0 0.0 
0.0 0.34597646578268854 0.0 0.0 0.0 0.0 0.0 0.35 0.30402353421731154 0.0 0.0 
0.30030641901025773 0.241176394090247 0.0 0.0 0.0 0.0 0.10851718689949537 0.35 0.0 0.0 0.0 
0.21157592014428228 0.33077504455397966 0.0 0.0 0.0 0.0 0.0 0.35 0.1076490353017382 0.0 0.0 
0.10335037499563617 0.27557491286650854 0.0 0.0 0.0 0.0 0.0 0.35 0.2710747121378553 0.0 0.0 
0.0 0.3285989880361623 0.0 0.0 0.0 0.0 0.0 0.35 0.3214010119638377 0.0 0.0 
0.0 0.32527190672599177 0.0 0.0 0.0 0.0 0.0 0.35 0.32472809327400826 0.0 0.0 
0.2435544910555808 0.130256897566807 0.0 0.0 0.0 0.0 0.30956193138715776 0.3166266799904544 0.0 0.0 0.0 
0.0 0.31855581889333356 0.0 0.0 0.0 0.0 0.0 0.35 0.33144418110666646 0.0 0.0 
0.0 0.33197099623981874 0.0 0.0 0.0 0.0 0.0 0.35 0.3180290037601813 0.0 0.0 
0.19977966411538 0.1623152446946134 0.0 0.0 0.0 0.0 0.35 0.2879050911900066 0.0 0.0 0.0 
0.15883324222522321 0.11727942510717775 0.10499195414632972 0.10911025528830313 0.0 0.0 0.28580694921079003 0.22397817402217612 0.0 0.0 0.0 
0.1013712818148719 0.28123535224450236 0.0 0.0 0.0 0.0 0.0 0.35 0.2673933659406258 0.0 0.0 
0.15283035228928946 0.35 0.0 0.0 0.0 0.0 0.0 0.35 0.14716964771071073 0.0 0.0 
0.18685467770261957 0.14759920360773157 0.0 0.0 0.0 0.0 0.3182678334367223 0.3472782852529265 0.0 0.0 0.0 
0.2897014439763801 0.19376825332161687 0.0 0.0 0.0 0.0 0.1665303027020032 0.35 0.0 0.0 0.0 
0.13357188841699646 0.31252146149974586 0.0 0.0 0.0 0.0 0.10668221186137491 0.34565486400738005 0.10156957421450288 0.0 0.0 
0.18654151082498724 0.19806410841071892 0.0 0.0 0.0 0.0 0.312203101825954 0.30319127893833997 0.0 0.0 0.0 
0.10269360448683786 0.30098945403357186 0.0 0.0 0.0 0.0 0.0 0.35 0.24631694147959038 0.0 0.0 
0.10908368685163987 0.30291386372476214 0.0 0.0 0.0 0.0 0.14712802184382462 0.34068059898525577 0.10019382859451766 0.0 0.0 
0.10477188844568919 0.2656109431667414 0.0 0.0 0.0 0.0 0.0 0.35 0.27961716838756945 0.0 0.0 
0.10514885169914238 0.26196496086767435 0.0 0.0 0.0 0.0 0.0 0.35 0.2828861874331832 0.0 0.0 
0.16581439021299557 0.12666104972493736 0.1103104834261271 0.0 0.0 0.0 0.3152738663062128 0.28194021032972716 0.0 0.0 0.0 
0.3400269332929977 0.318480922752571 0.0 0.0 0.0 0.0 0.0 0.3414921439544311 0.0 0.0 0.0 
0.10309276083452783 0.32789127068745955 0.0 0.0 0.0 0.0 0.0 0.35 0.21901596847801263 0.0 0.0 
0.16363970700869065 0.11095183847592618 0.10816912362975682 0.11076376924076853 0.0 0.0 0.3365031801074639 0.16997238153739394 0.0 0.0 0.0 
0.1301149037947166 0.3492497425547617 0.0 0.0 0.0 0.0 0.0 0.35 0.17063535365052176 0.0 0.0 
0.110441758374446 0.2766684340819334 0.0 0.0 0.0 0.0 0.0 0.35 0.2628898075436207 0.0 0.0 
0.0 0.339291641371624 0.0 0.0 0.0 0.0 0.0 0.3487193534559256 0.31198900517245043 0.0 0.0 
0.10320251361673552 0.2863157567892429 0.0 0.0 0.0 0.0 0.0 0.3498114802483817 0.26067024934563976 0.0 0.0 
0.2443399717599291 0.17156022143216082 0.0 0.0 0.0 0.0 0.34832583143472917 0.2357739753731809 0.0 0.0 0.0 
0.17020313874820153 0.1049695119933262 0.11250768345881419 0.11520639781736522 0.0 0.0 0.3082047367241983 0.18890853125809476 0.0 0.0 0.0 
0.11011238990175355 0.34676625332720507 0.0 0.0 0.0 0.0 0.0 0.35 0.19312135677104128 0.0 0.0 
0.10233946622346682 0.3239964324863581 0.0 0.0 0.0 0.0 0.0 0.35 0.22366410129017494 0.0 0.0 
0.15389297725666498 0.33411569484017317 0.0 0.0 0.0 0.0 0.0 0.35 0.16199132790316184 0.0 0.0 
0.18433999069552567 0.11418585969177215 0.10727250548584268 0.0 0.0 0.0 0.35 0.24420164412685952 0.0 0.0 0.0 
0.1828041575974938 0.3385351778027766 0.0 0.0 0.0 0.0 0.0 0.35 0.12866066459972952 0.0 0.0 
0.20833541747147122 0.1426652189334849 0.0 0.0 0.0 0.0 0.35 0.29899936359504387 0.0 0.0 0.0 
0.10504749659508775 0.3335189192230068 0.0 0.0 0.0 0.0 0.0 0.35 0.21143358418190544 0.0 0.0 
0.17903127268908456 0.1197459581932163 0.10344413403490665 0.0 0.0 0.0 0.35 0.24777863508279246 0.0 0.0 0.0 
0.18606231219453026 0.0 0.12486348372870455 0.17711483599458303 0.0 0.0 0.34898653221471826 0.16297283586746386 0.0 0.0 0.0 
0.10598047682103348 0.2696672283278782 0.0 0.0 0.0 0.0 0.0 0.35 0.27435229485108825 0.0 0.0 
0.10561876854780695 0.28949428957766443 0.0 0.0 0.0 0.0 0.0 0.35 0.25488694187452876 0.0 0.0 
0.12279889380609531 0.3144437356915395 0.0 0.0 0.0 0.0 0.0 0.35 0.21275737050236526 0.0 0.0 
0.11290109043306594 0.35 0.0 0.0 0.0 0.0 0.0 0.35 0.18709890956693398 0.0 0.0 
0.0 0.3016346078987089 0.0 0.0 0.0 0.0 0.0 0.35 0.3483653921012912 0.0 0.0 
0.20803755113827802 0.14520378519664906 0.0 0.0 0.0 0.0 0.31613886981070216 0.3306197938543707 0.0 0.0 0.0 
0.29999999999999993 0.35 0.0 0.0 0.0 0.0 0.0 0.35 0.0 0.0 0.0 
0.10707952434609638 0.26677498566808516 0.0 0.0 0.0 0.0 0.0 0.35 0.2761454899858184 0.0 0.0 
0.0 0.32210418539935215 0.0 0.0 0.0 0.0 0.0 0.35 0.3278958146006479 0.0 0.0 
0.15073938455118208 0.12181689444773297 0.10150536170902807 0.0 0.0 0.0 0.32404493427160347 0.30189342502045335 0.0 0.0 0.0 
0.12421595379663602 0.3427080727057832 0.0 0.0 0.0 0.0 0.0 0.35 0.1830759734975808 0.0 0.0 
0.10701504201380872 0.34214785503329687 0.0 0.0 0.0 0.0 0.0 0.35 0.20083710295289434 0.0 0.0 
0.1976503963969109 0.11672090581331422 0.10890887962783342 0.13550718201870265 0.0 0.0 0.2964695236076274 0.14474311253561142 0.0 0.0 0.0 
0.10236366833445557 0.35 0.0 0.0 0.0 0.0 0.0 0.35 0.19763633166554448 0.0 0.0 
0.1082097691201486 0.28522013388932105 0.0 0.0 0.0 0.0 0.0 0.35 0.25657009699053035 0.0 0.0 
0.19054186790298164 0.11252301954576031 0.11041031101488921 0.12349654206474939 0.0 0.0 0.32349085640341135 0.13953740306820817 0.0 0.0 0.0 
0.20473665401049543 0.0 0.10415099799997644 0.2108351830858617 0.0 0.0 0.35 0.13027716490366648 0.0 0.0 0.0 
0.10006836354249922 0.3424363541278177 0.0 0.0 0.0 0.0 0.0 0.35 0.20749528232968312 0.0 0.0 
0.1100230192244177 0.299333114011282 0.0 0.0 0.0 0.0 0.0 0.35 0.24064386676430027 0.0 0.0 
0.16717492952535626 0.11447908478735166 0.10567280692928524 0.10820757355678272 0.0 0.0 0.328737391867011 0.1757282133342133 0.0 0.0 0.0 
0.0 0.35 0.0 0.0 0.0 0.0 0.0 0.35 0.3000000000000001 0.0 0.0 
0.10571969315573766 0.30661038085222175 0.0 0.0 0.0 0.0 0.0 0.35 0.23766992599204062 0.0 0.0 
0.21634457537125545 0.17544510735180083 0.0 0.0 0.0 0.0 0.35 0.2582103172769438 0.0 0.0 0.0 
0.19610595694506075 0.11226432700533269 0.0 0.0 0.0 0.0 0.35 0.34162971604960657 0.0 0.0 0.0 
0.16483321330705772 0.1117610657744656 0.10895805519594512 0.11128273762734614 0.0 0.0 0.3029280638483984 0.200236864246787 0.0 0.0 0.0 
0.12195167436556893 0.35 0.0 0.0 0.0 0.0 0.0 0.35 0.17804832563443107 0.0 0.0 
0.18009544965784138 0.35 0.0 0.0 0.0 0.0 0.0 0.3499825636038239 0.11992198673833479 0.0 0.0 
0.0 0.3489953210365295 0.0 0.0 0.0 0.0 0.0 0.3489953210365295 0.3020093579269408 0.0 0.0 
0.16842128947346494 0.11049517843679159 0.10956421999399517 0.11219232968918305 0.0 0.0 0.30014138181062977 0.19918560059593546 0.0 0.0 0.0 
0.10687464837178343 0.33874920946698267 0.0 0.0 0.0 0.0 0.0 0.35 0.20437614216123381 0.0 0.0 
0.10196930649315089 0.3041993984150719 0.0 0.0 0.0 0.0 0.0 0.35 0.2438312950917772 0.0 0.0 
0.10530146681407812 0.30194207992513067 0.0 0.0 0.0 0.0 0.14202670405410445 0.34796056828610916 0.10276918092057753 0.0 0.0 
0.18042879512196525 0.3487968904706244 0.0 0.0 0.0 0.0 0.0 0.35 0.12077431440741035 0.0 0.0 
0.1966727141913021 0.31360222482344724 0.0 0.0 0.0 0.0 0.0 0.35 0.13972506098525067 0.0 0.0 
0.12410086435500772 0.35 0.0 0.0 0.0 0.0 0.0 0.35 0.17589913564499232 0.0 0.0 
0.0 0.33526176636226585 0.0 0.0 0.0 0.0 0.0 0.35 0.31473823363773423 0.0 0.0 
0.16167000075196497 0.35 0.0 0.0 0.0 0.0 0.0 0.35 0.1383299992480351 0.0 0.0 
