-2.3038368575809638E-4 8.88106294216486E-5 
-0.010043500046012916 4.523169009695726E-4 
-2.3038368575809638E-4 8.88106294216486E-5 
-0.00951702040672932 3.6463408441133477E-4 
-0.009590766962151966 4.4189347673432504E-4 
-0.009450092474330598 3.578872952983709E-4 
-0.0062819502317389714 1.9195692729652328E-4 
-6.619494666583715E-4 8.952836410760355E-5 
-0.005776319523989482 1.6852191262041656E-4 
-0.005974633378410927 1.748727281380722E-4 
-0.006617029060140561 1.965102472693798E-4 
-0.007081719573405296 2.1243124048902432E-4 
-9.416468002378395E-4 9.039801638139446E-5 
-0.0046857117086228734 1.3309880416030313E-4 
-0.004138623466443458 1.2386995270572868E-4 
-0.00728681152723982 2.1473703444552648E-4 
-0.0064651567732685895 1.9586881803161416E-4 
-0.0032851419527430287 1.0678518408966345E-4 
-0.009192402303771155 3.411773720586604E-4 
-0.008955851867280441 3.1376612603332136E-4 
-0.0044862085996012204 1.2970460723669332E-4 
-0.002325394998368433 9.957656825032007E-5 
-0.006085799711036832 1.9051073492583416E-4 
-0.0013617912582648602 9.212155733708598E-5 
-0.005193504887951967 1.4710073877454368E-4 
-0.005139277901039686 1.4167272694123558E-4 
-0.00935731077783308 3.491905164783103E-4 
-0.009089427406712248 3.2539988743016677E-4 
-0.006077770260369342 1.8412368151147284E-4 
-0.008883896958193804 3.0834429193049237E-4 
-0.00799548650777078 2.478176515122387E-4 
-0.006833976664726813 2.0100885092465937E-4 
-0.0038413128411795136 1.1726641378399108E-4 
-0.0025776054119730817 1.0116149376615636E-4 
-0.0054201320489118176 1.5177684192474363E-4 
-0.0077275350966986844 2.3360594617720013E-4 
-0.008535097256111894 2.823531312540633E-4 
-0.004847982529877731 1.3474734019834473E-4 
-0.0044862085996012204 1.2970460723669332E-4 
-0.006019537034577314 1.7834231040530954E-4 
-0.005282077086651897 1.516396444027579E-4 
-0.007844170311192125 2.4012627269025111E-4 
-0.0017842996506223932 9.868866530287395E-5 
-0.009841126676915581 4.452058383095217E-4 
-0.0030012498466176676 1.0426868103957849E-4 
-0.005511194042872313 1.567975383960753E-4 
-0.009728086400807627 4.4294929545433666E-4 
-0.0016199347542120352 9.405159957753154E-5 
-0.00749506068867441 2.2358847348815872E-4 
-0.0020670403765183443 9.886222416397909E-5 
-0.00368988769297261 1.1557460394608435E-4 
-0.008213809636185579 2.6075400024225823E-4 
-0.005659232349017341 1.623104384510595E-4 
-0.004991227726646153 1.3946961962569817E-4 
-0.0076017880390060275 2.27377448469916E-4 
-0.004138623466443458 1.2386995270572868E-4 
-0.00985839454816529 4.508046924244075E-4 
-0.008831109264359182 3.0378546865718743E-4 
-0.008062942660566737 2.514360751316437E-4 
-0.007019866076205233 2.058365580945938E-4 
-0.0014902463977659649 9.286121084810614E-5 
-0.009322169540327713 3.4580453191497817E-4 
-0.0055385348477224065 1.5998807759463353E-4 
-0.0024575688130073184 1.003908471919582E-4 
-0.007758306392561422 2.3505334733119315E-4 
-0.001690879006555224 9.793559498635179E-5 
-0.0073857270262111556 2.1838863228777148E-4 
-0.0020120067000448296 9.885351338662095E-5 
-0.00877312950256961 3.005448220997117E-4 
-0.005769980186455421 1.6357689036820432E-4 
-0.0030012498466176676 1.0426868103957849E-4 
-0.009149393849400726 3.306454219732661E-4 
-0.00365794489276273 1.1173927970976863E-4 
-0.002786733334147728 1.0215392601195696E-4 
-0.008667040625038445 2.9114779796093773E-4 
-0.004958869947468894 1.362281115696123E-4 
-4.6363333101306003E-4 8.91475400699625E-5 
-0.0011270732412085721 9.096633002578428E-5 
-0.0035762552074786094 1.0942795837528397E-4 
-0.0035043391301526894 1.0768245925357892E-4 
-0.008618020242181706 2.8752282890868086E-4 
-0.003969981449548523 1.1918360181689271E-4 
-0.009025553135941436 3.195747037323527E-4 
-0.00809536775955291 2.5671614207622116E-4 
-0.007425047078273742 2.2029816330286625E-4 
-0.0033791686292742335 1.0708701598263123E-4 
-4.1036989787351106E-4 8.891842874101288E-5 
-0.008227276680203462 2.6403039302608407E-4 
-0.002782404666771705 1.0214572353378061E-4 
-0.007908710800715516 2.4280216911011076E-4 
-0.008723694273044383 2.971919330454218E-4 
-0.009988150396061405 4.51787437326445E-4 
-0.008457376488945406 2.76143211684384E-4 
-0.008581556699376918 2.8482134122450903E-4 
-0.009033465527098637 3.2026403481448583E-4 
-0.003969981449548523 1.1918360181689271E-4 
-0.008709019112436368 2.94272605118719E-4 
-0.008399710801857944 2.721708219082913E-4 
-0.009184564014430702 3.3409593688778823E-4 
-0.007574555996401361 2.2717480744713085E-4 
