-0.010175008133170203 0.006884268085079916 
-9.882107654174176E-4 6.896590926900941E-5 
-9.882107654174176E-4 6.896590926900941E-5 
-0.010175008133170203 0.006884268085079916 
-0.0015974500284343023 8.726330975183423E-5 
-0.002539119528526672 8.739236489459373E-5 
-0.009501617367017098 0.0039736870844729434 
-0.004431642040794255 1.4527925699923169E-4 
-0.009505406090398748 0.00450378453756361 
-0.003997723065625206 1.251197654284803E-4 
-0.0010495317481803027 6.929324767791897E-5 
-0.0015676565087084412 8.480858608223745E-5 
-0.010000755088108958 0.0058478920488661355 
-0.009539548564407543 0.004648560209045971 
-0.009397937368857492 0.0035106742380399073 
-0.009440921260947921 0.003698585959824122 
-0.005358453058547425 1.9334427053862993E-4 
-0.006053762846647515 2.3554445181930654E-4 
-0.005641509329602498 2.1401909512174883E-4 
-0.009324523818563607 0.003202983192919988 
-0.005789716491091666 2.1568456093080628E-4 
-0.004722434325969758 1.664316612462827E-4 
-0.009289239676261683 0.0030610468885995884 
-0.008631025559854968 0.0013105790323265976 
-0.008498214237069958 0.0010191355835566392 
-0.008356862267612149 8.202440953979888E-4 
-0.008422479743728178 9.075020279429322E-4 
-0.006407968821640784 2.7489636251186726E-4 
-0.006186834225512177 2.654814200254529E-4 
-0.003178997389202694 9.964128084618353E-5 
-0.00979635134723504 0.004752201365376847 
-0.0028098953048542783 8.89967449762632E-5 
-0.0049941392960782295 1.7562199887345646E-4 
-0.0089159220616109 0.0018451312968893873 
-0.005186380155309803 1.8767659675361176E-4 
-0.007695983778857816 5.139445429270281E-4 
-0.0029491005797936845 9.155893470043835E-5 
-0.009915834265015636 0.005376948065787901 
-0.010029689203229518 0.006013459315813989 
-0.003645523110056733 1.1300114557719968E-4 
-0.010068838778824503 0.006241614459297006 
-0.00854809682070651 0.001120819848237727 
-0.009937460055207736 0.005494755502294782 
-0.009963466321077686 0.0056383464367966134 
-0.008958889065480122 0.0019502910539381819 
-0.007041076348283608 3.3134616770325286E-4 
-0.009815942399588605 0.004851603818670949 
-0.008866972476940127 0.001729919856556406 
-0.008553618147557292 0.0012496317978491788 
-0.00872731855618464 0.0014280925299969382 
-0.007258361551212158 4.532468585733382E-4 
-0.009224619216171352 0.0028111102933773315 
-0.008768951718862546 0.0015680150293816756 
-0.0034466901419388544 1.0974261321483113E-4 
-0.009469370860454896 0.003826109468299433 
-0.008803006170920996 0.0016754919225631382 
-0.006781275181467036 2.954706903213438E-4 
-0.008126609593919924 6.79293336335354E-4 
-0.006887208280434535 3.0552154014785955E-4 
-0.010139038806295853 0.006662627073919397 
-0.007863950025011958 5.715595777575691E-4 
-0.009187802251106481 0.0026745015752630426 
-0.010090685510892984 0.006370998586406881 
-0.004816879254448806 1.7018157772797802E-4 
-0.009891921929286878 0.005248372957856275 
-0.008997703045347045 0.002048525012956671 
-0.003327560552781937 1.0736790994257381E-4 
-0.00716761202160184 3.610536404208389E-4 
-0.0074661149203311804 4.7113329215223496E-4 
-0.00826467933923677 7.189745500119692E-4 
-0.009258860062535608 0.002941932879907206 
-0.009868467329732278 0.005123981641479959 
-0.0025583161391070654 8.83296713035638E-5 
-0.009106750322821943 0.0023885725769072275 
-0.009139043025936676 0.002500051005561093 
-0.009061276304400682 0.002266879244640745 
-0.007474442879087307 5.003151609539056E-4 
-0.009359782898962261 0.003348675246729879 
-0.009839685201220562 0.004973666976255497 
-0.009042237979620945 0.002175551059904088 
-0.007816249712719587 5.345583202153331E-4 
-0.008030296661769368 5.987883426954739E-4 
-0.009359782898962261 0.003348675246729879 
-0.009847633977336987 0.005014922695452464 
-0.009485817523147966 0.0039009754672413906 
-0.00874713230570524 0.0014734843109739629 
-0.009514140756790884 0.004538203067089518 
-0.006598520779591167 2.87444009103915E-4 
-0.010049712360209183 0.006129556084288475 
-0.009190502295947025 0.0026843772167820046 
-0.009959023720275672 0.005613668534429728 
-0.009022381857852462 0.002112583064799027 
-0.007237658872859843 3.9333518233410536E-4 
-0.009245243881547316 0.002889474671692829 
-0.009090875462761876 0.002334956187148419 
-0.006569675556548482 2.8370991698338705E-4 
-0.0038020292731418028 1.1840452069641201E-4 
-0.00804880903851258 6.141152306860242E-4 
-0.0038410232089077945 1.2021903660239188E-4 
-0.010155101316306238 0.006761107595235737 
