0.0 0.3000000000000001 0.0 0.0 0.0 0.0 0.0 0.35 0.35 0.0 0.0 
0.2111921659936613 0.0 0.0 0.3388078340063387 0.0 0.0 0.35 0.1 0.0 0.0 0.0 
0.0 0.30000000000000004 0.0 0.0 0.0 0.0 0.0 0.35 0.35 0.0 0.0 
0.19788366754440623 0.0 0.0 0.3412626030837515 0.0 0.0 0.35 0.11085372937184228 0.0 0.0 0.0 
0.24693274407506877 0.1 0.0 0.17335046363639212 0.0 0.0 0.35 0.12971679228853905 0.0 0.0 0.0 
0.1666073060679565 0.21077655157472783 0.0 0.0 0.0 0.0 0.0 0.35 0.27261614235731574 0.0 0.0 
0.1 0.28202417400862184 0.0 0.0 0.0 0.0 0.0 0.35 0.26797582599137815 0.0 0.0 
0.0 0.3223836695342852 0.0 0.0 0.0 0.0 0.0 0.35 0.3276163304657148 0.0 0.0 
0.0 0.3292487442193397 0.0 0.0 0.0 0.0 0.0 0.35 0.32075125578066027 0.0 0.0 
0.0 0.30413011544147933 0.0 0.0 0.0 0.0 0.0 0.35 0.34586988455852063 0.0 0.0 
0.0 0.3088109670905083 0.0 0.0 0.0 0.0 0.0 0.35 0.3411890329094917 0.0 0.0 
0.1 0.3410438584971005 0.0 0.0 0.0 0.0 0.10645434824093107 0.35 0.10250179326196845 0.0 0.0 
0.27316639402121273 0.1175248669882836 0.0 0.1 0.0 0.0 0.35 0.15930873899050366 0.0 0.0 0.0 
0.1 0.3403638208336498 0.0 0.0 0.0 0.0 0.0 0.35 0.2096361791663503 0.0 0.0 
0.27453715450311167 0.1 0.0 0.14890301833269298 0.0 0.0 0.35 0.12655982716419545 0.0 0.0 0.0 
0.1 0.3247851398990945 0.0 0.0 0.0 0.0 0.0 0.35 0.22521486010090547 0.0 0.0 
0.0 0.3406575656242635 0.0 0.0 0.0 0.0 0.0 0.35 0.3093424343757365 0.0 0.0 
0.1 0.3203229004501768 0.0 0.0 0.0 0.0 0.0 0.35 0.2296770995498232 0.0 0.0 
0.1 0.290243194485056 0.0 0.0 0.0 0.0 0.0 0.35 0.25975680551494407 0.0 0.0 
0.0 0.35 0.0 0.0 0.0 0.0 0.20000000000000012 0.35 0.1 0.0 0.0 
0.1 0.33349178584368344 0.0 0.0 0.0 0.0 0.0 0.35 0.2165082141563166 0.0 0.0 
0.1 0.3066996233173484 0.0 0.0 0.0 0.0 0.0 0.35 0.24330037668265161 0.0 0.0 
0.11340586418103679 0.35 0.0 0.0 0.0 0.0 0.0 0.35 0.18659413581896317 0.0 0.0 
0.1 0.311408811750156 0.0 0.0 0.0 0.0 0.0 0.35 0.2385911882498441 0.0 0.0 
0.15900328691096038 0.15050510755391439 0.0 0.0 0.0 0.0 0.34049160553512525 0.35 0.0 0.0 0.0 
0.1 0.2959038293584607 0.0 0.0 0.0 0.0 0.0 0.35 0.2540961706415394 0.0 0.0 
0.0 0.34397088908578544 0.0 0.0 0.0 0.0 0.0 0.35 0.3060291109142146 0.0 0.0 
0.1 0.3442710741942975 0.0 0.0 0.0 0.0 0.0 0.35 0.20572892580570257 0.0 0.0 
0.25123998297733524 0.1 0.0 0.14890301833269298 0.0 0.0 0.35 0.14985699868997174 0.0 0.0 0.0 
0.25393438129514195 0.28053563325291087 0.0 0.0 0.0 0.0 0.0 0.35 0.11552998545194729 0.0 0.0 
0.2024334267108874 0.1953268683486185 0.0 0.0 0.0 0.0 0.2522397049404941 0.35 0.0 0.0 0.0 
0.18285861981111337 0.17837129911775568 0.0 0.0 0.0 0.0 0.35 0.288770081071131 0.0 0.0 0.0 
0.1581137699413432 0.16657698013493788 0.0 0.0 0.0 0.0 0.35 0.32530924992371896 0.0 0.0 0.0 
0.18645634746443868 0.35 0.0 0.0 0.0 0.0 0.0 0.35 0.11354365253556131 0.0 0.0 
0.0 0.3194342288920946 0.0 0.0 0.0 0.0 0.0 0.35 0.3305657711079054 0.0 0.0 
0.20401533040923986 0.16959959151975118 0.0 0.0 0.0 0.0 0.35 0.27638507807100904 0.0 0.0 0.0 
0.24543970620720953 0.17628576017757044 0.0 0.0 0.0 0.0 0.35 0.22827453361521996 0.0 0.0 0.0 
0.2768151549022881 0.16069705837779516 0.0 0.0 0.0 0.0 0.35 0.21248778671991678 0.0 0.0 0.0 
0.0 0.3472462907848192 0.0 0.0 0.0 0.0 0.0 0.35 0.30275370921518086 0.0 0.0 
0.12851378345487452 0.3430698292629073 0.0 0.0 0.0 0.0 0.0 0.35 0.17841638728221815 0.0 0.0 
0.15480738174657116 0.32787601584503345 0.0 0.0 0.0 0.0 0.0 0.35 0.16731660240839547 0.0 0.0 
0.13654850300664856 0.35 0.0 0.0 0.0 0.0 0.0 0.35 0.16345149699335154 0.0 0.0 
0.14690026905781609 0.35 0.0 0.0 0.0 0.0 0.0 0.35 0.153099730942184 0.0 0.0 
0.16821585892891178 0.1690645808388777 0.0 0.0 0.0 0.0 0.35 0.3127195602322106 0.0 0.0 0.0 
0.25124603961281783 0.1179843275132956 0.0 0.1 0.0 0.0 0.35 0.18076963287388664 0.0 0.0 0.0 
0.2191131840721722 0.18140834540162587 0.0 0.0 0.0 0.0 0.35 0.249478470526202 0.0 0.0 0.0 
0.1 0.3030467145650697 0.0 0.0 0.0 0.0 0.0 0.35 0.24695328543493036 0.0 0.0 
0.20993326162936243 0.35 0.0 0.0 0.0 0.0 0.0 0.3400667383706376 0.1 0.0 0.0 
0.16899389657614322 0.1279036378322477 0.0 0.1 0.0 0.0 0.35 0.25310246559160915 0.0 0.0 0.0 
0.20799585822906605 0.2049213192634437 0.0 0.0 0.0 0.0 0.35 0.2370828225074902 0.0 0.0 0.0 
0.28739966874321776 0.25236342094470915 0.0 0.0 0.0 0.0 0.11023691031207306 0.35 0.0 0.0 0.0 
0.1658453450285385 0.1 0.0 0.144151381432448 0.0 0.0 0.35 0.24000327353901357 0.0 0.0 0.0 
0.0 0.3111872598821661 0.0 0.0 0.0 0.0 0.0 0.35 0.3388127401178339 0.0 0.0 
0.0 0.33664693283825153 0.0 0.0 0.0 0.0 0.0 0.35 0.3133530671617485 0.0 0.0 
0.2535923747909046 0.11781410294484328 0.0 0.1 0.0 0.0 0.35 0.17859352226425215 0.0 0.0 0.0 
0.16379519126788308 0.35 0.0 0.0 0.0 0.0 0.0 0.35 0.13620480873211688 0.0 0.0 
0.1655954502315624 0.1 0.0 0.15580651909561472 0.0 0.0 0.35 0.22859803067282292 0.0 0.0 0.0 
0.0 0.3014330189280799 0.0 0.0 0.0 0.0 0.0 0.35 0.3485669810719201 0.0 0.0 
0.15997486606367065 0.3340198321640366 0.0 0.0 0.0 0.0 0.0 0.35 0.15600530177229274 0.0 0.0 
0.0 0.35 0.0 0.0 0.0 0.0 0.21006678261400336 0.33993321738599674 0.1 0.0 0.0 
0.17050753082663134 0.348475871755349 0.0 0.0 0.0 0.0 0.0 0.35 0.1310165974180196 0.0 0.0 
0.1658122509460751 0.3136436807235647 0.0 0.0 0.0 0.0 0.0 0.35 0.17054406833036034 0.0 0.0 
0.23831774177277554 0.1 0.0 0.1436580978969739 0.0 0.0 0.35 0.16802416033025058 0.0 0.0 0.0 
0.19176015492130039 0.1 0.0 0.11516089361916852 0.0 0.0 0.35 0.24307895145953107 0.0 0.0 0.0 
0.1 0.3004390177021142 0.0 0.0 0.0 0.0 0.0 0.35 0.24956098229788584 0.0 0.0 
0.1655954502315624 0.1 0.0 0.15580651909561472 0.0 0.0 0.35 0.22859803067282292 0.0 0.0 0.0 
0.0 0.31681312688177 0.0 0.0 0.0 0.0 0.0 0.35 0.33318687311823 0.0 0.0 
0.19382688339489773 0.35 0.0 0.0 0.0 0.0 0.0 0.35 0.1061731166051023 0.0 0.0 
0.1655954502315624 0.1 0.0 0.12924480245645747 0.0 0.0 0.35 0.2551597473119802 0.0 0.0 0.0 
0.1 0.33030153129981144 0.0 0.0 0.0 0.0 0.0 0.35 0.2196984687001886 0.0 0.0 
0.0 0.35 0.0 0.0 0.0 0.0 0.0 0.35 0.29999999999999993 0.0 0.0 
0.16751177268778866 0.33873565316908416 0.0 0.0 0.0 0.0 0.0 0.35 0.14375257414312717 0.0 0.0 
0.2 0.35 0.0 0.0 0.0 0.0 0.1 0.35 0.0 0.0 0.0 
0.0 0.3327734040147444 0.0 0.0 0.0 0.0 0.0 0.35 0.3172265959852556 0.0 0.0 
0.10233545860057737 0.35 0.0 0.0 0.0 0.0 0.0 0.35 0.1976645413994227 0.0 0.0 
0.1 0.31567863496134174 0.0 0.0 0.0 0.0 0.0 0.35 0.23432136503865825 0.0 0.0 
0.1 0.2879791771359711 0.0 0.0 0.0 0.0 0.0 0.35 0.26202082286402895 0.0 0.0 
0.0 0.3357756200131725 0.0 0.0 0.0 0.0 0.0 0.35 0.3142243799868275 0.0 0.0 
0.16739575203282314 0.1 0.0 0.14050942688318646 0.0 0.0 0.35 0.24209482108399044 0.0 0.0 0.0 
0.24772815421194755 0.23576016534264976 0.0 0.0 0.0 0.0 0.1665116804454027 0.35 0.0 0.0 0.0 
0.290174321473094 0.16698965314535658 0.0 0.0 0.0 0.0 0.19283602538154948 0.35 0.0 0.0 0.0 
0.1 0.2978574806203489 0.0 0.0 0.0 0.0 0.0 0.35 0.25214251937965115 0.0 0.0 
0.21600003057299116 0.16956157611693168 0.0 0.0 0.0 0.0 0.35 0.2644383933100771 0.0 0.0 0.0 
0.35 0.30373675311087733 0.0 0.0 0.0 0.0 0.0 0.34626324688912263 0.0 0.0 0.0 
0.174746314105271 0.13618614066571305 0.0 0.0 0.0 0.0 0.35 0.33906754522901594 0.0 0.0 0.0 
0.24793166381688897 0.1 0.0 0.1410376836615336 0.0 0.0 0.35 0.16103065252157744 0.0 0.0 0.0 
0.0 0.3317127314975872 0.0 0.0 0.0 0.0 0.0 0.35 0.31828726850241285 0.0 0.0 
0.15659069257252894 0.35 0.0 0.0 0.0 0.0 0.0 0.35 0.14340930742747116 0.0 0.0 
0.21946760148047412 0.16972341774961075 0.0 0.0 0.0 0.0 0.35 0.2608089807699152 0.0 0.0 0.0 
0.17752978143468556 0.17139399280303305 0.0 0.0 0.0 0.0 0.35 0.30107622576228144 0.0 0.0 0.0 
0.3000000000000001 0.35 0.0 0.0 0.0 0.0 0.0 0.35 0.0 0.0 0.0 
0.23204892911789865 0.1 0.0 0.15852135940007722 0.0 0.0 0.35 0.15942971148202428 0.0 0.0 0.0 
0.18550149991241083 0.12773934767969367 0.0 0.0 0.0 0.0 0.35 0.33675915240789556 0.0 0.0 0.0 
0.2 0.35 0.0 0.0 0.0 0.0 0.0 0.35 0.1 0.0 0.0 
0.1 0.3150379383536492 0.0 0.0 0.0 0.0 0.0 0.35 0.23496206164635075 0.0 0.0 
0.1 0.28573539995323527 0.0 0.0 0.0 0.0 0.0 0.35 0.2642646000467648 0.0 0.0 
0.1 0.28202417400862184 0.0 0.0 0.0 0.0 0.0 0.35 0.26797582599137815 0.0 0.0 
0.10818639505183876 0.35 0.0 0.0 0.0 0.0 0.0 0.35 0.19181360494816133 0.0 0.0 
0.10737649558507455 0.35 0.0 0.0 0.0 0.0 0.0 0.35 0.19262350441492554 0.0 0.0 
0.0 0.35 0.0 0.0 0.0 0.0 0.20471974081076544 0.34528025918923466 0.1 0.0 0.0 
