0.0 0.30000000000000004 0.0 0.0 0.0 0.0 0.0 0.35 0.35 0.0 0.0 
0.2113726975334225 0.0 0.0 0.3386273024665776 0.0 0.0 0.35 0.1 0.0 0.0 0.0 
0.2113726975334225 0.0 0.0 0.3386273024665776 0.0 0.0 0.35 0.1 0.0 0.0 0.0 
0.0 0.30000000000000004 0.0 0.0 0.0 0.0 0.0 0.35 0.35 0.0 0.0 
0.1994431106428753 0.0 0.0 0.3439706160776177 0.0 0.0 0.35 0.1065862732795071 0.0 0.0 0.0 
0.2592959838310135 0.1 0.0 0.18211551795800085 0.0 0.0 0.35 0.10858849821098565 0.0 0.0 0.0 
0.16488162325884137 0.21852184257849824 0.0 0.0 0.0 0.0 0.0 0.35 0.2665965341626604 0.0 0.0 
0.1 0.28610872678425425 0.0 0.0 0.0 0.0 0.0 0.35 0.2638912732157458 0.0 0.0 
0.1 0.33281887057467135 0.0 0.0 0.0 0.0 0.0 0.35 0.21718112942532863 0.0 0.0 
0.22467433000148446 0.1 0.0 0.16122592467176802 0.0 0.0 0.35 0.16409974532674754 0.0 0.0 0.0 
0.25241657533665596 0.1404808625565046 0.0 0.1 0.0 0.0 0.35 0.15710256210683943 0.0 0.0 0.0 
0.0 0.33892855263839805 0.0 0.0 0.0 0.0 0.0 0.35 0.311071447361602 0.0 0.0 
0.0 0.35 0.0 0.0 0.0 0.0 0.20000000000000007 0.35 0.1 0.0 0.0 
0.1426699490566542 0.232500649315799 0.0 0.0 0.0 0.0 0.0 0.35 0.27482940162754677 0.0 0.0 
0.13700612493988434 0.35 0.0 0.0 0.0 0.0 0.0 0.35 0.16299387506011573 0.0 0.0 
0.0 0.30760561202619807 0.0 0.0 0.0 0.0 0.0 0.35 0.34239438797380195 0.0 0.0 
0.257811444842096 0.1 0.0 0.16402909231036683 0.0 0.0 0.35 0.12815946284753726 0.0 0.0 0.0 
0.14944487007160756 0.3490140404658676 0.0 0.0 0.0 0.0 0.0 0.35 0.15154108946252492 0.0 0.0 
0.22302915394638956 0.18557493545007755 0.0 0.0 0.0 0.0 0.35 0.24139591060353294 0.0 0.0 0.0 
0.0 0.3111690172612963 0.0 0.0 0.0 0.0 0.0 0.35 0.33883098273870377 0.0 0.0 
0.0 0.3330220321777715 0.0 0.0 0.0 0.0 0.0 0.35 0.3169779678222286 0.0 0.0 
0.10034890965707087 0.35 0.0 0.0 0.0 0.0 0.334627020364345 0.1150240699785842 0.1 0.0 0.0 
0.3000000000000001 0.35 0.0 0.0 0.0 0.0 0.0 0.35 0.0 0.0 0.0 
0.1591693484790046 0.20659702517799583 0.0 0.0 0.0 0.0 0.28423362634299953 0.35 0.0 0.0 0.0 
0.23268303101376375 0.19055081751639188 0.0 0.0 0.0 0.0 0.35 0.22676615146984433 0.0 0.0 0.0 
0.21831315143865 0.32111550197490757 0.0 0.0 0.0 0.0 0.0 0.35 0.11057134658644248 0.0 0.0 
0.0 0.34480963827131605 0.0 0.0 0.0 0.0 0.0 0.35 0.305190361728684 0.0 0.0 
0.1 0.32522295800859435 0.0 0.0 0.0 0.0 0.0 0.35 0.22477704199140572 0.0 0.0 
0.12149785649577914 0.35 0.0 0.0 0.0 0.0 0.0 0.35 0.17850214350422083 0.0 0.0 
0.20482159109602682 0.1 0.0 0.0 0.0 0.0 0.35 0.3451784089039732 0.0 0.0 0.0 
0.21314538691943608 0.17899026737604146 0.0 0.0 0.0 0.0 0.35 0.2578643457045225 0.0 0.0 0.0 
0.1 0.3174400132449977 0.0 0.0 0.0 0.0 0.0 0.35 0.23255998675500228 0.0 0.0 
0.25478309709215813 0.1 0.0 0.17409810953164775 0.0 0.0 0.35 0.12111879337619409 0.0 0.0 0.0 
0.1892089660513 0.18182463996898285 0.0 0.0 0.0 0.0 0.35 0.2789663939797171 0.0 0.0 0.0 
0.16088499622312893 0.35 0.0 0.0 0.0 0.0 0.0 0.35 0.1391150037768711 0.0 0.0 
0.16903006458556274 0.35 0.0 0.0 0.0 0.0 0.0 0.35 0.13096993541443724 0.0 0.0 
0.1 0.30542191427710513 0.0 0.0 0.0 0.0 0.0 0.35 0.2445780857228949 0.0 0.0 
0.16916525697675658 0.168279017340637 0.0 0.0 0.0 0.0 0.35 0.3125557256826065 0.0 0.0 0.0 
0.21005862693137228 0.3204837410932361 0.0 0.0 0.0 0.0 0.0 0.35 0.11945763197539166 0.0 0.0 
0.0 0.314099010147898 0.0 0.0 0.0 0.0 0.0 0.35 0.33590098985210204 0.0 0.0 
0.1 0.2989123404003603 0.0 0.0 0.0 0.0 0.0 0.35 0.25108765959963975 0.0 0.0 
0.0 0.3046125950559474 0.0 0.0 0.0 0.0 0.0 0.35 0.3453874049440526 0.0 0.0 
0.26227050558114373 0.1759097168312908 0.0 0.0 0.0 0.0 0.35 0.21181977758756554 0.0 0.0 0.0 
0.1 0.34537170311195814 0.0 0.0 0.0 0.0 0.0 0.35 0.20462829688804185 0.0 0.0 
0.0 0.32429712033178204 0.0 0.0 0.0 0.0 0.0 0.35 0.325702879668218 0.0 0.0 
0.0 0.3407876156034414 0.0 0.0 0.0 0.0 0.0 0.35 0.3092123843965586 0.0 0.0 
0.0 0.3274313092753279 0.0 0.0 0.0 0.0 0.0 0.35 0.3225686907246722 0.0 0.0 
0.11370964703885444 0.35 0.0 0.0 0.0 0.0 0.0 0.35 0.18629035296114557 0.0 0.0 
0.1 0.34216222550788655 0.0 0.0 0.0 0.0 0.10052465006516395 0.35 0.10731312442694953 0.0 0.0 
0.15621582619145655 0.16800767697983204 0.0 0.0 0.0 0.0 0.35 0.32577649682871146 0.0 0.0 0.0 
0.1 0.3393194243062333 0.0 0.0 0.0 0.0 0.0 0.35 0.21068057569376672 0.0 0.0 
0.0 0.35 0.0 0.0 0.0 0.0 0.0 0.35 0.29999999999999993 0.0 0.0 
0.194618959681436 0.1604514127892344 0.0 0.0 0.0 0.0 0.35 0.2949296275293296 0.0 0.0 0.0 
0.15334901233730275 0.35 0.0 0.0 0.0 0.0 0.0 0.35 0.14665098766269732 0.0 0.0 
0.1265338007532404 0.35 0.0 0.0 0.0 0.0 0.0 0.35 0.1734661992467596 0.0 0.0 
0.0 0.3021987748738386 0.0 0.0 0.0 0.0 0.0 0.35 0.3478012251261614 0.0 0.0 
0.0 0.3168281513031934 0.0 0.0 0.0 0.0 0.0 0.35 0.3331718486968066 0.0 0.0 
0.2715414014663897 0.25938942939150267 0.0 0.0 0.0 0.0 0.11906916914210762 0.35 0.0 0.0 0.0 
0.17896920869441765 0.13601883278582702 0.0 0.0 0.0 0.0 0.35 0.33501195851975524 0.0 0.0 0.0 
0.21947044131541332 0.16162010746474054 0.0 0.0 0.0 0.0 0.35 0.2689094512198462 0.0 0.0 0.0 
0.1 0.29681843956868403 0.0 0.0 0.0 0.0 0.0 0.35 0.253181560431316 0.0 0.0 
0.15827086890785597 0.3268065315384202 0.0 0.0 0.0 0.0 0.0 0.35 0.16492259955372385 0.0 0.0 
0.0 0.3477843741055725 0.0 0.0 0.0 0.0 0.0 0.35 0.3022156258944275 0.0 0.0 
0.26039621392238393 0.10073787451195414 0.0 0.1 0.0 0.0 0.35 0.18886591156566193 0.0 0.0 0.0 
0.1 0.2879441014404275 0.0 0.0 0.0 0.0 0.0 0.35 0.26205589855957256 0.0 0.0 
0.24268093228801152 0.1 0.0 0.16067759531374265 0.0 0.0 0.35 0.14664147239824582 0.0 0.0 0.0 
0.1626379843944089 0.21750938416290888 0.0 0.0 0.0 0.0 0.0 0.35 0.26985263144268223 0.0 0.0 
0.0 0.3297321936793551 0.0 0.0 0.0 0.0 0.0 0.35 0.32026780632064505 0.0 0.0 
0.0 0.3488858774414286 0.0 0.0 0.0 0.0 0.19699483476092994 0.35 0.10411928779764147 0.0 0.0 
0.1785411689132389 0.13548330084276844 0.0 0.1 0.0 0.0 0.35 0.23597553024399265 0.0 0.0 0.0 
0.16957315447357463 0.1293006078337197 0.0 0.1 0.0 0.0 0.35 0.2511262376927057 0.0 0.0 0.0 
0.1 0.32096871160321405 0.0 0.0 0.0 0.0 0.0 0.35 0.22903128839678605 0.0 0.0 
0.26536613073174264 0.18270868514772945 0.0 0.0 0.0 0.0 0.2019251841205279 0.35 0.0 0.0 0.0 
0.1 0.3116576194902467 0.0 0.0 0.0 0.0 0.0 0.35 0.23834238050975332 0.0 0.0 
0.1 0.31263531382672827 0.0 0.0 0.0 0.0 0.0 0.35 0.2373646861732718 0.0 0.0 
0.1 0.2920690843100178 0.0 0.0 0.0 0.0 0.0 0.35 0.25793091568998217 0.0 0.0 
0.2212995270615795 0.1280558711680766 0.0 0.0 0.0 0.0 0.35 0.30064460177034397 0.0 0.0 0.0 
0.19807020656878088 0.35 0.0 0.0 0.0 0.0 0.0 0.35 0.10192979343121913 0.0 0.0 
0.10000393085762208 0.35 0.0 0.0 0.0 0.0 0.34964354808907094 0.10035252105330704 0.1 0.0 0.0 
0.1025918962637308 0.346595015521222 0.0 0.0 0.0 0.0 0.10081308821504721 0.35 0.1 0.0 0.0 
0.10719003973058035 0.35 0.0 0.0 0.0 0.0 0.0 0.35 0.19280996026941977 0.0 0.0 
0.1 0.3069715355633371 0.0 0.0 0.0 0.0 0.0 0.35 0.24302846443666287 0.0 0.0 
0.24090557615246705 0.12367061235533683 0.0 0.1 0.0 0.0 0.35 0.1854238114921961 0.0 0.0 0.0 
0.10000384380250801 0.35 0.0 0.0 0.0 0.0 0.34921124468920495 0.100784911508287 0.1 0.0 0.0 
0.0 0.3189209034049234 0.0 0.0 0.0 0.0 0.0 0.35 0.3310790965950766 0.0 0.0 
0.1 0.3408869509452963 0.0 0.0 0.0 0.0 0.0 0.35 0.2091130490547038 0.0 0.0 
0.1977107225122024 0.26609587989044436 0.0 0.0 0.0 0.0 0.18619339759735332 0.35 0.0 0.0 0.0 
0.10304890580882747 0.35 0.0 0.0 0.0 0.0 0.0 0.35 0.19695109419117263 0.0 0.0 
0.24077462615782683 0.1 0.0 0.16122592467176802 0.0 0.0 0.35 0.1479994491704052 0.0 0.0 0.0 
0.0 0.321772622117518 0.0 0.0 0.0 0.0 0.0 0.35 0.328227377882482 0.0 0.0 
0.27428131505019615 0.10454831712963428 0.0 0.10018104557709741 0.0 0.0 0.35 0.17098932224307217 0.0 0.0 0.0 
0.2596428919519175 0.1 0.0 0.18176860983709694 0.0 0.0 0.35 0.10858849821098565 0.0 0.0 0.0 
0.35 0.3100976709207326 0.0 0.0 0.0 0.0 0.0 0.33990232907926743 0.0 0.0 0.0 
0.10035607495616607 0.35 0.0 0.0 0.0 0.0 0.318210935877598 0.13143298916623605 0.1 0.0 0.0 
0.1 0.2916525235487255 0.0 0.0 0.0 0.0 0.0 0.35 0.2583474764512745 0.0 0.0 
0.11067204906432901 0.35 0.0 0.0 0.0 0.0 0.0 0.35 0.18932795093567112 0.0 0.0 
0.0 0.33202610661486487 0.0 0.0 0.0 0.0 0.0 0.35 0.31797389338513515 0.0 0.0 
0.1 0.32345081368777806 0.0 0.0 0.0 0.0 0.0 0.35 0.22654918631222204 0.0 0.0 
0.35 0.30000000000000004 0.0 0.0 0.0 0.0 0.0 0.35 0.0 0.0 0.0 
0.2766650618056101 0.10426034258443284 0.0 0.1 0.0 0.0 0.35 0.16907459560995708 0.0 0.0 0.0 
