-0.016113013724738258 3.490790714687222E-4 
-0.01240188778216781 5.621956405494412E-5 
-0.01240188778216781 5.621956405494412E-5 
-0.016113013724738258 3.490790714687222E-4 
-0.01310715957685565 6.784177132509485E-5 
-0.013403047744792788 7.712165100316775E-5 
-0.013293396078344412 7.302097064298439E-5 
-0.013451930184646348 7.963525513836374E-5 
-0.015305648000845738 2.1956374607036324E-4 
-0.012587993463250829 5.778423962919045E-5 
-0.012686528887129851 5.8584125426576074E-5 
-0.01596221612553004 3.2314097769391235E-4 
-0.016037687912094565 3.3494899038970515E-4 
-0.01294336342699072 6.696507894646103E-5 
-0.013716099833533169 9.257984339494287E-5 
-0.01456192008156504 1.656662877165782E-4 
-0.015475643982935074 2.444416126172977E-4 
-0.013545212469230057 8.44130937007488E-5 
-0.015398004729398986 2.3119259008565093E-4 
-0.01562535013648256 2.748225781648695E-4 
-0.01568302572716435 2.892846996504828E-4 
-0.015251515083657127 2.1438477485452736E-4 
-0.013863589667758422 9.994617639202778E-5 
-0.014226220808091335 1.2174145657600083E-4 
-0.015349625035959524 2.2466177952431228E-4 
-0.012842719720514015 6.0944539536605596E-5 
-0.012488101231858539 5.646316894672455E-5 
-0.012882962623077856 6.459734443688947E-5 
-0.014480094248634718 1.586946725182545E-4 
-0.013172057420817103 7.048685503060548E-5 
-0.015931818936077723 3.190494940859728E-4 
-0.014323851812028464 1.3095477967977505E-4 
-0.014512883324582868 1.61631291333831E-4 
-0.014395376432521792 1.4493199698474782E-4 
-0.014466271086270754 1.5147260938355516E-4 
-0.015499054610132046 2.479505525698025E-4 
-0.015895961372316764 3.1471347935153117E-4 
-0.014357713780500261 1.39104872405394E-4 
-0.01570994256256943 2.965041294527334E-4 
-0.014597832298621891 1.6999265715153826E-4 
-0.013898789102294036 1.0246974716594643E-4 
-0.015761650517198973 3.1121212039931134E-4 
-0.015143132615607499 2.0388788571755776E-4 
-0.014638941172715995 1.7229399581612694E-4 
-0.013565074328378548 8.556734812841917E-5 
-0.014032480189491839 1.0888150149296603E-4 
-0.014659884880386775 1.7758805693016448E-4 
-0.015009626725141233 1.935248873919868E-4 
-0.014168532827291414 1.1803003816609417E-4 
-0.014336446753647283 1.3642722590014118E-4 
-0.014852106245788324 1.8570568355971432E-4 
-0.016073562995455627 3.413864902725417E-4 
-0.01511246112627373 2.0141872790587677E-4 
-0.015076998960423669 1.9850134893853197E-4 
-0.01537556724110755 2.2804357459655348E-4 
-0.015041566138443145 1.9661899481918148E-4 
-0.013802646893348222 9.56518324072871E-5 
-0.015439950926173677 2.3763709202931187E-4 
-0.013658365525565123 8.79273958026805E-5 
-0.015188394206594307 2.079469974171811E-4 
-0.014073076255451372 1.1517112199970901E-4 
-0.015654750558288175 2.8202310578023457E-4 
-0.014050898147006548 1.101502022223736E-4 
-0.01566370839372732 2.842879238381036E-4 
-0.01600294773228157 3.292215682983127E-4 
-0.016090944538768342 3.446965657112042E-4 
-0.015704997633805593 2.9515540882862337E-4 
-0.015439950926173677 2.3763709202931187E-4 
-0.013963570498192912 1.047454511892133E-4 
-0.015741658622023934 3.0539466177370025E-4 
-0.013805661994172455 9.576892566824736E-5 
-0.014960676913344037 1.9132701735437714E-4 
-0.013678195135987024 9.027232604383233E-5 
-0.014796850794684081 1.828769629943867E-4 
-0.015585754165429015 2.6568901553616713E-4 
-0.014707170577613997 1.7876987219710437E-4 
-0.014285653281541865 1.26982932920588E-4 
-0.01554795180156511 2.5757318383440227E-4 
-0.015579881304441327 2.6438945391445883E-4 
-0.01601172022783357 3.3062081470395713E-4 
-0.014198958130295949 1.1981700521695987E-4 
-0.014285653281541865 1.26982932920588E-4 
-0.014946905724083855 1.8954265999713768E-4 
-0.015863264243700534 3.112223717636212E-4 
-0.01490775478961567 1.8726415474610967E-4 
-0.013963570498192912 1.047454511892133E-4 
-0.014446361830334544 1.4808528565368544E-4 
-0.014104285345857798 1.1572484490196479E-4 
-0.012767227143931784 5.966967784230043E-5 
-0.015745763316392488 3.0657562810329714E-4 
-0.015608493379062924 2.7085511775637954E-4 
-0.012768000252490272 5.9683774688541E-5 
-0.014435180834366306 1.4626488702892862E-4 
-0.015528096188577147 2.535466962044114E-4 
-0.012430533157143531 5.624452755568224E-5 
-0.014788885209202211 1.8195256908447278E-4 
-0.015528096188577147 2.535466962044114E-4 
-0.013242034654847207 7.099815352247154E-5 
-0.013242508978602649 7.100797676693042E-5 
-0.014879745032839037 1.870853097731007E-4 
