0.0 0.30000000000000004 0.0 0.0 0.0 0.0 0.0 0.35 0.35 0.0 0.0 
0.0 0.17481423370797794 0.0 0.0 0.2748184236437868 0.0 0.1 0.35 0.10036734264823535 0.0 0.0 
0.0 0.17481423370797794 0.0 0.0 0.2748184236437868 0.0 0.1 0.35 0.10036734264823535 0.0 0.0 
0.0 0.30000000000000004 0.0 0.0 0.0 0.0 0.0 0.35 0.35 0.0 0.0 
0.0 0.16583632186005104 0.0 0.0 0.23640706612554896 0.0 0.1 0.35 0.14775661201440007 0.0 0.0 
0.0 0.24469321497007315 0.0 0.0 0.17986692408752653 0.0 0.1 0.35 0.12543986094240034 0.0 0.0 
0.0 0.2171005839303694 0.0 0.0 0.10000022854179688 0.0 0.1 0.35 0.23289918752783378 0.0 0.0 
0.0 0.2667659141150774 0.0 0.0 0.0 0.0 0.10269084117485394 0.35 0.28054324471006864 0.0 0.0 
0.0 0.18765245418223664 0.0 0.0 0.24373000413945378 0.0 0.1 0.35 0.11861754167830968 0.0 0.0 
0.0 0.27459575523482516 0.0 0.0 0.12423306532132189 0.0 0.0 0.35 0.2511711794438529 0.0 0.0 
0.0 0.2657474502627919 0.0 0.0 0.0 0.0 0.1 0.35 0.28425254973720815 0.0 0.0 
0.0 0.169155055335731 0.0 0.0 0.271430837896935 0.0 0.1 0.35 0.10941410676733414 0.0 0.0 
0.0 0.3245866536289804 0.0 0.0 0.0 0.0 0.0 0.35 0.3254133463710196 0.0 0.0 
0.0 0.24947320346023966 0.0 0.0 0.12381971404946727 0.0 0.1 0.35 0.17670708249029304 0.0 0.0 
0.0 0.3093206553667708 0.0 0.0 0.0 0.0 0.1 0.35 0.2406793446332292 0.0 0.0 
0.0 0.26256186713894947 0.0 0.0 0.11350955727471715 0.0 0.1 0.35 0.1739285755863334 0.0 0.0 
0.0 0.25579830833039846 0.0 0.0 0.16495805618084186 0.0 0.1 0.35 0.12924363548875975 0.0 0.0 
0.0 0.21424085292857697 0.0 0.0 0.0 0.0 0.1 0.35 0.33575914707142307 0.0 0.0 
0.0 0.23263463051635896 0.0 0.0 0.10000022854179688 0.0 0.1 0.35 0.21736514094184423 0.0 0.0 
0.0 0.257356298775015 0.0 0.0 0.0 0.0 0.1 0.35 0.29264370122498506 0.0 0.0 
0.0 0.34262930138460257 0.0 0.0 0.0 0.0 0.0 0.35 0.30737069861539745 0.0 0.0 
0.0 0.24754959104164276 0.0 0.0 0.1 0.0 0.12340724924786098 0.35 0.17904315971049634 0.0 0.0 
0.0 0.30082951581480694 0.0 0.0 0.0 0.0 0.1 0.35 0.24917048418519308 0.0 0.0 
0.0 0.25857816722093263 0.0 0.0 0.15993908966317913 0.0 0.1 0.35 0.13148274311588823 0.0 0.0 
0.0 0.23350783407564663 0.0 0.0 0.15805233600381127 0.0 0.1 0.35 0.15843982992054223 0.0 0.0 
0.0 0.29907865768384123 0.0 0.0 0.0 0.0 0.1511490456691877 0.35 0.19977229664697108 0.0 0.0 
0.0 0.16939124525908306 0.0 0.0 0.2619912130626072 0.0 0.1 0.35 0.11861754167830968 0.0 0.0 
0.0 0.255741015147518 0.0 0.0 0.1450305635184352 0.0 0.1 0.35 0.1492284213340468 0.0 0.0 
0.0 0.2364723978082457 0.0 0.0 0.0 0.0 0.1 0.35 0.3135276021917543 0.0 0.0 
0.0 0.2603106850476714 0.0 0.0 0.11169973475675045 0.0 0.1 0.35 0.17798958019557826 0.0 0.0 
0.0 0.21790718244604362 0.0 0.0 0.0 0.0 0.1 0.35 0.33209281755395637 0.0 0.0 
0.0 0.16499284069295528 0.0 0.0 0.24172930159918057 0.0 0.1 0.35 0.14327785770786416 0.0 0.0 
0.0 0.31405629848038197 0.0 0.0 0.0 0.0 0.14942602092845986 0.35 0.1865176805911582 0.0 0.0 
0.0 0.21358769392527727 0.0 0.0 0.10004826862854978 0.0 0.1 0.35 0.23636403744617296 0.0 0.0 
0.0 0.3321970928475092 0.0 0.0 0.0 0.0 0.0 0.35 0.3178029071524908 0.0 0.0 
0.0 0.16309665936436998 0.0 0.0 0.24997498812422983 0.0 0.1 0.35 0.1369283525114002 0.0 0.0 
0.0 0.278455484152905 0.0 0.0 0.1269711433238762 0.0 0.0 0.35 0.24457337252321873 0.0 0.0 
0.0 0.2338161834384647 0.0 0.0 0.10242178935376238 0.0 0.1 0.35 0.21376202720777288 0.0 0.0 
0.0 0.2887497106592538 0.0 0.0 0.11179678295800512 0.0 0.0 0.35 0.24945350638274108 0.0 0.0 
0.0 0.23110435651789046 0.0 0.0 0.0 0.0 0.1 0.35 0.3188956434821095 0.0 0.0 
0.0 0.31739425221770967 0.0 0.0 0.0 0.0 0.0 0.35 0.3326057477822903 0.0 0.0 
0.0 0.22945295649780476 0.0 0.0 0.0 0.0 0.1 0.35 0.3205470435021953 0.0 0.0 
0.0 0.22099242128150046 0.0 0.0 0.0 0.0 0.1 0.35 0.3290075787184996 0.0 0.0 
0.0 0.28156930241013667 0.0 0.0 0.0 0.0 0.1 0.35 0.2684306975898634 0.0 0.0 
0.0 0.25939522326894804 0.0 0.0 0.12924010149904264 0.0 0.1 0.35 0.1613646752320093 0.0 0.0 
0.0 0.26091329188062057 0.0 0.0 0.10028427441336238 0.0 0.1 0.35 0.18880243370601718 0.0 0.0 
0.0 0.2557088333900461 0.0 0.0 0.13680030548696595 0.0 0.1 0.35 0.157490861122988 0.0 0.0 
0.0 0.2057554537149969 0.0 0.0 0.10082196657443418 0.0 0.1 0.35 0.2434225797105689 0.0 0.0 
0.0 0.31822984662607545 0.0 0.0 0.0 0.0 0.1 0.35 0.23177015337392454 0.0 0.0 
0.0 0.2393615647854791 0.0 0.0 0.10255184886359456 0.0 0.1 0.35 0.20808658635092633 0.0 0.0 
0.0 0.16583632186005104 0.0 0.0 0.23640706612554896 0.0 0.1 0.35 0.14775661201440007 0.0 0.0 
0.0 0.24887175048121962 0.0 0.0 0.15790217606847756 0.0 0.1 0.35 0.14322607345030275 0.0 0.0 
0.0 0.33565618398541563 0.0 0.0 0.0 0.0 0.0 0.35 0.31434381601458433 0.0 0.0 
0.0 0.25706744171903173 0.0 0.0 0.17074309250229563 0.0 0.1 0.35 0.12218946577867264 0.0 0.0 
0.0 0.1995830260945256 0.0 0.0 0.1 0.0 0.10170061334549482 0.35 0.24871636055997962 0.0 0.0 
0.0 0.3071574121907945 0.0 0.0 0.0 0.0 0.0 0.35 0.3428425878092055 0.0 0.0 
0.0 0.3107169600178461 0.0 0.0 0.0 0.0 0.0 0.35 0.3392830399821539 0.0 0.0 
0.0 0.29009140959332735 0.0 0.0 0.11428783408483965 0.0 0.0 0.35 0.245620756321833 0.0 0.0 
0.0 0.30936847900859676 0.0 0.0 0.0 0.0 0.12855223278791797 0.35 0.21207928820348532 0.0 0.0 
0.0 0.3225816639690856 0.0 0.0 0.0 0.0 0.12491205001612368 0.35 0.20250628601479076 0.0 0.0 
0.0 0.16862848737908692 0.0 0.0 0.2437383051314721 0.0 0.1 0.35 0.13763320748944097 0.0 0.0 
0.0 0.16939124525908306 0.0 0.0 0.2619912130626072 0.0 0.1 0.35 0.11861754167830968 0.0 0.0 
0.0 0.29804436380799615 0.0 0.0 0.0 0.0 0.1321297475995884 0.35 0.2198258885924155 0.0 0.0 
0.0 0.25576297487976335 0.0 0.0 0.0 0.0 0.1 0.35 0.29423702512023664 0.0 0.0 
0.0 0.24197195255135565 0.0 0.0 0.0 0.0 0.1 0.35 0.3080280474486443 0.0 0.0 
0.0 0.23263463051635896 0.0 0.0 0.10000022854179688 0.0 0.1 0.35 0.21736514094184423 0.0 0.0 
0.0 0.24616619068810316 0.0 0.0 0.0 0.0 0.1 0.35 0.30383380931189685 0.0 0.0 
0.0 0.3130709716770882 0.0 0.0 0.0 0.0 0.16785057674514134 0.35 0.1690784515777705 0.0 0.0 
0.0 0.2571205256738043 0.0 0.0 0.1315147990941865 0.0 0.1 0.35 0.1613646752320093 0.0 0.0 
0.0 0.2953187453000816 0.0 0.0 0.0 0.0 0.1 0.35 0.2546812546999184 0.0 0.0 
0.0 0.30661801465083816 0.0 0.0 0.0 0.0 0.16826932879126427 0.35 0.1751126565578976 0.0 0.0 
0.0 0.238740925292435 0.0 0.0 0.0 0.0 0.1 0.35 0.311259074707565 0.0 0.0 
0.0 0.3308462339234988 0.0 0.0 0.0 0.0 0.1 0.35 0.21915376607650117 0.0 0.0 
0.0 0.306356907353921 0.0 0.0 0.0 0.0 0.11722888709892523 0.35 0.22641420554715375 0.0 0.0 
0.0 0.2973736960725319 0.0 0.0 0.0 0.0 0.14519124894072508 0.35 0.20743505498674303 0.0 0.0 
0.0 0.24130607745368893 0.0 0.0 0.1302515635893955 0.0 0.1 0.35 0.17844235895691557 0.0 0.0 
0.0 0.2446932149700732 0.0 0.0 0.1798669240875265 0.0 0.1 0.35 0.12543986094240034 0.0 0.0 
0.0 0.3148834877459635 0.0 0.0 0.0 0.0 0.0 0.35 0.33511651225403644 0.0 0.0 
0.0 0.2852619697095991 0.0 0.0 0.0 0.0 0.1 0.35 0.2647380302904009 0.0 0.0 
0.0 0.2950788085850766 0.0 0.0 0.12264176759078807 0.0 0.0 0.35 0.23227942382413538 0.0 0.0 
0.0 0.30312188786245986 0.0 0.0 0.0 0.0 0.0 0.35 0.34687811213754016 0.0 0.0 
0.0 0.2671716403184001 0.0 0.0 0.13936898258481947 0.0 0.1 0.35 0.14345937709678047 0.0 0.0 
0.0 0.2243566455964354 0.0 0.0 0.0 0.0 0.1 0.35 0.32564335440356457 0.0 0.0 
0.0 0.24327852220100343 0.0 0.0 0.15724272931333558 0.0 0.1 0.35 0.149478748485661 0.0 0.0 
0.0 0.35 0.0 0.0 0.0 0.0 0.0 0.35 0.29999999999999993 0.0 0.0 
0.0 0.2520977137521895 0.0 0.0 0.10002735352190051 0.0 0.1 0.35 0.1978749327259101 0.0 0.0 
0.0 0.3034052755913909 0.0 0.0 0.0 0.0 0.14423514590208988 0.35 0.2023595785065192 0.0 0.0 
0.0 0.20341460630864933 0.0 0.0 0.10080029706686101 0.0 0.1 0.35 0.24578509662448972 0.0 0.0 
0.0 0.30887432304139184 0.0 0.0 0.0 0.0 0.12106928093186389 0.35 0.22005639602674437 0.0 0.0 
0.0 0.2953187453000816 0.0 0.0 0.0 0.0 0.1 0.35 0.2546812546999184 0.0 0.0 
0.0 0.25086677195531437 0.0 0.0 0.0 0.0 0.1 0.35 0.2991332280446856 0.0 0.0 
0.0 0.24130607745368893 0.0 0.0 0.1302515635893955 0.0 0.1 0.35 0.17844235895691557 0.0 0.0 
0.0 0.25086677195531437 0.0 0.0 0.0 0.0 0.1 0.35 0.2991332280446856 0.0 0.0 
0.0 0.30956382109040803 0.0 0.0 0.0 0.0 0.15586390094321573 0.35 0.18457227796637632 0.0 0.0 
0.0 0.3175144645554261 0.0 0.0 0.0 0.0 0.11370291562036408 0.35 0.2187826198242099 0.0 0.0 
0.0 0.2569695549515271 0.0 0.0 0.10569800801007483 0.0 0.1 0.35 0.18733243703839808 0.0 0.0 
0.0 0.28156930241013667 0.0 0.0 0.0 0.0 0.1 0.35 0.2684306975898634 0.0 0.0 
0.0 0.2852619697095991 0.0 0.0 0.0 0.0 0.1 0.35 0.2647380302904009 0.0 0.0 
0.0 0.2243566455964354 0.0 0.0 0.0 0.0 0.1 0.35 0.32564335440356457 0.0 0.0 
0.0 0.25706744171903173 0.0 0.0 0.17074309250229563 0.0 0.1 0.35 0.12218946577867264 0.0 0.0 
