0.0 0.30000000000000027 0.0 0.0 0.0 0.0 0.0 0.35 0.35 0.0 0.0 
0.21051000887771787 0.0 0.3476912842505235 0.0 0.0 0.0 0.0 0.34072644317218814 0.10107226369957052 0.0 0.0 
0.0 0.30000000000000027 0.0 0.0 0.0 0.0 0.0 0.35 0.35 0.0 0.0 
0.21051000887771787 0.0 0.3476912842505235 0.0 0.0 0.0 0.0 0.34072644317218814 0.10107226369957052 0.0 0.0 
0.0 0.19766051617024658 0.0 0.0 0.0 0.0 0.10302640568066178 0.35 0.3493130781490916 0.0 0.0 
0.0 0.2999999999999998 0.0 0.0 0.0 0.0 0.0 0.35 0.35 0.0 0.0 
0.0 0.20275196938931417 0.0 0.0 0.0 0.0 0.11575947571065558 0.3492705101183257 0.3322180447817046 0.0 0.0 
0.10003072576025272 0.19996927423974728 0.0 0.0 0.0 0.0 0.0 0.35 0.35 0.0 0.0 
0.0 0.19766051617024658 0.0 0.0 0.0 0.0 0.10302640568066178 0.35 0.3493130781490916 0.0 0.0 
0.0 0.2999999999999998 0.0 0.0 0.0 0.0 0.0 0.35 0.35 0.0 0.0 
0.18489551005361038 0.1081226086128038 0.17484860600691027 0.0 0.0 0.0 0.0 0.35 0.18213327532667567 0.0 0.0 
0.19990263449301351 0.10042117527044507 0.19583118336326213 0.0 0.0 0.0 0.0 0.3459811458887659 0.15786386098451338 0.0 0.0 
0.20703121480955752 0.0 0.34056293276690464 0.0 0.0 0.0 0.0 0.35 0.10240585242353792 0.0 0.0 
0.17516246659016582 0.10890872251072425 0.10171800842188229 0.0 0.0 0.0 0.0 0.35 0.26421080247722767 0.0 0.0 
0.19689405637709165 0.0 0.26188201858778126 0.0 0.0 0.0 0.0 0.3499368820059567 0.19128704302917038 0.0 0.0 
0.18111018567177448 0.10821166034432382 0.11325268252623295 0.0 0.0 0.0 0.0 0.34816563270335815 0.24925983875431065 0.0 0.0 
0.20181048322267028 0.10419179450616207 0.20428662888829063 0.0 0.0 0.0 0.0 0.35 0.1397110933828771 0.0 0.0 
0.181238502286513 0.10836689226398154 0.10444244420463758 0.0 0.0 0.0 0.0 0.35 0.2559521612448678 0.0 0.0 
0.20910975140519142 0.0 0.2832692703767982 0.0 0.0 0.0 0.0 0.35 0.15762097821801035 0.0 0.0 
0.12053754450307097 0.17983987106997046 0.0 0.0 0.0 0.0 0.0 0.3496225844269586 0.35 0.0 0.0 
0.1923900588637957 0.10450155102852055 0.1556730843257213 0.0 0.0 0.0 0.0 0.35 0.19743530578196242 0.0 0.0 
0.1936956148618284 0.10223199838002618 0.11270874322022284 0.0 0.0 0.0 0.0 0.35 0.24136364353792267 0.0 0.0 
0.21495370520913218 0.0 0.27148074594737176 0.0 0.0 0.0 0.0 0.35 0.1635655488434961 0.0 0.0 
0.2125997496620454 0.0 0.34243159289591313 0.0 0.0 0.0 0.0 0.34237029510553985 0.10259836233650159 0.0 0.0 
0.2032668750009514 0.0 0.308867438519607 0.0 0.0 0.0 0.0 0.35 0.13786568647944156 0.0 0.0 
0.1918859304994043 0.10674162430653804 0.17723643791550503 0.0 0.0 0.0 0.0 0.35 0.1741360072785527 0.0 0.0 
0.210285446292304 0.0 0.26091419208376015 0.0 0.0 0.0 0.0 0.34938117141192104 0.17941919021201472 0.0 0.0 
0.1463464322072861 0.15365356779271405 0.0 0.0 0.0 0.0 0.0 0.35 0.35 0.0 0.0 
0.18050797488271758 0.1049439368082543 0.19710813666457588 0.0 0.0 0.0 0.0 0.35 0.1674399516444523 0.0 0.0 
0.113121745981995 0.18687825401800504 0.0 0.0 0.0 0.0 0.0 0.35 0.35 0.0 0.0 
0.20101353814047984 0.0 0.33887481614694875 0.0 0.0 0.0 0.0 0.35 0.11011164571257141 0.0 0.0 
0.2077125476025239 0.0 0.28920613726894473 0.0 0.0 0.0 0.0 0.35 0.15308131512853146 0.0 0.0 
0.19571603154874578 0.0 0.3056120847816264 0.0 0.0 0.0 0.0 0.35 0.1486718836696278 0.0 0.0 
0.20268381679174996 0.10145933247743404 0.1304948787138744 0.0 0.0 0.0 0.0 0.35 0.21536197201694166 0.0 0.0 
0.1973805660938357 0.0 0.2661858257163971 0.0 0.0 0.0 0.0 0.35 0.18643360818976723 0.0 0.0 
0.18722986445801953 0.10692560714007307 0.15075254427612106 0.0 0.0 0.0 0.0 0.35 0.20509198412578633 0.0 0.0 
0.21803396367564096 0.1394594997015168 0.0 0.0 0.0 0.0 0.0 0.35 0.2925065366228422 0.0 0.0 
0.17951961181691117 0.10391220381161732 0.13186689466992263 0.0 0.0 0.0 0.0 0.35 0.23470128970154905 0.0 0.0 
0.1939287819303121 0.1057124447296199 0.12389086647243171 0.0 0.0 0.0 0.0 0.35 0.22646790686763624 0.0 0.0 
0.18498038845612147 0.10681720148642733 0.16748682817547558 0.0 0.0 0.0 0.0 0.3492562783811136 0.191459303500862 0.0 0.0 
0.12915654678899469 0.1041306562112313 0.1025626505893884 0.0 0.0 0.0 0.0 0.34806139056313673 0.3160887558472489 0.0 0.0 
0.1966906949507489 0.10013337469867271 0.20356272441228204 0.0 0.0 0.0 0.0 0.3473047286618843 0.1523084772764122 0.0 0.0 
0.1442235207603936 0.10670014742501936 0.10026158341114214 0.0 0.0 0.0 0.0 0.35 0.29881474840344474 0.0 0.0 
0.18120042573770279 0.12645475457259506 0.0 0.0 0.0 0.0 0.0 0.35 0.3423448196897022 0.0 0.0 
0.1921329851362552 0.10377981962166542 0.15242429532418814 0.0 0.0 0.0 0.0 0.35 0.20166289991789127 0.0 0.0 
0.2088801681690157 0.0 0.26791603544022585 0.0 0.0 0.0 0.0 0.35 0.1732037963907585 0.0 0.0 
0.17617334332212878 0.10233689013217875 0.14307671145158696 0.0 0.0 0.0 0.0 0.35 0.2284130550941055 0.0 0.0 
0.16015596805169477 0.11386080321730066 0.108413413216347 0.0 0.0 0.0 0.0 0.35 0.2675698155146575 0.0 0.0 
0.13688110324668618 0.1074419974086692 0.10080231497512025 0.0 0.0 0.0 0.0 0.35 0.3048745843695243 0.0 0.0 
0.13599186114548503 0.10182565530800307 0.10315378058096446 0.0 0.0 0.0 0.0 0.35 0.3090287029655474 0.0 0.0 
0.21768196206918874 0.16314266723977866 0.0 0.0 0.0 0.0 0.0 0.35 0.2691753706910327 0.0 0.0 
0.15740801405182944 0.10866647473915493 0.10244111217027772 0.0 0.0 0.0 0.0 0.35 0.2814843990387379 0.0 0.0 
0.24428580808271597 0.13083553321011607 0.0 0.0 0.0 0.0 0.0 0.35 0.27487865870716804 0.0 0.0 
0.18864196101568662 0.10671214923070992 0.13485805080079383 0.0 0.0 0.0 0.0 0.35 0.21978783895280962 0.0 0.0 
0.18971941183523078 0.1483459995864872 0.0 0.0 0.0 0.0 0.0 0.35 0.311934588578282 0.0 0.0 
0.17957676914506138 0.14317768287860824 0.0 0.0 0.0 0.0 0.0 0.35 0.32724554797633043 0.0 0.0 
0.18427514645368503 0.11385173623707727 0.1049253481895786 0.0 0.0 0.0 0.0 0.35 0.24694776911965913 0.0 0.0 
0.1923801574208121 0.15309383489818412 0.0 0.0 0.0 0.0 0.0 0.35 0.3045260076810038 0.0 0.0 
0.19744606759365227 0.10298804011490478 0.16101166860626207 0.0 0.0 0.0 0.0 0.35 0.18855422368518082 0.0 0.0 
0.16023320263026958 0.13976679736973047 0.0 0.0 0.0 0.0 0.0 0.35 0.35 0.0 0.0 
0.212929258808889 0.0 0.3234360048166995 0.0 0.0 0.0 0.0 0.3487060175337665 0.11492871884064496 0.0 0.0 
0.15888943101151715 0.11007857644332285 0.10738505828845427 0.0 0.0 0.0 0.0 0.3499999999999999 0.2736469342567057 0.0 0.0 
0.19242730512634315 0.11450079254822099 0.13695580178952063 0.0 0.0 0.0 0.0 0.34795024970014643 0.20816585083576883 0.0 0.0 
0.17439108035144169 0.1001565672550566 0.19843862646442031 0.0 0.0 0.0 0.0 0.35 0.17701372592908146 0.0 0.0 
0.16849346956095512 0.13150653043904492 0.0 0.0 0.0 0.0 0.0 0.35 0.35 0.0 0.0 
0.21185716907599547 0.15849524855878266 0.0 0.0 0.0 0.0 0.0 0.35 0.2796475823652218 0.0 0.0 
0.18237337711781307 0.1156520465303444 0.14712986065061237 0.0 0.0 0.0 0.0 0.35 0.20484471570123022 0.0 0.0 
0.18922257444614082 0.13389619628805607 0.0 0.0 0.0 0.0 0.0 0.35 0.3268812292658032 0.0 0.0 
0.1836997054692842 0.10888757058274706 0.19865945495801285 0.0 0.0 0.0 0.0 0.35 0.15875326898995584 0.0 0.0 
0.21164407628631127 0.0 0.32168778681704596 0.0 0.0 0.0 0.0 0.35 0.11666813689664293 0.0 0.0 
0.0 0.20485889358459902 0.0 0.0 0.0 0.0 0.10558429803254814 0.35 0.33955680838285285 0.0 0.0 
0.18614188131808362 0.0 0.3253533066890439 0.0 0.0 0.0 0.0 0.35 0.13850481199287246 0.0 0.0 
0.1796195591517427 0.1203804408482573 0.0 0.0 0.0 0.0 0.0 0.35 0.35 0.0 0.0 
0.19857578045971264 0.0 0.30173924139059155 0.0 0.0 0.0 0.0 0.35 0.14968497814969572 0.0 0.0 
0.20159960650405573 0.14150818236194374 0.0 0.0 0.0 0.0 0.0 0.35 0.3068922111340006 0.0 0.0 
0.1301399333503725 0.16986006664962755 0.0 0.0 0.0 0.0 0.0 0.35 0.35 0.0 0.0 
0.1836997054692842 0.10888757058274706 0.19865945495801285 0.0 0.0 0.0 0.0 0.35 0.15875326898995584 0.0 0.0 
0.2102156687931981 0.0 0.3114672260299908 0.0 0.0 0.0 0.0 0.35 0.12831710517681114 0.0 0.0 
0.2009341092264337 0.11548901528295955 0.10706645979262466 0.0 0.0 0.0 0.0 0.35 0.22651041569798205 0.0 0.0 
0.13724116106828232 0.16275883893171764 0.0 0.0 0.0 0.0 0.0 0.35 0.35 0.0 0.0 
0.19885413192609622 0.10725176408033554 0.0 0.0 0.0 0.0 0.0 0.34886957483714587 0.3450245291564224 0.0 0.0 
0.0 0.19138842085493568 0.0 0.0 0.0 0.0 0.10861157914506442 0.35 0.35 0.0 0.0 
0.17810785840280685 0.10486254346294446 0.11081670157513543 0.0 0.0 0.0 0.0 0.35 0.2562128965591133 0.0 0.0 
0.24026402735634586 0.14785401342186827 0.0 0.0 0.0 0.0 0.0 0.35 0.2618819592217858 0.0 0.0 
0.19971206063516242 0.11478662986429075 0.10641529898739503 0.0 0.0 0.0 0.0 0.3478713568911142 0.2312146536220377 0.0 0.0 
0.15577660673176666 0.11576926186162564 0.10517373036095555 0.0 0.0 0.0 0.0 0.35 0.2732804010456522 0.0 0.0 
0.1606799244521588 0.11110715678449389 0.1009662014612367 0.0 0.0 0.0 0.0 0.35 0.27724671730211065 0.0 0.0 
0.19492642738380128 0.16091393316190358 0.0 0.0 0.0 0.0 0.0 0.35 0.2941596394542952 0.0 0.0 
0.23362724845383037 0.15129424095259142 0.0 0.0 0.0 0.0 0.0 0.35 0.26507851059357823 0.0 0.0 
0.1865768922446748 0.0 0.33250347986899476 0.0 0.0 0.0 0.0 0.35 0.13091962788633046 0.0 0.0 
0.0 0.20485889358459902 0.0 0.0 0.0 0.0 0.10558429803254814 0.35 0.33955680838285285 0.0 0.0 
0.10449032922360356 0.19550967077639647 0.0 0.0 0.0 0.0 0.0 0.35 0.35 0.0 0.0 
0.18828981855306265 0.11940381264132799 0.0 0.0 0.0 0.0 0.0 0.35 0.3423063688056094 0.0 0.0 
0.1464348824628894 0.1080868735565817 0.10343532434798026 0.0 0.0 0.0 0.0 0.3470853181202615 0.29495760151228717 0.0 0.0 
0.1879354355056632 0.10910742231149584 0.18250267964270198 0.0 0.0 0.0 0.0 0.35 0.17045446254013902 0.0 0.0 
0.21332598695803817 0.0 0.2684515746652229 0.0 0.0 0.0 0.0 0.35 0.16822243837673892 0.0 0.0 
0.10699605551587535 0.1930039444841246 0.0 0.0 0.0 0.0 0.0 0.35 0.35 0.0 0.0 
0.1775453207231848 0.12245467927681522 0.0 0.0 0.0 0.0 0.0 0.35 0.35 0.0 0.0 
0.14260488765463783 0.11045656900546087 0.10987029053751718 0.0 0.0 0.0 0.0 0.35 0.28706825280238424 0.0 0.0 
0.14123625432333167 0.11125879143594401 0.10403082204419507 0.0 0.0 0.0 0.0 0.35 0.2934741321965294 0.0 0.0 
