-0.01611301372473826 3.490790714687223E-4 
-0.01611301372473826 3.490790714687223E-4 
-0.008275616422085439 3.3147897277771194E-5 
-0.01552346714748886 2.576994014484058E-4 
-0.015632944322691585 2.7887936990824097E-4 
-0.010376893862231815 4.232898883260042E-5 
-0.01448887523423728 1.6023425926766822E-4 
-0.01546256111732482 2.425068638085486E-4 
-0.01225407841814179 5.44904257502894E-5 
-0.013280887917837809 7.354081115296796E-5 
-0.013767297226424587 9.429747051684252E-5 
-0.011847273800385366 5.097038846756647E-5 
-0.01566609144258131 2.8827839607403093E-4 
-0.01363751107877765 8.947702804646676E-5 
-0.013796931935007604 9.91418615036776E-5 
-0.010527866919042254 4.453517175244682E-5 
-0.013183735009959311 7.079267056288327E-5 
-0.009819077381247258 3.8421224252049104E-5 
-0.0160467093947615 3.365178128210714E-4 
-0.008823961095342163 3.399301863967953E-5 
-0.014400372566683362 1.5161512426537326E-4 
-0.014133574733315366 1.1907722232515344E-4 
-0.011985053326312535 5.175480777989242E-5 
-0.00858941207841695 3.3748953812226666E-5 
-0.01286630266405628 6.1492480862912E-5 
-0.013053508052248565 6.595898021076699E-5 
-0.014794936644401187 1.8291937382316294E-4 
-0.015863264243700534 3.112223717636212E-4 
-0.012590793582004397 5.798448508181562E-5 
-0.01608394007442507 3.4334765693718014E-4 
-0.015134830961350765 2.065134922477834E-4 
-0.015981814549114702 3.2598121378338177E-4 
-0.01571104979662723 2.9900862893368044E-4 
-0.008483845651366135 3.346492598195759E-5 
-0.014227911416719393 1.2423217140049338E-4 
-0.01592899460518568 3.186887067915287E-4 
-0.012715074174034321 5.976885804342699E-5 
-0.014088726560940165 1.1346742155995898E-4 
-0.0093039609927646 3.55189179972966E-5 
-0.013965745298533398 1.0657898982884445E-4 
-0.014041003219056634 1.104855076866365E-4 
-0.01075818368007884 4.6110950598762104E-5 
-0.015596203460368361 2.708663970930938E-4 
-0.009430488064388266 3.6925694901686706E-5 
-0.015744961960865483 3.0823278742367246E-4 
-0.011213298610869492 4.76355513258916E-5 
-0.010675633152761054 4.5128564182126546E-5 
-0.01341475221341079 7.786991526585402E-5 
-0.009151424050638127 3.4659637119081825E-5 
-0.015050635636787057 1.9720348397677626E-4 
-0.014273618130528194 1.3315552266908616E-4 
-0.014934391890321384 1.8942026936830282E-4 
-0.011629827717884964 4.951981067537084E-5 
-0.011136362326424702 4.709981779549466E-5 
-0.011406251222165965 4.8537055650825514E-5 
-0.00966642686245947 3.715444640988172E-5 
-0.014541066761740978 1.6398621134608982E-4 
-0.01537323647587132 2.351901766567846E-4 
-0.01018335417514478 4.021024728276853E-5 
-0.01590769210463082 3.16073571258193E-4 
-0.00893934758798097 3.434404970960816E-5 
-0.0130788207004821 6.684904897723586E-5 
-0.01230369902602871 5.545329529124833E-5 
-0.013551205507042077 8.730293755044289E-5 
-0.015249469029351634 2.1376878258716313E-4 
-0.014586899815288577 1.7061475428279454E-4 
-0.015980610667803225 3.258021737911665E-4 
-0.01341475221341079 7.786991526585402E-5 
-0.013919817235374415 1.0336621065220122E-4 
-0.010936416535382602 4.614421928478332E-5 
-0.014202600955803758 1.2333292737762226E-4 
-0.00906144147298271 3.451300647775469E-5 
-0.014398808188832676 1.4317630461937764E-4 
-0.015354043178864515 2.2925015489933613E-4 
-0.008285277749855302 3.3148769325041215E-5 
-0.010181625065849804 4.007390919489111E-5 
-0.014399996544811436 1.493414287081669E-4 
-0.015581503405701164 2.694735633926183E-4 
-0.014576495174057002 1.670231437490917E-4 
-0.014885992399443892 1.8658270121726977E-4 
-0.010000868466052575 3.900405570263949E-5 
-0.01466066020404652 1.7517614704462854E-4 
-0.016053848705626803 3.3778314642926094E-4 
-0.01162465630333205 4.949397457933314E-5 
-0.010000868466052573 3.900405570263947E-5 
-0.012832425572106228 6.067082185561449E-5 
-0.015212486970325127 2.1016138115009596E-4 
-0.014346522755543895 1.3770362233835628E-4 
-0.014645617406396364 1.7383982546305825E-4 
-0.011442802286882877 4.8735159098216264E-5 
-0.01569784004634708 2.9693414999628254E-4 
-0.014276405041416362 1.3327187613915143E-4 
-0.009679624242648755 3.721131451132173E-5 
-0.015427962029731521 2.3670152975731567E-4 
-0.01528589236930644 2.1952738132748913E-4 
-0.0157474089115774 3.0872809649427386E-4 
-0.01526412651063026 2.1792693513998364E-4 
-0.010936416535382599 4.614421928478328E-5 
-0.015461623808152844 2.423589010018733E-4 
-0.01438170559550911 1.4129590942865518E-4 
