-0.01611301372473826 3.490790714687223E-4 
-0.01611301372473826 3.490790714687223E-4 
-0.008311008570008774 3.319249911751982E-5 
-0.00965161061782068 3.661001843490559E-5 
-0.014435892933555364 1.5025640753464078E-4 
-0.015539865444578822 2.573117249296007E-4 
-0.014946478097123794 1.897882465694391E-4 
-0.011493156863572808 4.833554987532449E-5 
-0.014792510676730838 1.8259413361591074E-4 
-0.016068089071260054 3.4036988396511815E-4 
-0.009891381947508862 3.8380783551451995E-5 
-0.014068160722409993 1.1208269481835306E-4 
-0.015295722872352212 2.1853959576363335E-4 
-0.014356667675734201 1.3764779766148338E-4 
-0.013869811394346907 1.0054739566648959E-4 
-0.01100367649882563 4.643461691855805E-5 
-0.011268360340531096 4.752243932689935E-5 
-0.01338760979587877 7.697498871331494E-5 
-0.015140456570931538 2.0392756503310116E-4 
-0.010644452790007166 4.546252933691717E-5 
-0.015478818490817049 2.4613886707176586E-4 
-0.009366571684966367 3.5405966177603286E-5 
-0.015084587773405619 1.9913375434443576E-4 
-0.01592037585304126 3.1999322844786823E-4 
-0.013091559851583322 6.652172026348741E-5 
-0.014599400745425916 1.72815622976939E-4 
-0.012904647749049597 6.223349490422895E-5 
-0.014267800102865217 1.2975204984165333E-4 
-0.012525302050613637 5.677162612268461E-5 
-0.012218221715392847 5.436372743207808E-5 
-0.012734113247519555 5.916385774735134E-5 
-0.01320121143306275 6.96188730883385E-5 
-0.010226355797203211 4.110959092408322E-5 
-0.01447164587851492 1.590491936372271E-4 
-0.008410012894714686 3.335022265802817E-5 
-0.008945805943437165 3.443124488968028E-5 
-0.00884935832804675 3.400851786693745E-5 
-0.015346256744345437 2.2759277893651762E-4 
-0.01397757074649988 1.0622851166232927E-4 
-0.012379429563677597 5.507305757256958E-5 
-0.011142278184250193 4.699939654217726E-5 
-0.014674653241696266 1.796128977182185E-4 
-0.01571892935196167 3.0165253028733023E-4 
-0.01599597888254488 3.2813265619705293E-4 
-0.01348276624743343 8.167845394193768E-5 
-0.01046141086479245 4.326751856432304E-5 
-0.015972428557315226 3.2460119250380244E-4 
-0.014356667675734201 1.3764779766148338E-4 
-0.015892481473377226 3.14320937737967E-4 
-0.015577709407061446 2.6586661334957774E-4 
-0.01535874883536589 2.2798547223944218E-4 
-0.008605016147571608 3.353820628983965E-5 
-0.010117508353200858 3.9750923466020935E-5 
-0.016113013724738254 3.490790714687221E-4 
-0.010012536367351985 3.915586473051207E-5 
-0.010782220373050468 4.586620454473772E-5 
-0.008665865448893063 3.370718685667536E-5 
-0.011736750242972637 4.968728278185212E-5 
-0.01393981657409213 1.0530724986835052E-4 
-0.01525793960117501 2.1466970443387247E-4 
-0.010357657723282801 4.2362894302707706E-5 
-0.014208637582715592 1.2373138125909707E-4 
-0.011690656573330413 4.947792728356477E-5 
-0.009129489193779964 3.472518697046055E-5 
-0.015398705516061682 2.361901495959438E-4 
-0.015439381134084516 2.3810198456444533E-4 
-0.014133474766201234 1.1704044785202352E-4 
-0.009175313334877349 3.482431507683693E-5 
-0.014438814419326906 1.580327785878793E-4 
-0.015649619226219755 2.822137578505676E-4 
-0.015612954654453745 2.7348784018439004E-4 
-0.01566148796528364 2.8822283991081715E-4 
-0.014591608314230212 1.695906851965963E-4 
-0.015692366837463043 2.951595478221426E-4 
-0.01454622146911202 1.660116863254228E-4 
-0.012762535838665602 5.9660914246067837E-5 
-0.013683536337078417 9.264501636749493E-5 
-0.01287862271631727 6.201820978696932E-5 
-0.009341681334686212 3.527716964538321E-5 
-0.013270827173782536 7.547748350925166E-5 
-0.015009590884397843 1.9474054645153213E-4 
-0.011963546140852347 5.172880279738967E-5 
-0.015564459366298803 2.645815363913391E-4 
-0.01603129739287463 3.338580207070687E-4 
-0.015669667216557413 2.9043841577769717E-4 
-0.015748037205067733 3.0795146006822683E-4 
-0.016036233465940075 3.3469920977646366E-4 
-0.014133474766201234 1.1704044785202352E-4 
-0.015468049286637114 2.4564033885908883E-4 
-0.015863264243700534 3.112223717636211E-4 
-0.015206907565152765 2.121113323955916E-4 
-0.0119172886446076 5.12429949897284E-5 
-0.015201797737554635 2.0914059833045828E-4 
-0.015635406744474493 2.801172239705043E-4 
-0.012082479561278817 5.2867922405780724E-5 
-0.015612954654453746 2.734878401843901E-4 
-0.013102256374949092 6.767115649619211E-5 
-0.013574106823718072 8.654597591629506E-5 
-0.015746678461766788 3.0780239873479863E-4 
-0.015027993113784015 1.948059039028324E-4 
