-0.01611301372473826 3.490790714687223E-4 
-0.008291881207383063 3.314640003156012E-5 
-0.01611301372473826 3.490790714687223E-4 
-0.01203468516725225 5.1999054223264436E-5 
-0.011070206728427418 4.679891980740029E-5 
-0.01283978249862084 6.144538037847197E-5 
-0.013381914979611553 7.728586161885165E-5 
-0.01074595764631046 4.5687702104711384E-5 
-0.015417975872245294 2.367268768025191E-4 
-0.014222073748404205 1.225013248961659E-4 
-0.013020939791607641 6.471536093761943E-5 
-0.013259193844902116 7.309154578315742E-5 
-0.01264384004265411 5.807029393708797E-5 
-0.011729837252283777 4.962457447956162E-5 
-0.015318048929587828 2.2224068060767798E-4 
-0.009807633904516376 3.795927660096367E-5 
-0.015521389210730907 2.58148597732017E-4 
-0.00853864176942689 3.3898511942521835E-5 
-0.01427911528912055 1.3517206830977908E-4 
-0.014439030623402021 1.4750704626344312E-4 
-0.01567051389861819 2.882543345028923E-4 
-0.010117464973662399 4.032336293673443E-5 
-0.01572475400490147 3.048181263577174E-4 
-0.01453868459182497 1.640101680111255E-4 
-0.015464951609078317 2.4776582292380597E-4 
-0.013543367204163647 8.338202456259955E-5 
-0.013905032898649618 1.0176866630571264E-4 
-0.014600211421784338 1.6907537018475885E-4 
-0.009372739193326766 3.570861106198887E-5 
-0.008789528687207362 3.4224432156957236E-5 
-0.014439199442774064 1.5525703876041264E-4 
-0.01124949407527883 4.725290944895232E-5 
-0.015255135304660624 2.1432640078255328E-4 
-0.015907747458886352 3.160801238574404E-4 
-0.012410500393679129 5.537036393749164E-5 
-0.009245151957710604 3.520247526254717E-5 
-0.013666543780216034 8.8463782666852E-5 
-0.014022649376992154 1.0892150528451725E-4 
-0.01446694084941163 1.5989249667629294E-4 
-0.0103052106387035 4.178797364957941E-5 
-0.01154543815139599 4.876899741324582E-5 
-0.01575106633859513 3.1016202460346185E-4 
-0.014682540667452608 1.7626031550090123E-4 
-0.015023659997911115 1.9451051039843807E-4 
-0.009062804045706566 3.446607154587205E-5 
-0.009549359344504803 3.7236289658250084E-5 
-0.015425654730378048 2.441975972915986E-4 
-0.015706502104453117 2.97356405177123E-4 
-0.01223351954895432 5.410379952394272E-5 
-0.01432899828094151 1.3686460126211496E-4 
-0.010533931014858902 4.361501646374452E-5 
-0.014198253056363944 1.2058839170665481E-4 
-0.010381321884869153 4.2268544125504815E-5 
-0.015548289793646138 2.6089290411155345E-4 
-0.01314782525867116 6.946671547397645E-5 
-0.01477303995440216 1.82204357849911E-4 
-0.008360468789625326 3.348481073192935E-5 
-0.010612681795209633 4.412070294970725E-5 
-0.01568974562448558 2.948637646753553E-4 
-0.01608663307586184 3.438638740438862E-4 
-0.015346617529561664 2.2768624782547295E-4 
-0.013927389506449084 1.0795870322580769E-4 
-0.014125794598211078 1.1522487074230865E-4 
-0.016006020813738447 3.297081207850793E-4 
-0.015159617664831253 2.081626144892373E-4 
-0.013117291093962967 6.7935655087688E-5 
-0.014937799681824987 1.8898512989047264E-4 
-0.015948333489430186 3.2122503600123494E-4 
-0.015863264243700537 3.1122237176362135E-4 
-0.015637876730773697 2.814215881353883E-4 
-0.009929858316088452 3.870745111434185E-5 
-0.009996101046839536 3.958936064924545E-5 
-0.01383792922524092 9.77508966838521E-5 
-0.015048856206510466 1.9632938539957502E-4 
-0.014091998794912557 1.1415729307521047E-4 
-0.00953690351577021 3.7182688043278253E-5 
-0.015616672748794717 2.7376524294265415E-4 
-0.01356194967083458 8.435322934701538E-5 
-0.015590356920754271 2.7183300526653143E-4 
-0.012258031861305325 5.433937557738871E-5 
-0.014869078777100649 1.858979050795093E-4 
-0.015346617529561664 2.2768624782547295E-4 
-0.011674323294617126 4.9451440226232175E-5 
-0.01462228410978331 1.7444270255807088E-4 
-0.01564616251085251 2.8189259763847924E-4 
-0.009074627871023552 3.453482259838023E-5 
-0.00872611836405818 3.396450545449473E-5 
-0.015097809512586125 2.0059999646090628E-4 
-0.014389957716310986 1.421263184489252E-4 
-0.011408336347098603 4.789679725851061E-5 
-0.013763964783280621 9.387024530642027E-5 
-0.015124684919642698 2.0333963410510227E-4 
-0.014389960021380512 1.4214006990084625E-4 
-0.01138050936961528 4.775274732620974E-5 
-0.015186174294594162 2.1076616630798077E-4 
-0.01557172781258746 2.671261826897913E-4 
-0.013814020033063189 9.63140718513693E-5 
-0.01606942523971918 3.406168931763832E-4 
-0.012534558635713967 5.655919691444648E-5 
-0.014805437005995785 1.8269401911964912E-4 
