-0.01611301372473826 3.490790714687223E-4 
-0.01611301372473826 3.490790714687223E-4 
-0.006094554093206493 2.4507989606781897E-5 
-0.006753936766295936 3.312259467469497E-5 
-0.00828054073655004 3.320981704173132E-5 
-0.01099369267063531 4.633601639662914E-5 
-0.013549787260380553 8.587372488597873E-5 
-0.015165172856665087 2.0642924615939652E-4 
-0.011296633226670542 4.749247483039247E-5 
-0.012269437767396267 5.467169610591906E-5 
-0.01482774645792961 1.8419957229887557E-4 
-0.014391889559843175 1.4008212859174053E-4 
-0.009396833926553813 3.547224450122443E-5 
-0.013382374592338835 7.934449552166536E-5 
-0.015079206876814064 1.9880617205563682E-4 
-0.010630393762897837 4.4800916086919496E-5 
-0.009627854736173688 3.701857163491876E-5 
-0.010225540599541094 4.183655326818024E-5 
-0.008895836535215619 3.412651789970659E-5 
-0.006287959783897137 2.5770213744029033E-5 
-0.01601299962401351 3.3141940779512905E-4 
-0.00978888314679718 3.7728992460418645E-5 
-0.014715571823433717 1.7947656762504408E-4 
-0.014145196884913667 1.1629862514124461E-4 
-0.015914217577714093 3.1685474464859174E-4 
-0.01450475093764273 1.6459333335369506E-4 
-0.015031314578187342 1.9517247855687557E-4 
-0.0064463483019971905 2.7294579204293346E-5 
-0.012475596151778052 5.622372139478564E-5 
-0.015475312682795679 2.475981001130402E-4 
-0.015258871956733118 2.1527276367901648E-4 
-0.012593474896099585 5.7394081899091024E-5 
-0.013926863627148683 1.046377130511907E-4 
-0.012955372436529281 6.442587664122574E-5 
-0.00843262332699862 3.348993321192572E-5 
-0.011894773479146054 5.098444521100489E-5 
-0.015863264243700534 3.112223717636211E-4 
-0.01565782889751133 2.8639411050174386E-4 
-0.01440235846644616 1.485669212939311E-4 
-0.01539297228691565 2.341679426402457E-4 
-0.015244349924232186 2.1367465974958945E-4 
-0.01558438934745888 2.686073370013356E-4 
-0.014572761312666504 1.6858778051308097E-4 
-0.013826120238564497 1.0116712963805126E-4 
-0.012765552335159075 5.965158157506396E-5 
-0.013963886007865956 1.0927705218482676E-4 
-0.015966879257841918 3.2380238922386016E-4 
-0.013359585539144694 7.566978640503531E-5 
-0.01574435921607857 3.1030676979719695E-4 
-0.014434047392723956 1.507303014880035E-4 
-0.01284415841026279 6.083495277313275E-5 
-0.01570360826541433 3.022583185166613E-4 
-0.015625900745109944 2.7667916583061204E-4 
-0.006575868050908056 2.987683975324464E-5 
-0.009973574601704211 3.9752193947347625E-5 
-0.012034224068043654 5.227419896641409E-5 
-0.014633695132050642 1.721193803217036E-4 
-0.009103646667566917 3.466148318208008E-5 
-0.01466367631678568 1.7578579911008718E-4 
-0.015296595203390665 2.2498303046810118E-4 
-0.013721146541377724 9.255611342161677E-5 
-0.0160516614902372 3.373932599893163E-4 
-0.01313511057907372 7.317873354538814E-5 
-0.013695723247161885 9.031780671338779E-5 
-0.015736359311192855 3.043484314394073E-4 
-0.013094867862369927 6.767540848349253E-5 
-0.014925210262170328 1.8942117778524535E-4 
-0.014936163602022563 1.8991577512482712E-4 
-0.00664346643921112 3.139057739804212E-5 
-0.015565210977956202 2.6308997596002643E-4 
-0.015953708891003993 3.219574544990316E-4 
-0.015303317074096328 2.2659294845043523E-4 
-0.011525270315378665 4.863035302619686E-5 
-0.008680781641055324 3.366021512566999E-5 
-0.015442246662113789 2.407786019965399E-4 
-0.015526906247094043 2.541026154980747E-4 
-0.014450805280880042 1.5900100113196912E-4 
-0.014222271371418283 1.217546345807436E-4 
-0.016080359480694337 3.439920917251247E-4 
-0.008648959561042655 3.363530070477087E-5 
-0.01550803668050336 2.5168969806543394E-4 
-0.015699475200828875 2.9466950431380253E-4 
-0.014225454583613168 1.2198580056582405E-4 
-0.009973574601704208 3.97521939473476E-5 
-0.014266641540679631 1.2836264888600816E-4 
-0.014316602648401816 1.3477976394205896E-4 
-0.015677755898908862 2.8869100157388034E-4 
-0.014266649839687036 1.2863617841410956E-4 
-0.011705843400467396 4.993283886669921E-5 
-0.013050931637138519 6.657642713383214E-5 
-0.014314356673532168 1.3463522399132693E-4 
-0.015442246662113789 2.407786019965399E-4 
-0.015527467399280827 2.594672893247434E-4 
-0.014445322980134252 1.5814172653054893E-4 
-0.009176991676894616 3.507117947647401E-5 
-0.014069331615229455 1.1298913013810138E-4 
-0.01604114800035124 3.355467221484396E-4 
-0.013809129349922983 9.680179134990662E-5 
-0.010509418807971519 4.338110667826225E-5 
-0.011721052941324556 5.0075269979157124E-5 
