-0.014805555974249724 6.591216372155806E-4 
-0.014805555974249724 6.591216372155806E-4 
-0.003807838853987902 4.803722494786025E-5 
-0.014607184715402989 4.971948494748913E-4 
-0.01480555597424972 6.591216372155804E-4 
-0.005612170554785083 5.2510976520627954E-5 
-0.004336204297103045 5.1223432455679876E-5 
-0.01423679699885407 3.702329850251345E-4 
-0.014217296404181977 3.164776265598369E-4 
-0.014503988898510956 4.316205306196646E-4 
-0.014558586298747078 4.647224983677581E-4 
-0.01199369398428822 1.6429681414539354E-4 
-0.012615529654338233 1.970826391818065E-4 
-0.01181071961868504 1.5834233360082227E-4 
-0.008877040406986 8.73237457832494E-5 
-0.01149464280865196 1.4738800665480573E-4 
-0.014076712898652876 3.0510260535147025E-4 
-0.012444852758073489 1.860250981901662E-4 
-0.013944663873824096 2.954897129721015E-4 
-0.009111812419975357 8.990151191459907E-5 
-0.013489443010566657 2.71440687484302E-4 
-0.008689013312555293 8.603714968192639E-5 
-0.006096723252427666 5.391618166688866E-5 
-0.014538410163171214 4.520733934297816E-4 
-0.014581061984593108 4.793881462348156E-4 
-0.013132579956657689 2.429540168310414E-4 
-0.013055795910351756 2.362397028471347E-4 
-0.012987905132533983 2.2843917863540734E-4 
-0.008154174948124121 7.687802162992938E-5 
-0.007487909600479506 6.703670431466907E-5 
-0.009982397018946078 1.044415434031536E-4 
-0.013399134912441749 2.6604335734232087E-4 
-0.012293107902320586 1.7739221761663788E-4 
-0.011185902263871103 1.3386143790554658E-4 
-0.01377300412317051 2.8454504787884074E-4 
-0.014459500028177837 4.097354143652749E-4 
-0.01074604355271288 1.2195282898685043E-4 
-0.012115566337679413 1.6997459815231686E-4 
-0.010632876628221006 1.1942437744408212E-4 
-0.00627652697344496 5.4710095046374806E-5 
-0.00981254186921955 1.0177279687271033E-4 
-0.012803164729162075 2.1130904142322097E-4 
-0.0072252587032492245 6.363001705545255E-5 
-0.01127847291401305 1.4400071573390598E-4 
-0.006414039144149394 5.646491783317233E-5 
-0.014591364385073868 4.8631309291525767E-4 
-0.013315766963532823 2.597767383255866E-4 
-0.01011891179108113 1.0624655694180187E-4 
-0.01106748230318885 1.3041231084448876E-4 
-0.014286116177902246 3.7450562803383947E-4 
-0.013208023056608599 2.5064664324323167E-4 
-0.003977165675185463 4.82595854614998E-5 
-0.007032738850944255 6.149157384173025E-5 
-0.012916290970136185 2.2158124951208958E-4 
-0.007309951582735313 6.600561521679461E-5 
-0.013545212011842514 2.821296439059713E-4 
-0.011673998111810443 1.5466998131522956E-4 
-0.010887732238801849 1.2581547421231637E-4 
-0.009727007335691928 9.860619773052341E-5 
-0.012197661649920255 1.7343653113614422E-4 
-0.011623156939863882 1.5099367200311451E-4 
-0.006770843862327322 6.009487352725413E-5 
-0.014433907121747906 3.943704117738453E-4 
-0.007641998930534458 6.908701632359124E-5 
-0.012401144422830041 1.8330501279585688E-4 
-0.008033952568478211 7.333771894751169E-5 
-0.010460171880129975 1.1753442977457758E-4 
-0.012684152150557054 2.0712441227328454E-4 
-0.014443224159275306 3.989831263114275E-4 
-0.012845338692973484 2.1814388008697128E-4 
-0.00658173068678988 5.7358179237711074E-5 
-0.0058806242612066805 5.28953636033824E-5 
-0.014374862529542265 3.855555019059939E-4 
-0.00831550924920583 7.946677845968835E-5 
-0.014329845141285059 3.8389040168903036E-4 
-0.006946604430756705 6.064523542630654E-5 
-0.009581316107247884 9.727133112602497E-5 
-0.009224596888673244 9.245283752369245E-5 
-0.007928893463185056 7.234880740244364E-5 
-0.0058216377439063985 5.284021652795094E-5 
-0.011267966975132774 1.4029423234069313E-4 
-0.010420525477346712 1.1433337317230331E-4 
-0.01448620263285531 4.2160891711135704E-4 
-0.013257058574926239 2.5468668512462257E-4 
-0.010286269902762914 1.119819875079636E-4 
-0.010227012277580707 1.0998888258494913E-4 
-0.008383944942716793 8.02777884810967E-5 
-0.010960314134941782 1.2745978084011063E-4 
-0.009334662491624896 9.305574053992776E-5 
-0.004178125161312136 5.001983529791509E-5 
-0.012668912467486892 2.0196555146863676E-4 
-0.014540045774801676 4.530806283879966E-4 
-0.013610248048030675 2.825383788383454E-4 
-0.014479238193925506 4.177921130899726E-4 
-0.006672993291721608 5.8610130328355986E-5 
-0.004118014511417708 4.933323898426464E-5 
-0.014024611028982557 3.0118571380229156E-4 
-0.007784872034210996 7.177217667567994E-5 
-0.014217296404181977 3.164776265598369E-4 
-0.009438159444828799 9.50884315957297E-5 
