0.0 0.30000000000000043 0.0 0.0 0.0 0.0 0.0 0.35 0.35 0.0 0.0 
0.2261796801952245 0.0 0.0 0.11663422999580592 0.0 0.0 0.19297363611901963 0.0 0.10780849931507092 0.23344266927932117 0.12296128509555779 
0.10034878562897478 0.19965121437102532 0.0 0.0 0.0 0.0 0.0 0.35 0.35 0.0 0.0 
0.0 0.29999999999999977 0.0 0.0 0.0 0.0 0.0 0.35 0.35 0.0 0.0 
0.2901777216473328 0.0 0.0 0.10025933839911752 0.0 0.0 0.1248168084843829 0.1045149614100517 0.10960337120894156 0.13450119270759706 0.13612660614257646 
0.23766953785729691 0.0 0.0 0.11211080750164933 0.0 0.0 0.18214956788837658 0.0 0.16620859405099048 0.17364095359672777 0.12822053910495895 
0.21955028380903924 0.10234175830736358 0.0 0.0 0.0 0.0 0.0 0.35 0.32810795788359703 0.0 0.0 
0.2999999999999999 0.0 0.0 0.0 0.0 0.0 0.0 0.35 0.35 0.0 0.0 
0.18582152165089103 0.11417847834910906 0.0 0.0 0.0 0.0 0.0 0.35 0.35 0.0 0.0 
0.33822281947606864 0.0 0.0 0.10578917542335806 0.0 0.0 0.0 0.24474913999849787 0.178416255676674 0.0 0.13282260942540133 
0.15449923582266534 0.1455007641773347 0.0 0.0 0.0 0.0 0.0 0.35 0.35 0.0 0.0 
0.33893031665363793 0.0 0.0 0.0 0.0 0.0 0.0 0.3307380172738684 0.2296129712495414 0.0 0.10071869482295236 
0.35 0.0 0.0 0.10835498227209335 0.0 0.0 0.11768787334933359 0.1442529505666295 0.15991863140120371 0.0 0.11978556241074 
0.2598822303167846 0.0 0.0 0.11384293812933742 0.0 0.0 0.18496380901633352 0.0 0.13478571955315538 0.17632373521830724 0.1302015677660817 
0.35 0.0 0.0 0.10573954401038455 0.0 0.0 0.0 0.2510164879836931 0.15188779078862183 0.0 0.1413561772173006 
0.2963635139492585 0.0 0.0 0.0 0.0 0.0 0.0 0.35 0.24657636728481713 0.0 0.10706011876592446 
0.34618668343233816 0.0 0.0 0.103694091266174 0.0 0.0 0.0 0.2737591096969417 0.16235291593736792 0.0 0.11400719966717823 
0.3011806370693902 0.0 0.0 0.10406095698794092 0.0 0.0 0.12954959354868187 0.10847794407531643 0.11375929543544026 0.12114715673826637 0.12182441614496398 
0.2401641035009181 0.0 0.0 0.11194551959087733 0.0 0.0 0.18188101999192285 0.0 0.13253924799152642 0.20543860873137856 0.12803150019337672 
0.3208593546731536 0.0 0.0 0.10163586909607104 0.0 0.0 0.10453629114669297 0.19463125843371515 0.1572828353339187 0.0 0.12105439131644849 
0.2792205193288277 0.0 0.0 0.1044275885658178 0.0 0.0 0.0 0.35 0.15883705479786292 0.0 0.10751483730749156 
0.1679989199712102 0.13200108002878996 0.0 0.0 0.0 0.0 0.0 0.35 0.35 0.0 0.0 
0.26750767805913755 0.0 0.0 0.10945128791408047 0.0 0.0 0.0 0.34857509233437833 0.27446594169240357 0.0 0.0 
0.11520641034316664 0.18479358965683335 0.0 0.0 0.0 0.0 0.0 0.35 0.35 0.0 0.0 
0.35 0.0 0.0 0.10435385412585212 0.0 0.0 0.0 0.22081259856352525 0.17122281399967354 0.0 0.15361073331094927 
0.3219255345017259 0.0 0.0 0.10249210375551263 0.0 0.0 0.0 0.28710416057765925 0.17879471488068457 0.0 0.10968348628441765 
0.3456575196204038 0.0 0.0 0.10573211097909652 0.0 0.0 0.0 0.2661046863216468 0.16059992004080315 0.0 0.12190576303804987 
0.35 0.0 0.0 0.0 0.0 0.0 0.0 0.3073413800779589 0.2263321354304419 0.0 0.11632648449159932 
0.35 0.0 0.0 0.0 0.0 0.0 0.0 0.3354923023024783 0.31450769769752157 0.0 0.0 
0.249070122189648 0.0 0.0 0.10913596067817759 0.0 0.0 0.0 0.35 0.29179391713217445 0.0 0.0 
0.2615607444337802 0.0 0.0 0.10573592457828289 0.0 0.0 0.0 0.35 0.28270333098793704 0.0 0.0 
0.10557755808310672 0.1944224419168932 0.0 0.0 0.0 0.0 0.0 0.35 0.35 0.0 0.0 
0.19461332726040959 0.1053866727395904 0.0 0.0 0.0 0.0 0.0 0.35 0.35 0.0 0.0 
0.3133038642579398 0.0 0.0 0.0 0.0 0.0 0.0 0.35 0.2217616866275176 0.0 0.11493444911454262 
0.3278978471709596 0.0 0.0 0.10238728821632953 0.0 0.0 0.0 0.30856694078827573 0.1557337053586339 0.0 0.10541421846580115 
0.1303208435204423 0.16967915647955778 0.0 0.0 0.0 0.0 0.0 0.35 0.35 0.0 0.0 
0.35 0.0 0.0 0.10092197387342898 0.0 0.0 0.0 0.25701280814281036 0.1317452224488687 0.0 0.16031999553489204 
0.3285986545891696 0.0 0.0 0.10793538038228911 0.0 0.0 0.0 0.27299915389741486 0.15143268419211764 0.0 0.1390341269390087 
0.35 0.0 0.0 0.0 0.0 0.0 0.0 0.342814463247052 0.200304833208392 0.0 0.10688070354455612 
0.2625112758234837 0.0 0.0 0.12122139800657859 0.0 0.0 0.11353807730873403 0.13477316979673065 0.10971094160340555 0.13667266951817875 0.1215724679428889 
0.12235124312867239 0.1776487568713276 0.0 0.0 0.0 0.0 0.0 0.3499999999999999 0.3499999999999999 0.0 0.0 
0.31806908208672424 0.0 0.0 0.10359795429481711 0.0 0.0 0.1683184969356599 0.0 0.14534730169210303 0.13844474972473012 0.1262224152659658 
0.14165448304757017 0.15834551695242985 0.0 0.0 0.0 0.0 0.0 0.35 0.35 0.0 0.0 
0.24743363063803733 0.0 0.0 0.1007943946004191 0.0 0.0 0.0 0.34861024808468233 0.3031617266768614 0.0 0.0 
0.2521969493625333 0.0 0.0 0.1199172986081375 0.0 0.0 0.12033163078948131 0.12789918133170258 0.1086769963176218 0.14853449229556528 0.12244345129495803 
0.3420126616659454 0.0 0.0 0.10772652501818067 0.0 0.0 0.10328591486320221 0.16254339421695235 0.15973524728567623 0.0 0.12469625695004312 
0.2507966326860733 0.0 0.0 0.0 0.0 0.0 0.0 0.3442225957402456 0.30160009651453273 0.0 0.10338067505914851 
0.3048690347248686 0.0 0.0 0.1131118875529718 0.0 0.0 0.0 0.35 0.12954004128355337 0.0 0.10247903643860627 
0.2304175679764153 0.0 0.0 0.10632480973797416 0.0 0.0 0.0 0.35 0.3132576222856105 0.0 0.0 
0.3274836604206785 0.0 0.0 0.10313505437906416 0.0 0.0 0.10185832382210476 0.17456569214268938 0.1743186810020295 0.0 0.11863858823343379 
0.34096270830424547 0.0 0.0 0.10523785829357275 0.0 0.0 0.10218882474920131 0.18247135971492098 0.14405824765399106 0.0 0.12508100128406832 
0.27997477613917493 0.0 0.0 0.10084907786978366 0.0 0.0 0.0 0.33495279728416233 0.15926612043603577 0.0 0.1249572282708434 
0.2802807065735884 0.0 0.0 0.1038970382463784 0.0 0.0 0.11222351649351905 0.13998535505076123 0.12788065981022897 0.11847118815974103 0.11726153566578298 
0.2043458945926558 0.1008838180694398 0.0 0.0 0.0 0.0 0.0 0.35 0.3447702873379042 0.0 0.0 
0.2960809003705139 0.0 0.0 0.0 0.0 0.0 0.0 0.35 0.2378075037150754 0.0 0.11611159591441089 
0.28321529294071945 0.0 0.0 0.0 0.0 0.0 0.0 0.35 0.25773166820415494 0.0 0.10905303885512571 
0.3422691293416495 0.0 0.0 0.10710276770369857 0.0 0.0 0.0 0.21852533184503484 0.18425294181899868 0.0 0.14784982929061843 
0.26378590906653504 0.0 0.0 0.12351379246096725 0.0 0.0 0.11568517396876732 0.13732183919110308 0.11178566403899202 0.1392572599850612 0.108650361288574 
0.23905359049368477 0.0 0.0 0.0 0.0 0.0 0.0 0.35 0.30120246466011774 0.0 0.1097439448461973 
0.2752907100667604 0.0 0.0 0.0 0.0 0.0 0.0 0.33942430088018904 0.2838262074342875 0.0 0.101458781618763 
0.207138315882945 0.10977092253915857 0.0 0.0 0.0 0.0 0.0 0.35 0.33309076157789647 0.0 0.0 
0.23406511849802494 0.0 0.0 0.0 0.0 0.0 0.0 0.35 0.31206874423596925 0.0 0.10386613726600587 
0.2482945895849505 0.0 0.0 0.0 0.0 0.0 0.0 0.34210349487542285 0.29835251284935893 0.0 0.11124940269026781 
0.320249373266526 0.0 0.0 0.10301481717354978 0.0 0.0 0.0 0.2829363732799416 0.1675516656282934 0.0 0.12624777065168935 
0.35 0.0 0.0 0.0 0.0 0.0 0.0 0.32802432381723706 0.21564938075828016 0.0 0.10632629542448271 
0.3339009308015017 0.0 0.0 0.10859200056953719 0.0 0.0 0.0 0.2928671688225152 0.1506653705070423 0.0 0.11397452929940372 
0.16469167405691904 0.135308325943081 0.0 0.0 0.0 0.0 0.0 0.35 0.35 0.0 0.0 
0.35 0.0 0.0 0.0 0.0 0.0 0.0 0.3417955532363965 0.1786777093049502 0.0 0.1295267374586532 
0.3258692002354909 0.0 0.0 0.10588640517483311 0.0 0.0 0.0 0.33227778300386507 0.13084618831986594 0.0 0.10512042326594505 
0.32137963992899876 0.0 0.0 0.10116851996406347 0.0 0.0 0.0 0.32769993046602075 0.1460797499094064 0.0 0.10367215973151042 
0.35 0.0 0.0 0.1011657475961307 0.0 0.0 0.0 0.33438563079139266 0.10824621928473427 0.0 0.1062024023277423 
0.33287537485380597 0.0 0.0 0.10934016224035636 0.0 0.0 0.0 0.29536596994398245 0.1534035846208562 0.0 0.10901490834099904 
0.27320581703535984 0.0 0.0 0.10426818689858379 0.0 0.0 0.12137554905446436 0.12811126049404561 0.14000584892550003 0.10543269694432436 0.12760064064772214 
0.30738870227514636 0.0 0.0 0.0 0.0 0.0 0.0 0.35 0.34261129772485377 0.0 0.0 
0.32979909265941 0.0 0.0 0.10153963815551198 0.0 0.0 0.1025785003538373 0.20432191913911368 0.1493947576009517 0.0 0.11236609209117536 
0.35 0.0 0.0 0.11050415924019322 0.0 0.0 0.11831336003373981 0.14523446833988185 0.14545478935153772 0.0 0.1304932230346475 
0.29816090767629266 0.0 0.0 0.10027414038023859 0.0 0.0 0.10171368060955539 0.15490804111890663 0.13089952983709677 0.10049291863396077 0.11355078174394917 
0.2633568612264352 0.0 0.0 0.1019746468628735 0.0 0.0 0.10099884720870858 0.14001749265010796 0.151916216775324 0.12093233476174076 0.12080360051480986 
0.13815824214922923 0.1618417578507708 0.0 0.0 0.0 0.0 0.0 0.35 0.35 0.0 0.0 
0.32147657732250445 0.0 0.0 0.0 0.0 0.0 0.0 0.3392617113387477 0.3392617113387477 0.0 0.0 
0.25086918661794455 0.0 0.0 0.0 0.0 0.0 0.0 0.3458145376478463 0.2856298773222953 0.0 0.11768639841191389 
0.28386815049337516 0.0 0.0 0.0 0.0 0.0 0.0 0.35 0.2615118400539086 0.0 0.10462000945271645 
0.3337132103627639 0.0 0.0 0.10322204207351897 0.0 0.0 0.100779526893423 0.15859903444270793 0.17408671706113923 0.0 0.12959946916644707 
0.21559951954313705 0.10324087235901905 0.0 0.0 0.0 0.0 0.0 0.35 0.3311596080978439 0.0 0.0 
0.3390398661572747 0.0 0.0 0.11026329651274218 0.0 0.0 0.10125822472140535 0.18072574620572518 0.1529842008185683 0.0 0.11572866558428424 
0.35 0.0 0.0 0.10051039845572839 0.0 0.0 0.1213603677228179 0.1401883964961072 0.1585393638567688 0.0 0.12940147346857778 
0.2368442538181854 0.0 0.0 0.10469624739308188 0.0 0.0 0.0 0.35 0.30845949878873274 0.0 0.0 
0.2623696039391402 0.0 0.0 0.10159237008160465 0.0 0.0 0.1006202284499231 0.13949260300294308 0.151346721864991 0.12047899047366285 0.12409948218773519 
0.35 0.0 0.0 0.10705290920442011 0.0 0.0 0.11010791942080571 0.1351619557802342 0.15537687218717064 0.0 0.14230034340736936 
0.31272742007017 0.0 0.0 0.0 0.0 0.0 0.0 0.35 0.33727257992983 0.0 0.0 
0.3146223747712584 0.0 0.0 0.0 0.0 0.0 0.0 0.35 0.2290683612419246 0.0 0.1063092639868171 
0.24200656378979457 0.0 0.0 0.0 0.0 0.0 0.0 0.3432261482197698 0.31465964187259227 0.0 0.10010764611784334 
0.35 0.0 0.0 0.0 0.0 0.0 0.0 0.3408957077444093 0.18560961649010121 0.0 0.12349467576548948 
0.31791470240329295 0.0 0.0 0.0 0.0 0.0 0.0 0.35 0.2227060500506291 0.0 0.10937924754607792 
0.3322348656891561 0.0 0.0 0.0 0.0 0.0 0.0 0.35 0.317765134310844 0.0 0.0 
0.3282984180349369 0.0 0.0 0.10339164754998557 0.0 0.0 0.10211174057212839 0.20339219942156322 0.15095119828828196 0.0 0.11185479613310378 
0.2797911785748294 0.0 0.0 0.10169703764343672 0.0 0.0 0.0 0.35 0.15079481542223272 0.0 0.11771696835950125 
0.25271043371032575 0.0 0.0 0.0 0.0 0.0 0.0 0.34783855061247565 0.2862230760315242 0.0 0.11322793964567435 
0.2779206420376342 0.0 0.0 0.10556179560037383 0.0 0.0 0.0 0.35 0.15131192289259154 0.0 0.11520563946940046 
0.33727695707760336 0.0 0.0 0.0 0.0 0.0 0.0 0.35 0.31272304292239644 0.0 0.0 
