0.0 0.3000000000000002 0.0 0.0 0.0 0.0 0.0 0.35 0.35 0.0 0.0 
0.18787181873359102 0.2095178958730371 0.10354205086387792 0.0 0.186619076710881 0.0 0.0 0.0 0.15474298252844462 0.1577061752901684 0.0 
0.0 0.3000000000000002 0.0 0.0 0.0 0.0 0.0 0.35 0.35 0.0 0.0 
0.0 0.21674885753542653 0.0 0.0 0.0 0.0 0.11361237940519013 0.3196387630593834 0.35 0.0 0.0 
0.0 0.20664788076486137 0.0 0.0 0.0 0.0 0.10462090088822935 0.33873121834690934 0.35 0.0 0.0 
0.13626208893113023 0.23980324857133958 0.10309611706276801 0.0 0.15548104904914142 0.0 0.0 0.0 0.22042163955741015 0.1449358568282107 0.0 
0.0 0.22847736107576844 0.0 0.0 0.0 0.0 0.10589542432073523 0.3369347451780423 0.32869246942545394 0.0 0.0 
0.10922037022637891 0.21190634067503655 0.10156670781740715 0.0 0.12096645346800994 0.0 0.0 0.18035074322796768 0.27598938458519984 0.0 0.0 
0.16375350487041548 0.26984322493416546 0.0 0.0 0.15874298065419207 0.0 0.0 0.0 0.2885043960009498 0.11915589354027722 0.0 
0.2056226411625779 0.24320497503962682 0.0 0.0 0.1173405783565384 0.0 0.0 0.14831856287605658 0.2855132425652004 0.0 0.0 
0.14612599125246672 0.2608780390733832 0.10415857331256884 0.0 0.12471893943493301 0.0 0.0 0.0 0.24382444207210016 0.12029401485454808 0.0 
0.0 0.24280035471130926 0.0 0.0 0.0 0.0 0.10353496650345378 0.30366467878523706 0.35 0.0 0.0 
0.0 0.3282636659244177 0.0 0.0 0.0 0.0 0.0 0.3217363340755823 0.35 0.0 0.0 
0.11030988624797217 0.21662787061618127 0.10382973708994217 0.0 0.12377265039096888 0.0 0.0 0.1633210932898823 0.2821387623650533 0.0 0.0 
0.10137000162433005 0.2230354161943481 0.10899027603851023 0.0 0.10554806184985435 0.0 0.0 0.1635613469641302 0.297494897328827 0.0 0.0 
0.1528475946253403 0.23036719784305487 0.10084645256888596 0.0 0.11792491044346452 0.0 0.0 0.14113694765048887 0.2568768968687655 0.0 0.0 
0.1581426754782402 0.2251564508271331 0.10504009715547456 0.0 0.13389328787766805 0.0 0.0 0.0 0.23515282929648537 0.1426146593649989 0.0 
0.2583999750798605 0.19531719514548618 0.10455970335580055 0.0 0.1699445382540712 0.0 0.0 0.10029202989187638 0.17148655827290524 0.0 0.0 
0.1588448283669551 0.2390740001415414 0.10108596017753581 0.0 0.12010046465692446 0.0 0.0 0.12308039156830677 0.2578143550887363 0.0 0.0 
0.0 0.1824160013766792 0.10107325192888597 0.0 0.0 0.0 0.11577720840710645 0.2507335382873284 0.35 0.0 0.0 
0.15298731974265276 0.22883161562462576 0.10721158450603147 0.0 0.10264785116977793 0.0 0.0 0.15130777823832392 0.25701385071858807 0.0 0.0 
0.1922571106575112 0.2720195557157351 0.0 0.0 0.16825825109736536 0.0 0.0 0.0 0.23618804407041988 0.1312770384589684 0.0 
0.0 0.276300698755377 0.11310137023646949 0.0 0.0 0.0 0.0 0.2605979310081536 0.35 0.0 0.0 
0.0 0.2280345392327524 0.10866493907948256 0.0 0.10230969661165976 0.0 0.0 0.21099082507610542 0.35 0.0 0.0 
0.0 0.21778496895600594 0.0 0.0 0.0 0.0 0.10606242077927339 0.3269880044146848 0.3491646058500358 0.0 0.0 
0.1321390832084008 0.2642221340129845 0.0 0.0 0.11733041275220434 0.0 0.0 0.14108575197989803 0.3452226180465123 0.0 0.0 
0.1716500878298311 0.2828557061840483 0.0 0.0 0.16236459078250762 0.0 0.0 0.0 0.25866342175627555 0.12446619344733738 0.0 
0.1883039393797232 0.22858248534045017 0.10630617939015514 0.0 0.17671417022037253 0.0 0.0 0.0 0.15509890412459115 0.14499432154470784 0.0 
0.21428607461815963 0.20775641751914492 0.11665160461670841 0.0 0.12012565272062992 0.0 0.0 0.11061270638010441 0.23056754414525257 0.0 0.0 
0.10126677874723719 0.2692965051707321 0.0 0.0 0.11215749455703942 0.0 0.0 0.1672792215249914 0.35 0.0 0.0 
0.0 0.2587800510922095 0.10125491083379136 0.0 0.0 0.0 0.0 0.2899650380739993 0.35 0.0 0.0 
0.16879016093592367 0.2448362763780303 0.10027360399561364 0.0 0.10001219065231262 0.0 0.0 0.11634644575846838 0.26974132227965136 0.0 0.0 
0.2149391045212325 0.21170698769372173 0.1171822189414941 0.0 0.13461354415386165 0.0 0.0 0.10219200632724952 0.21936613836244045 0.0 0.0 
0.0 0.21330456659020414 0.10195619971869106 0.0 0.0 0.0 0.102084924325332 0.23265430936577278 0.35 0.0 0.0 
0.24183136101574693 0.18218226482554672 0.10071067192847552 0.0 0.15939575776174433 0.0 0.0 0.10001674949244801 0.21586319497603856 0.0 0.0 
0.25812413721568594 0.21221456797376098 0.10307974670858847 0.0 0.15878241376580834 0.0 0.0 0.10008146445516983 0.16771766988098655 0.0 0.0 
0.0 0.17723456337681015 0.10024218819424123 0.0 0.0 0.0 0.11227567300579414 0.2647913336444254 0.34545624177872897 0.0 0.0 
0.1837321739381242 0.2599578457951933 0.0 0.0 0.1607974558205914 0.0 0.0 0.0 0.27863846598018877 0.11687405846590246 0.0 
0.0 0.32366877061566346 0.0 0.0 0.0 0.0 0.0 0.3301899291421516 0.346141300242185 0.0 0.0 
0.20483353941424834 0.19768274218625886 0.10784293182509952 0.0 0.14491325210995976 0.0 0.0 0.1067995921219948 0.23792794234243883 0.0 0.0 
0.0 0.3123155350295081 0.0 0.0 0.0 0.0 0.0 0.3376844649704919 0.35 0.0 0.0 
0.11887580916290681 0.2199235689747873 0.10213011170894096 0.0 0.11592524510024048 0.0 0.0 0.14453413935981688 0.2986111256933076 0.0 0.0 
0.0 0.19968061472207743 0.11178490243895998 0.0 0.0 0.0 0.1329939388364395 0.20554054400252322 0.35 0.0 0.0 
0.16558583329090648 0.2760662523308626 0.0 0.0 0.15662838511514096 0.0 0.0 0.0 0.2495250586521778 0.1521944706109122 0.0 
0.13675174239322177 0.28981293991588114 0.0 0.0 0.11145970807518496 0.0 0.0 0.1340264332186281 0.32794917639708404 0.0 0.0 
0.0 0.23744420780580164 0.0 0.0 0.0 0.0 0.1136378577019028 0.29891793449229564 0.35 0.0 0.0 
0.0 0.19810729570389335 0.11773867917411145 0.0 0.0 0.0 0.11224113754065802 0.2310233273650147 0.34088956021632233 0.0 0.0 
0.0 0.2264622361264643 0.10801164152358293 0.0 0.1287577867299455 0.0 0.0 0.20241195666159006 0.3343563789584172 0.0 0.0 
0.0 0.26199975886369986 0.0 0.0 0.0 0.0 0.10036633908240798 0.28763390205389205 0.35 0.0 0.0 
0.10911253722332659 0.2543176556267763 0.0 0.0 0.1197663717942826 0.0 0.0 0.16680343535561454 0.35 0.0 0.0 
0.0 0.22694693445366165 0.0 0.0 0.0 0.0 0.12537311313441774 0.29767995241192075 0.35 0.0 0.0 
0.0 0.2235310612593029 0.0 0.0 0.0 0.0 0.10519505789996916 0.3212738808407279 0.35 0.0 0.0 
0.14286137886603906 0.2946611728754102 0.0 0.0 0.1157287220191688 0.0 0.0 0.13069803836270452 0.31605068787667745 0.0 0.0 
0.0 0.22162204865554005 0.10685195199192477 0.0 0.10479566973717448 0.0 0.0 0.2186141752146748 0.348116154400686 0.0 0.0 
0.15557691299864532 0.21954478846495787 0.10018156820048 0.0 0.16926884768759706 0.0 0.0 0.0 0.20895105761053934 0.14647682503778048 0.0 
0.0 0.26675161320449814 0.0 0.0 0.0 0.0 0.11995683669854945 0.26329155009695243 0.35 0.0 0.0 
0.0 0.24918380864279263 0.0 0.0 0.0 0.0 0.11726739465306629 0.2835487967041411 0.35 0.0 0.0 
0.0 0.24280035471130926 0.0 0.0 0.0 0.0 0.10353496650345378 0.30366467878523706 0.35 0.0 0.0 
0.0 0.22899886016849327 0.1049541765541962 0.0 0.11912846081632045 0.0 0.0 0.19691850246099002 0.35 0.0 0.0 
0.0 0.20137499256496275 0.11511209757216144 0.0 0.0 0.0 0.11810475917299637 0.2154081506898794 0.35 0.0 0.0 
0.15955709732340004 0.22897627748953106 0.10212891103403643 0.0 0.1578794232803593 0.0 0.0 0.0 0.24636008006865218 0.10509821080402099 0.0 
0.14772515059732358 0.2344380899011385 0.0 0.0 0.1146720343578421 0.0 0.0 0.15316472514369583 0.35 0.0 0.0 
0.0 0.24721066929085364 0.11346576343834205 0.0 0.0 0.0 0.0 0.28932356727080427 0.35 0.0 0.0 
0.0 0.23166747045758615 0.10391429024125048 0.0 0.0 0.0 0.10314930094254028 0.23128256581377926 0.3299863725448438 0.0 0.0 
0.0 0.17956571536378907 0.10156066564996924 0.0 0.0 0.0 0.10059950618294729 0.26827411280329444 0.35 0.0 0.0 
0.0 0.22282136594028212 0.10201864276882215 0.0 0.105362776028468 0.0 0.0 0.2197972152624279 0.35 0.0 0.0 
0.0 0.2630508242680004 0.11725780186889599 0.0 0.0 0.0 0.0 0.26969137386310366 0.35 0.0 0.0 
0.0 0.18815594054614695 0.10410929947277683 0.0 0.0 0.0 0.11800752494557411 0.24501810825940137 0.34470912677610077 0.0 0.0 
0.0 0.1882952166104717 0.10633355982509163 0.0 0.0 0.0 0.10794263291774418 0.26694301235589263 0.3304855782907999 0.0 0.0 
0.1662140244484111 0.23552794826554535 0.1038530823742721 0.0 0.13950769475325442 0.0 0.0 0.10727334449620719 0.24762390566230974 0.0 0.0 
0.0 0.2357171608944138 0.10507352039732104 0.0 0.0 0.0 0.10378155282352698 0.2417963353707949 0.3136314305139431 0.0 0.0 
0.0 0.17666080738412082 0.10168406610587966 0.0 0.0 0.0 0.10072173878991074 0.27093338772008874 0.35 0.0 0.0 
0.0 0.2508531903210413 0.0 0.0 0.0 0.0 0.13849714240858618 0.26064966727037264 0.35 0.0 0.0 
0.24183136101574693 0.18218226482554672 0.10071067192847552 0.0 0.15939575776174433 0.0 0.0 0.10001674949244801 0.21586319497603856 0.0 0.0 
0.0 0.27634513520011394 0.0 0.0 0.0 0.0 0.10803079876468905 0.26562406603519706 0.35 0.0 0.0 
0.0 0.24722281124831763 0.11468514284351376 0.0 0.0 0.0 0.0 0.28809204590816856 0.35 0.0 0.0 
0.1638976912746119 0.23189455521765295 0.1034951366091706 0.0 0.14477502837172987 0.0 0.0 0.0 0.24949991246808292 0.10643767605875183 0.0 
0.0 0.25837876070403504 0.0 0.0 0.0 0.0 0.11382704242444897 0.2777941968715159 0.35 0.0 0.0 
0.184098053969597 0.20331988637794876 0.10035419458788435 0.0 0.1708046959857626 0.0 0.0 0.0 0.18847381353387926 0.15294935554492814 0.0 
0.1520056329789697 0.24638086191215242 0.10090619472308728 0.0 0.11799476999731524 0.0 0.0 0.14122055817991508 0.2414919822085601 0.0 0.0 
0.0 0.3217586628091151 0.0 0.0 0.0 0.0 0.0 0.3282413371908849 0.35 0.0 0.0 
0.15557691299864532 0.21954478846495787 0.10018156820048 0.0 0.16926884768759706 0.0 0.0 0.0 0.20895105761053934 0.14647682503778048 0.0 
0.14377141317041187 0.26966490906033397 0.0 0.0 0.11160293534371038 0.0 0.0 0.13439093045991551 0.34056981196562836 0.0 0.0 
0.11387011159967497 0.23761609984468815 0.11075199163118833 0.0 0.11104379174987795 0.0 0.0 0.14068098513625354 0.2860370200383169 0.0 0.0 
0.15168011658376554 0.2409559668070561 0.10229380776854492 0.0 0.12872916767490059 0.0 0.0 0.11257777138523595 0.2637631697804969 0.0 0.0 
0.0 0.30721441738253175 0.0 0.0 0.0 0.0 0.0 0.3427855826174683 0.35 0.0 0.0 
0.0 0.25854717125706467 0.11091106493192028 0.0 0.0 0.0 0.0 0.2805417638110151 0.35 0.0 0.0 
0.0 0.1984207740856014 0.11427897206762629 0.0 0.0 0.0 0.11724997423597162 0.2200502796108008 0.35 0.0 0.0 
0.0 0.2522838165272548 0.0 0.0 0.0 0.0 0.11114195535500633 0.28657422811773897 0.35 0.0 0.0 
0.0 0.30216472419576473 0.0 0.0 0.0 0.0 0.0 0.34783527580423534 0.35 0.0 0.0 
0.21974347424802843 0.2167583527031964 0.1029308811657105 0.0 0.1376224579473293 0.0 0.0 0.1022478005731334 0.22069703336260202 0.0 0.0 
0.0 0.1869858900748604 0.10495296754339332 0.0 0.0 0.0 0.11355494868364648 0.2470036557148942 0.34750253798320563 0.0 0.0 
0.10797809543698082 0.21204867200317645 0.10163492722213284 0.0 0.132786831771609 0.0 0.0 0.15986872254118698 0.28568275102491386 0.0 0.0 
0.184098053969597 0.20331988637794876 0.10035419458788435 0.0 0.1708046959857626 0.0 0.0 0.0 0.18847381353387926 0.15294935554492814 0.0 
0.0 0.26307473607636667 0.1159041462677844 0.0 0.0 0.0 0.0 0.27102111765584885 0.35 0.0 0.0 
0.1304539276311577 0.26085253743374365 0.0 0.0 0.11383885788411427 0.0 0.0 0.1448546770509842 0.35 0.0 0.0 
0.0 0.19083579424936997 0.10675348248573542 0.0 0.0 0.0 0.10263516917207413 0.2679971990131732 0.3317783550796472 0.0 0.0 
0.0 0.2705269245633914 0.0 0.0 0.0 0.0 0.10575630262777971 0.27371677280882895 0.35 0.0 0.0 
0.20167757048789453 0.1945303889285088 0.10716222422636715 0.0 0.11581608392599098 0.0 0.0 0.10426862655779326 0.2765451058734452 0.0 0.0 
0.10420134347812178 0.23897653985430511 0.0 0.0 0.1142236311761128 0.0 0.0 0.1925984854914603 0.35 0.0 0.0 
