-7.062753717551667E-4 6.09753261486606E-5 
-0.010043499731091827 4.5231675943556665E-4 
-0.0028579376947737095 7.383764568998384E-5 
-0.001708086662637314 6.736751682946481E-5 
-0.0021648331915912642 7.077477901191626E-5 
-0.005488983078891531 1.2179765645262353E-4 
-0.006247215305103209 1.2995070733422715E-4 
-0.0040713635927502306 1.019730252386734E-4 
-0.0036683766675220846 7.636592461021644E-5 
-0.0046227086829713875 1.0382625061521068E-4 
-0.004833088696484443 1.0766001354912158E-4 
-0.0018821706185922413 6.918537060096608E-5 
-0.003869269541403341 7.740617359818202E-5 
-0.008495739563385628 2.509482809317022E-4 
-0.005154700597203761 1.1211916730889893E-4 
-0.004049911216404023 8.84916143714351E-5 
-0.004044457774893618 8.362344332855183E-5 
-0.007486729654359491 1.793918508908053E-4 
-0.0085804790713326 2.568518485497149E-4 
-0.008389826409470696 2.443699152675107E-4 
-0.0075516832599075495 1.8590669696325523E-4 
-0.0068194154932463575 1.4675216374373758E-4 
-0.00783559286647483 2.0437504423851066E-4 
-0.007707473891522879 1.9785774846025036E-4 
-0.006941513376829633 1.517665682613251E-4 
-0.00646613937936422 1.328614484279496E-4 
-0.010026968782326732 4.4504284844118595E-4 
-0.00928200286655546 3.1888916315731333E-4 
-0.009206815753081504 3.122543879708504E-4 
-0.008169117049906943 2.246750431738264E-4 
-0.009428523385133487 3.374962396580617E-4 
-0.008047097219854478 2.2157126804253193E-4 
-0.00951305100360747 3.429318567285403E-4 
-0.010012057307353057 4.387483926669806E-4 
-0.0076213265369856065 1.9132286910999812E-4 
-0.007374567638464048 1.750704140689989E-4 
-0.009997531411058426 4.3286007836342336E-4 
-0.008928457433651229 2.8556063946150385E-4 
-0.0065412517298489604 1.3666394143923205E-4 
-0.009129469111401098 3.0418147658749695E-4 
-0.006736145215225566 1.4292346583471237E-4 
-0.0063253605858672474 1.3060127915591173E-4 
-0.009733612969262995 3.6770285638083834E-4 
-0.00941575269160137 3.325632627396415E-4 
-0.008647513376438725 2.6274741532154237E-4 
-0.009908496505215978 4.020163607354357E-4 
-0.008684222824409933 2.69396981256018E-4 
-0.009962421083413399 4.1961944283684324E-4 
-0.00917694266177879 3.0866988562142095E-4 
-0.007266705751086297 1.6954745652681438E-4 
-0.008875350631914216 2.813761696087235E-4 
-0.00958586432905592 3.5089263232581313E-4 
-0.007950965865084515 2.0951972062723044E-4 
-0.009040771675948552 2.975337994941486E-4 
-0.00832195862536806 2.4032794965838828E-4 
-0.009540127178127716 3.466406486432026E-4 
-0.009884084450087973 3.9513577628412207E-4 
-0.009081370214429877 3.0037242472414597E-4 
-0.007961736077999923 2.158149815969663E-4 
-0.009002977317173415 2.9254947017494837E-4 
-0.009787531962888955 3.7456987717254255E-4 
-0.008748251501499257 2.7268510063894243E-4 
-0.007665318092881112 1.9434772983486725E-4 
-0.008969018078568251 2.902106864447515E-4 
-0.0073339802456881265 1.7300275142612332E-4 
-0.007856166818893945 2.0904717861780758E-4 
-0.009661541547534026 3.607041962352263E-4 
-0.008834911845764997 2.7824766616709276E-4 
-0.009371237176889773 3.279582009007157E-4 
-0.009311242392505198 3.225601175628915E-4 
-0.006622973614545674 1.3864366447715866E-4 
-0.0036933603959447172 7.6829032472229E-5 
-0.007220780370727867 1.6646185342740992E-4 
-0.00799488833600202 2.1802042927994544E-4 
-0.008802323852082794 2.7466192526991667E-4 
-0.009949607414924018 4.151367331201747E-4 
-0.006631789838014471 1.4242093260101438E-4 
-0.0081885089665996 2.3009546114782938E-4 
-0.00991874347067969 4.051066289072955E-4 
-0.005436344834616727 1.1897631222215706E-4 
-0.008269489481974363 2.3481108372770665E-4 
-0.009607138872709442 3.5503310147050717E-4 
-0.009977874216533344 4.2527415833345324E-4 
-0.009982937494847044 4.2718607331444715E-4 
-0.0071798525827341505 1.6380144456936877E-4 
-0.008656041057299693 2.651615430567876E-4 
-0.0047126428626397395 1.07538766576072E-4 
-0.005391595698354387 1.1695916816828553E-4 
-0.00822990975351591 2.3112247651352574E-4 
-0.007098569782815632 1.6010909894472467E-4 
-0.0100434991278768 4.523164883348282E-4 
-0.009631687296326435 3.575334324862038E-4 
-0.009349131790840185 3.2563479597463017E-4 
-0.008274596451237924 2.381527390926787E-4 
-0.007045383882694496 1.5758723430924529E-4 
-0.004646886782578386 1.07279559577951E-4 
-0.006978700651123635 1.5602383516209246E-4 
-0.009688028629331031 3.65127403574066E-4 
-0.0071331069641705465 1.6194230327292247E-4 
-0.0053377153351543884 1.1499544534093609E-4 
