0.15387914736136996 0.0 0.0 0.1512355339471638 0.12829713688387095 0.0 0.0 0.0 0.0 0.0 0.0 
0.29999899836016075 0.0 0.0 0.0 0.0 0.0 0.0 0.35 0.35 0.0 0.0 
0.1252579603831908 0.0 0.0 0.12354329755450758 0.1498870760593904 0.0 0.0 0.0 0.13519800375320756 0.0 0.0 
0.0 0.0 0.0 0.2798004939894434 0.0 0.0 0.0 0.35 0.0 0.0 0.10067311197054085 
0.0 0.0 0.0 0.14025112663221784 0.0 0.0 0.0 0.35 0.0 0.0 0.10533780142015792 
0.0 0.0 0.0 0.10128850319330669 0.0 0.0 0.0 0.35 0.0 0.0 0.0 
0.0 0.0 0.0 0.1943167506423742 0.0 0.0 0.0 0.35 0.10177827403299415 0.0 0.0 
0.0 0.0 0.0 0.2260306161937686 0.0 0.0 0.0 0.35 0.10232032966235315 0.0 0.10579846161355357 
0.0 0.0 0.0 0.18028168552123422 0.0 0.0 0.0 0.35 0.0 0.0 0.10984095745996215 
0.21705966987580463 0.0 0.0 0.0 0.0 0.0 0.0 0.35 0.35 0.0 0.0 
0.1820975495521265 0.0 0.0 0.0 0.0 0.0 0.0 0.35 0.35 0.0 0.0 
0.23548245758996897 0.0 0.0 0.0 0.0 0.0 0.0 0.35 0.35 0.0 0.0 
0.0 0.0 0.0 0.13796302230605723 0.0 0.0 0.0 0.35 0.1886902084646843 0.0 0.0 
0.1055250117812065 0.0 0.0 0.1489371987670161 0.0 0.0 0.0 0.35 0.1903212639080503 0.0 0.0 
0.10266145221585112 0.0 0.0 0.0 0.0 0.0 0.0 0.35 0.29364937297798477 0.0 0.0 
0.0 0.0 0.0 0.11960029775135918 0.0 0.0 0.0 0.35 0.13412086818121524 0.0 0.0 
0.0 0.0 0.0 0.24161729620824227 0.0 0.0 0.0 0.35 0.12204480946528501 0.0 0.10568276272875746 
0.2527270630008046 0.0 0.0 0.0 0.0 0.0 0.0 0.35 0.35 0.0 0.0 
0.0 0.0 0.0 0.21741623376705055 0.0 0.0 0.0 0.35 0.10559467253977446 0.0 0.10101078716727295 
0.10758490775464259 0.0 0.0 0.0 0.0 0.0 0.0 0.35 0.3049846939228328 0.0 0.0 
0.1090551801294287 0.0 0.0 0.0 0.0 0.0 0.0 0.35 0.28653378253117334 0.0 0.0 
0.10404116216341698 0.0 0.0 0.0 0.0 0.0 0.0 0.35 0.2778862905026098 0.0 0.0 
0.12656077092911913 0.0 0.0 0.0 0.0 0.0 0.0 0.35 0.30613562904358865 0.0 0.0 
0.1320644468553248 0.0 0.0 0.0 0.0 0.0 0.0 0.35 0.2776161453457752 0.0 0.0 
0.0 0.0 0.0 0.0 0.0 0.0 0.0 0.35 0.23746127361737793 0.0 0.0 
0.0 0.0 0.0 0.1289186633335479 0.0 0.0 0.0 0.35 0.10355725464271937 0.0 0.0 
0.14000047493500192 0.0 0.0 0.0 0.0 0.0 0.0 0.35 0.3404696492462171 0.0 0.0 
0.10994669121727642 0.0 0.0 0.0 0.0 0.0 0.0 0.35 0.35 0.0 0.0 
0.0 0.0 0.0 0.10294210417604582 0.0 0.0 0.0 0.35 0.16346676923989406 0.0 0.0 
0.0 0.0 0.0 0.13491551065652718 0.0 0.0 0.0 0.35 0.14481505424718105 0.0 0.0 
0.10062831232276813 0.0 0.0 0.1322882986933763 0.0 0.0 0.0 0.35 0.23024376775495906 0.0 0.0 
0.2570594991314425 0.0 0.0 0.0 0.0 0.0 0.0 0.35 0.35 0.0 0.0 
0.27084448656210225 0.0 0.0 0.0 0.0 0.0 0.0 0.35 0.35 0.0 0.0 
0.11449571581671814 0.0 0.0 0.1066378841996267 0.0 0.0 0.0 0.35 0.24317808053727727 0.0 0.0 
0.0 0.0 0.0 0.12802800361459055 0.0 0.0 0.0 0.35 0.20148983860645225 0.0 0.0 
0.0 0.0 0.0 0.12474450051950474 0.0 0.0 0.0 0.35 0.14912000267743478 0.0 0.0 
0.0 0.0 0.0 0.20036323867090308 0.0 0.0 0.0 0.35 0.0 0.0 0.10735868415880033 
0.1012627439262257 0.0 0.0 0.0 0.0 0.0 0.0 0.35 0.3193279149059636 0.0 0.0 
0.0 0.0 0.0 0.1206808397885953 0.0 0.0 0.0 0.35 0.17932711510403895 0.0 0.0 
0.10154995978896068 0.0 0.0 0.1268639190556517 0.0 0.0 0.0 0.35 0.19750986380110191 0.0 0.0 
0.1144179617187218 0.0 0.0 0.0 0.0 0.0 0.0 0.35 0.2410792589352785 0.0 0.0 
0.0 0.0 0.0 0.10109608168605651 0.0 0.0 0.0 0.35 0.16923171334826173 0.0 0.0 
0.1325650112358182 0.0 0.0 0.0 0.0 0.0 0.0 0.35 0.29538497215013304 0.0 0.0 
0.13412977030966045 0.0 0.0 0.10364488612635897 0.0 0.0 0.0 0.35 0.20036436055033965 0.0 0.0 
0.10243931463028963 0.0 0.0 0.0 0.0 0.0 0.0 0.35 0.29788123219556817 0.0 0.0 
0.12607362004237854 0.0 0.0 0.0 0.0 0.0 0.0 0.35 0.2504827533025007 0.0 0.0 
0.0 0.0 0.0 0.10272733734701389 0.0 0.0 0.0 0.35 0.1570811830727318 0.0 0.0 
0.12151269588203838 0.0 0.0 0.0 0.0 0.0 0.0 0.35 0.23463086261350283 0.0 0.0 
0.0 0.0 0.0 0.14899798465428657 0.0 0.0 0.0 0.35 0.10275746784735064 0.0 0.0 
0.1194014582812745 0.0 0.0 0.12362862862085104 0.0 0.0 0.0 0.35 0.2507352412654224 0.0 0.0 
0.1392754858083077 0.0 0.0 0.0 0.0 0.0 0.0 0.35 0.3371284896798253 0.0 0.0 
0.0 0.0 0.0 0.15215875870757176 0.0 0.0 0.0 0.35 0.1327642218385373 0.0 0.0 
0.1136532804940931 0.0 0.0 0.0 0.0 0.0 0.0 0.35 0.33840034359583954 0.0 0.0 
0.10160488990673629 0.0 0.0 0.0 0.0 0.0 0.0 0.35 0.21999740526360262 0.0 0.0 
0.1314153304892999 0.0 0.0 0.10062139899270343 0.0 0.0 0.0 0.35 0.2206295711748292 0.0 0.0 
0.22460014431659328 0.0 0.0 0.0 0.0 0.0 0.0 0.35 0.35 0.0 0.0 
0.0 0.0 0.0 0.1318596374918076 0.0 0.0 0.0 0.35 0.0 0.0 0.0 
0.1048178669570108 0.0 0.0 0.10950882225458142 0.0 0.0 0.0 0.35 0.21911289702259779 0.0 0.0 
0.0 0.0 0.0 0.19359631709167807 0.0 0.0 0.0 0.35 0.0 0.0 0.0 
0.10765977883047913 0.0 0.0 0.12618294512135483 0.0 0.0 0.0 0.35 0.20847041412786801 0.0 0.0 
0.0 0.0 0.0 0.22506758064964008 0.0 0.0 0.0 0.35 0.0 0.0 0.10213040635504843 
0.2745647987838655 0.0 0.0 0.0 0.0 0.0 0.0 0.35 0.35 0.0 0.0 
0.28499606692595847 0.0 0.0 0.0 0.0 0.0 0.0 0.35 0.35 0.0 0.0 
0.10190012099939845 0.0 0.0 0.11900815482417201 0.0 0.0 0.0 0.35 0.2182324798344449 0.0 0.0 
0.14627625269627081 0.0 0.0 0.0 0.0 0.0 0.0 0.35 0.25971065987077874 0.0 0.0 
0.12691890532062378 0.0 0.0 0.10338879119922495 0.0 0.0 0.0 0.35 0.2774519928883789 0.0 0.0 
0.12934650801166586 0.0 0.0 0.0 0.0 0.0 0.0 0.35 0.26822599450897217 0.0 0.0 
0.11964233279664757 0.0 0.0 0.0 0.0 0.0 0.0 0.35 0.2629463544346587 0.0 0.0 
0.13415707768723364 0.0 0.0 0.0 0.0 0.0 0.0 0.35 0.32343175495347953 0.0 0.0 
0.0 0.0 0.0 0.14106034201858483 0.0 0.0 0.0 0.35 0.11678492276505298 0.0 0.0 
0.0 0.0 0.0 0.1518357731631104 0.0 0.0 0.0 0.35 0.1299572155028086 0.0 0.0 
0.13274482810268212 0.0 0.0 0.1281063907669131 0.0 0.0 0.0 0.35 0.1946731973282483 0.0 0.0 
0.0 0.0 0.0 0.11198411035700946 0.0 0.0 0.0 0.35 0.0 0.0 0.0 
0.15128728808314476 0.0 0.0 0.0 0.0 0.0 0.0 0.35 0.32757095508109385 0.0 0.0 
0.0 0.0 0.0 0.24962671111146348 0.0 0.0 0.0 0.35 0.0 0.0 0.10087501028755126 
0.11913490571811185 0.0 0.0 0.10295666497344205 0.0 0.0 0.0 0.35 0.2894019104803152 0.0 0.0 
0.2950978160720507 0.0 0.0 0.0 0.0 0.0 0.0 0.35 0.35 0.0 0.0 
0.13844971519706986 0.0 0.0 0.1030212026424358 0.0 0.0 0.0 0.35 0.27754689727998977 0.0 0.0 
0.0 0.0 0.0 0.12540581272152931 0.0 0.0 0.0 0.35 0.11466442745706623 0.0 0.0 
0.10886903159731212 0.0 0.0 0.10678834936904255 0.0 0.0 0.0 0.35 0.25301119521555654 0.0 0.0 
0.0 0.0 0.0 0.10773783889965467 0.0 0.0 0.0 0.35 0.1503599927239322 0.0 0.0 
0.15427631580176143 0.0 0.0 0.0 0.0 0.0 0.0 0.35 0.30380337263249957 0.0 0.0 
0.149179640653139 0.0 0.0 0.0 0.0 0.0 0.0 0.35 0.31466039777020327 0.0 0.0 
0.15002212564824818 0.0 0.0 0.0 0.0 0.0 0.0 0.35 0.3224716744204328 0.0 0.0 
0.15041138830057535 0.0 0.0 0.0 0.0 0.0 0.0 0.35 0.32520988801775824 0.0 0.0 
0.0 0.0 0.0 0.0 0.0 0.0 0.0 0.35 0.206301499203666 0.0 0.0 
0.0 0.0 0.0 0.0 0.0 0.0 0.0 0.35 0.21476056306363095 0.0 0.0 
0.107734148032742 0.0 0.0 0.12436844915426046 0.0 0.0 0.0 0.35 0.2692006658130401 0.0 0.0 
0.17760912495420725 0.0 0.0 0.0 0.0 0.0 0.0 0.35 0.35 0.0 0.0 
0.0 0.0 0.0 0.0 0.0 0.0 0.0 0.35 0.1714798055188337 0.0 0.0 
0.10690294711547706 0.0 0.0 0.0 0.0 0.0 0.0 0.35 0.23376144210324373 0.0 0.0 
0.0 0.0 0.0 0.15064007315886463 0.0 0.0 0.0 0.35 0.0 0.0 0.0 
0.0 0.0 0.0 0.10166514287996378 0.0 0.0 0.0 0.35 0.15164498166975188 0.0 0.0 
0.11201027873912905 0.0 0.0 0.0 0.0 0.0 0.0 0.35 0.2612071170238231 0.0 0.0 
0.28829199029772173 0.0 0.0 0.0 0.0 0.0 0.0 0.35 0.35 0.0 0.0 
0.0 0.0 0.0 0.16598789667969438 0.0 0.0 0.0 0.35 0.0 0.0 0.0 
0.0 0.0 0.0 0.0 0.0 0.0 0.0 0.35 0.20970690887937354 0.0 0.0 
0.0 0.0 0.0 0.19038213801134504 0.0 0.0 0.0 0.35 0.10302358293164342 0.0 0.0 
0.16038325717317042 0.0 0.0 0.0 0.0 0.0 0.0 0.35 0.35 0.0 0.0 
0.11575874040260362 0.0 0.0 0.0 0.0 0.0 0.0 0.35 0.3232373643844962 0.0 0.0 
