0.0 0.0 0.10181100131450871 0.11190819163866815 0.10008756328799097 0.0 0.0 0.1550914748616211 0.0 0.0 0.1336367018918883 
0.2999995625442431 0.0 0.0 0.0 0.0 0.0 0.0 0.35 0.35 0.0 0.0 
0.0 0.0 0.0 0.35 0.0 0.0 0.0 0.2942568769606573 0.0 0.0 0.1467377235856906 
0.0 0.0 0.0 0.27230880151322867 0.0 0.0 0.0 0.35 0.0 0.0 0.10309872627195575 
0.1631507802269607 0.0 0.0 0.1463431412534151 0.1289179912728505 0.0 0.0 0.10505065625515574 0.0 0.0 0.0 
0.0 0.0 0.0 0.1988100231990541 0.0 0.0 0.0 0.35 0.0 0.0 0.10830308287484186 
0.0 0.0 0.0 0.28333622086938626 0.0 0.0 0.0 0.35 0.10070920275436382 0.0 0.11323088591440907 
0.0 0.0 0.0 0.10237022281895844 0.0 0.0 0.0 0.35 0.0 0.0 0.0 
0.0 0.0 0.0 0.35 0.0 0.0 0.0 0.22342647650156944 0.0 0.0 0.11290421268299879 
0.0 0.0 0.0 0.19458366090135393 0.0 0.0 0.0 0.35 0.10431665466780958 0.0 0.0 
0.0 0.0 0.0 0.35 0.0 0.0 0.0 0.25832581194573423 0.0 0.0 0.1420786190336051 
0.13280688110100802 0.0 0.0 0.0 0.0 0.0 0.0 0.35 0.3011641191190425 0.0 0.0 
0.0 0.0 0.0 0.25417891133791787 0.0 0.0 0.0 0.35 0.11841880698587712 0.0 0.12036579321894635 
0.0 0.0 0.0 0.2502459248892747 0.0 0.0 0.0 0.35 0.10364004838221841 0.0 0.12190408432966672 
0.11595849457735723 0.0 0.0 0.10239211043650255 0.0 0.0 0.0 0.35 0.2576730454915424 0.0 0.0 
0.0 0.0 0.0 0.35 0.0 0.0 0.0 0.23867110216169707 0.0 0.0 0.11887615938678678 
0.10801516733168401 0.0 0.0 0.0 0.0 0.0 0.0 0.35 0.2675930184373093 0.0 0.0 
0.1212964834375285 0.0 0.0 0.0 0.0 0.0 0.0 0.35 0.2827078350512073 0.0 0.0 
0.11788518732564987 0.0 0.0 0.0 0.0 0.0 0.0 0.35 0.27258902270012775 0.0 0.0 
0.24731314250620098 0.0 0.0 0.0 0.0 0.0 0.0 0.35 0.35 0.0 0.0 
0.0 0.0 0.0 0.2723664254288855 0.0 0.0 0.0 0.35 0.12435121797570721 0.0 0.10927121613344452 
0.10565625005969088 0.0 0.0 0.0 0.0 0.0 0.0 0.35 0.23899571188026214 0.0 0.0 
0.11630141205141634 0.0 0.0 0.0 0.0 0.0 0.0 0.35 0.27782063055699185 0.0 0.0 
0.10146707722334533 0.0 0.0 0.0 0.0 0.0 0.0 0.35 0.313985496955257 0.0 0.0 
0.12406858040931541 0.0 0.0 0.12468704029432186 0.0 0.0 0.0 0.35 0.18930768537688664 0.0 0.0 
0.10066657868958376 0.0 0.0 0.0 0.0 0.0 0.0 0.35 0.24768302078838267 0.0 0.0 
0.10843911584851701 0.0 0.0 0.0 0.0 0.0 0.0 0.35 0.33473124839404095 0.0 0.0 
0.0 0.0 0.0 0.0 0.0 0.0 0.0 0.35 0.22185189579092582 0.0 0.0 
0.0 0.0 0.0 0.0 0.0 0.0 0.0 0.35 0.21692081556852943 0.0 0.0 
0.0 0.0 0.0 0.13565754599558585 0.0 0.0 0.0 0.35 0.1205410947416995 0.0 0.0 
0.13244277430649348 0.0 0.0 0.0 0.0 0.0 0.0 0.35 0.2564509359753026 0.0 0.0 
0.0 0.0 0.0 0.11959323833577921 0.0 0.0 0.0 0.35 0.13874351532572576 0.0 0.0 
0.11151319341871797 0.0 0.0 0.1662066224978385 0.0 0.0 0.0 0.35 0.17312538077290876 0.0 0.0 
0.0 0.0 0.0 0.0 0.0 0.0 0.0 0.35 0.1513778230003265 0.0 0.0 
0.12412186296669168 0.0 0.0 0.0 0.0 0.0 0.0 0.35 0.3371797074142328 0.0 0.0 
0.12469234268856222 0.0 0.0 0.10850205944673694 0.0 0.0 0.0 0.35 0.21271494486787648 0.0 0.0 
0.19861934603873105 0.0 0.0 0.0 0.0 0.0 0.0 0.35 0.35 0.0 0.0 
0.10179605130048822 0.0 0.0 0.0 0.0 0.0 0.0 0.35 0.25899597132823027 0.0 0.0 
0.1002354301978517 0.0 0.0 0.10754651946980438 0.0 0.0 0.0 0.35 0.1537192187578131 0.0 0.0 
0.14400271705715495 0.0 0.0 0.0 0.0 0.0 0.0 0.35 0.28286275456256826 0.0 0.0 
0.0 0.0 0.0 0.22683303188661819 0.0 0.0 0.0 0.35 0.0 0.0 0.10261868798591763 
0.10563455597389235 0.0 0.0 0.11759099143897875 0.0 0.0 0.0 0.35 0.26859563256326097 0.0 0.0 
0.2739252472114306 0.0 0.0 0.0 0.0 0.0 0.0 0.35 0.35 0.0 0.0 
0.0 0.0 0.0 0.12138170180431311 0.0 0.0 0.0 0.35 0.0 0.0 0.0 
0.0 0.0 0.0 0.0 0.0 0.0 0.0 0.35 0.19604092316357544 0.0 0.0 
0.0 0.0 0.0 0.10125672672692541 0.0 0.0 0.0 0.35 0.13921429621019296 0.0 0.0 
0.0 0.0 0.0 0.15148088843418692 0.0 0.0 0.0 0.35 0.1386643899199181 0.0 0.0 
0.12617217584660761 0.0 0.0 0.0 0.0 0.0 0.0 0.35 0.34201092612858636 0.0 0.0 
0.2620731837866713 0.0 0.0 0.0 0.0 0.0 0.0 0.35 0.35 0.0 0.0 
0.0 0.0 0.0 0.19249844327226004 0.0 0.0 0.0 0.35 0.0 0.0 0.0 
0.0 0.0 0.0 0.10015094116163431 0.0 0.0 0.0 0.35 0.14566828947568278 0.0 0.0 
0.0 0.0 0.0 0.1327714396015847 0.0 0.0 0.0 0.35 0.18536357324180616 0.0 0.0 
0.10667855575447008 0.0 0.0 0.0 0.0 0.0 0.0 0.35 0.35 0.0 0.0 
0.10519613577655507 0.0 0.0 0.14399136773656815 0.0 0.0 0.0 0.35 0.18104941125025326 0.0 0.0 
0.10559717366091934 0.0 0.0 0.0 0.0 0.0 0.0 0.35 0.29936108877554035 0.0 0.0 
0.11706050973718138 0.0 0.0 0.10592532250369967 0.0 0.0 0.0 0.35 0.23380805341389882 0.0 0.0 
0.0 0.0 0.0 0.1220408273807547 0.0 0.0 0.0 0.35 0.15715487446515292 0.0 0.0 
0.1193473268328456 0.0 0.0 0.0 0.0 0.0 0.0 0.35 0.29196277702416945 0.0 0.0 
0.0 0.0 0.0 0.14445334906697438 0.0 0.0 0.0 0.35 0.10411679460771281 0.0 0.0 
0.0 0.0 0.0 0.16480435136095123 0.0 0.0 0.0 0.35 0.12020566480103745 0.0 0.0 
0.0 0.0 0.0 0.1270577713167739 0.0 0.0 0.0 0.35 0.19403619302689346 0.0 0.0 
0.10999388222542872 0.0 0.0 0.0 0.0 0.0 0.0 0.35 0.3221461168724887 0.0 0.0 
0.0 0.0 0.0 0.0 0.0 0.0 0.0 0.35 0.22859838209675098 0.0 0.0 
0.11839895898456634 0.0 0.0 0.0 0.0 0.0 0.0 0.35 0.3170069923676419 0.0 0.0 
0.10404024566310839 0.0 0.0 0.0 0.0 0.0 0.0 0.35 0.3262688470458612 0.0 0.0 
0.11074165889721767 0.0 0.0 0.0 0.0 0.0 0.0 0.35 0.23301311231179195 0.0 0.0 
0.12691051341273638 0.0 0.0 0.0 0.0 0.0 0.0 0.35 0.24799010811780953 0.0 0.0 
0.28239617158287067 0.0 0.0 0.0 0.0 0.0 0.0 0.35 0.35 0.0 0.0 
0.2916753895243105 0.0 0.0 0.0 0.0 0.0 0.0 0.35 0.35 0.0 0.0 
0.12061196914321191 0.0 0.0 0.10663917044774122 0.0 0.0 0.0 0.35 0.22371243567203544 0.0 0.0 
0.0 0.0 0.0 0.15362721996982798 0.0 0.0 0.0 0.35 0.11221165247471353 0.0 0.0 
0.11655958967360128 0.0 0.0 0.14494051217818385 0.0 0.0 0.0 0.35 0.2045335227267248 0.0 0.0 
0.14343490554718366 0.0 0.0 0.0 0.0 0.0 0.0 0.35 0.3244514862145924 0.0 0.0 
0.0 0.0 0.0 0.2413259355119936 0.0 0.0 0.0 0.35 0.0 0.0 0.1111026091883179 
0.1322073141221629 0.0 0.0 0.0 0.0 0.0 0.0 0.35 0.311067670936466 0.0 0.0 
0.0 0.0 0.0 0.11505101057863712 0.0 0.0 0.0 0.35 0.2073051760294457 0.0 0.0 
0.21439643734733224 0.0 0.0 0.0 0.0 0.0 0.0 0.35 0.35 0.0 0.0 
0.18100069820421608 0.0 0.0 0.0 0.0 0.0 0.0 0.35 0.35 0.0 0.0 
0.10603149456018485 0.0 0.0 0.0 0.0 0.0 0.0 0.35 0.32933377253535207 0.0 0.0 
0.0 0.0 0.0 0.0 0.0 0.0 0.0 0.35 0.176885937657491 0.0 0.0 
0.101341088219361 0.0 0.0 0.0 0.0 0.0 0.0 0.35 0.25122014084343197 0.0 0.0 
0.1308646460961777 0.0 0.0 0.0 0.0 0.0 0.0 0.35 0.33891612958719797 0.0 0.0 
0.10054423888489997 0.0 0.0 0.12896007590050157 0.0 0.0 0.0 0.35 0.154169445386064 0.0 0.0 
0.0 0.0 0.0 0.0 0.0 0.0 0.0 0.35 0.22803860321582659 0.0 0.0 
0.0 0.0 0.0 0.14291428913291154 0.0 0.0 0.0 0.35 0.0 0.0 0.0 
0.0 0.0 0.0 0.10201896019666733 0.0 0.0 0.0 0.35 0.15754040014060625 0.0 0.0 
0.18902672650969465 0.0 0.0 0.0 0.0 0.0 0.0 0.35 0.35 0.0 0.0 
0.26515875176127707 0.0 0.0 0.0 0.0 0.0 0.0 0.35 0.35 0.0 0.0 
0.0 0.0 0.0 0.1737890641260915 0.0 0.0 0.0 0.35 0.13633748307341867 0.0 0.0 
0.0 0.0 0.0 0.1221498715714251 0.0 0.0 0.0 0.35 0.22312319372624154 0.0 0.0 
0.0 0.0 0.0 0.19645634803178888 0.0 0.0 0.0 0.35 0.10646699619180712 0.0 0.0 
0.0 0.0 0.0 0.0 0.0 0.0 0.0 0.35 0.17505585696370066 0.0 0.0 
0.23680312117512411 0.0 0.0 0.0 0.0 0.0 0.0 0.35 0.35 0.0 0.0 
0.10953388445536294 0.0 0.0 0.12567703255366205 0.0 0.0 0.0 0.35 0.23397269147801722 0.0 0.0 
0.1031899738361099 0.0 0.0 0.0 0.0 0.0 0.0 0.35 0.1926957035733436 0.0 0.0 
0.0 0.0 0.0 0.0 0.0 0.0 0.0 0.35 0.18437790459660866 0.0 0.0 
0.23481161708774428 0.0 0.0 0.0 0.0 0.0 0.0 0.35 0.35 0.0 0.0 
0.2874565066024883 0.0 0.0 0.0 0.0 0.0 0.0 0.35 0.35 0.0 0.0 
0.10572877848423066 0.0 0.0 0.0 0.0 0.0 0.0 0.35 0.29903859670682975 0.0 0.0 
0.13358078179102206 0.0 0.0 0.0 0.0 0.0 0.0 0.35 0.35 0.0 0.0 
