0.0 0.30000000000000027 0.0 0.0 0.0 0.0 0.0 0.35 0.35 0.0 0.0 
0.0 0.30000000000000027 0.0 0.0 0.0 0.0 0.0 0.35 0.35 0.0 0.0 
0.0 0.13031437446053626 0.10787545675327138 0.11444229644570027 0.0 0.1026784666105279 0.11761036768515051 0.10704198943717153 0.0 0.1005648985012329 0.21947215010640905 
0.0 0.15457872502063644 0.1003793176406741 0.10981268708028412 0.0 0.10065842915659032 0.1092818690471347 0.1285951221468454 0.0 0.12760388012930413 0.1690899697785309 
0.0 0.11432107198984298 0.0 0.14651267401037696 0.0 0.10094187986904478 0.245567272598126 0.14118918426170085 0.0 0.0 0.2514679172709084 
0.0 0.14707343180505303 0.0 0.1365992956099051 0.0 0.10414777611321335 0.21640877636265296 0.16876640629175593 0.0 0.0 0.22700431381741962 
0.0 0.10817898321555862 0.0 0.16210453215479417 0.0 0.0 0.14305060820063545 0.35 0.10370417564935344 0.0 0.13296170077965835 
0.0 0.1151825109900683 0.0 0.1278491585285299 0.0 0.10323352557954794 0.24992240770874313 0.15291552403767572 0.0 0.0 0.250896873155435 
0.0 0.35 0.0 0.0 0.0 0.0 0.11297395631494263 0.35 0.18702604368505743 0.0 0.0 
0.0 0.3257277568435311 0.0 0.0 0.0 0.0 0.10107419238615813 0.35 0.22319805077031085 0.0 0.0 
0.0 0.20541612016119162 0.0 0.1092200597366526 0.0 0.0 0.10862184468834023 0.35 0.2267419754138155 0.0 0.0 
0.0 0.2729302523000052 0.0 0.11250687545961456 0.0 0.0 0.111533256078793 0.35 0.1530296161615873 0.0 0.0 
0.0 0.35 0.0 0.0 0.0 0.0 0.12701841110774015 0.35 0.1729815888922599 0.0 0.0 
0.0 0.14118544067182304 0.0 0.13432764236129063 0.0 0.0 0.12698748376246924 0.35 0.13669759913738067 0.0 0.1108018340670365 
0.0 0.2426870630469672 0.0 0.10086980975199486 0.0 0.0 0.114177104196486 0.35 0.19226602300455203 0.0 0.0 
0.0 0.0 0.0 0.156495781277781 0.0 0.0 0.26836014484829046 0.2944506287897776 0.0 0.0 0.2806934450841509 
0.0 0.3359366250848557 0.0 0.0 0.0 0.0 0.0 0.35 0.3140633749151443 0.0 0.0 
0.0 0.0 0.0 0.16342493511016665 0.0 0.0 0.22246508007627477 0.31376477543566417 0.0 0.0 0.3003452093778945 
0.0 0.23124742588464184 0.0 0.11291275402738696 0.0 0.0 0.11204081258343403 0.34098881527659947 0.20281019222793764 0.0 0.0 
0.0 0.35 0.0 0.0 0.0 0.0 0.13771250860431228 0.35 0.16228749139568777 0.0 0.0 
0.0 0.20612910806715118 0.0 0.0 0.0 0.0 0.11377195319983792 0.35 0.3300989387330108 0.0 0.0 
0.0 0.0 0.0 0.18291503465099032 0.0 0.0 0.1659344527813864 0.32442860934408 0.10167534466951145 0.0 0.22504655855403174 
0.0 0.2612152443483542 0.0 0.0 0.0 0.0 0.10356081833910497 0.34844862476981053 0.2867753125427302 0.0 0.0 
0.0 0.27664188504441994 0.0 0.0 0.0 0.0 0.1057917004873349 0.35 0.26756641446824525 0.0 0.0 
0.0 0.22046875775830943 0.0 0.0 0.0 0.0 0.11009408756784203 0.35 0.31943715467384864 0.0 0.0 
0.0 0.31561313453057194 0.0 0.0 0.0 0.0 0.12395063695088823 0.35 0.2104362285185399 0.0 0.0 
0.0 0.0 0.0 0.16608345403263983 0.0 0.0 0.2763567415034423 0.24360735409149611 0.0 0.0 0.31395245037242175 
0.0 0.21296319208625925 0.0 0.16847492052047958 0.0 0.0 0.12343443302905502 0.34377680814043027 0.15135064622377592 0.0 0.0 
0.0 0.3089779368978513 0.0 0.0 0.0 0.0 0.0 0.35 0.3410220631021488 0.0 0.0 
0.0 0.21023990432196019 0.0 0.0 0.0 0.0 0.10241881310300222 0.34994392304567146 0.3373973595293662 0.0 0.0 
0.0 0.0 0.0 0.1833806609831959 0.0 0.0 0.20674166930467236 0.27114541649350005 0.10480853087828321 0.0 0.2339237223403484 
0.0 0.12570542287469133 0.0 0.1238585998597991 0.0 0.0 0.14522550006184265 0.3499999999999999 0.12002410773056103 0.0 0.13518636947310597 
0.0 0.0 0.0 0.15363819897001307 0.0 0.0 0.2682161040179859 0.27409167441210913 0.0 0.0 0.3040540225998918 
0.0 0.0 0.0 0.1809958281288501 0.0 0.0 0.1815471699234684 0.3103755642591436 0.10279156212359991 0.0 0.2242898755649379 
0.0 0.35 0.0 0.11324053445700706 0.0 0.0 0.0 0.35 0.186759465542993 0.0 0.0 
0.0 0.32332870846424855 0.0 0.0 0.0 0.0 0.0 0.35 0.3266712915357515 0.0 0.0 
0.0 0.0 0.0 0.1625418093474091 0.0 0.0 0.1643647794408515 0.34169158168294345 0.1041644648969565 0.0 0.22723736463183952 
0.0 0.34188843828452714 0.0 0.0 0.0 0.0 0.0 0.35 0.3081115617154729 0.0 0.0 
0.0 0.13682012292737514 0.0 0.13592763546506706 0.0 0.10287724272198864 0.210406596759198 0.18568477888229987 0.0 0.0 0.22828362324407125 
0.0 0.3466645269037231 0.0 0.0 0.0 0.0 0.1515727910176268 0.35 0.15176268207865015 0.0 0.0 
0.0 0.35 0.0 0.11852051285622302 0.0 0.0 0.0 0.35 0.18147948714377707 0.0 0.0 
0.0 0.0 0.0 0.16052000816231884 0.0 0.0 0.2923036148712385 0.230342832645366 0.0 0.0 0.3168335443210766 
0.0 0.1170200017136022 0.0 0.13488879936891687 0.0 0.0 0.17545372353695565 0.34873097230842964 0.10327532881739018 0.0 0.12063117425470547 
0.0 0.2293557242245338 0.0 0.11891295429901695 0.0 0.0 0.13807739616520767 0.35 0.16365392531124173 0.0 0.0 
0.0 0.24601835050484472 0.0 0.0 0.0 0.0 0.10794203442366376 0.35 0.2960396150714918 0.0 0.0 
0.0 0.1445891136663844 0.0 0.12189590669942099 0.0 0.0 0.13004887498717985 0.35 0.13999308006226427 0.0 0.11347302458475048 
0.0 0.3078047670486213 0.0 0.0 0.0 0.0 0.10005459343129462 0.35 0.24214063952008402 0.0 0.0 
0.0 0.0 0.0 0.15942220957951062 0.0 0.0 0.28155083812203097 0.26291475854172774 0.0 0.0 0.2961121937567308 
0.0 0.0 0.0 0.17622184422265819 0.0 0.0 0.21107578195935936 0.28087855632242137 0.10868630594280779 0.0 0.22313751155275327 
0.0 0.0 0.0 0.14939086992470543 0.0 0.0 0.24395071552582506 0.28426958326950796 0.0 0.0 0.32238883127996143 
0.0 0.0 0.0 0.1760595676061438 0.0 0.0 0.21539667932681164 0.27998466517164505 0.10277733921942434 0.0 0.2257817486759751 
0.0 0.0 0.0 0.16734662126954358 0.0 0.0 0.16165384341107114 0.34927218698150725 0.10359738817059493 0.0 0.21812996016728314 
0.0 0.20299171878249384 0.0 0.0 0.0 0.0 0.11204028652640806 0.3499999999999999 0.3349679946910982 0.0 0.0 
0.0 0.103877151230087 0.0 0.132773307994346 0.0 0.0 0.14351161524576336 0.328001061373868 0.11373441569109498 0.0 0.17810244846484066 
0.0 0.0 0.0 0.15320260536491165 0.0 0.0 0.26617856210304597 0.2870099808951991 0.0 0.0 0.2936088516368433 
0.0 0.12570542287469133 0.0 0.1238585998597991 0.0 0.0 0.14522550006184265 0.3499999999999999 0.12002410773056103 0.0 0.13518636947310597 
0.0 0.1828677197100771 0.0 0.10201865535599948 0.0 0.0 0.11297896521799325 0.35 0.13907097899296547 0.0 0.11306368072296466 
0.0 0.1198694897821604 0.0 0.16576066371164894 0.0 0.0 0.24970350286127807 0.21942159627664337 0.0 0.0 0.2452447473682692 
0.0 0.11116825878594785 0.0 0.15906503877790715 0.0 0.10175748507921545 0.22991297348323925 0.14941549137759394 0.0 0.0 0.24868075249609625 
0.0 0.0 0.0 0.17956396350472054 0.0 0.0 0.16289447218083733 0.31848495712395625 0.11813298489686967 0.0 0.22092362229361623 
0.0 0.2903016047234534 0.0 0.0 0.0 0.0 0.10411382998475426 0.3464130092605537 0.2591715560312388 0.0 0.0 
0.0 0.3078047670486213 0.0 0.0 0.0 0.0 0.10005459343129462 0.35 0.24214063952008402 0.0 0.0 
0.0 0.24548339243213213 0.0 0.13057779217797147 0.0 0.0 0.1277850871355496 0.34092000761654995 0.15523372063779686 0.0 0.0 
0.0 0.3355919688580655 0.0 0.0 0.0 0.0 0.10241534923947142 0.35 0.21199268190246298 0.0 0.0 
0.0 0.1170200017136022 0.0 0.13488879936891687 0.0 0.0 0.17545372353695565 0.34873097230842964 0.10327532881739018 0.0 0.12063117425470547 
0.0 0.149601367742012 0.0 0.10387709409030332 0.0 0.0 0.13032617542348815 0.35 0.14943622517092278 0.0 0.11675913757327373 
0.0 0.10141453553065066 0.10745472102329272 0.1174288268640235 0.0 0.11107455218690201 0.1177177248838623 0.12275996357194528 0.0 0.1287452295193942 0.19340444641992938 
0.0 0.14742537488250088 0.10236037097337759 0.11293189064341605 0.0 0.1040145635139522 0.11313060903559195 0.1164653254370181 0.0 0.11909971821525678 0.18457214729888624 
0.0 0.0 0.0 0.17527545620774865 0.0 0.0 0.2025972423018806 0.30645104162647213 0.10018404657592034 0.0 0.21549221328797824 
0.0 0.0 0.0 0.1722460276686432 0.0 0.0 0.16988154119109136 0.33213565208169116 0.10938603372522462 0.0 0.2163507453333497 
0.0 0.301235187349581 0.0 0.0 0.0 0.0 0.0 0.35 0.348764812650419 0.0 0.0 
0.0 0.10734656775538404 0.0 0.12186112124340921 0.0 0.10244480865401953 0.21248468543808863 0.20248703560732192 0.0 0.0 0.25337578130177674 
0.0 0.12026478664892162 0.10239152199118151 0.10776230956492916 0.0 0.10701661344299568 0.1116528787802266 0.12894951317760234 0.0 0.12451462272047474 0.19744775367366824 
0.0 0.0 0.0 0.1450904813149659 0.0 0.0 0.15410933266535887 0.35 0.1157802541309611 0.0 0.23501993188871423 
0.0 0.3225780486990648 0.0 0.0 0.0 0.0 0.0 0.35 0.32742195130093527 0.0 0.0 
0.0 0.24544451900692915 0.0 0.0 0.0 0.0 0.10138906496767722 0.35 0.30316641602539374 0.0 0.0 
0.0 0.24434784198770124 0.0 0.12718851702326459 0.0 0.0 0.1287370449871124 0.3481568318458682 0.15156976415605347 0.0 0.0 
0.0 0.0 0.0 0.1684737274453322 0.0 0.0 0.21301547059279657 0.29313860250628043 0.10160897245246946 0.0 0.22376322700312132 
0.0 0.22503638913822674 0.0 0.0 0.0 0.0 0.10993912375001327 0.35 0.31502448711175995 0.0 0.0 
0.0 0.15225055785437266 0.0 0.11198038995724575 0.0 0.0 0.12702667153914088 0.35 0.1430264928957664 0.0 0.11571588775347426 
0.0 0.25858459304535114 0.0 0.0 0.0 0.0 0.11169122281100656 0.35 0.27972418414364236 0.0 0.0 
0.0 0.24979130030490906 0.0 0.13652082218730857 0.0 0.0 0.13543764225841412 0.3404874005617096 0.13776283468765865 0.0 0.0 
0.0 0.0 0.0 0.1679912327391236 0.0 0.0 0.21240541204859473 0.2951629946028144 0.10131797282864075 0.0 0.2231223877808266 
0.0 0.20954250208716177 0.0 0.11886322384248575 0.0 0.0 0.11479779877488903 0.35 0.20679647529546347 0.0 0.0 
0.0 0.2480632418988592 0.0 0.0 0.0 0.0 0.10343647755528577 0.35 0.298500280545855 0.0 0.0 
0.0 0.3184136549339436 0.0 0.11835900620569861 0.0 0.0 0.0 0.34952282244444155 0.21370451641591628 0.0 0.0 
0.0 0.0 0.0 0.1597584567485488 0.0 0.0 0.2609108053351368 0.269084825291772 0.0 0.0 0.31024591262454243 
0.0 0.3291497391305832 0.0 0.13365081446955876 0.0 0.0 0.0 0.35 0.18719944639985814 0.0 0.0 
0.0 0.13613170940734987 0.0 0.13524371251574413 0.0 0.10235961356571073 0.209347931244123 0.18978202419816143 0.0 0.0 0.22713500906891085 
0.0 0.35 0.0 0.12476967780770606 0.0 0.0 0.0 0.35 0.17523032219229415 0.0 0.0 
0.0 0.0 0.0 0.1615906632559597 0.0 0.0 0.277594904067638 0.25074214814663187 0.0 0.0 0.3100722845297706 
0.0 0.0 0.0 0.1556645053224751 0.0 0.0 0.19179279084167283 0.3272103535547542 0.10467776042130257 0.0 0.22065458985979514 
0.0 0.12165779835538104 0.10562771248925133 0.11753855601105531 0.0 0.10444735626580243 0.1175568800912351 0.13676960156770088 0.0 0.1222260984351805 0.17417599678439338 
0.0 0.0 0.0 0.13790234572728374 0.0 0.0 0.18110276861697572 0.35 0.11378825342886703 0.0 0.21720663222687353 
0.0 0.2792853886911808 0.0 0.0 0.0 0.0 0.1099212707196802 0.3499999999999999 0.26079334058913894 0.0 0.0 
0.0 0.2944214351633012 0.0 0.0 0.0 0.0 0.1325644382258373 0.35 0.2230141266108615 0.0 0.0 
0.0 0.0 0.0 0.16292739252328967 0.0 0.0 0.1382891897184987 0.3480204756779989 0.11451436087749292 0.0 0.23624858120271996 
0.0 0.35 0.0 0.0 0.0 0.0 0.0 0.35 0.2999999999999999 0.0 0.0 
0.0 0.31417012246387 0.0 0.0 0.0 0.0 0.0 0.35 0.3358298775361301 0.0 0.0 
0.0 0.244010076636283 0.0 0.11096008524226496 0.0 0.0 0.147382661592718 0.3442731734121431 0.15337400311659083 0.0 0.0 
