-0.005034141798167294 2.3059515977843497E-5 
-0.01629156702201845 4.2202474841575755E-4 
-0.006841551652683791 2.674795765807829E-5 
-0.016198703493036547 4.119219375752377E-4 
-0.016195688793729512 3.79409551135246E-4 
-0.015740313002662765 3.5588853814393486E-4 
-0.015702894213954204 3.293473682361467E-4 
-0.007397071399269695 3.0994776411693484E-5 
-0.007719705467190315 3.1271069613537014E-5 
-0.009286831089146519 4.82032145126809E-5 
-0.00960719587982671 5.158718689929767E-5 
-0.015022634273509482 2.3818710068674765E-4 
-0.009836842827642255 5.4894523511087026E-5 
-0.015596734584006242 2.939799625068482E-4 
-0.013434268664755385 1.5014929904354787E-4 
-0.01501310275891592 2.2686748018925588E-4 
-0.014807584502001864 2.1544934623800863E-4 
-0.011307795133672763 7.833675731349864E-5 
-0.01270460581057977 1.2099007856271665E-4 
-0.008112525573916202 3.5032730202637016E-5 
-0.01165059632928539 8.678191814521671E-5 
-0.012808742367306235 1.271032248431445E-4 
-0.015611612443511984 3.088939601254098E-4 
-0.013993610017766308 1.7773524257072137E-4 
-0.014672792389945153 2.108709243321991E-4 
-0.01545341048843284 2.629543089883562E-4 
-0.007162139527782819 2.950302061457961E-5 
-0.013512460247156053 1.546510256767902E-4 
-0.015803981753340413 3.594202896005988E-4 
-0.015079599655772156 2.4389288909226452E-4 
-0.01206136651008525 9.850280498816327E-5 
-0.015249713685054607 2.503901373432345E-4 
-0.015520848468608671 2.7073307910761445E-4 
-0.010089956639930509 5.82821062065149E-5 
-0.010274333462924279 5.971418327359462E-5 
-0.0156701172123936 3.259232727700034E-4 
-0.00702606885597432 2.8943596932729606E-5 
-0.015563087028687462 2.917085251364482E-4 
-0.012579555331604856 1.1782891284529276E-4 
-0.011493787410195168 8.261032289351086E-5 
-0.014078517579684254 1.831893529820558E-4 
-0.013282061365166164 1.442122596307939E-4 
-0.015171542491861565 2.474528686971108E-4 
-0.016016244014809417 3.7015327768053066E-4 
-0.01589496249033837 3.650487475874873E-4 
-0.013795904235725501 1.714167435257368E-4 
-0.014244233830914561 1.909999300374499E-4 
-0.014851710214182355 2.2244059768695827E-4 
-0.015561948869313242 2.821459945103739E-4 
-0.01234531367388676 1.1061131600364024E-4 
-0.014368212454701167 1.9641682050274326E-4 
-0.010413533816816926 6.151823093609072E-5 
-0.009721792029099018 5.238024547673785E-5 
-0.012910493162210468 1.297533663425825E-4 
-0.008905214415469478 4.4166415248392106E-5 
-0.010654387254456615 6.666286422212687E-5 
-0.015359645296586446 2.5679016368021E-4 
-0.011126232764533244 7.466660048097655E-5 
-0.011429305592158424 8.166803067679695E-5 
-0.01461511557460039 2.0660432203846124E-4 
-0.013867541196881564 1.7471665813963117E-4 
-0.01624375691266021 4.195513898961108E-4 
-0.011938938395529305 9.517091544861383E-5 
-0.01552647265434183 2.802968299890854E-4 
-0.007915691531988378 3.2879030129781714E-5 
-0.008319579290653169 3.7933820868373936E-5 
-0.015333060540788711 2.561457317220968E-4 
-0.015501310052949815 2.672371177790613E-4 
-0.01492726729334405 2.2310845729773475E-4 
-0.01446163878715603 2.0177639287708555E-4 
-0.012481423559098733 1.1201075594659347E-4 
-0.008705123077174024 4.322777694815966E-5 
-0.01565344991653827 3.164729269587819E-4 
-0.008686451396163478 4.181129542790572E-5 
-0.013070833774721116 1.3514539519789547E-4 
-0.01434493096618891 1.9421149711056944E-4 
-0.013270568431284671 1.4309221650741174E-4 
-0.01594369638916543 3.66494559581712E-4 
-0.012534197356250545 1.1402669628593663E-4 
-0.009094862637870313 4.593044377286737E-5 
-0.01419488799700531 1.8761780402502E-4 
-0.007927784410255522 3.4438978080333804E-5 
-0.010777037726467572 6.834740975645965E-5 
-0.009182752604743409 4.6836631548638415E-5 
-0.013610090100801744 1.5890641377530053E-4 
-0.01608614586078614 3.7360721772748456E-4 
-0.01055969665556939 6.483703970381927E-5 
-0.014554296085940277 2.0441215123635564E-4 
-0.013691109133733281 1.6590493352816103E-4 
-0.006864694883979455 2.696996773203931E-5 
-0.01414845517972612 1.8518258931194233E-4 
-0.013652498617399863 1.6084626118063666E-4 
-0.01564683681451004 3.1556952839005906E-4 
-0.010483443878415342 6.376789808742203E-5 
-0.008976282124356649 4.487416474263809E-5 
-0.008414605599648897 3.872903023998396E-5 
-0.011857363824307583 9.513893027342544E-5 
-0.012155324451237513 1.0192774199247713E-4 
-0.012268838867045224 1.0533244607177961E-4 
-0.01098647530023982 7.153274963615983E-5 
