-0.007355392650113208 3.0172239335872554E-5 
-0.016723060783835397 0.0015954576182313277 
-0.01657832094233725 0.001496972857022642 
-0.016577983056473435 9.553427402363411E-4 
-0.01611937847304143 5.44717932336244E-4 
-0.01610756302913545 3.6761714702461757E-4 
-0.016500717449166334 7.156747101889465E-4 
-0.01651707417606875 8.056610698113933E-4 
-0.016550757278793966 9.270052141861138E-4 
-0.016546549675069827 8.492140169014397E-4 
-0.011013692940138797 7.179215985566863E-5 
-0.00917211673861691 4.721875411868167E-5 
-0.012336872840245903 1.0761314022495692E-4 
-0.011449495066247638 8.263092588576498E-5 
-0.00789446990261886 3.44053307892854E-5 
-0.008960547638041797 4.466345071023509E-5 
-0.016465983497505516 6.780642117916498E-4 
-0.011302984049843673 7.827439224610157E-5 
-0.008641434231345028 4.1111439879361716E-5 
-0.01493113619520631 2.2500683222073745E-4 
-0.008812865747799587 4.3089713660073915E-5 
-0.01334301106344233 1.4718897948096026E-4 
-0.012786435356782946 1.2712027515746757E-4 
-0.011822266929108052 9.44871389512599E-5 
-0.0093416739735109 4.894916156684564E-5 
-0.016462293339525976 6.236997789734986E-4 
-0.01634068716697041 5.616933481072113E-4 
-0.01622535194996821 5.543705121829179E-4 
-0.008049154889412727 3.5766822560990414E-5 
-0.00982052200958616 5.354901501171431E-5 
-0.009974852617146805 5.533910413268873E-5 
-0.014418306202663829 1.9681826955942705E-4 
-0.015834296018674605 3.209842476254224E-4 
-0.007681258059478625 3.3032186830620146E-5 
-0.009674184979713946 5.192399197034248E-5 
-0.01260935346378065 1.2110578938046121E-4 
-0.013162224126412861 1.408964389467237E-4 
-0.016004526854017 3.605603200894842E-4 
-0.01644905128326573 6.024342554308047E-4 
-0.010788188060781453 6.716153426254549E-5 
-0.010423642563759808 6.116736818769883E-5 
-0.010119784129026126 5.7116460644415665E-5 
-0.015011568500771153 2.3690734773023194E-4 
-0.011661461787056182 8.787581191423191E-5 
-0.015514090042376773 2.694813344011358E-4 
-0.012522346128765821 1.1464757816549245E-4 
-0.015461989685453023 2.5753095857254275E-4 
-0.013791638407457238 1.6972182073404926E-4 
-0.007512881068171947 3.178369862847608E-5 
-0.015849166051339708 3.512895022423361E-4 
-0.015669499009163115 2.926932136722409E-4 
-0.01654415349090362 8.426842233349395E-4 
-0.01086411362045844 6.877720566076306E-5 
-0.014766131207276566 2.2074141988929517E-4 
-0.015126043864811766 2.3997053821509228E-4 
-0.013635398026117206 1.5880805345160886E-4 
-0.014265457593894961 1.9006376864896514E-4 
-0.01653341650415182 8.088398255292146E-4 
-0.011969278913930575 9.6845608539975E-5 
-0.01350472362529142 1.5477358594574812E-4 
-0.012185200696086466 1.0544843065447796E-4 
-0.010596291744762143 6.507186797698879E-5 
-0.008275624336780465 3.825910113608489E-5 
-0.0164753306613343 6.828808474058807E-4 
-0.014632986342722074 2.1166140825394522E-4 
-0.01301552239301958 1.3222271473215387E-4 
-0.016686880510681106 0.001570509821419209 
-0.01571992314753627 3.085503405441625E-4 
-0.016658158219983787 0.0015508611382648561 
-0.008478994358763755 3.959827926820401E-5 
-0.008433019371113574 3.916104138994183E-5 
-0.015898924308834862 3.532026685250844E-4 
-0.016609647885222595 0.001517990203328165 
-0.013433124388794203 1.521953953604818E-4 
-0.01023987626375634 5.917103589778041E-5 
-0.011687906657806826 8.809766802968575E-5 
-0.0152046807390856 2.466260651678291E-4 
-0.014501402034126733 2.0330819831959303E-4 
-0.013109555063253621 1.3659045955031706E-4 
-0.01642513396044063 5.750971002206126E-4 
-0.014219735784834884 1.884153406946062E-4 
-0.01656614450083016 9.339231315347587E-4 
-0.010571006948901996 6.374550585015067E-5 
-0.010303925174593508 5.9918865360996786E-5 
-0.01664337369673733 0.0015408011768006686 
-0.009487826437046092 5.002235746542624E-5 
-0.01575092824533515 3.162754998761653E-4 
-0.01644037565016891 5.781943893369188E-4 
-0.014738781678758018 2.1497754344185205E-4 
-0.013999575121538868 1.8055647797956208E-4 
-0.01670207249925071 0.0015809585537589364 
-0.015558523125822087 2.8651259423282424E-4 
-0.014568285951041138 2.0518793482098924E-4 
-0.012043904260640802 9.809478822892665E-5 
-0.007601657029929336 3.210532094210802E-5 
-0.008199794376460281 3.711809805863043E-5 
-0.011319143816266572 8.016274057830968E-5 
-0.014113110975804576 1.824050450889827E-4 
-0.00953129824644305 5.1634450055466446E-5 
-0.012905434511949945 1.281057062755852E-4 
