0.0 0.0 0.12630539816271466 0.10850319742774232 0.1242450753881037 0.13644722474970225 0.0 0.0 0.0 0.12223356745583486 0.0 
0.0 0.299999999401424 0.0 0.0 0.0 0.0 0.0 0.35 0.35 0.0 0.0 
0.0 0.2529757887099735 0.0 0.0 0.0 0.0 0.0 0.35 0.35 0.0 0.0 
0.0 0.0 0.0 0.0 0.0 0.0 0.30002364583620167 0.34999940325232703 0.3499769509114713 0.0 0.0 
0.0 0.0 0.18625498888513958 0.0 0.11545510367110434 0.18217851886964012 0.0 0.11657566987160392 0.13691894376127844 0.1425200916305324 0.0 
0.0 0.0 0.0 0.0 0.0 0.0 0.1977706167855391 0.33450373756118146 0.3468145738628393 0.10286469721164805 0.0 
0.0 0.0 0.14746250848770742 0.0 0.0 0.0 0.15253429764868584 0.35 0.35 0.0 0.0 
0.0 0.0 0.19133699538976415 0.0 0.12433035068890981 0.19419136087337835 0.0 0.12193767099048769 0.1418503797913346 0.1476532652847136 0.0 
0.0 0.0 0.0 0.0 0.0 0.0 0.19911160555498553 0.35 0.35 0.10081682003335225 0.0 
0.0 0.0 0.14664560242604122 0.0 0.0 0.0 0.1516892951213377 0.34808887697525626 0.34808887697525626 0.0 0.0 
0.0 0.0 0.18103417122898183 0.0 0.0 0.11586510430480586 0.0 0.33919665714632097 0.35 0.0 0.0 
0.0 0.0 0.23027379607473752 0.0 0.0 0.1221455544432089 0.0 0.29701810873510714 0.35 0.0 0.0 
0.0 0.0 0.20434305326993898 0.0 0.0 0.11665960581303543 0.0 0.32914837267671365 0.3498489682403119 0.0 0.0 
0.0 0.0 0.15421887770895099 0.0 0.0 0.18558670676290212 0.0 0.2101139916198507 0.34833485235181094 0.1017455715564853 0.0 
0.0 0.0 0.1945309920467396 0.0 0.0 0.17456790348492862 0.0 0.19587742889338242 0.3295532238615981 0.10547045171335143 0.0 
0.0 0.0 0.20312874473909223 0.0 0.10024810636751896 0.2320917369995412 0.0 0.12895235937701974 0.13900424557795585 0.15483990898314626 0.0 
0.0 0.25684420003744945 0.0 0.0 0.0 0.0 0.0 0.35 0.35 0.0 0.0 
0.0 0.0 0.17493935137575137 0.0 0.0 0.1537056666284752 0.0 0.22287344597237 0.34506299529841294 0.10341854072499054 0.0 
0.0 0.0 0.1930349934579785 0.0 0.0 0.0 0.0 0.3403112356489719 0.35 0.0 0.1032144007489066 
0.0 0.0 0.1768757654367701 0.0 0.0 0.18548055612657166 0.0 0.20567831023206648 0.3299096741037926 0.10200658855471563 0.0 
0.0 0.0 0.21064980023527147 0.0 0.0 0.12707619737390988 0.0 0.3096094896126513 0.35 0.0 0.0 
0.0 0.0 0.17730758291654494 0.0 0.0 0.0 0.0 0.35 0.3499807608699654 0.12254762282673144 0.0 
0.0 0.0 0.1817849586863794 0.0 0.0 0.15170071956475129 0.0 0.21996626973816893 0.340561970356401 0.10206954231712853 0.0 
0.0 0.0 0.20477667292241014 0.0 0.0 0.11681708177606843 0.0 0.2257114152056318 0.3494780859166584 0.10321674417923123 0.0 
0.0 0.0 0.18252398959363994 0.0 0.0 0.1992702066639008 0.0 0.17506479533083433 0.3412567973983097 0.1018842110133152 0.0 
0.0 0.0 0.19555615975857701 0.0 0.0 0.0 0.0 0.35 0.34041493645891807 0.0 0.10714276358814444 
0.0 0.0 0.213236530200557 0.0 0.0 0.0 0.0 0.33359254895305274 0.3490228210535404 0.0 0.10109679181954516 
0.0 0.0 0.2159201056758273 0.0 0.11533645492114046 0.18039058154258328 0.0 0.11645586955904373 0.13611602717696278 0.1422320983492428 0.0 
0.0 0.0 0.19396947738679532 0.0 0.0 0.1056033254931835 0.0 0.35 0.35 0.0 0.0 
0.0 0.0 0.20182000256401217 0.0 0.0 0.12579866942677603 0.0 0.32579541629143866 0.34658591171777303 0.0 0.0 
0.0 0.0 0.17971606501377294 0.0 0.0 0.22335764674212152 0.0 0.17218356973489846 0.31806522327461123 0.10639116180155114 0.0 
0.0 0.2614460005219397 0.0 0.0 0.0 0.0 0.0 0.35 0.35 0.0 0.0 
0.0 0.0 0.0 0.0 0.0 0.0 0.2888508907804342 0.35 0.35 0.0 0.0 
0.0 0.294922625151538 0.0 0.0 0.0 0.0 0.0 0.35 0.35 0.0 0.0 
0.0 0.0 0.17610356672860467 0.0 0.0 0.254355882640108 0.0 0.13501226677871891 0.3319048086596914 0.10262347519287716 0.0 
0.0 0.0 0.1786054444128256 0.0 0.0 0.24707670295770698 0.0 0.12329399829134281 0.25438111202731 0.10077334826365367 0.0 
0.0 0.0 0.19723840860214545 0.0 0.0 0.27285291248682464 0.0 0.1361566109763774 0.2809193520368842 0.11128650028770068 0.0 
0.0 0.0 0.2090005311948382 0.0 0.11659972660712585 0.23900658986426657 0.0 0.13279431688562782 0.14314568515770967 0.15945315029043175 0.0 
0.0 0.0 0.1975486436512645 0.0 0.0 0.11086835814121225 0.0 0.2555139114085319 0.3354756063902716 0.10059348040871982 0.0 
0.0 0.0 0.2357599274811762 0.0 0.0 0.12091659304547128 0.0 0.27784088102596805 0.35 0.0 0.0 
0.0 0.0 0.18714434654587658 0.0 0.0 0.20104538678039832 0.0 0.17662434379004865 0.32419977205541856 0.10279183703831815 0.0 
0.0 0.0 0.2014039276883928 0.0 0.10810685289959684 0.2546012862725374 0.0 0.12722160543221003 0.14172310472979582 0.16694322297746728 0.0 
0.0 0.0 0.2107920333199911 0.0 0.0 0.12130960410093325 0.0 0.29360499986723304 0.35 0.0 0.0 
0.0 0.2921853684421209 0.0 0.0 0.0 0.0 0.0 0.35 0.35 0.0 0.0 
0.0 0.0 0.17909873570389656 0.0 0.0 0.2794676531857143 0.0 0.1211549824580301 0.27734354595164473 0.11035137005224105 0.0 
0.0 0.0 0.18425747496398834 0.0 0.0 0.28646468807556213 0.0 0.12724587957274258 0.28538399281304666 0.1166479645746603 0.0 
0.0 0.2905807030617253 0.0 0.0 0.0 0.0 0.0 0.35 0.35 0.0 0.0 
0.0 0.0 0.190690830048498 0.0 0.0 0.24679393004885952 0.0 0.12930599840060442 0.32655487743171285 0.1066543640703254 0.0 
0.0 0.0 0.18165265176637943 0.0 0.0 0.28345281212952395 0.0 0.12288263092262314 0.2812984155047325 0.1119249609287247 0.0 
0.0 0.0 0.18918952295604685 0.0 0.0 0.17587391782659087 0.0 0.1974994797320511 0.3148387731473178 0.10581467527575189 0.0 
0.0 0.2782753607405602 0.0 0.0 0.0 0.0 0.0 0.35 0.35 0.0 0.0 
0.0 0.0 0.2313015457649695 0.0 0.0 0.10131255392249228 0.0 0.3164493190016656 0.35 0.0 0.0 
0.0 0.0 0.1775848178242185 0.0 0.0 0.22678924975603265 0.0 0.12013086191672968 0.2723256899196329 0.10798020139582061 0.0 
0.0 0.0 0.21845092280794132 0.0 0.10092056657482903 0.23364859890180484 0.0 0.15111924514081135 0.13993668038580792 0.15587856877501255 0.0 
0.0 0.0 0.17205886901862982 0.0 0.0 0.2753832974297046 0.0 0.12162181987894868 0.27475464219228374 0.10094112718175215 0.0 
0.0 0.2969655741542347 0.0 0.0 0.0 0.0 0.0 0.35 0.35 0.0 0.0 
0.0 0.26552219913743186 0.0 0.0 0.0 0.0 0.0 0.35 0.35 0.0 0.0 
0.0 0.0 0.19168627240649808 0.0 0.0 0.0 0.0 0.35 0.3490841792750864 0.10055301965276246 0.0 
0.0 0.0 0.19115433913668547 0.0 0.0 0.118324724356177 0.0 0.3456835338284004 0.3448374026787371 0.0 0.0 
0.0 0.0 0.17758673644090403 0.0 0.0 0.28785986467571684 0.0 0.12471599454390356 0.2854952843204315 0.1137941705190778 0.0 
0.0 0.0 0.20002589260025416 0.0 0.0 0.11770414695901198 0.0 0.24163202582028184 0.32776161930826697 0.11287631531218495 0.0 
0.0 0.0 0.0 0.0 0.0 0.0 0.1962749093556033 0.3377209984905544 0.34855495388779445 0.10385405109380097 0.0 
0.0 0.25485124694825784 0.0 0.0 0.0 0.0 0.0 0.35 0.35 0.0 0.0 
0.0 0.0 0.1901439678356697 0.0 0.0 0.11188155272058511 0.0 0.2582366788684838 0.338225024789762 0.10151277578549946 0.0 
0.0 0.28803106675143075 0.0 0.0 0.0 0.0 0.0 0.35 0.35 0.0 0.0 
0.0 0.0 0.0 0.0 0.0 0.0 0.2076812798789791 0.34521344199174886 0.3452959153867891 0.101809362742483 0.0 
0.0 0.28697825328387283 0.0 0.0 0.0 0.0 0.0 0.35 0.35 0.0 0.0 
0.0 0.0 0.18452875582761513 0.0 0.0 0.11810170088916272 0.0 0.3457443238433013 0.35 0.0 0.0 
0.0 0.0 0.19169087648348687 0.0 0.0 0.0 0.0 0.35 0.35 0.0 0.10507543732415064 
0.0 0.2684284442831936 0.0 0.0 0.0 0.0 0.0 0.35 0.35 0.0 0.0 
0.0 0.0 0.17438537986798613 0.0 0.0 0.18209763882820973 0.0 0.2115553386675852 0.3300824911396804 0.10187915149653856 0.0 
0.0 0.27515153210088744 0.0 0.0 0.0 0.0 0.0 0.35 0.35 0.0 0.0 
0.0 0.0 0.19899069260743696 0.0 0.0 0.11651791843203439 0.0 0.24778005312580856 0.33607468362445286 0.10063665221026719 0.0 
0.0 0.0 0.18244448462666862 0.0 0.0 0.11294523577332097 0.0 0.2606917929800406 0.3414406060731083 0.10247788054686145 0.0 
0.0 0.0 0.18869053600711075 0.0 0.0 0.20270642684923842 0.0 0.1780836168271779 0.3268783155441139 0.10364110477235887 0.0 
0.0 0.0 0.2140356116982766 0.0 0.0 0.11983559320698049 0.0 0.296541489674815 0.35 0.0 0.0 
0.0 0.264466900017159 0.0 0.0 0.0 0.0 0.0 0.35 0.35 0.0 0.0 
0.0 0.2724363613646299 0.0 0.0 0.0 0.0 0.0 0.35 0.35 0.0 0.0 
0.0 0.0 0.16970908810031396 0.0 0.0 0.1117398414943458 0.0 0.27256484725437574 0.3446037295678335 0.10138249358313096 0.0 
0.0 0.0 0.180635788983859 0.0 0.0 0.11405373801795712 0.0 0.2658659075637229 0.3383270075521651 0.10111755788229583 0.0 
0.0 0.0 0.20175363585629622 0.0 0.10994916238813722 0.21403929105076672 0.0 0.14738331782807265 0.17313199168814153 0.15374260118858563 0.0 
0.0 0.2987715026275372 0.0 0.0 0.0 0.0 0.0 0.35 0.35 0.0 0.0 
0.0 0.0 0.19592496619728264 0.0 0.0 0.22596754850030318 0.0 0.16842533179630648 0.30522593919792973 0.10445621430817799 0.0 
0.0 0.28106972545759795 0.0 0.0 0.0 0.0 0.0 0.35 0.35 0.0 0.0 
0.0 0.0 0.17073279217618026 0.0 0.0 0.26159345406296397 0.0 0.16273701918064473 0.30393078731448375 0.10100594726572713 0.0 
0.0 0.0 0.17351245384804728 0.0 0.0 0.2680071575872923 0.0 0.11977106922936626 0.32529946205105187 0.10979840589800509 0.0 
0.0 0.0 0.17058867905533961 0.0 0.0 0.11231898168651 0.0 0.27530450213723495 0.339879884793342 0.10190795232757344 0.0 
0.0 0.0 0.18021441367012714 0.0 0.0 0.0 0.0 0.3493466156602696 0.3493646128238792 0.11825227196298807 0.0 
0.0 0.0 0.18642297145830747 0.0 0.0 0.2250011664558439 0.0 0.1590440486383075 0.300950767244726 0.10235534135938464 0.0 
0.0 0.26211515093433074 0.0 0.0 0.0 0.0 0.0 0.35 0.35 0.0 0.0 
0.0 0.0 0.1969021508513612 0.0 0.0 0.11844761611027507 0.0 0.2518836330701253 0.33045515507177076 0.10231144489646776 0.0 
0.0 0.0 0.21207823599945927 0.0 0.0 0.17317667985298127 0.0 0.19607153026411803 0.31178204816472926 0.10689150571871214 0.0 
0.0 0.27925137483461837 0.0 0.0 0.0 0.0 0.0 0.35 0.35 0.0 0.0 
0.0 0.0 0.20289261687561064 0.0 0.0 0.10802406701026875 0.0 0.22983774244056987 0.35 0.10274956018204968 0.0 
0.0 0.2748680927074777 0.0 0.0 0.0 0.0 0.0 0.35 0.35 0.0 0.0 
0.0 0.0 0.19272243856344207 0.0 0.0 0.13113099514757517 0.0 0.31737566121195315 0.35 0.0 0.0 
0.0 0.0 0.17444740583865798 0.0 0.0 0.1821613546080679 0.0 0.21162936166685692 0.3299332803313262 0.10182859755509115 0.0 
0.0 0.0 0.19607679212816478 0.0 0.1060737689572148 0.24799799504184689 0.0 0.13720407606067217 0.14789918676302227 0.16474818104907907 0.0 
0.0 0.0 0.16767097008478848 0.0 0.0 0.2589844077802131 0.0 0.1518408059919489 0.3143479050669511 0.10715591107609834 0.0 
0.0 0.0 0.0 0.0 0.0 0.0 0.1970886298077852 0.33912112897338226 0.35 0.10428461129986306 0.0 
