0.0 0.0 0.11855186540628013 0.0 0.15420600402845985 0.2414074980954291 0.10389712765643562 0.10130603514297616 0.0 0.188160971308431 0.0 
0.0 0.29999999846850933 0.0 0.0 0.0 0.0 0.0 0.35 0.35 0.0 0.0 
0.0 0.18655661478581467 0.0 0.0 0.0 0.0 0.11328380063680314 0.35 0.35 0.0 0.0 
0.0 0.28324525943646206 0.0 0.0 0.0 0.0 0.0 0.3497603346798143 0.3496969181635485 0.0 0.0 
0.0 0.0 0.0 0.0 0.0 0.0 0.18205428795204787 0.35 0.35 0.11794292930637754 0.0 
0.0 0.10345348261008352 0.0 0.0 0.0 0.0 0.17429720289792958 0.35 0.35 0.0 0.0 
0.0 0.1400959964865054 0.0 0.0 0.0 0.0 0.1596026851051371 0.35 0.35 0.0 0.0 
0.0 0.0 0.17145676009763267 0.0 0.10142875338087765 0.240201534021267 0.0 0.10316176813212609 0.12602760864626653 0.16116278404894402 0.0 
0.0 0.16987397659275316 0.0 0.0 0.0 0.0 0.13012050428686148 0.35 0.35 0.0 0.0 
0.0 0.0 0.12415775009069804 0.0 0.11274867067683862 0.2534627260379606 0.10438247023610431 0.10207129741537674 0.10256982119215433 0.17464878570232734 0.0 
0.0 0.16060938895886465 0.0 0.0 0.0 0.0 0.13583595645793545 0.35 0.35 0.0 0.0 
0.0 0.11663007856315306 0.0 0.0 0.0 0.0 0.18382801735899096 0.34993670282387485 0.3496052012539812 0.0 0.0 
0.0 0.1842397000754132 0.0 0.0 0.0 0.0 0.1139198385507549 0.35 0.35 0.0 0.0 
0.0 0.0 0.17452403234908045 0.0 0.0 0.2627579825503655 0.0 0.12146349088813768 0.30859473257044484 0.12014412757255288 0.0 
0.0 0.0 0.0 0.0 0.0 0.0 0.17425343277872632 0.3350536248052752 0.35 0.1128868383302642 0.0 
0.0 0.0 0.1795121448427833 0.0 0.0 0.17345483001802814 0.0 0.18370092158222795 0.35 0.10678727644824265 0.0 
0.0 0.0 0.13405630654772402 0.0 0.17332006321905738 0.2479045813991045 0.11677532821853347 0.11645992238086543 0.0 0.2114837982347153 0.0 
0.0 0.0 0.12299033840469728 0.0 0.11299085779690643 0.2734906735474737 0.1000363281035272 0.10025165044446542 0.1232765957514194 0.16696355595151063 0.0 
0.0 0.0 0.19447060897002855 0.0 0.0 0.22361532830142772 0.0 0.14064905074996045 0.32801366642097235 0.1051943983222313 0.0 
0.0 0.0 0.19012955538111123 0.0 0.0 0.1293306782797598 0.0 0.30966151195912334 0.35 0.0 0.0 
0.0 0.0 0.17019064522444266 0.0 0.0 0.0 0.1298093383511555 0.35 0.35 0.0 0.0 
0.0 0.0 0.1892855324197573 0.0 0.0 0.22900771217526023 0.0 0.17015865517057308 0.30177133899639563 0.10977676123801382 0.0 
0.0 0.0 0.19665967979031665 0.0 0.0 0.2613388074110623 0.0 0.12833036130979555 0.27293902396233105 0.1208004017112549 0.0 
0.0 0.0 0.2119702587680215 0.0 0.0 0.13120819584883667 0.0 0.30013047076997074 0.3462163474847006 0.0 0.0 
0.0 0.0 0.17162108340767865 0.0 0.0 0.25779126420354975 0.0 0.16551263105123468 0.30299808931928757 0.10207693201824944 0.0 
0.0 0.0 0.1665362357775163 0.0 0.0 0.2776545999854253 0.0 0.11433662895011579 0.2591210822437245 0.11311847213568377 0.0 
0.0 0.0 0.1957572524231846 0.0 0.0 0.0 0.0 0.3401319129710249 0.35 0.1080916442094882 0.0 
0.0 0.0 0.19573396167175208 0.0 0.0 0.15591792714175431 0.0 0.22307042510356687 0.31642789665380905 0.10046031961934725 0.0 
0.0 0.0 0.1223048984608047 0.0 0.12027436693685079 0.22506819164049907 0.10435208108845054 0.12439582295617585 0.12150317926432157 0.1821014596528975 0.0 
0.0 0.0 0.1908485840255787 0.0 0.0 0.26399871971971867 0.0 0.1319885101779439 0.3098137583995178 0.10335042767724097 0.0 
0.0 0.13195455083150445 0.0 0.0 0.0 0.0 0.1662500421808671 0.35 0.35 0.0 0.0 
0.0 0.10806185149574035 0.0 0.0 0.0 0.0 0.18826386148989777 0.35 0.35 0.0 0.0 
0.0 0.0 0.0 0.0 0.0 0.0 0.1793730245283591 0.34591438474674596 0.35 0.11634155768149586 0.0 
0.0 0.0 0.1796777050534078 0.0 0.0 0.2585126071773774 0.0 0.14168467438716711 0.3084171690164161 0.11170784436563148 0.0 
0.0 0.0 0.2093502666507143 0.0 0.0 0.0 0.0 0.3343292075994978 0.3420489938251119 0.10572874729602307 0.0 
0.0 0.0 0.12500046369277376 0.0 0.11483755391568336 0.2548852818003727 0.10167129842278551 0.10862163339666119 0.1252913995625328 0.16969236920919079 0.0 
0.0 0.0 0.16670239717836782 0.0 0.0 0.19397371151978046 0.0 0.19361336462832468 0.317740754747629 0.10217045069274074 0.0 
0.0 0.0 0.12580426201130662 0.0 0.11952768125932602 0.22388159464494473 0.10360138995665086 0.14362195547728465 0.10977143602929458 0.17379168062119268 0.0 
0.0 0.0 0.18958322373557449 0.0 0.0 0.12605680779928988 0.0 0.2302854347132116 0.3315963212397864 0.10891678718500213 0.0 
0.0 0.0 0.17701963776889978 0.0 0.0 0.26378769034868127 0.0 0.12151971899716486 0.260220143465232 0.12023924324302246 0.0 
0.0 0.2955571297650918 0.0 0.0 0.0 0.0 0.0 0.35 0.35 0.0 0.0 
0.0 0.0 0.1779051595576785 0.0 0.0 0.21733053333091265 0.0 0.16328862970911526 0.3361310688750868 0.10534460852720681 0.0 
0.0 0.0 0.18830498569185014 0.0 0.0 0.11560646989796743 0.0 0.34623651054356835 0.3494244328491373 0.0 0.0 
0.0 0.0 0.20809551577303517 0.0 0.0 0.1180157479817828 0.0 0.3316564468744735 0.3422322893707085 0.0 0.0 
0.0 0.0 0.21873904970477134 0.0 0.0 0.0 0.0 0.3331211936075124 0.3401838213602188 0.10519729567656365 0.0 
0.0 0.0 0.17918690428219466 0.0 0.0 0.10826094288978537 0.0 0.2514154946724897 0.35 0.10429129439318979 0.0 
0.0 0.0 0.1885792564840208 0.0 0.0 0.129873850786913 0.0 0.3358347145212115 0.3457121782078548 0.0 0.0 
0.0 0.16545323564611356 0.0 0.0 0.0 0.0 0.13563474786233692 0.34945343397572953 0.34945858251582007 0.0 0.0 
0.0 0.0 0.16877773995853146 0.0 0.0 0.28213903608504765 0.0 0.11619251617918758 0.26259710090840893 0.11494546351276168 0.0 
0.0 0.0 0.1267760979553386 0.0 0.1205923946042944 0.22566331355904354 0.10452423712713015 0.14474464999166453 0.1023595469043565 0.17533975985817218 0.0 
0.0 0.0 0.17548079530487934 0.0 0.0 0.12996688403715728 0.0 0.23742511890681295 0.35 0.10252510112885173 0.0 
0.0 0.0 0.12857589782120304 0.0 0.1829800001626454 0.26181946359104613 0.11268204362444978 0.10987186391859591 0.0 0.20407073088205963 0.0 
0.0 0.0 0.1816523185449095 0.0 0.0 0.10610117216181957 0.0 0.2675236678476143 0.3430202794646353 0.1017025619810213 0.0 
0.0 0.0 0.12922187219859482 0.0 0.12291887236636968 0.23001682757984102 0.10654072675794052 0.12739578157384493 0.10433427516471239 0.17872242800616112 0.0 
0.0 0.0 0.18291598390689814 0.0 0.0 0.11869853357453986 0.0 0.24286226381018708 0.3493870006823371 0.1033008624971186 0.0 
0.0 0.0 0.19916707908843231 0.0 0.0 0.12849080280831024 0.0 0.3245827696350378 0.34657326618196055 0.0 0.0 
0.0 0.0 0.17572905472021594 0.0 0.0 0.1205217252868055 0.0 0.2465925918375569 0.35 0.1022811992978282 0.0 
0.0 0.0 0.18719260757491515 0.0 0.0 0.16088635548116142 0.0 0.23017871240628685 0.31808077008832086 0.10366155444931566 0.0 
0.0 0.0 0.19356722761460196 0.0 0.0 0.13245760965039724 0.0 0.3152604036164926 0.35 0.0 0.0 
0.0 0.0 0.19333942718194405 0.0 0.0 0.0 0.0 0.34995199182242637 0.34995199182242637 0.10675658917320317 0.0 
0.0 0.0 0.16886194055139875 0.0 0.0 0.1043067585371467 0.0 0.2714073771784831 0.3443532613696978 0.10190856390646581 0.0 
0.0 0.0 0.18271616743086488 0.0 0.0 0.2725275857651683 0.0 0.12554594794542337 0.26884183781398324 0.1242230470722022 0.0 
0.0 0.0 0.0 0.0 0.0 0.0 0.1778200883684079 0.3416563412222057 0.35 0.11517508797188546 0.0 
0.0 0.0 0.12428479012795358 0.0 0.16166308966516046 0.2530814688852241 0.10892137935936065 0.10918595276382548 0.0 0.1972600494239159 0.0 
0.0 0.0 0.17289769711483718 0.0 0.0 0.2697427770789735 0.0 0.1332117015383997 0.3175627812145251 0.10658504305326451 0.0 
0.0 0.0 0.20068998876395736 0.0 0.0 0.12199533566467174 0.0 0.29556089525582835 0.35 0.0 0.0 
0.0 0.0 0.18705486635168006 0.0 0.0 0.16071522902627727 0.0 0.23091917794752384 0.31773804146243373 0.10357268521208511 0.0 
0.0 0.0 0.1890404797882372 0.0 0.0 0.18034786088268806 0.0 0.20542549076858319 0.32437245702635037 0.10081371153414118 0.0 
0.0 0.0 0.17041810971591032 0.0 0.0 0.10526801102989686 0.0 0.273908567144718 0.3475266936143628 0.10284771552484145 0.0 
0.0 0.2987611756201958 0.0 0.0 0.0 0.0 0.0 0.35 0.35 0.0 0.0 
0.0 0.0 0.17487017197883456 0.0 0.0 0.291549208035606 0.0 0.12005835171330502 0.27171846357779295 0.11877923494545937 0.0 
0.0 0.0 0.0 0.0 0.0 0.0 0.18528897259266683 0.3374136070144328 0.35 0.1149929639109572 0.0 
0.0 0.28559343177072233 0.0 0.0 0.0 0.0 0.0 0.35 0.35 0.0 0.0 
0.0 0.0 0.20027002171034067 0.0 0.0 0.11924709307186165 0.0 0.22814683923278242 0.35 0.10175527656279826 0.0 
0.0 0.13219188907285367 0.0 0.0 0.0 0.0 0.1665490655369151 0.35 0.35 0.0 0.0 
0.0 0.2916074083478588 0.0 0.0 0.0 0.0 0.0 0.35 0.35 0.0 0.0 
0.0 0.0 0.1897336718102823 0.0 0.0 0.0 0.0 0.34343454131907086 0.35 0.11017297790434318 0.0 
0.0 0.10583044761557615 0.0 0.0 0.0 0.0 0.17830188540248207 0.35 0.35 0.0 0.0 
0.0 0.0 0.2022598589172107 0.0 0.0 0.11760543607477779 0.0 0.22573217959908912 0.34658785073401954 0.10274059261952118 0.0 
0.0 0.0 0.18934370183212473 0.0 0.0 0.10326921684054616 0.0 0.2663781814127941 0.3273574165193824 0.11365148339515259 0.0 
0.0 0.0 0.17770865899504606 0.0 0.0 0.1634807808097887 0.0 0.20054030478921778 0.35 0.10382673615813684 0.0 
0.0 0.0 0.18533513374903077 0.0 0.0 0.22831877841496742 0.0 0.18511785720588808 0.30086350728475325 0.10036472334536047 0.0 
0.0 0.0 0.0 0.0 0.0 0.0 0.18493163076331862 0.3367628829379246 0.34252872305238596 0.11589696978588661 0.0 
0.0 0.0 0.16944417286732272 0.0 0.0 0.0 0.11493166160999038 0.35 0.34936953299052154 0.0 0.0 
0.0 0.0 0.18170999634096308 0.0 0.0 0.20270122188131073 0.0 0.17140790739330541 0.3386402980317208 0.10554057635270006 0.0 
0.0 0.29250129782650236 0.0 0.0 0.0 0.0 0.0 0.35 0.35 0.0 0.0 
0.0 0.0 0.1810971406123568 0.0 0.0 0.12979203910716888 0.0 0.23554472104269264 0.3414219624113799 0.1121441368264017 0.0 
0.0 0.0 0.18819528518757495 0.0 0.0 0.21639954080920368 0.0 0.18797691386580903 0.3055102000847512 0.1019180600526611 0.0 
0.0 0.0 0.1825340571027478 0.0 0.0 0.1622862773271849 0.0 0.19801474304179448 0.34413097728765946 0.11303394524061322 0.0 
0.0 0.0 0.20252954665371845 0.0 0.0 0.1130471491617936 0.0 0.341717741718564 0.34270556246592393 0.0 0.0 
0.0 0.0 0.12732472599887845 0.0 0.16561727766171025 0.25927169887827867 0.11158553486772373 0.1112841464697333 0.0 0.20208491897977077 0.0 
0.0 0.0 0.18853024659585632 0.0 0.0 0.10826037931975899 0.0 0.2662692030085139 0.32595102907674595 0.11098914199912467 0.0 
0.0 0.0 0.11820301184957265 0.0 0.1537522337500537 0.2513609123270456 0.10359139748179495 0.1011231843073789 0.0 0.2013236521763317 0.0 
0.0 0.0 0.18391460176100802 0.0 0.0 0.2140017090941653 0.0 0.19928504321207668 0.29856107567471907 0.10423757025803103 0.0 
0.0 0.0 0.19462886176766675 0.0 0.0 0.0 0.0 0.34852566512769956 0.35 0.10269124845624075 0.0 
0.0 0.0 0.12163964358842012 0.0 0.15819943160619654 0.24769796690070162 0.1099805073833303 0.10769647941289277 0.0 0.19306177434468305 0.0 
0.0 0.0 0.17213392343720307 0.0 0.0 0.0 0.11674446279960558 0.35 0.35 0.0 0.0 
0.0 0.0 0.12111346588548917 0.0 0.15753799861549136 0.26978863444069373 0.1061420769963814 0.10349499764710618 0.0 0.1922266452868228 0.0 
0.0 0.0 0.12479958875377294 0.0 0.10757397676372403 0.254408493419287 0.1012650581256713 0.11261745983760395 0.12991574843368853 0.16941967466625227 0.0 
0.0 0.0 0.19998642361077204 0.0 0.0 0.1297612521541034 0.0 0.3200753675171483 0.35 0.0 0.0 
