-0.013716700458084229 4.153849936859849E-4 
-0.005451677278140392 8.123956926853272E-5 
-0.005451677278140392 8.123956926853272E-5 
-0.013716700458084229 4.153849936859849E-4 
-0.013716700458084225 4.153849936859847E-4 
-0.01358625953171199 3.465136584468173E-4 
-0.0057085500504318425 8.724771032774581E-5 
-0.007133458558411835 8.852753247784756E-5 
-0.013418888459717351 3.3257783679349303E-4 
-0.013369830278665985 2.958762626635895E-4 
-0.012389362263577022 2.0089221238083223E-4 
-0.012390384463508833 2.2813701469199312E-4 
-0.012901854623415338 2.4301937276567412E-4 
-0.008091256111026294 9.738706325653984E-5 
-0.013049374095034781 2.478202104071797E-4 
-0.009900231795882397 1.309405653087543E-4 
-0.012627755796180765 2.3467645126081202E-4 
-0.013507848378336788 3.345768093225344E-4 
-0.009587565464753221 1.2149298351059752E-4 
-0.008247068819004992 9.929408807564088E-5 
-0.009274514055838491 1.1722760517931465E-4 
-0.01225747592435487 1.9578675221949596E-4 
-0.009185348469539271 1.1392462376076369E-4 
-0.007619370520604412 9.237694171597709E-5 
-0.007484396837362405 9.11496325734753E-5 
-0.01193388513958343 1.8545126038084766E-4 
-0.013559915390703323 3.400353696682762E-4 
-0.010051473038876439 1.334554863856676E-4 
-0.010792645917586543 1.5007868554211678E-4 
-0.012151444898850422 1.9308550087428236E-4 
-0.009476397134477068 1.1934364270049894E-4 
-0.011146583641120663 1.6184727452397046E-4 
-0.007275122684619989 8.962132929127592E-5 
-0.009669650263052647 1.2468537455266905E-4 
-0.01334985393174883 2.9113042962093595E-4 
-0.011066809729738222 1.5775460642730106E-4 
-0.009838265744679619 1.2680667211946716E-4 
-0.01324733334646299 2.704360288955343E-4 
-0.012317375832462913 1.986639468745714E-4 
-0.01029508513891928 1.382642813180161E-4 
-0.009382021714831643 1.1827079060345027E-4 
-0.0109046713903834 1.5346874274168118E-4 
-0.0073713449235423825 9.022456666107293E-5 
-0.008327680219132109 1.0072984302147106E-4 
-0.013222197797235019 2.662978323720548E-4 
-0.01327187462113609 2.7483185072631867E-4 
-0.007922389688698954 9.581492286165269E-5 
-0.012807604032742385 2.4020049173127038E-4 
-0.011494444914530734 1.7059483341772393E-4 
-0.010365750139121624 1.3972814068166E-4 
-0.011999254369658909 1.8694593301763995E-4 
-0.012709867457331152 2.371687864586399E-4 
-0.011838408318851294 1.8152238109667444E-4 
-0.009770948314339601 1.253780214967357E-4 
-0.005554515032726114 8.289096070923112E-5 
-0.013099645068492993 2.5139865834671157E-4 
-0.007788947139108061 9.431700441492039E-5 
-0.007720375987977009 9.38360612635812E-5 
-0.01250271049403184 2.3124203727567584E-4 
-0.008599195462992714 1.0435184579729335E-4 
-0.013297010056350821 2.796981673252497E-4 
-0.011015089805376365 1.5635502111703494E-4 
-0.008849094386913326 1.0804453293206072E-4 
-0.013325200392415859 2.8559423493536653E-4 
-0.01358625953171199 3.465136584468173E-4 
-0.008744969835995701 1.0635779056058353E-4 
-0.011347087005407767 1.6624106279919566E-4 
-0.01319763821744057 2.626103207430435E-4 
-0.008705373041007743 1.0576548199683444E-4 
-0.010549206649669154 1.4364147013351934E-4 
-0.010112860680518015 1.3401533776750274E-4 
-0.008547943255838594 1.0350284048984408E-4 
-0.01206310932649883 1.8937583451305142E-4 
-0.005606393710449561 8.390267147387461E-5 
-0.011617279453407448 1.7461880428046772E-4 
-0.01357574559053035 3.43628729463977E-4 
-0.00908475788272435 1.1263776061598752E-4 
-0.005674733145150287 8.568781493285275E-5 
-0.012410274446502629 2.301486076888635E-4 
-0.011773212993122555 1.7936815640402158E-4 
-0.01094128458532988 1.5426818432718887E-4 
-0.011694698830905001 1.7680911336359124E-4 
-0.010439523688146176 1.4160565064676435E-4 
-0.007133458558411835 8.852753247784756E-5 
-0.007892863582239663 9.56915110212666E-5 
-0.008421869393999505 1.0206852785548847E-4 
-0.010206224246588803 1.3585810898813467E-4 
-0.013369830278665985 2.958762626635895E-4 
-0.011574246973698714 1.7296112824559753E-4 
-0.011421812936074359 1.68233129037972E-4 
-0.013329800239332529 2.866002801329811E-4 
-0.008447951034421877 1.027448101416977E-4 
-0.010726482953559116 1.490404580208507E-4 
-0.01048412822871495 1.4197952969343742E-4 
-0.011232858614350909 1.6256995351011407E-4 
-0.008886105170018763 1.08982304891698E-4 
-0.00905512836147404 1.1169201800180495E-4 
-0.013135673771213822 2.5486986803381856E-4 
-0.013290541270373185 2.784105781927379E-4 
-0.013179307156777575 2.600872357646322E-4 
