0.0 0.30000000000000004 0.0 0.0 0.0 0.0 0.0 0.35 0.35 0.0 0.0 
0.0 0.10098894029879112 0.22379396280674435 0.0 0.0 0.32521709689446443 0.0 0.0 0.35 0.0 0.0 
0.0 0.30000000000000004 0.0 0.0 0.0 0.0 0.0 0.35 0.35 0.0 0.0 
0.0 0.2999999999999998 0.0 0.0 0.0 0.0 0.0 0.35 0.35 0.0 0.0 
0.0 0.19237311307633453 0.0 0.0 0.0 0.0 0.10762688692366551 0.35 0.35 0.0 0.0 
0.0 0.147614558473661 0.18279221595883835 0.0 0.0 0.31959322556750047 0.0 0.0 0.35 0.0 0.0 
0.0 0.0 0.25442218261167354 0.0 0.0 0.2945532668230726 0.0 0.10163598738140178 0.349388563183852 0.0 0.0 
0.0 0.13720528935555765 0.0 0.0 0.0 0.0 0.17124783700716983 0.34154687363727265 0.35 0.0 0.0 
0.0 0.1959793414084485 0.0 0.0 0.0 0.10402065859155152 0.0 0.35 0.35 0.0 0.0 
0.0 0.10817727070585813 0.0 0.0 0.0 0.2263013616692793 0.0 0.3155213676248627 0.35 0.0 0.0 
0.0 0.0 0.10009769565593218 0.0 0.0 0.1999023043440677 0.0 0.35 0.35 0.0 0.0 
0.0 0.0 0.13479647941941175 0.0 0.0 0.21257641640360644 0.0 0.3026271041769819 0.35 0.0 0.0 
0.0 0.13058149780637915 0.19056242233349457 0.0 0.0 0.3288560798601264 0.0 0.0 0.35 0.0 0.0 
0.0 0.10041153737137049 0.0 0.0 0.0 0.20278040902845562 0.0 0.3468080536001739 0.35 0.0 0.0 
0.0 0.1033069488487812 0.0 0.0 0.0 0.20935381486777263 0.0 0.33733923628344636 0.35 0.0 0.0 
0.0 0.1857784722029351 0.0 0.0 0.0 0.11422152779706489 0.0 0.35 0.35 0.0 0.0 
0.0 0.0 0.15208927384614104 0.0 0.0 0.23172982907213127 0.0 0.26618089708172776 0.35 0.0 0.0 
0.0 0.0 0.1304608893786144 0.0 0.0 0.21052992329975223 0.0 0.30900918732163357 0.35 0.0 0.0 
0.0 0.0 0.2149226438895803 0.0 0.0 0.27989850323861615 0.0 0.15517885287180364 0.35 0.0 0.0 
0.0 0.0 0.143456668512437 0.0 0.0 0.20953580526744728 0.0 0.29700752622011584 0.35 0.0 0.0 
0.0 0.0 0.19362108688768617 0.0 0.0 0.24243371576921582 0.0 0.21394519734309808 0.35 0.0 0.0 
0.0 0.1647494760041253 0.0 0.0 0.0 0.13525052399587478 0.0 0.35 0.35 0.0 0.0 
0.0 0.0 0.15766940131770008 0.0 0.0 0.22042247063830894 0.0 0.27234366868892407 0.34956445935506686 0.0 0.0 
0.0 0.0 0.11073640324146937 0.0 0.0 0.19415195008785607 0.0 0.3451116466706747 0.35 0.0 0.0 
0.0 0.0 0.20119426473573465 0.0 0.0 0.2661230578863854 0.0 0.18268267737787997 0.35 0.0 0.0 
0.0 0.0 0.20315701558528032 0.0 0.0 0.26849335545022895 0.0 0.1783496289644906 0.35 0.0 0.0 
0.0 0.0 0.20039154044245608 0.0 0.0 0.2863162396955854 0.0 0.16611034789344592 0.3471818719685124 0.0 0.0 
0.0 0.0 0.18899895609270434 0.0 0.0 0.2517021254736377 0.0 0.20929891843365814 0.35 0.0 0.0 
0.0 0.0 0.10601092455996254 0.0 0.0 0.20365262976787993 0.0 0.3403364456721577 0.35 0.0 0.0 
0.0 0.0 0.14178754295066645 0.0 0.0 0.2206487644400438 0.0 0.2875636926092897 0.35 0.0 0.0 
0.0 0.0 0.1537368936470362 0.0 0.0 0.21868876848001637 0.0 0.2775743378729472 0.35 0.0 0.0 
0.0 0.0 0.2515990041195404 0.0 0.0 0.2912847764770414 0.0 0.10711621940341823 0.35 0.0 0.0 
0.0 0.0 0.1244648599595842 0.0 0.0 0.1991978369550156 0.0 0.32633730308540015 0.35 0.0 0.0 
0.0 0.0 0.2450332077162047 0.0 0.0 0.2929857582356138 0.0 0.11198103404818163 0.35 0.0 0.0 
0.0 0.0 0.24104186092971203 0.0 0.0 0.2917426405861665 0.0 0.11737603399258537 0.3498394644915359 0.0 0.0 
0.0 0.0 0.12728440817932304 0.0 0.0 0.2012597711592978 0.0 0.32145582066137923 0.35 0.0 0.0 
0.0 0.0 0.17546104586546998 0.0 0.0 0.25666146479672836 0.0 0.21787748933780168 0.35 0.0 0.0 
0.0 0.17471723230522737 0.0 0.0 0.0 0.1252827676947727 0.0 0.35 0.35 0.0 0.0 
0.0 0.14716731489496607 0.0 0.0 0.0 0.1528326851050341 0.0 0.35 0.35 0.0 0.0 
0.0 0.13501350959939512 0.0 0.0 0.0 0.0 0.1658220326097194 0.3491644577908855 0.35 0.0 0.0 
0.0 0.0 0.1292442039743438 0.0 0.0 0.18834190924220698 0.0 0.3347841028960255 0.34762978388742377 0.0 0.0 
0.0 0.0 0.22888517971992153 0.0 0.0 0.27729250456091276 0.0 0.1438223157191657 0.35 0.0 0.0 
0.0 0.0 0.14665286965819538 0.0 0.0 0.22072099055057043 0.0 0.2826261397912343 0.35 0.0 0.0 
0.0 0.0 0.15681024316176329 0.0 0.0 0.24506518543988395 0.0 0.24812457139835273 0.35 0.0 0.0 
0.0 0.10196454089674448 0.0 0.0 0.0 0.1980354591032556 0.0 0.35 0.35 0.0 0.0 
0.0 0.10946110627361058 0.0 0.0 0.0 0.21305109355532575 0.0 0.3274878001710638 0.35 0.0 0.0 
0.0 0.0 0.14526539526286206 0.0 0.0 0.24634082161794324 0.0 0.2583937831191947 0.35 0.0 0.0 
0.0 0.11804894170093388 0.0 0.0 0.0 0.20261585448173583 0.0 0.3293352038173304 0.35 0.0 0.0 
0.0 0.0 0.14285906802348522 0.0 0.0 0.21640274061255083 0.0 0.2920740050041873 0.3486641863597768 0.0 0.0 
0.0 0.19198809482893 0.0 0.0 0.0 0.10801190517107 0.0 0.35 0.35 0.0 0.0 
0.0 0.0 0.1962911519123264 0.0 0.0 0.2599613349809475 0.0 0.19374751310672617 0.35 0.0 0.0 
0.0 0.0 0.2029597831055441 0.0 0.0 0.3023302248557499 0.0 0.144709992038706 0.35 0.0 0.0 
0.0 0.0 0.10253957331432004 0.0 0.0 0.21258016400875726 0.0 0.3348802626769227 0.35 0.0 0.0 
0.0 0.16832008383213612 0.0 0.0 0.0 0.0 0.13374161540699728 0.3489691503804333 0.3489691503804333 0.0 0.0 
0.0 0.0 0.16658799673311567 0.0 0.0 0.24848903908122308 0.0 0.2390510376117119 0.34587192657394933 0.0 0.0 
0.0 0.12098630403924208 0.0 0.0 0.0 0.21004956048430082 0.0 0.318964135476457 0.35 0.0 0.0 
0.0 0.11446675736366527 0.0 0.0 0.0 0.18553324263633464 0.0 0.35 0.35 0.0 0.0 
0.0 0.0 0.2141292628640636 0.0 0.0 0.2752219971494565 0.0 0.16064873998648005 0.35 0.0 0.0 
0.0 0.0 0.12228684790377736 0.0 0.0 0.2124614489368863 0.0 0.31525170315933637 0.35 0.0 0.0 
0.0 0.12385965654225604 0.0 0.0 0.0 0.17614034345774401 0.0 0.35 0.35 0.0 0.0 
0.0 0.0 0.16853596186422432 0.0 0.0 0.2383614397451281 0.0 0.24310259839064757 0.35 0.0 0.0 
0.0 0.0 0.16888280567449784 0.0 0.0 0.24905326510940815 0.0 0.23420783737915785 0.3478560918369363 0.0 0.0 
0.0 0.11581840841858808 0.0 0.0 0.0 0.21114885407334505 0.0 0.3230327375080669 0.35 0.0 0.0 
0.0 0.13026950887624036 0.0 0.0 0.0 0.0 0.17371584221920716 0.34601464890455247 0.35 0.0 0.0 
0.0 0.0 0.15176452797217468 0.0 0.0 0.24664654811875444 0.0 0.25158892390907084 0.35 0.0 0.0 
0.0 0.0 0.23338931968218313 0.0 0.0 0.2872567627538868 0.0 0.12935391756393003 0.35 0.0 0.0 
0.0 0.10898355001750692 0.0 0.0 0.0 0.22324980157033356 0.0 0.31776664841215946 0.35 0.0 0.0 
0.0 0.0 0.1564553110657974 0.0 0.0 0.2177046838123335 0.0 0.2758400051218691 0.35 0.0 0.0 
0.0 0.1716849149262343 0.0 0.0 0.0 0.0 0.12831508507376577 0.35 0.35 0.0 0.0 
0.0 0.1762112138277417 0.0 0.0 0.0 0.12635404233411945 0.0 0.35 0.34743474383813894 0.0 0.0 
0.0 0.0 0.20458798482194362 0.0 0.0 0.2893373563105899 0.0 0.16341771991865744 0.3426569389488091 0.0 0.0 
0.0 0.0 0.14987840465323057 0.0 0.0 0.21558344604975094 0.0 0.2845381492970186 0.35 0.0 0.0 
0.0 0.13247807074029946 0.0 0.0 0.0 0.1675219292597007 0.0 0.35 0.35 0.0 0.0 
0.0 0.0 0.1990199023042427 0.0 0.0 0.2635751993237946 0.0 0.1882356536887886 0.3491692446831741 0.0 0.0 
0.0 0.0 0.12895198849601164 0.0 0.0 0.2018603579147209 0.0 0.31978864974783267 0.3493990038414346 0.0 0.0 
0.0 0.0 0.23637791799764335 0.0 0.0 0.28921147513599693 0.0 0.12441060686635975 0.35 0.0 0.0 
0.0 0.0 0.1042104611235226 0.0 0.0 0.19784454572704682 0.0 0.3479449931494305 0.35 0.0 0.0 
0.0 0.0 0.2299919535670467 0.0 0.0 0.2989664508325859 0.0 0.12104159560036735 0.35 0.0 0.0 
0.0 0.18623113361121835 0.0 0.0 0.0 0.0 0.11376886638878157 0.35 0.35 0.0 0.0 
0.0 0.0 0.20979050665220744 0.0 0.0 0.3061007553224337 0.0 0.1341087380253588 0.35 0.0 0.0 
0.0 0.0 0.1298889517190026 0.0 0.0 0.22866939911901174 0.0 0.29244628146344853 0.34899536769853706 0.0 0.0 
0.0 0.19237311307633453 0.0 0.0 0.0 0.0 0.10762688692366551 0.35 0.35 0.0 0.0 
0.0 0.0 0.2004960981042153 0.0 0.0 0.24419790300713548 0.0 0.20530599888864928 0.35 0.0 0.0 
0.0 0.0 0.20568698656892023 0.0 0.0 0.2719204814745495 0.0 0.17239253195653034 0.35 0.0 0.0 
0.0 0.0 0.19439158578660382 0.0 0.0 0.26721812065275635 0.0 0.1883902935606399 0.35 0.0 0.0 
0.0 0.0 0.20955032557045541 0.0 0.0 0.26682593231609253 0.0 0.17362374211345202 0.35 0.0 0.0 
0.0 0.0 0.127991537492639 0.0 0.0 0.21108055745441268 0.0 0.3120067185544403 0.3489211864985079 0.0 0.0 
0.0 0.12403925120842178 0.0 0.0 0.0 0.1952937808715693 0.0 0.33066696792000877 0.35 0.0 0.0 
0.0 0.0 0.2029528391398888 0.0 0.0 0.2459652305913593 0.0 0.20108193026875196 0.35 0.0 0.0 
0.0 0.0 0.13095630042204498 0.0 0.0 0.20909011277970024 0.0 0.31572335230555765 0.34423023449269735 0.0 0.0 
0.0 0.0 0.18369562304980952 0.0 0.0 0.24540982741665185 0.0 0.22188767705496135 0.3490068724785773 0.0 0.0 
0.0 0.15729280970966555 0.0 0.0 0.0 0.14353586919874795 0.0 0.35 0.3491713210915866 0.0 0.0 
0.0 0.0 0.22267569008230184 0.0 0.0 0.27990383348754905 0.0 0.14742047643014913 0.35 0.0 0.0 
0.0 0.0 0.18531756916679298 0.0 0.0 0.24190236414210461 0.0 0.22564505799117943 0.34713500869992303 0.0 0.0 
0.0 0.0 0.17639998124427944 0.0 0.0 0.2433887318969563 0.0 0.2302112868587643 0.35 0.0 0.0 
0.0 0.1568595224502046 0.0 0.0 0.0 0.14314047754979548 0.0 0.35 0.35 0.0 0.0 
0.0 0.0 0.1740557415809051 0.0 0.0 0.2392835948364823 0.0 0.23666066358261262 0.35 0.0 0.0 
0.0 0.0 0.10807695510710734 0.0 0.0 0.21320478279594407 0.0 0.32904697003946126 0.3496712920574874 0.0 0.0 
0.0 0.0 0.19098842981050929 0.0 0.0 0.2554470129045808 0.0 0.20356455728490996 0.35 0.0 0.0 
0.0 0.0 0.1590623227676109 0.0 0.0 0.24727202509956125 0.0 0.2456220321070868 0.34804362002574085 0.0 0.0 
