0.0 0.30000000000000004 0.0 0.0 0.0 0.0 0.0 0.35 0.35 0.0 0.0 
0.0 0.0 0.14726210769072423 0.0 0.1026258781151327 0.18424004301261168 0.0 0.10319207426810538 0.3497778358295216 0.11290206108390424 0.0 
0.0 0.30000000000000004 0.0 0.0 0.0 0.0 0.0 0.35 0.35 0.0 0.0 
0.0 0.19564086916686343 0.0 0.0 0.0 0.0 0.10435913083313657 0.35 0.35 0.0 0.0 
0.0 0.2999999999999998 0.0 0.0 0.0 0.0 0.0 0.35 0.35 0.0 0.0 
0.0 0.12293256866882131 0.0 0.0 0.0 0.0 0.18110213669498126 0.34596529463619746 0.35 0.0 0.0 
0.0 0.19532388106849494 0.0 0.0 0.0 0.10467611893150525 0.0 0.35 0.35 0.0 0.0 
0.0 0.11672112900973763 0.0 0.0 0.0 0.21485449811661847 0.0 0.3184243728736439 0.35 0.0 0.0 
0.0 0.0 0.0 0.0 0.0 0.18917301171278864 0.0 0.35 0.35 0.11082698828721145 0.0 
0.0 0.0 0.11516344485673531 0.0 0.0 0.180810316468493 0.0 0.24779628163160963 0.35 0.10622995704316208 0.0 
0.0 0.0 0.10490483970821647 0.0 0.0 0.157869556124006 0.0 0.29229164121534 0.341090086855136 0.1038438760973015 0.0 
0.0 0.0 0.10148969663962118 0.0 0.0 0.13325312236560313 0.0 0.31693185679918323 0.34649290219516343 0.10183242200042898 0.0 
0.0 0.0 0.10077092442619386 0.0 0.0 0.10164505001751915 0.0 0.35 0.34152783050001434 0.10605619505627267 0.0 
0.0 0.0 0.1058483272172592 0.0 0.0 0.14027765185874477 0.0 0.2946390010320759 0.35 0.10923501989192017 0.0 
0.0 0.1565190512668133 0.0 0.0 0.0 0.14348094873318654 0.0 0.35 0.35 0.0 0.0 
0.0 0.0 0.10376550198006937 0.0 0.0 0.12028320723177527 0.0 0.3228410489796412 0.3484798047046124 0.1046304371039017 0.0 
0.0 0.1184480741378383 0.0 0.0 0.0 0.204488614691956 0.0 0.32706331117020576 0.35 0.0 0.0 
0.0 0.0 0.11432753811660312 0.0 0.10311154313772822 0.1522107812023046 0.0 0.18116339924215086 0.3437725730664991 0.10541416523471416 0.0 
0.0 0.17098862630607392 0.0 0.0 0.0 0.12901137369392626 0.0 0.35 0.35 0.0 0.0 
0.0 0.12145884624085611 0.0 0.0 0.0 0.19580605049432173 0.0 0.33273510326482214 0.35 0.0 0.0 
0.0 0.0 0.11844027133121071 0.0 0.0 0.19425729284713603 0.0 0.3373024358216533 0.35 0.0 0.0 
0.0 0.0 0.12600745789353446 0.0 0.0 0.1725895493122012 0.0 0.23393770979396183 0.35 0.11746528300030246 0.0 
0.0 0.0 0.1086829436062079 0.0 0.0 0.15736966724526197 0.0 0.2823206014678764 0.35 0.1016267876806538 0.0 
0.0 0.0 0.10411081235869425 0.0 0.10401580505406928 0.10729727443369629 0.0 0.24870199617460984 0.3341212712395962 0.1017528407393341 0.0 
0.0 0.0 0.11409775899614658 0.0 0.0 0.1749664238369947 0.0 0.2391589417775582 0.35 0.12177687538930054 0.0 
0.0 0.0 0.10156871569652837 0.0 0.0 0.1382023161234966 0.0 0.31279973113964077 0.3454624993591186 0.10196673768121577 0.0 
0.0 0.0 0.10187136509102394 0.0 0.1007951305789068 0.11867676766101787 0.0 0.22729753886908657 0.34619903045746503 0.10516016734249985 0.0 
0.0 0.0 0.11530532433585056 0.0 0.0 0.19453993014497092 0.0 0.34015474551917857 0.35 0.0 0.0 
0.0 0.0 0.11644312911808703 0.0 0.10040669613064311 0.15569518122439602 0.0 0.17061195097845017 0.34951981000732607 0.10732323254109763 0.0 
0.0 0.0 0.11413066466664087 0.0 0.0 0.17227033557179952 0.0 0.25414865206033993 0.35 0.10945034770121975 0.0 
0.0 0.15347807719221895 0.0 0.0 0.0 0.0 0.14652192280778112 0.35 0.35 0.0 0.0 
0.0 0.0 0.0 0.0 0.0 0.1850745645801168 0.0 0.34241722440507 0.35 0.12250821101481321 0.0 
0.0 0.0 0.10227877463385933 0.0 0.0 0.10710831716478365 0.0 0.3348188109214445 0.347328178025292 0.10846591925462053 0.0 
0.0 0.0 0.10269297350438511 0.0 0.0 0.1382331428533872 0.0 0.3065186023483098 0.35 0.10255528129391783 0.0 
0.0 0.0 0.10175195470857751 0.0 0.0 0.11987605397670567 0.0 0.3311157248182262 0.34518832232905006 0.10206794416744072 0.0 
0.0 0.0 0.1291563249666609 0.0 0.10110203788902399 0.17874500134662372 0.0 0.13692102188724772 0.3482808286921817 0.10579478521826202 0.0 
0.0 0.0 0.1122069841418258 0.0 0.10204611677621103 0.16463529483299266 0.0 0.16759384915700645 0.34709519648254966 0.10642255860941448 0.0 
0.0 0.11182345580077531 0.0 0.0 0.0 0.19928999311785703 0.0 0.3388865510813677 0.35 0.0 0.0 
0.0 0.0 0.10652389780827742 0.0 0.10394353162187242 0.1314133754761885 0.0 0.21563789676906434 0.3355739853908067 0.10690731293379074 0.0 
0.0 0.0 0.10253604421673641 0.0 0.10243249222499995 0.10174220383768481 0.0 0.23577334443096318 0.3449603894547586 0.112555525834857 0.0 
0.0 0.0 0.11947191432229265 0.0 0.10186560486731905 0.16147136309720472 0.0 0.1602315425763758 0.35 0.10695957513680784 0.0 
0.0 0.0 0.1495270990171892 0.0 0.10140825750931419 0.17928638733234653 0.0 0.11432733007105114 0.3493357077563757 0.10611521831372327 0.0 
0.0 0.0 0.11481257936045862 0.0 0.10302900676834977 0.14157639202418257 0.0 0.18351553354493638 0.35 0.10706648830207272 0.0 
0.0 0.0 0.10119558178856947 0.0 0.10356532661190147 0.1057330674450287 0.0 0.259239434820105 0.32901566915651864 0.10125092017787679 0.0 
0.0 0.0 0.10434331865967318 0.0 0.0 0.1467830317413163 0.0 0.301451947432009 0.3469806152636454 0.10044108690335625 0.0 
0.0 0.0 0.10205278096537271 0.0 0.10126293372420553 0.15055147171564143 0.0 0.1974240494801048 0.3431754140130605 0.105533350101615 0.0 
0.0 0.0 0.1492142048852528 0.0 0.10737899771929071 0.17898513532077454 0.0 0.10912963931492008 0.34909096531208317 0.10620105744767869 0.0 
0.0 0.0 0.1031252758272272 0.0 0.0 0.10976086833811521 0.0 0.33850632327297775 0.34734637865380596 0.10126115390787387 0.0 
0.0 0.1779361435371525 0.0 0.0 0.0 0.1220638564628475 0.0 0.35 0.35 0.0 0.0 
0.0 0.0 0.11079945072813194 0.0 0.0 0.1702998063905154 0.0 0.26178687255923605 0.3499999999999999 0.1071138703221166 0.0 
0.0 0.0 0.11144022687421383 0.0 0.0 0.17432862271309568 0.0 0.2576752884897671 0.3488278107665751 0.1077280511563482 0.0 
0.0 0.0 0.10563444426152138 0.0 0.0 0.11022655456976482 0.0 0.32555028099415206 0.35 0.10858872017456186 0.0 
0.0 0.0 0.11094444376953039 0.0 0.0 0.16800665859771732 0.0 0.2695190679060941 0.3477018192757986 0.10382801045085975 0.0 
0.0 0.0 0.10129466673071684 0.0 0.10022452483037425 0.11800493316409616 0.0 0.2260107973215426 0.3442391822407818 0.11022589571248836 0.0 
0.0 0.0 0.10807633573366567 0.0 0.0 0.1692317955856274 0.0 0.2729195784734531 0.34946646225859324 0.1003058279486605 0.0 
0.0 0.0 0.11402392765823768 0.0 0.1025284862999111 0.1303983086227789 0.0 0.1998694166083032 0.34722004658513567 0.10595981422563343 0.0 
0.0 0.17007014841261311 0.0 0.0 0.0 0.0 0.12992985158738696 0.35 0.35 0.0 0.0 
0.0 0.1850983005385769 0.0 0.0 0.0 0.11490169946142316 0.0 0.35 0.35 0.0 0.0 
0.0 0.0 0.0 0.0 0.0 0.18711140876745797 0.0 0.34618570839290097 0.34618570839290097 0.12051717444674016 0.0 
0.0 0.0 0.10254599719138727 0.0 0.10291152703934771 0.10936394925218072 0.0 0.24359901735630768 0.3319098017178762 0.10966970744290054 0.0 
0.0 0.0 0.13982286212402595 0.0 0.1027485595805873 0.18223615939042503 0.0 0.11908842570180722 0.3484278046707602 0.10767618853239436 0.0 
0.0 0.0 0.1163398056230237 0.0 0.0 0.18403930336643756 0.0 0.23731291192468137 0.35 0.11230797908585732 0.0 
0.0 0.0 0.1032432473157375 0.0 0.0 0.14342787353584044 0.0 0.30252068090578604 0.3494219852195015 0.10138621302313464 0.0 
0.0 0.0 0.13106650195469616 0.0 0.1021727754576527 0.16060745589806316 0.0 0.14862301047268817 0.35 0.10753025621689981 0.0 
0.0 0.0 0.12612640058330354 0.0 0.1046744985302229 0.18678214487638947 0.0 0.13038629742982633 0.3457140658251054 0.10631659275515241 0.0 
0.0 0.0 0.10036233956603653 0.0 0.0 0.1012329209358066 0.0 0.3485808932301717 0.34014307491045054 0.10968077135753462 0.0 
0.0 0.0 0.10947968107592553 0.0 0.0 0.16467584773202731 0.0 0.26601033856189726 0.34723337287264144 0.11260075975750837 0.0 
0.0 0.0 0.13256982604450976 0.0 0.10287130746062334 0.16576075958777906 0.0 0.14225851612097767 0.35 0.10653959078611017 0.0 
0.0 0.0 0.10679923096255105 0.0 0.0 0.15971826531591987 0.0 0.27909930940466887 0.3495751651048979 0.10480802921196243 0.0 
0.0 0.0 0.10466608410982772 0.0 0.0 0.16970382730131406 0.0 0.27711144314949143 0.3455281793182155 0.10299046612115126 0.0 
0.0 0.11299810043257558 0.0 0.0 0.0 0.19504790588593007 0.0 0.34353654883262974 0.3484174448488645 0.0 0.0 
0.0 0.0 0.12965254122962463 0.0 0.10023769314760018 0.15874892609308658 0.0 0.15488993339135135 0.35 0.10647090613833723 0.0 
0.0 0.19031952292482376 0.0 0.0 0.0 0.10968047707517634 0.0 0.35 0.35 0.0 0.0 
0.0 0.0 0.11159942444549202 0.0 0.10400452641289351 0.13522367052612377 0.0 0.1895147647830767 0.35 0.1096576138324141 0.0 
0.0 0.13527904900237436 0.0 0.0 0.0 0.1647209509976257 0.0 0.35 0.35 0.0 0.0 
0.0 0.0 0.10257397905338253 0.0 0.10248037420049805 0.11065998109453438 0.0 0.2548457158603869 0.329189135124041 0.10025081466715709 0.0 
0.0 0.0 0.13987249523144415 0.0 0.10270562330895905 0.1806499334212044 0.0 0.12255412079145894 0.3491369088208699 0.10508091842606368 0.0 
0.0 0.1133618971912032 0.0 0.0 0.0 0.21265966723700436 0.0 0.32397843557179246 0.35 0.0 0.0 
0.0 0.12293256866882131 0.0 0.0 0.0 0.0 0.18110213669498126 0.34596529463619746 0.35 0.0 0.0 
0.0 0.0 0.10391213485923602 0.0 0.10321846586357698 0.1298130317180191 0.0 0.21306074762982846 0.34994522160954333 0.10005039831979606 0.0 
0.0 0.0 0.0 0.0 0.0 0.17868306955404759 0.0 0.35 0.35 0.12131693044595243 0.0 
0.0 0.0 0.12830928224519247 0.0 0.10211242306870541 0.16535572244876748 0.0 0.15196291964348058 0.34640464746308075 0.10585500513077337 0.0 
0.0 0.0 0.14567338588856824 0.0 0.10205081420445514 0.17079617655587542 0.0 0.1283493304269317 0.3464998955176941 0.10663039740647545 0.0 
0.0 0.0 0.1099129025473625 0.0 0.10081980438777507 0.1333223071211446 0.0 0.20335165042647113 0.3493298878469051 0.10326344767034155 0.0 
0.0 0.19532388106849494 0.0 0.0 0.0 0.10467611893150525 0.0 0.35 0.35 0.0 0.0 
0.0 0.0 0.12007715294017471 0.0 0.1037513280394914 0.16229828145318984 0.0 0.1600241157559985 0.34432541849846776 0.10952370331267786 0.0 
0.0 0.12062498031199705 0.0 0.0 0.0 0.20824682292884183 0.0 0.3211281967591611 0.35 0.0 0.0 
0.0 0.0 0.10820546724890528 0.0 0.10101320489126278 0.1335780564898321 0.0 0.2037417356068219 0.35 0.10346153576317801 0.0 
0.0 0.1463977668220031 0.0 0.0 0.0 0.153602233177997 0.0 0.35 0.35 0.0 0.0 
0.0 0.12271883741564213 0.0 0.0 0.0 0.18534666646312406 0.0 0.34193449612123383 0.35 0.0 0.0 
0.0 0.0 0.10222547548928534 0.0 0.0 0.10505761170527808 0.0 0.34114605029657996 0.34931934153632843 0.10225152097252828 0.0 
0.0 0.0 0.10263957241795839 0.0 0.1023798289657208 0.1540656496190212 0.0 0.18710736777644726 0.34817741582944256 0.10563016539140976 0.0 
0.0 0.14611072797699615 0.0 0.0 0.0 0.15388927202300384 0.0 0.35 0.35 0.0 0.0 
0.0 0.0 0.103135804196231 0.0 0.100637509003967 0.12723364841823123 0.0 0.21920358991972286 0.34628242402185544 0.1035070244399925 0.0 
0.0 0.0 0.103135804196231 0.0 0.100637509003967 0.12723364841823123 0.0 0.21920358991972286 0.34628242402185544 0.1035070244399925 0.0 
0.0 0.0 0.12775940231753113 0.0 0.10288249297700768 0.17527978608116201 0.0 0.14186576191130915 0.3466211557336208 0.10559140097936923 0.0 
0.0 0.0 0.10308389145720033 0.0 0.10298982127893816 0.10623892313191538 0.0 0.25611259653301255 0.3308255893666364 0.10074917823229693 0.0 
0.0 0.0 0.1001518214246256 0.0 0.10145809258809572 0.12925869311561486 0.0 0.21524520539935688 0.34710825793859035 0.10677792953371659 0.0 
0.0 0.0 0.10222547548928532 0.0 0.0 0.10505761170527805 0.0 0.3411460502965799 0.3493193415363284 0.10225152097252825 0.0 
0.0 0.18874866600331336 0.0 0.0 0.0 0.0 0.11125133399668687 0.35 0.35 0.0 0.0 
