0.0 0.30000000000000004 0.0 0.0 0.0 0.0 0.0 0.35 0.35 0.0 0.0 
0.0 0.10007760060076774 0.23136014553341866 0.0 0.0 0.31856225386581366 0.0 0.0 0.35 0.0 0.0 
0.0 0.10007760060076774 0.23136014553341866 0.0 0.0 0.31856225386581366 0.0 0.0 0.35 0.0 0.0 
0.0 0.30000000000000004 0.0 0.0 0.0 0.0 0.0 0.35 0.35 0.0 0.0 
0.0 0.2999999999999998 0.0 0.0 0.0 0.0 0.0 0.35 0.35 0.0 0.0 
0.0 0.19950496782953273 0.0 0.0 0.0 0.0 0.10049503217046735 0.35 0.35 0.0 0.0 
0.0 0.14623967595152967 0.18829568129937407 0.0 0.0 0.3154646427490964 0.0 0.0 0.35 0.0 0.0 
0.0 0.0 0.2389336045833514 0.0 0.0 0.3104283527123751 0.0 0.10066869226952581 0.3499693504347478 0.0 0.0 
0.0 0.11785735715844446 0.0 0.0 0.0 0.0 0.1872256987979791 0.3449169440435765 0.35 0.0 0.0 
0.0 0.19731837105880487 0.0 0.0 0.0 0.10268162894119531 0.0 0.35 0.35 0.0 0.0 
0.0 0.10823450952609862 0.0 0.0 0.0 0.22545168746521674 0.0 0.3163138030086847 0.35 0.0 0.0 
0.0 0.0 0.10003095667242291 0.0 0.0 0.1999690433275771 0.0 0.35 0.35 0.0 0.0 
0.0 0.0 0.21123593012988637 0.0 0.0 0.29467613820477495 0.0 0.14408793166533876 0.35 0.0 0.0 
0.0 0.10883458680741008 0.0 0.0 0.0 0.214298764079492 0.0 0.326866649113098 0.35 0.0 0.0 
0.0 0.0 0.17912147891285965 0.0 0.0 0.23185945906088973 0.0 0.23901906202625067 0.35 0.0 0.0 
0.0 0.10612455130124986 0.0 0.0 0.0 0.2014816580397595 0.0 0.34509602163917535 0.34729776901981535 0.0 0.0 
0.0 0.0 0.10870782445544563 0.0 0.0 0.22366378375770868 0.0 0.3176283917868457 0.35 0.0 0.0 
0.0 0.0 0.23469307992768043 0.0 0.0 0.2780782111782296 0.0 0.13722870889408995 0.35 0.0 0.0 
0.0 0.13392502808191048 0.0 0.0 0.0 0.16607497191808948 0.0 0.35 0.35 0.0 0.0 
0.0 0.0 0.20785222140122814 0.0 0.0 0.2587744577531102 0.0 0.18337332084566182 0.35 0.0 0.0 
0.0 0.10996651966777805 0.0 0.0 0.0 0.22003007258153617 0.0 0.3200034077506858 0.35 0.0 0.0 
0.0 0.18781548193989941 0.0 0.0 0.0 0.11218451806010066 0.0 0.35 0.35 0.0 0.0 
0.0 0.14399522186280922 0.0 0.0 0.0 0.0 0.15600477813719077 0.35 0.35 0.0 0.0 
0.0 0.0 0.1978636481964372 0.0 0.0 0.2465433159425032 0.0 0.20559303586105968 0.35 0.0 0.0 
0.0 0.18346168902104568 0.0 0.0 0.0 0.1165383109789544 0.0 0.35 0.35 0.0 0.0 
0.0 0.0 0.12442601502751514 0.0 0.0 0.19929998798610804 0.0 0.32627399698637677 0.35 0.0 0.0 
0.0 0.10684151157912694 0.0 0.0 0.0 0.19315848842087296 0.0 0.35 0.35 0.0 0.0 
0.0 0.12140889300626166 0.0 0.0 0.0 0.2004139936791738 0.0 0.3281771133145647 0.35 0.0 0.0 
0.0 0.1503644497925126 0.0 0.0 0.0 0.14963555020748753 0.0 0.35 0.35 0.0 0.0 
0.0 0.0 0.14846939933747164 0.0 0.0 0.22595820259323707 0.0 0.27557239806929135 0.35 0.0 0.0 
0.0 0.0 0.20833402017469904 0.0 0.0 0.25002676930385753 0.0 0.19163921052144353 0.35 0.0 0.0 
0.0 0.0 0.13243506828706936 0.0 0.0 0.21853998356779683 0.0 0.29902494814513403 0.35 0.0 0.0 
0.0 0.16304669473847067 0.0 0.0 0.0 0.1369533052615292 0.0 0.35 0.35 0.0 0.0 
0.0 0.1852770191580351 0.0 0.0 0.0 0.0 0.11472298084196486 0.35 0.35 0.0 0.0 
0.0 0.0 0.13322057842478444 0.0 0.0 0.19910103108696936 0.0 0.31767839048824625 0.35 0.0 0.0 
0.0 0.0 0.1669931511718305 0.0 0.0 0.2388324243029733 0.0 0.24417442452519625 0.35 0.0 0.0 
0.0 0.0 0.10820514059737787 0.0 0.0 0.20424583259161178 0.0 0.3375490268110104 0.35 0.0 0.0 
0.0 0.0 0.18899401763639698 0.0 0.0 0.25056776416805726 0.0 0.2104382181955459 0.35 0.0 0.0 
0.0 0.0 0.18588338380741312 0.0 0.0 0.26871853698194126 0.0 0.19539807921064567 0.35 0.0 0.0 
0.0 0.0 0.19304768232273548 0.0 0.0 0.22205381994030707 0.0 0.23489849773695756 0.35 0.0 0.0 
0.0 0.0 0.2309413889489835 0.0 0.0 0.30568566951878384 0.0 0.11337294153223262 0.35 0.0 0.0 
0.0 0.17325388531044333 0.0 0.0 0.0 0.12674611468955665 0.0 0.35 0.35 0.0 0.0 
0.0 0.0 0.16914027030564782 0.0 0.0 0.2074611782798201 0.0 0.2733985514145323 0.35 0.0 0.0 
0.0 0.19950496782953273 0.0 0.0 0.0 0.0 0.10049503217046735 0.35 0.35 0.0 0.0 
0.0 0.0 0.24044809483389648 0.0 0.0 0.2860268596038832 0.0 0.12352504556222033 0.35 0.0 0.0 
0.0 0.0 0.11273259257632873 0.0 0.0 0.20229907267498246 0.0 0.33496833474868903 0.35 0.0 0.0 
0.0 0.14585552323234585 0.0 0.0 0.0 0.15414447676765416 0.0 0.35 0.35 0.0 0.0 
0.0 0.0 0.16396381093256393 0.0 0.0 0.2008953080131741 0.0 0.28514088105426216 0.35 0.0 0.0 
0.0 0.0 0.19208582757398296 0.0 0.0 0.2576118680581904 0.0 0.20030230436782678 0.35 0.0 0.0 
0.0 0.0 0.21741311021382995 0.0 0.0 0.27618249945718576 0.0 0.15640439032898437 0.35 0.0 0.0 
0.0 0.0 0.1257286327274265 0.0 0.0 0.22226296017403868 0.0 0.3020084070985348 0.35 0.0 0.0 
0.0 0.0 0.1580374908703818 0.0 0.0 0.24429012248653686 0.0 0.2476723866430814 0.35 0.0 0.0 
0.0 0.19731837105880487 0.0 0.0 0.0 0.10268162894119531 0.0 0.35 0.35 0.0 0.0 
0.0 0.0 0.20520750313200942 0.0 0.0 0.28594565643063685 0.0 0.15884684043735375 0.35 0.0 0.0 
0.0 0.0 0.11139336789601177 0.0 0.0 0.2072208587576983 0.0 0.3313857733462901 0.35 0.0 0.0 
0.0 0.0 0.19014809763204843 0.0 0.0 0.22811439556945926 0.0 0.23173750679849237 0.35 0.0 0.0 
0.0 0.0 0.149717587521828 0.0 0.0 0.25017874186259087 0.0 0.25010367061558114 0.35 0.0 0.0 
0.0 0.0 0.21539711688562863 0.0 0.0 0.2696455333011364 0.0 0.1649573498132351 0.35 0.0 0.0 
0.0 0.0 0.1272577914020721 0.0 0.0 0.2288269602835532 0.0 0.2939152483143748 0.35 0.0 0.0 
0.0 0.0 0.20993365942402084 0.0 0.0 0.26714645571904705 0.0 0.1729198848569321 0.35 0.0 0.0 
0.0 0.0 0.1420086415945974 0.0 0.0 0.21403512335374336 0.0 0.2939562350516593 0.35 0.0 0.0 
0.0 0.0 0.14364582268084483 0.0 0.0 0.1948671653308516 0.0 0.3114870119883034 0.35 0.0 0.0 
0.0 0.12166877970944891 0.0 0.0 0.0 0.17833122029055126 0.0 0.35 0.35 0.0 0.0 
0.0 0.0 0.16214739032710412 0.0 0.0 0.2282985460289457 0.0 0.2595540636439502 0.35 0.0 0.0 
0.0 0.0 0.15597290154174023 0.0 0.0 0.23928162486074694 0.0 0.2547454735975129 0.35 0.0 0.0 
0.0 0.0 0.10374057156793196 0.0 0.0 0.20574327618663263 0.0 0.34051615224543547 0.35 0.0 0.0 
0.0 0.11179525194436749 0.0 0.0 0.0 0.2035964473454735 0.0 0.33460830071015896 0.35 0.0 0.0 
0.0 0.0 0.21664602807419886 0.0 0.0 0.2560488428162166 0.0 0.17730512910958468 0.35 0.0 0.0 
0.0 0.0 0.18607180188160688 0.0 0.0 0.2508234918189087 0.0 0.21310470629948436 0.35 0.0 0.0 
0.0 0.0 0.14902374416568695 0.0 0.0 0.21225148644541736 0.0 0.2887247693888957 0.35 0.0 0.0 
0.0 0.0 0.24251182398568683 0.0 0.0 0.28848178430922283 0.0 0.11900639170509042 0.35 0.0 0.0 
0.0 0.0 0.14825345042715674 0.0 0.0 0.23544107196882413 0.0 0.26630547760401924 0.35 0.0 0.0 
0.0 0.0 0.1389578486222975 0.0 0.0 0.23299587718058956 0.0 0.2780462741971129 0.35 0.0 0.0 
0.0 0.0 0.19847579893208891 0.0 0.0 0.25936397858158045 0.0 0.19216022248633075 0.35 0.0 0.0 
0.0 0.0 0.15905672237355797 0.0 0.0 0.22788262138465973 0.0 0.26341585051091293 0.34964480573086926 0.0 0.0 
0.0 0.0 0.20910152577462254 0.0 0.0 0.2603298323342154 0.0 0.18056864189116206 0.35 0.0 0.0 
0.0 0.1706133367792728 0.0 0.0 0.0 0.0 0.12938666322072717 0.35 0.35 0.0 0.0 
0.0 0.0 0.10974028851998822 0.0 0.0 0.19407998159553383 0.0 0.3461797298844779 0.35 0.0 0.0 
0.0 0.0 0.18638706796701168 0.0 0.0 0.24126422479908435 0.0 0.22234870723390404 0.35 0.0 0.0 
0.0 0.11439575381265746 0.20799079629275766 0.0 0.0 0.32761344989458496 0.0 0.0 0.35 0.0 0.0 
0.0 0.0 0.22887140949674128 0.0 0.0 0.2941698640616816 0.0 0.12734718580813378 0.34961154063344335 0.0 0.0 
0.0 0.0 0.18710059298610102 0.0 0.0 0.24560646707668862 0.0 0.21729293993721022 0.35 0.0 0.0 
0.0 0.0 0.11829009302173941 0.0 0.0 0.18170990697826067 0.0 0.35 0.35 0.0 0.0 
0.0 0.0 0.23970489086672192 0.0 0.0 0.3024240670911789 0.0 0.1078710420420991 0.35 0.0 0.0 
0.0 0.126238819772315 0.19808241124746417 0.0 0.0 0.32567876898022097 0.0 0.0 0.35 0.0 0.0 
0.0 0.0 0.1449772914081385 0.0 0.0 0.21440251226170556 0.0 0.290620196330156 0.35 0.0 0.0 
0.0 0.1117762791203122 0.21976344142987253 0.0 0.0 0.3188686595802955 0.0 0.0 0.3495916198695197 0.0 0.0 
0.0 0.0 0.13988681291124555 0.0 0.0 0.19572254456254518 0.0 0.31439064252620935 0.35 0.0 0.0 
0.0 0.0 0.21459657005989383 0.0 0.0 0.2855104706953365 0.0 0.14989295924476972 0.35 0.0 0.0 
0.0 0.0 0.1031593469843506 0.0 0.0 0.20637521093544828 0.0 0.34329193700575844 0.3471735050744427 0.0 0.0 
0.0 0.1616501332488279 0.0 0.0 0.0 0.0 0.13834986675117222 0.35 0.35 0.0 0.0 
0.0 0.0 0.1511013080884819 0.0 0.0 0.25635605673586676 0.0 0.24254263517565136 0.35 0.0 0.0 
0.0 0.0 0.23982238070547146 0.0 0.0 0.3025722983381428 0.0 0.10760532095638575 0.35 0.0 0.0 
0.0 0.11125492129059461 0.0 0.0 0.0 0.2020435325022636 0.0 0.3367015462071418 0.35 0.0 0.0 
0.0 0.0 0.19013311434121172 0.0 0.0 0.2404116558775179 0.0 0.21945522978127047 0.35 0.0 0.0 
0.0 0.0 0.213645224241625 0.0 0.0 0.2851735918575819 0.0 0.1511811839007932 0.35 0.0 0.0 
0.0 0.0 0.2389336045833514 0.0 0.0 0.3104283527123751 0.0 0.10066869226952581 0.3499693504347478 0.0 0.0 
0.0 0.16607290275598593 0.0 0.0 0.0 0.13392709724401408 0.0 0.35 0.35 0.0 0.0 
0.0 0.0 0.19550363667706033 0.0 0.0 0.22894512904468878 0.0 0.22555123427825083 0.35 0.0 0.0 
0.0 0.0 0.15073614392963164 0.0 0.0 0.23270503395876688 0.0 0.26901236577791987 0.34754645633368153 0.0 0.0 
