-0.010175008133170203 0.0068842680850799125 
-8.760532442120654E-4 5.384597223764186E-5 
-0.010175008133170203 0.0068842680850799125 
-0.0026109557128479975 7.8726570130992E-5 
-0.009855645416023334 0.005056701900540746 
-0.0017939223134297052 6.730352236935506E-5 
-0.009897571680993856 0.005278591333245167 
-0.003243576653765213 1.0069942450791319E-4 
-0.009548422120718257 0.004250315479956725 
-0.009626671751215322 0.004596106787297815 
-0.004406925375114174 1.3903449252020248E-4 
-0.007994185543928223 6.757757064180954E-4 
-0.008394685383347906 8.790362976567087E-4 
-0.005315127809192945 1.86757413868552E-4 
-0.00900483858913946 0.0020709968361229173 
-0.008275780292360138 7.567265374031791E-4 
-0.009197810448428824 0.0028300902579836552 
-0.010115204189325325 0.006517969579259809 
-0.00875155898831464 0.001477728413640005 
-0.00909328107635335 0.0024067002787185325 
-0.0036250472204989773 1.1113521932945304E-4 
-0.009067557200624103 0.0022642167211392866 
-0.00779439030694058 6.562524394941459E-4 
-0.008808882757865795 0.0015995393249810463 
-0.005418526430064807 2.054591736611509E-4 
-0.0034438512207269445 1.0487942520439293E-4 
-0.010086514453346256 0.006390389638428544 
-0.001046840707323797 5.5415960661993196E-5 
-0.008183456587015905 7.115224877726824E-4 
-0.0029381790446616797 8.800069553052102E-5 
-0.0047570524528812354 1.5032511575896023E-4 
-0.009796351347235038 0.004752201365376845 
-0.00567934655561921 2.121549884411031E-4 
-0.009157287008523553 0.0026271094332346212 
-0.005018703188515186 1.6883735059104732E-4 
-0.0021579364256735737 7.122777412591403E-5 
-0.0068840138026011214 3.304695722566162E-4 
-0.001998106873181672 7.055057964752E-5 
-0.008580654063993828 0.0011539568535568704 
-0.010025874353106413 0.005991481338553825 
-0.010139809089525017 0.006667331477431784 
-0.009486489897234785 0.004046829062720032 
-0.007586694179969712 6.270454121551387E-4 
-0.00869816476440561 0.0013701048991303986 
-0.009477805359701597 0.0039107200200300726 
-0.00945838536228204 0.003801535749253105 
-0.008515101646759886 0.0011163759060318595 
-0.008937049761569811 0.001896369606808526 
-0.009016775121034026 0.0021654343701277548 
-0.0029871817269012117 8.830355200972066E-5 
-0.010052810913590192 0.006147632968795714 
-0.0014874728550628808 6.210929892423915E-5 
-0.007119837441940241 3.6220925096987525E-4 
-0.003888568075744013 1.2536077741763453E-4 
-0.007265907943466472 4.6454171516832263E-4 
-0.009094866326115392 0.0025502481188843695 
-0.009316679319052862 0.003188567829562237 
-0.009356780744183632 0.0033407052649615534 
-0.010140126232375188 0.006762077188773439 
-0.009611174401114045 0.004540428617913533 
-0.00994347334052004 0.005527770833854372 
-0.009829880991362403 0.004923051061552164 
-0.009586629029359361 0.004406279904293602 
-0.009994879538309505 0.005814588001025584 
-0.009389894244676027 0.003538851774805994 
-0.003834765909294974 1.1854105114822003E-4 
-0.0088473950123432 0.0017009384876270166 
-0.009433157583188185 0.0036924393348651734 
-0.0062014392231417356 2.445778317575528E-4 
-0.006565749371222844 2.7855062558159913E-4 
-0.009915835913403847 0.005376956990186803 
-0.008474005141346927 9.821784371157765E-4 
-0.004975053055977863 1.630614691919876E-4 
-0.009819647221925652 0.004870535425605972 
-0.00869816476440561 0.0013701048991303986 
-0.009232132386932598 0.0029910469213793598 
-0.009222880106347408 0.0028957695059244003 
-0.0023636499386977513 7.534657272180952E-5 
-0.007057688724446532 3.447844468435498E-4 
-0.004131364544363328 1.2719741007445043E-4 
-0.007626705229889579 6.484282794421893E-4 
-0.00935678074418363 0.003340705264961551 
-0.010035567823003272 0.006047415363098066 
-0.007467910950736852 4.74923429854749E-4 
-0.004776015448188587 1.51111547481259E-4 
-0.005994954268498109 2.274396310622522E-4 
-0.009929755474121366 0.0054526181572403755 
-0.006241548284524074 2.480421657438266E-4 
-0.001263761409915431 5.7706362757573376E-5 
-0.008877991872088308 0.0017554295041968663 
-0.00127252538679233 5.821777110953468E-5 
-0.0059579113708634075 2.2607450949997145E-4 
-0.008907381955852974 0.0018246785679478998 
-0.0014851417344182512 6.210114924001932E-5 
-0.008459737336544926 9.60957576792823E-4 
-0.009964741705556692 0.005645442290967724 
-0.007284882927365103 4.6539409868765575E-4 
-0.0023636499386977513 7.534657272180952E-5 
-0.00674882035380275 2.998726301924456E-4 
-0.009988406055275456 0.005778018671588993 
