0.3000000000000002 0.0 0.0 0.0 0.0 0.0 0.0 0.35 0.35 0.0 0.0 
0.22153724545147144 0.0 0.0 0.12168266976129406 0.0 0.0 0.20665813816136722 0.0 0.10634845579766543 0.22661918138935178 0.11715430943885 
0.29999999999999993 0.0 0.0 0.0 0.0 0.0 0.0 0.35 0.35 0.0 0.0 
0.2761977450716819 0.0 0.0 0.11568246041552792 0.0 0.0 0.11824994089647038 0.10108327490360595 0.11845588695829647 0.1336016104344768 0.13672908131994072 
0.2562533719332309 0.0 0.0 0.10113070833462226 0.0 0.0 0.18418365765080216 0.0 0.16917483017660873 0.17492504721044008 0.11433238469429587 
0.25369083881070464 0.0 0.0 0.0 0.0 0.0 0.0 0.35 0.2928177072359517 0.0 0.10349145395334372 
0.30366168516292585 0.0 0.0 0.10766486079774222 0.0 0.0 0.11437098175745518 0.11782227980412431 0.11268744082596485 0.11313657300267901 0.13065617864910867 
0.28528143073014794 0.0 0.0 0.1046544357640627 0.0 0.0 0.10706024366338385 0.1408899692233895 0.10455970466841542 0.13288283149027788 0.12467138446032268 
0.23423320558694494 0.0 0.0 0.10371867092000008 0.0 0.0 0.0 0.3491161691380686 0.3129319543549864 0.0 0.0 
0.26414164996312806 0.0 0.0 0.11676292874182514 0.0 0.0 0.0 0.35 0.2690954212950469 0.0 0.0 
0.33276425401476717 0.0 0.0 0.10779998489200543 0.0 0.0 0.10025929200598542 0.19286644364742464 0.13771647930099318 0.0 0.12859354613882423 
0.3367637501931052 0.0 0.0 0.10151033236809599 0.0 0.0 0.0 0.30476436856197714 0.13698231817152517 0.0 0.1199792307052964 
0.24174887562128392 0.0 0.0 0.0 0.0 0.0 0.0 0.35 0.3025805861030269 0.0 0.10567053827568923 
0.33476451021483317 0.0 0.0 0.10291580596068463 0.0 0.0 0.0 0.2813012896281197 0.14306020366459293 0.0 0.13795819053176958 
0.29525049537697595 0.0 0.0 0.0 0.0 0.0 0.0 0.35 0.24704274711250612 0.0 0.10770675751051802 
0.35 0.0 0.0 0.0 0.0 0.0 0.0 0.3278568434718715 0.19436915664122295 0.0 0.1277739998869055 
0.28670309239360164 0.0 0.0 0.11587744182027318 0.0 0.0 0.0 0.34011227436950103 0.15112935454621765 0.0 0.1061778368704065 
0.32802434459963964 0.0 0.0 0.10265077626553377 0.0 0.0 0.0 0.2884383298546354 0.15399396122728673 0.0 0.1268925880529045 
0.2607840336366845 0.0 0.0 0.10344740776274085 0.0 0.0 0.0 0.35 0.2857685586005747 0.0 0.0 
0.30634172623398337 0.0 0.0 0.10109674269076024 0.0 0.0 0.0 0.3374358667254787 0.14102322872630432 0.0 0.11410243562347325 
0.2385335292906439 0.0 0.0 0.0 0.0 0.0 0.0 0.34748209219273934 0.31218434122832545 0.0 0.10180003728829125 
0.2264240974424049 0.0 0.0 0.10228508918846395 0.0 0.0 0.0 0.34748297092903796 0.32380784244009325 0.0 0.0 
0.2878755535768891 0.0 0.0 0.0 0.0 0.0 0.0 0.3373473121020405 0.27190873964345574 0.0 0.10286839467761465 
0.2507024502196779 0.0 0.0 0.1047842401804553 0.0 0.0 0.0 0.35 0.2945133095998668 0.0 0.0 
0.314973068818527 0.0 0.0 0.10885956344438943 0.0 0.0 0.0 0.29708153848293506 0.16581352235728208 0.0 0.11327230689686649 
0.27827725985572327 0.0 0.0 0.11655344285829168 0.0 0.0 0.11914025410392402 0.10184433891782091 0.11934775075002506 0.13460750758254414 0.13022944593167096 
0.32454307751181316 0.0 0.0 0.0 0.0 0.0 0.0 0.34369903261613804 0.23026179518540418 0.0 0.10149609468664456 
0.26843424128208115 0.0 0.0 0.0 0.0 0.0 0.0 0.3484540998626577 0.27930176119557615 0.0 0.10380989765968501 
0.2440161022154869 0.0 0.0 0.1006327601344893 0.0 0.0 0.0 0.35 0.3053511376500239 0.0 0.0 
0.2619329849748761 0.0 0.0 0.0 0.0 0.0 0.0 0.35 0.2852881306680861 0.0 0.10277888435703784 
0.27683873047000485 0.0 0.0 0.0 0.0 0.0 0.0 0.3450030541341949 0.2759419562070913 0.0 0.10221625918870895 
0.2713411881445423 0.0 0.0 0.10965960593018033 0.0 0.0 0.10532891705069902 0.1472945899496093 0.1225697797628775 0.11951609240836618 0.12428982675372537 
0.28023207438730174 0.0 0.0 0.10755382543618278 0.0 0.0 0.0 0.35 0.1522072699909763 0.0 0.11000683018553918 
0.35 0.0 0.0 0.10531808371307481 0.0 0.0 0.10526709707475691 0.15393796714253477 0.14593480306918286 0.0 0.1395420490004507 
0.31680580468761116 0.0 0.0 0.0 0.0 0.0 0.0 0.3483596087911243 0.3348345865212645 0.0 0.0 
0.3163934854847821 0.0 0.0 0.0 0.0 0.0 0.0 0.35 0.23143123826663353 0.0 0.10217527624858434 
0.27538314462496377 0.0 0.0 0.10729207435966055 0.0 0.0 0.11584995432983695 0.1217565061935721 0.12603262111531538 0.1314674702113417 0.1222182291653096 
0.24129762188276602 0.0 0.0 0.10960739110718781 0.0 0.0 0.19566146801948672 0.0 0.1304439487328842 0.21888861255939432 0.10410095769828093 
0.3112249022847975 0.0 0.0 0.0 0.0 0.0 0.0 0.34601880351048986 0.24116712051558054 0.0 0.1015891736891322 
0.3250245739117337 0.0 0.0 0.1066609876634164 0.0 0.0 0.10055435954715228 0.21238175916886998 0.13557714235354634 0.0 0.11980117735528135 
0.3072357884357969 0.0 0.0 0.0 0.0 0.0 0.0 0.35 0.34276421156420317 0.0 0.0 
0.2488108168989129 0.0 0.0 0.10181352369922096 0.0 0.0 0.0 0.34946742938531894 0.2999082300165471 0.0 0.0 
0.35 0.0 0.0 0.0 0.0 0.0 0.0 0.2981674651469876 0.23102163701091388 0.0 0.12081089784209849 
0.26403718138004956 0.0 0.0 0.10668059658446334 0.0 0.0 0.0 0.35 0.279282222035487 0.0 0.0 
0.32322069064441156 0.0 0.0 0.0 0.0 0.0 0.0 0.35 0.32677930935558847 0.0 0.0 
0.2824373520638042 0.0 0.0 0.0 0.0 0.0 0.0 0.3481187580452929 0.2634412452159961 0.0 0.10600264467490686 
0.34275185232038297 0.0 0.0 0.10586043484743005 0.0 0.0 0.0 0.2612685146543335 0.14894234965323805 0.0 0.14117684852461532 
0.3199513575308378 0.0 0.0 0.10499850358998107 0.0 0.0 0.10677598208013218 0.20737040215512575 0.15329201277077886 0.0 0.1076117418731444 
0.34484764605399176 0.0 0.0 0.0 0.0 0.0 0.0 0.3367720389138867 0.1992639655317348 0.0 0.11911634950038687 
0.30302107610531415 0.0 0.0 0.10142496030422489 0.0 0.0 0.0 0.31532735694975245 0.15678528048238796 0.0 0.12344132615832049 
0.34635919637743195 0.0 0.0 0.10536113208543961 0.0 0.0 0.10818457233459337 0.1711778032123838 0.1280547975595948 0.0 0.14086249843055637 
0.26475624403532666 0.0 0.0 0.11159415328296972 0.0 0.0 0.10106458369380421 0.15417608148250225 0.15016716894131296 0.10629015687130965 0.1119516116927747 
0.2750692204258401 0.0 0.0 0.1017708377328432 0.0 0.0 0.0 0.34912117671065634 0.2740387651306605 0.0 0.0 
0.33757259663213574 0.0 0.0 0.0 0.0 0.0 0.0 0.32835563779529015 0.2193073877215636 0.0 0.11476437785101051 
0.31091683693495187 0.0 0.0 0.0 0.0 0.0 0.0 0.35 0.33908316306504827 0.0 0.0 
0.2922026509334676 0.0 0.0 0.10461257391241838 0.0 0.0 0.10032129117793058 0.15221839461174644 0.12556417963351493 0.1009292916765861 0.12415161805433586 
0.32949552703707347 0.0 0.0 0.10150819288663614 0.0 0.0 0.10628558658151004 0.18438259924439449 0.13646028190349954 0.0 0.1418678123468864 
0.33913615927247337 0.0 0.0 0.1035496181623669 0.0 0.0 0.0 0.2844833906926916 0.14353102855773456 0.0 0.12929980331473365 
0.31547221695968647 0.0 0.0 0.10111361382948017 0.0 0.0 0.0 0.3312908024143736 0.13652936653648612 0.0 0.11559400025997373 
0.3322325846854988 0.0 0.0 0.10211370169544182 0.0 0.0 0.10197277830953326 0.20378469199825275 0.13639245492664887 0.0 0.12350378838462456 
0.27083764055598153 0.0 0.0 0.10036251496898893 0.0 0.0 0.20240695748274962 0.0 0.14303546458391286 0.17285607643002926 0.11050134597833777 
0.35 0.0 0.0 0.11657685059057911 0.0 0.0 0.0 0.24567387073142768 0.15668760933353335 0.0 0.13106166934445984 
0.27901835481159265 0.0 0.0 0.101147897591817 0.0 0.0 0.10418578693405876 0.16439237286437147 0.12409732969388854 0.10792826234809537 0.11922999575617622 
0.35 0.0 0.0 0.10729897899633518 0.0 0.0 0.0 0.22565528935726734 0.16672658745201407 0.0 0.15031914419438347 
0.2635060621571843 0.0 0.0 0.10665269728806234 0.0 0.0 0.11205561057083581 0.15895494126347517 0.12652126575434988 0.10258046625578124 0.12972895671031126 
0.3126814530192856 0.0 0.0 0.10439640799828424 0.0 0.0 0.0 0.32676390344168615 0.14964749029281094 0.0 0.10651074524793307 
0.35 0.0 0.0 0.0 0.0 0.0 0.0 0.3215002743945731 0.2000771529327411 0.0 0.12842257267268584 
0.35 0.0 0.0 0.10816705046133113 0.0 0.0 0.10767583157361452 0.16262573173483788 0.14961799740391651 0.0 0.1219133888263001 
0.3370097122837542 0.0 0.0 0.10236471887090566 0.0 0.0 0.1040976110524354 0.2021687185338288 0.14944683263022573 0.0 0.1049124066288503 
0.2656610480814902 0.0 0.0 0.0 0.0 0.0 0.0 0.34360801781404493 0.2897861121400779 0.0 0.10094482196438691 
0.33422875874853814 0.0 0.0 0.10054806729628779 0.0 0.0 0.0 0.28189424464319307 0.15649021803173224 0.0 0.1268387112802488 
0.31977671659022344 0.0 0.0 0.0 0.0 0.0 0.0 0.3242371684445784 0.2434015676676878 0.0 0.11258454729751034 
0.230385965641532 0.0 0.0 0.11099745331362273 0.0 0.0 0.1981374528872243 0.0 0.1244778933471488 0.21790441219462328 0.11809682261584897 
0.28314450319406775 0.0 0.0 0.0 0.0 0.0 0.0 0.34971580737540603 0.26459444314600805 0.0 0.10254524628451808 
0.3313366198002261 0.0 0.0 0.0 0.0 0.0 0.0 0.34512880938835133 0.22262333392996572 0.0 0.10091123688145691 
0.3340813504399376 0.0 0.0 0.10292095454294112 0.0 0.0 0.10235207230063406 0.18694878290794606 0.13835949662104588 0.0 0.13533734318749518 
0.35 0.0 0.0 0.10623544162428969 0.0 0.0 0.0 0.24117973155597844 0.1552733639012967 0.0 0.14731146291843528 
0.2646577940060092 0.0 0.0 0.10284748986712727 0.0 0.0 0.1974466813369265 0.0 0.1410522198102746 0.17923419514399802 0.11476161983566445 
0.31459765215958735 0.0 0.0 0.10746944671250734 0.0 0.0 0.0 0.30544363081115794 0.15078209365846487 0.0 0.12170717665828258 
0.3477056470119296 0.0 0.0 0.0 0.0 0.0 0.0 0.33127539084391977 0.2009154096140384 0.0 0.12010355253011223 
0.3477056470119296 0.0 0.0 0.0 0.0 0.0 0.0 0.33127539084391977 0.2009154096140384 0.0 0.12010355253011223 
0.34416316261978314 0.0 0.0 0.0 0.0 0.0 0.0 0.35 0.19076890058248638 0.0 0.11506793679773056 
0.3322325846854988 0.0 0.0 0.10211370169544182 0.0 0.0 0.10197277830953326 0.20378469199825275 0.13639245492664887 0.0 0.12350378838462456 
0.35 0.0 0.0 0.10129843111999808 0.0 0.0 0.0 0.2604139673798342 0.15635273772459593 0.0 0.1319348637755719 
0.34228978789134035 0.0 0.0 0.0 0.0 0.0 0.0 0.3192935077766806 0.23547935322552835 0.0 0.10293735110645066 
0.3110409462885231 0.0 0.0 0.10461455931655841 0.0 0.0 0.0 0.31381637112333727 0.15941212262531135 0.0 0.11111600064626981 
0.23781270538389102 0.0 0.0 0.0 0.0 0.0 0.0 0.346432036882 0.3112409521075571 0.0 0.10451430562655172 
0.33760476669810513 0.0 0.0 0.0 0.0 0.0 0.0 0.35 0.3123952333018948 0.0 0.0 
0.35 0.0 0.0 0.0 0.0 0.0 0.0 0.33889113525679015 0.31110886474321 0.0 0.0 
0.3308063781704091 0.0 0.0 0.0 0.0 0.0 0.0 0.3493553247200176 0.3198382971095733 0.0 0.0 
0.35 0.0 0.0 0.10394865679863022 0.0 0.0 0.0 0.23393036394885336 0.16152068715256052 0.0 0.15060029209995585 
0.33841199810234274 0.0 0.0 0.0 0.0 0.0 0.0 0.3463190924268069 0.3152689094708504 0.0 0.0 
0.32854467788669234 0.0 0.0 0.0 0.0 0.0 0.0 0.34882813679937347 0.32262718531393414 0.0 0.0 
0.35 0.0 0.0 0.10129843111999808 0.0 0.0 0.0 0.2604139673798342 0.15635273772459593 0.0 0.1319348637755719 
0.28684342214880676 0.0 0.0 0.10576070365171865 0.0 0.0 0.10054855066563041 0.14785681355443217 0.12246600366409222 0.11236531932668822 0.1241591869886316 
0.3026332193861551 0.0 0.0 0.10289264042613322 0.0 0.0 0.0 0.35 0.1385711700623752 0.0 0.10590297012533656 
0.3377179162620612 0.0 0.0 0.11035255731851928 0.0 0.0 0.10336955107275911 0.16349322345459516 0.15205375282286163 0.0 0.1330129990692036 
0.3251504176792207 0.0 0.0 0.0 0.0 0.0 0.0 0.3297181747992212 0.23881183993242575 0.0 0.1063195675891322 
0.34558121906694206 0.0 0.0 0.0 0.0 0.0 0.0 0.3484549937398725 0.30596378719318545 0.0 0.0 
0.3287751481331287 0.0 0.0 0.0 0.0 0.0 0.0 0.3377488979257982 0.2300852596332198 0.0 0.10339069430785329 
