0.0 0.3 0.0 0.0 0.0 0.0 0.0 0.35 0.35 0.0 0.0 
0.2173651317421749 0.0 0.0 0.11697400990180454 0.0 0.0 0.20495609609549703 0.0 0.10490466643667878 0.23311740167838665 0.12268269414545813 
0.0 0.3 0.0 0.0 0.0 0.0 0.0 0.35 0.35 0.0 0.0 
0.0 0.2999999999999998 0.0 0.0 0.0 0.0 0.0 0.35 0.35 0.0 0.0 
0.1001546792242216 0.19984532077577846 0.0 0.0 0.0 0.0 0.0 0.35 0.35 0.0 0.0 
0.2773587097482995 0.0 0.0 0.10771036879751014 0.0 0.0 0.12568699095862626 0.101224793462076 0.11924677099724015 0.14299725419651588 0.12577511183973203 
0.2818308508614553 0.0 0.0 0.10676538305838497 0.0 0.0 0.20786250689735428 0.0 0.14101229244841432 0.1509535325006665 0.11157543423372476 
0.21703410180923602 0.1045799889669646 0.0 0.0 0.0 0.0 0.0 0.35 0.32838590922379934 0.0 0.0 
0.3 0.0 0.0 0.0 0.0 0.0 0.0 0.35 0.35 0.0 0.0 
0.25460069713415817 0.0 0.0 0.0 0.0 0.0 0.0 0.35 0.2946297165109816 0.0 0.10076958635486025 
0.27062219348157157 0.0 0.0 0.0 0.0 0.0 0.0 0.3398783861676785 0.2876954928756005 0.0 0.10180392747514933 
0.28544353972065495 0.0 0.0 0.10858272826940647 0.0 0.0 0.11813171882373392 0.13084324299310393 0.1247859573119199 0.1070399731978947 0.12517283968328605 
0.28446107338671334 0.0 0.0 0.1169814798486651 0.0 0.0 0.12506791249868415 0.11369228915713496 0.12246812402382201 0.11093145963046538 0.12639766145451498 
0.30080961400819933 0.0 0.0 0.10087665479756118 0.0 0.0 0.1029723020794347 0.1459214831184668 0.12167814971085182 0.10136844116888569 0.12637335511660036 
0.1998087361536909 0.10763644338106138 0.0 0.0 0.0 0.0 0.0 0.3498173517696978 0.3427374686955499 0.0 0.0 
0.35 0.0 0.0 0.0 0.0 0.0 0.0 0.3227314288320544 0.20663765082438598 0.0 0.12063092034355968 
0.1893731647052892 0.11062683529471076 0.0 0.0 0.0 0.0 0.0 0.35 0.35 0.0 0.0 
0.33143427338350323 0.0 0.0 0.10380221884468147 0.0 0.0 0.10511036660973683 0.20090161630211822 0.1409456223408429 0.0 0.11780590251911727 
0.34386348620378465 0.0 0.0 0.10455964817735687 0.0 0.0 0.0 0.2813440132156137 0.1441656066878426 0.0 0.1260672457154022 
0.32933419733000147 0.0 0.0 0.0 0.0 0.0 0.0 0.35 0.3206658026699986 0.0 0.0 
0.2646290965712818 0.0 0.0 0.10083898614718233 0.0 0.0 0.0 0.35 0.28453191728153593 0.0 0.0 
0.2828132693522583 0.0 0.0 0.11029219017641934 0.0 0.0 0.19467608502141456 0.0 0.1225114856160693 0.16824481367433833 0.12146215615950005 
0.35 0.0 0.0 0.0 0.0 0.0 0.0 0.3224203740168217 0.21807085905089285 0.0 0.10950876693228535 
0.2219369413885205 0.0 0.0 0.10680503244251537 0.0 0.0 0.1908124511234766 0.0 0.124541528712237 0.23842471077716512 0.11747933555608533 
0.29339905176285414 0.0 0.0 0.10898512123806109 0.0 0.0 0.11637922624774363 0.12268421581889546 0.12146156926034757 0.10552860435602589 0.13156221131607232 
0.35 0.0 0.0 0.10362794498630665 0.0 0.0 0.0 0.25138586541053903 0.1560991343932823 0.0 0.1388870552098721 
0.2834465679312333 0.0 0.0 0.0 0.0 0.0 0.0 0.35 0.26589635147355967 0.0 0.10065708059520703 
0.3392219536571667 0.0 0.0 0.1129749387590635 0.0 0.0 0.11460700051448554 0.1668970596971754 0.13468219374975673 0.0 0.13161685362235223 
0.13493322321071022 0.16506677678928966 0.0 0.0 0.0 0.0 0.0 0.35 0.35 0.0 0.0 
0.10289682935496323 0.1971031706450368 0.0 0.0 0.0 0.0 0.0 0.35 0.35 0.0 0.0 
0.35 0.0 0.0 0.10445162237368764 0.0 0.0 0.0 0.27800826602629614 0.12896010648315281 0.0 0.13858000511686341 
0.3433443206596089 0.0 0.0 0.0 0.0 0.0 0.0 0.35 0.30665567934039106 0.0 0.0 
0.1156161122860238 0.18438388771397607 0.0 0.0 0.0 0.0 0.0 0.35 0.35 0.0 0.0 
0.2452521886692861 0.0 0.0 0.10526274295430357 0.0 0.0 0.0 0.3475339617448179 0.30195110663159247 0.0 0.0 
0.34448617772404727 0.0 0.0 0.0 0.0 0.0 0.0 0.3436087716377148 0.19344720767766646 0.0 0.11845784296057155 
0.35 0.0 0.0 0.0 0.0 0.0 0.0 0.35 0.18969516662090274 0.0 0.11030483337909737 
0.1526503813403523 0.1473496186596477 0.0 0.0 0.0 0.0 0.0 0.35 0.35 0.0 0.0 
0.29576029592600245 0.0 0.0 0.10853877666556347 0.0 0.0 0.0 0.35 0.13029256115268725 0.0 0.11540836625574692 
0.32126121335428426 0.0 0.0 0.0 0.0 0.0 0.0 0.34740092490499547 0.22957619969604753 0.0 0.10176166204467282 
0.3056519037753144 0.0 0.0 0.10502933029699267 0.0 0.0 0.0 0.34931950422301355 0.11992501122592507 0.0 0.1200742504787544 
0.2570407999883794 0.0 0.0 0.10556297315263814 0.0 0.0 0.11165438172520768 0.15107666843650697 0.13324517787167126 0.11838605053211113 0.12303394829348548 
0.3142478071623756 0.0 0.0 0.10761961756445483 0.0 0.0 0.10595023712469136 0.22206503929077956 0.128946214050478 0.0 0.12117108480722065 
0.25362026798592585 0.0 0.0 0.11696431031563331 0.0 0.0 0.0 0.34804784335004274 0.28136757834839793 0.0 0.0 
0.35 0.0 0.0 0.10554630066058043 0.0 0.0 0.10122663903867159 0.1294188565442115 0.16330793371446792 0.0 0.15050027004206856 
0.23304913721598025 0.0 0.0 0.1051342448667692 0.0 0.0 0.0 0.3452332572876508 0.3165833606295997 0.0 0.0 
0.2829627834779325 0.0 0.0 0.10936345728463746 0.0 0.0 0.20361247759757842 0.0 0.1322911694500439 0.16028325950987013 0.11148685267993746 
0.2977293525872844 0.0 0.0 0.11832234566955922 0.0 0.0 0.0 0.3204075415208869 0.15719245561622816 0.0 0.10634830460604151 
0.3498686741274556 0.0 0.0 0.10690047040905709 0.0 0.0 0.0 0.2353209510335474 0.1582352979067138 0.0 0.14967460652322614 
0.2974918600287175 0.0 0.0 0.1004427962365368 0.0 0.0 0.0 0.3499999999999999 0.14010855753329624 0.0 0.11195678620144937 
0.33641263153303314 0.0 0.0 0.10099933633660997 0.0 0.0 0.10574038589082488 0.17404528082333345 0.1479003283798818 0.0 0.13490203703631679 
0.3482561164385827 0.0 0.0 0.0 0.0 0.0 0.0 0.3188239996516392 0.20581344712880464 0.0 0.12710643678097347 
0.35 0.0 0.0 0.10694059631511851 0.0 0.0 0.0 0.2285580906725486 0.1582946927314055 0.0 0.15620662028092744 
0.289447314859649 0.0 0.0 0.0 0.0 0.0 0.0 0.35 0.25409730984368084 0.0 0.10645537529667018 
0.33571500384292957 0.0 0.0 0.10064264781658726 0.0 0.0 0.10475948707504114 0.18172389761262092 0.14735218325001015 0.0 0.12980678040281107 
0.3203979838923907 0.0 0.0 0.0 0.0 0.0 0.0 0.35 0.32960201610760936 0.0 0.0 
0.35 0.0 0.0 0.0 0.0 0.0 0.0 0.3138962884229981 0.20010056706914323 0.0 0.13600314450785875 
0.35 0.0 0.0 0.0 0.0 0.0 0.0 0.3123045649665915 0.2094272459025296 0.0 0.12826818913087906 
0.3467177748211553 0.0 0.0 0.10491695778724631 0.0 0.0 0.10690095729481099 0.15908305644373166 0.14019738936494489 0.0 0.14218386428811094 
0.3469607264001053 0.0 0.0 0.10577378230179266 0.0 0.0 0.0 0.2648450558242164 0.1490788664801784 0.0 0.1333415689937073 
0.3007650343788358 0.0 0.0 0.0 0.0 0.0 0.0 0.34936174715797513 0.2405375083448485 0.0 0.10933571011834059 
0.3290797130824191 0.0 0.0 0.0 0.0 0.0 0.0 0.35 0.2061488965213164 0.0 0.11477139039626441 
0.1546877782904416 0.14531222170955835 0.0 0.0 0.0 0.0 0.0 0.35 0.35 0.0 0.0 
0.35 0.0 0.0 0.0 0.0 0.0 0.0 0.32512941286328734 0.3248705871367125 0.0 0.0 
0.24473183959909675 0.0 0.0 0.0 0.0 0.0 0.0 0.35 0.30483887665971465 0.0 0.10042928374118863 
0.3211265033952834 0.0 0.0 0.11049638594927774 0.0 0.0 0.0 0.30037126220194377 0.14285196430206432 0.0 0.1251538841514307 
0.11798760480206259 0.18201239519793758 0.0 0.0 0.0 0.0 0.0 0.3499999999999999 0.3499999999999999 0.0 0.0 
0.32609537705866537 0.0 0.0 0.12231043115767584 0.0 0.0 0.0 0.30383848233705274 0.14076530451991523 0.0 0.10699040492669079 
0.2978512325239122 0.0 0.0 0.0 0.0 0.0 0.0 0.3400074228103174 0.259068560542626 0.0 0.1030727841231444 
0.32859809092124936 0.0 0.0 0.0 0.0 0.0 0.0 0.3489230751674135 0.2168936271637601 0.0 0.10558520674757692 
0.17825516446929038 0.12174483553070957 0.0 0.0 0.0 0.0 0.0 0.35 0.35 0.0 0.0 
0.3089977026458674 0.0 0.0 0.10731645427584535 0.0 0.0 0.0 0.32879223308741873 0.13589332771307333 0.0 0.11900028227779508 
0.33467783136823126 0.0 0.0 0.10019198713907865 0.0 0.0 0.0 0.31160889305962153 0.14177239985052234 0.0 0.1117488885825463 
0.10015467922422161 0.1998453207757785 0.0 0.0 0.0 0.0 0.0 0.35 0.35 0.0 0.0 
0.23832911956409344 0.0 0.0 0.1077208316459036 0.0 0.0 0.0 0.35 0.30395004879000304 0.0 0.0 
0.3375354246129052 0.0 0.0 0.10238254587757332 0.0 0.0 0.10703254916836988 0.19766923688287796 0.13648697977968263 0.0 0.11889326367859103 
0.17561479054274615 0.12438520945725387 0.0 0.0 0.0 0.0 0.0 0.35 0.35 0.0 0.0 
0.2442607528324625 0.0 0.0 0.11301417747372237 0.0 0.0 0.1980178728411743 0.0 0.101353408337877 0.22482417855483963 0.1185296099599242 
0.1661936969385533 0.13380630306144686 0.0 0.0 0.0 0.0 0.0 0.35 0.35 0.0 0.0 
0.33432175290255894 0.0 0.0 0.10408085281544543 0.0 0.0 0.0 0.28749023634556603 0.1531602914210397 0.0 0.12094686651538987 
0.24473183959909675 0.0 0.0 0.0 0.0 0.0 0.0 0.35 0.30483887665971465 0.0 0.10042928374118863 
0.2298981562359089 0.0 0.0 0.0 0.0 0.0 0.0 0.35 0.31686278249725536 0.0 0.10323906126683578 
0.22989815623590884 0.0 0.0 0.0 0.0 0.0 0.0 0.35 0.31686278249725536 0.0 0.10323906126683577 
0.3140828251609955 0.0 0.0 0.0 0.0 0.0 0.0 0.35 0.3359171748390046 0.0 0.0 
0.3182210025776905 0.0 0.0 0.10949663246794797 0.0 0.0 0.0 0.3067013901988271 0.14155946276548606 0.0 0.12402151199004821 
0.35 0.0 0.0 0.10590405922715573 0.0 0.0 0.10812324154551056 0.147539704078729 0.14276746014223166 0.0 0.14566553500637322 
0.12700671696173932 0.1729932830382607 0.0 0.0 0.0 0.0 0.0 0.35 0.35 0.0 0.0 
0.34647909176735125 0.0 0.0 0.10258547503020732 0.0 0.0 0.0 0.24885698951598043 0.15452881802929755 0.0 0.14754962565716354 
0.20988667480374468 0.10630640169484912 0.0 0.0 0.0 0.0 0.0 0.35 0.3338069235014063 0.0 0.0 
0.3333580796677559 0.0 0.0 0.11427057019374386 0.0 0.0 0.10010244286970334 0.18752465341132216 0.14529068533392528 0.0 0.11945356852354944 
0.32556307784663185 0.0 0.0 0.0 0.0 0.0 0.0 0.35 0.21759754721342078 0.0 0.1068393749399473 
0.32482756339575214 0.0 0.0 0.0 0.0 0.0 0.0 0.35 0.20532350828857465 0.0 0.11984892831567322 
0.3371726264709659 0.0 0.0 0.10122750548709818 0.0 0.0 0.10772539256826891 0.17443846918785488 0.14823445228116067 0.0 0.13120155400465147 
0.35 0.0 0.0 0.11365462705471072 0.0 0.0 0.0 0.24722413461368214 0.1454052009411009 0.0 0.1437160373905063 
0.35 0.0 0.0 0.10590405922715573 0.0 0.0 0.10812324154551056 0.147539704078729 0.14276746014223166 0.0 0.14566553500637322 
0.29314487073602513 0.0 0.0 0.0 0.0 0.0 0.0 0.35 0.2518903792481554 0.0 0.10496475001581955 
0.16619369693855326 0.13380630306144686 0.0 0.0 0.0 0.0 0.0 0.35 0.35 0.0 0.0 
0.12700671696173932 0.1729932830382607 0.0 0.0 0.0 0.0 0.0 0.35 0.35 0.0 0.0 
0.35 0.0 0.0 0.0 0.0 0.0 0.0 0.3332463671491401 0.3167536328508599 0.0 0.0 
0.3456598211287744 0.0 0.0 0.10510586536906626 0.0 0.0 0.0 0.2828137478549481 0.14491872449379142 0.0 0.12150184115341969 
0.20988667480374468 0.10630640169484912 0.0 0.0 0.0 0.0 0.0 0.35 0.3338069235014063 0.0 0.0 
