-0.01066835838195402 0.008605547393948894 
-0.0012924918658359815 7.861710866930631E-5 
-0.0012924918658359815 7.861710866930631E-5 
-0.01066835838195402 0.008605547393948894 
-0.005255386690376327 1.5544348605603934E-4 
-0.0028356590900947 1.5361451140225772E-4 
-0.010655215178499926 0.007718493585588376 
-0.010665397439325824 0.008595391700890227 
-0.010628928771591741 0.006207838657328673 
-0.006581005201491135 2.7428782850521307E-4 
-0.005796674624642677 2.3544144249400926E-4 
-0.01064520921939088 0.007298956827956984 
-0.0018079942170626077 9.771774687833976E-5 
-0.010630723265901199 0.00687778275936903 
-0.002442844016046201 1.0149601227174392E-4 
-0.009733423156187228 0.004016201376427643 
-0.009601865910676712 0.003665987810847892 
-0.008748944395931463 0.0018255914685630546 
-0.010649718207327593 0.007700504581291633 
-0.01059740191590479 0.006099930535381936 
-0.010536368552480507 0.005893923285370296 
-0.010642318271684385 0.0069334271941211036 
-0.009032692624380782 0.0023551203306080956 
-0.009970151068991977 0.0041646904785547665 
-0.008844979974040807 0.0019955778510611015 
-0.008949916000636205 0.002192121418966683 
-0.007788171937940583 7.400904697349239E-4 
-0.009415359691964921 0.0031998841789231776 
-0.008169710598434814 0.0011409502443677632 
-0.00907970212841746 0.0024508140853650986 
-0.008293417611320974 0.0012492710769865481 
-0.007644247089315399 6.40379551863236E-4 
-0.010048265505172727 0.004383721313245785 
-0.010090527493051902 0.004504828851496894 
-0.01050753183619823 0.0057979176288498885 
-0.002721922565157328 1.265621557832126E-4 
-0.01000898645469412 0.0042728024777571975 
-0.005575903990337632 1.9666959198325797E-4 
-0.002559302766208616 1.1116782785953192E-4 
-0.010344345769539357 0.005270676458045883 
-0.009733423156187228 0.004016201376427643 
-0.01028752606578556 0.005093500080264476 
-0.007103437651259068 3.786558931421211E-4 
-0.008067876543313934 0.0010101472984388547 
-0.009324696933247306 0.002986178453677895 
-0.010465549788145501 0.005659670412663922 
-0.009424737216740087 0.0032224689758130736 
-0.00751932661932363 5.664936340371202E-4 
-0.010247218406122215 0.004969817375703886 
-0.008005758679110082 9.284160227103027E-4 
-0.0016526440614421194 8.867468879642285E-5 
-0.00846392262807721 0.0014170275402953098 
-0.010225232503472462 0.004903055946665324 
-0.010313987003713181 0.00517559961808123 
-0.00838434590268464 0.001328279749914787 
-0.008612828437709955 0.0016124798557163207 
-0.008147669314157245 0.0010573654180845956 
-0.009196266704005786 0.0026978631112010653 
-0.007951058093035894 8.773051605673695E-4 
-0.006763126182567225 2.9464431184478E-4 
-0.005686518683651211 2.150378600570692E-4 
-0.01014259511158873 0.004656551733502554 
-0.007416694728773407 5.145933831566271E-4 
-0.009597677324393164 0.003655128794605965 
-0.006976026606694884 3.5599397264833533E-4 
-0.0013667460055361254 8.054656255996175E-5 
-0.010127865167471488 0.004613347554774597 
-0.009215175151809377 0.002739250200578858 
-0.0072239225455265526 4.799542992954416E-4 
-0.009324696933247306 0.002986178453677895 
-0.010381330305463194 0.005387779581670024 
-0.006843670686124825 3.0395755238811517E-4 
-0.010417741207684617 0.005504435377827446 
-0.007588254797184951 6.058074196469878E-4 
-0.009140612026476848 0.0025781710905936244 
-0.0015652245192904987 8.654194927961898E-5 
-0.008908319576515975 0.002112862310122466 
-0.006631547177139561 2.7983955614507475E-4 
-0.009506911805315953 0.003424231801890017 
-0.00927636314008294 0.002875689913457246 
-0.010181731702252205 0.004772422598468349 
-0.007887298796951719 8.178466721671674E-4 
-0.005421388151119909 1.7456817400985102E-4 
-0.00948924370916943 0.003380267597184187 
-0.008496278498572193 0.0014580761240297819 
-0.009542885030262849 0.0035147338420536286 
-0.006927347467769583 3.3571044437180186E-4 
-0.009141890284782413 0.002580884531986888 
-0.010188814068276035 0.0047935588897851196 
-0.005415184015225534 1.6703619415126724E-4 
-0.007853195282584418 7.902596560096659E-4 
-0.00927636314008294 0.002875689913457246 
-0.00835797043601376 0.0012881337732052998 
-0.008542957308503931 0.0015186862144070733 
-0.008567253190455877 0.0015508831656669325 
-0.007164613091968684 4.471523516945135E-4 
-0.010391397572825867 0.005419897942309925 
-0.0073613266655011105 4.89891536307362E-4 
-0.009542885030262849 0.0035147338420536286 
-0.008665738867246546 0.0016859544571031474 
