0.0 0.30000000000000004 0.0 0.0 0.0 0.0 0.0 0.35 0.35 0.0 0.0 
0.0 0.11391645492628369 0.0 0.0 0.287021169023237 0.14906237605047928 0.0 0.0 0.35 0.1 0.0 
0.0 0.11391645492628369 0.0 0.0 0.287021169023237 0.14906237605047928 0.0 0.0 0.35 0.1 0.0 
0.0 0.30000000000000004 0.0 0.0 0.0 0.0 0.0 0.35 0.35 0.0 0.0 
0.35 0.0 0.0 0.0 0.11635228957509874 0.1 0.0 0.10207027208546533 0.33157743833943587 0.0 0.0 
0.1 0.2 0.0 0.0 0.0 0.0 0.0 0.3499999999999999 0.35 0.0 0.0 
0.0 0.3006356247418879 0.0 0.0 0.0 0.0 0.0 0.34936437525811215 0.35 0.0 0.0 
0.10551179149658434 0.18083839833959647 0.0 0.0 0.0 0.26220048381711 0.0 0.0 0.35 0.1014493263467092 0.0 
0.35 0.0 0.0 0.0 0.0 0.20000000000000007 0.0 0.1 0.35 0.0 0.0 
0.30000000000000016 0.0 0.0 0.0 0.0 0.0 0.0 0.35 0.35 0.0 0.0 
0.34316734583107295 0.0 0.0 0.0 0.1 0.10241949999472172 0.0 0.10441315417420535 0.35 0.0 0.0 
0.2009950793732137 0.1 0.0 0.0 0.0 0.0 0.0 0.34900492062678634 0.35 0.0 0.0 
0.32375415906656624 0.1 0.0 0.0 0.0 0.0 0.0 0.22624584093343386 0.35 0.0 0.0 
0.2863806025372342 0.1 0.0 0.0 0.0 0.0 0.0 0.26361939746276586 0.35 0.0 0.0 
0.3412754699220543 0.0 0.0 0.0 0.0 0.0 0.0 0.3087245300779457 0.35 0.0 0.0 
0.3444316169055326 0.12126460745636872 0.0 0.0 0.0 0.0 0.0 0.18430377563809874 0.35 0.0 0.0 
0.35 0.10540253956835094 0.0 0.0 0.0 0.0 0.0 0.19459746043164913 0.35 0.0 0.0 
0.3055810276822961 0.1 0.0 0.0 0.0 0.0 0.0 0.2444189723177039 0.35 0.0 0.0 
0.27943990887599746 0.1 0.0 0.0 0.0 0.0 0.0 0.2705600911240026 0.35 0.0 0.0 
0.3455706214452934 0.0 0.0 0.0 0.0 0.0 0.0 0.30442937855470664 0.35 0.0 0.0 
0.1400624968881546 0.15993750311184546 0.0 0.0 0.0 0.0 0.0 0.35 0.35 0.0 0.0 
0.0 0.1097124236940271 0.0 0.0 0.265305489781975 0.174982086523998 0.0 0.0 0.35 0.1 0.0 
0.0 0.1548494822846603 0.0 0.0 0.24883494368776232 0.14631557402757744 0.0 0.0 0.35 0.1 0.0 
0.3488037928290093 0.15077966677740418 0.0 0.0 0.0 0.0 0.0 0.15041654039358654 0.35 0.0 0.0 
0.3165909012694212 0.1 0.0 0.0 0.0 0.0 0.0 0.2334090987305788 0.35 0.0 0.0 
0.327403280077488 0.0 0.0 0.0 0.0 0.0 0.0 0.32259671992251204 0.35 0.0 0.0 
0.33638382248064047 0.0 0.0 0.0 0.0 0.0 0.0 0.3136161775193596 0.35 0.0 0.0 
0.3109255968125888 0.1 0.0 0.0 0.0 0.0 0.0 0.23907440318741127 0.35 0.0 0.0 
0.34405193212634433 0.1 0.0 0.0 0.0 0.0 0.0 0.20594806787365566 0.35 0.0 0.0 
0.0 0.11373924738167454 0.0 0.0 0.13324833331526365 0.2988228314043102 0.0 0.0 0.35 0.10418958789875161 0.0 
0.3422099987041421 0.1 0.0 0.0 0.0 0.1000091949787639 0.0 0.10778080631709401 0.35 0.0 0.0 
0.35 0.12114405109371659 0.0 0.0 0.0 0.0 0.0 0.17885594890628348 0.35 0.0 0.0 
0.0 0.17365305736878023 0.0 0.0 0.13370788429167946 0.24263905833954033 0.0 0.0 0.35 0.1 0.0 
0.35 0.1269604736895918 0.0 0.0 0.0 0.0 0.0 0.1730395263104082 0.35 0.0 0.0 
0.1155398103502331 0.1844601896497669 0.0 0.0 0.0 0.0 0.0 0.35 0.35 0.0 0.0 
0.11209765128938602 0.1 0.0 0.0 0.0 0.35 0.0 0.0 0.33594288827665947 0.10195946043395457 0.0 
0.3238527108227839 0.0 0.0 0.0 0.0 0.0 0.0 0.3261472891772162 0.35 0.0 0.0 
0.33085282402216387 0.1 0.0 0.0 0.0 0.0 0.0 0.21914717597783614 0.35 0.0 0.0 
0.32124116212121057 0.0 0.0 0.0 0.0 0.0 0.0 0.3287588378787894 0.35 0.0 0.0 
0.3076579982046205 0.0 0.0 0.0 0.0 0.0 0.0 0.34234200179537955 0.35 0.0 0.0 
0.29477858285496517 0.1 0.0 0.0 0.0 0.0 0.0 0.2552214171450349 0.35 0.0 0.0 
0.0 0.17404764558964125 0.0 0.0 0.2063695945088816 0.2695827599014772 0.0 0.0 0.35 0.0 0.0 
0.31056054797125754 0.0 0.0 0.0 0.0 0.0 0.0 0.3394394520287425 0.35 0.0 0.0 
0.2703650628928945 0.1 0.0 0.0 0.0 0.0 0.0 0.27963493710710546 0.35 0.0 0.0 
0.35 0.1621341583021595 0.0 0.0 0.0 0.0 0.0 0.1378658416978406 0.35 0.0 0.0 
0.31333845899170876 0.0 0.0 0.0 0.0 0.0 0.0 0.3366615410082912 0.35 0.0 0.0 
0.35 0.15556301978877235 0.0 0.0 0.0 0.0 0.0 0.14443698021122764 0.35 0.0 0.0 
0.35 0.0 0.0 0.0 0.0 0.19095643205980495 0.0 0.10904356794019512 0.35 0.0 0.0 
0.3296553003607169 0.16281352938938426 0.0 0.0 0.0 0.0 0.0 0.15753117024989885 0.35 0.0 0.0 
0.35 0.17498530943854484 0.0 0.0 0.0 0.0 0.0 0.12501469056145517 0.35 0.0 0.0 
0.0 0.1 0.0 0.0 0.19999999999999998 0.35 0.0 0.0 0.35 0.0 0.0 
0.35 0.1331739655630778 0.0 0.0 0.0 0.0 0.0 0.16682603443692223 0.35 0.0 0.0 
0.35 0.1006896114851378 0.0 0.0 0.0 0.1 0.0 0.10352763143682356 0.34578275707803874 0.0 0.0 
0.35 0.16908663226133763 0.0 0.0 0.0 0.0 0.0 0.1309133677386625 0.35 0.0 0.0 
0.3002566758030243 0.1 0.0 0.0 0.0 0.0 0.0 0.24974332419697576 0.35 0.0 0.0 
0.3177968911057556 0.0 0.0 0.0 0.0 0.0 0.0 0.3322031088942445 0.35 0.0 0.0 
0.30475754181595577 0.0 0.0 0.0 0.0 0.0 0.0 0.3452424581840443 0.35 0.0 0.0 
0.35 0.19186104121481223 0.0 0.0 0.0 0.0 0.0 0.1081389587851878 0.35 0.0 0.0 
0.2766922017609613 0.1 0.0 0.0 0.0 0.0 0.0 0.2733077982390388 0.35 0.0 0.0 
0.1 0.10220673181497544 0.0 0.0 0.11795563240296036 0.3298376357820642 0.0 0.0 0.35 0.0 0.0 
0.1 0.10350580580379727 0.0 0.0 0.1501285473938104 0.2963656468023923 0.0 0.0 0.35 0.0 0.0 
0.19339388800819557 0.1066061119918045 0.0 0.0 0.0 0.0 0.0 0.35 0.35 0.0 0.0 
0.3323534603132886 0.1 0.0 0.0 0.0 0.0 0.0 0.21764653968671138 0.35 0.0 0.0 
0.33760151100475794 0.1 0.0 0.0 0.0 0.0 0.0 0.2123984889952421 0.35 0.0 0.0 
0.31618155604492637 0.0 0.0 0.0 0.0 0.0 0.0 0.33381844395507365 0.35 0.0 0.0 
0.29892951401518003 0.1 0.0 0.0 0.0 0.0 0.0 0.25107048598481996 0.35 0.0 0.0 
0.2895830367837061 0.1 0.0 0.0 0.0 0.0 0.0 0.260416963216294 0.35 0.0 0.0 
0.35 0.18276351884754344 0.0 0.0 0.0 0.0 0.0 0.11723648115245666 0.35 0.0 0.0 
0.2654626329535848 0.1 0.0 0.0 0.0 0.0 0.0 0.28453736704641525 0.35 0.0 0.0 
0.3390866293431962 0.1 0.0 0.0 0.0 0.0 0.0 0.21091337065680382 0.35 0.0 0.0 
0.2916354390971565 0.1 0.0 0.0 0.0 0.0 0.0 0.2583645609028436 0.35 0.0 0.0 
0.31437381265098485 0.1 0.0 0.0 0.0 0.0 0.0 0.23562618734901525 0.35 0.0 0.0 
0.2701195334011443 0.1 0.0 0.0 0.0 0.0 0.0 0.27988046659885574 0.35 0.0 0.0 
0.1661672397250536 0.13383276027494645 0.0 0.0 0.0 0.0 0.0 0.35 0.35 0.0 0.0 
0.10427544263085797 0.124397130384379 0.0 0.0 0.1 0.321327426984763 0.0 0.0 0.35 0.0 0.0 
0.10276639015634094 0.1184089810376028 0.0 0.0 0.1 0.32882462880605623 0.0 0.0 0.35 0.0 0.0 
0.16742856787178473 0.13257143212821532 0.0 0.0 0.0 0.0 0.0 0.35 0.35 0.0 0.0 
0.26536141612605896 0.1 0.0 0.0 0.0 0.0 0.0 0.28463858387394103 0.35 0.0 0.0 
0.3491604586120244 0.1 0.0 0.0 0.0 0.0 0.0 0.20083954138797566 0.35 0.0 0.0 
0.35 0.0 0.0 0.0 0.0 0.0 0.0 0.29999999999999993 0.35 0.0 0.0 
0.35 0.20000000000000004 0.0 0.0 0.0 0.0 0.0 0.1 0.35 0.0 0.0 
0.35 0.0 0.0 0.0 0.10285490550370538 0.10656814923394718 0.0 0.1 0.3405769452623475 0.0 0.0 
0.34791146496726255 0.0 0.0 0.0 0.0 0.19903010018266318 0.0 0.10305843485007422 0.35 0.0 0.0 
0.1 0.10220673181497544 0.0 0.0 0.11795563240296036 0.3298376357820642 0.0 0.0 0.35 0.0 0.0 
0.35 0.1378023236716908 0.0 0.0 0.0 0.0 0.0 0.16219767632830928 0.35 0.0 0.0 
0.11797741548777924 0.10104496021618466 0.0 0.0 0.0 0.33097762429603617 0.0 0.0 0.35 0.1 0.0 
0.1028378194280769 0.1966240256778643 0.0 0.0 0.1 0.25053815489405884 0.0 0.0 0.35 0.0 0.0 
0.0 0.16587175088088035 0.0 0.0 0.23459743818034254 0.14953081093877724 0.0 0.0 0.35 0.1 0.0 
0.33082520675339333 0.0 0.0 0.0 0.0 0.0 0.0 0.3191747932466067 0.35 0.0 0.0 
0.35 0.1861687844501973 0.0 0.0 0.0 0.0 0.0 0.11383121554980277 0.35 0.0 0.0 
0.1028378194280769 0.1966240256778643 0.0 0.0 0.1 0.25053815489405884 0.0 0.0 0.35 0.0 0.0 
0.10408615383149392 0.17985199841343918 0.0 0.0 0.0 0.2660618477550669 0.0 0.0 0.35 0.1 0.0 
0.0 0.1715841917111781 0.0 0.0 0.21128400482853743 0.16713180346028444 0.0 0.0 0.35 0.1 0.0 
0.2766922017609613 0.1 0.0 0.0 0.0 0.0 0.0 0.2733077982390388 0.35 0.0 0.0 
0.11156756047060157 0.10142345828858951 0.0 0.0 0.0 0.33700898124080897 0.0 0.0 0.35 0.1 0.0 
0.3431673458310729 0.0 0.0 0.0 0.1 0.10241949999472172 0.0 0.10441315417420535 0.35 0.0 0.0 
0.35 0.0 0.0 0.0 0.10285490550370538 0.10656814923394718 0.0 0.1 0.3405769452623475 0.0 0.0 
0.0 0.16835201848477555 0.0 0.0 0.2302521880289473 0.15139579348627719 0.0 0.0 0.35 0.1 0.0 
0.1 0.10350580580379727 0.0 0.0 0.1501285473938104 0.2963656468023923 0.0 0.0 0.35 0.0 0.0 
0.30181299283555735 0.0 0.0 0.0 0.0 0.0 0.0 0.3481870071644426 0.35 0.0 0.0 
