0.0 0.3000000000000001 0.0 0.0 0.0 0.0 0.0 0.3499999999999999 0.35 0.0 0.0 
0.34262921202389734 0.0 0.0 0.0 0.10865825125354366 0.3450258728692338 0.0 0.10014881031606179 0.1035378535372633 0.0 0.0 
0.0 0.3000000000000001 0.0 0.0 0.0 0.0 0.0 0.3499999999999999 0.35 0.0 0.0 
0.3490653269909554 0.0 0.0 0.0 0.0 0.3414426647059575 0.0 0.10000744799572879 0.2094845603073583 0.0 0.0 
0.33236245694742916 0.0 0.0 0.0 0.10961216487986869 0.23699249132504285 0.0 0.10168936700533597 0.21934351984232345 0.0 0.0 
0.10106224532538315 0.198937754674617 0.0 0.0 0.0 0.0 0.0 0.35 0.35 0.0 0.0 
0.0 0.300759732316748 0.0 0.0 0.0 0.0 0.0 0.3492402676832519 0.3499999999999999 0.0 0.0 
0.19944218637240838 0.10055781362759177 0.0 0.0 0.0 0.0 0.0 0.34999999999999987 0.34999999999999987 0.0 0.0 
0.3000000000000002 0.0 0.0 0.0 0.0 0.0 0.0 0.3499999999999999 0.3499999999999999 0.0 0.0 
0.3343817273914451 0.0 0.0 0.0 0.0 0.0 0.0 0.31561827260855496 0.35 0.0 0.0 
0.3408339963430431 0.0 0.0 0.0 0.0 0.23561453277305272 0.0 0.1021572921324613 0.3213941787514428 0.0 0.0 
0.35 0.0 0.0 0.0 0.0 0.2506021186355967 0.0 0.10140157996030141 0.29799630140410194 0.0 0.0 
0.33027313224734167 0.0 0.0 0.0 0.0 0.0 0.0 0.31972686775265824 0.35 0.0 0.0 
0.3257669419278772 0.0 0.0 0.0 0.0 0.0 0.0 0.3242330580721228 0.35 0.0 0.0 
0.31510596585497996 0.0 0.0 0.0 0.0 0.0 0.0 0.33489403414502017 0.35 0.0 0.0 
0.33438919984263676 0.0 0.0 0.0 0.0 0.2774835119799615 0.0 0.10173187336527792 0.28639541481212377 0.0 0.0 
0.35 0.15946566482057203 0.0 0.0 0.0 0.0 0.0 0.14053433517942795 0.35 0.0 0.0 
0.3246590030758841 0.10215604273260878 0.0 0.0 0.0 0.0 0.0 0.2231849541915071 0.35 0.0 0.0 
0.293650065083927 0.11485818111575015 0.0 0.0 0.0 0.0 0.0 0.24149175380032284 0.35 0.0 0.0 
0.31714909112972006 0.1033816961957581 0.0 0.0 0.0 0.0 0.0 0.2294692126745219 0.35 0.0 0.0 
0.29344347373189766 0.10789994266917953 0.0 0.0 0.0 0.0 0.0 0.2486565835989228 0.35 0.0 0.0 
0.3103886365393335 0.0 0.0 0.0 0.0 0.0 0.0 0.3421140984405965 0.34749726502007 0.0 0.0 
0.3196088952784909 0.0 0.0 0.0 0.0 0.0 0.0 0.3303911047215091 0.35 0.0 0.0 
0.26256864149108033 0.10298010917349185 0.0 0.0 0.0 0.0 0.0 0.2844512493354278 0.35 0.0 0.0 
0.34690706717121794 0.0 0.0 0.0 0.0 0.321207626190497 0.0 0.10067507623373739 0.23121023040454777 0.0 0.0 
0.31197016612100764 0.0 0.0 0.0 0.0 0.0 0.0 0.33802983387899244 0.35 0.0 0.0 
0.337604864249856 0.0 0.0 0.0 0.12824131844239153 0.2921438231517499 0.0 0.10154894693073999 0.1404610472252626 0.0 0.0 
0.17197498002129202 0.12802501997870797 0.0 0.0 0.0 0.0 0.0 0.35 0.35 0.0 0.0 
0.35 0.0 0.0 0.0 0.10725158683335616 0.2699459070919907 0.0 0.10066351785071836 0.17213898822393478 0.0 0.0 
0.3220435210165045 0.0 0.0 0.0 0.0 0.0 0.0 0.32795647898349556 0.35 0.0 0.0 
0.34122438133625743 0.0 0.0 0.0 0.0 0.21990998066789977 0.0 0.10043639157433776 0.33842924642150507 0.0 0.0 
0.35 0.15164080865203047 0.0 0.0 0.0 0.0 0.0 0.1483591913479697 0.35 0.0 0.0 
0.3486600717373697 0.0 0.0 0.0 0.10734494099397814 0.2370812024356894 0.0 0.10053469674743834 0.20637908808552452 0.0 0.0 
0.2783606391406002 0.10400554098930533 0.0 0.0 0.0 0.0 0.0 0.2676338198700944 0.35 0.0 0.0 
0.3253542910996866 0.0 0.0 0.0 0.12774560187775702 0.27813549179648267 0.0 0.10052244988499867 0.16824216534107506 0.0 0.0 
0.3405125058377672 0.0 0.0 0.0 0.0 0.0 0.0 0.31020789524217257 0.3492795989200601 0.0 0.0 
0.3297877051438514 0.10218002197651951 0.0 0.0 0.0 0.0 0.0 0.22035818368731275 0.34767408919231635 0.0 0.0 
0.3244036910070209 0.0 0.0 0.0 0.12737236266037283 0.2773228526781181 0.0 0.10022874959337906 0.17067234406110923 0.0 0.0 
0.34284431592009523 0.0 0.0 0.0 0.0 0.0 0.0 0.3071556840799049 0.35 0.0 0.0 
0.2843328138153644 0.10135117552431089 0.0 0.0 0.0 0.0 0.0 0.26432912172851347 0.34998688893181124 0.0 0.0 
0.14310865497862751 0.15689134502137253 0.0 0.0 0.0 0.0 0.0 0.35 0.35 0.0 0.0 
0.34625316424611285 0.0 0.0 0.0 0.0 0.0 0.0 0.3037468357538871 0.35 0.0 0.0 
0.3069849289876487 0.10698187192975316 0.0 0.0 0.0 0.0 0.0 0.23603319908259812 0.35 0.0 0.0 
0.2619702256809125 0.11580819581725019 0.0 0.0 0.0 0.0 0.0 0.2733566483578862 0.3488649301439511 0.0 0.0 
0.30848618379172177 0.10916641275459779 0.0 0.0 0.0 0.0 0.0 0.2323474034536805 0.35 0.0 0.0 
0.32565649049762496 0.11196564389094374 0.0 0.0 0.0 0.0 0.0 0.21237786561143138 0.35 0.0 0.0 
0.3380013156381078 0.0 0.0 0.0 0.0 0.3372677637051301 0.0 0.1009273610268869 0.22380355962987525 0.0 0.0 
0.3086514257291004 0.0 0.0 0.0 0.0 0.0 0.0 0.3463464127012264 0.34500216156967317 0.0 0.0 
0.3338375269558709 0.10918539000768172 0.0 0.0 0.0 0.0 0.0 0.20697708303644746 0.35 0.0 0.0 
0.35 0.17496076165695668 0.0 0.0 0.0 0.0 0.0 0.12503923834304342 0.35 0.0 0.0 
0.3335028072412096 0.0 0.0 0.0 0.0 0.3117028225995426 0.0 0.10153662362500834 0.2532577465342393 0.0 0.0 
0.3037210364966162 0.0 0.0 0.0 0.0 0.0 0.0 0.3462789635033839 0.35 0.0 0.0 
0.35 0.11472793240951307 0.0 0.0 0.0 0.0 0.0 0.18527206759048698 0.35 0.0 0.0 
0.35 0.1807062545568303 0.0 0.0 0.0 0.0 0.0 0.11929374544316984 0.35 0.0 0.0 
0.30778757775035187 0.10355005199622114 0.0 0.0 0.0 0.0 0.0 0.24050831120250363 0.3481540590509233 0.0 0.0 
0.11707122396935787 0.18292877603064214 0.0 0.0 0.0 0.0 0.0 0.35 0.35 0.0 0.0 
0.3410038801417488 0.0 0.0 0.0 0.0 0.208606729722616 0.0 0.10038939013563523 0.35 0.0 0.0 
0.2708116976175613 0.10256807671275342 0.0 0.0 0.0 0.0 0.0 0.27774274225221646 0.3488774834174689 0.0 0.0 
0.3375299715828495 0.0 0.0 0.0 0.0 0.20920314896555892 0.0 0.10834776336876244 0.3449191160828293 0.0 0.0 
0.35 0.13113300750378015 0.0 0.0 0.0 0.0 0.0 0.16986889383261794 0.3489980986636019 0.0 0.0 
0.35 0.11808071501288758 0.0 0.0 0.0 0.0 0.0 0.1819192849871125 0.35 0.0 0.0 
0.35 0.0 0.0 0.0 0.0 0.1752286189027339 0.0 0.12477138109726617 0.35 0.0 0.0 
0.33371038004902337 0.10169266329055333 0.0 0.0 0.0 0.0 0.0 0.21565793306905 0.3489390235913733 0.0 0.0 
0.34300629947456873 0.0 0.0 0.0 0.10946288592402138 0.325265772733465 0.0 0.10156688696925337 0.12069815489869161 0.0 0.0 
0.2624830023873831 0.10666931365567911 0.0 0.0 0.0 0.0 0.0 0.28084768395693765 0.35 0.0 0.0 
0.34410712930907744 0.0 0.0 0.0 0.10535588051925225 0.345221665256593 0.0 0.10119125663188616 0.1041240682831913 0.0 0.0 
0.35 0.20048485809812042 0.0 0.0 0.0 0.0 0.0 0.10006985975021583 0.3494452821516639 0.0 0.0 
0.2895457901806541 0.10389611518659711 0.0 0.0 0.0 0.0 0.0 0.2565580946327488 0.35 0.0 0.0 
0.35 0.16831479690452483 0.0 0.0 0.0 0.0 0.0 0.1316852030954753 0.35 0.0 0.0 
0.35 0.0 0.0 0.0 0.0 0.0 0.0 0.2999999999999998 0.35 0.0 0.0 
0.2867190046268393 0.11078771025833736 0.0 0.0 0.0 0.0 0.0 0.25249328511482344 0.35 0.0 0.0 
0.34096335396431693 0.0 0.0 0.0 0.0 0.2896543235077376 0.0 0.10044601933573588 0.2689363031922097 0.0 0.0 
0.35 0.19613944206010514 0.0 0.0 0.0 0.0 0.0 0.10386055793989499 0.35 0.0 0.0 
0.30130435749936346 0.0 0.0 0.0 0.0 0.0 0.0 0.35 0.3486956425006365 0.0 0.0 
0.3287680485244688 0.0 0.0 0.0 0.1066299636835758 0.28421433984607997 0.0 0.10318863217914154 0.17719901576673402 0.0 0.0 
0.35 0.0 0.0 0.0 0.0 0.17888550303419415 0.0 0.12111449696580602 0.35 0.0 0.0 
0.2752381079191476 0.11795584246212726 0.0 0.0 0.0 0.0 0.0 0.25680604961872505 0.35 0.0 0.0 
0.34466242527999685 0.10848218130032171 0.0 0.0 0.0 0.0 0.0 0.19685539341968147 0.35 0.0 0.0 
0.13352504788254108 0.16647495211745889 0.0 0.0 0.0 0.0 0.0 0.35 0.35 0.0 0.0 
0.18868680972881066 0.1113131902711894 0.0 0.0 0.0 0.0 0.0 0.35 0.35 0.0 0.0 
0.3394976160737522 0.0 0.0 0.0 0.0 0.19313333723221227 0.0 0.11736904669403563 0.35 0.0 0.0 
0.34096335396431693 0.0 0.0 0.0 0.0 0.2896543235077376 0.0 0.10044601933573588 0.2689363031922097 0.0 0.0 
0.33746955145773677 0.0 0.0 0.0 0.11404722769975167 0.2504398405341185 0.0 0.10030676250856845 0.1977366177998246 0.0 0.0 
0.35 0.1869478933506673 0.0 0.0 0.0 0.0 0.0 0.11305210664933273 0.35 0.0 0.0 
0.3355010575780269 0.0 0.0 0.0 0.0 0.30981584079521185 0.0 0.10219329032775655 0.25248981129900466 0.0 0.0 
0.35 0.18967724948789935 0.0 0.0 0.0 0.0 0.0 0.11032275051210065 0.35 0.0 0.0 
0.24473001553571705 0.1283689667811783 0.0 0.0 0.0 0.0 0.0 0.27690101768310466 0.35 0.0 0.0 
0.35 0.14669581718138872 0.0 0.0 0.0 0.0 0.0 0.15330418281861127 0.35 0.0 0.0 
0.35 0.13780215120211434 0.0 0.0 0.0 0.0 0.0 0.1621978487978857 0.35 0.0 0.0 
0.3331156621274377 0.11198242483475163 0.0 0.0 0.0 0.0 0.0 0.2049019130378108 0.35 0.0 0.0 
0.35 0.12542556315499262 0.0 0.0 0.0 0.0 0.0 0.17457443684500754 0.3499999999999999 0.0 0.0 
0.29750378696497076 0.10043621508889577 0.0 0.0 0.0 0.0 0.0 0.25205999794613343 0.35 0.0 0.0 
0.35 0.0 0.0 0.0 0.0 0.18980155851566968 0.0 0.11019844148433032 0.35 0.0 0.0 
0.35 0.10753612035307153 0.0 0.0 0.0 0.0 0.0 0.1924638796469285 0.35 0.0 0.0 
0.35 0.12542556315499262 0.0 0.0 0.0 0.0 0.0 0.17457443684500754 0.3499999999999999 0.0 0.0 
0.2763601226003991 0.10300542807271804 0.0 0.0 0.0 0.0 0.0 0.2712011066518718 0.349433342675011 0.0 0.0 
0.27673640360389995 0.10255632620139028 0.0 0.0 0.0 0.0 0.0 0.27170616601467723 0.34900110418003255 0.0 0.0 
0.33746955145773677 0.0 0.0 0.0 0.11404722769975167 0.2504398405341185 0.0 0.10030676250856845 0.1977366177998246 0.0 0.0 
0.35 0.16863308342749891 0.0 0.0 0.0 0.0 0.0 0.1313669165725011 0.35 0.0 0.0 
0.34863381114485265 0.0 0.0 0.0 0.0 0.0 0.0 0.30136618885514743 0.35 0.0 0.0 
