0.29999999999999977 0.0 0.0 0.0 0.0 0.0 0.0 0.35 0.35 0.0 0.0 
0.0 0.0 0.0 0.35 0.21209217375137254 0.0 0.0 0.2965564810127174 0.0 0.0 0.14135134523591 
0.19838910675128205 0.0 0.0 0.10161089324871804 0.0 0.0 0.0 0.35 0.35 0.0 0.0 
0.35 0.0 0.0 0.0 0.0 0.0 0.0 0.35 0.29999999999999993 0.0 0.0 
0.0 0.0 0.0 0.35 0.17573295253479654 0.0 0.0 0.35 0.0 0.0 0.12426704746520352 
0.15955980343080797 0.0 0.0 0.22861028527226626 0.0 0.0 0.0 0.35 0.26182991129692573 0.0 0.0 
0.0 0.0 0.0 0.31266689269143155 0.15922879724391464 0.0 0.0 0.2971720203324428 0.1004064787509615 0.0 0.13052581098124957 
0.1906272827658049 0.0 0.0 0.2335674405989108 0.0 0.0 0.0 0.35 0.22580527663528435 0.0 0.0 
0.19048465660762243 0.0 0.0 0.21746773827373422 0.0 0.0 0.0 0.35 0.24204760511864346 0.0 0.0 
0.0 0.0 0.0 0.3186411918175769 0.1405879491903209 0.0 0.0 0.3119723036915168 0.10137947535502022 0.0 0.12741907994556534 
0.10472434624323754 0.0 0.0 0.34656391300140343 0.0 0.0 0.0 0.3417724463897926 0.10157431679873541 0.0 0.10536497756683093 
0.0 0.0 0.0 0.30825726464541253 0.1820752066617755 0.0 0.0 0.2994582490734914 0.1010225170976922 0.0 0.10918676252162832 
0.0 0.0 0.0 0.28186968132440576 0.10134021668537577 0.0 0.0 0.34854556696396444 0.15143670654704378 0.0 0.11680782847921034 
0.18292659321406482 0.0 0.0 0.24975997029154795 0.0 0.0 0.0 0.35 0.21731343649438717 0.0 0.0 
0.19339754127598086 0.0 0.0 0.25980847385794514 0.0 0.0 0.0 0.35 0.1967939848660741 0.0 0.0 
0.10091456674298405 0.0 0.0 0.2592472099503319 0.0 0.0 0.0 0.34557267080174836 0.18890261687899013 0.0 0.10536293562594551 
0.11162225176750143 0.0 0.0 0.30091891192586406 0.0 0.0 0.0 0.3498434287714217 0.1340790398130908 0.0 0.10353636772212191 
0.19113565354100417 0.0 0.0 0.13617737589106108 0.0 0.0 0.0 0.35 0.3226869705679346 0.0 0.0 
0.20622568845172437 0.0 0.0 0.190700811015216 0.0 0.0 0.0 0.35 0.25307350053305955 0.0 0.0 
0.10776593900626516 0.0 0.0 0.2407395427478519 0.0 0.0 0.0 0.3484057171240934 0.2010799004848365 0.0 0.10200890063695292 
0.1940490259366959 0.0 0.0 0.13922542183038825 0.0 0.0 0.0 0.35 0.3167255522329159 0.0 0.0 
0.10693436503169854 0.0 0.0 0.26044495135785867 0.0 0.0 0.0 0.35 0.17504526851249627 0.0 0.10757541509794664 
0.20366868550652373 0.0 0.0 0.14343794038627483 0.0 0.0 0.0 0.35 0.30289337410720163 0.0 0.0 
0.18190195341838122 0.0 0.0 0.1690613230836164 0.0 0.0 0.0 0.35 0.2990367234980024 0.0 0.0 
0.1544931718397125 0.0 0.0 0.1982685503439667 0.0 0.0 0.0 0.35 0.2972382778163209 0.0 0.0 
0.0 0.0 0.0 0.31696940993321726 0.10081405417404908 0.0 0.0 0.35 0.11188138776542798 0.0 0.12033514812730574 
0.0 0.0 0.0 0.3459443852215449 0.18939579849358726 0.0 0.0 0.32427164395429925 0.0 0.0 0.14038817233056863 
0.1911364284983307 0.0 0.0 0.17802594657080772 0.0 0.0 0.0 0.35 0.2808376249308615 0.0 0.0 
0.18672243088531212 0.0 0.0 0.12602423569257198 0.0 0.0 0.0 0.35 0.33725333342211594 0.0 0.0 
0.10312452134267404 0.0 0.0 0.2531398169121162 0.0 0.0 0.0 0.34630967095983983 0.19720642556050633 0.0 0.1002195652248636 
0.18137320623934752 0.0 0.0 0.3113252135067626 0.0 0.0 0.0 0.35 0.15730158025388982 0.0 0.0 
0.1676481963844401 0.0 0.0 0.2667267853577268 0.0 0.0 0.0 0.35 0.215625018257833 0.0 0.0 
0.19038392979193897 0.0 0.0 0.2975915198321545 0.0 0.0 0.0 0.3485931836094146 0.16343136676649195 0.0 0.0 
0.17888826087542575 0.0 0.0 0.1662603699376795 0.0 0.0 0.0 0.35 0.3048513691868948 0.0 0.0 
0.0 0.0 0.0 0.35 0.1990999383849183 0.0 0.0 0.31042371919014783 0.0 0.0 0.1404763424249338 
0.17875407460288387 0.0 0.0 0.1273890173864888 0.0 0.0 0.0 0.35 0.3438569080106274 0.0 0.0 
0.0 0.0 0.0 0.3487548485354083 0.2039473105814682 0.0 0.0 0.3031917336663142 0.0 0.0 0.14410610721680928 
0.1822602132693873 0.0 0.0 0.32021724961098247 0.0 0.0 0.0 0.34944292374311436 0.1480796133765159 0.0 0.0 
0.0 0.0 0.0 0.3022988913576516 0.10319621296869558 0.0 0.0 0.35 0.1336960764734809 0.0 0.11080881920017194 
0.0 0.0 0.0 0.34700213032363175 0.18997488717596067 0.0 0.0 0.31733584172608453 0.0 0.0 0.14568714077432304 
0.3349479717386534 0.0 0.0 0.0 0.0 0.0 0.0 0.35 0.31505202826134654 0.0 0.0 
0.10422343208001703 0.0 0.0 0.2369237060826118 0.0 0.0 0.0 0.35 0.2047937257630547 0.0 0.10405913607431638 
0.0 0.0 0.0 0.3254867935240169 0.113684395323968 0.0 0.0 0.3352966811603167 0.10099487516003289 0.0 0.12453725483166561 
0.1050336577814233 0.0 0.0 0.28163372415347665 0.0 0.0 0.0 0.34557003753673005 0.1669400262603284 0.0 0.10082255426804157 
0.10085485800852381 0.0 0.0 0.33231873439471415 0.0 0.0 0.0 0.34407977528841227 0.12198272042125395 0.0 0.10076391188709584 
0.19337666352189714 0.0 0.0 0.1304074155683825 0.0 0.0 0.0 0.35 0.3262159209097204 0.0 0.0 
0.10259016320675945 0.0 0.0 0.33803659904350974 0.0 0.0 0.0 0.344763524941315 0.1121120605389037 0.0 0.1024976522695121 
0.0 0.0 0.0 0.3282208941463942 0.10246451638116953 0.0 0.0 0.33913778723064314 0.10215185657334899 0.0 0.12802494566844402 
0.20043778731749834 0.0 0.0 0.26265523283814596 0.0 0.0 0.0 0.35 0.18690697984435575 0.0 0.0 
0.0 0.0 0.0 0.35 0.16842079831649254 0.0 0.0 0.34169443562710117 0.0 0.0 0.1398847660564064 
0.0 0.0 0.0 0.31873274197101004 0.10130399375383663 0.0 0.0 0.3460311016555295 0.1028830125361598 0.0 0.131049150083464 
0.19206392092368385 0.0 0.0 0.1853612252345828 0.0 0.0 0.0 0.35 0.2725748538417333 0.0 0.0 
0.20664319016075663 0.0 0.0 0.21359960162126934 0.0 0.0 0.0 0.35 0.22975720821797407 0.0 0.0 
0.16161170012639162 0.0 0.0 0.17435804373679276 0.0 0.0 0.0 0.35 0.3140302561368157 0.0 0.0 
0.18512972974485464 0.0 0.0 0.2771181839266162 0.0 0.0 0.0 0.35 0.18775208632852913 0.0 0.0 
0.10028964647171892 0.0 0.0 0.256769874728995 0.0 0.0 0.0 0.34889835450705087 0.19313897493158283 0.0 0.10090314936065235 
0.15223487916499392 0.0 0.0 0.35 0.0 0.0 0.0 0.35 0.14776512083500612 0.0 0.0 
0.0 0.0 0.0 0.3095477054906149 0.10296289011243806 0.0 0.0 0.3450302737685416 0.13218143025939585 0.0 0.11027770036900952 
0.18735804695284808 0.0 0.0 0.18516059929956372 0.0 0.0 0.0 0.35 0.27748135374758826 0.0 0.0 
0.0 0.0 0.0 0.35 0.17545957600095474 0.0 0.0 0.3305908058695281 0.0 0.0 0.1439496181295171 
0.10259283127970506 0.0 0.0 0.3138319123123054 0.0 0.0 0.0 0.3486447199515864 0.13274775661757435 0.0 0.10218277983882885 
0.0 0.0 0.0 0.3240600132521155 0.13313272745141352 0.0 0.0 0.31708211793410923 0.10055216135932427 0.0 0.1251729800030374 
0.0 0.0 0.0 0.35 0.17250940195270995 0.0 0.0 0.3348490757900403 0.0 0.0 0.14264152225724958 
0.0 0.0 0.0 0.30689185470019265 0.10476411955652859 0.0 0.0 0.35 0.12053393040543821 0.0 0.11781009533784059 
0.0 0.0 0.0 0.32945005977201736 0.11514188260658527 0.0 0.0 0.3269844999157392 0.1022896768409126 0.0 0.12613388086474572 
0.0 0.0 0.0 0.2868727687974288 0.10421957453129142 0.0 0.0 0.3478878529669066 0.14466775296290968 0.0 0.11635205074146356 
0.17090994786581884 0.0 0.0 0.1290900521341813 0.0 0.0 0.0 0.35 0.35 0.0 0.0 
0.10076517085648995 0.0 0.0 0.3483701071869116 0.0 0.0 0.0 0.3386304730384558 0.11187182455947751 0.0 0.10036242435866506 
0.19034737872089413 0.0 0.0 0.2896308681363623 0.0 0.0 0.0 0.35 0.17002175314274356 0.0 0.0 
0.20340876656326262 0.0 0.0 0.18904995001838545 0.0 0.0 0.0 0.35 0.257541283418352 0.0 0.0 
0.1950736308726015 0.0 0.0 0.10795741148928575 0.0 0.0 0.0 0.35 0.34696895763811275 0.0 0.0 
0.17984412260504076 0.0 0.0 0.34182142608231075 0.0 0.0 0.0 0.35 0.1283344513126485 0.0 0.0 
0.0 0.0 0.0 0.32879500225203906 0.12288297991292679 0.0 0.0 0.3198436686963734 0.10208629056113121 0.0 0.12639205857752966 
0.19725973735245672 0.0 0.0 0.1420601642076252 0.0 0.0 0.0 0.35 0.31068009843991806 0.0 0.0 
0.19966110970094716 0.0 0.0 0.12200378464229476 0.0 0.0 0.0 0.35 0.32833510565675816 0.0 0.0 
0.10749182056136293 0.0 0.0 0.28410841871477366 0.0 0.0 0.0 0.35 0.1530633689628462 0.0 0.10533639176101742 
0.10161451083584332 0.0 0.0 0.3242104824425471 0.0 0.0 0.0 0.3414847568801269 0.13148188021514148 0.0 0.10120836962634137 
0.10497331296538746 0.0 0.0 0.2740075320666937 0.0 0.0 0.0 0.3484193845404444 0.17183514157703778 0.0 0.10076462885043659 
0.0 0.0 0.0 0.32163532620791224 0.10189958854008252 0.0 0.0 0.3480655162169708 0.12119301488318984 0.0 0.10720655415184456 
0.20464652274742112 0.0 0.0 0.16064290575451246 0.0 0.0 0.0 0.35 0.2847105714980664 0.0 0.0 
0.0 0.0 0.0 0.322343024644261 0.10344117025918541 0.0 0.0 0.35 0.10484419538915868 0.0 0.11937160970739488 
0.19984860641271152 0.0 0.0 0.18614053640638412 0.0 0.0 0.0 0.35 0.26401085718090445 0.0 0.0 
0.10631618902173655 0.0 0.0 0.28605233484212067 0.0 0.0 0.0 0.34978967891853735 0.1557881321008298 0.0 0.10205366511677573 
0.32101163041243386 0.0 0.0 0.0 0.0 0.0 0.0 0.35 0.3289883695875663 0.0 0.0 
0.10900743541630185 0.0 0.0 0.29386971090340247 0.0 0.0 0.0 0.34508537383328186 0.14983205518934575 0.0 0.10220542465766808 
0.10553157101066593 0.0 0.0 0.275464730138489 0.0 0.0 0.0 0.34529219961140145 0.1727489771752205 0.0 0.10096252206422308 
0.18954329484705693 0.0 0.0 0.16856467524838642 0.0 0.0 0.0 0.35 0.2918920299045567 0.0 0.0 
0.10872434147695405 0.0 0.0 0.31592587357205437 0.0 0.0 0.0 0.3441891819586938 0.1292817865849399 0.0 0.10187881640735783 
0.0 0.0 0.0 0.31407900265117766 0.10310374892591018 0.0 0.0 0.35 0.10471082037540848 0.0 0.1281064280475036 
0.0 0.0 0.0 0.3052358841480426 0.10018152132110411 0.0 0.0 0.3402242006758309 0.15060504347484266 0.0 0.10375335038017973 
0.0 0.0 0.0 0.30989452303918286 0.13672882407599662 0.0 0.0 0.32758905003051736 0.10186616388219222 0.0 0.12392143897211073 
0.20519274970602155 0.0 0.0 0.10509558174445856 0.0 0.0 0.0 0.35 0.33971166854951984 0.0 0.0 
0.18626695791166284 0.0 0.0 0.1318706782540071 0.0 0.0 0.0 0.35 0.33186236383433015 0.0 0.0 
0.10900743541630185 0.0 0.0 0.29386971090340247 0.0 0.0 0.0 0.34508537383328186 0.14983205518934575 0.0 0.10220542465766808 
0.17920683726479456 0.0 0.0 0.15261575867413424 0.0 0.0 0.0 0.35 0.3181774040610713 0.0 0.0 
0.1739846703746679 0.0 0.0 0.34011275632185684 0.0 0.0 0.0 0.34165893417949633 0.14424363912397908 0.0 0.0 
0.16621685589319965 0.0 0.0 0.26444953540088595 0.0 0.0 0.0 0.34701178311047637 0.22232182559543814 0.0 0.0 
0.0 0.0 0.0 0.3494874489838224 0.16817415759842808 0.0 0.0 0.3411940475408072 0.0 0.0 0.1411443458769422 
0.19485220544819895 0.0 0.0 0.28347211932732674 0.0 0.0 0.0 0.35 0.17167567522447422 0.0 0.0 
0.17773825201877236 0.0 0.0 0.28855390700675054 0.0 0.0 0.0 0.35 0.18370784097447712 0.0 0.0 
