-0.013716700458084229 4.153849936859849E-4 
-0.0054350242875625555 8.124768856608906E-5 
-0.013716700458084229 4.153849936859849E-4 
-0.013716700458084225 4.153849936859847E-4 
-0.013591765666062978 3.481831911775099E-4 
-0.005758279912337118 8.838214738206012E-5 
-0.007138314439896974 8.859273009402858E-5 
-0.013359346558462507 2.9335660121957894E-4 
-0.013366937242629613 3.3162249254618055E-4 
-0.012399528897818247 2.284765811367559E-4 
-0.012389364011467124 2.0089232172575936E-4 
-0.011391800580164722 1.675883345241757E-4 
-0.011570386351872162 1.728945071467803E-4 
-0.008007675205456345 9.638018972270743E-5 
-0.013249313245636565 2.707776432628587E-4 
-0.010955871309903668 1.5457272257923295E-4 
-0.010831170349910154 1.5158322027784404E-4 
-0.008535743989579887 1.0329519515977126E-4 
-0.008754566086394864 1.0650594065760241E-4 
-0.01122049456842229 1.623670788718329E-4 
-0.009445600359457886 1.1870395142561168E-4 
-0.008110665999533329 9.803170931054298E-5 
-0.010171113433086722 1.3448124288211025E-4 
-0.00736743204248803 9.021384448286679E-5 
-0.010731207207881977 1.4853304680260726E-4 
-0.011873490615811264 1.8293575355379712E-4 
-0.007794738734764473 9.414153865454915E-5 
-0.01217401343510296 1.9347515474927101E-4 
-0.011318819692263622 1.6565305712771796E-4 
-0.011792104796496488 1.7996055256484696E-4 
-0.013343682522130616 2.8971132207442E-4 
-0.013221191250744873 2.6613979155410176E-4 
-0.012085186501533354 1.8994404073866306E-4 
-0.005560398193420581 8.291023782663621E-5 
-0.011114414769484693 1.5907722637409534E-4 
-0.010274183804240125 1.3697125585814026E-4 
-0.011063679584607598 1.5769012908705898E-4 
-0.007223622017198568 8.947409242212913E-5 
-0.010067362284758352 1.3211349670131533E-4 
-0.00954114714471864 1.2056548254992341E-4 
-0.012481922416368613 2.3168959929078934E-4 
-0.009090629832683834 1.1255946790128223E-4 
-0.01356453665045024 3.409911731942089E-4 
-0.012243604459893868 1.9578165874745113E-4 
-0.008269163526808253 9.956726613810128E-5 
-0.009918811949366342 1.289422532563534E-4 
-0.013178485094214498 2.5997867797868037E-4 
-0.012713023545748041 2.3713715137324286E-4 
-0.00971855663241521 1.2420501958972208E-4 
-0.00840988699784771 1.0148495055014193E-4 
-0.011633058560035294 1.7503759141198613E-4 
-0.009979983604842348 1.3135158345731505E-4 
-0.009296545344851827 1.158121190970078E-4 
-0.012614826874383922 2.3496895652516008E-4 
-0.013127689470633839 2.5403532808016666E-4 
-0.011961116103149842 1.8612941864538262E-4 
-0.01353640214456223 3.3636237720233695E-4 
-0.01279540206501606 2.4146022588647322E-4 
-0.01329363805738333 2.7902393808103265E-4 
-0.0129674044599579 2.4502339193234793E-4 
-0.013571810358329314 3.4535008505515846E-4 
-0.012882340531974987 2.4253524665460158E-4 
-0.010611243629362832 1.4746479249070455E-4 
-0.005633623168711898 8.575557065692007E-5 
-0.010549342547569802 1.4366040110254055E-4 
-0.013591765666062978 3.481831911775099E-4 
-0.009799967062956383 1.2606536455909734E-4 
-0.009835307084976003 1.2725663300497322E-4 
-0.005680710311225523 8.606202709605709E-5 
-0.012756957756609788 2.3879955984209422E-4 
-0.010420890974176342 1.416953871014409E-4 
-0.008309689901670185 1.0009509147065486E-4 
-0.009001362548088494 1.1085822637120458E-4 
-0.007484405704254592 9.195763234123606E-5 
-0.0077445814992555834 9.402311742186397E-5 
-0.007618698089352321 9.235455322132333E-5 
-0.01304926486049347 2.478140393360035E-4 
-0.008481345577466173 1.0245820058396043E-4 
-0.011702809375275257 1.7828365276171897E-4 
-0.013420029918445507 3.326092602162033E-4 
-0.0076482480857867595 9.308593335650029E-5 
-0.005467179733761843 8.141597897446973E-5 
-0.0133158463644093 2.8358644698695044E-4 
-0.01203124371203905 1.880886606170191E-4 
-0.009618684561936274 1.2255936075144164E-4 
-0.009291064762080008 1.1579487033053153E-4 
-0.00894883699864749 1.107917099841155E-4 
-0.008887369968386323 1.0911326049546616E-4 
-0.010339391146574357 1.3865205817824945E-4 
-0.013192149674350603 2.618343264464268E-4 
-0.012302839020512216 1.9858838399560374E-4 
-0.011686617753767985 1.7741985529565833E-4 
-0.012932676484302928 2.441068949456083E-4 
-0.009183144398292056 1.1403987368033741E-4 
-0.007501007137691612 9.208825439789543E-5 
-0.008776107000863845 1.0847586107936254E-4 
-0.012322553462067457 1.9867235298322804E-4 
-0.012549454316649049 2.3313278152459432E-4 
-0.00964862816990449 1.228271615900399E-4 
-0.01060758904058871 1.4549967571975196E-4 
