0.0 0.30000000000000016 0.0 0.0 0.0 0.0 0.0 0.35 0.35 0.0 0.0 
0.0 0.15004585779938354 0.0 0.10042281717376968 0.1967353084484248 0.0 0.10113442695018995 0.3489066211350604 0.1027549684931717 0.0 0.0 
0.0 0.30000000000000016 0.0 0.0 0.0 0.0 0.0 0.35 0.35 0.0 0.0 
0.0 0.1457343245622932 0.0 0.10764802742016794 0.0 0.0 0.10152445246569854 0.35 0.29509319555184044 0.0 0.0 
0.0 0.11936730148979265 0.0 0.10521578905662202 0.10395742559939093 0.0 0.10128516278911065 0.35 0.22017432106508383 0.0 0.0 
0.0 0.14200518991057795 0.0 0.10143408583588837 0.0 0.0 0.10507157862481675 0.35 0.30148914562871704 0.0 0.0 
0.0 0.15581313725801985 0.0 0.10385315144016273 0.154503701953037 0.0 0.10297689332052128 0.3499999999999999 0.1328531160282592 0.0 0.0 
0.0 0.15165105862335881 0.0 0.10083905293836674 0.0 0.0 0.11327006852308463 0.35 0.2842398199151899 0.0 0.0 
0.0 0.1388691028864617 0.0 0.14684020923383362 0.0 0.0 0.16810991334898728 0.35 0.19618077453071747 0.0 0.0 
0.0 0.11438486707622428 0.0 0.10942419417598662 0.10457741261317405 0.0 0.10967106047217372 0.3498292153052714 0.21211325035716996 0.0 0.0 
0.0 0.15393784908832311 0.0 0.14779453280114946 0.0 0.0 0.14442129917382127 0.35 0.2038463189367061 0.0 0.0 
0.0 0.19867445575082332 0.0 0.0 0.0 0.0 0.10132554424917678 0.35 0.35 0.0 0.0 
0.0 0.2076264034017649 0.0 0.0 0.0 0.0 0.15013037978025565 0.35 0.29224321681797943 0.0 0.0 
0.0 0.3061695303233775 0.0 0.0 0.0 0.0 0.0 0.35 0.3438304696766225 0.0 0.0 
0.0 0.15921090767542526 0.0 0.1123204071208489 0.135927302693248 0.0 0.1055151089618466 0.3499999999999999 0.13702627354863123 0.0 0.0 
0.0 0.1480871090129978 0.0 0.11022132030052999 0.17742565118277934 0.0 0.10000739295132156 0.35 0.11425852655237131 0.0 0.0 
0.0 0.21257969230788729 0.0 0.0 0.0 0.0 0.1320396057098248 0.35 0.305380701982288 0.0 0.0 
0.0 0.19344156239430044 0.0 0.0 0.0 0.0 0.175557559001153 0.35 0.2810008786045466 0.0 0.0 
0.0 0.13842383976683312 0.0 0.15244380025514265 0.0 0.0 0.16880556801081092 0.35 0.1903267919672133 0.0 0.0 
0.0 0.20975640723546388 0.0 0.0 0.0 0.0 0.13027328203696784 0.35 0.3099703107275683 0.0 0.0 
0.10831065158140332 0.19658344459873636 0.0 0.0 0.0 0.0 0.0 0.35 0.34510590381986045 0.0 0.0 
0.14603640153806258 0.1764504122456393 0.0 0.0 0.0 0.0 0.0 0.35 0.3275131862162981 0.0 0.0 
0.0 0.20148392856556335 0.0 0.0 0.0 0.0 0.15080995356920127 0.35 0.29770611786523543 0.0 0.0 
0.0 0.14582154551406346 0.0 0.11270245720847603 0.13413361940700172 0.0 0.10275501592944891 0.34934271333547123 0.15524464860553863 0.0 0.0 
0.0 0.10972168019220607 0.0 0.10451756114237479 0.0 0.0 0.10777092380572777 0.35 0.3279898348596914 0.0 0.0 
0.0 0.13565156630165143 0.0 0.1037171578925073 0.0 0.0 0.10277762918010314 0.35 0.30785364662573816 0.0 0.0 
0.0 0.19909540448636398 0.0 0.0 0.0 0.0 0.1346610897564437 0.35 0.3162435057571923 0.0 0.0 
0.0 0.13881893163987397 0.0 0.15669267164922895 0.0 0.0 0.16964796666185677 0.34972410552586825 0.18511632452317195 0.0 0.0 
0.0 0.15705660548134018 0.0 0.10122792786939987 0.16549368559553593 0.0 0.10012885026776666 0.35 0.1260929307859575 0.0 0.0 
0.0 0.20658855357579037 0.0 0.0 0.0 0.0 0.10811504879049799 0.35 0.3352963976337117 0.0 0.0 
0.0 0.21912384003787094 0.0 0.0 0.0 0.0 0.10306833975387177 0.35 0.3278078202082575 0.0 0.0 
0.0 0.2201260155224424 0.0 0.0 0.0 0.0 0.15014773836271303 0.35 0.27972624611484465 0.0 0.0 
0.0 0.16238188000766066 0.0 0.1007457688716399 0.12583844795205895 0.0 0.11100028877858328 0.35 0.15003361439005722 0.0 0.0 
0.0 0.1509379697059073 0.0 0.10019809598560027 0.10086840615984115 0.0 0.11334760803820823 0.35 0.18464792011044304 0.0 0.0 
0.0 0.12906490075143953 0.0 0.10094766107650534 0.0 0.0 0.10032427258555215 0.35 0.31966316558650293 0.0 0.0 
0.0 0.18906173364247253 0.0 0.0 0.0 0.0 0.18338088537074598 0.35 0.27755738098678157 0.0 0.0 
0.0 0.10653067342343386 0.0 0.10091420693301294 0.1063558175093336 0.0 0.10731672240315127 0.35 0.22888257973106843 0.0 0.0 
0.0 0.19031304262365822 0.0 0.0 0.0 0.0 0.10968695737634179 0.35 0.35 0.0 0.0 
0.0 0.15695524166334401 0.0 0.10603251057602027 0.0 0.0 0.1134815232970318 0.35 0.273530724463604 0.0 0.0 
0.0 0.1631311152157276 0.0 0.1120902457287677 0.0 0.0 0.12684697732642644 0.35 0.2479316617290782 0.0 0.0 
0.0 0.13256008888676946 0.0 0.10091542569150451 0.0 0.0 0.10583411017303995 0.35 0.31069037524868615 0.0 0.0 
0.0 0.14802263889783984 0.0 0.10629908778600948 0.10607204367442875 0.0 0.10504253653151562 0.35 0.18456369311020634 0.0 0.0 
0.0 0.15162952154667714 0.0 0.1004038068947314 0.18933615195594033 0.0 0.10220185345508202 0.35 0.10642866614756916 0.0 0.0 
0.0 0.15317683518228645 0.0 0.10570639059890304 0.11161957707859296 0.0 0.10772270696479325 0.35 0.17177449017542432 0.0 0.0 
0.0 0.1615512429567024 0.0 0.11197187199211484 0.12462023041838209 0.0 0.11421621130977579 0.35 0.13764044332302486 0.0 0.0 
0.0 0.1271077457614402 0.0 0.10801737801216671 0.10747441444434055 0.0 0.1071600006208386 0.35 0.20024046116121397 0.0 0.0 
0.0 0.13388086326393633 0.0 0.12711298600919155 0.0 0.0 0.13573277724624197 0.35 0.25327337348063017 0.0 0.0 
0.0 0.1447823507892952 0.0 0.10221385210024218 0.11089552162354893 0.0 0.11000757331709109 0.35 0.1821007021698227 0.0 0.0 
0.0 0.15818223291081948 0.0 0.10466061305551581 0.0 0.0 0.10959187215977927 0.35 0.27756528187388546 0.0 0.0 
0.0 0.2259079720693524 0.0 0.0 0.0 0.0 0.10234687284169927 0.35 0.32174515508894824 0.0 0.0 
0.1047894783827088 0.20606150153784322 0.0 0.0 0.0 0.0 0.0 0.35 0.33914902007944797 0.0 0.0 
0.0 0.15384017724664095 0.0 0.10616415887223167 0.1077723889383528 0.0 0.10818920702487637 0.35 0.17403406791789816 0.0 0.0 
0.0 0.15534654715287055 0.0 0.10710163287184744 0.15556057717786367 0.0 0.10620064382738258 0.35 0.12579059897003583 0.0 0.0 
0.0 0.12998286138629103 0.0 0.10273166135724235 0.0 0.0 0.10225351035883584 0.35 0.3150319668976309 0.0 0.0 
0.0 0.22455913083639675 0.0 0.0 0.0 0.0 0.12947702416164045 0.35 0.2959638450019628 0.0 0.0 
0.0 0.22784026628849213 0.0 0.0 0.0 0.0 0.14094873395612795 0.35 0.2812109997553799 0.0 0.0 
0.0 0.14408190262141754 0.0 0.16024786031979782 0.0 0.0 0.1304094091041268 0.35 0.21526082795465792 0.0 0.0 
0.0 0.14744325888430096 0.0 0.12029604512557529 0.0 0.0 0.12210279446670799 0.35 0.2601579015234158 0.0 0.0 
0.0 0.1915780670711635 0.0 0.0 0.0 0.0 0.11775584738681465 0.35 0.3406660855420219 0.0 0.0 
0.0 0.10391584090471322 0.0 0.10626179643127519 0.10779548055546129 0.0 0.10281851817851502 0.35 0.22920836393003535 0.0 0.0 
0.0 0.1602258310570595 0.0 0.10412546453437763 0.0 0.0 0.10654947487917193 0.35 0.2790992295293911 0.0 0.0 
0.0 0.1676408214921568 0.0 0.10576536581134885 0.10653020852463395 0.0 0.11463785511168549 0.35 0.155425749060175 0.0 0.0 
0.10002080756780227 0.19997919243219786 0.0 0.0 0.0 0.0 0.0 0.35 0.35 0.0 0.0 
0.12473410058778205 0.19524176218940725 0.0 0.0 0.0 0.0 0.0 0.35 0.3300241372228107 0.0 0.0 
0.0 0.24408072543087703 0.0 0.0 0.11492522845822135 0.0 0.11868385172470663 0.3499999999999999 0.172310194386195 0.0 0.0 
0.0 0.15291720144634263 0.0 0.10542675244001325 0.16876611874833142 0.0 0.10453985327335329 0.35 0.11835007409195943 0.0 0.0 
0.0 0.1258305833348988 0.0 0.15731036311065397 0.0 0.0 0.13390056309503612 0.35 0.23295849045941114 0.0 0.0 
0.0 0.14053539517433666 0.0 0.12160517725230648 0.0 0.0 0.15862944187220943 0.35 0.22922998570114758 0.0 0.0 
0.0 0.15288519608060838 0.0 0.10540468676173702 0.16873079622540396 0.0 0.1045179732218864 0.3499267454681289 0.11853460224223536 0.0 0.0 
0.0 0.13790330388786612 0.0 0.14284436194171618 0.0 0.0 0.14556447735198186 0.35 0.22368785681843595 0.0 0.0 
0.0 0.15774990203918696 0.0 0.10871803900978172 0.0 0.0 0.11752326608614991 0.35 0.26600879286488144 0.0 0.0 
0.0 0.1619351381725289 0.0 0.1109368771490587 0.10914621768549977 0.0 0.10452647863832566 0.35 0.16345528835458706 0.0 0.0 
0.0 0.1321878590564844 0.0 0.10106885915895972 0.0 0.0 0.10015332023522457 0.35 0.31658996154933133 0.0 0.0 
0.0 0.1720467127556161 0.0 0.14830533837761067 0.0 0.0 0.11980995704626748 0.35 0.20983799182050583 0.0 0.0 
0.0 0.1547818873650729 0.0 0.10365296401175877 0.12134353878247132 0.0 0.10961573856260398 0.35 0.16060587127809312 0.0 0.0 
0.0 0.14857831251241857 0.0 0.12526564665382328 0.11089415075975567 0.0 0.10976889540972602 0.35 0.15549299466427655 0.0 0.0 
0.0 0.1553975055481706 0.0 0.10671991557901882 0.17903464697852212 0.0 0.10061640244477384 0.34619847148115307 0.11203305796836152 0.0 0.0 
0.0 0.11720058787826673 0.0 0.108333700269436 0.10863113149662443 0.0 0.1069426016681299 0.35 0.20889197868754292 0.0 0.0 
0.0 0.15865364175266977 0.0 0.11193702687216672 0.0 0.0 0.151549221210946 0.34978253078867605 0.22807757937554152 0.0 0.0 
0.0 0.14911093274647058 0.0 0.11779612297632935 0.0 0.0 0.1277154882450453 0.35 0.25537745603215484 0.0 0.0 
0.0 0.19507254617332306 0.0 0.0 0.0 0.0 0.13350874722225106 0.35 0.32141870660442595 0.0 0.0 
0.0 0.15816161977412868 0.0 0.11158015354160997 0.1350314666211199 0.0 0.1048197060597831 0.3476933065025764 0.14271374750078197 0.0 0.0 
0.0 0.19878184201572638 0.0 0.0 0.0 0.0 0.12062294833427269 0.35 0.33059520965000094 0.0 0.0 
0.0 0.17065128751445555 0.0 0.0 0.0 0.0 0.12934871248554447 0.35 0.35 0.0 0.0 
0.0 0.1927223047824637 0.0 0.0 0.0 0.0 0.131900228802213 0.35 0.3253774664153232 0.0 0.0 
0.0 0.14601484249938057 0.0 0.11290129285122785 0.0 0.0 0.11674835500426144 0.35 0.27433550964513015 0.0 0.0 
0.0 0.11688395008596349 0.0 0.10804101791769742 0.11103931967861476 0.0 0.1066536776114474 0.34905441406641025 0.20832762063986673 0.0 0.0 
0.0 0.30245065934388643 0.0 0.0 0.0 0.0 0.0 0.3490203928140628 0.3485289478420508 0.0 0.0 
0.10829862245570715 0.19379902361158793 0.0 0.0 0.0 0.0 0.0 0.34996979833165137 0.3479325556010535 0.0 0.0 
0.0 0.2049643756611855 0.0 0.0 0.0 0.0 0.12683830532038956 0.35 0.3181973190184251 0.0 0.0 
0.0 0.1801148447605574 0.0 0.12055927156403555 0.0 0.0 0.12845579369148957 0.35 0.22087008998391744 0.0 0.0 
0.0 0.22298741076453674 0.0 0.0 0.0 0.0 0.1285707967597014 0.35 0.2984417924757619 0.0 0.0 
0.10814937614769614 0.20361046351218265 0.0 0.0 0.0 0.0 0.0 0.35 0.3382401603401213 0.0 0.0 
0.0 0.1705641472083262 0.0 0.1112213154573659 0.0 0.0 0.11087855782885879 0.35 0.25733597950544923 0.0 0.0 
0.0 0.15253478856257657 0.0 0.11318195375993591 0.0 0.0 0.14366903962597385 0.35 0.24061421805151378 0.0 0.0 
0.0 0.16674370082951523 0.0 0.14227299607699945 0.0 0.0 0.13333719162487684 0.35 0.20764611146860854 0.0 0.0 
0.0 0.16814888715637236 0.0 0.13073006181335525 0.0 0.0 0.11684906356099138 0.35 0.23427198746928105 0.0 0.0 
0.0 0.13276159662051054 0.0 0.16348385617029165 0.0 0.0 0.17070919053881145 0.34552339449762837 0.187521962172758 0.0 0.0 
0.11840654566237203 0.19683948810732627 0.0 0.0 0.0 0.0 0.0 0.35 0.33475396623030185 0.0 0.0 
0.0 0.16453926465616914 0.0 0.12840738372403618 0.0 0.0 0.1368592810366138 0.35 0.2201940705831808 0.0 0.0 
