0.0 0.30000000000000004 0.0 0.0 0.0 0.0 0.0 0.35 0.35 0.0 0.0 
0.0 0.0 0.0 0.16779105542662148 0.0 0.0 0.17940932296725637 0.35 0.0 0.0 0.30279962160612217 
0.0 0.30000000000000004 0.0 0.0 0.0 0.0 0.0 0.35 0.35 0.0 0.0 
0.0 0.0 0.0 0.16794052000305187 0.0 0.0 0.12028113288409466 0.35 0.1 0.0 0.26177834711285347 
0.0 0.0 0.0 0.1 0.0 0.0 0.23431779205513192 0.35 0.0 0.0 0.3156822079448681 
0.0 0.23156646713211235 0.0 0.0 0.0 0.0 0.1288131692152913 0.35 0.28962036365259636 0.0 0.0 
0.0 0.21254253241285068 0.0 0.0 0.0 0.0 0.1 0.35 0.33745746758714934 0.0 0.0 
0.0 0.28774177179139826 0.0 0.0 0.0 0.0 0.1 0.35 0.26225822820860184 0.0 0.0 
0.0 0.28417107628410887 0.0 0.10965558595965885 0.0 0.0 0.1069527086655249 0.35 0.1492206290907075 0.0 0.0 
0.0 0.2931916565605329 0.0 0.10278019689017469 0.0 0.0 0.1 0.35 0.15402814654929248 0.0 0.0 
0.0 0.25379470536806 0.0 0.0 0.0 0.0 0.10717180204289217 0.35 0.28903349258904787 0.0 0.0 
0.0 0.0 0.0 0.1320165324243356 0.0 0.0 0.21603128561438356 0.35 0.1 0.0 0.2019521819612808 
0.0 0.3246254447969579 0.0 0.0 0.0 0.0 0.1 0.35 0.2253745552030422 0.0 0.0 
0.0 0.236209239771553 0.0 0.13628846275858453 0.0 0.0 0.14231622326935164 0.35 0.13518607420051088 0.0 0.0 
0.0 0.30630644043149957 0.0 0.0 0.0 0.0 0.0 0.35 0.34369355956850045 0.0 0.0 
0.0 0.12425300096354068 0.0 0.10323175221288224 0.0 0.0 0.12475056744037794 0.35 0.1 0.0 0.19776467938319914 
0.0 0.35 0.0 0.0 0.0 0.0 0.12741265163555704 0.35 0.172587348364443 0.0 0.0 
0.0 0.34623146396277843 0.0 0.10992191042806947 0.0 0.0 0.0 0.35 0.19384662560915214 0.0 0.0 
0.0 0.0 0.0 0.15406777750367576 0.0 0.0 0.21860097394587558 0.35 0.1 0.0 0.17733124855044868 
0.0 0.35 0.0 0.0 0.0 0.0 0.1202871280000678 0.35 0.17971287199993224 0.0 0.0 
0.0 0.2953653665239218 0.0 0.0 0.0 0.0 0.1 0.35 0.25463463347607823 0.0 0.0 
0.0 0.35 0.0 0.10399966887200111 0.0 0.0 0.0 0.35 0.19600033112799894 0.0 0.0 
0.0 0.0 0.0 0.1 0.0 0.0 0.21561490518527082 0.35 0.10000105430936204 0.0 0.23438404050536724 
0.0 0.19976476881674626 0.0 0.1 0.0 0.0 0.12579874991826062 0.35 0.22443648126499305 0.0 0.0 
0.0 0.35 0.0 0.0 0.0 0.0 0.0 0.35 0.29999999999999993 0.0 0.0 
0.0 0.11321728161875017 0.0 0.1949034130394084 0.0 0.0 0.12334315661097114 0.35 0.1 0.0 0.11853614873087037 
0.0 0.35 0.0 0.11355435592069185 0.0 0.0 0.0 0.35 0.18644564407930825 0.0 0.0 
0.0 0.0 0.0 0.11159931117423028 0.0 0.0 0.21307175922911914 0.35 0.0 0.0 0.3253289295966506 
0.0 0.27543306838138787 0.0 0.1 0.0 0.0 0.10718540648980923 0.35 0.1673815251288029 0.0 0.0 
0.0 0.2464971705135885 0.0 0.10210952643256478 0.0 0.0 0.1 0.35 0.20139330305384676 0.0 0.0 
0.0 0.2760563942458711 0.0 0.131011498229111 0.0 0.0 0.1 0.35 0.14293210752501795 0.0 0.0 
0.0 0.31092662961067363 0.0 0.0 0.0 0.0 0.17180148505047393 0.35 0.16727188533885234 0.0 0.0 
0.0 0.3334430511647326 0.0 0.0 0.0 0.0 0.1 0.35 0.21655694883526744 0.0 0.0 
0.0 0.3375218068466318 0.0 0.10227299422264712 0.0 0.0 0.0 0.35 0.21020519893072104 0.0 0.0 
0.0 0.0 0.0 0.1 0.0 0.0 0.21429540208599002 0.35 0.10000105430936204 0.0 0.23570354360464793 
0.0 0.19327729975855124 0.0 0.10091249730713797 0.0 0.0 0.1 0.35 0.15100090935120034 0.0 0.10480929358311047 
0.0 0.24228986619563214 0.0 0.0 0.0 0.0 0.1 0.35 0.30771013380436785 0.0 0.0 
0.0 0.27589884336792403 0.0 0.12336298905334037 0.0 0.0 0.1 0.35 0.15073816757873554 0.0 0.0 
0.0 0.35 0.0 0.0 0.0 0.0 0.13477433627388188 0.35 0.1652256637261182 0.0 0.0 
0.0 0.0 0.0 0.14774427665034456 0.0 0.0 0.12386738901656691 0.35 0.1 0.0 0.2783883343330885 
0.0 0.3032233678423587 0.0 0.12149388713318594 0.0 0.0 0.11317523253671191 0.35 0.11210751248774353 0.0 0.0 
0.0 0.25222620324994 0.0 0.0 0.0 0.0 0.10321280431525016 0.35 0.2945609924348098 0.0 0.0 
0.0 0.24348690654465166 0.0 0.10297098483775104 0.0 0.0 0.1 0.35 0.10252008952684437 0.0 0.101022019090753 
0.0 0.35 0.0 0.1202898598298309 0.0 0.0 0.0 0.35 0.17971014017016917 0.0 0.0 
0.0 0.17988871511510932 0.0 0.12534010019525016 0.0 0.0 0.12452363366982441 0.35 0.1 0.0 0.12024755101981609 
0.0 0.22321852970281159 0.0 0.0 0.0 0.0 0.1 0.35 0.32678147029718846 0.0 0.0 
0.0 0.0 0.0 0.14877922394156265 0.0 0.0 0.20340825872173834 0.35 0.0 0.0 0.297812517336699 
0.0 0.17471358804109682 0.0 0.14824296998983652 0.0 0.0 0.11012931519773486 0.35 0.1 0.0 0.11691412677133187 
0.0 0.27436812489904094 0.0 0.10002132045007325 0.0 0.0 0.1 0.35 0.17561055465088582 0.0 0.0 
0.0 0.19974505870636028 0.0 0.1 0.0 0.0 0.1173521131461161 0.35 0.23290282814752358 0.0 0.0 
0.0 0.1242530009635407 0.0 0.12589069278567727 0.0 0.0 0.12475056744037794 0.35 0.1 0.0 0.1751057388104041 
0.0 0.11186732730408136 0.0 0.1333574130938976 0.0 0.0 0.10324710808234888 0.35 0.1 0.0 0.20152815151967213 
0.0 0.1905382104871538 0.0 0.10872167411447181 0.0 0.0 0.10628022571047722 0.35 0.1444598896878972 0.0 0.1 
0.0 0.23019250967080326 0.0 0.0 0.0 0.0 0.1 0.35 0.31980749032919675 0.0 0.0 
0.0 0.17871510819878964 0.0 0.14560601828110992 0.0 0.0 0.11012931519773486 0.35 0.1 0.0 0.11554955832236573 
0.0 0.3269418916136575 0.0 0.0 0.0 0.0 0.0 0.35 0.32305810838634247 0.0 0.0 
0.0 0.19021208023057556 0.0 0.124270895123224 0.0 0.0 0.12219463329577318 0.35 0.1 0.0 0.1133223913504273 
0.0 0.31390981496054565 0.0 0.0 0.0 0.0 0.1 0.35 0.2360901850394544 0.0 0.0 
0.0 0.2547430616868974 0.0 0.14041105595053585 0.0 0.0 0.11718922244672376 0.35 0.13765665991584303 0.0 0.0 
0.0 0.35 0.0 0.1172148557858706 0.0 0.0 0.0 0.35 0.18278514421412945 0.0 0.0 
0.0 0.11343912223872281 0.0 0.13276027045101274 0.0 0.0 0.18074598433523623 0.35 0.1 0.0 0.12305462297502819 
0.0 0.33600586446243397 0.0 0.0 0.0 0.0 0.0 0.35 0.31399413553756605 0.0 0.0 
0.0 0.11321728161875017 0.0 0.1949034130394084 0.0 0.0 0.12334315661097114 0.35 0.1 0.0 0.11853614873087037 
0.0 0.31270902552216484 0.0 0.0 0.0 0.0 0.0 0.35 0.3372909744778352 0.0 0.0 
0.0 0.19522916656167597 0.0 0.1225766521198415 0.0 0.0 0.12023044995160237 0.35 0.11196373136688022 0.0 0.1 
0.0 0.34185511600042284 0.0 0.0 0.0 0.0 0.0 0.35 0.3081448839995772 0.0 0.0 
0.0 0.22121963233520942 0.0 0.0 0.0 0.0 0.1 0.35 0.3287803676647905 0.0 0.0 
0.0 0.2913274215101453 0.0 0.13308108861545265 0.0 0.0 0.10699430126099072 0.35 0.11859718861341144 0.0 0.0 
0.0 0.1959797695351596 0.0 0.10827338943915443 0.0 0.0 0.10628022571047724 0.35 0.1394666153152088 0.0 0.1 
0.0 0.24888523312583782 0.0 0.12169954369272265 0.0 0.0 0.12074158898108875 0.35 0.15867363420035077 0.0 0.0 
0.0 0.19248928132257387 0.0 0.1 0.0 0.0 0.12613701603675598 0.35 0.23137370264067014 0.0 0.0 
0.0 0.35 0.0 0.0 0.0 0.0 0.11435624998151743 0.35 0.18564375001848266 0.0 0.0 
0.0 0.321080592616512 0.0 0.0 0.0 0.0 0.0 0.35 0.32891940738348807 0.0 0.0 
0.0 0.0 0.0 0.12122071867584067 0.0 0.0 0.19541418486071244 0.35 0.0 0.0 0.333365096463447 
0.0 0.32935732434675036 0.0 0.0 0.0 0.0 0.151429818114043 0.35 0.16921285753920665 0.0 0.0 
0.0 0.34450514790603354 0.0 0.0 0.0 0.0 0.0 0.35 0.30549485209396654 0.0 0.0 
0.0 0.3025880666801131 0.0 0.0 0.0 0.0 0.1 0.35 0.24741193331988684 0.0 0.0 
0.0 0.31413657886705215 0.0 0.0 0.0 0.0 0.1 0.35 0.23586342113294795 0.0 0.0 
0.0 0.27436812489904094 0.0 0.10002132045007325 0.0 0.0 0.1 0.35 0.17561055465088582 0.0 0.0 
0.0 0.19569744293911226 0.0 0.10194281280032656 0.0 0.0 0.1 0.35 0.14755045067745065 0.0 0.10480929358311047 
0.0 0.319345986514012 0.0 0.0 0.0 0.0 0.0 0.35 0.330654013485988 0.0 0.0 
0.0 0.11050645412140023 0.0 0.12953218709650816 0.0 0.0 0.10516588237178923 0.35 0.1 0.0 0.2047954764103025 
0.0 0.2065141757160194 0.0 0.1 0.0 0.0 0.12528151395744275 0.35 0.11366081550306925 0.0 0.1045434948234686 
0.0 0.2464971705135885 0.0 0.10210952643256478 0.0 0.0 0.1 0.35 0.20139330305384676 0.0 0.0 
0.0 0.33331959611848494 0.0 0.0 0.0 0.0 0.1538450135201374 0.35 0.16283539036137762 0.0 0.0 
0.0 0.31401040753574927 0.0 0.0 0.0 0.0 0.0 0.35 0.33598959246425075 0.0 0.0 
0.0 0.300714530951542 0.0 0.0 0.0 0.0 0.0 0.35 0.34928546904845803 0.0 0.0 
0.0 0.0 0.0 0.15065763077833116 0.0 0.0 0.1238673890165669 0.35 0.1 0.0 0.275474980205102 
0.0 0.2091970201848507 0.0 0.11822876093723148 0.0 0.0 0.1155054671634856 0.35 0.10706875171443225 0.0 0.1 
0.0 0.2017042572052608 0.0 0.12537836915178519 0.0 0.0 0.10049095852729657 0.35 0.1224264151156575 0.0 0.1 
0.0 0.0 0.0 0.13352705051594016 0.0 0.0 0.20330016729522604 0.35 0.0 0.0 0.3131727821888338 
0.0 0.0 0.0 0.1 0.0 0.0 0.23401760113231995 0.35 0.0 0.0 0.31598239886768015 
0.0 0.3025880666801131 0.0 0.0 0.0 0.0 0.1 0.35 0.24741193331988684 0.0 0.0 
0.0 0.23608397871152975 0.0 0.0 0.0 0.0 0.1 0.35 0.31391602128847035 0.0 0.0 
0.0 0.3296678121640083 0.0 0.0 0.0 0.0 0.0 0.35 0.32033218783599177 0.0 0.0 
0.0 0.3332427296531084 0.0 0.0 0.0 0.0 0.0 0.35 0.31675727034689155 0.0 0.0 
0.0 0.20244594356691173 0.0 0.12058495701454297 0.0 0.0 0.12345770031752737 0.35 0.1 0.0 0.103511399101018 
0.0 0.24589235109752403 0.0 0.0 0.0 0.0 0.10026522133784935 0.35 0.30384242756462665 0.0 0.0 
0.0 0.23159018038937085 0.0 0.0 0.0 0.0 0.1 0.35 0.31840981961062914 0.0 0.0 
0.0 0.34061597027998836 0.0 0.0 0.0 0.0 0.1 0.35 0.20938402972001163 0.0 0.0 
