0.0 0.30000000000000004 0.0 0.0 0.0 0.0 0.0 0.35 0.35 0.0 0.0 
0.0 0.0 0.0 0.16374720466890352 0.0 0.0 0.3009655482371061 0.18528724709399044 0.0 0.0 0.35 
0.0 0.3 0.0 0.0 0.0 0.0 0.0 0.35 0.35 0.0 0.0 
0.0 0.0 0.0 0.17400208656337895 0.0 0.0 0.22686725139252065 0.24913066204410042 0.0 0.0 0.35 
0.0 0.0 0.0 0.17351578974821041 0.0 0.0 0.1423666418349671 0.35 0.1 0.0 0.23411756841682252 
0.0 0.0 0.0 0.11085542115978926 0.0 0.0 0.2222914003280666 0.35 0.0 0.0 0.3168531785121443 
0.0 0.0 0.0 0.1266036705037145 0.0 0.0 0.3184943429176923 0.2049019865785932 0.0 0.0 0.35 
0.0 0.24295639891048137 0.0 0.1441742012180202 0.0 0.0 0.13265391510225089 0.35 0.1302154847692476 0.0 0.0 
0.0 0.0 0.0 0.16047380833076444 0.0 0.0 0.2772846692014853 0.2122415224677503 0.0 0.0 0.35 
0.0 0.0 0.0 0.11491448664262051 0.0 0.0 0.20910837072731975 0.3259771426300597 0.0 0.0 0.35 
0.0 0.0 0.0 0.17298154472987026 0.0 0.0 0.21509926149949488 0.2619191937706349 0.0 0.0 0.35 
0.0 0.0 0.0 0.15592349732943997 0.0 0.0 0.221563975123709 0.27251252754685107 0.0 0.0 0.35 
0.0 0.28215847953018836 0.0 0.1388013089294241 0.0 0.0 0.1 0.35 0.12904021154038758 0.0 0.0 
0.0 0.21689422588955656 0.0 0.12584643531819004 0.0 0.0 0.10092416165501239 0.35 0.1 0.0 0.106335177137241 
0.0 0.22851195468730526 0.0 0.10013017490249476 0.0 0.0 0.10119010132317571 0.35 0.12016776908702428 0.0 0.1 
0.0 0.0 0.0 0.1330084077817259 0.0 0.0 0.198187000329574 0.31880459188870014 0.0 0.0 0.35 
0.0 0.2127417540039839 0.0 0.0 0.0 0.0 0.1 0.35 0.33725824599601606 0.0 0.0 
0.0 0.3094004823310126 0.0 0.0 0.0 0.0 0.1 0.35 0.24059951766898752 0.0 0.0 
0.0 0.0 0.0 0.14490393284193495 0.0 0.0 0.20679145782071146 0.2983046093373536 0.0 0.0 0.35 
0.0 0.19021469031638977 0.0 0.11624752623524261 0.0 0.0 0.12445779882865016 0.35 0.11907998461971744 0.0 0.1 
0.0 0.3475917123613031 0.0 0.13086475804889947 0.0 0.0 0.0 0.35 0.17154352958979746 0.0 0.0 
0.0 0.2095297498518743 0.0 0.1 0.0 0.0 0.10254540353617463 0.35 0.11844169800003818 0.0 0.11948314861191278 
0.0 0.0 0.0 0.16644308419350856 0.0 0.0 0.182571259776618 0.35 0.0 0.0 0.3009856560298735 
0.0 0.0 0.0 0.17332030761806094 0.0 0.0 0.18462968149038336 0.29205001089155563 0.0 0.0 0.35 
0.0 0.0 0.0 0.12218570717809972 0.0 0.0 0.24569196290669626 0.35 0.1 0.0 0.182122329915204 
0.0 0.25302625698683345 0.0 0.1 0.0 0.0 0.10000007222349791 0.35 0.19697367078966865 0.0 0.0 
0.0 0.0 0.0 0.13225537862552725 0.0 0.0 0.24051083336163176 0.27723378801284104 0.0 0.0 0.35 
0.0 0.3291089188080134 0.0 0.0 0.0 0.0 0.0 0.35 0.3208910811919866 0.0 0.0 
0.0 0.25467844381669236 0.0 0.0 0.0 0.0 0.1 0.35 0.2953215561833077 0.0 0.0 
0.0 0.3419366401784085 0.0 0.0 0.0 0.0 0.0 0.35 0.3080633598215915 0.0 0.0 
0.0 0.137060871291531 0.0 0.16743616429780805 0.0 0.0 0.1336067993523819 0.35 0.1 0.0 0.11189616505827918 
0.0 0.32134257037011593 0.0 0.0 0.0 0.0 0.0 0.35 0.3286574296298841 0.0 0.0 
0.0 0.1689601387090784 0.0 0.14098826601797193 0.0 0.0 0.13371641813570864 0.35 0.1 0.0 0.106335177137241 
0.0 0.3333904908637366 0.0 0.12986542372165735 0.0 0.0 0.0 0.35 0.18674408541460608 0.0 0.0 
0.0 0.0 0.0 0.1222865690255468 0.0 0.0 0.17978639614472774 0.35 0.1 0.0 0.2479270348297254 
0.0 0.3356564005159791 0.0 0.0 0.0 0.0 0.0 0.35 0.3143435994840209 0.0 0.0 
0.0 0.35 0.0 0.0 0.0 0.0 0.1 0.35 0.20000000000000004 0.0 0.0 
0.0 0.0 0.0 0.12915016935451684 0.0 0.0 0.2311400731480227 0.35 0.1 0.0 0.18970975749746044 
0.0 0.0 0.0 0.131488850797472 0.0 0.0 0.21792803372590291 0.3005831154766251 0.0 0.0 0.35 
0.0 0.35 0.0 0.11802153677373886 0.0 0.0 0.0 0.35 0.18197846322626118 0.0 0.0 
0.0 0.2786382200163323 0.0 0.11357033731053359 0.0 0.0 0.1301290995985584 0.35 0.12766234307457572 0.0 0.0 
0.0 0.0 0.0 0.16535576537766639 0.0 0.0 0.16898965019568923 0.3156545844266444 0.0 0.0 0.35 
0.0 0.3051665326479831 0.0 0.0 0.0 0.0 0.0 0.35 0.3448334673520169 0.0 0.0 
0.0 0.1819214227552144 0.0 0.12555241149494287 0.0 0.0 0.13244946744042368 0.35 0.1 0.0 0.11007669830941912 
0.0 0.310916195729816 0.0 0.0 0.0 0.0 0.0 0.35 0.33908380427018403 0.0 0.0 
0.0 0.0 0.0 0.16966575848543633 0.0 0.0 0.2019446743114086 0.35 0.1 0.0 0.1783895672031551 
0.0 0.22812083108047873 0.0 0.0 0.0 0.0 0.1 0.35 0.3218791689195213 0.0 0.0 
0.0 0.2672002303390249 0.0 0.1058602632481449 0.0 0.0 0.1 0.35 0.17693950641283018 0.0 0.0 
0.0 0.3365611394206527 0.0 0.0 0.0 0.0 0.1 0.35 0.2134388605793474 0.0 0.0 
0.0 0.25764064317816093 0.0 0.0 0.0 0.0 0.1 0.35 0.29235935682183917 0.0 0.0 
0.0 0.26677440349337733 0.0 0.0 0.0 0.0 0.1 0.35 0.2832255965066227 0.0 0.0 
0.0 0.31614572681402753 0.0 0.0 0.0 0.0 0.0 0.35 0.3338542731859725 0.0 0.0 
0.0 0.3004021273890255 0.0 0.0 0.0 0.0 0.16473931121713356 0.35 0.1848585613938409 0.0 0.0 
0.0 0.31180101465361426 0.0 0.10240711907745764 0.0 0.0 0.1246998467052739 0.35 0.11109201956365426 0.0 0.0 
0.0 0.26985047555968805 0.0 0.0 0.0 0.0 0.1 0.35 0.28014952444031194 0.0 0.0 
0.0 0.23744502273955814 0.0 0.10966519141646558 0.0 0.0 0.1 0.35 0.20288978584397638 0.0 0.0 
0.0 0.10912054433072255 0.0 0.19494026988605612 0.0 0.0 0.13392897625515574 0.35 0.1 0.0 0.11201020952806566 
0.0 0.13753921499090016 0.0 0.17115638901154678 0.0 0.0 0.10623415479550116 0.35 0.1 0.0 0.1350702412020519 
0.0 0.35 0.0 0.0 0.0 0.0 0.12352943036804638 0.35 0.1764705696319537 0.0 0.0 
0.0 0.0 0.0 0.1187222525762801 0.0 0.0 0.22205399782818114 0.3092237495955388 0.0 0.0 0.35 
0.0 0.32164394334803204 0.0 0.0 0.0 0.0 0.1 0.35 0.22835605665196804 0.0 0.0 
0.0 0.35 0.0 0.10453425532823579 0.0 0.0 0.0 0.35 0.1954657446717643 0.0 0.0 
0.0 0.35 0.0 0.0 0.0 0.0 0.10648479920369575 0.35 0.19351520079630435 0.0 0.0 
0.0 0.0 0.0 0.1569581626456797 0.0 0.0 0.1428241900035099 0.35 0.1 0.0 0.2502176473508104 
0.0 0.24350138641764954 0.0 0.0 0.0 0.0 0.1 0.35 0.3064986135823504 0.0 0.0 
0.0 0.29122698900310195 0.0 0.11385865183672465 0.0 0.0 0.1 0.35 0.14491435916017337 0.0 0.0 
0.0 0.35 0.0 0.0 0.0 0.0 0.0 0.35 0.29999999999999993 0.0 0.0 
0.0 0.23569786895535755 0.0 0.1021376233036025 0.0 0.0 0.1010724881773858 0.35 0.11109201956365426 0.0 0.1 
0.0 0.2368328511441547 0.0 0.0 0.0 0.0 0.1 0.35 0.3131671488558453 0.0 0.0 
0.0 0.3211038782542916 0.0 0.0 0.0 0.0 0.1 0.35 0.22889612174570836 0.0 0.0 
0.0 0.25589886755519814 0.0 0.11925528551503618 0.0 0.0 0.1 0.35 0.17484584692976562 0.0 0.0 
0.0 0.29787258368438146 0.0 0.0 0.0 0.0 0.1 0.35 0.2521274163156185 0.0 0.0 
0.0 0.27860911337328315 0.0 0.0 0.0 0.0 0.1 0.35 0.27139088662671684 0.0 0.0 
0.0 0.35 0.0 0.11354765904893611 0.0 0.0 0.0 0.35 0.186452340951064 0.0 0.0 
0.0 0.13210566698662884 0.0 0.16633196957133636 0.0 0.0 0.1 0.35 0.12431908446112633 0.0 0.12724327898090865 
0.0 0.35 0.0 0.0 0.0 0.0 0.12687754184506972 0.35 0.17312245815493038 0.0 0.0 
0.0 0.25589886755519814 0.0 0.11925528551503618 0.0 0.0 0.1 0.35 0.17484584692976562 0.0 0.0 
0.0 0.29787258368438146 0.0 0.0 0.0 0.0 0.1 0.35 0.2521274163156185 0.0 0.0 
0.0 0.2793632969450493 0.0 0.0 0.0 0.0 0.1 0.35 0.2706367030549507 0.0 0.0 
0.0 0.339136890616069 0.0 0.0 0.0 0.0 0.1 0.35 0.2108631093839311 0.0 0.0 
0.0 0.35 0.0 0.10753588629595576 0.0 0.0 0.0 0.35 0.19246411370404432 0.0 0.0 
0.0 0.22030003379220633 0.0 0.0 0.0 0.0 0.1 0.35 0.32969996620779374 0.0 0.0 
0.0 0.2590712142248456 0.0 0.10610788572517911 0.0 0.0 0.1 0.35 0.1848209000499753 0.0 0.0 
0.0 0.0 0.0 0.14149115452702 0.0 0.0 0.18685326079649028 0.35 0.0 0.0 0.3216555846764897 
0.0 0.35 0.0 0.0 0.0 0.0 0.15448305029133122 0.35 0.14551694970866882 0.0 0.0 
0.0 0.35 0.0 0.0 0.0 0.0 0.11007356058311812 0.35 0.18992643941688192 0.0 0.0 
0.0 0.18082267998784085 0.0 0.1255103926530525 0.0 0.0 0.1336067993523819 0.35 0.1 0.0 0.11006012800672482 
0.0 0.0 0.0 0.13067954060873505 0.0 0.0 0.2328779273019673 0.35 0.0 0.0 0.2864425320892977 
0.0 0.3294976077624181 0.0 0.0 0.0 0.0 0.15272785135653338 0.35 0.16777454088104857 0.0 0.0 
0.0 0.2881737951755244 0.0 0.0 0.0 0.0 0.1 0.35 0.2618262048244756 0.0 0.0 
0.0 0.1 0.0 0.18821063904008917 0.0 0.0 0.1546468870176817 0.35 0.10110267306056635 0.0 0.10603980088166287 
0.0 0.0 0.0 0.13507922780601833 0.0 0.0 0.20979260318070564 0.35 0.0 0.0 0.3051281690132761 
0.0 0.3413209513337804 0.0 0.0 0.0 0.0 0.15602072301076048 0.35 0.1526583256554591 0.0 0.0 
0.0 0.2881737951755244 0.0 0.0 0.0 0.0 0.1 0.35 0.2618262048244756 0.0 0.0 
0.0 0.13210566698662884 0.0 0.16633196957133636 0.0 0.0 0.1 0.35 0.12431908446112633 0.0 0.12724327898090865 
0.0 0.3079252922932504 0.0 0.0 0.0 0.0 0.16972217342443546 0.35 0.17235253428231428 0.0 0.0 
0.0 0.35 0.0 0.0 0.0 0.0 0.11515148024932932 0.35 0.18484851975067074 0.0 0.0 
0.0 0.35 0.0 0.11096199475086191 0.0 0.0 0.0 0.35 0.18903800524913805 0.0 0.0 
0.0 0.3018532983030867 0.0 0.1136543372469072 0.0 0.0 0.1 0.35 0.1344923644500061 0.0 0.0 
0.0 0.24264251333413647 0.0 0.0 0.0 0.0 0.1 0.35 0.3073574866658635 0.0 0.0 
