-0.012373258385746547 4.537858152383155E-4 
-0.012373258385746547 4.537858152383155E-4 
-0.0036197755593589762 1.868605869244411E-5 
-0.0036197755593589762 1.868605869244411E-5 
-0.01231508161943628 4.477446672092185E-4 
-0.012308024635545589 4.11521640993829E-4 
-0.010500714898138495 2.4095935495103748E-4 
-0.010644297016838868 2.4971566256765457E-4 
-0.010150585011243435 2.1523187410139475E-4 
-0.011781815353414831 3.366958587933517E-4 
-0.0077357424674201055 1.000274906712973E-4 
-0.01079476293292425 2.6474227661895815E-4 
-0.009170139107345095 1.572813297218956E-4 
-0.00993817112217404 2.007815671027302E-4 
-0.004769159327567945 2.7196094949314153E-5 
-0.007394357411255213 9.10947650135574E-5 
-0.004293694846380159 2.302661140741983E-5 
-0.006435081901949516 6.0512445113516594E-5 
-0.006568118759320243 6.431329695887834E-5 
-0.009843939984300437 1.9452530428632994E-4 
-0.011470376021826779 3.141351629528974E-4 
-0.011146340444217428 2.7978601906620995E-4 
-0.007917132057248873 1.0930598972698369E-4 
-0.008306500844159629 1.1952719394921422E-4 
-0.008854620601836541 1.4168710264131845E-4 
-0.007856912250857634 1.0386158464508564E-4 
-0.011837142926901776 3.469249206162823E-4 
-0.012202878630537376 3.9293525143413476E-4 
-0.0068663297212904545 7.211052491190792E-5 
-0.011236561337167833 2.884509238900241E-4 
-0.010330650781502897 2.342899969026574E-4 
-0.010267538774525081 2.245139777977683E-4 
-0.005147800053739856 3.2788076375346265E-5 
-0.007291761237503825 8.794103354429418E-5 
-0.009789330791222893 1.8776920567482297E-4 
-0.004464110232405481 2.3699834851972768E-5 
-0.011708353024982151 3.29291823548846E-4 
-0.009266320529938398 1.6093437789802117E-4 
-0.01145416737694232 3.0491010503045296E-4 
-0.00753060321173943 9.710093574469701E-5 
-0.007199203002088432 8.378399718083298E-5 
-0.005884334260771083 4.814715342853074E-5 
-0.009546726109985698 1.7486621806624158E-4 
-0.00904768960546735 1.4974288752398713E-4 
-0.008714844775086314 1.3894605585619397E-4 
-0.011560629706102613 3.1837477927992245E-4 
-0.007028817647677921 7.834490852111353E-5 
-0.004956274748406762 2.9422230820616232E-5 
-0.006288943932875688 5.736249366061482E-5 
-0.0089432118007601 1.459067728891422E-4 
-0.010397233918033594 2.359723231282082E-4 
-0.01020930482367831 2.2242517157925246E-4 
-0.009621683840978203 1.7816396775562112E-4 
-0.012282697506189362 4.0189526188569075E-4 
-0.01186224431882646 3.5089091138926513E-4 
-0.011942199939639669 3.606148004808462E-4 
-0.010020077012173374 2.075978593695866E-4 
-0.011097867931118045 2.7668105425774465E-4 
-0.003907782181524785 1.9857971180412115E-5 
-0.006222494713317301 5.5760677834930276E-5 
-0.008404766043804364 1.2392632343282274E-4 
-0.011921127295807823 3.5722837887611133E-4 
-0.010938377624812678 2.691233288490628E-4 
-0.005529802468060903 3.909510930326262E-5 
-0.011004027518103752 2.727095402034854E-4 
-0.012264944430538154 3.9740932519386044E-4 
-0.005015036403508555 3.0300941104631458E-5 
-0.00528396282060096 3.4226283468703894E-5 
-0.006021441135522816 4.922510017924961E-5 
-0.0071056621138634955 8.10434146943337E-5 
-0.011637405825768467 3.2175691001104734E-4 
-0.01203974560950719 3.7575041596284414E-4 
-0.005459554710870244 3.708383266665287E-5 
-0.010776162922123059 2.5491853761605554E-4 
-0.0068206972200206195 7.057300814322465E-5 
-0.008181091361429674 1.1656702675952878E-4 
-0.0036518887982318867 1.8886533945679888E-5 
-0.006078712933800783 5.3700059736568554E-5 
-0.01075302009078996 2.5438329700164957E-4 
-0.004101036622525307 2.0895595222338386E-5 
-0.005351208243167545 3.550805883653087E-5 
-0.012019828236345925 3.6668240374338433E-4 
-0.012138541375643857 3.8556289811450225E-4 
-0.01166387520887486 3.2574377601138414E-4 
-0.009347750357238898 1.6509486436992312E-4 
-0.004584019038880036 2.6491074566838538E-5 
-0.008077084011724628 1.1151530197612221E-4 
-0.010019252271702937 2.0749426525000104E-4 
-0.012297565261521677 4.103287316415402E-4 
-0.008496855703868074 1.3002744084182136E-4 
-0.008466484051573131 1.2564775606973378E-4 
-0.004101036622525307 2.0895595222338386E-5 
-0.005762088358618667 4.598887246453415E-5 
-0.009682614157739102 1.8281165269834807E-4 
-0.005731999572585357 4.524667325611776E-5 
-0.01209207928394587 3.8088472638122243E-4 
-0.009700892228329375 1.8469533596395397E-4 
-0.006682330809813862 6.863474381221039E-5 
-0.011290230207781247 2.912878809094975E-4 
-0.012037733180837694 3.671489739196388E-4 
