1.2291320623635655E-5 4.392990270194915E-5 
-0.010648126457249784 0.007276582864509761 
-0.0026242434937691645 7.691336037962512E-5 
-6.067877743713957E-4 7.57461081201498E-5 
-0.010628928613778756 0.006207838974526129 
-0.010645829198479426 0.0072734556256834814 
-0.00445917060295493 1.2510958010852798E-4 
-0.00480631471929786 1.3734705829408864E-4 
-0.006518959910487009 2.7427095228314607E-4 
-0.0034314995457462127 1.0120560828765713E-4 
-0.006203752986792287 2.435588429354206E-4 
-0.00791785579150393 8.626435643101396E-4 
-0.010162919218032225 0.004746056107413485 
-0.009156807546772328 0.002683040858590131 
-0.010045255850859155 0.004390850946044885 
-0.0030330908881235326 9.413587431904825E-5 
-0.008901472944628359 0.0021205003753621224 
-0.00804913409545937 9.655042620655857E-4 
-0.008818869527497449 0.0019768080206095436 
-0.00564548693622409 1.8700111545898862E-4 
-0.009553256075072921 0.0034025861276726797 
-0.0103933412435604 0.005441760791327647 
-0.007407165740853584 5.175635851428658E-4 
-0.008990017539704053 0.0023634274554110045 
-0.009748974973956877 0.003750140371995543 
-0.0058255405409793695 2.1066964810790336E-4 
-0.010264240924076923 0.005039968661222333 
-0.0035634462061479243 1.0334755298234519E-4 
-0.008476605631135732 0.0014696688106367315 
-0.00667989972029558 2.998369081155199E-4 
-0.010509307804066243 0.005834613241178412 
-0.008352754530083207 0.0012950703355120228 
-0.00947686127536232 0.0032718379730372633 
-5.980936268674126E-4 7.4934823623074E-5 
-0.00842520951273875 0.001380032857127153 
-0.0027903470536803504 8.659754698956265E-5 
-0.007235971131734012 4.7599016830370705E-4 
-0.010288042368259767 0.0051490056643335004 
-2.500882134772861E-4 5.8537840100778276E-5 
-0.00998991122575087 0.004309912344527323 
-0.008124385909015604 0.0010807787791332344 
-0.007526279703285333 5.758116726404428E-4 
-0.006850942534166042 3.1819319209390776E-4 
-0.008703622219413069 0.0018184247379509323 
-0.008246408286295609 0.00119086735737661 
-0.009070997577536601 0.0025023904462057943 
-0.010353916003111936 0.005328053425961573 
-0.008753742490975557 0.0019166251552848496 
-0.009932457016397778 0.00409240620063715 
-0.007768967202664612 8.134425663329187E-4 
-0.004139056586871797 1.2204847693400955E-4 
-0.01022286791187886 0.00491080907019604 
-0.010105867132886963 0.004555063646304563 
-0.010111136131059753 0.0045762078881667915 
-0.009697007156811075 0.003656091487379006 
-0.0038386183267794904 1.0711241852819227E-4 
-0.0103321292074639 0.005246121063523898 
-0.006942079474537063 3.6346637339694456E-4 
-0.010538994029829808 0.0059037076830412115 
-0.007063524866176573 3.974511964617697E-4 
-0.009200814394222101 0.0028223799431417204 
-0.009812119821544127 0.0038661345925963043 
-0.005423762941459735 1.8272463782984774E-4 
-0.0049978802116894 1.4628284918063224E-4 
-0.004139056586871797 1.2204847693400955E-4 
-0.00960188167592628 0.003487244429190193 
-0.010199891129751778 0.0048528856657255115 
-0.005083919913958543 1.5774760947153874E-4 
-0.008650912089801299 0.0017454315503503178 
-0.008921982834007565 0.002215111897165682 
-0.010467300510675754 0.005686153803828372 
-0.005271707182607315 1.6397707753127523E-4 
-0.009361986593002025 0.003203952692779651 
-0.01054327379724687 0.006029019966926688 
-0.007123155678953591 4.5780224998576884E-4 
-0.008955090759824617 0.002286057721261946 
-2.500882134772861E-4 5.8537840100778276E-5 
-0.0090709975775366 0.0025023904462057925 
-0.00930208232201795 0.0029446734996790426 
-0.009259560149161232 0.002915012852017529 
-0.003828167872693103 1.0636331989840983E-4 
-0.010404582834060497 0.005590616864744149 
-0.0077239512039279 7.193709553056172E-4 
-0.008562985656298684 0.0015566345234166877 
-0.008277188125877407 0.001216698828546582 
-0.007637270956309689 6.391919817556297E-4 
-0.00297856130242831 9.166765414825476E-5 
-0.009877243493809168 0.003987737790143067 
-0.009163493878633617 0.0027643785267225046 
-0.006013077219350425 2.2393898223843487E-4 
-0.008067299921526602 0.001066734975063717 
-0.009343919131476783 0.0030508865975001744 
-0.010611193217128626 0.006194288160791408 
-0.00935758361194018 0.003073211968878961 
-0.00997372787505853 0.004192396554339604 
-0.008580437941088665 0.0015776663322621058 
-0.006028341465222565 2.4132962909253407E-4 
-0.009443030248541009 0.003214818064412731 
-0.009657076836040364 0.0035846946332545805 
-0.010582267119559355 0.006073616004971709 
