-0.0017100776459192998 8.007802140959238E-5 
-0.0106289286018312 0.006207838998540214 
-0.0032793953622935034 1.380596884639667E-4 
-0.004278512366191751 1.437133949442512E-4 
-0.0025798510784927195 1.1211891853217911E-4 
-0.0049367694727182965 1.8302695261955776E-4 
-0.005542224246346299 1.8686744959853045E-4 
-0.008601017929366215 0.001605305178032428 
-0.003047774909590489 1.1699694028816175E-4 
-0.004634121809913489 1.7072157823824755E-4 
-0.010395395339927904 0.005509367160759324 
-0.0027431290834265647 1.1271541402133948E-4 
-0.009367250013497579 0.003089058472319806 
-0.008457190017414722 0.0014710183682667606 
-0.010064001918842854 0.004430462546106319 
-0.009726608501462265 0.003709506138456704 
-0.008287573136233274 0.0012426239318770087 
-0.008671854662443619 0.0017297067562698758 
-0.009814821806423854 0.003871140059711872 
-0.008369365109957878 0.0013624425876802991 
-0.010446232503017641 0.005616951971217751 
-0.010250350759510144 0.005015131289268127 
-0.00942952061412618 0.003192199621644824 
-0.01051528556661786 0.005825897437556568 
-0.006006772913924333 2.2159179976292596E-4 
-0.010019624267081199 0.004311122367928506 
-0.007980159861929004 9.270522621623472E-4 
-0.008060835656261579 9.803084067512788E-4 
-0.007520606246877662 5.738170760803497E-4 
-0.008115798381596005 0.0010872973176354647 
-0.00908594193938939 0.0025151695822080516 
-0.006506815715022497 2.7229240491383536E-4 
-0.00580035378245119 2.146697267075769E-4 
-0.009614955396634317 0.0035101966972685885 
-0.009295701700946511 0.0029728128447660063 
-0.007601042516388571 6.352852724037043E-4 
-0.009045072044168925 0.0024212248403449508 
-0.010365798321206428 0.005345559335734213 
-0.008770181845397615 0.0019316908391720092 
-0.01053370751571988 0.005939575074401231 
-0.006838127098196376 3.2760763388325345E-4 
-0.008984746011108977 0.0023597164733458157 
-0.006140381901626626 2.3878163011329805E-4 
-0.010584644554998069 0.006083442373561367 
-0.007375140722487 5.371257082472586E-4 
-0.010096461406422272 0.0045590731677647815 
-0.008940581929849725 0.00221503981716512 
-0.009661083415772315 0.003591824530062751 
-0.010188059408145468 0.004915570826972557 
-0.009969424166739634 0.004239368460192813 
-0.007900184302941437 8.353926444296361E-4 
-0.007663152940919459 7.063687907342345E-4 
-0.010309304070859924 0.0052656937586320705 
-0.009170815471974049 0.002687674105779876 
-0.009505970609659953 0.003321332742514428 
-0.005691361939290788 2.0374581926301682E-4 
-0.006348441551968554 2.6335778175908746E-4 
-0.0070521119397935995 4.075963914769231E-4 
-0.00733157918075188 5.014691307640669E-4 
-0.00884211690539937 0.002066737303290604 
-0.009954218235758015 0.0041588904172415895 
-0.009477719550943306 0.003273291574136661 
-0.01028349427720907 0.005137086611932972 
-0.009895910829733838 0.004022964289884617 
-0.010567916302287584 0.006008618319562709 
-0.007214494602406037 4.623255528920544E-4 
-0.009913783123486088 0.004094134181027732 
-0.008973417807848667 0.002261590605167839 
-0.00786713040198644 8.109666446298923E-4 
-0.010170137705789898 0.0047565992193493705 
-0.008211943076912918 0.001179184620422413 
-0.008433960997551056 0.0014120503823626623 
-0.006262662218899279 2.526006582348286E-4 
-0.007141640072211845 4.548131987656878E-4 
-0.007777188207275229 7.45287469343671E-4 
-0.006662817540453513 3.22315835875945E-4 
-0.004451359721820953 1.656728777847629E-4 
-0.009695414010993674 0.0036532284521915122 
-0.008185213005957313 0.0011428422573934373 
-0.006659206291472914 2.869147576209214E-4 
-0.010616992295878001 0.006180244145604084 
-0.008727656983389767 0.0018198257659219341 
-0.006929841059855826 3.526566783641802E-4 
-0.00917846298028064 0.00278756358613086 
-0.00955714367699063 0.0034093134332564877 
-0.009104418908613767 0.002618210686695983 
-0.010208798988476118 0.004928108960221508 
-0.008900296685137754 0.0021128110114165813 
-0.00956577787516379 0.0034242800409832524 
-0.006986865612895106 3.737722044369833E-4 
-0.010481930972422109 0.005716843578396699 
-0.010139728806231804 0.00465004466975425 
-0.004476715592935166 1.7051501675996632E-4 
-0.008708995049924045 0.0018197363577200107 
-0.010145323192839142 0.0047425230412914765 
-0.010481930972422109 0.005716843578396699 
-0.009255577523006181 0.0029086813313704846 
-0.010304957291538958 0.005158552549764941 
-0.009858468393869103 0.003952474054508702 
-0.0055620793550341385 1.8859852172260032E-4 
