0.0 0.11153679470729289 0.1151507047204258 0.0 0.10260370630427607 0.12851783549452964 0.0 0.0 0.0 0.0 0.0 
0.29999991037842233 0.0 0.0 0.0 0.0 0.0 0.0 0.35 0.35 0.0 0.0 
0.33203771361978673 0.0 0.0 0.0 0.0 0.35 0.0 0.1015838584468044 0.0 0.0 0.0 
0.35 0.0 0.0 0.0 0.0 0.3415495822285856 0.0 0.1022828166125363 0.10642350796041032 0.0 0.0 
0.0 0.0 0.0 0.0 0.0 0.35 0.0 0.0 0.10541454694011178 0.0 0.0 
0.0 0.0 0.0 0.0 0.0 0.35 0.0 0.0 0.0 0.0 0.0 
0.0 0.0 0.0 0.0 0.0 0.35 0.0 0.0 0.0 0.0 0.0 
0.0 0.0 0.0 0.0 0.0 0.35 0.0 0.0 0.1828700735486022 0.0 0.0 
0.33742817118511076 0.0 0.0 0.0 0.0 0.2819471884354782 0.0 0.10294786030150717 0.2776767800779038 0.0 0.0 
0.35 0.0 0.0 0.0 0.0 0.35 0.0 0.10353489999165622 0.144642217879747 0.0 0.0 
0.3166890839815703 0.0 0.0 0.0 0.0 0.2661862387325098 0.0 0.10028487482240547 0.31683980246351434 0.0 0.0 
0.3370104834460039 0.11311351128649422 0.0 0.0 0.0 0.0 0.0 0.20393687594211055 0.3459391293253914 0.0 0.0 
0.30877864305821257 0.0 0.0 0.0 0.0 0.0 0.0 0.336029215083501 0.35 0.0 0.0 
0.35 0.0 0.0 0.0 0.0 0.34165942035440494 0.0 0.10001596091433118 0.1826825258671913 0.0 0.0 
0.33631569562622443 0.11647746993261913 0.0 0.0 0.0 0.0 0.0 0.19723048004940316 0.3499763543917532 0.0 0.0 
0.31768335964347966 0.0 0.0 0.0 0.0 0.0 0.0 0.33227833943798535 0.35 0.0 0.0 
0.3247045477010793 0.0 0.0 0.0 0.0 0.0 0.0 0.32250618210404075 0.35 0.0 0.0 
0.35 0.0 0.0 0.0 0.0 0.35 0.0 0.10625059868371255 0.1119572384204041 0.0 0.0 
0.31080981543763336 0.0 0.0 0.0 0.0 0.0 0.0 0.33862490925030075 0.35 0.0 0.0 
0.33532152004233773 0.10210819985117525 0.0 0.0 0.0 0.0 0.0 0.21351047344995358 0.3490598066565335 0.0 0.0 
0.3051221782218838 0.10511135081067785 0.0 0.0 0.0 0.0 0.0 0.23918414678240033 0.35 0.0 0.0 
0.3482807307888859 0.0 0.0 0.0 0.0 0.0 0.0 0.30299436527757145 0.34872490393354255 0.0 0.0 
0.31344506388011356 0.0 0.0 0.0 0.0 0.0 0.0 0.34301291484464064 0.34354202127524575 0.0 0.0 
0.35 0.0 0.0 0.0 0.0 0.0 0.0 0.27728038515310144 0.35 0.0 0.0 
0.35 0.0 0.0 0.0 0.0 0.0 0.0 0.2898484723140321 0.35 0.0 0.0 
0.32956589387148394 0.0 0.0 0.0 0.0 0.31428415800775755 0.0 0.10186033064027257 0.2542896174804862 0.0 0.0 
0.317660544210464 0.10542923950589099 0.0 0.0 0.0 0.0 0.0 0.23227904973513516 0.3446311665485099 0.0 0.0 
0.35 0.0 0.0 0.0 0.0 0.0 0.0 0.28522811998879316 0.35 0.0 0.0 
0.35 0.0 0.0 0.0 0.0 0.0 0.0 0.2741612948489166 0.35 0.0 0.0 
0.35 0.0 0.0 0.0 0.0 0.0 0.0 0.2709127126243227 0.35 0.0 0.0 
0.35 0.0 0.0 0.0 0.0 0.0 0.0 0.2678043483424272 0.35 0.0 0.0 
0.35 0.0 0.0 0.0 0.0 0.0 0.0 0.25225083704425083 0.35 0.0 0.0 
0.35 0.0 0.0 0.0 0.0 0.0 0.0 0.2555764998675088 0.35 0.0 0.0 
0.35 0.10952325148624217 0.0 0.0 0.0 0.0 0.0 0.1800600510539469 0.35 0.0 0.0 
0.0 0.0 0.0 0.0 0.0 0.35 0.0 0.0 0.14094712167523252 0.0 0.0 
0.3222700263091952 0.0 0.0 0.0 0.0 0.0 0.0 0.32937995750654775 0.34827323177046593 0.0 0.0 
0.3325251132056733 0.0 0.0 0.0 0.0 0.0 0.0 0.3170565331695126 0.35 0.0 0.0 
0.30133261117831117 0.0 0.0 0.0 0.0 0.0 0.0 0.34762806856187844 0.35 0.0 0.0 
0.35 0.0 0.0 0.0 0.0 0.169810018611082 0.0 0.11488803787838563 0.35 0.0 0.0 
0.35 0.0 0.0 0.0 0.0 0.20453787671766618 0.0 0.10041285699702412 0.3333342858468044 0.0 0.0 
0.3065378610653232 0.0 0.0 0.0 0.0 0.0 0.0 0.3433829309028192 0.35 0.0 0.0 
0.34718261779330256 0.15056204188201333 0.0 0.0 0.0 0.0 0.0 0.15507272253138146 0.34718261779330256 0.0 0.0 
0.3440519865862082 0.0 0.0 0.0 0.0 0.2828784433135512 0.0 0.1002242292761279 0.22436935905765604 0.0 0.0 
0.35 0.0 0.0 0.0 0.0 0.0 0.0 0.25893398099588805 0.35 0.0 0.0 
0.34598298111428005 0.1456957617043657 0.0 0.0 0.0 0.0 0.0 0.16067751393287805 0.3476437432484762 0.0 0.0 
0.35 0.0 0.0 0.0 0.0 0.16083142242945284 0.0 0.10854441168228976 0.35 0.0 0.0 
0.3496126943026052 0.15180821476830222 0.0 0.0 0.0 0.0 0.0 0.11532444530695403 0.35 0.0 0.0 
0.35 0.1621196980661369 0.0 0.0 0.0 0.0 0.0 0.1226321940965797 0.35 0.0 0.0 
0.31571845525603354 0.10852241722068535 0.0 0.0 0.0 0.0 0.0 0.22746735940196217 0.34829176812131896 0.0 0.0 
0.3247773798939599 0.10663000612054377 0.0 0.0 0.0 0.0 0.0 0.2174868038552114 0.35 0.0 0.0 
0.3445321491217592 0.1550540019668204 0.0 0.0 0.0 0.0 0.0 0.13632093192916472 0.35 0.0 0.0 
0.35 0.17340147855509747 0.0 0.0 0.0 0.0 0.0 0.10507825449410356 0.35 0.0 0.0 
0.35 0.14428723922601053 0.0 0.0 0.0 0.0 0.0 0.1467249956503921 0.35 0.0 0.0 
0.35 0.14895588639828622 0.0 0.0 0.0 0.0 0.0 0.14118451145511365 0.3496518227827541 0.0 0.0 
0.33688303719146695 0.10151306764168885 0.0 0.0 0.0 0.0 0.0 0.21002752871866814 0.35 0.0 0.0 
0.35 0.0 0.0 0.0 0.0 0.0 0.0 0.2949085132891559 0.35 0.0 0.0 
0.3324071994124186 0.0 0.0 0.0 0.0 0.0 0.0 0.31425455822185144 0.35 0.0 0.0 
0.35 0.0 0.0 0.0 0.0 0.35 0.0 0.10029025490952814 0.19746167415770965 0.0 0.0 
0.34567912134192 0.0 0.0 0.0 0.0 0.0 0.0 0.28023463604743687 0.35 0.0 0.0 
0.0 0.0 0.0 0.0 0.0 0.35 0.0 0.0 0.1611989531263014 0.0 0.0 
0.35 0.12799836259965086 0.0 0.0 0.0 0.0 0.0 0.17114877356605196 0.35 0.0 0.0 
0.35 0.0 0.0 0.0 0.0 0.14156635599663894 0.0 0.10186651792337816 0.35 0.0 0.0 
0.3473939652158756 0.1507115472346705 0.0 0.0 0.0 0.0 0.0 0.10098563852602688 0.34731609807047126 0.0 0.0 
0.3374151270818963 0.0 0.0 0.0 0.0 0.0 0.0 0.3091135858436298 0.35 0.0 0.0 
0.35 0.1491641574474437 0.0 0.0 0.0 0.0 0.0 0.15010123182439558 0.35 0.0 0.0 
0.3493097926359825 0.0 0.0 0.0 0.0 0.0 0.0 0.3003764666187004 0.35 0.0 0.0 
0.3496489136658385 0.10381935294990477 0.0 0.0 0.0 0.0 0.0 0.1932105745341497 0.35 0.0 0.0 
0.3092267279345809 0.10499425396523396 0.0 0.0 0.0 0.0 0.0 0.235731970342398 0.35 0.0 0.0 
0.3091590713037148 0.10392583054112159 0.0 0.0 0.0 0.0 0.0 0.23431916182077242 0.35 0.0 0.0 
0.3235058919977316 0.0 0.0 0.0 0.0 0.0 0.0 0.32596654753037246 0.34826515206591957 0.0 0.0 
0.3317909033912595 0.0 0.0 0.0 0.0 0.0 0.0 0.3206355564647813 0.347573540143959 0.0 0.0 
0.3218800750724795 0.0 0.0 0.0 0.0 0.0 0.0 0.3317096695412818 0.34641025538623865 0.0 0.0 
0.35 0.0 0.0 0.0 0.0 0.3386594026400287 0.0 0.10177036612291618 0.20739019476460144 0.0 0.0 
0.3135238522315055 0.11001897150330356 0.0 0.0 0.0 0.0 0.0 0.22439895883334482 0.35 0.0 0.0 
0.35 0.0 0.0 0.0 0.0 0.30501160685110273 0.0 0.10231372425401791 0.23733073820428136 0.0 0.0 
0.32428518720930116 0.0 0.0 0.0 0.0 0.0 0.0 0.3263947820243462 0.34932003076635254 0.0 0.0 
0.35 0.15703019836696994 0.0 0.0 0.0 0.0 0.0 0.11929143986543368 0.35 0.0 0.0 
0.3469670685959875 0.12257701383848159 0.0 0.0 0.0 0.0 0.0 0.18348884896954332 0.3469670685959875 0.0 0.0 
0.0 0.0 0.0 0.0 0.0 0.35 0.0 0.0 0.12713233283413478 0.0 0.0 
0.35 0.1291085142262923 0.0 0.0 0.0 0.0 0.0 0.16523135130734126 0.35 0.0 0.0 
0.35 0.0 0.0 0.0 0.0 0.0 0.0 0.29750997129736495 0.35 0.0 0.0 
0.0 0.0 0.0 0.0 0.0 0.35 0.0 0.0 0.16842315189921284 0.0 0.0 
0.35 0.1681329564989104 0.0 0.0 0.0 0.0 0.0 0.10106872504046885 0.35 0.0 0.0 
0.0 0.0 0.0 0.0 0.0 0.35 0.0 0.0 0.11814314497035792 0.0 0.0 
0.35 0.0 0.0 0.0 0.0 0.0 0.0 0.29275285267439444 0.35 0.0 0.0 
0.29669124296305716 0.0 0.0 0.0 0.0 0.25357088453120935 0.0 0.10047297919787111 0.34926489330786226 0.0 0.0 
0.33249034411611655 0.0 0.0 0.0 0.0 0.0 0.0 0.3198627669276677 0.34764688895621576 0.0 0.0 
0.3469973449496246 0.0 0.0 0.0 0.0 0.0 0.0 0.3068312349805063 0.34617142006986906 0.0 0.0 
0.35 0.0 0.0 0.0 0.0 0.0 0.0 0.26448438818140346 0.35 0.0 0.0 
0.35 0.12277608865205648 0.0 0.0 0.0 0.0 0.0 0.16867744045299887 0.35 0.0 0.0 
0.3420865013103643 0.17823124736518117 0.0 0.0 0.0 0.0 0.0 0.12745543006213242 0.35 0.0 0.0 
0.34884042390918135 0.1093152308742504 0.0 0.0 0.0 0.0 0.0 0.1880763413149772 0.35 0.0 0.0 
0.3036755266982846 0.0 0.0 0.0 0.0 0.0 0.0 0.3454601887032663 0.35 0.0 0.0 
0.35 0.0 0.0 0.0 0.0 0.0 0.0 0.2821842963539913 0.35 0.0 0.0 
0.35 0.0 0.0 0.0 0.0 0.0 0.0 0.2614153405186025 0.35 0.0 0.0 
0.35 0.0 0.0 0.0 0.0 0.0 0.0 0.29856685416323886 0.35 0.0 0.0 
0.35 0.0 0.0 0.0 0.0 0.0 0.0 0.28372654293032035 0.35 0.0 0.0 
0.342849966906458 0.1786290222700399 0.0 0.0 0.0 0.0 0.0 0.12773988395176275 0.35 0.0 0.0 
0.31557885878184067 0.10969536928769606 0.0 0.0 0.0 0.0 0.0 0.22184378267525004 0.35 0.0 0.0 
0.34769893760985776 0.0 0.0 0.0 0.0 0.0 0.0 0.29117404454998713 0.35 0.0 0.0 
