0.0 0.30000000000000004 0.0 0.0 0.0 0.0 0.0 0.35 0.35 0.0 0.0 
0.0 0.19117066973145505 0.1503532868406063 0.0 0.159674999947731 0.35 0.14880104348020765 0.0 0.0 0.0 0.0 
0.0 0.29999999999999993 0.0 0.0 0.0 0.0 0.0 0.35 0.35 0.0 0.0 
0.0 0.19075276636924948 0.13221883904582848 0.0 0.14956546304216004 0.34880678418816774 0.1786561473545943 0.0 0.0 0.0 0.0 
0.3291558426174162 0.0 0.0 0.0 0.13389487136619044 0.2829928824791081 0.0 0.10097660353851473 0.1529797999987705 0.0 0.0 
0.1001284002540313 0.19987159974596894 0.0 0.0 0.0 0.0 0.0 0.35 0.35 0.0 0.0 
0.0 0.3009940399351619 0.0 0.0 0.0 0.0 0.0 0.34900596006483814 0.35 0.0 0.0 
0.29499672294935503 0.0 0.0 0.0 0.10633522460393602 0.2649099080954222 0.0 0.10061154356811072 0.23314660078317603 0.0 0.0 
0.3000000000000002 0.0 0.0 0.0 0.0 0.0 0.0 0.3499999999999999 0.35 0.0 0.0 
0.19953048255119699 0.10141174208830604 0.0 0.0 0.0 0.0 0.0 0.349057775360497 0.35 0.0 0.0 
0.35 0.0 0.0 0.0 0.0 0.33772513997220116 0.0 0.10022268194222514 0.21205217808557372 0.0 0.0 
0.3295050186992595 0.0 0.0 0.0 0.10288995772224 0.2738156888713632 0.0 0.10132228562541125 0.1924670490817261 0.0 0.0 
0.33237114411414775 0.0 0.0 0.0 0.0 0.0 0.0 0.3179546016628204 0.34967425422303183 0.0 0.0 
0.35 0.0 0.0 0.0 0.10609731253932636 0.2798880765339501 0.0 0.10419950494846447 0.15981510597825901 0.0 0.0 
0.2898000732884053 0.10779137476470076 0.0 0.0 0.0 0.0 0.0 0.25244634810975675 0.3499622038371371 0.0 0.0 
0.35 0.1549959004956118 0.0 0.0 0.0 0.0 0.0 0.14500409950438814 0.35 0.0 0.0 
0.346058343589068 0.0 0.0 0.0 0.0 0.0 0.0 0.303941656410932 0.35 0.0 0.0 
0.3064509439941978 0.11409888736885314 0.0 0.0 0.0 0.0 0.0 0.22945016863694911 0.35 0.0 0.0 
0.35 0.1881080032504544 0.0 0.0 0.0 0.0 0.0 0.11349851947352235 0.34839347727602327 0.0 0.0 
0.2632795612679932 0.10204502570975832 0.0 0.0 0.0 0.0 0.0 0.2846754130222487 0.35 0.0 0.0 
0.34601158306399693 0.19987102239463028 0.0 0.0 0.0 0.0 0.0 0.10411840555528751 0.3499989889860851 0.0 0.0 
0.32398586410483615 0.0 0.0 0.0 0.0 0.0 0.0 0.3260141358951639 0.35 0.0 0.0 
0.31254536712322667 0.11246007606014968 0.0 0.0 0.0 0.0 0.0 0.2249945568166237 0.35 0.0 0.0 
0.349477453677399 0.0 0.0 0.0 0.0 0.30027962271163855 0.0 0.10020726842090419 0.2500356551900583 0.0 0.0 
0.3186301646417087 0.0 0.0 0.0 0.0 0.0 0.0 0.3313698353582913 0.35 0.0 0.0 
0.33705721262987676 0.18265584353755143 0.0 0.0 0.0 0.0 0.0 0.13028694383257192 0.35 0.0 0.0 
0.3469019392567325 0.14070820500451264 0.0 0.0 0.0 0.0 0.0 0.1654879164820224 0.3469019392567325 0.0 0.0 
0.30144498023184335 0.10002331935560384 0.0 0.0 0.0 0.0 0.0 0.24853170041255304 0.35 0.0 0.0 
0.35 0.10375914214586802 0.0 0.0 0.0 0.0 0.0 0.19963661742723107 0.34660424042690086 0.0 0.0 
0.31839141238747015 0.16344192688119985 0.0 0.0 0.0 0.0 0.0 0.16816666073133008 0.35 0.0 0.0 
0.2710423147657552 0.10417635193352452 0.0 0.0 0.0 0.0 0.0 0.27514287688174804 0.34963845641897223 0.0 0.0 
0.34350112430734975 0.18614788607224952 0.0 0.0 0.0 0.0 0.0 0.12035098962040078 0.35 0.0 0.0 
0.31560772376041596 0.0 0.0 0.0 0.13084783885595175 0.2756126811652193 0.0 0.10018667527900109 0.17774508093941177 0.0 0.0 
0.34363280067278346 0.0 0.0 0.0 0.0 0.1959172789875949 0.0 0.11044992033962166 0.35 0.0 0.0 
0.35 0.0 0.0 0.0 0.0 0.2720434553077448 0.0 0.10455163377919328 0.27340491091306196 0.0 0.0 
0.3463162039871658 0.10062135449392177 0.0 0.0 0.0 0.0 0.0 0.20306244151891242 0.35 0.0 0.0 
0.35 0.12428131251143429 0.0 0.0 0.0 0.0 0.0 0.17571868748856573 0.35 0.0 0.0 
0.35 0.11026189327612368 0.0 0.0 0.0 0.0 0.0 0.19075892945290313 0.3489791772709734 0.0 0.0 
0.3291970756886897 0.0 0.0 0.0 0.0 0.0 0.0 0.32080292431131013 0.35 0.0 0.0 
0.28314341446759594 0.10481994469177841 0.0 0.0 0.0 0.0 0.0 0.26422519952477147 0.34781144131585434 0.0 0.0 
0.2764332550593988 0.10232140085433397 0.0 0.0 0.0 0.0 0.0 0.27158462534776645 0.34966071873850085 0.0 0.0 
0.2719065328648826 0.10051061215790892 0.0 0.0 0.0 0.0 0.0 0.2775828549772086 0.35 0.0 0.0 
0.3075296096815811 0.0 0.0 0.0 0.0 0.0 0.0 0.34247039031841886 0.35 0.0 0.0 
0.35 0.11840615402954048 0.0 0.0 0.0 0.0 0.0 0.18159384597045958 0.35 0.0 0.0 
0.3248811698156923 0.10927286759429378 0.0 0.0 0.0 0.0 0.0 0.215845962590014 0.35 0.0 0.0 
0.31403240560965573 0.11777334842665041 0.0 0.0 0.0 0.0 0.0 0.21819424596369383 0.35 0.0 0.0 
0.34706985464465717 0.10933879792053985 0.0 0.0 0.0 0.0 0.0 0.19359134743480294 0.35 0.0 0.0 
0.3176999025750076 0.12115101756214915 0.0 0.0 0.0 0.0 0.0 0.21114907986284326 0.35 0.0 0.0 
0.32564086950075893 0.1010530991594119 0.0 0.0 0.0 0.0 0.0 0.22330603133982926 0.35 0.0 0.0 
0.28462229933906746 0.10600152081054652 0.0 0.0 0.0 0.0 0.0 0.25937617985038613 0.35 0.0 0.0 
0.32525624576420586 0.12014624725297007 0.0 0.0 0.0 0.0 0.0 0.20459750698282422 0.35 0.0 0.0 
0.34758366420562675 0.0 0.0 0.0 0.0 0.3221674634782165 0.0 0.10039602973781513 0.22985284257834154 0.0 0.0 
0.3222664334935805 0.0 0.0 0.0 0.0 0.2464900006717041 0.0 0.10043255049163537 0.33081101534308005 0.0 0.0 
0.34375931103109636 0.0 0.0 0.0 0.0 0.21373254081947923 0.0 0.10002830272355319 0.3424798454258713 0.0 0.0 
0.14976171233418675 0.15023828766581326 0.0 0.0 0.0 0.0 0.0 0.35 0.35 0.0 0.0 
0.31518568234322525 0.0 0.0 0.0 0.0 0.0 0.0 0.33481431765677466 0.35 0.0 0.0 
0.3431799346813865 0.0 0.0 0.0 0.0 0.0 0.0 0.30682006531861356 0.35 0.0 0.0 
0.3011224994921818 0.11198208169294496 0.0 0.0 0.0 0.0 0.0 0.24203447690338134 0.344860941911492 0.0 0.0 
0.33620148664738 0.0 0.0 0.0 0.0 0.0 0.0 0.31379851335262005 0.35 0.0 0.0 
0.15740847364357505 0.14259152635642508 0.0 0.0 0.0 0.0 0.0 0.35 0.35 0.0 0.0 
0.3307149490780218 0.0 0.0 0.0 0.0 0.25736227600701433 0.0 0.10058595199264303 0.31133682292232084 0.0 0.0 
0.2844745850975319 0.10210440638864204 0.0 0.0 0.0 0.0 0.0 0.2698130863224859 0.3436079221913401 0.0 0.0 
0.26828323243344493 0.10061577737199177 0.0 0.0 0.0 0.0 0.0 0.2811009901945633 0.35 0.0 0.0 
0.35 0.15199297450541147 0.0 0.0 0.0 0.0 0.0 0.14800702549458844 0.35 0.0 0.0 
0.3028045541594144 0.0 0.0 0.0 0.0 0.0 0.0 0.34719544584058565 0.35 0.0 0.0 
0.3156310683021923 0.10035965242794095 0.0 0.0 0.0 0.0 0.0 0.2349797994583885 0.34902947981147825 0.0 0.0 
0.2798955142735802 0.10497079707937407 0.0 0.0 0.0 0.0 0.0 0.26513368864704573 0.35 0.0 0.0 
0.34723310522542616 0.1495326715754449 0.0 0.0 0.0 0.0 0.0 0.15323422319912902 0.35 0.0 0.0 
0.3433857968173626 0.1798053706079398 0.0 0.0 0.0 0.0 0.0 0.12680883257469758 0.35 0.0 0.0 
0.34339737612660465 0.0 0.0 0.0 0.0 0.17975995767800415 0.0 0.1268426661953913 0.35 0.0 0.0 
0.34009973194464876 0.15061161203164866 0.0 0.0 0.0 0.0 0.0 0.15928865602370243 0.35 0.0 0.0 
0.35 0.0 0.0 0.0 0.0 0.29221874341650306 0.0 0.10345159272463857 0.2543296638588585 0.0 0.0 
0.31512569848306426 0.10019896248170695 0.0 0.0 0.0 0.0 0.0 0.236204704606214 0.3484706344290148 0.0 0.0 
0.31801055920815485 0.0 0.0 0.0 0.0 0.2599397272509811 0.0 0.10222594957172078 0.31982376396914336 0.0 0.0 
0.1751643658089461 0.12483563419105383 0.0 0.0 0.0 0.0 0.0 0.35 0.35 0.0 0.0 
0.3117105605853483 0.0 0.0 0.0 0.0 0.0 0.0 0.3382894394146517 0.35 0.0 0.0 
0.2692304664262844 0.10024082897136723 0.0 0.0 0.0 0.0 0.0 0.2807980199918434 0.3497306846105049 0.0 0.0 
0.32686506327085535 0.0 0.0 0.0 0.1329630221743394 0.27894616515223714 0.0 0.1002738509577539 0.1609518984448143 0.0 0.0 
0.33994774711491993 0.0 0.0 0.0 0.0 0.0 0.0 0.312336214300201 0.347716038584879 0.0 0.0 
0.35 0.0 0.0 0.0 0.0 0.3244071106594612 0.0 0.10109396391956921 0.22449892542096964 0.0 0.0 
0.3049222038126689 0.0 0.0 0.0 0.0 0.0 0.0 0.34507779618733103 0.35 0.0 0.0 
0.324343349389931 0.0 0.0 0.0 0.0 0.0 0.0 0.3256566506100691 0.35 0.0 0.0 
0.1313355082341816 0.16866449176581838 0.0 0.0 0.0 0.0 0.0 0.35 0.35 0.0 0.0 
0.27656548722620405 0.10372191820982105 0.0 0.0 0.0 0.0 0.0 0.26971259456397495 0.35 0.0 0.0 
0.34110599752674287 0.0 0.0 0.0 0.0 0.194476658662817 0.0 0.11441734381044019 0.35 0.0 0.0 
0.29243297593066847 0.11240381772931714 0.0 0.0 0.0 0.0 0.0 0.24516320634001443 0.35 0.0 0.0 
0.29300436378401457 0.10006610377338102 0.0 0.0 0.0 0.0 0.0 0.2569295324426044 0.35 0.0 0.0 
0.35 0.0 0.0 0.0 0.0 0.0 0.0 0.2999999999999999 0.35 0.0 0.0 
0.19131996586954333 0.10868003413045674 0.0 0.0 0.0 0.0 0.0 0.35 0.35 0.0 0.0 
0.3459516894173776 0.0 0.0 0.0 0.0 0.1861936676631606 0.0 0.11925971665802022 0.34859492626144145 0.0 0.0 
0.3173169257467167 0.0 0.0 0.0 0.0 0.0 0.0 0.3326830742532833 0.35 0.0 0.0 
0.3094324574180589 0.10173037166484482 0.0 0.0 0.0 0.0 0.0 0.23883717091709633 0.35 0.0 0.0 
0.35 0.0 0.0 0.0 0.0 0.0 0.0 0.30000000000000016 0.35 0.0 0.0 
0.337005044924507 0.0 0.0 0.0 0.0 0.2123004882867908 0.0 0.10130077358021919 0.34939369320848307 0.0 0.0 
0.3132985504544724 0.0 0.0 0.0 0.0 0.0 0.0 0.3367014495455278 0.35 0.0 0.0 
0.12399415653593626 0.17600584346406384 0.0 0.0 0.0 0.0 0.0 0.35 0.35 0.0 0.0 
0.3434312649024816 0.0 0.0 0.0 0.0 0.18116058176590313 0.0 0.12540815333161537 0.35 0.0 0.0 
0.3406943507565847 0.0 0.0 0.0 0.0 0.26110813647848385 0.0 0.10041997008462404 0.29777754268030726 0.0 0.0 
0.32717738656883627 0.0 0.0 0.0 0.0 0.0 0.0 0.3228226134311638 0.35 0.0 0.0 
0.28547390669353356 0.10618225355423691 0.0 0.0 0.0 0.0 0.0 0.25834383975222974 0.35 0.0 0.0 
