0.0 0.3000000000000001 0.0 0.0 0.0 0.0 0.0 0.3499999999999999 0.35 0.0 0.0 
0.3092224299442987 0.0 0.0 0.0 0.17548314906597318 0.2575111695450979 0.0 0.10264226204899564 0.15514098939563464 0.0 0.0 
0.0 0.3000000000000001 0.0 0.0 0.0 0.0 0.0 0.3499999999999999 0.35 0.0 0.0 
0.0 0.30100199200183364 0.0 0.0 0.0 0.0 0.0 0.34899842323429303 0.3499995847638733 0.0 0.0 
0.35 0.0 0.0 0.0 0.0 0.3051820637779734 0.0 0.1009068930860535 0.24391104313597306 0.0 0.0 
0.10002665904762773 0.1999733409523724 0.0 0.0 0.0 0.0 0.0 0.3499999999999999 0.35 0.0 0.0 
0.3212495925233338 0.0 0.0 0.0 0.10356047594487917 0.20148995385212445 0.0 0.10006897054298969 0.2736310071366729 0.0 0.0 
0.3000000000000002 0.0 0.0 0.0 0.0 0.0 0.0 0.3499999999999999 0.35 0.0 0.0 
0.2000792101587814 0.1008829606349822 0.0 0.0 0.0 0.0 0.0 0.3490378292062364 0.35 0.0 0.0 
0.33187668307392004 0.0 0.0 0.0 0.12415830707340875 0.25602918679251707 0.0 0.1002766993393628 0.18765912372079144 0.0 0.0 
0.29872162786004813 0.0 0.0 0.0 0.16906935844451118 0.2470566310428708 0.0 0.10026855202848983 0.1848838306240801 0.0 0.0 
0.35 0.1558211195638017 0.0 0.0 0.0 0.0 0.0 0.14417888043619825 0.35 0.0 0.0 
0.33438836396051075 0.0 0.0 0.0 0.0 0.27002013305713024 0.0 0.10007953575887416 0.29551196722348483 0.0 0.0 
0.2816566579554188 0.10635953502780016 0.0 0.0 0.0 0.0 0.0 0.26255544033538436 0.3494283666813969 0.0 0.0 
0.3423028328693788 0.0 0.0 0.0 0.0 0.0 0.0 0.3076971671306212 0.35 0.0 0.0 
0.32298267962343796 0.0 0.0 0.0 0.0 0.23806254348212907 0.0 0.10292193873637676 0.33603283815805624 0.0 0.0 
0.3474643784305371 0.16704993652979602 0.0 0.0 0.0 0.0 0.0 0.1354856850396669 0.35 0.0 0.0 
0.33158336637013064 0.0 0.0 0.0 0.1055702044098963 0.21689959233653 0.0 0.10126515448682114 0.24468168239662197 0.0 0.0 
0.3498667443423737 0.12505700016103174 0.0 0.0 0.0 0.0 0.0 0.17520951115422076 0.3498667443423737 0.0 0.0 
0.35 0.17250508096636333 0.0 0.0 0.0 0.0 0.0 0.12749491903363674 0.35 0.0 0.0 
0.35 0.0 0.0 0.0 0.1197158753516431 0.20280662778575742 0.0 0.10182033411895659 0.2256571627436429 0.0 0.0 
0.3455813868917986 0.0 0.0 0.0 0.0 0.23623682282338473 0.0 0.10093582225176902 0.31724596803304755 0.0 0.0 
0.33866529174514715 0.10603780149967401 0.0 0.0 0.0 0.0 0.0 0.20529690675517887 0.35 0.0 0.0 
0.35 0.14476160596810309 0.0 0.0 0.0 0.0 0.0 0.15523839403189704 0.35 0.0 0.0 
0.35 0.11682476846603611 0.0 0.0 0.0 0.0 0.0 0.18317523153396398 0.35 0.0 0.0 
0.1985352625519588 0.1014647374480413 0.0 0.0 0.0 0.0 0.0 0.35 0.35 0.0 0.0 
0.319989367418968 0.10322801578330877 0.0 0.0 0.0 0.0 0.0 0.2276974031475105 0.3490852136502128 0.0 0.0 
0.31786657615998853 0.0 0.0 0.0 0.0 0.0 0.0 0.33213342384001143 0.35 0.0 0.0 
0.34549127966737436 0.0 0.0 0.0 0.0 0.2458440375041146 0.0 0.10008732603761149 0.3085773567908995 0.0 0.0 
0.2635873976980633 0.10157887169758371 0.0 0.0 0.0 0.0 0.0 0.284833730604353 0.35 0.0 0.0 
0.33814107056339643 0.0 0.0 0.0 0.0 0.0 0.0 0.3118589294366034 0.35 0.0 0.0 
0.16141100393677668 0.1385889960632234 0.0 0.0 0.0 0.0 0.0 0.35 0.35 0.0 0.0 
0.35 0.0 0.0 0.0 0.0 0.2934714616428283 0.0 0.10260759828668435 0.2539209400704874 0.0 0.0 
0.3016131835026861 0.0 0.0 0.0 0.171164915981026 0.2494480815737906 0.0 0.10123912821165443 0.176534690730843 0.0 0.0 
0.3257687766580092 0.0 0.0 0.0 0.0 0.30163566481539666 0.0 0.10273310440506568 0.2698624541215284 0.0 0.0 
0.2752388849294809 0.10640628314635489 0.0 0.0 0.0 0.0 0.0 0.2683548319241642 0.35 0.0 0.0 
0.330171656033692 0.10626094141188037 0.0 0.0 0.0 0.0 0.0 0.21356740255442755 0.35 0.0 0.0 
0.3426535365655661 0.0 0.0 0.0 0.0 0.18546155145443638 0.0 0.12188491197999743 0.35 0.0 0.0 
0.26854618340383857 0.10207203767316438 0.0 0.0 0.0 0.0 0.0 0.2798658324797568 0.3495159464432403 0.0 0.0 
0.3216947537602298 0.0 0.0 0.0 0.0 0.0 0.0 0.32830524623977037 0.35 0.0 0.0 
0.3136405386544615 0.0 0.0 0.0 0.1177975164503282 0.25852995635735765 0.0 0.10521121956183749 0.20482076897601514 0.0 0.0 
0.35 0.0 0.0 0.0 0.12468188821786952 0.2001666611973842 0.0 0.10049492240521811 0.22465652817952828 0.0 0.0 
0.35 0.0 0.0 0.0 0.0 0.0 0.0 0.3 0.35 0.0 0.0 
0.3350320077406942 0.0 0.0 0.0 0.0 0.0 0.0 0.31496799225930583 0.35 0.0 0.0 
0.35 0.0 0.0 0.0 0.0 0.19911359309240523 0.0 0.10166414224939735 0.34922226465819745 0.0 0.0 
0.30987433744444287 0.0 0.0 0.0 0.0 0.0 0.0 0.34012566255555704 0.35 0.0 0.0 
0.26818062310933294 0.10592843621117194 0.0 0.0 0.0 0.0 0.0 0.2762640033464061 0.3496269373330889 0.0 0.0 
0.3017257358360425 0.1016039546324591 0.0 0.0 0.0 0.0 0.0 0.2466703095314985 0.35 0.0 0.0 
0.34566514524493025 0.187263416241453 0.0 0.0 0.0 0.0 0.0 0.12014182469072289 0.3469296138228939 0.0 0.0 
0.26662162746539136 0.10076299397490619 0.0 0.0 0.0 0.0 0.0 0.2826153785597024 0.35 0.0 0.0 
0.3176445205386238 0.0 0.0 0.0 0.17290137534606512 0.2525049401001753 0.0 0.10247976189512498 0.1544694021200107 0.0 0.0 
0.33299492641366324 0.0 0.0 0.0 0.0 0.0 0.0 0.3170050735863368 0.35 0.0 0.0 
0.12852368896275868 0.17147631103724134 0.0 0.0 0.0 0.0 0.0 0.35 0.35 0.0 0.0 
0.32564887653564023 0.0 0.0 0.0 0.1064622676350306 0.20414064409005228 0.0 0.10202156907866411 0.26172664266061285 0.0 0.0 
0.10002665904762773 0.1999733409523724 0.0 0.0 0.0 0.0 0.0 0.3499999999999999 0.35 0.0 0.0 
0.2861046936999268 0.11018738692056178 0.0 0.0 0.0 0.0 0.0 0.2537079193795115 0.35 0.0 0.0 
0.1547699450555987 0.14523005494440125 0.0 0.0 0.0 0.0 0.0 0.35 0.35 0.0 0.0 
0.35 0.0 0.0 0.0 0.0 0.18219482822261132 0.0 0.11780517177738865 0.35 0.0 0.0 
0.34932218407256466 0.0 0.0 0.0 0.0 0.19684486679140215 0.0 0.10383294913603319 0.35 0.0 0.0 
0.35 0.19336795326681955 0.0 0.0 0.0 0.0 0.0 0.10663204673318061 0.35 0.0 0.0 
0.3304294119944854 0.0 0.0 0.0 0.0 0.0 0.0 0.31957058800551463 0.35 0.0 0.0 
0.3337527983178578 0.22315076545362908 0.0 0.0 0.0 0.0 0.0 0.10046523782196441 0.3426311984065486 0.0 0.0 
0.28856193922959317 0.1030265578831317 0.0 0.0 0.0 0.0 0.0 0.25841150288727516 0.35 0.0 0.0 
0.341146040261798 0.0 0.0 0.0 0.0 0.0 0.0 0.30885395973820184 0.35 0.0 0.0 
0.31518609431066563 0.0 0.0 0.0 0.1183779982293025 0.2598039384709598 0.0 0.10046957480781944 0.20616239418125268 0.0 0.0 
0.30533492560703057 0.10040099105070198 0.0 0.0 0.0 0.0 0.0 0.24426408334226737 0.35 0.0 0.0 
0.3162388142955851 0.10201809384077813 0.0 0.0 0.0 0.0 0.0 0.23174309186363687 0.35 0.0 0.0 
0.3135600547117077 0.0 0.0 0.0 0.0 0.0 0.0 0.3364399452882923 0.35 0.0 0.0 
0.35 0.0 0.0 0.0 0.0 0.0 0.0 0.2999999999999998 0.35 0.0 0.0 
0.12852368896275868 0.17147631103724134 0.0 0.0 0.0 0.0 0.0 0.35 0.35 0.0 0.0 
0.3489134923767206 0.0 0.0 0.0 0.10717023517668373 0.19348186974713738 0.0 0.1018218216589612 0.24861258104049708 0.0 0.0 
0.3157216136230253 0.0 0.0 0.0 0.0 0.0 0.0 0.33427838637697477 0.35 0.0 0.0 
0.35 0.19020830051873303 0.0 0.0 0.0 0.0 0.0 0.10979169948126699 0.35 0.0 0.0 
0.30271600570531093 0.0 0.0 0.0 0.0 0.0 0.0 0.34728399429468904 0.35 0.0 0.0 
0.35 0.183756938666395 0.0 0.0 0.0 0.0 0.0 0.116243061333605 0.35 0.0 0.0 
0.3477947436509463 0.0 0.0 0.0 0.0 0.1912588698005708 0.0 0.11099781525333365 0.34994857129514917 0.0 0.0 
0.35 0.11319610059150713 0.0 0.0 0.0 0.0 0.0 0.18680389940849296 0.35 0.0 0.0 
0.3227527772700723 0.10412143023635227 0.0 0.0 0.0 0.0 0.0 0.2231257924935755 0.35 0.0 0.0 
0.3291704496634272 0.15927184884444506 0.0 0.0 0.0 0.0 0.0 0.16155770149212775 0.35 0.0 0.0 
0.30340746138920377 0.1322066930585414 0.0 0.0 0.0 0.0 0.0 0.21438584555225493 0.35 0.0 0.0 
0.29517418012979996 0.10500714389680946 0.0 0.0 0.0 0.0 0.0 0.24981867597339066 0.35 0.0 0.0 
0.32769745219336655 0.1032186288514209 0.0 0.0 0.0 0.0 0.0 0.21908391895521254 0.35 0.0 0.0 
0.32539994294083785 0.11723840562272478 0.0 0.0 0.0 0.0 0.0 0.20839915428230604 0.3489624971541313 0.0 0.0 
0.3418861370464346 0.13909629782511806 0.0 0.0 0.0 0.0 0.0 0.16901756512844737 0.35 0.0 0.0 
0.3080523981329126 0.10084053134615235 0.0 0.0 0.0 0.0 0.0 0.2421591359223395 0.34894793459859563 0.0 0.0 
0.30374577295049743 0.0 0.0 0.0 0.0 0.0 0.0 0.3462542270495026 0.35 0.0 0.0 
0.35 0.13126775265476445 0.0 0.0 0.0 0.0 0.0 0.1687322473452357 0.35 0.0 0.0 
0.30590097170883324 0.0 0.0 0.0 0.0 0.0 0.0 0.3440990282911667 0.35 0.0 0.0 
0.35 0.0 0.0 0.0 0.0 0.18776732807666774 0.0 0.11223267192333218 0.35 0.0 0.0 
0.3088110342654342 0.0 0.0 0.0 0.0 0.0 0.0 0.3411889657345657 0.35 0.0 0.0 
0.27624428980924187 0.10314212414615188 0.0 0.0 0.0 0.0 0.0 0.2706135860446062 0.35 0.0 0.0 
0.2700271318192855 0.10644494971067568 0.0 0.0 0.0 0.0 0.0 0.2735279184700388 0.35 0.0 0.0 
0.3124818641970637 0.10509172307091572 0.0 0.0 0.0 0.0 0.0 0.2324264127320207 0.35 0.0 0.0 
0.3446651560834477 0.14785249228491423 0.0 0.0 0.0 0.0 0.0 0.1574823516316383 0.35 0.0 0.0 
0.33201558373664325 0.22467809542814543 0.0 0.0 0.0 0.0 0.0 0.10115286068899995 0.3421534601462114 0.0 0.0 
0.3068257630643637 0.0 0.0 0.0 0.0 0.0 0.0 0.34317423693563626 0.35 0.0 0.0 
0.3213640802674806 0.10665174684426992 0.0 0.0 0.0 0.0 0.0 0.22198417288824954 0.35 0.0 0.0 
0.34762736164601105 0.10726310367322317 0.0 0.0 0.0 0.0 0.0 0.19510953468076578 0.35 0.0 0.0 
0.32435669837057407 0.0 0.0 0.0 0.0 0.0 0.0 0.325643301629426 0.35 0.0 0.0 
0.30072714070508955 0.0 0.0 0.0 0.0 0.0 0.0 0.35 0.3492728592949105 0.0 0.0 
