0.0 0.30000000000000027 0.0 0.0 0.0 0.0 0.0 0.35 0.35 0.0 0.0 
0.2178565712528245 0.0 0.29755169472253756 0.0 0.0 0.0 0.0 0.27995975156425945 0.10452830550917021 0.10010367695120831 0.0 
0.0 0.30000000000000027 0.0 0.0 0.0 0.0 0.0 0.35 0.35 0.0 0.0 
0.2178565712528245 0.0 0.29755169472253756 0.0 0.0 0.0 0.0 0.27995975156425945 0.10452830550917021 0.10010367695120831 0.0 
0.0 0.19644263440530743 0.0 0.0 0.0 0.0 0.10355736559469259 0.35 0.35 0.0 0.0 
0.0 0.2999999999999998 0.0 0.0 0.0 0.0 0.0 0.35 0.35 0.0 0.0 
0.10005888693208276 0.19994111306791731 0.0 0.0 0.0 0.0 0.0 0.35 0.35 0.0 0.0 
0.0 0.21298285850229445 0.0 0.0 0.0 0.0 0.10927055257716327 0.35 0.32774658892054215 0.0 0.0 
0.11353251823306779 0.1064989828671156 0.0 0.0 0.0 0.0 0.0 0.35 0.32739960752794894 0.10256889137186782 0.0 
0.21119710642443074 0.0 0.2746115302746788 0.0 0.0 0.0 0.0 0.3090502798693574 0.1043457359380735 0.10079534749345963 0.0 
0.21215485525498132 0.13265586617938585 0.0 0.0 0.0 0.0 0.0 0.35 0.3051892785656328 0.0 0.0 
0.12566764995793353 0.10755769015842861 0.0 0.0 0.0 0.0 0.0 0.3490374173807043 0.30740153258975117 0.1103357099131823 0.0 
0.20192504145587617 0.0 0.25614042783953905 0.0 0.0 0.0 0.0 0.33582951699699437 0.10455468860197796 0.1015503251056125 0.0 
0.2139559198146736 0.0 0.28175267636147455 0.0 0.0 0.0 0.0 0.3000440693544329 0.10412746196773451 0.10011987250168444 0.0 
0.19052961200278462 0.100831605105134 0.0 0.0 0.0 0.0 0.0 0.35 0.250544300292391 0.1080944825996904 0.0 
0.21054461665695018 0.0 0.13456405997358134 0.0 0.0 0.0 0.0 0.35 0.2028518747722924 0.10203944859717605 0.0 
0.19313912860740493 0.0 0.2531535232805916 0.0 0.0 0.0 0.0 0.3403339104947403 0.11013317043319827 0.10324026718406484 0.0 
0.0 0.19644263440530743 0.0 0.0 0.0 0.0 0.10355736559469259 0.35 0.35 0.0 0.0 
0.20675080790533426 0.0 0.11326490550554755 0.0 0.0 0.0 0.0 0.35 0.22387139942811135 0.10611288716100695 0.0 
0.210634243526978 0.12051275254315069 0.0 0.0 0.0 0.0 0.0 0.35 0.3188530039298712 0.0 0.0 
0.20806945479290545 0.0 0.1389336995030194 0.0 0.0 0.0 0.0 0.3499999999999999 0.19149933970759195 0.1114975059964831 0.0 
0.0 0.2999999999999998 0.0 0.0 0.0 0.0 0.0 0.35 0.35 0.0 0.0 
0.20656087523301203 0.11894150035639008 0.0 0.0 0.0 0.0 0.0 0.34940429944348483 0.2211465239468466 0.10394680102026639 0.0 
0.12585038261916723 0.1073038442123591 0.0 0.0 0.0 0.0 0.0 0.34915342256055637 0.298931645043008 0.11876070556490925 0.0 
0.20576730470901936 0.0 0.16795868470562028 0.0 0.0 0.0 0.0 0.35 0.17351083716618798 0.10276317341917246 0.0 
0.20611813208986848 0.0 0.2714512763866384 0.0 0.0 0.0 0.0 0.319715136163075 0.1025807968488038 0.10013465851161411 0.0 
0.14479335766869714 0.15520664233130285 0.0 0.0 0.0 0.0 0.0 0.35 0.35 0.0 0.0 
0.11773806735996314 0.10561143423254646 0.0 0.0 0.0 0.0 0.0 0.35 0.31452614023554243 0.112124358171948 0.0 
0.19393810911099846 0.0 0.23179318526635923 0.0 0.0 0.0 0.0 0.34162620755664336 0.13195458398337004 0.10068791408262902 0.0 
0.20789610824510532 0.0 0.11905298278677119 0.0 0.0 0.0 0.0 0.35 0.21471180785328844 0.10833910111483497 0.0 
0.17702937676333988 0.0 0.10994186183573754 0.0 0.0 0.0 0.0 0.3455741606174001 0.26090229694986566 0.10655230383365683 0.0 
0.19824682471432656 0.0 0.10440964325427518 0.0 0.0 0.0 0.0 0.35 0.23687384078798132 0.11046969124341699 0.0 
0.17484850888360487 0.13814550158066483 0.0 0.0 0.0 0.0 0.0 0.35 0.3370059895357304 0.0 0.0 
0.12004531737337912 0.1799546826266208 0.0 0.0 0.0 0.0 0.0 0.35 0.35 0.0 0.0 
0.1942539672721687 0.0 0.12693263954180498 0.0 0.0 0.0 0.0 0.35 0.20698393313205066 0.12182946005397567 0.0 
0.1152017660989724 0.10743528937046147 0.0 0.0 0.0 0.0 0.0 0.35 0.3222344878308265 0.10512845669973968 0.0 
0.0 0.19022794384688102 0.0 0.0 0.0 0.0 0.11427405701218334 0.34549799914093576 0.35 0.0 0.0 
0.13166922682769064 0.11285495925719788 0.0 0.0 0.0 0.0 0.0 0.35 0.2912878459947394 0.11418796792037213 0.0 
0.14642316243618764 0.10746984583021688 0.0 0.0 0.0 0.0 0.0 0.35 0.28370652455420464 0.11240046717939084 0.0 
0.18676605974353988 0.1324530808937606 0.0 0.0 0.0 0.0 0.0 0.35 0.3307808593626995 0.0 0.0 
0.20208344823183505 0.0 0.2644583129641249 0.0 0.0 0.0 0.0 0.3308017107672541 0.10134141918294015 0.10131510885384573 0.0 
0.20666764753171235 0.10989485557699008 0.0 0.0 0.0 0.0 0.0 0.34813896657003285 0.22068800269535435 0.11461052762591029 0.0 
0.21881697564529934 0.0 0.18524278367873656 0.0 0.0 0.0 0.0 0.35 0.13940624850255717 0.10653399217340687 0.0 
0.1996065227450672 0.0 0.10939592752106736 0.0 0.0 0.0 0.0 0.3441535430832046 0.2374510900634569 0.10939291658720396 0.0 
0.17329189148195873 0.10360511784355185 0.0 0.0 0.0 0.0 0.0 0.35 0.26352963803232454 0.10957335264216479 0.0 
0.20936154989056638 0.0 0.20815224744397076 0.0 0.0 0.0 0.0 0.3469381141506922 0.1305660656954008 0.1049820228193698 0.0 
0.20578855635554258 0.11974792540116794 0.0 0.0 0.0 0.0 0.0 0.35 0.32446351824328934 0.0 0.0 
0.16357235806095016 0.10976083549463761 0.0 0.0 0.0 0.0 0.0 0.34676106933557 0.2694945613538605 0.11041117575498167 0.0 
0.22530210875613987 0.10649850697683173 0.0 0.0 0.0 0.0 0.0 0.35 0.19967499944452474 0.11852438482250369 0.0 
0.21595858119570102 0.0 0.17799662124252116 0.0 0.0 0.0 0.0 0.35 0.14805293851884344 0.10799185904293436 0.0 
0.15667307324490573 0.1433269267550943 0.0 0.0 0.0 0.0 0.0 0.35 0.35 0.0 0.0 
0.19536460264716712 0.0 0.10345005669553982 0.0 0.0 0.0 0.0 0.349354006361194 0.2463416673900478 0.10548966690605123 0.0 
0.19283201425760355 0.11084814572413648 0.0 0.0 0.0 0.0 0.0 0.35 0.233903389111504 0.11241645090675606 0.0 
0.23266597943359676 0.11100799794735346 0.0 0.0 0.0 0.0 0.0 0.35 0.18790859619255995 0.11841742642648986 0.0 
0.19331215440886199 0.0 0.22456134661009747 0.0 0.0 0.0 0.0 0.34719530648158975 0.12306818818495774 0.11186300431449293 0.0 
0.2408583178678618 0.11220490923306595 0.0 0.0 0.0 0.0 0.0 0.35 0.17616023693707228 0.12077653596200008 0.0 
0.2119119467590643 0.0 0.17191890706935034 0.0 0.0 0.0 0.0 0.35 0.15809143683971072 0.10807770933187472 0.0 
0.19544978929846693 0.0 0.24025118115671865 0.0 0.0 0.0 0.0 0.33990341619728076 0.12147907336973737 0.10291653997779635 0.0 
0.17448285098923438 0.10912085645659592 0.0 0.0 0.0 0.0 0.0 0.35 0.2520776168731275 0.1143186756810422 0.0 
0.19283201425760355 0.11084814572413648 0.0 0.0 0.0 0.0 0.0 0.35 0.233903389111504 0.11241645090675606 0.0 
0.15403241113742897 0.11033641423120363 0.0 0.0 0.0 0.0 0.0 0.3445926436716061 0.28152010069188166 0.1095184302678796 0.0 
0.21868668148423198 0.10301398656934047 0.0 0.0 0.0 0.0 0.0 0.34470545307100464 0.21905387720191236 0.11454000167351043 0.0 
0.19953985801365795 0.0 0.16243971585905156 0.0 0.0 0.0 0.0 0.34700858078161106 0.1871176119202649 0.10389423342541448 0.0 
0.2131580417864721 0.0 0.1633017719707798 0.0 0.0 0.0 0.0 0.35 0.16483675317015148 0.10870343307259675 0.0 
0.0 0.193632404810793 0.0 0.0 0.0 0.0 0.11805358018108997 0.3465673413969193 0.34174667361119787 0.0 0.0 
0.18034387420289438 0.11965612579710554 0.0 0.0 0.0 0.0 0.0 0.35 0.35 0.0 0.0 
0.14928325465675435 0.10836714743011097 0.0 0.0 0.0 0.0 0.0 0.35 0.2784174002278051 0.11393219768532958 0.0 
0.20481098812908424 0.0 0.24075153787593118 0.0 0.0 0.0 0.0 0.35 0.10164699248411964 0.10279048151086495 0.0 
0.11237156712231906 0.18762843287768094 0.0 0.0 0.0 0.0 0.0 0.35 0.35 0.0 0.0 
0.2030893307072899 0.0 0.2040108366053015 0.0 0.0 0.0 0.0 0.35 0.13655155371674524 0.1063482789706634 0.0 
0.2208392119976621 0.0 0.17607502826893684 0.0 0.0 0.0 0.0 0.35 0.15074105527163614 0.1023447044617651 0.0 
0.2138204439453693 0.0 0.28742853306152377 0.0 0.0 0.0 0.0 0.29342771414567603 0.10494049882233672 0.10038281002509415 0.0 
0.1717880337942538 0.10960243663162604 0.0 0.0 0.0 0.0 0.0 0.343462305827022 0.2641974777188115 0.11094974602828675 0.0 
0.2170248142419048 0.10055298979773343 0.0 0.0 0.0 0.0 0.0 0.35 0.2178672382132331 0.11455495774712873 0.0 
0.10444071681597333 0.19555928318402663 0.0 0.0 0.0 0.0 0.0 0.35 0.35 0.0 0.0 
0.21612217698072209 0.0 0.2938403070177058 0.0 0.0 0.0 0.0 0.28593857981141607 0.10409742234572342 0.10000151384443257 0.0 
0.20379960834868321 0.0 0.2077896348870389 0.0 0.0 0.0 0.0 0.35 0.129954799920234 0.1084559568440439 0.0 
0.20368713264940963 0.0 0.15028260102889002 0.0 0.0 0.0 0.0 0.3459106021578237 0.19195897986932542 0.10816068429455135 0.0 
0.20762941467026955 0.0 0.11498990937545273 0.0 0.0 0.0 0.0 0.35 0.20947827068559777 0.11790240526868 0.0 
0.13568215010602838 0.16431784989397163 0.0 0.0 0.0 0.0 0.0 0.35 0.35 0.0 0.0 
0.1973712538000721 0.12410072794827755 0.0 0.0 0.0 0.0 0.0 0.35 0.32852801825165046 0.0 0.0 
0.1864710575167706 0.0 0.11279398220067796 0.0 0.0 0.0 0.0 0.3496300810907592 0.23544916285022174 0.11565571634157056 0.0 
0.1995735047575539 0.0 0.2676945039106815 0.0 0.0 0.0 0.0 0.3275283936200672 0.10462411185851442 0.10057948585318303 0.0 
0.23370676114939276 0.1098864827062497 0.0 0.0 0.0 0.0 0.0 0.35 0.18477034785790372 0.12163640828645374 0.0 
0.19747295836185882 0.0 0.1532042152677229 0.0 0.0 0.0 0.0 0.34040363594315465 0.20432044239042982 0.10459874803683374 0.0 
0.20882182248372824 0.0 0.16845356305907158 0.0 0.0 0.0 0.0 0.35 0.16102709428349885 0.11169752017370131 0.0 
0.1395060575639927 0.11214398395516163 0.0 0.0 0.0 0.0 0.0 0.34983083567306056 0.28757932777161865 0.11093979503616647 0.0 
0.13835243421182758 0.1108142520117988 0.0 0.0 0.0 0.0 0.0 0.35 0.2864924925747466 0.1143408212016271 0.0 
0.20711816374663855 0.0 0.2663617036737197 0.0 0.0 0.0 0.0 0.3229191263453168 0.10263643121973856 0.10096457501458646 0.0 
0.2138204439453693 0.0 0.28742853306152377 0.0 0.0 0.0 0.0 0.29342771414567603 0.10494049882233672 0.10038281002509415 0.0 
0.10957462320794177 0.19042537679205832 0.0 0.0 0.0 0.0 0.0 0.35 0.35 0.0 0.0 
0.1159404744421177 0.11272420503055532 0.0 0.0 0.0 0.0 0.0 0.35 0.3151473221002979 0.10618799842702913 0.0 
0.19536460264716712 0.0 0.10345005669553982 0.0 0.0 0.0 0.0 0.349354006361194 0.2463416673900478 0.10548966690605123 0.0 
0.17006518856433064 0.10517973919147287 0.0 0.0 0.0 0.0 0.0 0.34472913396625915 0.2791341414486585 0.10089179682927894 0.0 
0.2114005086870703 0.0 0.19173415253284146 0.0 0.0 0.0 0.0 0.35 0.1375377863176183 0.10932755246246986 0.0 
0.21612217698072209 0.0 0.2938403070177058 0.0 0.0 0.0 0.0 0.28593857981141607 0.10409742234572342 0.10000151384443257 0.0 
0.19568077526023261 0.1293068019565681 0.0 0.0 0.0 0.0 0.0 0.35 0.3250124227831993 0.0 0.0 
0.12719034582793617 0.17280965417206395 0.0 0.0 0.0 0.0 0.0 0.35 0.35 0.0 0.0 
0.21215485525498132 0.13265586617938585 0.0 0.0 0.0 0.0 0.0 0.35 0.3051892785656328 0.0 0.0 
0.16979328391926915 0.13020671608073078 0.0 0.0 0.0 0.0 0.0 0.35 0.35 0.0 0.0 
