0.0 0.30000000000000027 0.0 0.0 0.0 0.0 0.0 0.35 0.35 0.0 0.0 
0.0 0.30000000000000027 0.0 0.0 0.0 0.0 0.0 0.35 0.35 0.0 0.0 
0.10391986615999561 0.14915939468920017 0.3329512110975365 0.19940865493108753 0.0 0.0 0.21456087312218028 0.0 0.0 0.0 0.0 
0.14254291930223748 0.10174690879251069 0.35 0.129878666196104 0.0 0.0 0.14412468681989463 0.13170681888925323 0.0 0.0 0.0 
0.11063562916331059 0.17675837675535125 0.33352372111250245 0.1587809544150679 0.0 0.0 0.22030131855376783 0.0 0.0 0.0 0.0 
0.11884129655167835 0.10016817665430207 0.3018224895905784 0.10648390602378152 0.0 0.0 0.10534642134701797 0.2673377098326417 0.0 0.0 0.0 
0.21172121422615048 0.0 0.35 0.0 0.0 0.0 0.0 0.33641525589669097 0.10186352987715856 0.0 0.0 
0.0 0.1953447935622846 0.0 0.0 0.0 0.0 0.10465520643771545 0.35 0.35 0.0 0.0 
0.0 0.2999999999999998 0.0 0.0 0.0 0.0 0.0 0.35 0.35 0.0 0.0 
0.10009873847144851 0.19990126152855153 0.0 0.0 0.0 0.0 0.0 0.35 0.35 0.0 0.0 
0.0 0.21062572878621788 0.0 0.0 0.0 0.0 0.1059432129875428 0.35 0.3334310582262394 0.0 0.0 
0.12967120672569105 0.11103971888045243 0.34453992342188533 0.11700916581183726 0.0 0.0 0.12997237490500038 0.16776761025513354 0.0 0.0 0.0 
0.13095372563960717 0.10694782745527259 0.10085792256154208 0.0 0.0 0.0 0.0 0.35 0.3112405243435782 0.0 0.0 
0.14381008489423502 0.15618991510576502 0.0 0.0 0.0 0.0 0.0 0.35 0.35 0.0 0.0 
0.22212289756718875 0.0 0.2538349987130976 0.0 0.0 0.0 0.0 0.35 0.17404210371971376 0.0 0.0 
0.22941424545170055 0.0 0.263137404586067 0.0 0.0 0.0 0.0 0.35 0.1574483499622325 0.0 0.0 
0.21211266598919157 0.0 0.33411578494207855 0.0 0.0 0.0 0.0 0.3499999999999999 0.10377154906872989 0.0 0.0 
0.13228820409733344 0.11387832053785887 0.3433859709729936 0.1269881359823723 0.0 0.0 0.1361001901691698 0.14735917824027195 0.0 0.0 0.0 
0.191969198530835 0.10033492549342625 0.1853442466372092 0.0 0.0 0.0 0.0 0.34906811530598686 0.17328351403254266 0.0 0.0 
0.10927141064596152 0.19072858935403852 0.0 0.0 0.0 0.0 0.0 0.35 0.35 0.0 0.0 
0.20943512785301513 0.11014572154376386 0.1409069464074103 0.0 0.0 0.0 0.0 0.35 0.18951220419581075 0.0 0.0 
0.13631550854437355 0.10151757811702079 0.32920799953394986 0.102592067293336 0.0 0.0 0.10280632325238076 0.22756052325893894 0.0 0.0 0.0 
0.13351587099941065 0.114935139216005 0.35 0.11545904907994448 0.0 0.0 0.13736323323470395 0.14872670746993608 0.0 0.0 0.0 
0.19428073617745129 0.10342151334642662 0.17401239955262787 0.0 0.0 0.0 0.0 0.3438116032179874 0.1844737477055067 0.0 0.0 
0.13555875956424365 0.10139346109510482 0.3385159596419954 0.10243193594601391 0.0 0.0 0.10388642535034417 0.21821345840229814 0.0 0.0 0.0 
0.19863640119293705 0.10542610739312848 0.1575232436850817 0.0 0.0 0.0 0.0 0.35 0.18841424772885265 0.0 0.0 
0.2296335845663876 0.15167258690131663 0.0 0.0 0.0 0.0 0.0 0.35 0.26869382853229584 0.0 0.0 
0.14489035142231615 0.12323329965566046 0.10375251790355647 0.0 0.0 0.0 0.0 0.35 0.2781238310184669 0.0 0.0 
0.17865568736979948 0.10769905534255046 0.17874763256056175 0.0 0.0 0.0 0.0 0.35 0.1848976247270884 0.0 0.0 
0.19039942910712893 0.15186437232949693 0.0 0.0 0.0 0.0 0.0 0.35 0.30773619856337414 0.0 0.0 
0.18378742000986184 0.10253718334540776 0.1081024587495068 0.0 0.0 0.0 0.0 0.35 0.2555729378952236 0.0 0.0 
0.11633012378593566 0.1836698762140644 0.0 0.0 0.0 0.0 0.0 0.35 0.35 0.0 0.0 
0.19310529909480295 0.0 0.30312034038144686 0.0 0.0 0.0 0.0 0.35 0.15377436052375032 0.0 0.0 
0.18864854051886415 0.13449758354005026 0.0 0.0 0.0 0.0 0.0 0.35 0.3268538759410857 0.0 0.0 
0.15218359247110072 0.11230805137102821 0.10774325140470552 0.0 0.0 0.0 0.0 0.35 0.27776510475316557 0.0 0.0 
0.12887921976218267 0.11094374739525875 0.33784543050288796 0.11144946326247973 0.0 0.0 0.1325929733355633 0.1782891657416276 0.0 0.0 0.0 
0.14508795882403158 0.10927776135533425 0.10486666655151408 0.0 0.0 0.0 0.0 0.35 0.29076761326912015 0.0 0.0 
0.13838416257383893 0.11717559417813146 0.1022447331711143 0.0 0.0 0.0 0.0 0.34395470046636595 0.2982408096105493 0.0 0.0 
0.2305772907787353 0.13424729206403602 0.0 0.0 0.0 0.0 0.0 0.35 0.2851754171572288 0.0 0.0 
0.19031529360530708 0.14106955460617032 0.0 0.0 0.0 0.0 0.0 0.35 0.3186151517885227 0.0 0.0 
0.1446179607976751 0.10166139351943257 0.3130201585607741 0.10297612070375446 0.0 0.0 0.1054795328849676 0.2322448335333962 0.0 0.0 0.0 
0.18897003530108286 0.0 0.28614820754817016 0.0 0.0 0.0 0.0 0.35 0.17488175715074694 0.0 0.0 
0.20283473459452822 0.11729322455564425 0.1237113366190541 0.0 0.0 0.0 0.0 0.35 0.2061607042307735 0.0 0.0 
0.10216251137812399 0.15876311038183671 0.3041826742701322 0.20615132954744755 0.0 0.0 0.2287403744224598 0.0 0.0 0.0 0.0 
0.15203558600409403 0.1256439233906667 0.11003996573911749 0.0 0.0 0.0 0.0 0.35 0.26228052486612174 0.0 0.0 
0.18165642174200172 0.13552821448711908 0.0 0.0 0.0 0.0 0.0 0.35 0.3328153637708794 0.0 0.0 
0.13970293109990348 0.10054843099729861 0.29893749663785374 0.1008403346389247 0.0 0.0 0.10858449853872905 0.2513863080872905 0.0 0.0 0.0 
0.13213476016403228 0.16786523983596782 0.0 0.0 0.0 0.0 0.0 0.35 0.35 0.0 0.0 
0.21172121422615048 0.0 0.35 0.0 0.0 0.0 0.0 0.33641525589669097 0.10186352987715856 0.0 0.0 
0.14633323976520388 0.10189863934339799 0.297658553694703 0.1006842490467292 0.0 0.0 0.11161315745568971 0.2418121606942763 0.0 0.0 0.0 
0.18402997239820917 0.10851486033294157 0.10838035181298575 0.0 0.0 0.0 0.0 0.3499413530461626 0.24913346240970083 0.0 0.0 
0.18399529545464932 0.11311786658745236 0.14470914477259755 0.0 0.0 0.0 0.0 0.35 0.20817769318530074 0.0 0.0 
0.11416434376652983 0.10027968921410071 0.34682726951163606 0.10818804405790505 0.0 0.0 0.13533138546350135 0.19520926798632707 0.0 0.0 0.0 
0.14228824020969702 0.10240915627046322 0.3044695626241003 0.10270646181123297 0.0 0.0 0.11059393736040839 0.2375326417240981 0.0 0.0 0.0 
0.1322285991878526 0.10729414270367128 0.10454665690114888 0.0 0.0 0.0 0.0 0.34944928796727254 0.3064813132400547 0.0 0.0 
0.205408684601584 0.10934525694092079 0.11219816963883235 0.0 0.0 0.0 0.0 0.35 0.22304788881866283 0.0 0.0 
0.1603396335175437 0.1396603664824562 0.0 0.0 0.0 0.0 0.0 0.35 0.35 0.0 0.0 
0.21559587215517004 0.0 0.2966969470198436 0.0 0.0 0.0 0.0 0.35 0.13770718082498645 0.0 0.0 
0.18328725048375344 0.12624578574565126 0.0 0.0 0.0 0.0 0.0 0.35 0.34046696377059527 0.0 0.0 
0.20391617822018182 0.0 0.2557489008111869 0.0 0.0 0.0 0.0 0.34681902964771655 0.19351589132091485 0.0 0.0 
0.13495554360060605 0.11021604861286044 0.10394004217321762 0.0 0.0 0.0 0.0 0.35 0.30088836561331594 0.0 0.0 
0.0 0.1953447935622846 0.0 0.0 0.0 0.0 0.10465520643771545 0.35 0.35 0.0 0.0 
0.0 0.18312278376277902 0.0 0.0 0.0 0.0 0.11687721623722107 0.35 0.35 0.0 0.0 
0.19199340044456423 0.11346936274742024 0.19118858176462297 0.0 0.0 0.0 0.0 0.35 0.15334865504339265 0.0 0.0 
0.21303088457485872 0.0 0.23577777328504684 0.0 0.0 0.0 0.0 0.35 0.2011913421400944 0.0 0.0 
0.20835250129257613 0.0 0.32819284595462 0.0 0.0 0.0 0.0 0.343795478277179 0.11965917447562477 0.0 0.0 
0.17691868990861162 0.10871645362327353 0.1028717497266423 0.0 0.0 0.0 0.0 0.34876867730867994 0.2627244294327925 0.0 0.0 
0.19738231349449523 0.15129355497110825 0.0 0.0 0.0 0.0 0.0 0.35 0.3013241315343965 0.0 0.0 
0.0 0.2999999999999998 0.0 0.0 0.0 0.0 0.0 0.35 0.35 0.0 0.0 
0.12973714148535068 0.10024488055741608 0.34904875068846064 0.1065973732913626 0.0 0.0 0.10144442603583534 0.21292742794157463 0.0 0.0 0.0 
0.1401480761599084 0.10259715610538184 0.3445998739353257 0.11081576557436541 0.0 0.0 0.12382648759805864 0.17801264062696012 0.0 0.0 0.0 
0.14936025422934865 0.12734471162748412 0.10852987401524417 0.0 0.0 0.0 0.0 0.35 0.26476516012792306 0.0 0.0 
0.1247493224094799 0.17525067759052 0.0 0.0 0.0 0.0 0.0 0.35 0.35 0.0 0.0 
0.21001938251356422 0.14288953016110978 0.0 0.0 0.0 0.0 0.0 0.3486000020872908 0.29849108523803514 0.0 0.0 
0.1796626911259382 0.1203373088740618 0.0 0.0 0.0 0.0 0.0 0.35 0.35 0.0 0.0 
0.1339482751929922 0.10717718772386357 0.3335918419155245 0.10296896024150358 0.0 0.0 0.12107651270681337 0.2012372222193027 0.0 0.0 0.0 
0.20206925850438978 0.11182503094540594 0.13875417456298186 0.0 0.0 0.0 0.0 0.35 0.19735153598722247 0.0 0.0 
0.234083660390934 0.0 0.3038715866743327 0.0 0.0 0.0 0.0 0.34574480204366737 0.11629995089106603 0.0 0.0 
0.1975427994119443 0.0 0.2551045737106532 0.0 0.0 0.0 0.0 0.35 0.19735262687740243 0.0 0.0 
0.16212956614212062 0.15423491919171167 0.0 0.0 0.0 0.0 0.0 0.35 0.3336355146661678 0.0 0.0 
0.18687627518128386 0.10610005735805154 0.1334916673973263 0.0 0.0 0.0 0.0 0.35 0.2235320000633384 0.0 0.0 
0.23422465604070847 0.13969518327663527 0.0 0.0 0.0 0.0 0.0 0.35 0.2760801606826563 0.0 0.0 
0.21167452720067828 0.0 0.29046689025799566 0.0 0.0 0.0 0.0 0.34877972338908964 0.1490788591522364 0.0 0.0 
0.17691868990861165 0.10871645362327355 0.10287174972664231 0.0 0.0 0.0 0.0 0.34876867730868 0.26272442943279256 0.0 0.0 
0.20426953817291754 0.11046217848973364 0.1968013164165474 0.0 0.0 0.0 0.0 0.35 0.13846696692080135 0.0 0.0 
0.12289393618521441 0.10228400284639183 0.303416855149647 0.10211131043008259 0.0 0.0 0.11199120149357138 0.25730269389509297 0.0 0.0 0.0 
0.23620182419377583 0.0 0.2886460726165433 0.0 0.0 0.0 0.0 0.35 0.12515210318968104 0.0 0.0 
0.21257529086506108 0.15127316898235385 0.0 0.0 0.0 0.0 0.0 0.35 0.2861515401525852 0.0 0.0 
0.19125673210196922 0.11655984566263088 0.10647410584951462 0.0 0.0 0.0 0.0 0.35 0.23570931638588544 0.0 0.0 
0.0 0.21062572878621788 0.0 0.0 0.0 0.0 0.1059432129875428 0.35 0.3334310582262394 0.0 0.0 
0.1913813727933534 0.11310765037915191 0.19376687326541853 0.0 0.0 0.0 0.0 0.34888428624407 0.15285981731800605 0.0 0.0 
0.12981662837724553 0.16720033289554653 0.31754896226494245 0.176813087333402 0.0 0.0 0.2086209891288637 0.0 0.0 0.0 0.0 
0.2123591419082361 0.13126590242188174 0.0 0.0 0.0 0.0 0.0 0.35 0.30637495566988215 0.0 0.0 
0.12041540672009077 0.10238395289880721 0.30222972827158245 0.10807232849655804 0.0 0.0 0.10564399354811856 0.261254590064843 0.0 0.0 0.0 
0.2056540937352872 0.10823479653069677 0.11703247461916443 0.0 0.0 0.0 0.0 0.3499418639800733 0.21913677113477828 0.0 0.0 
0.2066916102112731 0.0 0.31318364410467925 0.0 0.0 0.0 0.0 0.34767634682576337 0.1324483988582842 0.0 0.0 
0.16537658752678405 0.13462341247321605 0.0 0.0 0.0 0.0 0.0 0.35 0.35 0.0 0.0 
0.20054100308578965 0.11097929512818003 0.13770477288407848 0.0 0.0 0.0 0.0 0.3473529402717216 0.20342198863023017 0.0 0.0 
0.12752395884639353 0.11159393275555893 0.33088327993222816 0.11255049378370605 0.0 0.0 0.12419239591699059 0.19325593876512273 0.0 0.0 0.0 
0.18755407354533066 0.10521586244366864 0.12144947590586398 0.0 0.0 0.0 0.0 0.35 0.2357805881051367 0.0 0.0 
