-0.0017765876464857278 1.1958452483309311E-5 
-0.013697529082451523 5.789784159194226E-4 
-0.0037392145573182474 1.930460708529785E-5 
-0.0020645826614847864 1.640045594215391E-5 
-0.010631921505169284 2.5496628281228463E-4 
-0.00794848138287743 1.0738286417056345E-4 
-0.010364912556765086 2.4233456893884962E-4 
-0.008210507548634938 1.1613648360951516E-4 
-0.009734163594639543 1.9831206352508688E-4 
-0.009052691392097188 1.6103430049429926E-4 
-0.013023635457945517 4.900688389858261E-4 
-0.012045049468105088 3.8132879828794357E-4 
-0.012771429008123518 4.587161310788847E-4 
-0.012873341177403498 4.7023628340898645E-4 
-0.008713065482447775 1.3878335433510397E-4 
-0.012948760663884864 4.785065546754202E-4 
-0.00951521714608628 1.8712000149569185E-4 
-0.0058296864142066765 5.904581424374323E-5 
-0.01106849984105501 2.846119800315964E-4 
-0.007561762849717003 9.472595446513364E-5 
-0.012204231318266574 3.991199785353286E-4 
-0.006648595693444592 7.336786470638373E-5 
-0.013603107195164088 5.673890008785841E-4 
-0.01163509466773382 3.3882818051601213E-4 
-0.01210466726971682 3.952045859602938E-4 
-0.013259852451389078 5.268213495041186E-4 
-0.008578422941495255 1.3317129797056623E-4 
-0.005478222002046853 4.5906826960088105E-5 
-0.01090739338234721 2.761457504329116E-4 
-0.013381301108262895 5.386957759366632E-4 
-0.013096354983244197 5.004587474424969E-4 
-0.011558565272571097 3.2890385356351085E-4 
-0.005688964349073776 5.2217828490803785E-5 
-0.005173262720618671 4.19217858096842E-5 
-0.008880823179692725 1.472059112072723E-4 
-0.012573224596259983 4.3365125665222666E-4 
-0.011323463257167089 3.0514587045835274E-4 
-0.011220158252244341 2.967978024783547E-4 
-0.007401168962535334 8.848806116150458E-5 
-0.009177703467492396 1.6348883157644184E-4 
-0.0059950631067048855 6.419995412164289E-5 
-0.009277661979349521 1.7265393337410602E-4 
-0.0063096306837722715 7.302988704093793E-5 
-0.011392747074037726 3.112834034699301E-4 
-0.004093761642547617 2.7736779765420792E-5 
-0.011693378608253941 3.4802746775898616E-4 
-0.009361190359857673 1.7688690116421997E-4 
-0.012446692071238037 4.208291547452819E-4 
-0.01355768414621422 5.595941136179177E-4 
-0.012606668133517256 4.420806003989985E-4 
-0.011964571774213706 3.730149598655985E-4 
-0.01114873056655552 2.90852954234664E-4 
-0.012333153283427203 4.1039109323814916E-4 
-0.006790915002288408 7.618642440720929E-5 
-0.012469458338555466 4.255203846168013E-4 
-0.007774453796230044 1.0211571391950284E-4 
-0.009889025850001397 2.125562828085081E-4 
-0.008433253840207346 1.2723677264312065E-4 
-0.006079560017991853 6.933175932265836E-5 
-0.0019666616693454512 1.451153013855892E-5 
-0.00693568983952733 7.871870047423934E-5 
-0.009475827243704514 1.8393411134501255E-4 
-0.007724950762058381 9.924718076917999E-5 
-0.005087250196109768 3.6526639750441406E-5 
-0.010864789773412705 2.6970742689207496E-4 
-0.010735678635714688 2.6220900593809063E-4 
-0.004816741369271887 3.6426743152113076E-5 
-0.013221506200232575 5.187121238600861E-4 
-0.010009054559815931 2.167088483342979E-4 
-0.008861906335848466 1.4667302197546918E-4 
-0.005512764005960161 5.057244639360331E-5 
-0.011753550724584803 3.541221332701716E-4 
-0.008325066212892909 1.2164178893087931E-4 
-0.010075207784877839 2.2014383875056635E-4 
-0.012350402678946236 4.1141346245765606E-4 
-0.013413916306631144 5.438759471246341E-4 
-0.011469270382012378 3.1998079005780036E-4 
-0.010293728232824005 2.364662290617502E-4 
-0.01192605264932452 3.6743745088103E-4 
-0.0039644789664341 2.2556596455639557E-5 
-0.012707568275299206 4.4971127222449456E-4 
-0.006251908618866719 7.024257833553289E-5 
-0.010138055176453005 2.2651323922637487E-4 
-0.011753550724584803 3.541221332701716E-4 
-0.004561153884982913 2.9438093267278427E-5 
-0.004357399245221452 2.923676519813848E-5 
-0.004288360828726016 2.8342793507743468E-5 
-0.003908003873726774 2.1543330778594253E-5 
-0.013482553068887957 5.534443103970923E-4 
-0.01192605264932452 3.6743745088103E-4 
-0.010790614997654983 2.6438442362946755E-4 
-0.013150752009740144 5.078410368019953E-4 
-0.007045820830008331 8.165363829452143E-5 
-0.011491860031545943 3.2197394399300847E-4 
-0.0072621617528826465 8.637348251625964E-5 
-0.004811468862510824 3.2734693065586735E-5 
-0.013474385019463214 5.496952328386245E-4 
-0.009814683425668196 2.0341411597996154E-4 
-0.009839563136528028 2.0602074782800878E-4 
-0.012684398831403109 4.4802044505041767E-4 
