-0.013716700458084229 4.153849936859849E-4 
-0.00667964118103119 5.338069335814791E-5 
-0.013716700458084229 4.153849936859849E-4 
-0.013716700458084225 4.153849936859847E-4 
-0.013595340366257851 3.4932548996761427E-4 
-0.01337979652596219 3.3193660639994075E-4 
-0.013378377848546764 2.979780192206301E-4 
-0.012811124607135384 2.4172011103802639E-4 
-0.01280291083993226 2.1694162029148965E-4 
-0.010844572014292477 1.3114664962160196E-4 
-0.010622013947665368 1.2567298928644208E-4 
-0.012168849863859101 1.7537677330206755E-4 
-0.010224840488193646 1.1511079909044105E-4 
-0.007090237742893545 5.604290229544654E-5 
-0.011015175156911458 1.3503943208937518E-4 
-0.011831554353814621 1.5553010694708408E-4 
-0.013505194515549202 3.345598602560145E-4 
-0.011971763105095682 1.6077857092586652E-4 
-0.01217732530445925 1.9248618163123809E-4 
-0.009562460476587525 9.480790272739154E-5 
-0.013568344923224736 3.418365846656971E-4 
-0.009704657018483666 9.977101247937E-5 
-0.01161307174343503 1.5030362185913798E-4 
-0.013260437594378813 2.727395569343061E-4 
-0.011743210508356585 1.52907432820527E-4 
-0.011311051592406786 1.4147607638325513E-4 
-0.009086549363984028 8.368018165559725E-5 
-0.012052945562056765 1.6223598656481782E-4 
-0.006964789139493387 5.557252990468943E-5 
-0.00948467727036889 9.325755600342859E-5 
-0.011528193163731281 1.4692083786039764E-4 
-0.012059465994095388 1.7112414162224934E-4 
-0.007316285999733744 5.7876967452612474E-5 
-0.01334813463907853 2.907328486979876E-4 
-0.008707702583073318 7.543032327749427E-5 
-0.011118540825499993 1.3689739230200856E-4 
-0.013311525422131511 2.8267621032070057E-4 
-0.010054567385660972 1.1187472385262791E-4 
-0.008381998249160513 7.060774246425163E-5 
-0.01293885872343778 2.453483824957416E-4 
-0.009172397125846991 8.569557263345142E-5 
-0.010563602905291966 1.2203857410129481E-4 
-0.01260021159098555 2.105975211149843E-4 
-0.013228421405919198 2.6728813944979966E-4 
-0.01230006862612718 1.9592508270156639E-4 
-0.008231266790946691 6.856887662584109E-5 
-0.009349372127673951 9.153571266879005E-5 
-0.007593683139837903 6.0651991468577796E-5 
-0.01305079250746731 2.479009736605197E-4 
-0.013137913237869876 2.5684687541364427E-4 
-0.01141073527486014 1.4387335069513754E-4 
-0.008942042355650794 8.250298767733036E-5 
-0.007457013172721635 5.9291789585412256E-5 
-0.010461535460034501 1.199757249012354E-4 
-0.006822917366818464 5.536158574843447E-5 
-0.012897156095277883 2.4366113289244864E-4 
-0.008852172914959692 7.745739800062536E-5 
-0.009744601514638528 1.0249613517716589E-4 
-0.012099376218602409 1.7336268135849988E-4 
-0.008290169655932982 6.941918710522019E-5 
-0.012516058983239925 2.0548111983103315E-4 
-0.009899791590927427 1.0825034815989965E-4 
-0.008904099614305076 8.23542536116745E-5 
-0.008816119089898442 7.68822906692111E-5 
-0.012545195566092841 2.0632350180576655E-4 
-0.012234704543309879 1.9360234799326508E-4 
-0.007669607117331278 6.135840639330969E-5 
-0.010050100312309466 1.1176324946798625E-4 
-0.006783398630818552 5.428669723402491E-5 
-0.007919543499189916 6.458920812373854E-5 
-0.012366217073156556 1.980745511417392E-4 
-0.01142278652168567 1.4643984577417712E-4 
-0.009922926652842095 1.0929106821723779E-4 
-0.013589252880929062 3.474077489964039E-4 
-0.010327038586963143 1.184341795056181E-4 
-0.013176279637066263 2.596893823312383E-4 
-0.01307310729271842 2.493259758382312E-4 
-0.007316285999733745 5.7876967452612494E-5 
-0.009818819101068951 1.0493134273440419E-4 
-0.008107218900456532 6.7443397293966E-5 
-0.010330777221517574 1.1851664239980397E-4 
-0.007488716779195283 5.964097082202731E-5 
-0.007981548933772743 6.566531998363132E-5 
-0.013300562758627385 2.8041570114942325E-4 
-0.00772344462440913 6.336223556522642E-5 
-0.013595340366257851 3.4932548996761427E-4 
-0.00861548215114295 7.409655976097558E-5 
-0.007842215834702678 6.35272458076634E-5 
-0.012630158368618088 2.133696060426003E-4 
-0.00858629324019494 7.362077610023675E-5 
-0.013359366435634002 2.933613178624675E-4 
-0.008477360131526454 7.195722374373926E-5 
-0.01248444844859097 1.997334547539528E-4 
-0.009338645372106776 8.969649803783302E-5 
-0.011197316406131282 1.3868567307397816E-4 
-0.008111113297858486 6.750015001253049E-5 
-0.010492481434593215 1.2082066901825057E-4 
-0.009249847190737785 8.729652786916542E-5 
-0.008505321893737412 7.198496272735614E-5 
-0.009276645047292548 8.76159286392011E-5 
