0.0 0.30000000000000004 0.0 0.0 0.0 0.0 0.0 0.35 0.35 0.0 0.0 
0.0 0.0 0.15578231150088223 0.0 0.1010523780298221 0.19170970893872982 0.0 0.10091839650164541 0.35 0.10053720502892044 0.0 
0.0 0.0 0.15578231150088223 0.0 0.1010523780298221 0.19170970893872982 0.0 0.10091839650164541 0.35 0.10053720502892044 0.0 
0.0 0.30000000000000004 0.0 0.0 0.0 0.0 0.0 0.35 0.35 0.0 0.0 
0.0 0.19936564031738904 0.0 0.0 0.0 0.0 0.10063435968261103 0.35 0.35 0.0 0.0 
0.0 0.29999999999999993 0.0 0.0 0.0 0.0 0.0 0.34999999999999987 0.34999999999999987 0.0 0.0 
0.0 0.1999962942761186 0.0 0.0 0.0 0.10000370572388151 0.0 0.35 0.35 0.0 0.0 
0.0 0.12561159434683525 0.0 0.0 0.0 0.0 0.18213279273852442 0.3429651565103941 0.3492904564042463 0.0 0.0 
0.0 0.10578039423777925 0.0 0.0 0.0 0.20664612528303603 0.0 0.3375734804791846 0.3499999999999999 0.0 0.0 
0.0 0.10358192355797931 0.0 0.0 0.0 0.11283892165508624 0.0 0.333612048743096 0.34972630997867776 0.10024079606516055 0.0 
0.0 0.1019400849939889 0.0 0.0 0.0 0.10176366740814 0.0 0.3445936992837253 0.35 0.10170254831414574 0.0 
0.0 0.10024906490727176 0.0 0.0 0.0 0.10112022654854287 0.0 0.35 0.3485849773500472 0.10004573119413823 0.0 
0.0 0.0 0.10465848573446374 0.0 0.10165268488221875 0.12961146645364297 0.0 0.21711839815522233 0.3466049346925313 0.10035403008192086 0.0 
0.0 0.0 0.10020429262843876 0.0 0.0 0.10048278751477707 0.0 0.34959625012604006 0.3496078799260367 0.10010878980470742 0.0 
0.0 0.0 0.12626073498361937 0.0 0.10483088323710199 0.19306154076360116 0.0 0.12096437238631783 0.35 0.10488246862935957 0.0 
0.0 0.0 0.10320013428850153 0.0 0.10465467257774992 0.1037464530321265 0.0 0.2320182653708937 0.3494633348928984 0.10691713983782991 0.0 
0.0 0.17550725519570176 0.0 0.0 0.0 0.1244927448042984 0.0 0.35 0.35 0.0 0.0 
0.0 0.0 0.0 0.0 0.0 0.201347797495759 0.0 0.3350706943241708 0.34998528325424283 0.11359622492582719 0.0 
0.0 0.0 0.11366583312209462 0.0 0.10166910197753799 0.1696786794730432 0.0 0.1646140937115858 0.34361025088853353 0.10676204082720472 0.0 
0.0 0.0 0.10251104980487845 0.0 0.0 0.10279595579458183 0.0 0.35 0.3443908700807213 0.10030212431981853 0.0 
0.0 0.10966825495959621 0.0 0.0 0.0 0.0 0.1922479189089527 0.34808382613145117 0.35 0.0 0.0 
0.0 0.0 0.134508118408167 0.0 0.10284063826169261 0.16004187821881993 0.0 0.15961919813608189 0.34137711085549177 0.1016130561197467 0.0 
0.0 0.0 0.10221995606367618 0.0 0.10344901554356419 0.10277731199093719 0.0 0.2399967523311279 0.3498918672303113 0.10166509684038336 0.0 
0.0 0.0 0.0 0.0 0.10315745134761299 0.10525125375444833 0.0 0.3389580973894993 0.3499999999999999 0.10263319750843934 0.0 
0.0 0.12545000595120925 0.0 0.0 0.0 0.17454999404879082 0.0 0.35 0.35 0.0 0.0 
0.0 0.0 0.10278824563818106 0.0 0.10511019846381493 0.1400669486057477 0.0 0.19869651434436242 0.35 0.10333809294789396 0.0 
0.0 0.0 0.0 0.0 0.10583676749566444 0.10551703867002393 0.0 0.3347699999836378 0.34982130955060875 0.104054884300065 0.0 
0.0 0.0 0.11706644462618836 0.0 0.0 0.18110877164032677 0.0 0.25895002668616485 0.34275273721584915 0.10012201983147107 0.0 
0.0 0.0 0.0 0.0 0.10015099161971286 0.10000492904399237 0.0 0.35 0.3497983235847134 0.1000457557515815 0.0 
0.0 0.0 0.10322898745217979 0.0 0.0 0.1649576222075221 0.0 0.2771989565980641 0.35 0.10461443374223409 0.0 
0.0 0.19009483674136313 0.0 0.0 0.0 0.0 0.10990516325863685 0.35 0.35 0.0 0.0 
0.0 0.0 0.10006124757162632 0.0 0.1020735272907417 0.17167290052467052 0.0 0.17599503363623756 0.3492055067732524 0.10099178420347155 0.0 
0.0 0.0 0.1151931446591693 0.0 0.0 0.16796478200820153 0.0 0.26455349448770504 0.35 0.10228857884492412 0.0 
0.0 0.0 0.0 0.0 0.1057217365103456 0.11988452634146356 0.0 0.3072698099128299 0.35 0.11712392723536084 0.0 
0.0 0.0 0.11921710603766415 0.0 0.0 0.1675835181140495 0.0 0.26343100883947324 0.34808855319648346 0.10167981381232967 0.0 
0.0 0.0 0.0 0.0 0.11836068584679395 0.12066127875265982 0.0 0.29235671368270494 0.35 0.11862132171784141 0.0 
0.0 0.0 0.10741276927998934 0.0 0.10535741951562956 0.12441105913100071 0.0 0.20537887344580288 0.35 0.10743987862757748 0.0 
0.0 0.0 0.10586710367363233 0.0 0.10479193114377391 0.16514023437098477 0.0 0.17192757003678663 0.34852639370691557 0.10374676706790693 0.0 
0.0 0.0 0.0 0.0 0.11312562681849087 0.106257732192191 0.0 0.3265201601153572 0.35 0.10409648087396088 0.0 
0.0 0.0 0.14843601898688613 0.0 0.1011578007060321 0.18577456834486641 0.0 0.11700134730961541 0.34676939470212925 0.10086086995047083 0.0 
0.0 0.0 0.1202554036355919 0.0 0.0 0.18655424525144312 0.0 0.24036548560709464 0.35 0.10282486550587026 0.0 
0.0 0.0 0.0 0.0 0.10278403515557931 0.10073306292223724 0.0 0.34568929002920845 0.35 0.100793611892975 0.0 
0.0 0.0 0.10852747474689925 0.0 0.0 0.16338431939030654 0.0 0.2745551387889282 0.34991640585723865 0.10361666121662741 0.0 
0.0 0.0 0.1000141603687852 0.0 0.10228093703770251 0.10223748205373769 0.0 0.2451177772475796 0.34984063679328015 0.1005090064989148 0.0 
0.0 0.0 0.11593906585402947 0.0 0.0 0.17904777581942968 0.0 0.24384250244771508 0.35 0.11117065587882588 0.0 
0.0 0.18855841424161587 0.0 0.0 0.0 0.1114415857583842 0.0 0.35 0.35 0.0 0.0 
0.0 0.14456767160628178 0.0 0.0 0.0 0.15550930070247396 0.0 0.3499230276912443 0.35 0.0 0.0 
0.0 0.0 0.10049522978901818 0.0 0.10295562558120713 0.15230731303917627 0.0 0.19464686489004343 0.3483630156399391 0.10123195106061592 0.0 
0.0 0.15268480173379573 0.0 0.0 0.0 0.14731519826620437 0.0 0.35 0.35 0.0 0.0 
0.0 0.0 0.10294018617597346 0.0 0.10097041955680712 0.13374675883753065 0.0 0.20950263964985058 0.3498738290681562 0.102966166711682 0.0 
0.0 0.0 0.0 0.0 0.10201556100071593 0.1031759502455387 0.0 0.34296928233171603 0.3495633624805428 0.1022758439414864 0.0 
0.0 0.18882673052866847 0.0 0.0 0.0 0.11117326947133145 0.0 0.35 0.35 0.0 0.0 
0.0 0.16353511282705746 0.0 0.0 0.0 0.0 0.1364648871729425 0.35 0.35 0.0 0.0 
0.0 0.0 0.0 0.0 0.11579780880371164 0.10651109358267691 0.0 0.32370415276603354 0.35 0.10398694484757798 0.0 
0.0 0.16639602841618586 0.0 0.0 0.0 0.13360397158381426 0.0 0.35 0.35 0.0 0.0 
0.0 0.0 0.13570952720105858 0.0 0.10098332266949744 0.1835249917773342 0.0 0.1317124037055822 0.3476860687046798 0.10038368594184785 0.0 
0.0 0.0 0.10871104620567885 0.0 0.10558655007675234 0.10594408517547983 0.0 0.22552068000921713 0.35 0.10423763853287188 0.0 
0.0 0.16268798862152578 0.0 0.0 0.0 0.1373120113784742 0.0 0.35 0.35 0.0 0.0 
0.0 0.0 0.10957196297020724 0.0 0.0 0.2010569583533222 0.0 0.23210923802875585 0.35 0.10726184064771468 0.0 
0.0 0.0 0.11494257302245531 0.0 0.10584032320473456 0.14180546699300983 0.0 0.18269297597882542 0.35 0.1047186608009749 0.0 
0.0 0.0 0.10028952665546138 0.0 0.10170304183678049 0.10172092399960563 0.0 0.2551245939943488 0.34052509085260635 0.10063682266119728 0.0 
0.0 0.0 0.14889705916723683 0.0 0.10147199540755875 0.18635158153262818 0.0 0.1144098902518067 0.34784645554871324 0.10102301809205624 0.0 
0.0 0.0 0.0 0.0 0.0 0.20586426083046303 0.0 0.3408746661652709 0.3496399233131266 0.10362114969113949 0.0 
0.0 0.0 0.0 0.0 0.11746789114439356 0.12911539258896693 0.0 0.3028440629655513 0.35 0.10057265330108821 0.0 
0.0 0.0 0.11248605701469834 0.0 0.0 0.16477380433256772 0.0 0.2704082088486924 0.34988898126522205 0.10244294853881943 0.0 
0.0 0.0 0.10965342822623535 0.0 0.10628250600238752 0.10268751510782202 0.0 0.2296500596814279 0.34590065220398164 0.10582583877814565 0.0 
0.0 0.0 0.10087276641223149 0.0 0.10097992462973229 0.16176903937033396 0.0 0.1835848099109841 0.35 0.10279345967671802 0.0 
0.0 0.0 0.13557175079743228 0.0 0.10365385782852887 0.16130742060634953 0.0 0.15398191871246855 0.344346162332153 0.10113888972306777 0.0 
0.0 0.16354189584097426 0.0 0.0 0.0 0.0 0.13645810415902576 0.35 0.35 0.0 0.0 
0.0 0.0 0.0 0.0 0.0 0.15682364758407646 0.0 0.35 0.35 0.14317635241592364 0.0 
0.0 0.0 0.1266150781455562 0.0 0.10267802722034702 0.18354341075054534 0.0 0.13509640729949127 0.35 0.10206707658406032 0.0 
0.0 0.0 0.0 0.0 0.1177878487967853 0.11780855910645716 0.0 0.2954737297825829 0.35 0.11892986231417478 0.0 
0.0 0.0 0.11255298446124712 0.0 0.10205904394090748 0.1640870535014084 0.0 0.16646525081308458 0.34990167118411275 0.10493399609923953 0.0 
0.0 0.0 0.12657576935293235 0.0 0.10094832275819211 0.18348642804377505 0.0 0.1370627515609881 0.3498913393442562 0.10203538893985611 0.0 
0.0 0.0 0.11443697381338928 0.0 0.0 0.17532301391501243 0.0 0.2525162685671288 0.35 0.10772374370446944 0.0 
0.0 0.0 0.0 0.0 0.11475709712788652 0.1025081385941962 0.0 0.33122915454596535 0.35 0.10150560973195194 0.0 
0.0 0.0 0.0 0.0 0.11530205085168554 0.10605509426655758 0.0 0.3220414266677333 0.3469268709614084 0.10967455725261518 0.0 
0.0 0.0 0.1139875979452402 0.0 0.10460553191510713 0.13939444389570066 0.0 0.1912166596123338 0.35 0.10079576663161816 0.0 
0.0 0.0 0.0 0.0 0.0 0.16780089417972488 0.0 0.3473135543817847 0.35 0.13488555143849046 0.0 
0.0 0.10517655172688814 0.0 0.0 0.0 0.20546649538984113 0.0 0.3410874987045463 0.34826945417872446 0.0 0.0 
0.0 0.0 0.10005296241494002 0.0 0.10146314337825565 0.1005826207249736 0.0 0.2545228027821524 0.33972185583712206 0.1036566148625562 0.0 
0.0 0.0 0.11168984007505164 0.0 0.0 0.19521941512404747 0.0 0.23408565863437134 0.35 0.10900508616652958 0.0 
0.0 0.0 0.10038877640123897 0.0 0.10410489587821933 0.1028995152425995 0.0 0.24151836323682865 0.35 0.10108844924111365 0.0 
0.0 0.0 0.129436177565696 0.0 0.11084096585676331 0.16716077947609329 0.0 0.14811720803526246 0.34196595332342006 0.10247891574276492 0.0 
0.0 0.0 0.0 0.0 0.10017272894285488 0.10002663466490803 0.0 0.3498562299279777 0.3498769362305087 0.10006747023375077 0.0 
0.0 0.12468891478654216 0.0 0.0 0.0 0.18924240278882928 0.0 0.339495803598368 0.3465728788262604 0.0 0.0 
0.0 0.0 0.0 0.0 0.10698561109186781 0.12131771322017111 0.0 0.31094313684858244 0.35 0.11075353883937866 0.0 
0.0 0.0 0.149692289921741 0.0 0.10407169472870988 0.18734684973748097 0.0 0.10762236584414979 0.3497042370310655 0.10156256273685277 0.0 
0.0 0.0 0.0 0.0 0.10755779391157483 0.11027768036390707 0.0 0.3321778439107787 0.34679620792788407 0.10319047388585531 0.0 
0.0 0.0 0.11208679815736444 0.0 0.12043961151364996 0.1695213258399527 0.0 0.14692279616493487 0.35 0.1010294683240981 0.0 
0.0 0.0 0.0 0.0 0.10136420222554973 0.13306818797136188 0.0 0.31214207799118937 0.35 0.10342553181189901 0.0 
0.0 0.0 0.0 0.0 0.1215223270432947 0.1195556142346191 0.0 0.3001261128998308 0.35 0.10879594582225542 0.0 
0.0 0.0 0.149692289921741 0.0 0.10407169472870988 0.18734684973748097 0.0 0.10762236584414979 0.3497042370310655 0.10156256273685277 0.0 
0.0 0.10051198203081672 0.0 0.0 0.0 0.1004030649047122 0.0 0.3492776480549372 0.34949918996280954 0.10030811504672427 0.0 
0.0 0.0 0.11352951349433443 0.0 0.10922958458467583 0.13780854504468884 0.0 0.19044821304357085 0.3485934473512281 0.10039069648150188 0.0 
0.0 0.0 0.0 0.0 0.10818830866492847 0.12368805442162627 0.0 0.29641881012870763 0.35 0.12170482678473758 0.0 
0.0 0.0 0.11252174850656747 0.0 0.0 0.16481605668536609 0.0 0.2704940085703966 0.35 0.10216818623766984 0.0 
0.0 0.0 0.0 0.0 0.11999868779878757 0.1285017867647151 0.0 0.3014048319246225 0.35 0.10009469351187497 0.0 
0.0 0.0 0.0 0.0 0.0 0.19938627515974502 0.0 0.35 0.35 0.10061372484025516 0.0 
0.0 0.0 0.1033559498400251 0.0 0.10675393440879573 0.16614909342067413 0.0 0.16751554552937709 0.35 0.106225476801128 0.0 
