0.0 0.30000000000000004 0.0 0.0 0.0 0.0 0.0 0.35 0.35 0.0 0.0 
0.0 0.0 0.1498719423748726 0.0 0.10073771871901498 0.19714570844936158 0.0 0.10223770335656077 0.3499999999999999 0.10000692710018999 0.0 
0.0 0.30000000000000004 0.0 0.0 0.0 0.0 0.0 0.35 0.35 0.0 0.0 
0.0 0.1998788729049907 0.0 0.0 0.0 0.0 0.10012112709500941 0.35 0.35 0.0 0.0 
0.0 0.29999999999999977 0.0 0.0 0.0 0.0 0.0 0.35 0.35 0.0 0.0 
0.0 0.19974866731563326 0.0 0.0 0.0 0.10025133268436688 0.0 0.35 0.35 0.0 0.0 
0.0 0.13656731728778437 0.0 0.0 0.0 0.0 0.17198291827485013 0.34148273418545555 0.3499670302519099 0.0 0.0 
0.0 0.1046307997473486 0.0 0.0 0.0 0.20648783446091906 0.0 0.33888136579173245 0.35 0.0 0.0 
0.0 0.10011540356467329 0.0 0.0 0.0 0.10015608444667985 0.0 0.35 0.34919568949101754 0.1005328224976294 0.0 
0.0 0.0 0.10091214849008899 0.0 0.0 0.100001886323356 0.0 0.35 0.34869677833105 0.10038918685550505 0.0 
0.0 0.10243216688399287 0.0 0.0 0.0 0.10360014668891367 0.0 0.34112960757460953 0.35 0.10283807885248392 0.0 
0.0 0.10695144310503199 0.0 0.0 0.0 0.1103745391600923 0.0 0.33256990862083907 0.3494999145777005 0.100604194536336 0.0 
0.0 0.0 0.1090456441030785 0.0 0.0 0.20054003269998533 0.0 0.34041432319693626 0.35 0.0 0.0 
0.0 0.0 0.0 0.0 0.10083307454734838 0.10982567659782796 0.0 0.3437011637275215 0.3453851775662688 0.1002549075610333 0.0 
0.0 0.0 0.10277755354807645 0.0 0.0 0.1000997437767813 0.0 0.34645872455710075 0.34924430065232676 0.10141967746571473 0.0 
0.0 0.0 0.10381212909986015 0.0 0.10150624318455657 0.15975876490992771 0.0 0.18029638189852468 0.3499877693913011 0.10463871151582972 0.0 
0.0 0.1351105344404375 0.0 0.0 0.0 0.16488946555956255 0.0 0.35 0.35 0.0 0.0 
0.0 0.181336276188563 0.0 0.0 0.0 0.0 0.1186637238114371 0.35 0.35 0.0 0.0 
0.0 0.0 0.10302270483658774 0.0 0.10076569510843786 0.11650456722069633 0.0 0.2283774859248941 0.3481213939093065 0.10320815300007755 0.0 
0.0 0.0 0.0 0.0 0.10062455378260587 0.12474700243099884 0.0 0.31993858652628426 0.35 0.104689857260111 0.0 
0.0 0.11222507964619162 0.0 0.0 0.0 0.18777492035380847 0.0 0.35 0.35 0.0 0.0 
0.0 0.0 0.10425713195772492 0.0 0.10109296860716589 0.10974301617765268 0.0 0.23573486975151514 0.3487882120129517 0.10038380149298957 0.0 
0.0 0.0 0.12819190462082788 0.0 0.100295957126267 0.18853595816147328 0.0 0.13127318603122287 0.348496728900699 0.10320626515951006 0.0 
0.0 0.0 0.11769672664354014 0.0 0.10195563870446778 0.18120553751529958 0.0 0.14499007886664306 0.3499662187107491 0.10418579955930024 0.0 
0.0 0.16209204445158634 0.0 0.0 0.0 0.13790795554841362 0.0 0.3499999999999999 0.3499999999999999 0.0 0.0 
0.0 0.0 0.10045432369449746 0.0 0.10059418179796652 0.10969292340336378 0.0 0.24392940181699685 0.34505151839059045 0.10027765089658489 0.0 
0.0 0.0 0.11739796380680351 0.0 0.0 0.1886295350366061 0.0 0.23945805651555083 0.35 0.10451444464103957 0.0 
0.0 0.11526330431929055 0.0 0.0 0.0 0.0 0.18533200878992528 0.3497023434453921 0.3497023434453921 0.0 0.0 
0.0 0.10202512672349134 0.0 0.0 0.0 0.10182829872168986 0.0 0.35 0.34294994293033454 0.10319663162448423 0.0 
0.0 0.0 0.10081615429813648 0.0 0.10132613062578726 0.12792297776166675 0.0 0.22361387106982236 0.3457521344724844 0.10056873177210292 0.0 
0.0 0.10338029267559021 0.0 0.0 0.0 0.20254665987762552 0.0 0.34407304744678424 0.35 0.0 0.0 
0.0 0.14989600688286037 0.0 0.0 0.0 0.15010399311713962 0.0 0.35 0.35 0.0 0.0 
0.0 0.0 0.10117943396253927 0.0 0.10159309715882647 0.10009831588246365 0.0 0.24569015941736372 0.3475422065938115 0.10389678698499538 0.0 
0.0 0.0 0.0 0.0 0.10018739588074227 0.10006071792196386 0.0 0.34958128806712757 0.34960099241733766 0.1005696057128285 0.0 
0.0 0.0 0.11080427158398115 0.0 0.10064875506197872 0.1627768083044878 0.0 0.17508233185704009 0.3471569821385782 0.10353085105393404 0.0 
0.0 0.0 0.11670150244184825 0.0 0.10494445958150002 0.16257912945119574 0.0 0.16462195518299455 0.35 0.10115295334246142 0.0 
0.0 0.0 0.0 0.0 0.1000813985613996 0.10000385011414992 0.0 0.35 0.3494023026371598 0.10051244868729063 0.0 
0.0 0.0 0.10463562873850513 0.0 0.0 0.18093459400170855 0.0 0.2610856484018372 0.34756860668914913 0.10577552216880004 0.0 
0.0 0.0 0.0 0.0 0.0 0.1993279416229136 0.0 0.35 0.3499999999999999 0.10067205837708643 0.0 
0.0 0.0 0.10341831421504365 0.0 0.10027960865628603 0.10886006085961747 0.0 0.23383822644661004 0.34598197962212424 0.10762181020031847 0.0 
0.0 0.0 0.12735536081782745 0.0 0.0 0.18604760414346141 0.0 0.2349243101116332 0.3497077833944057 0.10196494153267222 0.0 
0.0 0.0 0.11556415163175109 0.0 0.0 0.1866938964335354 0.0 0.24419681567814042 0.35 0.10354513625657312 0.0 
0.0 0.0 0.12061836209545058 0.0 0.0 0.18019451447743454 0.0 0.2532592172200979 0.3451655116464987 0.10076239456051798 0.0 
0.0 0.0 0.0 0.0 0.0 0.17833426507971648 0.0 0.35 0.35 0.12166573492028361 0.0 
0.0 0.0 0.10666206039600074 0.0 0.10186297700256487 0.15006876285064227 0.0 0.1896978035795867 0.35 0.10170839617120538 0.0 
0.0 0.0 0.0 0.0 0.12120967550692668 0.13186675330356468 0.0 0.2913329340076414 0.3469426283228995 0.10864800885896783 0.0 
0.0 0.0 0.0 0.0 0.11910117172345976 0.12734661738662717 0.0 0.2870660962760336 0.35 0.11648611461387944 0.0 
0.0 0.0 0.12534603455782695 0.0 0.1036038632373922 0.18206506133627798 0.0 0.13789578139109207 0.35 0.10108925947741088 0.0 
0.0 0.0 0.10149650510827755 0.0 0.0 0.18159897187116655 0.0 0.26342020345565637 0.35 0.10348431956489944 0.0 
0.0 0.19307135989136975 0.0 0.0 0.0 0.10692864010863043 0.0 0.35 0.35 0.0 0.0 
0.0 0.0 0.12597107963677637 0.0 0.10102807809376052 0.15735078229258784 0.0 0.15829997467861995 0.35 0.10735008529825539 0.0 
0.0 0.0 0.14306788060157294 0.0 0.10030479109907861 0.18855256422991443 0.0 0.1261475940476088 0.3387118145523313 0.10321535546949394 0.0 
0.0 0.0 0.0 0.0 0.10344127406909782 0.1094985426344165 0.0 0.3308530932898443 0.3499999999999999 0.10620709000664143 0.0 
0.0 0.0 0.0 0.0 0.10490112359161731 0.10121805118630305 0.0 0.33601190104277867 0.35 0.10786892417930095 0.0 
0.0 0.0 0.10528622231575564 0.0 0.0 0.19765113415302193 0.0 0.3470626435312223 0.35 0.0 0.0 
0.0 0.10199517038245015 0.0 0.0 0.0 0.20148097816393376 0.0 0.348365346149295 0.34815850530432113 0.0 0.0 
0.0 0.0 0.0 0.0 0.13256451755856602 0.1239573080262385 0.0 0.28470783752985523 0.35 0.10877033688534025 0.0 
0.0 0.1694783739826162 0.0 0.0 0.0 0.1305216260173839 0.0 0.35 0.35 0.0 0.0 
0.0 0.0 0.10594136830949856 0.0 0.0 0.1727789004535464 0.0 0.2677145447225674 0.35 0.10356518651438755 0.0 
0.0 0.0 0.15494668300121375 0.0 0.10047521336470465 0.17897623734105228 0.0 0.11815270583023833 0.34488460807279064 0.1025645523900003 0.0 
0.0 0.0 0.10950951224208554 0.0 0.0 0.18174500898436935 0.0 0.2569600832595491 0.35 0.10178539551399604 0.0 
0.0 0.0 0.0 0.0 0.11255458203777918 0.11700769826598173 0.0 0.31642536669616134 0.35 0.1040123530000776 0.0 
0.0 0.14270062692431534 0.0 0.0 0.0 0.1572993730756847 0.0 0.35 0.35 0.0 0.0 
0.0 0.0 0.0 0.0 0.0 0.19308904298001492 0.0 0.3391703091655994 0.3484022430981797 0.11933840475620604 0.0 
0.0 0.17974715402072464 0.0 0.0 0.0 0.12025284597927544 0.0 0.35 0.35 0.0 0.0 
0.0 0.0 0.0 0.0 0.10135340008166731 0.11052081296468738 0.0 0.33943556793630614 0.34765573880273115 0.10103448021460804 0.0 
0.0 0.0 0.0 0.0 0.0 0.193974540582854 0.0 0.34210940479447577 0.35 0.11391605462267039 0.0 
0.0 0.0 0.15120191194990046 0.0 0.1015801569860516 0.18880004341809528 0.0 0.10890011813640829 0.34905703179872605 0.10046073771081834 0.0 
0.0 0.0 0.1020773048536968 0.0 0.103561124455729 0.13342208856914703 0.0 0.21062883292267548 0.3469941651022012 0.10331648409655057 0.0 
0.0 0.0 0.10905167255037193 0.0 0.0 0.17959944003484243 0.0 0.25516362020702116 0.3485416697175409 0.10764359749022331 0.0 
0.0 0.0 0.12478833481533129 0.0 0.10319049641318577 0.18419207931199513 0.0 0.13719028269392503 0.35 0.10063880676556289 0.0 
0.0 0.0 0.10003524435989287 0.0 0.10089567180102955 0.1000868322538941 0.0 0.25077236251696056 0.34798276755398216 0.10022712151424056 0.0 
0.0 0.17444175123402825 0.0 0.0 0.0 0.12555824876597174 0.0 0.35 0.35 0.0 0.0 
0.0 0.0 0.10758433504194112 0.0 0.11047490467574413 0.1325368070266064 0.0 0.19620300115451886 0.34961892679975604 0.10358202530143343 0.0 
0.0 0.13637338872054175 0.0 0.0 0.0 0.0 0.17173869878226855 0.3424178430563052 0.34947006944088443 0.0 0.0 
0.0 0.0 0.1066344470227214 0.0 0.10701227736310659 0.12536939815617598 0.0 0.20156523204011254 0.34997427086051425 0.10944437455736925 0.0 
0.0 0.0 0.1314398023086588 0.0 0.10058930713898481 0.18947177133379786 0.0 0.12496858030283316 0.34915750446918054 0.1043730344465449 0.0 
0.0 0.0 0.10328771895920544 0.0 0.10193866561201206 0.13245663623604523 0.0 0.21621607425962452 0.34585380598067084 0.1002470989524419 0.0 
0.0 0.0 0.0 0.0 0.10302241394377797 0.11372031602105223 0.0 0.3295133846545342 0.3480153712265839 0.1057285141540516 0.0 
0.0 0.10391595366019261 0.0 0.0 0.0 0.19608404633980756 0.0 0.35 0.35 0.0 0.0 
0.0 0.0 0.15124728461926182 0.0 0.10122412982091793 0.18813832024075772 0.0 0.11144800565222951 0.3478336256809511 0.10010863398588186 0.0 
0.0 0.15689701428327188 0.0 0.0 0.0 0.0 0.14310298571672803 0.35 0.3499999999999999 0.0 0.0 
0.0 0.0 0.12913904979263086 0.0 0.10103699324570437 0.18992895503605808 0.0 0.12527012178210925 0.35 0.10462488014349751 0.0 
0.0 0.18748525112817127 0.0 0.0 0.0 0.11251474887182875 0.0 0.35 0.35 0.0 0.0 
0.0 0.0 0.0 0.0 0.11405150696228311 0.11824488907493157 0.0 0.31365621632822316 0.34882676231864973 0.10522062531591245 0.0 
0.0 0.0 0.121270942271947 0.0 0.0 0.17687823071985448 0.0 0.25589082617811687 0.34260347266261937 0.10335652816746232 0.0 
0.0 0.0 0.10521814043646005 0.0 0.10042796569243773 0.1559538757548535 0.0 0.18528091501777316 0.34991325505226384 0.1032058480462118 0.0 
0.0 0.0 0.0 0.0 0.1029718339049616 0.1352847456035101 0.0 0.2999003349770663 0.35 0.11184308551446191 0.0 
0.0 0.0 0.138841278840625 0.0 0.10074231982478037 0.19765528522049924 0.0 0.12029301492804433 0.3422330599333891 0.100235041252662 0.0 
0.0 0.0 0.10278139193761121 0.0 0.1007447390000319 0.13434237902357332 0.0 0.21208166360794264 0.34935812649599507 0.10069169993484572 0.0 
0.0 0.0 0.10006111200797867 0.0 0.10066317659893276 0.10011271324185321 0.0 0.25083720857461494 0.34807275079767397 0.10025303877894633 0.0 
0.0 0.0 0.0 0.0 0.10956455160927217 0.11389937009443361 0.0 0.32528683004753145 0.35 0.10124924824876276 0.0 
0.0 0.0 0.11270215221549723 0.0 0.0 0.19382323519347347 0.0 0.24269840959375008 0.3478664258126294 0.10290977718464986 0.0 
0.0 0.0 0.10664228649204778 0.0 0.10693942624406488 0.12537861496724176 0.0 0.20158005055793637 0.35 0.10945962173870907 0.0 
0.0 0.0 0.10540531999924471 0.0 0.10306404596034581 0.1674037872803549 0.0 0.1678822588947476 0.35 0.106244587865307 0.0 
0.0 0.0 0.0 0.0 0.12310800854848887 0.1133952722596684 0.0 0.2984712328349034 0.34441603261280823 0.12060945374413115 0.0 
0.0 0.0 0.0 0.0 0.11019721841736223 0.1281995086241029 0.0 0.30931890704427395 0.35 0.1022843659142611 0.0 
0.0 0.0 0.10758889567852792 0.0 0.11086124885438761 0.13254242543016848 0.0 0.19621131844890152 0.3492096953129868 0.10358641627502768 0.0 
0.0 0.18478184183986238 0.0 0.0 0.0 0.11521815816013771 0.0 0.35 0.35 0.0 0.0 
0.0 0.0 0.0 0.0 0.10757552775911733 0.12422466152842035 0.0 0.30583540050132607 0.34927247245906295 0.11309193775207337 0.0 
