-0.014792454096488659 5.123216769697924E-4 
-0.010198995528193854 8.579396101842515E-5 
-0.014792454096488659 5.123216769697924E-4 
-0.014521905950852673 4.399096863729989E-4 
-0.014792454096488657 5.123216769697922E-4 
-0.01439641784810353 4.3070514191039406E-4 
-0.014368970021372666 3.7144199624822695E-4 
-0.013847441305784367 3.015382864556083E-4 
-0.014521905950852673 4.399096863729989E-4 
-0.014792454096488657 5.123216769697922E-4 
-0.014226662187966947 3.435226716258677E-4 
-0.0126773629209268 1.8168762444918521E-4 
-0.014325434264178389 3.618634704390098E-4 
-0.013236351134744175 2.21044976497691E-4 
-0.011866442969702672 1.3991983230146645E-4 
-0.013147300470190469 2.1677333312781087E-4 
-0.013497930050501778 2.453219340327717E-4 
-0.013668438514903453 2.645943297083876E-4 
-0.012122390616440725 1.5627877843038223E-4 
-0.012288118940549639 1.6819283864191517E-4 
-0.01416714442746473 3.353593437443877E-4 
-0.010581138045843954 9.265933041756598E-5 
-0.013725375701438879 2.7147097138063793E-4 
-0.01383979166388225 2.8609433051475877E-4 
-0.010966639929624463 1.0314170602594269E-4 
-0.01194210803972738 1.4343864831040356E-4 
-0.011644865121528486 1.2936136384517522E-4 
-0.013903639006777248 3.0671595223835766E-4 
-0.011566743406796842 1.2688297591593588E-4 
-0.011243379505551382 1.1838521823744901E-4 
-0.011379500944260339 1.232085293703125E-4 
-0.010467394963191486 9.014384538682988E-5 
-0.014039103428401232 3.203933691369777E-4 
-0.012841496361644536 1.9089958687188764E-4 
-0.011763280416507952 1.39434490339266E-4 
-0.0124204158812712 1.715834260783866E-4 
-0.01036014388331937 8.953248776526058E-5 
-0.011215658677374077 1.1511415481775105E-4 
-0.012750645879593622 1.8560497041796828E-4 
-0.014294271935021833 3.5556878260081153E-4 
-0.012213029203146378 1.6189994325571325E-4 
-0.013103977713848611 2.1298039828210688E-4 
-0.013295206091863443 2.2507098682292975E-4 
-0.013363745536528636 2.3148912734372498E-4 
-0.011698802722022693 1.3143990619324077E-4 
-0.01393751571887455 3.099815302652142E-4 
-0.01340539154427643 2.356094629710511E-4 
-0.011477735511137104 1.2441433038830194E-4 
-0.013570086063259103 2.531809420624308E-4 
-0.011717504874208985 1.3744870718167333E-4 
-0.012783986487000338 1.8731924029502663E-4 
-0.012089020482553336 1.5351004079701847E-4 
-0.014368613261811047 3.713597879128662E-4 
-0.013043268726626681 2.071219948724235E-4 
-0.012044926145734216 1.4979429494737357E-4 
-0.01259114576128875 1.7772043894006976E-4 
-0.011135374182091665 1.1123503832831441E-4 
-0.01374587406267277 2.7537578703376527E-4 
-0.013562874595445536 2.524662920337749E-4 
-0.010916420897682315 1.0093508562409147E-4 
-0.010519889166463726 9.11692353626147E-5 
-0.014429142548602718 4.326566453016961E-4 
-0.01407613571016764 3.2458387984184015E-4 
-0.010678108687565918 9.462452187108329E-5 
-0.013323027413628518 2.2824060536197913E-4 
-0.011068787813518704 1.057125690956949E-4 
-0.014477274914008841 4.361853600144842E-4 
-0.012490576997167241 1.744725485917661E-4 
-0.013457085669223547 2.4194367311366265E-4 
-0.01106083237738605 1.054118672467558E-4 
-0.013994963201253263 3.1575328959518447E-4 
-0.014261522174595476 3.4945833119720863E-4 
-0.012265977430440497 1.6674099406790256E-4 
-0.010788499034792782 9.67237796590552E-5 
-0.013085444577931302 2.0717952368335088E-4 
-0.011144758211358378 1.1194792156426258E-4 
-0.01259114576128875 1.7772043894006976E-4 
-0.011348067621452117 1.195855999659264E-4 
-0.014104124127884485 3.2731035140860754E-4 
-0.01342918159460768 2.3954954907566073E-4 
-0.013978287153854515 3.1403032365092233E-4 
-0.012892304616544751 1.936174386846674E-4 
-0.010329247579801411 8.728157802603319E-5 
-0.011510278735779334 1.2508962279949074E-4 
-0.013630685266823407 2.6017545787236765E-4 
-0.011980297227082078 1.4664995411046476E-4 
-0.013779714828704498 2.7968528453341035E-4 
-0.013630685266823407 2.6017545787236765E-4 
-0.01079376168558694 9.729007807667651E-5 
-0.012221501690488783 1.6255540375587492E-4 
-0.0129152674835414 1.9506112462446554E-4 
-0.013004465814379649 2.011483593361179E-4 
-0.012490576997167241 1.744725485917661E-4 
-0.01242251700235484 1.7164549537444432E-4 
-0.014271784904130969 3.513174840037395E-4 
-0.011987596061782855 1.4939516119336131E-4 
-0.013797455005275648 2.806837447422127E-4 
-0.010695370538348273 9.490299311512419E-5 
-0.010857345725805113 1.0019777569736176E-4 
-0.014132975292830193 3.304754831214804E-4 
