0.0 0.3000000000000001 0.0 0.0 0.0 0.0 0.0 0.35 0.35 0.0 0.0 
0.18621565196425793 0.0 0.26296959355331107 0.0 0.0 0.0 0.0 0.35 0.10081475448243102 0.1 0.0 
0.18621565196425793 0.0 0.26296959355331107 0.0 0.0 0.0 0.0 0.35 0.10081475448243102 0.1 0.0 
0.0 0.3000000000000001 0.0 0.0 0.0 0.0 0.0 0.35 0.35 0.0 0.0 
0.0 0.2 0.0 0.0 0.0 0.0 0.1 0.35 0.3499999999999999 0.0 0.0 
0.0 0.29999999999999993 0.0 0.0 0.0 0.0 0.0 0.35 0.35 0.0 0.0 
0.0 0.21618011924864344 0.0 0.0 0.0 0.0 0.10483488794654267 0.35 0.32898499280481386 0.0 0.0 
0.1 0.19999999999999998 0.0 0.0 0.0 0.0 0.0 0.35 0.35 0.0 0.0 
0.24241856198360162 0.0 0.17963183954977086 0.0 0.0 0.0 0.0 0.35 0.12794959846662754 0.1 0.0 
0.217042246604016 0.0 0.16748031100720787 0.0 0.0 0.0 0.0 0.35 0.1654774423887762 0.1 0.0 
0.0 0.2 0.0 0.0 0.0 0.0 0.1 0.35 0.3499999999999999 0.0 0.0 
0.0 0.29999999999999993 0.0 0.0 0.0 0.0 0.0 0.35 0.35 0.0 0.0 
0.18318680001495724 0.14783250829752997 0.0 0.0 0.0 0.0 0.0 0.35 0.31898069168751286 0.0 0.0 
0.22915696725157514 0.0 0.16443755227730167 0.0 0.0 0.0 0.0 0.35 0.15640548047112324 0.1 0.0 
0.23483827804237617 0.0 0.20792451952571867 0.0 0.0 0.0 0.0 0.35 0.1072372024319053 0.1 0.0 
0.24221183655364756 0.10553936935394964 0.0 0.0 0.0 0.0 0.0 0.35 0.20224879409240276 0.1 0.0 
0.22235944561629353 0.0 0.17779397308421366 0.0 0.0 0.0 0.0 0.35 0.14984658129949296 0.1 0.0 
0.16980891203215615 0.0 0.1 0.0 0.0 0.0 0.0 0.35 0.268245063970308 0.11194602399753581 0.0 
0.10000009741695474 0.10000193251810377 0.0 0.0 0.0 0.0 0.0 0.35 0.3499979700649415 0.1 0.0 
0.17092796657572396 0.0 0.12390645968687058 0.0 0.0 0.0 0.0 0.35 0.25516557373740556 0.1 0.0 
0.17921681691437497 0.14721435597983493 0.0 0.0 0.0 0.0 0.0 0.35 0.32356882710579016 0.0 0.0 
0.13321150938026696 0.166788490619733 0.0 0.0 0.0 0.0 0.0 0.35 0.35 0.0 0.0 
0.1815632173736751 0.10088122814441944 0.0 0.0 0.0 0.0 0.0 0.35 0.26755555448190554 0.1 0.0 
0.10221905064129776 0.1 0.0 0.0 0.0 0.0 0.0 0.35 0.3477570809570313 0.10002386840167098 0.0 
0.24810000359616846 0.0 0.1941444347309609 0.0 0.0 0.0 0.0 0.35 0.1077555616728707 0.1 0.0 
0.20218785740090092 0.0 0.1675001019710619 0.0 0.0 0.0 0.0 0.35 0.18031204062803716 0.1 0.0 
0.20386622339507646 0.10006253443056572 0.0 0.0 0.0 0.0 0.0 0.35 0.24607124217435797 0.1 0.0 
0.16446720034591877 0.0 0.1675001019710619 0.0 0.0 0.0 0.0 0.35 0.21803269768301933 0.1 0.0 
0.17888731978661532 0.0 0.26191068412732665 0.0 0.0 0.0 0.0 0.35 0.10920199608605803 0.1 0.0 
0.16384660946517254 0.0 0.1417447676797566 0.0 0.0 0.0 0.0 0.35 0.2444086228550709 0.1 0.0 
0.22704994437774811 0.0 0.1426380149942147 0.0 0.0 0.0 0.0 0.35 0.18031204062803716 0.1 0.0 
0.23735091312616663 0.10087622892731067 0.0 0.0 0.0 0.0 0.0 0.35 0.2117728579465228 0.1 0.0 
0.17503859800857222 0.0 0.1282155681915969 0.0 0.0 0.0 0.0 0.35 0.24674583379983092 0.1 0.0 
0.13007371254312577 0.10065676716874424 0.0 0.0 0.0 0.0 0.0 0.35 0.31926952028813005 0.1 0.0 
0.175959872734305 0.12474743056679871 0.0 0.0 0.0 0.0 0.0 0.35 0.3492926966988963 0.0 0.0 
0.22358178416623464 0.0 0.18158029208148668 0.0 0.0 0.0 0.0 0.35 0.1448379237522787 0.1 0.0 
0.17575272950291052 0.0 0.15412912012990723 0.0 0.0 0.0 0.0 0.35 0.22011815036718235 0.1 0.0 
0.16024951006123078 0.0 0.12151381126349353 0.0 0.0 0.0 0.0 0.35 0.26823667867527573 0.1 0.0 
0.18107008772911987 0.0 0.23567690395895097 0.0 0.0 0.0 0.0 0.35 0.13325300831192916 0.1 0.0 
0.10624789728920811 0.1937521027107919 0.0 0.0 0.0 0.0 0.0 0.35 0.35 0.0 0.0 
0.16545148414600397 0.1345485158539961 0.0 0.0 0.0 0.0 0.0 0.35 0.35 0.0 0.0 
0.17372277804408703 0.14569901166247345 0.0 0.0 0.0 0.0 0.0 0.35 0.3305782102934396 0.0 0.0 
0.11707712905425108 0.18292287094574888 0.0 0.0 0.0 0.0 0.0 0.35 0.35 0.0 0.0 
0.17913255652180757 0.0 0.2342843034889382 0.0 0.0 0.0 0.0 0.35 0.13658313998925437 0.1 0.0 
0.0 0.213541064600805 0.0 0.0 0.0 0.0 0.1 0.35 0.3364589353991951 0.0 0.0 
0.1763620676653315 0.13063854196612878 0.0 0.0 0.0 0.0 0.0 0.35 0.3429993903685397 0.0 0.0 
0.15108747035718556 0.10019575281893443 0.0 0.0 0.0 0.0 0.0 0.35 0.29871677682388 0.1 0.0 
0.18403634572312172 0.0 0.11633763106442284 0.0 0.0 0.0 0.0 0.35 0.24962602321245553 0.1 0.0 
0.1643498423655652 0.10194073246851998 0.0 0.0 0.0 0.0 0.0 0.35 0.2837094251659148 0.1 0.0 
0.16416879894401698 0.0 0.12242125801307316 0.0 0.0 0.0 0.0 0.35 0.26340994304290993 0.1 0.0 
0.23103832243643163 0.0 0.13668104657078017 0.0 0.0 0.0 0.0 0.35 0.18228063099278818 0.1 0.0 
0.16974181711133807 0.10047500069173357 0.0 0.0 0.0 0.0 0.0 0.35 0.2797831821969284 0.1 0.0 
0.22308503169991317 0.0 0.13048157312834577 0.0 0.0 0.0 0.0 0.35 0.18779467833728192 0.10863871683445918 0.0 
0.10798429199237257 0.1 0.0 0.0 0.0 0.0 0.0 0.35 0.3409794263605203 0.1010362816471071 0.0 
0.23924992290789238 0.0 0.12302085684196222 0.0 0.0 0.0 0.0 0.35 0.1877292202501455 0.1 0.0 
0.14672293945649162 0.10182478769521651 0.0 0.0 0.0 0.0 0.0 0.35 0.3014522728482919 0.1 0.0 
0.11697047844726521 0.10450548986371504 0.0 0.0 0.0 0.0 0.0 0.35 0.3285240316890197 0.1 0.0 
0.11204200988164006 0.18795799011835995 0.0 0.0 0.0 0.0 0.0 0.35 0.35 0.0 0.0 
0.16974181711133807 0.11369612765449943 0.0 0.0 0.0 0.0 0.0 0.35 0.2665620552341625 0.1 0.0 
0.14334783826697872 0.1566521617330213 0.0 0.0 0.0 0.0 0.0 0.35 0.35 0.0 0.0 
0.1339903309808028 0.1 0.0 0.0 0.0 0.0 0.0 0.35 0.31598943646282696 0.10002023255637021 0.0 
0.2299938171092727 0.10087622892731067 0.0 0.0 0.0 0.0 0.0 0.35 0.21912995396341656 0.1 0.0 
0.20580681479904014 0.1 0.0 0.0 0.0 0.0 0.0 0.35 0.2431368245622443 0.10105636063871559 0.0 
0.0 0.19929797389123932 0.0 0.0 0.0 0.0 0.10070202610876071 0.35 0.35 0.0 0.0 
0.22158476514612174 0.10001022214361795 0.0 0.0 0.0 0.0 0.0 0.35 0.22840501271026037 0.1 0.0 
0.143190186609024 0.10017197857977768 0.0 0.0 0.0 0.0 0.0 0.35 0.30663783481119833 0.1 0.0 
0.1252187478336557 0.10009716750822122 0.0 0.0 0.0 0.0 0.0 0.35 0.32468408465812315 0.1 0.0 
0.2210783802890049 0.10000064206958144 0.0 0.0 0.0 0.0 0.0 0.35 0.22892097764141378 0.1 0.0 
0.20218785740090092 0.0 0.1675001019710619 0.0 0.0 0.0 0.0 0.35 0.18031204062803716 0.1 0.0 
0.19493958679229761 0.1 0.0 0.0 0.0 0.0 0.0 0.35 0.2550603868418219 0.10000002636588054 0.0 
0.18383542810618134 0.0 0.13656096207562796 0.0 0.0 0.0 0.0 0.35 0.22960360981819067 0.1 0.0 
0.17011385832213116 0.0 0.1422706500352985 0.0 0.0 0.0 0.0 0.35 0.2373225559519547 0.10029293569061563 0.0 
0.18198140317946238 0.12805897828204635 0.0 0.0 0.0 0.0 0.0 0.35 0.3399596185384913 0.0 0.0 
0.1701155396184365 0.0 0.14135307138690753 0.0 0.0 0.0 0.0 0.35 0.23853138899465604 0.1 0.0 
0.17379342715396942 0.10019575281893443 0.0 0.0 0.0 0.0 0.0 0.35 0.27601082002709626 0.1 0.0 
0.11618351923440146 0.10446223360394538 0.0 0.0 0.0 0.0 0.0 0.35 0.3293542471616532 0.1 0.0 
0.18832677516414087 0.10066713166931071 0.0 0.0 0.0 0.0 0.0 0.35 0.26100609316654844 0.1 0.0 
0.19493958679229761 0.1 0.0 0.0 0.0 0.0 0.0 0.35 0.2550603868418219 0.10000002636588054 0.0 
0.14616190153502936 0.15383809846497074 0.0 0.0 0.0 0.0 0.0 0.35 0.35 0.0 0.0 
0.17139795569122324 0.0 0.16881412771103754 0.0 0.0 0.0 0.0 0.35 0.20978791659773927 0.1 0.0 
0.21278403876372234 0.10000474147425513 0.0 0.0 0.0 0.0 0.0 0.35 0.23721121976202253 0.1 0.0 
0.18383542810618134 0.0 0.14268176653507708 0.0 0.0 0.0 0.0 0.35 0.22348280535874165 0.1 0.0 
0.10813125074175524 0.10374412421959002 0.0 0.0 0.0 0.0 0.0 0.35 0.3381246250386548 0.1 0.0 
0.1252187478336557 0.1000984145591801 0.0 0.0 0.0 0.0 0.0 0.35 0.3246828376071644 0.1 0.0 
0.15542718648324821 0.1 0.0 0.0 0.0 0.0 0.0 0.35 0.29406409750914336 0.10050871600760833 0.0 
0.15461436172561394 0.14545710048261298 0.0 0.0 0.0 0.0 0.0 0.35 0.3499285377917731 0.0 0.0 
0.18383542810618134 0.0 0.14268176653507708 0.0 0.0 0.0 0.0 0.35 0.22348280535874165 0.1 0.0 
0.18350291538437272 0.0 0.13656096207562796 0.0 0.0 0.0 0.0 0.35 0.22993612253999934 0.1 0.0 
0.18084475536037545 0.0 0.26215382785531455 0.0 0.0 0.0 0.0 0.35 0.10700141678431005 0.1 0.0 
0.18831648859231984 0.1 0.0 0.0 0.0 0.0 0.0 0.35 0.2611613388288057 0.10052217257887446 0.0 
0.12473626814373837 0.17526373185626162 0.0 0.0 0.0 0.0 0.0 0.35 0.35 0.0 0.0 
0.1252187478336557 0.1747812521663443 0.0 0.0 0.0 0.0 0.0 0.35 0.35 0.0 0.0 
0.1351993386607705 0.10384725925218886 0.0 0.0 0.0 0.0 0.0 0.35 0.3109534020870407 0.1 0.0 
0.23109337452874978 0.1 0.0 0.0 0.0 0.0 0.0 0.35 0.21871662707301212 0.10018999839823817 0.0 
0.15683909119436776 0.10000023439366226 0.0 0.0 0.0 0.0 0.0 0.35 0.2931606744119701 0.1 0.0 
0.21278403876372234 0.10000474147425513 0.0 0.0 0.0 0.0 0.0 0.35 0.2372112197620225 0.1 0.0 
0.15718499987889673 0.14281500012110332 0.0 0.0 0.0 0.0 0.0 0.35 0.35 0.0 0.0 
0.0 0.21674210268773403 0.0 0.0 0.0 0.0 0.1 0.35 0.33325789731226596 0.0 0.0 
0.11204324417026344 0.10361194146381267 0.0 0.0 0.0 0.0 0.0 0.35 0.3343448143659239 0.1 0.0 
0.11204324417026344 0.10361194146381267 0.0 0.0 0.0 0.0 0.0 0.35 0.3343448143659239 0.1 0.0 
