0.0 0.29999999999999993 0.0 0.0 0.0 0.0 0.0 0.35 0.35 0.0 0.0 
0.0 0.29999999999999993 0.0 0.0 0.0 0.0 0.0 0.35 0.35 0.0 0.0 
0.1295488472149012 0.17435911187714512 0.16454166420907942 0.0 0.0 0.15798271403200806 0.0 0.0 0.1410779887736373 0.23248967389322878 0.0 
0.0 0.32831204718831974 0.0 0.0 0.0 0.0 0.0 0.32168795281168017 0.35 0.0 0.0 
0.10005998681656021 0.19994001318344007 0.0 0.0 0.0 0.0 0.0 0.35 0.35 0.0 0.0 
0.12350669700157305 0.176994055487845 0.15988515633533282 0.0 0.0 0.16111876952107215 0.0 0.0 0.21542548096872544 0.1630698406854516 0.0 
0.1812300219707776 0.15493588096911562 0.0 0.10058551753957173 0.0 0.12411102791857943 0.0 0.1294525189240061 0.18972719092637153 0.1199578417515779 0.0 
0.19855534739313233 0.1274395216621209 0.0 0.14649295185707104 0.0 0.10170425162652429 0.0 0.16084661802505484 0.2649613094360966 0.0 0.0 
0.1996111960838936 0.11132869365851866 0.0 0.11086814495421728 0.0 0.0 0.0 0.3354072172308805 0.24278474807248987 0.0 0.0 
0.18324925994837848 0.1155336932272216 0.0 0.10143958621103594 0.0 0.10221851852462788 0.0 0.1632462298619877 0.2328686755993232 0.10144403662742517 0.0 
0.14773594599074674 0.1154796999564947 0.0 0.10597978417484545 0.0 0.0 0.0 0.34978822924799063 0.2810163406299225 0.0 0.0 
0.17966557209359424 0.1304980842009118 0.0 0.11161377168092634 0.0 0.10187051099796858 0.0 0.20559505167659217 0.2707570093500069 0.0 0.0 
0.1395160726318548 0.11688591606289205 0.0 0.1006015745506823 0.0 0.0 0.0 0.35 0.2929964367545708 0.0 0.0 
0.18393929525003339 0.11983872825862046 0.0 0.10385595874565248 0.0 0.10367844030206845 0.0 0.2199333181997713 0.26875425924385377 0.0 0.0 
0.1297867922255624 0.10568608104036564 0.0 0.10161739658255466 0.0 0.0 0.0 0.35 0.31290973015151746 0.0 0.0 
0.19909095638335741 0.11000783231975883 0.0 0.10008637246969772 0.0 0.0 0.0 0.3401346872301505 0.2506801515970355 0.0 0.0 
0.16824806742288587 0.10760301242011272 0.0 0.10007539440893425 0.0 0.0 0.0 0.34856051441064484 0.27551301133742245 0.0 0.0 
0.16663552899072437 0.1178258307420778 0.0 0.10151981431692861 0.0 0.0 0.0 0.3452198090222827 0.2687990169279866 0.0 0.0 
0.17134123519192737 0.11645189199942327 0.0 0.10642327225706626 0.0 0.0 0.0 0.34888756003749355 0.2568960405140896 0.0 0.0 
0.12396806158812726 0.17987017518491188 0.16066748209851348 0.0 0.0 0.16343667101403156 0.0 0.0 0.19912778257242367 0.17292982754199215 0.0 
0.1251893727845033 0.1756679142959493 0.0 0.0 0.0 0.0 0.0 0.3495713564597736 0.3495713564597736 0.0 0.0 
0.2269268189276971 0.10670730463054977 0.0 0.10600689846930031 0.0 0.0 0.0 0.3272076955975239 0.23315128237492896 0.0 0.0 
0.13616839447530812 0.16383160552469184 0.0 0.0 0.0 0.0 0.0 0.35 0.35 0.0 0.0 
0.19698245255636235 0.15184835820841036 0.0 0.0 0.0 0.0 0.0 0.3497684269249576 0.30140076231026963 0.0 0.0 
0.2447065441257074 0.1194906482588763 0.0 0.1454442582658656 0.0 0.0 0.0 0.24598633387431942 0.24437221547523127 0.0 0.0 
0.19915213533507886 0.12884378912890443 0.0 0.10764491611202394 0.0 0.0 0.0 0.29716097469184316 0.2671981847321497 0.0 0.0 
0.14153041223659624 0.1154843697161865 0.0 0.1069815415998693 0.0 0.0 0.0 0.34723849968501647 0.28876517676233154 0.0 0.0 
0.21745919520603946 0.10823642114448495 0.0 0.1090249831022479 0.0 0.0 0.0 0.33788300851010566 0.22739639203712214 0.0 0.0 
0.127166865776429 0.11758464866232188 0.0 0.10332520600301197 0.0 0.0 0.0 0.3488390678033201 0.30308421175491707 0.0 0.0 
0.24209067175006443 0.13915452471628073 0.0 0.1281478392375814 0.0 0.0 0.0 0.25304378558170765 0.23756317871436589 0.0 0.0 
0.0 0.30815159522256935 0.0 0.0 0.0 0.0 0.0 0.34582677145533447 0.34602163332209623 0.0 0.0 
0.22836695581967587 0.12442979656809745 0.0 0.11328350265298615 0.0 0.0 0.0 0.2805546032564244 0.2533651417028161 0.0 0.0 
0.23122393439895017 0.109170982521149 0.0 0.1215752648512778 0.0 0.0 0.0 0.2993049927893594 0.23872482543926352 0.0 0.0 
0.19028816781075372 0.1208711696209641 0.0 0.11791363653833305 0.0 0.10066186347538507 0.0 0.1864655760292491 0.2837995865253149 0.0 0.0 
0.12630728874502614 0.18606175547059045 0.13914135144244674 0.0 0.0 0.16254325692230406 0.0 0.0 0.16395654522551878 0.2219898021941139 0.0 
0.1417066938330446 0.15829330616695547 0.0 0.0 0.0 0.0 0.0 0.35 0.35 0.0 0.0 
0.24127354651938068 0.11722976083316929 0.0 0.14345657261497638 0.0 0.0 0.0 0.2519911400860393 0.2460489799464343 0.0 0.0 
0.16164379727966718 0.15814792435408265 0.0 0.10603018241280712 0.0 0.1051683643227152 0.0 0.16480573629038134 0.20032705028764813 0.10387694505269827 0.0 
0.18905399017512906 0.11387070866858359 0.0 0.10006165400620443 0.0 0.0 0.0 0.34133624031861803 0.25567740683146495 0.0 0.0 
0.17945147878838988 0.1562989858495218 0.0 0.10108787250448581 0.0 0.11014319378655653 0.0 0.14564651167603293 0.2056856413493899 0.10168631604562309 0.0 
0.19068881832136947 0.12030050535311797 0.0 0.0 0.0 0.0 0.0 0.35 0.3390106763255127 0.0 0.0 
0.19326056308669598 0.12192295074677817 0.0 0.13759628973835392 0.0 0.1015377898722644 0.0 0.1880881380851688 0.25759426847073863 0.0 0.0 
0.1980713377456132 0.12170993980089774 0.0 0.1369937603995142 0.0 0.1009264907776259 0.0 0.18054579582251332 0.2617526754538358 0.0 0.0 
0.13077003192687972 0.1924282143595827 0.1361340004065441 0.0 0.0 0.15901243571204315 0.0 0.0 0.16956663205996475 0.21208868553498547 0.0 
0.18249680435141258 0.15147294437837325 0.0 0.10114094517488748 0.0 0.12403840391821898 0.0 0.13328201004799384 0.20571165573067213 0.10185723639844173 0.0 
0.17793453053576863 0.11649121678039898 0.0 0.10036989871080823 0.0 0.0 0.0 0.3392708947998435 0.2659334591731807 0.0 0.0 
0.18064482674306878 0.14988832184355824 0.0 0.10002801101079391 0.0 0.12628763742001298 0.0 0.13188769057084737 0.20362624651605793 0.10763726589566072 0.0 
0.18225339156632644 0.1378322826808568 0.0 0.0 0.0 0.0 0.0 0.35 0.32991432575281676 0.0 0.0 
0.1703242326922889 0.12241606519144368 0.0 0.10563791578652379 0.0 0.10539224797128036 0.0 0.22431344701449596 0.27191609134396727 0.0 0.0 
0.2041251811826403 0.12958157416704397 0.0 0.0 0.0 0.0 0.0 0.35 0.3162932446503157 0.0 0.0 
0.22859375307708912 0.133578423316704 0.0 0.0 0.0 0.0 0.0 0.35 0.28782782360620673 0.0 0.0 
0.23362549501615112 0.1149731696142459 0.0 0.14248130311586088 0.0 0.0 0.0 0.2674182011176514 0.24150183113609072 0.0 0.0 
0.10221699546073103 0.197783004539269 0.0 0.0 0.0 0.0 0.0 0.35 0.35 0.0 0.0 
0.12054942247039101 0.17990706251504532 0.15629815714360668 0.0 0.0 0.172629429136173 0.0 0.0 0.20228733926920034 0.16832858946558357 0.0 
0.22737049115417454 0.12054367885684207 0.0 0.1331753417083457 0.0 0.0 0.0 0.27309998272802827 0.24581050555260942 0.0 0.0 
0.18383475576258393 0.15227217765136636 0.0 0.10134159726944339 0.0 0.10383600987665076 0.0 0.16113887777249553 0.19588736042827237 0.1016892212391877 0.0 
0.13744277069760072 0.10267596052222024 0.0 0.10646186353539738 0.0 0.0 0.0 0.34969090956274246 0.3037284956820391 0.0 0.0 
0.21842812188975144 0.11850974458030135 0.0 0.15185626076503994 0.0 0.0 0.0 0.26861932372787883 0.24258654903702848 0.0 0.0 
0.12074162930892882 0.1792583706910712 0.0 0.0 0.0 0.0 0.0 0.35 0.35 0.0 0.0 
0.19562464007175384 0.13190698304865317 0.0 0.0 0.0 0.0 0.0 0.35 0.32246837687959284 0.0 0.0 
0.14660688258904003 0.15787349933706038 0.0 0.10132874453997384 0.0 0.11440932804830158 0.0 0.17300233297715206 0.19432496099888066 0.11245425150959128 0.0 
0.1869445560350781 0.13039078282471056 0.0 0.11278658292560852 0.0 0.1151535283022015 0.0 0.1815104505911518 0.2732140993212495 0.0 0.0 
0.11009283810533131 0.18990716189466886 0.0 0.0 0.0 0.0 0.0 0.35 0.35 0.0 0.0 
0.21613688914047902 0.15148123937953298 0.0 0.0 0.0 0.0 0.0 0.35 0.28238187147998806 0.0 0.0 
0.19787069777701397 0.11017543937229902 0.0 0.10023886326544694 0.0 0.0 0.0 0.3406529137163121 0.2510620858689279 0.0 0.0 
0.22405510772104392 0.12213411567310907 0.0 0.13032964491250576 0.0 0.0 0.0 0.2750695073576294 0.24841162433571196 0.0 0.0 
0.0 0.3175039627628872 0.0 0.0 0.0 0.0 0.0 0.33249603723711274 0.35 0.0 0.0 
0.18629763085100973 0.11826439114175165 0.0 0.12386129080070069 0.0 0.0 0.0 0.31876263289524126 0.2528140543112968 0.0 0.0 
0.15683547246336232 0.1450176806261425 0.0 0.0 0.0 0.0 0.0 0.35 0.34814684691049524 0.0 0.0 
0.16894289847367658 0.10804739145716989 0.0 0.1004886858809883 0.0 0.0 0.0 0.35 0.27252102418816526 0.0 0.0 
0.15103724190419965 0.14896275809580053 0.0 0.0 0.0 0.0 0.0 0.35 0.35 0.0 0.0 
0.1722613988815905 0.13553117190733177 0.0 0.12283086506490996 0.0 0.10217024883887271 0.0 0.20338251591494727 0.2638237993923477 0.0 0.0 
0.22442866549648763 0.11217324627517142 0.0 0.11289705815302482 0.0 0.0 0.0 0.31638561299765267 0.23411541707766337 0.0 0.0 
0.18334785348565624 0.11665214651434375 0.0 0.0 0.0 0.0 0.0 0.35 0.35 0.0 0.0 
0.24500552558733413 0.10939001794948085 0.0 0.10614817732559753 0.0 0.0 0.0 0.30009853035476347 0.239357748782824 0.0 0.0 
0.1483233087193999 0.18239175106704253 0.0 0.0 0.0 0.0 0.0 0.35 0.3192849402135577 0.0 0.0 
0.18193744839528964 0.15551544939804152 0.0 0.10096177764154726 0.0 0.12140163430910539 0.0 0.12993676177688177 0.18984036060003567 0.12040656787909876 0.0 
0.20021455022055962 0.13934372376210058 0.0 0.1368531774376803 0.0 0.0 0.0 0.2702335544145485 0.2533549941651111 0.0 0.0 
0.1795540174105538 0.15545983961205276 0.0 0.10032248627217626 0.0 0.11313965084189193 0.0 0.14451359938572467 0.20162857720890948 0.10538182926869116 0.0 
0.11009283810533131 0.18990716189466886 0.0 0.0 0.0 0.0 0.0 0.35 0.35 0.0 0.0 
0.19087850491739186 0.1313823405431348 0.0 0.0 0.0 0.0 0.0 0.35 0.3277391545394732 0.0 0.0 
0.1825252622520441 0.10935752824396239 0.0 0.10576599503794994 0.0 0.10552002936611173 0.0 0.22458541279652156 0.2722457723034103 0.0 0.0 
0.20097226922631528 0.11792627450270698 0.0 0.14077991823756864 0.0 0.10401913123522269 0.0 0.17255034828538135 0.26375205851280514 0.0 0.0 
0.15906530451749423 0.14974867987195653 0.0 0.0 0.0 0.0 0.0 0.35 0.3411860156105494 0.0 0.0 
0.18177600529723628 0.151173595977101 0.0 0.10061045896618821 0.0 0.10301015587053136 0.0 0.15997632647216636 0.20172255732956973 0.10173090008720713 0.0 
0.20079872299890186 0.1569537984188698 0.0 0.0 0.0 0.0 0.0 0.3496640041206275 0.29258347446160093 0.0 0.0 
0.12344592570348377 0.18165078575777555 0.1680000365340739 0.0 0.0 0.15010654226814518 0.0 0.0 0.16006962416869877 0.2167270855678227 0.0 
0.19975910253829837 0.12381671355564995 0.0 0.13944468070079707 0.0 0.10429214384770144 0.0 0.1709733187759131 0.2617140405816401 0.0 0.0 
0.13809462262683994 0.10316292336947072 0.0 0.10357346054304487 0.0 0.0 0.0 0.35 0.30516899346064447 0.0 0.0 
0.13077003192687972 0.1924282143595827 0.1361340004065441 0.0 0.0 0.15901243571204315 0.0 0.0 0.16956663205996475 0.21208868553498547 0.0 
0.22120893480192955 0.1319602121484338 0.0 0.0 0.0 0.0 0.0 0.35 0.2968308530496367 0.0 0.0 
0.18311918801649713 0.16974121045947563 0.0 0.0 0.0 0.0 0.0 0.35 0.29713960152402724 0.0 0.0 
0.11703254508023307 0.18296745491976707 0.0 0.0 0.0 0.0 0.0 0.35 0.35 0.0 0.0 
0.1956246400717539 0.13190698304865323 0.0 0.0 0.0 0.0 0.0 0.35 0.32246837687959296 0.0 0.0 
0.16355195460747263 0.1577106400741274 0.0 0.0 0.0 0.0 0.0 0.35 0.3287374053183999 0.0 0.0 
0.12456427375965433 0.17774984265632124 0.15217705337362034 0.0 0.0 0.16789346283548595 0.0 0.0 0.1565696488966383 0.2210457184782799 0.0 
0.0 0.3177487492532351 0.0 0.0 0.0 0.0 0.0 0.3322512507467649 0.35 0.0 0.0 
0.20079872299890186 0.1569537984188698 0.0 0.0 0.0 0.0 0.0 0.3496640041206275 0.29258347446160093 0.0 0.0 
0.17515597342328904 0.15777741740750498 0.0 0.0 0.0 0.0 0.0 0.35 0.31706660916920604 0.0 0.0 
0.16895212644586902 0.131047873554131 0.0 0.0 0.0 0.0 0.0 0.35 0.35 0.0 0.0 
