-0.01066835838195402 0.008605547393948894 
-7.876911620274898E-4 1.357412965692726E-4 
-0.01066835838195402 0.008605547393948894 
-0.003889853884521692 1.5035465419772272E-4 
-0.0017950910972308718 1.4789147545058977E-4 
-0.005272258666044289 1.6712544922838714E-4 
-0.010637449487045888 0.006914817751954251 
-0.010658746622293198 0.008572604257923538 
-0.010655214126261348 0.0077184260840825036 
-0.010628928771591741 0.006207838657328669 
-0.005535179336467578 2.3205249711886623E-4 
-0.006176815640652077 2.408772027511484E-4 
-0.008043704558940414 9.55597601351917E-4 
-0.009598969941260842 0.0036663873857110695 
-0.009756877101093598 0.004088938246364067 
-0.009451516722324575 0.0033142171846154782 
-0.010158172049677713 0.0047024820482902165 
-0.00844350244885178 0.0013915274971094157 
-0.009642949002705889 0.0037819992092739912 
-0.007170713925976695 4.504352510117049E-4 
-0.007903469399889881 8.312338238662679E-4 
-0.009025826236015753 0.002345833655307028 
-0.005407574947632082 2.1795833157391012E-4 
-0.00927488083628358 0.0028787857474831496 
-0.00896414915991155 0.002243898697191544 
-0.006534892643668568 2.6953489111993385E-4 
-0.009686891757807275 0.0039060329035427947 
-0.010084700809223048 0.004488022937011456 
-0.007077947369783724 3.8330089441146594E-4 
-0.0016012702398981694 1.440502523483427E-4 
-0.010648470484075379 0.007297380141937548 
-0.008119031524236202 0.0010285196853234864 
-0.010103574983051793 0.0045425878987789894 
-0.0011415810523461843 1.3806665921155907E-4 
-0.008917020564303655 0.002149135317499564 
-0.007318737981004492 4.907360149890097E-4 
-0.008194686448289582 0.0011060647056062357 
-0.010575230003738143 0.006024651816445998 
-0.00953347454056231 0.0034992898231213515 
-0.009970151068991975 0.004164690478554765 
-0.008859012599425533 0.002057491688111336 
-0.009224565659410875 0.002784118214665664 
-0.00951926862640113 0.003476066558272257 
-0.010652434151750215 0.007542054805863911 
-0.008256060344068056 0.0011721418591623149 
-0.008353030808091255 0.0012823310461580993 
-0.01026305227899772 0.0050182045773807535 
-0.010650587862279522 0.007427090859358028 
-0.010219580955964496 0.004885974716723634 
-0.009316915640494212 0.0029951728218078092 
-0.008657225149627697 0.001749172060598394 
-0.009724842101940415 0.003999583662040088 
-9.863418778255902E-4 1.3684690194355016E-4 
-0.008729699776600697 0.0018225782429262536 
-0.007798393790931742 7.47766063394454E-4 
-0.008827019898234471 0.0019687732284893473 
-0.010645869399847987 0.0071411571995483114 
-0.010283061803037095 0.005079719670937709 
-0.007502526802416521 5.656391897401907E-4 
-0.006713462208746102 2.9503913735746663E-4 
-0.009403290810160038 0.003201003758013187 
-0.010000325574155717 0.004344918382707153 
-0.0013056776111356715 1.3978816420096122E-4 
-0.007356115975356613 5.601823338089736E-4 
-0.006417958444411946 2.5882282350188357E-4 
-0.009193086470033383 0.002693210251696441 
-0.008778810241430526 0.0018857121498872499 
-0.006956865113004727 3.478507995296031E-4 
-0.010608275001167674 0.006137031204244103 
-0.010546778764027723 0.0059287911423041946 
-0.007720710855985507 6.914092250350644E-4 
-0.006278143854431783 2.584215518343134E-4 
-0.00864234214436689 0.0016532040854354247 
-0.00850411763427098 0.0014681400855225694 
-0.010362152519270643 0.00532688254945872 
-0.007629794914822635 6.650212597415439E-4 
-0.007552187736908122 6.266956874404805E-4 
-0.009064631811181088 0.0024542975103824445 
-0.006885051681795679 3.1916841047542133E-4 
-0.009351633798022438 0.0030585452390479123 
-0.009997784143188027 0.004329572764825726 
-0.008322070742835107 0.0012463802787909383 
-0.01043438569468547 0.00555821451385581 
-0.009971167724463638 0.00417069273376136 
-0.009383862722450828 0.0031384459170458803 
-0.010406237101045341 0.005467430938763266 
-0.010478674189504973 0.005702695158148609 
-0.010468028075810314 0.005667781282694856 
-0.010654585490901897 0.007678199503492648 
-0.00908707433251639 0.0025007619208193194 
-0.010376531142198083 0.005372504997686857 
-0.010512240809518156 0.005813536943571368 
-0.007870273624848868 8.039650735942661E-4 
-8.609375741071351E-4 1.3678131907214128E-4 
-0.009121304195467646 0.002584174699985722 
-0.006774670395818225 2.9851118194411895E-4 
-0.009136098008454559 0.0026300031117157865 
-0.008596075636834444 0.0015896558031636265 
-0.0014688561889597924 1.42282248740456E-4 
-0.010322593679276787 0.005202457892706554 
