0.0 0.30000000000000004 0.0 0.0 0.0 0.0 0.0 0.35 0.35 0.0 0.0 
0.31848608537497164 0.0 0.0 0.0 0.15414230735237242 0.2812681925142825 0.0 0.10031014673974877 0.1457932680186248 0.0 0.0 
0.0 0.30000000000000004 0.0 0.0 0.0 0.0 0.0 0.35 0.35 0.0 0.0 
0.35 0.0 0.0 0.0 0.0 0.34338210039210565 0.0 0.10102746329445976 0.20559043631343454 0.0 0.0 
0.10059537466917948 0.1994046253308206 0.0 0.0 0.0 0.0 0.0 0.35 0.35 0.0 0.0 
0.3000000000000002 0.0 0.0 0.0 0.0 0.0 0.0 0.3499999999999999 0.35 0.0 0.0 
0.3264188792415902 0.0 0.0 0.0 0.10020387784807622 0.2593014992604496 0.0 0.1014312812001311 0.21264446244975282 0.0 0.0 
0.0 0.3004753367525306 0.0 0.0 0.0 0.0 0.0 0.34952466324746945 0.35 0.0 0.0 
0.19922133824642252 0.10178118772424782 0.0 0.0 0.0 0.0 0.0 0.34916901728954713 0.3498284567397826 0.0 0.0 
0.33545370064825264 0.0 0.0 0.0 0.10152966881506333 0.31187347048615965 0.0 0.10015711962408126 0.15098604042644306 0.0 0.0 
0.35 0.0 0.0 0.0 0.0 0.30964383623212516 0.0 0.10083869050862383 0.23951747325925105 0.0 0.0 
0.3186056070655394 0.0 0.0 0.0 0.15382487326012298 0.2813737470468539 0.0 0.100347791204829 0.1458479814226546 0.0 0.0 
0.2691262063575282 0.10150547961930786 0.0 0.0 0.0 0.0 0.0 0.27936831402316403 0.35 0.0 0.0 
0.3414918497990968 0.0 0.0 0.0 0.0 0.0 0.0 0.3085081502009032 0.35 0.0 0.0 
0.35 0.127611758073221 0.0 0.0 0.0 0.0 0.0 0.17238824192677904 0.35 0.0 0.0 
0.3482868426132685 0.15378901098739253 0.0 0.0 0.0 0.0 0.0 0.14792414639933904 0.35 0.0 0.0 
0.3122226837216088 0.0 0.0 0.0 0.0 0.0 0.0 0.33777731627839125 0.35 0.0 0.0 
0.3373291747034264 0.17566678676350483 0.0 0.0 0.0 0.0 0.0 0.1370040385330688 0.35 0.0 0.0 
0.16456965957329622 0.13543034042670374 0.0 0.0 0.0 0.0 0.0 0.35 0.35 0.0 0.0 
0.2833332577611107 0.1122753245209944 0.0 0.0 0.0 0.0 0.0 0.254391417717895 0.35 0.0 0.0 
0.3304334356003214 0.10124438928190756 0.0 0.0 0.0 0.0 0.0 0.2183221751177712 0.35 0.0 0.0 
0.30733276146413807 0.0 0.0 0.0 0.0 0.0 0.0 0.34266723853586195 0.35 0.0 0.0 
0.3368291583304405 0.0 0.0 0.0 0.0 0.0 0.0 0.31317084166955944 0.35 0.0 0.0 
0.3329195305353253 0.15479117483209603 0.0 0.0 0.0 0.0 0.0 0.16228929463257868 0.35 0.0 0.0 
0.3361031549541617 0.0 0.0 0.0 0.10317675117821037 0.2669945200114423 0.0 0.10444056943524702 0.1892850044209386 0.0 0.0 
0.2950487760823081 0.10473302446333393 0.0 0.0 0.0 0.0 0.0 0.25021819945435786 0.35 0.0 0.0 
0.2780619159030501 0.1035827523368121 0.0 0.0 0.0 0.0 0.0 0.2683553317601377 0.35 0.0 0.0 
0.35 0.1207854141707648 0.0 0.0 0.0 0.0 0.0 0.17921458582923516 0.35 0.0 0.0 
0.34583250333973775 0.0 0.0 0.0 0.0 0.0 0.0 0.3041674966602623 0.35 0.0 0.0 
0.28987096041406324 0.10061301742640073 0.0 0.0 0.0 0.0 0.0 0.259516022159536 0.35 0.0 0.0 
0.3388587067241303 0.0 0.0 0.0 0.10474819856945566 0.2955638258835383 0.0 0.10333213903847051 0.15749712978440514 0.0 0.0 
0.3340477445904705 0.0 0.0 0.0 0.0 0.0 0.0 0.3159522554095296 0.35 0.0 0.0 
0.33450443888115083 0.1025210309220356 0.0 0.0 0.0 0.0 0.0 0.21297453019681364 0.35 0.0 0.0 
0.34846682478147345 0.0 0.0 0.0 0.0 0.23035559601295164 0.0 0.10089443252417951 0.32028314668139546 0.0 0.0 
0.2856964986632126 0.1011868211841239 0.0 0.0 0.0 0.0 0.0 0.2631166801526634 0.35 0.0 0.0 
0.33041906501787577 0.0 0.0 0.0 0.0 0.0 0.0 0.31958093498212414 0.35 0.0 0.0 
0.35 0.0 0.0 0.0 0.0 0.191761825137372 0.0 0.1119795653220535 0.34625860954057447 0.0 0.0 
0.19283883830582502 0.107161161694175 0.0 0.0 0.0 0.0 0.0 0.35 0.35 0.0 0.0 
0.3433959952560834 0.0 0.0 0.0 0.0 0.20268833162473293 0.0 0.10391567311918372 0.35 0.0 0.0 
0.3265465902613504 0.10005346475617846 0.0 0.0 0.0 0.0 0.0 0.22339994498247123 0.35 0.0 0.0 
0.35 0.0 0.0 0.0 0.0 0.2619977191514658 0.0 0.10338552635653189 0.28461675449200236 0.0 0.0 
0.35 0.0 0.0 0.0 0.0 0.21609041359765063 0.0 0.10019275907949274 0.33371682732285646 0.0 0.0 
0.3002811379326419 0.10507643338704487 0.0 0.0 0.0 0.0 0.0 0.2479898733754559 0.34665255530485733 0.0 0.0 
0.30283481842337956 0.11344878041197452 0.0 0.0 0.0 0.0 0.0 0.2337164011646459 0.35 0.0 0.0 
0.34285887671552945 0.2152452241257015 0.0 0.0 0.0 0.0 0.0 0.10002719229374586 0.34186870686502324 0.0 0.0 
0.35 0.0 0.0 0.0 0.0 0.17738872629280886 0.0 0.12261127370719119 0.35 0.0 0.0 
0.33467328086872955 0.0 0.0 0.0 0.0 0.2188507520145068 0.0 0.10147262113988423 0.3450033459768793 0.0 0.0 
0.35 0.14550662392576277 0.0 0.0 0.0 0.0 0.0 0.15449337607423727 0.35 0.0 0.0 
0.33192661886835984 0.10929890218873403 0.0 0.0 0.0 0.0 0.0 0.20877447894290618 0.35 0.0 0.0 
0.14011699914390074 0.1598830008560992 0.0 0.0 0.0 0.0 0.0 0.35 0.35 0.0 0.0 
0.3399950116736091 0.0 0.0 0.0 0.0 0.25028811745253987 0.0 0.10135903242671322 0.3083578384471377 0.0 0.0 
0.35 0.11557863861498312 0.0 0.0 0.0 0.0 0.0 0.18442136138501702 0.35 0.0 0.0 
0.27401446067936897 0.10207500701804981 0.0 0.0 0.0 0.0 0.0 0.2739105323025814 0.35 0.0 0.0 
0.34656476603702624 0.0 0.0 0.0 0.0 0.28091833644870023 0.0 0.1012849979817064 0.27123189953256716 0.0 0.0 
0.30535957571669653 0.0 0.0 0.0 0.0 0.0 0.0 0.3446404242833035 0.35 0.0 0.0 
0.2740144606793689 0.1020750070180498 0.0 0.0 0.0 0.0 0.0 0.2739105323025813 0.35 0.0 0.0 
0.2788080631926173 0.10515715492418552 0.0 0.0 0.0 0.0 0.0 0.2660347818831972 0.35 0.0 0.0 
0.316196898429793 0.10287984254574832 0.0 0.0 0.0 0.0 0.0 0.23092325902445873 0.35 0.0 0.0 
0.3257546593219229 0.0 0.0 0.0 0.0 0.0 0.0 0.32424534067807714 0.35 0.0 0.0 
0.3201223554780573 0.0 0.0 0.0 0.0 0.0 0.0 0.32987764452194285 0.35 0.0 0.0 
0.33288760521810534 0.16001931317630563 0.0 0.0 0.0 0.0 0.0 0.15709308160558907 0.35 0.0 0.0 
0.26483500847920616 0.10086849994624197 0.0 0.0 0.0 0.0 0.0 0.28429649157455184 0.35 0.0 0.0 
0.33518778561668544 0.0 0.0 0.0 0.10568543330288398 0.27774627976903454 0.0 0.1001413141679 0.18123918714349607 0.0 0.0 
0.35 0.11198785788153881 0.0 0.0 0.0 0.0 0.0 0.18801214211846123 0.35 0.0 0.0 
0.35 0.10742340924623249 0.0 0.0 0.0 0.0 0.0 0.1925765907537676 0.35 0.0 0.0 
0.32808166315560283 0.0 0.0 0.0 0.0 0.0 0.0 0.32191833684439713 0.35 0.0 0.0 
0.35 0.19623247921255763 0.0 0.0 0.0 0.0 0.0 0.10376752078744252 0.35 0.0 0.0 
0.35 0.0 0.0 0.0 0.0 0.0 0.0 0.2999999999999998 0.35 0.0 0.0 
0.2652377567432361 0.1008132407680749 0.0 0.0 0.0 0.0 0.0 0.28414074433444647 0.3498082581542425 0.0 0.0 
0.34318873834536584 0.10793493827117388 0.0 0.0 0.0 0.0 0.0 0.19887632338346029 0.35 0.0 0.0 
0.3466513842175656 0.1892444613609577 0.0 0.0 0.0 0.0 0.0 0.11481103438363822 0.34929312003783836 0.0 0.0 
0.35 0.0 0.0 0.0 0.0 0.24951262087103254 0.0 0.10044522671211306 0.3000421524168544 0.0 0.0 
0.34337550114558113 0.1982323897260089 0.0 0.0 0.0 0.0 0.0 0.10839210912840992 0.35 0.0 0.0 
0.11876059532585821 0.18123940467414176 0.0 0.0 0.0 0.0 0.0 0.35 0.35 0.0 0.0 
0.3375251405660944 0.0 0.0 0.0 0.0 0.2848045617659554 0.0 0.10268617502265946 0.27498412264529076 0.0 0.0 
0.3278050424007624 0.0 0.0 0.0 0.1006294014090967 0.2604026432452218 0.0 0.10186201702495207 0.20930089591996695 0.0 0.0 
0.34005233453286915 0.0 0.0 0.0 0.0 0.3021854022675061 0.0 0.10143724641670668 0.256325016782918 0.0 0.0 
0.3180662244093619 0.0 0.0 0.0 0.0 0.0 0.0 0.3319337755906383 0.35 0.0 0.0 
0.35 0.1683420767456261 0.0 0.0 0.0 0.0 0.0 0.13165792325437406 0.35 0.0 0.0 
0.34021289803040555 0.10575902377875662 0.0 0.0 0.0 0.0 0.0 0.20402807819083787 0.35 0.0 0.0 
0.3146985100955441 0.0 0.0 0.0 0.0 0.0 0.0 0.33530148990445585 0.35 0.0 0.0 
0.3423963922635842 0.0 0.0 0.0 0.10382308380340895 0.2728519378626481 0.0 0.1012389000150314 0.17968968605532723 0.0 0.0 
0.32563913274851924 0.10145923538886355 0.0 0.0 0.0 0.0 0.0 0.22773457573778452 0.3451670561248325 0.0 0.0 
0.3036150735794447 0.10274603473169397 0.0 0.0 0.0 0.0 0.0 0.24363889168886124 0.35 0.0 0.0 
0.34291831683626295 0.18398272754807288 0.0 0.0 0.0 0.0 0.0 0.12309895561566417 0.35 0.0 0.0 
0.32102577865572995 0.10210244118317541 0.0 0.0 0.0 0.0 0.0 0.22951652057056335 0.34735525959053126 0.0 0.0 
0.3455893986429462 0.0 0.0 0.0 0.0 0.2986759882790455 0.0 0.10025921038698946 0.25547540269101887 0.0 0.0 
0.35 0.1802071223105771 0.0 0.0 0.0 0.0 0.0 0.11979287768942291 0.35 0.0 0.0 
0.2949132372907914 0.11866171767342804 0.0 0.0 0.0 0.0 0.0 0.23642504503578068 0.35 0.0 0.0 
0.35 0.1717703479579072 0.0 0.0 0.0 0.0 0.0 0.12925971701827055 0.3489699350238223 0.0 0.0 
0.31633185719365514 0.0 0.0 0.0 0.0 0.0 0.0 0.33399419940525626 0.34967394340108854 0.0 0.0 
0.33892107560746404 0.10596609341976349 0.0 0.0 0.0 0.0 0.0 0.20511283097277253 0.35 0.0 0.0 
0.3484310263473842 0.0 0.0 0.0 0.0 0.0 0.0 0.30156897365261587 0.35 0.0 0.0 
0.3088290829174613 0.10159491463325108 0.0 0.0 0.0 0.0 0.0 0.23957600244928762 0.35 0.0 0.0 
0.3066243495338863 0.10133037131644484 0.0 0.0 0.0 0.0 0.0 0.2426490682872791 0.3493962108623897 0.0 0.0 
0.35 0.0 0.0 0.0 0.0 0.18386086261317322 0.0 0.11613913738682685 0.35 0.0 0.0 
0.32272419125191787 0.0 0.0 0.0 0.0 0.0 0.0 0.3272758087480822 0.35 0.0 0.0 
0.12904520697197433 0.17095479302802583 0.0 0.0 0.0 0.0 0.0 0.35 0.35 0.0 0.0 
0.35 0.0 0.0 0.0 0.0 0.1828479831229995 0.0 0.11715201687700047 0.35 0.0 0.0 
0.3242053282687007 0.0 0.0 0.0 0.0 0.0 0.0 0.3270293780906329 0.3487652936406665 0.0 0.0 
