0.0 0.3 0.0 0.0 0.0 0.0 0.0 0.35 0.35 0.0 0.0 
0.30974531499832486 0.0 0.0 0.0 0.10665908061977303 0.3245988235158804 0.0 0.10041461000884949 0.1585821708571723 0.0 0.0 
0.30974531499832486 0.0 0.0 0.0 0.10665908061977303 0.3245988235158804 0.0 0.10041461000884949 0.1585821708571723 0.0 0.0 
0.0 0.30000000000000004 0.0 0.0 0.0 0.0 0.0 0.35 0.35 0.0 0.0 
0.3021386908981882 0.0 0.0 0.0 0.10724590928664274 0.25967365204370685 0.0 0.10023260737630195 0.23070914039516022 0.0 0.0 
0.0 0.30094797203601004 0.0 0.0 0.0 0.0 0.0 0.34905202796399 0.35 0.0 0.0 
0.3499999999999999 0.0 0.0 0.0 0.0 0.342911470351606 0.0 0.10082114897231868 0.2062673806760753 0.0 0.0 
0.10046409715102118 0.19953590284897887 0.0 0.0 0.0 0.0 0.0 0.35 0.35 0.0 0.0 
0.1935532553446362 0.10661102537582057 0.0 0.0 0.0 0.0 0.0 0.3499178596397716 0.3499178596397716 0.0 0.0 
0.3000000000000002 0.0 0.0 0.0 0.0 0.0 0.0 0.3499999999999999 0.35 0.0 0.0 
0.3360532123612743 0.0 0.0 0.0 0.12335202427293096 0.24253440749742305 0.0 0.10122937986361621 0.1968309760047556 0.0 0.0 
0.35 0.11393395156748694 0.0 0.0 0.0 0.0 0.0 0.18606604843251304 0.35 0.0 0.0 
0.33224553286570346 0.0 0.0 0.0 0.0 0.0 0.0 0.3177544671342967 0.35 0.0 0.0 
0.34493824706681947 0.1279393361952094 0.0 0.0 0.0 0.0 0.0 0.1771224167379711 0.35 0.0 0.0 
0.32629686893416165 0.0 0.0 0.0 0.0 0.0 0.0 0.3237031310658384 0.35 0.0 0.0 
0.31752043254984874 0.0 0.0 0.0 0.13630368426644054 0.26799992540156053 0.0 0.10294304795185619 0.17523290983029394 0.0 0.0 
0.326783941008834 0.12954842607082173 0.0 0.0 0.0 0.0 0.0 0.19366763292034408 0.35 0.0 0.0 
0.35 0.19081385461172018 0.0 0.0 0.0 0.0 0.0 0.10918614538827989 0.35 0.0 0.0 
0.35 0.0 0.0 0.0 0.0 0.17589912690768214 0.0 0.12410087309231789 0.35 0.0 0.0 
0.297707788431929 0.10438039730638916 0.0 0.0 0.0 0.0 0.0 0.24791181426168202 0.35 0.0 0.0 
0.35 0.1791179247937923 0.0 0.0 0.0 0.0 0.0 0.12088207520620772 0.35 0.0 0.0 
0.3400015942511792 0.0 0.0 0.0 0.0 0.0 0.0 0.30999840574882087 0.35 0.0 0.0 
0.32309794788559454 0.10357678468917209 0.0 0.0 0.0 0.0 0.0 0.22332526742523337 0.35 0.0 0.0 
0.2607139534285012 0.10495271290998578 0.0 0.0 0.0 0.0 0.0 0.28433333366151287 0.35 0.0 0.0 
0.35 0.19817921297532892 0.0 0.0 0.0 0.0 0.0 0.10182078702467115 0.35 0.0 0.0 
0.129955034072577 0.1700449659274231 0.0 0.0 0.0 0.0 0.0 0.35 0.35 0.0 0.0 
0.35 0.0 0.0 0.0 0.0 0.3287111096712421 0.0 0.10018129034654151 0.22110759998221644 0.0 0.0 
0.28669809027016946 0.10975108191727792 0.0 0.0 0.0 0.0 0.0 0.25355082781255245 0.35 0.0 0.0 
0.1568242613482469 0.14317573865175326 0.0 0.0 0.0 0.0 0.0 0.35 0.35 0.0 0.0 
0.3422505367866942 0.0 0.0 0.0 0.0 0.26736785864779394 0.0 0.10002475239384317 0.29035685217166857 0.0 0.0 
0.34331519134432603 0.0 0.0 0.0 0.0 0.2299549628495744 0.0 0.1001840610774845 0.326545784728615 0.0 0.0 
0.34980211216152163 0.0 0.0 0.0 0.0 0.1836796011185722 0.0 0.11651828671990622 0.35 0.0 0.0 
0.35 0.0 0.0 0.0 0.0 0.2999523448989279 0.0 0.10112935012956317 0.24891830497150902 0.0 0.0 
0.3117493229859231 0.0 0.0 0.0 0.0 0.0 0.0 0.33825067701407696 0.35 0.0 0.0 
0.31545142449884134 0.10151401767337533 0.0 0.0 0.0 0.0 0.0 0.23303455782778332 0.35 0.0 0.0 
0.34041494128209826 0.16024937060913222 0.0 0.0 0.0 0.0 0.0 0.1493356881087695 0.35 0.0 0.0 
0.35 0.12981676589679253 0.0 0.0 0.0 0.0 0.0 0.1701832341032074 0.35 0.0 0.0 
0.3481407981574317 0.101375893122123 0.0 0.0 0.0 0.0 0.0 0.20560501684575866 0.34487829187468655 0.0 0.0 
0.34929916703744224 0.0 0.0 0.0 0.0 0.19135218725114445 0.0 0.1093486457114134 0.35 0.0 0.0 
0.32105839862370433 0.11256743863977849 0.0 0.0 0.0 0.0 0.0 0.2163741627365171 0.35 0.0 0.0 
0.26292951117679986 0.10584460532017262 0.0 0.0 0.0 0.0 0.0 0.2812258835030277 0.35 0.0 0.0 
0.35 0.0 0.0 0.0 0.0 0.20645484387317634 0.0 0.10105027619513687 0.3424948799316868 0.0 0.0 
0.30454992913152384 0.0 0.0 0.0 0.0 0.0 0.0 0.3454500708684761 0.35 0.0 0.0 
0.35 0.14348146335390408 0.0 0.0 0.0 0.0 0.0 0.15651853664609594 0.35 0.0 0.0 
0.3437616707131479 0.0 0.0 0.0 0.0 0.20853111597930676 0.0 0.10206651716020536 0.34564069614733994 0.0 0.0 
0.33394541529466654 0.10854658844807039 0.0 0.0 0.0 0.0 0.0 0.2075079962572631 0.35 0.0 0.0 
0.2813975976350721 0.10224182839518556 0.0 0.0 0.0 0.0 0.0 0.26636057396974233 0.35 0.0 0.0 
0.3490615735511927 0.0 0.0 0.0 0.0 0.24817518673605782 0.0 0.10141132910574864 0.30135191060700084 0.0 0.0 
0.35 0.0 0.0 0.0 0.0 0.27342177869263745 0.0 0.10228957905086959 0.27428864225649296 0.0 0.0 
0.3364329132812559 0.1700724133562143 0.0 0.0 0.0 0.0 0.0 0.1434946733625299 0.35 0.0 0.0 
0.30634382244603137 0.0 0.0 0.0 0.10663873391752826 0.2632877600651142 0.0 0.10013374018534046 0.2235959433859857 0.0 0.0 
0.34636273046622956 0.17675347657039703 0.0 0.0 0.0 0.0 0.0 0.12688379296337343 0.35 0.0 0.0 
0.3433285766777269 0.0 0.0 0.0 0.0 0.0 0.0 0.30667142332227304 0.35 0.0 0.0 
0.35 0.10035747910926479 0.0 0.0 0.0 0.0 0.0 0.19964252089073525 0.35 0.0 0.0 
0.3088778697497939 0.10190286309616922 0.0 0.0 0.0 0.0 0.0 0.2392192671540369 0.35 0.0 0.0 
0.3023659778545015 0.11170018238877784 0.0 0.0 0.0 0.0 0.0 0.23593383975672075 0.35 0.0 0.0 
0.3226780670885529 0.0 0.0 0.0 0.0 0.0 0.0 0.32732193291144723 0.35 0.0 0.0 
0.308889450160388 0.0 0.0 0.0 0.0 0.0 0.0 0.34111054983961203 0.35 0.0 0.0 
0.2908908832269686 0.11756372425620035 0.0 0.0 0.0 0.0 0.0 0.24154539251683113 0.35 0.0 0.0 
0.318651079298188 0.10215123447062986 0.0 0.0 0.0 0.0 0.0 0.22919768623118217 0.35 0.0 0.0 
0.2882732326031492 0.10023502158814038 0.0 0.0 0.0 0.0 0.0 0.26149174580871054 0.35 0.0 0.0 
0.345425026584301 0.0 0.0 0.0 0.0 0.0 0.0 0.30457497341569906 0.35 0.0 0.0 
0.28274211348871736 0.1036464288456071 0.0 0.0 0.0 0.0 0.0 0.2636114576656756 0.35 0.0 0.0 
0.2525549172506605 0.12633049324820547 0.0 0.0 0.0 0.0 0.0 0.2711145895011341 0.35 0.0 0.0 
0.2903723700368121 0.10096490928558514 0.0 0.0 0.0 0.0 0.0 0.2586627206776028 0.35 0.0 0.0 
0.3157983723222974 0.10776584217028684 0.0 0.0 0.0 0.0 0.0 0.22643578550741583 0.35 0.0 0.0 
0.3190519800625562 0.0 0.0 0.0 0.0 0.0 0.0 0.33094801993744377 0.35 0.0 0.0 
0.35 0.13875207265329437 0.0 0.0 0.0 0.0 0.0 0.16124792734670562 0.35 0.0 0.0 
0.34808176467363733 0.0 0.0 0.0 0.0 0.0 0.0 0.30191823532636275 0.35 0.0 0.0 
0.35 0.0 0.0 0.0 0.0 0.0 0.0 0.2999999999999998 0.35 0.0 0.0 
0.2706310901697643 0.10487203811533388 0.0 0.0 0.0 0.0 0.0 0.274496871714902 0.35 0.0 0.0 
0.3035487629327546 0.0 0.0 0.0 0.0 0.0 0.0 0.34645123706724534 0.35 0.0 0.0 
0.3481716229230183 0.0 0.0 0.0 0.10638714774892624 0.24754245119577448 0.0 0.10115277565019783 0.19674600248208318 0.0 0.0 
0.33975372275482374 0.0 0.0 0.0 0.0 0.323189572936896 0.0 0.1001319622093641 0.23692474209891629 0.0 0.0 
0.3145805921937436 0.0 0.0 0.0 0.0 0.0 0.0 0.33541940780625634 0.35 0.0 0.0 
0.3491053704182522 0.0 0.0 0.0 0.0 0.28839614505387373 0.0 0.10009578317499343 0.2624027013528807 0.0 0.0 
0.34797798063454416 0.1696055025152164 0.0 0.0 0.0 0.0 0.0 0.1324165168502395 0.35 0.0 0.0 
0.30205648060425894 0.10307643695544323 0.0 0.0 0.0 0.0 0.0 0.24486708244029792 0.35 0.0 0.0 
0.3157545192964835 0.0 0.0 0.0 0.0 0.0 0.0 0.3342454807035165 0.35 0.0 0.0 
0.35 0.1608293941942046 0.0 0.0 0.0 0.0 0.0 0.13917060580579518 0.35 0.0 0.0 
0.34237388037729943 0.0 0.0 0.0 0.0 0.2890273785571542 0.0 0.10073093460616382 0.26786780645938246 0.0 0.0 
0.3420412944056025 0.0 0.0 0.0 0.0 0.24685609191300242 0.0 0.10087231003223895 0.3102303036491562 0.0 0.0 
0.33559445352241124 0.0 0.0 0.0 0.0 0.0 0.0 0.3144055464775888 0.35 0.0 0.0 
0.3411139152118389 0.0 0.0 0.0 0.0 0.31924930914400923 0.0 0.10079608742939393 0.23884068821475793 0.0 0.0 
0.345681825431754 0.0 0.0 0.0 0.0 0.23478167636309094 0.0 0.10087467722247515 0.3186618209826799 0.0 0.0 
0.30214422019628717 0.0 0.0 0.0 0.0 0.0 0.0 0.35 0.3478557798037128 0.0 0.0 
0.17592160077279712 0.12407839922720298 0.0 0.0 0.0 0.0 0.0 0.35 0.35 0.0 0.0 
0.11036734220018315 0.18963265779981683 0.0 0.0 0.0 0.0 0.0 0.35 0.35 0.0 0.0 
0.31616761954027217 0.12417759156572537 0.0 0.0 0.0 0.0 0.0 0.20965478889400246 0.35 0.0 0.0 
0.32382039328725376 0.0 0.0 0.0 0.0 0.0 0.0 0.32617960671274626 0.35 0.0 0.0 
0.2715312863340618 0.10930732615549586 0.0 0.0 0.0 0.0 0.0 0.26916138751044233 0.35 0.0 0.0 
0.30974531499832486 0.0 0.0 0.0 0.10665908061977303 0.27785007300300457 0.0 0.10037507304163634 0.2053704583372612 0.0 0.0 
0.33559445352241124 0.0 0.0 0.0 0.0 0.0 0.0 0.3144055464775888 0.35 0.0 0.0 
0.2877226021566323 0.10652573151789956 0.0 0.0 0.0 0.0 0.0 0.25575166632546825 0.35 0.0 0.0 
0.35 0.0 0.0 0.0 0.0 0.1883186500041595 0.0 0.11168134999584059 0.35 0.0 0.0 
0.3184582594522106 0.0 0.0 0.0 0.0 0.0 0.0 0.3315417405477894 0.35 0.0 0.0 
0.35 0.0 0.0 0.0 0.0 0.3429114703516061 0.0 0.10082114897231871 0.20626738067607536 0.0 0.0 
0.26982848633182366 0.10170259914868976 0.0 0.0 0.0 0.0 0.0 0.2784689145194865 0.35 0.0 0.0 
0.3333333333333333 0.18172748058259064 0.0 0.0 0.0 0.0 0.0 0.13493918608407607 0.35 0.0 0.0 
0.30888945016038794 0.0 0.0 0.0 0.0 0.0 0.0 0.3411105498396119 0.35 0.0 0.0 
