-0.016723060783871913 0.0015954576182566178 
-0.016723060783871913 0.0015954576182566178 
-0.009743617966478267 5.627228457030533E-5 
-0.009743617966478267 5.627228457030533E-5 
-0.01672306078387191 0.0015954576182566165 
-0.01657933485606918 9.5987616410102E-4 
-0.016492348643243407 6.939417439792463E-4 
-0.016550062650333982 8.60389934010116E-4 
-0.016291883000463712 4.220030992684774E-4 
-0.01634377085222522 5.598276348544697E-4 
-0.01646223310370129 6.227369689957485E-4 
-0.01200415005122004 9.611318202407105E-5 
-0.011688507956018775 9.444862973249712E-5 
-0.01099807963671595 7.278529663859386E-5 
-0.015745195301120687 2.992104461890781E-4 
-0.016205008109507615 3.791391928812899E-4 
-0.01584568834446909 3.1907330090321056E-4 
-0.013476562965439507 1.516221861101306E-4 
-0.01623512691623203 4.205774287080627E-4 
-0.016008351666691987 3.663337964017825E-4 
-0.011615901676529379 8.635592254644192E-5 
-0.011457424846472084 8.5031374226048E-5 
-0.015066069729177053 2.3631138103647186E-4 
-0.015667552079433607 2.920516630188303E-4 
-0.010563114718468124 6.482698335424637E-5 
-0.009909571969605614 5.783614742028283E-5 
-0.013595544086306095 1.5756706027199888E-4 
-0.015591543525919417 2.7517227699569934E-4 
-0.01335989624357586 1.4598572197638645E-4 
-0.010432188884949997 6.303936897994976E-5 
-0.012775606126863851 1.220407468465252E-4 
-0.01483075960577265 2.2004287231589843E-4 
-0.012702823328267544 1.1962196939564266E-4 
-0.013276756752417684 1.422303309534132E-4 
-0.011097243191760229 7.414963695861187E-5 
-0.015447169143415521 2.5413049126659867E-4 
-0.010802082044247785 7.022123900707363E-5 
-0.01593514102284098 3.3567099755275334E-4 
-0.01645387304322591 6.048735996480419E-4 
-0.014591353740645643 2.0504399894360597E-4 
-0.012578850099268611 1.1499352847180316E-4 
-0.014745566725685456 2.1234721860171252E-4 
-0.012440930772578416 1.1028003238349241E-4 
-0.013838310393423746 1.7156796209246463E-4 
-0.013760664057671498 1.6459576823411648E-4 
-0.014932881395965544 2.219982990374995E-4 
-0.013680439131357821 1.6269968846028E-4 
-0.011310065123261544 8.055120169511734E-5 
-0.013048241723188997 1.3285557033447694E-4 
-0.013921833721660585 1.730867323186541E-4 
-0.01437644975634537 1.9681627427995866E-4 
-0.01467750012146611 2.0881630746205664E-4 
-0.016156887586761474 3.7227444003157625E-4 
-0.014316120227441363 1.9142344965139625E-4 
-0.012164607054517306 1.0113415413894234E-4 
-0.012058069850341996 9.772447519868028E-5 
-0.01643747014149602 5.722278105609526E-4 
-0.010043134277909399 5.958161922211598E-5 
-0.015330552853841151 2.4828468482424943E-4 
-0.010336303611173412 6.184785261760111E-5 
-0.016066462844473058 3.6845470877938094E-4 
-0.015216511709504818 2.4286442906657865E-4 
-0.012219019456193676 1.0298919121946184E-4 
-0.009774143639574306 5.761907443119674E-5 
-0.016573435493030732 9.390104680803529E-4 
-0.01137031763957794 8.242154818956547E-5 
-0.014005098526832382 1.7756676525811836E-4 
-0.015893733132389336 3.3070230363233666E-4 
-0.012525504389683695 1.1294258529414734E-4 
-0.012902447943601144 1.2689373435149638E-4 
-0.016557866360968287 8.859208912325885E-4 
-0.010196002709339284 6.056311414638727E-5 
-0.014102354563339019 1.828075684465281E-4 
-0.01656519303986139 9.105470312320353E-4 
-0.014192330471675911 1.8799492939251236E-4 
-0.012316797730300606 1.0600372455305505E-4 
-0.010265458839202083 6.104451339352891E-5 
-0.014473450841281486 1.9924196594714037E-4 
-0.01079627078101638 7.015651853150049E-5 
-0.014505483943087486 2.004241353637745E-4 
-0.015216511709504818 2.4286442906657865E-4 
-0.01672306078387191 0.0015954576182566165 
-0.01657933485606918 9.5987616410102E-4 
-0.015521767844742584 2.626093815112595E-4 
-0.015347959797106684 2.536337958630551E-4 
-0.013064836634024447 1.361542565689345E-4 
-0.010020032717619056 5.9465078087329504E-5 
-0.010673356003344054 6.672468275599064E-5 
-0.01421810417832355 1.9069447730709377E-4 
-0.012910635111298615 1.272133526703749E-4 
-0.016569327300452463 9.247232742659672E-4 
-0.016360372798873424 5.615029396520984E-4 
-0.013170030778558732 1.3770972901192566E-4 
-0.015539669098589169 2.654054458749451E-4 
-0.011203230996549424 7.614286889574027E-5 
-0.01655993127068712 8.927971015216463E-4 
-0.010671793667599025 6.671556180991531E-5 
-0.011203230996549424 7.614286889574027E-5 
-0.014996977044500936 2.2690053937823943E-4 
-0.01316877852001161 1.37656987565123E-4 
