0.0 0.30000000000000016 0.0 0.0 0.0 0.0 0.0 0.35 0.35 0.0 0.0 
0.0 0.30000000000000016 0.0 0.0 0.0 0.0 0.0 0.35 0.35 0.0 0.0 
0.0 0.0 0.18425339652814968 0.0 0.0 0.2657466034683374 0.0 0.100000000003513 0.35 0.1 0.0 
0.0 0.0 0.18425339652814968 0.0 0.0 0.2657466034683374 0.0 0.100000000003513 0.35 0.1 0.0 
0.0 0.29999999999999993 0.0 0.0 0.0 0.0 0.0 0.35 0.35 0.0 0.0 
0.0 0.20000000000000015 0.0 0.0 0.0 0.0 0.1 0.35 0.35 0.0 0.0 
0.0 0.1 0.0 0.0 0.0 0.0 0.20778772625212794 0.34221227374787205 0.35 0.0 0.0 
0.0 0.0 0.0 0.0 0.0 0.0 0.29999999999999993 0.35 0.35 0.0 0.0 
0.0 0.14617692648473052 0.0 0.0 0.0 0.0 0.15382307351526958 0.35 0.35 0.0 0.0 
0.0 0.16600328525041697 0.0 0.0 0.0 0.0 0.1339967147495831 0.35 0.35 0.0 0.0 
0.0 0.0 0.24283659108969316 0.0 0.0 0.10780508959892832 0.0 0.19808785196128975 0.35 0.10127046735008886 0.0 
0.0 0.0 0.10174771726378781 0.0 0.0 0.0 0.1 0.35 0.3478193361708068 0.10043294656540531 0.0 
0.0 0.12016283181040253 0.0 0.0 0.0 0.0 0.17983716818959755 0.35 0.35 0.0 0.0 
0.0 0.0 0.1709873062974981 0.0 0.0 0.0 0.12901269370250193 0.35 0.35 0.0 0.0 
0.0 0.0 0.17657379819404578 0.0 0.0 0.15488929237510968 0.0 0.21853690943084453 0.35 0.1 0.0 
0.0 0.0 0.14967451317145003 0.0 0.0 0.22195461772853659 0.0 0.17837086910001348 0.35 0.1 0.0 
0.0 0.0 0.1556974954987444 0.0 0.0 0.1212003039430948 0.0 0.27310220055816076 0.35 0.1 0.0 
0.0 0.13649715477511792 0.0 0.0 0.0 0.0 0.16350284522488218 0.35 0.35 0.0 0.0 
0.0 0.0 0.0 0.0 0.0 0.0 0.20000000000000004 0.35 0.35 0.1 0.0 
0.0 0.0 0.17770805269104192 0.0 0.0 0.2568194769593475 0.0 0.11547247034961057 0.35 0.1 0.0 
0.0 0.0 0.0 0.0 0.0 0.0 0.3048793888128783 0.3451206111871217 0.35 0.0 0.0 
0.0 0.0 0.20524454944828882 0.0 0.0 0.14349366191763743 0.0 0.3012617886340738 0.35 0.0 0.0 
0.0 0.0 0.1565262420319189 0.0 0.0 0.13832646269763343 0.0 0.25514729527044766 0.35 0.1 0.0 
0.0 0.0 0.18345461751701103 0.0 0.0 0.10030449798518826 0.0 0.2662408844978007 0.35 0.1 0.0 
0.0 0.0 0.1 0.0 0.0 0.0 0.19999999999999998 0.35 0.35 0.0 0.0 
0.0 0.0 0.2110388631671523 0.0 0.0 0.0 0.0 0.332020093736654 0.35 0.0 0.1069410430961938 
0.0 0.0 0.22504587952698135 0.0 0.0 0.1329860385010304 0.0 0.1919680819719883 0.35 0.1 0.0 
0.0 0.0 0.20464500089499107 0.0 0.0 0.14966259042419083 0.0 0.2956924086808182 0.35 0.0 0.0 
0.0 0.0 0.1700822029063517 0.0 0.0 0.24140862179612133 0.0 0.13850917529752704 0.35 0.1 0.0 
0.0 0.0 0.23325900930294582 0.0 0.0 0.15903656367845095 0.0 0.1577044270186033 0.35 0.1 0.0 
0.0 0.0 0.10774785932203439 0.0 0.0 0.0 0.19225214067796562 0.35 0.35 0.0 0.0 
0.0 0.0 0.20566534129679515 0.0 0.0 0.1361503923600075 0.0 0.3081842663431974 0.35 0.0 0.0 
0.0 0.0 0.0 0.0 0.0 0.0 0.10430615381418855 0.34822045609390795 0.35 0.0 0.1974733900919036 
0.0 0.0 0.1842533964976813 0.0 0.0 0.25813852483961647 0.0 0.1076080786627023 0.35 0.1 0.0 
0.0 0.0 0.203119386370832 0.0 0.0 0.0 0.0 0.3468806136291681 0.35 0.0 0.1 
0.0 0.0 0.21384598547697808 0.0 0.0 0.15488929237510968 0.0 0.18126472214791226 0.35 0.1 0.0 
0.0 0.0 0.1757553287183104 0.0 0.0 0.232506931857418 0.0 0.14173773942427162 0.35 0.1 0.0 
0.0 0.0 0.17364886798151438 0.0 0.0 0.2526702846132136 0.0 0.1236808474052721 0.35 0.1 0.0 
0.0 0.0 0.15918701184647355 0.0 0.0 0.13998249033273494 0.0 0.2508304978207916 0.35 0.1 0.0 
0.0 0.0 0.18345461751701103 0.0 0.0 0.10777932854208527 0.0 0.2587660539409038 0.35 0.1 0.0 
0.0 0.0 0.17653495833688276 0.0 0.0 0.15292170652374198 0.0 0.3205433351393753 0.35 0.0 0.0 
0.0 0.17537385761384644 0.0 0.0 0.0 0.0 0.12462614238615354 0.35 0.35 0.0 0.0 
0.0 0.0 0.17742433179149109 0.0 0.0 0.13671803962814713 0.0 0.33585762858036183 0.35 0.0 0.0 
0.0 0.0 0.22825781449503657 0.0 0.0 0.12589240743998562 0.0 0.1958497780649779 0.35 0.1 0.0 
0.0 0.0 0.17366408098697844 0.0 0.0 0.2448648923109284 0.0 0.1314710267020932 0.35 0.1 0.0 
0.0 0.0 0.1494372353617694 0.0 0.0 0.23910338066038453 0.0 0.16145938397784607 0.35 0.1 0.0 
0.0 0.0 0.21811810491804484 0.0 0.0 0.10761125974506215 0.0 0.32427063533689304 0.35 0.0 0.0 
0.0 0.1806903910007273 0.0 0.0 0.0 0.0 0.11930960899927272 0.35 0.35 0.0 0.0 
0.0 0.0 0.21134563845903248 0.0 0.0 0.0 0.0 0.3386543615409676 0.35 0.0 0.1 
0.0 0.0 0.22031956044130546 0.0 0.0 0.1642024214056631 0.0 0.16547801815303145 0.35 0.1 0.0 
0.0 0.10735836766262068 0.0 0.0 0.0 0.0 0.19264163233737938 0.35 0.35 0.0 0.0 
0.0 0.0 0.18332235345672038 0.0 0.0 0.12203810463825165 0.0 0.24463954190502804 0.35 0.1 0.0 
0.0 0.0 0.21890237360375037 0.0 0.0 0.0 0.0 0.35 0.3310976263962497 0.0 0.1 
0.0 0.0 0.21121592700831393 0.0 0.0 0.10948395688367228 0.0 0.3293001161080138 0.35 0.0 0.0 
0.0 0.0 0.20000000000000004 0.0 0.0 0.0 0.1 0.35 0.35 0.0 0.0 
0.0 0.0 0.16583854441482004 0.0 0.0 0.1212003039430948 0.0 0.26296115164208517 0.35 0.1 0.0 
0.0 0.19344877625227846 0.0 0.0 0.0 0.0 0.10655122374772161 0.35 0.35 0.0 0.0 
0.0 0.17025093226985305 0.0 0.0 0.0 0.0 0.12974906773014694 0.35 0.35 0.0 0.0 
0.0 0.0 0.1840123393078138 0.0 0.0 0.12480206986539985 0.0 0.24118559082678637 0.35 0.1 0.0 
0.0 0.18656967913036476 0.0 0.0 0.0 0.0 0.11343032086963527 0.35 0.35 0.0 0.0 
0.0 0.1 0.0 0.0 0.0 0.0 0.20250798528927486 0.34749201471072516 0.35 0.0 0.0 
0.0 0.11464427162412832 0.0 0.0 0.0 0.0 0.18535572837587166 0.35 0.35 0.0 0.0 
0.0 0.0 0.17574287662886345 0.0 0.0 0.15131579024268516 0.0 0.22294133312845146 0.35 0.1 0.0 
0.0 0.0 0.17925483643322612 0.0 0.0 0.13835674826995498 0.0 0.23238841529681897 0.35 0.1 0.0 
0.0 0.0 0.17358635983498563 0.0 0.0 0.13835674826995498 0.0 0.23805689189505944 0.35 0.1 0.0 
0.12405001935748926 0.0 0.0 0.0 0.0 0.0 0.17594998064251077 0.35 0.35 0.0 0.0 
0.0 0.0 0.24030847916467232 0.0 0.0 0.12529537685343428 0.0 0.1843961439818934 0.35 0.1 0.0 
0.0 0.0 0.24042975493209573 0.0 0.0 0.1 0.0 0.3095702450679043 0.35 0.0 0.0 
0.0 0.0 0.1757553287183104 0.0 0.0 0.2265682684809176 0.0 0.147676402800772 0.35 0.1 0.0 
0.0 0.0 0.17258567687413753 0.0 0.0 0.14959450978544037 0.0 0.22781981334042212 0.35 0.1 0.0 
0.0 0.0 0.18071955995412514 0.0 0.0 0.26800962862442956 0.0 0.1012708114214453 0.35 0.1 0.0 
0.0 0.1382709493326479 0.0 0.0 0.0 0.0 0.16172905066735216 0.35 0.35 0.0 0.0 
0.0 0.0 0.180252091929258 0.0 0.0 0.2584517279492474 0.0 0.11129618012149453 0.35 0.1 0.0 
0.0 0.0 0.1757553287183104 0.0 0.0 0.22505816744292167 0.0 0.14918650383876797 0.35 0.1 0.0 
0.0 0.0 0.21752347188123639 0.0 0.0 0.1642024214056631 0.0 0.16827410671310056 0.35 0.1 0.0 
0.0 0.0 0.20270570600928406 0.0 0.0 0.0 0.0 0.3472559105055659 0.35 0.10003838348515001 0.0 
0.0 0.0 0.18180953033633157 0.0 0.0 0.11993669246824681 0.0 0.34825377719542155 0.35 0.0 0.0 
0.0 0.19516828870842487 0.0 0.0 0.0 0.0 0.10483171129157513 0.35 0.35 0.0 0.0 
0.0 0.0 0.20612985164187336 0.0 0.0 0.12684871623443633 0.0 0.31702143212369027 0.35 0.0 0.0 
0.0 0.0 0.2018532487991317 0.0 0.0 0.0 0.1 0.3481467512008684 0.35 0.0 0.0 
0.0 0.0 0.20819377256674454 0.0 0.0 0.14375951999566683 0.0 0.29804670743758865 0.35 0.0 0.0 
0.0 0.29999999999999993 0.0 0.0 0.0 0.0 0.0 0.35 0.35 0.0 0.0 
0.0 0.20000000000000015 0.0 0.0 0.0 0.0 0.1 0.35 0.35 0.0 0.0 
0.0 0.0 0.17648026773789943 0.0 0.0 0.24482306619251487 0.0 0.12869666606958574 0.35 0.1 0.0 
0.0 0.0 0.21384598547697808 0.0 0.0 0.15488929237510968 0.0 0.18126472214791226 0.35 0.1 0.0 
0.0 0.0 0.17699576521686589 0.0 0.0 0.13832801276332318 0.0 0.23467622201981098 0.35 0.1 0.0 
0.0 0.1 0.0 0.0 0.0 0.0 0.2 0.35 0.35 0.0 0.0 
0.0 0.0 0.15262687440442518 0.0 0.0 0.2411881390199772 0.0 0.15618498657559768 0.35 0.1 0.0 
0.0 0.18507083716499995 0.0 0.0 0.0 0.0 0.1149291628350001 0.35 0.35 0.0 0.0 
0.0 0.0 0.18365236599338802 0.0 0.0 0.12248945660362973 0.0 0.34385817740298236 0.35 0.0 0.0 
0.0 0.0 0.22201597022648306 0.0 0.0 0.11904206294005287 0.0 0.3089419668334641 0.35 0.0 0.0 
0.0 0.0 0.15262687440442518 0.0 0.0 0.2411881390199772 0.0 0.15618498657559768 0.35 0.1 0.0 
0.0 0.0 0.17480886941779453 0.0 0.0 0.24974873365723843 0.0 0.12544239692496711 0.35 0.1 0.0 
0.19536394887641484 0.0 0.0 0.0 0.0 0.0 0.10463605112358514 0.35 0.35 0.0 0.0 
0.0 0.0 0.24030847916467232 0.0 0.0 0.12529537685343428 0.0 0.1843961439818934 0.35 0.1 0.0 
0.0 0.0 0.17256068045562795 0.0 0.0 0.15131579024268516 0.0 0.2261235293016869 0.35 0.1 0.0 
0.0 0.0 0.1712037713916894 0.0 0.0 0.15004167917366468 0.0 0.3287545494346459 0.35 0.0 0.0 
0.0 0.0 0.21137728211763945 0.0 0.0 0.1 0.0 0.33862271788236054 0.35 0.0 0.0 
0.0 0.0 0.20000000000000007 0.0 0.0 0.1 0.0 0.35 0.35 0.0 0.0 
0.0 0.0 0.20621642412956134 0.0 0.0 0.1 0.0 0.3437835758704386 0.35 0.0 0.0 
