-0.01066835838195402 0.008605547393948892 
-8.901751948096675E-4 7.11439462880184E-5 
-0.01066835838195402 0.008605547393948892 
-0.001100758320552755 7.486993070532442E-5 
-0.0029560909281697023 7.629117951792774E-5 
-0.010659354561806202 0.0085746858333788 
-0.010655199866651522 0.007717511380175279 
-0.010628928771591741 0.006207838657328669 
-0.010639404108331094 0.00691041784743289 
-0.005255865958733768 1.5575675269052135E-4 
-0.004569698034980373 1.5495046991407228E-4 
-0.00977959309247364 0.004156127991778656 
-0.010500074566619218 0.005773228895117473 
-0.007671368519105375 6.579751822331884E-4 
-0.007417198730138482 5.148288518601492E-4 
-0.010560971662509166 0.00597650756729462 
-0.010153041501692594 0.004687326608615636 
-0.00952419841321485 0.0034935971928905284 
-0.0032087255409776767 8.347301568261466E-5 
-0.0065924878017344125 2.83050406674386E-4 
-0.006135983493987014 2.4018303119412225E-4 
-0.007577105968727231 5.992057830887635E-4 
-0.008836147423598738 0.0019880446753091628 
-0.010218405813152656 0.004887944227271026 
-0.008569158701466718 0.0015534271714708872 
-0.0035456480551213842 9.841620770785101E-5 
-0.009447100899046598 0.003324898629522468 
-0.00873959476067467 0.0018391662736878893 
-0.00866331209863724 0.001682538322368588 
-0.004307296553988567 1.2873771946519285E-4 
-0.005990373050321491 2.1856753630592125E-4 
-0.00548556113740601 1.8908348455330088E-4 
-0.006377157081715568 2.5447320773432043E-4 
-0.010078102965437175 0.004469034756830477 
-0.008016108906069727 9.299535166383342E-4 
-0.009308727040896907 0.002965798000682952 
-0.009688531768653945 0.0039572196470145276 
-0.00926160889145326 0.00285728358133493 
-0.007852528099416271 7.897287022686056E-4 
-0.005798202973628744 2.0993141127211904E-4 
-0.0037504549943430453 1.0666708690246697E-4 
-0.010652496346189262 0.007545957672984602 
-0.007852528099416273 7.897287022686068E-4 
-0.009647548354348601 0.0037964931291216415 
-0.01036173190892555 0.0053255511684669465 
-0.010425766054034271 0.005530328607885052 
-0.008965944289931454 0.0022264813953853527 
-0.004121484798664459 1.2486718436774288E-4 
-0.00917443008649279 0.0026855635954185055 
-0.008117405689646442 0.0010269005914725288 
-0.010320160350135726 0.005194856670799312 
-0.010388418866926805 0.005410383936551065 
-0.010650295871578574 0.00740906801195627 
-0.0044822680745425355 1.4096324315821584E-4 
-0.008414260481886229 0.0013555584769850584 
-0.00920719537390291 0.002763370713169737 
-0.004009367682199567 1.1589342841864623E-4 
-0.0070170634584233995 3.741280993095632E-4 
-0.007233240305804191 4.852873805850791E-4 
-0.0038558316775978074 1.1422757347243756E-4 
-0.005344945058323794 1.6932310636946947E-4 
-0.010019244656793005 0.004301617781777529 
-0.0029560909281697027 7.629117951792784E-5 
-0.00685157160765634 3.067874175778602E-4 
-0.008169814409686997 0.001080095200221552 
-0.00711016540167753 4.1878044841552487E-4 
-0.00870309037312874 0.0017681183672028833 
-0.008902101035396608 0.0021382097518781776 
-0.00912870942914536 0.002564023056627846 
-0.010033400286708693 0.004341557998579482 
-0.009592662908614404 0.0036618466895282802 
-0.006455959213606926 2.7829993540968425E-4 
-0.006851571607656341 3.067874175778604E-4 
-0.00887875523663971 0.0020801228511183587 
-0.010645481718041066 0.007118167279407884 
-0.009353791921287342 0.0030749032291066923 
-0.008988853615293984 0.0023355391891950543 
-0.005690192766805952 1.910978701820365E-4 
-0.009041817791043866 0.0025087369737008154 
-0.009558410804113071 0.003611466433799542 
-0.008492893742601391 0.0014537450596440655 
-0.0106483911210884 0.007292562675030389 
-0.0010164713618384508 7.372361290254451E-5 
-0.010457549201710804 0.005633529265018422 
-0.008025343818951383 9.384714237428001E-4 
-0.009970151068991979 0.004164690478554769 
-0.009431002003098106 0.003238634598648492 
-0.009651373407204178 0.0038926872596553013 
-0.010647242469485316 0.007223196131722945 
-0.009353791921287342 0.0030749032291066923 
-0.008329246724649693 0.0012546486833195194 
-0.009970151068991975 0.004164690478554765 
-0.010245371411173359 0.0049641898175815085 
-0.010654795477492247 0.007691614268020304 
-0.00849942304577064 0.0014744565768559995 
-0.010643857360520776 0.007022671992229878 
-0.00823525950954985 0.0011494288888272812 
-0.0033781723610245284 8.619491181104676E-5 
-0.009431002003098106 0.003238634598648492 
-0.008256971048492628 0.0011731437338111542 
