-0.01066835838195402 0.008605547393948894 
-0.0031505762340820575 8.036471072226684E-5 
-0.01066835838195402 0.008605547393948894 
-0.010655122126888704 0.007712526465252131 
-0.010642079028292626 0.006919662696111639 
-0.005256901703038953 1.5643746116439486E-4 
-0.010659880889919848 0.008576488197693315 
-0.010628928771591741 0.006207838657328669 
-0.00449266217234184 1.4576970016270689E-4 
-0.009470416910476356 0.0033714892852946647 
-0.00676504315293096 3.03412333147849E-4 
-0.004014747205909204 1.1168538094406813E-4 
-0.0034416021758647613 9.40918644998226E-5 
-0.008210226708329589 0.0011225273884489296 
-0.010506971873989811 0.005796061787164537 
-0.010026685942893137 0.004322587832664572 
-0.009161066552280366 0.0026580278922640204 
-0.008492072915414099 0.0014526960471647724 
-0.0037220487270198674 1.0032095439531342E-4 
-0.004169594256967411 1.3329313233683505E-4 
-0.00832175953798962 0.0012460225764906131 
-0.01027183267846218 0.005045147571132502 
-0.00811362329793023 0.001033940715526061 
-0.010219946916696974 0.004887079805104267 
-0.010180971553832711 0.004770157099877395 
-0.01057004300818859 0.006007113473485825 
-0.004346544366203904 1.333479709036323E-4 
-0.009103508921650023 0.0025227741625223512 
-0.0063628558242884185 2.5835328625200914E-4 
-0.00960093717560545 0.0036865913003235763 
-0.006509098109168558 2.9198067254928385E-4 
-0.006898867719320078 3.2446129990166243E-4 
-0.00858738294269361 0.0015778962299173012 
-0.003782497218113654 1.0787442826992833E-4 
-0.009764138673948191 0.004159445864182998 
-0.01034377511060541 0.005268880574576477 
-0.005957467888848095 2.1527363561270763E-4 
-0.010128114523280107 0.004614077086898399 
-0.010646276031653593 0.007165352973457569 
-0.009297281649815373 0.0029642972658665634 
-0.009731121025171898 0.004093417619093312 
-0.009695737927286625 0.003929867386323747 
-0.0033249131116292042 9.043337902950829E-5 
-0.010077011949876907 0.004465899179700068 
-0.00875113593181408 0.0018516151230590235 
-0.0075799746158350285 6.440818460821487E-4 
-0.007080979334931976 4.755306586030966E-4 
-0.008923776702550158 0.0021654032548448533 
-0.010394972548744963 0.005431328440144819 
-0.008837951790831695 0.0020134908772638724 
-0.010451771762731371 0.005614692814676484 
-0.007411552306880775 5.1220179567765E-4 
-0.006085449605807107 2.309737239304659E-4 
-0.009057621687764677 0.0024210859132981193 
-0.01059082853978886 0.006077559893917479 
-0.008031355293176851 9.440507089739328E-4 
-0.008810246240717329 0.0020096656700700575 
-0.007010562580635607 3.7119225624915515E-4 
-0.009219889614619215 0.002799161114676081 
-0.007748185011722791 7.298907303396431E-4 
-0.009245896967864733 0.0028211157069299407 
-0.00896669689249441 0.00227451056191918 
-0.009327716972985334 0.0030379927565349343 
-0.008989120267979652 0.0023809332878000785 
-0.010409868053206563 0.005479095719607623 
-0.010649313063634258 0.007348723592519277 
-0.01047434780227567 0.005688492787416346 
-0.010651407954853618 0.007477942110015191 
-0.009970151068991975 0.004164690478554762 
-0.010653148354321976 0.007586991289304022 
-0.007861078463631477 7.965586086256693E-4 
-0.007238503379701771 4.883213082899345E-4 
-0.009420120536248319 0.0032982859722857968 
-0.00960093717560545 0.0036865913003235763 
-0.006194381406907198 2.494761359178605E-4 
-0.009375060823266598 0.003150895847858539 
-0.009970151068991982 0.004164690478554776 
-0.0072655759267117 5.041735164526446E-4 
-0.005312188668402531 1.6527809334107737E-4 
-0.0074624223739161106 6.318269748334045E-4 
-0.005808615159852832 2.0598194296558335E-4 
-0.005784239825408452 2.0241115200831956E-4 
-0.003181982431834516 8.409869238748467E-5 
-0.009631650739640755 0.0037697820248770975 
-0.010101719025473719 0.004537206172750393 
-0.00552321111674571 1.809058318040006E-4 
-0.006489796789459908 2.6848074840149906E-4 
-0.008677546347177722 0.0017499249534590222 
-0.007824822209816052 7.717830843269325E-4 
-0.008632482779603457 0.001639526686793442 
-0.00543805345004098 1.693996712963141E-4 
-0.010647439881432548 0.007235070016349963 
-0.010311444112152483 0.00516767871069275 
-0.008708337249493023 0.0018312695636254527 
-0.007064758111122893 3.9639398409330943E-4 
-0.007948523773552249 8.695727063705863E-4 
-0.004490244873863547 1.449532026165186E-4 
-0.007459832074413018 5.622688252268063E-4 
-0.005640780898879094 1.8775960096671114E-4 
-0.008421660567405712 0.001364600013403927 
