0.0 0.3000000000000001 0.0 0.0 0.0 0.0 0.0 0.3499999999999999 0.35 0.0 0.0 
0.3182667939558858 0.0 0.0 0.0 0.2354715594813234 0.3448892773878246 0.0 0.10137236917496606 0.0 0.0 0.0 
0.0 0.3000000000000001 0.0 0.0 0.0 0.0 0.0 0.3499999999999999 0.35 0.0 0.0 
0.3174454258962102 0.0 0.0 0.0 0.16366433034295258 0.29879974567850953 0.0 0.10036331186775048 0.11972718621457709 0.0 0.0 
0.33587843318619326 0.0 0.0 0.0 0.21326727735880927 0.34772488297934906 0.0 0.10312940647564857 0.0 0.0 0.0 
0.0 0.30093579926937586 0.0 0.0 0.0 0.0 0.0 0.349064200730624 0.3499999999999999 0.0 0.0 
0.19991475256483554 0.10008524743516463 0.0 0.0 0.0 0.0 0.0 0.34999999999999987 0.34999999999999987 0.0 0.0 
0.10064704179384701 0.19935295820615323 0.0 0.0 0.0 0.0 0.0 0.35 0.35 0.0 0.0 
0.30000000000000016 0.0 0.0 0.0 0.0 0.0 0.0 0.3499999999999999 0.3499999999999999 0.0 0.0 
0.35 0.0 0.0 0.0 0.0 0.35 0.0 0.1006014715347885 0.19939852846521156 0.0 0.0 
0.3312309121361883 0.0 0.0 0.0 0.10238216965245667 0.2451677925439971 0.0 0.10192415465925823 0.21929497100809972 0.0 0.0 
0.3230525419182179 0.0 0.0 0.0 0.0 0.0 0.0 0.3269474580817822 0.35 0.0 0.0 
0.33278998978847046 0.0 0.0 0.0 0.1313824531143311 0.27585090241640464 0.0 0.10088016768885111 0.15909648699194284 0.0 0.0 
0.3309475415226538 0.0 0.0 0.0 0.0 0.0 0.0 0.3190524584773462 0.35 0.0 0.0 
0.35 0.0 0.0 0.0 0.0 0.18203638065203875 0.0 0.11796361934796122 0.35 0.0 0.0 
0.33296440145319345 0.0 0.0 0.0 0.10068879649949876 0.2987731790175323 0.0 0.10125288113110746 0.16632074189866802 0.0 0.0 
0.3396221978062587 0.0 0.0 0.0 0.0 0.0 0.0 0.31037780219374134 0.35 0.0 0.0 
0.27500700500043257 0.1029030399623217 0.0 0.0 0.0 0.0 0.0 0.27208995503724565 0.35 0.0 0.0 
0.3340373864504514 0.10213987411535563 0.0 0.0 0.0 0.0 0.0 0.219618312297862 0.344204427136331 0.0 0.0 
0.29008938218930647 0.11519326473023592 0.0 0.0 0.0 0.0 0.0 0.24830638287540502 0.3464109702050526 0.0 0.0 
0.304523552592475 0.0 0.0 0.0 0.0 0.0 0.0 0.34547644740752503 0.35 0.0 0.0 
0.2608629015031013 0.10564374742229905 0.0 0.0 0.0 0.0 0.0 0.2834933510745998 0.35 0.0 0.0 
0.12004535679094536 0.17995464320905472 0.0 0.0 0.0 0.0 0.0 0.35 0.35 0.0 0.0 
0.2828491363130545 0.10111839109944903 0.0 0.0 0.0 0.0 0.0 0.2690421625181907 0.34699031006930575 0.0 0.0 
0.34921587828071393 0.18667414797669185 0.0 0.0 0.0 0.0 0.0 0.1148940954618804 0.34921587828071393 0.0 0.0 
0.3402258016145834 0.0 0.0 0.0 0.0 0.20048378603397007 0.0 0.10929041235144676 0.35 0.0 0.0 
0.32486635690545923 0.1220306539972022 0.0 0.0 0.0 0.0 0.0 0.20310298909733854 0.35 0.0 0.0 
0.26233626867258203 0.1077553905369224 0.0 0.0 0.0 0.0 0.0 0.2799083407904956 0.35 0.0 0.0 
0.3307194514217169 0.10511063609985549 0.0 0.0 0.0 0.0 0.0 0.2261477153163855 0.3380221971620421 0.0 0.0 
0.3274886067686292 0.0 0.0 0.0 0.13213354047584214 0.23167649108027458 0.0 0.1001786019765309 0.2085227596987231 0.0 0.0 
0.35 0.12371784038956225 0.0 0.0 0.0 0.0 0.0 0.17628215961043792 0.35 0.0 0.0 
0.33591108365597716 0.10389498254260324 0.0 0.0 0.0 0.0 0.0 0.21239548598990132 0.3477984478115182 0.0 0.0 
0.2869259927901627 0.11177823627708261 0.0 0.0 0.0 0.0 0.0 0.25129577093275474 0.35 0.0 0.0 
0.3481901235185472 0.0 0.0 0.0 0.0 0.0 0.0 0.30180987648145274 0.35 0.0 0.0 
0.35 0.19735329417987824 0.0 0.0 0.0 0.0 0.0 0.10264670582012175 0.35 0.0 0.0 
0.3313866296868808 0.0 0.0 0.0 0.0 0.27145820508799184 0.0 0.10219208463069433 0.29496308059443305 0.0 0.0 
0.31731681274106427 0.0 0.0 0.0 0.0 0.0 0.0 0.33268318725893564 0.35 0.0 0.0 
0.35 0.0 0.0 0.0 0.0 0.23969536468201413 0.0 0.10137207062079265 0.30893256469719316 0.0 0.0 
0.33423929519432644 0.0 0.0 0.0 0.0 0.0 0.0 0.3157607048056735 0.35 0.0 0.0 
0.3197630000048096 0.0 0.0 0.0 0.0 0.0 0.0 0.3302369999951904 0.35 0.0 0.0 
0.3317018097212856 0.0 0.0 0.0 0.0 0.22609959617739367 0.0 0.1011128884209685 0.3410857056803523 0.0 0.0 
0.35 0.0 0.0 0.0 0.0 0.2267573411008243 0.0 0.10151934162516547 0.3217233172740102 0.0 0.0 
0.28643509120732785 0.10002078254059138 0.0 0.0 0.0 0.0 0.0 0.2650978740280506 0.3484462522240301 0.0 0.0 
0.2835648271282586 0.1055146145176763 0.0 0.0 0.0 0.0 0.0 0.2609205583540651 0.35 0.0 0.0 
0.3499999999999999 0.0 0.0 0.0 0.0 0.29809656415676344 0.0 0.10253962480731484 0.24936381103592176 0.0 0.0 
0.31403878201128427 0.0 0.0 0.0 0.0 0.0 0.0 0.3359612179887157 0.35 0.0 0.0 
0.3499427376217146 0.0 0.0 0.0 0.0 0.19856208554476254 0.0 0.101495176833523 0.35 0.0 0.0 
0.3128065237240635 0.10049304908609198 0.0 0.0 0.0 0.0 0.0 0.23670042718984458 0.35 0.0 0.0 
0.35 0.14246590552671543 0.0 0.0 0.0 0.0 0.0 0.15753409447328473 0.35 0.0 0.0 
0.34337295910287075 0.0 0.0 0.0 0.0 0.0 0.0 0.3066270408971294 0.35 0.0 0.0 
0.3022602266633822 0.10515598332710097 0.0 0.0 0.0 0.0 0.0 0.2425837900095168 0.35 0.0 0.0 
0.33797583704930784 0.0 0.0 0.0 0.0 0.28956439372014675 0.0 0.10035796836310086 0.2721018008674446 0.0 0.0 
0.1456261847980087 0.15437381520199134 0.0 0.0 0.0 0.0 0.0 0.35 0.35 0.0 0.0 
0.3323698834189695 0.0 0.0 0.0 0.13189882781704768 0.3023845652074021 0.0 0.10004907362511047 0.13329764993147028 0.0 0.0 
0.35 0.0 0.0 0.0 0.0 0.30839815943565824 0.0 0.10083788477187876 0.24076395579246299 0.0 0.0 
0.35 0.16788227081758225 0.0 0.0 0.0 0.0 0.0 0.13211772918241765 0.35 0.0 0.0 
0.312253024792828 0.0 0.0 0.0 0.0 0.0 0.0 0.33794495839186467 0.34980201681530737 0.0 0.0 
0.3486631186106985 0.11627745379449002 0.0 0.0 0.0 0.0 0.0 0.18505942759481153 0.35 0.0 0.0 
0.30264569627139776 0.0 0.0 0.0 0.0 0.0 0.0 0.35 0.3473543037286023 0.0 0.0 
0.17983968574078735 0.12016031425921272 0.0 0.0 0.0 0.0 0.0 0.35 0.35 0.0 0.0 
0.35 0.13542146658855772 0.0 0.0 0.0 0.0 0.0 0.16457853341144235 0.35 0.0 0.0 
0.30517753851333623 0.10271976055427628 0.0 0.0 0.0 0.0 0.0 0.2436746280011137 0.34842807293127387 0.0 0.0 
0.3439111428230465 0.0 0.0 0.0 0.0 0.328450281778869 0.0 0.10289548312315694 0.22474309227492767 0.0 0.0 
0.33244947576615624 0.10964936017404729 0.0 0.0 0.0 0.0 0.0 0.20790116405979653 0.35 0.0 0.0 
0.3497273092270665 0.16254750995243236 0.0 0.0 0.0 0.0 0.0 0.13772518082050103 0.35 0.0 0.0 
0.35 0.13542146658855772 0.0 0.0 0.0 0.0 0.0 0.16457853341144235 0.35 0.0 0.0 
0.331272672383739 0.0 0.0 0.0 0.21483824848219332 0.35 0.0 0.10388907913406771 0.0 0.0 0.0 
0.35 0.11934523754350836 0.0 0.0 0.0 0.0 0.0 0.18065476245649165 0.35 0.0 0.0 
0.34765297275038165 0.17856215320426108 0.0 0.0 0.0 0.0 0.0 0.12613190129497556 0.34765297275038165 0.0 0.0 
0.27495045409890306 0.1209566705587519 0.0 0.0 0.0 0.0 0.0 0.2540928753423451 0.35 0.0 0.0 
0.3093413641739818 0.0 0.0 0.0 0.0 0.0 0.0 0.3406586358260183 0.35 0.0 0.0 
0.2883064342963698 0.1047809239713397 0.0 0.0 0.0 0.0 0.0 0.25743311118895745 0.3494795305433329 0.0 0.0 
0.35 0.19735329417987835 0.0 0.0 0.0 0.0 0.0 0.10264670582012181 0.35 0.0 0.0 
0.35 0.17873844104065956 0.0 0.0 0.0 0.0 0.0 0.12126155895934042 0.35 0.0 0.0 
0.31826679395588586 0.0 0.0 0.0 0.23547155948132345 0.34488927738782466 0.0 0.10137236917496609 0.0 0.0 0.0 
0.33379269327961125 0.0 0.0 0.0 0.14470256369052528 0.2995708876431066 0.0 0.10008543164865542 0.12184842373810152 0.0 0.0 
0.35 0.0 0.0 0.0 0.0 0.0 0.0 0.29999999999999977 0.35 0.0 0.0 
0.2722808414787322 0.10175710437286088 0.0 0.0 0.0 0.0 0.0 0.2774324614696327 0.3485295926787743 0.0 0.0 
0.31313097270416557 0.10599974728700297 0.0 0.0 0.0 0.0 0.0 0.2308692800088315 0.35 0.0 0.0 
0.35 0.1573288244638273 0.0 0.0 0.0 0.0 0.0 0.1426711755361727 0.35 0.0 0.0 
0.3443913247272762 0.11411466463743432 0.0 0.0 0.0 0.0 0.0 0.191583287055971 0.3499107235793185 0.0 0.0 
0.3177315802709661 0.0 0.0 0.0 0.14911183824711127 0.3013362597153777 0.0 0.10114745199813865 0.13067286976840622 0.0 0.0 
0.34804823519996647 0.11240196797426916 0.0 0.0 0.0 0.0 0.0 0.1895497968257644 0.35 0.0 0.0 
0.3075057620186612 0.0 0.0 0.0 0.0 0.0 0.0 0.3424942379813388 0.35 0.0 0.0 
0.35 0.10118201110419565 0.0 0.0 0.0 0.0 0.0 0.1988179888958045 0.35 0.0 0.0 
0.3428646717446133 0.1112740557126054 0.0 0.0 0.0 0.0 0.0 0.1958612725427814 0.35 0.0 0.0 
0.3367571487441466 0.0 0.0 0.0 0.0 0.35 0.0 0.1008429310035127 0.21239992025234092 0.0 0.0 
0.31917018647424983 0.0 0.0 0.0 0.16226768471881958 0.29861080270654317 0.0 0.10029984815101396 0.11965147794937363 0.0 0.0 
0.3426197593751228 0.0 0.0 0.0 0.0 0.0 0.0 0.3073802406248773 0.35 0.0 0.0 
0.27228084147873216 0.10175710437286087 0.0 0.0 0.0 0.0 0.0 0.2774324614696327 0.34852959267877426 0.0 0.0 
0.3157185823849055 0.1077306557994161 0.0 0.0 0.0 0.0 0.0 0.22655076181567846 0.35 0.0 0.0 
0.3294522598851564 0.0 0.0 0.0 0.0 0.35 0.0 0.10337531172574506 0.21717242838909873 0.0 0.0 
0.3323698834189695 0.0 0.0 0.0 0.13189882781704768 0.3023845652074021 0.0 0.10004907362511047 0.13329764993147028 0.0 0.0 
0.32020235297529903 0.10335464389316082 0.0 0.0 0.0 0.0 0.0 0.22644300313154012 0.35 0.0 0.0 
0.3335423227896282 0.0 0.0 0.0 0.0 0.0 0.0 0.3164576772103719 0.35 0.0 0.0 
0.32825007639297593 0.0 0.0 0.0 0.10146080507087378 0.2519607298625637 0.0 0.10100691187734026 0.2173214767962464 0.0 0.0 
0.34610064381149885 0.15737385799454806 0.0 0.0 0.0 0.0 0.0 0.1465254981939531 0.35 0.0 0.0 
0.35 0.0 0.0 0.0 0.0 0.27419915509777537 0.0 0.10624856047411045 0.2695522844281143 0.0 0.0 
0.33250018185801933 0.0 0.0 0.0 0.1141354662670794 0.2433998875207942 0.0 0.10044597800693414 0.20951848634717302 0.0 0.0 
0.10246712267546952 0.1975328773245305 0.0 0.0 0.0 0.0 0.0 0.35 0.35 0.0 0.0 
