0.0 0.29999999999999993 0.0 0.0 0.0 0.0 0.0 0.35 0.35 0.0 0.0 
0.31571405206146386 0.0 0.0 0.0 0.12761507941983455 0.3370928340433061 0.0 0.10042088227694987 0.1191571521984457 0.0 0.0 
0.0 0.30000000000000004 0.0 0.0 0.0 0.0 0.0 0.35 0.35 0.0 0.0 
0.10019108674707716 0.19980891325292297 0.0 0.0 0.0 0.0 0.0 0.35 0.35 0.0 0.0 
0.0 0.3008968033340999 0.0 0.0 0.0 0.0 0.0 0.34910319666590006 0.34999999999999987 0.0 0.0 
0.19988741030832638 0.1003203231696631 0.0 0.0 0.0 0.0 0.0 0.3497922665220105 0.35 0.0 0.0 
0.3000000000000002 0.0 0.0 0.0 0.0 0.0 0.0 0.3499999999999999 0.3499999999999999 0.0 0.0 
0.34978104368434276 0.0 0.0 0.0 0.0 0.35 0.0 0.1011231013508765 0.19909585496478066 0.0 0.0 
0.32602543168335696 0.0 0.0 0.0 0.10393227411650995 0.2371600503325872 0.0 0.10008175477142109 0.23280048909612483 0.0 0.0 
0.35 0.11555018623141904 0.0 0.0 0.0 0.0 0.0 0.1844498137685809 0.35 0.0 0.0 
0.30815284477345695 0.0 0.0 0.0 0.11463478719832867 0.2711640893135951 0.0 0.10128363228026116 0.20476464643435818 0.0 0.0 
0.31854105788105513 0.0 0.0 0.0 0.10473366911161677 0.2534479201680285 0.0 0.10071222845130272 0.22256512438799686 0.0 0.0 
0.35 0.10531262313142443 0.0 0.0 0.0 0.0 0.0 0.19468737686857554 0.35 0.0 0.0 
0.2903219679702363 0.10961701206639228 0.0 0.0 0.0 0.0 0.0 0.2500610199633716 0.35 0.0 0.0 
0.33792990841979126 0.0 0.0 0.0 0.0 0.0 0.0 0.3144731174411519 0.347596974139057 0.0 0.0 
0.3150898907161918 0.0 0.0 0.0 0.11367558157615251 0.3287348768320863 0.0 0.10014018108706259 0.14235946978850686 0.0 0.0 
0.3348445823822733 0.0 0.0 0.0 0.0 0.251897882824334 0.0 0.10052845276777683 0.3127290820256158 0.0 0.0 
0.34894074395646696 0.0 0.0 0.0 0.0 0.2920020698215827 0.0 0.10124732510347889 0.25780986111847143 0.0 0.0 
0.3333534226063603 0.0 0.0 0.0 0.0 0.32274823513429224 0.0 0.10257550608610333 0.24132283617324413 0.0 0.0 
0.3325996866169596 0.0 0.0 0.0 0.0 0.0 0.0 0.3190082383026978 0.34839207508034264 0.0 0.0 
0.31991287805941404 0.0 0.0 0.0 0.11601283219379542 0.34157598626938496 0.0 0.10175642565390244 0.12074187782350321 0.0 0.0 
0.34150091973519286 0.0 0.0 0.0 0.0 0.2656074337124016 0.0 0.10026160672393115 0.2926300398284744 0.0 0.0 
0.2814014572345573 0.10624889032284048 0.0 0.0 0.0 0.0 0.0 0.2624374927205119 0.3499121597220904 0.0 0.0 
0.2653915634389449 0.10293067611189408 0.0 0.0 0.0 0.0 0.0 0.28167776044916104 0.35 0.0 0.0 
0.3402109955612021 0.0 0.0 0.0 0.0 0.2378384275300297 0.0 0.1038168551415511 0.318133721767217 0.0 0.0 
0.35 0.15702921912783668 0.0 0.0 0.0 0.0 0.0 0.14297078087216328 0.35 0.0 0.0 
0.35 0.0 0.0 0.0 0.0 0.32264645422553817 0.0 0.10095427526765632 0.22639927050680556 0.0 0.0 
0.2641708432957465 0.10108921627105281 0.0 0.0 0.0 0.0 0.0 0.2847399404332008 0.35 0.0 0.0 
0.2970438652537494 0.12171906966674931 0.0 0.0 0.0 0.0 0.0 0.23789350015561395 0.3433435649238873 0.0 0.0 
0.29956745715026595 0.10414249005781084 0.0 0.0 0.0 0.0 0.0 0.24629005279192326 0.35 0.0 0.0 
0.33334976082642503 0.0 0.0 0.0 0.0 0.35 0.0 0.10061966337077118 0.2160305758028039 0.0 0.0 
0.35 0.1649466641656644 0.0 0.0 0.0 0.0 0.0 0.13505333583433574 0.35 0.0 0.0 
0.3183380091533795 0.0 0.0 0.0 0.0 0.0 0.0 0.3316619908466205 0.35 0.0 0.0 
0.34070095396554134 0.0 0.0 0.0 0.0 0.0 0.0 0.3108403649467438 0.34845868108771494 0.0 0.0 
0.27157160797360586 0.1011738848619416 0.0 0.0 0.0 0.0 0.0 0.2772545071644525 0.35 0.0 0.0 
0.35 0.1359240094874391 0.0 0.0 0.0 0.0 0.0 0.16407599051256103 0.35 0.0 0.0 
0.35 0.12381526097362243 0.0 0.0 0.0 0.0 0.0 0.1761847390263776 0.35 0.0 0.0 
0.1859167012288163 0.11408329877118376 0.0 0.0 0.0 0.0 0.0 0.35 0.35 0.0 0.0 
0.33269022399524667 0.16929328256674941 0.0 0.0 0.0 0.0 0.0 0.14801649343800383 0.35 0.0 0.0 
0.13688186213134082 0.1633185300523319 0.0 0.0 0.0 0.0 0.0 0.3498998039081636 0.3498998039081636 0.0 0.0 
0.12030721011816198 0.179692789881838 0.0 0.0 0.0 0.0 0.0 0.35 0.35 0.0 0.0 
0.3101436389697442 0.0 0.0 0.0 0.0 0.0 0.0 0.33985636103025596 0.35 0.0 0.0 
0.3280826451103202 0.10220428328393807 0.0 0.0 0.0 0.0 0.0 0.2218518758843441 0.3478611957213978 0.0 0.0 
0.27504219811339314 0.10677172606538894 0.0 0.0 0.0 0.0 0.0 0.2681860758212179 0.35 0.0 0.0 
0.35 0.17081506075649716 0.0 0.0 0.0 0.0 0.0 0.129184939243503 0.35 0.0 0.0 
0.2857742821344612 0.10847737469059839 0.0 0.0 0.0 0.0 0.0 0.2557483431749405 0.35 0.0 0.0 
0.2766298431866806 0.10916338629188732 0.0 0.0 0.0 0.0 0.0 0.26420677052143204 0.35 0.0 0.0 
0.32123137713945144 0.0 0.0 0.0 0.0 0.0 0.0 0.32876862286054875 0.35 0.0 0.0 
0.3211067636345382 0.11941714354727759 0.0 0.0 0.0 0.0 0.0 0.20947609281818413 0.35 0.0 0.0 
0.34265050774259803 0.0 0.0 0.0 0.0 0.0 0.0 0.307349492257402 0.35 0.0 0.0 
0.2857742821344612 0.10847737469059839 0.0 0.0 0.0 0.0 0.0 0.2557483431749405 0.35 0.0 0.0 
0.31718194596247723 0.0 0.0 0.0 0.11623445174474464 0.2801337512631258 0.0 0.1002952716699442 0.1861545793597081 0.0 0.0 
0.3438789343265115 0.0 0.0 0.0 0.0 0.2168985612662403 0.0 0.10136123488993956 0.3378612695173087 0.0 0.0 
0.35 0.14437027684095322 0.0 0.0 0.0 0.0 0.0 0.1556297231590469 0.35 0.0 0.0 
0.3301389025128878 0.0 0.0 0.0 0.0 0.29287596505720526 0.0 0.10164647411278349 0.27533865831712356 0.0 0.0 
0.3379049281510516 0.0 0.0 0.0 0.1001461271799602 0.2893232564279152 0.0 0.10659667237316858 0.1660290158679044 0.0 0.0 
0.3054080784823262 0.0 0.0 0.0 0.0 0.0 0.0 0.34459192151767387 0.35 0.0 0.0 
0.30611264740613753 0.10085244381932826 0.0 0.0 0.0 0.0 0.0 0.24303490877453443 0.35 0.0 0.0 
0.26015353114815476 0.1163818136845983 0.0 0.0 0.0 0.0 0.0 0.2734646551672469 0.35 0.0 0.0 
0.35 0.0 0.0 0.0 0.0 0.1888535952181188 0.0 0.11114640478188102 0.35 0.0 0.0 
0.3124220984548321 0.0 0.0 0.0 0.0 0.0 0.0 0.3375779015451679 0.35 0.0 0.0 
0.32862116321699664 0.0 0.0 0.0 0.0 0.0 0.0 0.3259596058311432 0.3454192309518602 0.0 0.0 
0.31043150183282714 0.10616366571601532 0.0 0.0 0.0 0.0 0.0 0.23468846736122204 0.3487163650899354 0.0 0.0 
0.3180220969622267 0.1056190563445401 0.0 0.0 0.0 0.0 0.0 0.23009845556132433 0.3462603911319087 0.0 0.0 
0.3232840129800307 0.0 0.0 0.0 0.0 0.0 0.0 0.32671598701996934 0.35 0.0 0.0 
0.3087188834765137 0.10998344482924494 0.0 0.0 0.0 0.0 0.0 0.2312976716942415 0.35 0.0 0.0 
0.35 0.13268567757743702 0.0 0.0 0.0 0.0 0.0 0.16731432242256306 0.35 0.0 0.0 
0.31535223689913694 0.0 0.0 0.0 0.0 0.0 0.0 0.334897624601663 0.34975013849920017 0.0 0.0 
0.3492025874378568 0.0 0.0 0.0 0.0 0.18374197290686878 0.0 0.11705543965527439 0.35 0.0 0.0 
0.3120505079455419 0.0 0.0 0.0 0.0 0.0 0.0 0.3448623499585325 0.34308714209592583 0.0 0.0 
0.34725466873159794 0.0 0.0 0.0 0.0 0.2745589856554762 0.0 0.10252021195528487 0.275666133657641 0.0 0.0 
0.35 0.0 0.0 0.0 0.0 0.17441783891795848 0.0 0.12558216108204165 0.35 0.0 0.0 
0.35 0.0 0.0 0.0 0.0 0.0 0.0 0.2999999999999998 0.35 0.0 0.0 
0.33524883356664836 0.19846175072034425 0.0 0.0 0.0 0.0 0.0 0.11628941571300737 0.35 0.0 0.0 
0.3387060223518433 0.10385207322682888 0.0 0.0 0.0 0.0 0.0 0.20744190442132768 0.35 0.0 0.0 
0.32864771975608875 0.0 0.0 0.0 0.0 0.0 0.0 0.3213522802439113 0.35 0.0 0.0 
0.1597231625343953 0.14027683746560476 0.0 0.0 0.0 0.0 0.0 0.35 0.35 0.0 0.0 
0.30208169810238733 0.0 0.0 0.0 0.0 0.0 0.0 0.3479183018976128 0.35 0.0 0.0 
0.3238486751024039 0.0 0.0 0.0 0.11867754037691339 0.2860217782028551 0.0 0.10240334061507256 0.16904866570275498 0.0 0.0 
0.30520468297324327 0.12989257462070214 0.0 0.0 0.0 0.0 0.0 0.2169494619769191 0.3479532804291354 0.0 0.0 
0.3350967848929143 0.1131531172290193 0.0 0.0 0.0 0.0 0.0 0.20175009787806641 0.35 0.0 0.0 
0.3161402450085038 0.0 0.0 0.0 0.10081778978735527 0.32357436500171605 0.0 0.10019293721244298 0.1592746629899818 0.0 0.0 
0.35 0.0 0.0 0.0 0.0 0.19667510364919188 0.0 0.10332489635080824 0.35 0.0 0.0 
0.27295922565762337 0.10514306513396286 0.0 0.0 0.0 0.0 0.0 0.2718977092084138 0.35 0.0 0.0 
0.35 0.17694002039500933 0.0 0.0 0.0 0.0 0.0 0.12305997960499074 0.35 0.0 0.0 
0.3473019414926259 0.0 0.0 0.0 0.0 0.19514902635417194 0.0 0.10754903215320225 0.35 0.0 0.0 
0.33194591733378453 0.10338713787687345 0.0 0.0 0.0 0.0 0.0 0.21466694478934195 0.35 0.0 0.0 
0.35 0.12802519480048305 0.0 0.0 0.0 0.0 0.0 0.171974805199517 0.35 0.0 0.0 
0.3436671901909365 0.10790059074238206 0.0 0.0 0.0 0.0 0.0 0.19843221906668146 0.35 0.0 0.0 
0.33634288614831065 0.10890729706757979 0.0 0.0 0.0 0.0 0.0 0.20474981678410958 0.35 0.0 0.0 
0.321274845290086 0.10228882982057164 0.0 0.0 0.0 0.0 0.0 0.22643632488934237 0.35 0.0 0.0 
0.32757176727340204 0.0 0.0 0.0 0.0 0.0 0.0 0.32242823272659804 0.35 0.0 0.0 
0.15881766418244514 0.14118233581755488 0.0 0.0 0.0 0.0 0.0 0.35 0.35 0.0 0.0 
0.32358749342264925 0.0 0.0 0.0 0.0 0.2244142124097619 0.0 0.10199829416758902 0.35 0.0 0.0 
0.35 0.18873069521562272 0.0 0.0 0.0 0.0 0.0 0.11126930478437738 0.35 0.0 0.0 
0.270821361140401 0.10879430968286317 0.0 0.0 0.0 0.0 0.0 0.27038432917673577 0.35 0.0 0.0 
0.334950724587019 0.0 0.0 0.0 0.10049826704927751 0.32405337277953045 0.0 0.10245601776885443 0.13804161781531857 0.0 0.0 
0.35 0.19636794716573075 0.0 0.0 0.0 0.0 0.0 0.10363205283426935 0.35 0.0 0.0 
0.334950724587019 0.0 0.0 0.0 0.10049826704927751 0.32405337277953045 0.0 0.10245601776885443 0.13804161781531857 0.0 0.0 
0.3440323332808587 0.15172359635316932 0.0 0.0 0.0 0.0 0.0 0.15424407036597199 0.35 0.0 0.0 
