-0.013716700458084229 4.153849936859849E-4 
-0.00781547169542209 7.597518349507218E-5 
-0.013716700458084229 4.153849936859849E-4 
-0.01359510597556238 3.492491815857066E-4 
-0.013716700458084225 4.153849936859847E-4 
-0.01339507522149506 3.3257257879938624E-4 
-0.013363592012069329 2.943692331639238E-4 
-0.012389381634712041 2.2808758624844326E-4 
-0.012389288606668509 2.0088760697268863E-4 
-0.008248809128794003 9.949814257690348E-5 
-0.00824119048979184 8.540844524870851E-5 
-0.007926968743095477 7.684768246671745E-5 
-0.010315617794737896 1.3913144137059862E-4 
-0.01252413882394027 2.3188440632274926E-4 
-0.010097570796187328 1.3299296564344765E-4 
-0.009717415052206154 1.2461470138337285E-4 
-0.008940299931595428 1.0962220587716607E-4 
-0.009623340527250553 1.2274564875441236E-4 
-0.008092595069656247 7.772719289346456E-5 
-0.010615147987112047 1.4558521270505222E-4 
-0.011185588952458542 1.612251020640099E-4 
-0.013293112509086887 2.7891945224243787E-4 
-0.01355670766385186 3.3941710590803864E-4 
-0.01283539378344874 2.408517754959633E-4 
-0.010694253047214192 1.4747891627555254E-4 
-0.013574494970277021 3.433120415221178E-4 
-0.010862873836152767 1.5240789087518397E-4 
-0.0124195331762199 2.2890554646468742E-4 
-0.008426870951559235 1.018042100453665E-4 
-0.012741527586715526 2.3819462230734425E-4 
-0.012235436119492182 1.9501062005258644E-4 
-0.013149902641183575 2.573769143944876E-4 
-0.00948870187269676 1.1953468039549511E-4 
-0.009061631077225404 1.1182648486446314E-4 
-0.00929245867432354 1.157611165348902E-4 
-0.011755185662431056 1.7881362856283568E-4 
-0.012050155356673947 1.8858148714022887E-4 
-0.00909128266387316 1.1210921603716555E-4 
-0.01110034549071352 1.5867544825395614E-4 
-0.013318277953985037 2.841034657305926E-4 
-0.010000801947000487 1.3073756190691376E-4 
-0.012623385378788689 2.3458077934338163E-4 
-0.013192989788332329 2.619519667997258E-4 
-0.011250731172757862 1.631996568751602E-4 
-0.009205686271641839 1.1425086246525561E-4 
-0.013062070398088814 2.485848769459434E-4 
-0.011302671732216477 1.6473553510161997E-4 
-0.01021746226177184 1.3542192433384478E-4 
-0.01230594088762213 1.987287797410986E-4 
-0.008510700658316677 1.0288615056152457E-4 
-0.009879949578600162 1.2931473966108705E-4 
-0.011578358033197822 1.7415322225693125E-4 
-0.008098640190444926 8.026425075879581E-5 
-0.009811326870943434 1.2624606331295676E-4 
-0.010209232968191 1.3534156252351646E-4 
-0.011880963112679752 1.8289487814906194E-4 
-0.011350859001197816 1.67378794561847E-4 
-0.010759933935181732 1.4940120978683275E-4 
-0.01216343138393198 1.93750905723159E-4 
-0.013116693430850462 2.5294684666684177E-4 
-0.009549337078180245 1.2077707852464661E-4 
-0.00858371199457524 1.0400206067957783E-4 
-0.011508575568660653 1.7097371899202156E-4 
-0.012605835243959255 2.3407829738483155E-4 
-0.00936833216108678 1.1718195132881932E-4 
-0.013354095797555515 2.92561836723606E-4 
-0.013231736191190651 2.678248103406001E-4 
-0.01343855887878102 3.3302539286761526E-4 
-0.011937507763676207 1.8479955876204326E-4 
-0.012096193994269557 1.902393678573294E-4 
-0.008825817160251426 1.083718555997391E-4 
-0.008195061818485196 8.130689815420223E-5 
-0.012755137248067268 2.3848342446419705E-4 
-0.013511739979331333 3.3464749163890584E-4 
-0.011450516923683193 1.6934117150799763E-4 
-0.010455212425885423 1.4130382251108286E-4 
-0.011056583458903898 1.579442480396226E-4 
-0.008880075993622918 1.0864339883523903E-4 
-0.010030437322412912 1.311335031240836E-4 
-0.012881104939719971 2.434318922708675E-4 
-0.013098675890437103 2.5131573725324056E-4 
-0.013267209395084245 2.7396918128440545E-4 
-0.011968203304912682 1.860565167300609E-4 
-0.011547427037983065 1.7221508600111642E-4 
-0.011811064054168199 1.8075925804589393E-4 
-0.010532517105396724 1.4349220230433865E-4 
-0.013181969303367316 2.604414910105751E-4 
-0.011649264957846586 1.758368967705284E-4 
-0.00868293426220984 1.0545217724487627E-4 
-0.008345500228012566 1.0073274261839989E-4 
-0.010420800836697108 1.4039300512627963E-4 
-0.008207387693331228 8.208542562380295E-5 
-0.00936833216108678 1.1718195132881932E-4 
-0.012961167522557656 2.447731046080871E-4 
-0.009224085947354799 1.1452359900763066E-4 
-0.008767318871502686 1.0673091371760248E-4 
-0.01300625774670175 2.4663581615411753E-4 
-0.010513679676400524 1.4300307515063013E-4 
-0.00868293426220984 1.0545217724487627E-4 
-0.013332391536073993 2.871724630343754E-4 
