-0.014879963159037292 6.763246056511912E-4 
-0.014879963159037292 6.763246056511912E-4 
-0.007083896257455503 4.001848353259975E-5 
-0.014568807981841564 5.322991264076332E-4 
-0.01456912745426161 6.559766142262088E-4 
-0.013802217579266607 4.0132756397185407E-4 
-0.010354353159503196 1.215388458803264E-4 
-0.008293313014330455 5.267100380150125E-5 
-0.012616330415119345 2.592369177136717E-4 
-0.011007761232430014 1.5448084235285324E-4 
-0.013136801441507716 3.024200991402947E-4 
-0.013412930527364149 3.4551339253308913E-4 
-0.012194431687023336 2.310339045722711E-4 
-0.013688432312392276 3.806135791253986E-4 
-0.014089235305190509 4.671075294662493E-4 
-0.01053404231065529 1.2912640391455897E-4 
-0.011296654054339944 1.7132734772186013E-4 
-0.008098782979371192 4.966086442173578E-5 
-0.01090439832214133 1.4764163389121277E-4 
-0.009238435018382765 7.908245429610177E-5 
-0.012073067767398082 2.1875877401983227E-4 
-0.010013231611124166 1.0803234466824795E-4 
-0.011409821765323014 1.8010989124357286E-4 
-0.007869493702563117 4.735373271091236E-5 
-0.007225203179707466 4.03064953428566E-5 
-0.01418865912353132 4.7572076338361436E-4 
-0.007514107540913915 4.2305716901278165E-5 
-0.012858558684878523 2.7759347455413505E-4 
-0.014198757010486115 4.85712118322386E-4 
-0.01193512695491468 2.126346495529655E-4 
-0.013010382187584225 2.934562525699671E-4 
-0.007401721653287735 4.163414192034544E-5 
-0.00940009093564801 8.305816025837947E-5 
-0.012481605993215229 2.4992038803054367E-4 
-0.012313310222308398 2.408270414697029E-4 
-0.013352897398329198 3.385247866792209E-4 
-0.013898864835401165 4.216062855960207E-4 
-0.009720041215716489 9.56799018492561E-5 
-0.014795263579946127 6.705774536268649E-4 
-0.014415946335101555 4.975130123856516E-4 
-0.009808219026905526 9.812646247373189E-5 
-0.012144903128720068 2.2374735597607796E-4 
-0.014696111329786052 6.640423960580937E-4 
-0.009112720771207316 7.443922143938615E-5 
-0.009900389089246696 1.0340119564007755E-4 
-0.011081859571294733 1.655909648588532E-4 
-0.011883436866058847 2.0774145078313996E-4 
-0.01400249107887741 4.477353465741072E-4 
-0.008452412045136517 5.565535596376725E-5 
-0.01353296418024119 3.5488009972555E-4 
-0.014345635649279974 4.894699530880054E-4 
-0.014462966362532711 5.05689451055209E-4 
-0.013832557907695978 4.071191805116019E-4 
-0.008654629809010989 5.9757838029310053E-5 
-0.014517071622678549 5.178725654268648E-4 
-0.013601880047355899 3.6592121383803046E-4 
-0.01270502692784777 2.6581991311832773E-4 
-0.011185568276758599 1.6941232211312233E-4 
-0.010250273463856064 1.1614350707014738E-4 
-0.007702742064112007 4.4466477406384455E-5 
-0.013950600790702046 4.3072699197439735E-4 
-0.01406822015432972 4.559509678653442E-4 
-0.01078978365734311 1.4374185717561233E-4 
-0.009605648019932182 9.196560542387682E-5 
-0.01362031826869515 3.7332235471103945E-4 
-0.008862090496606207 6.594091007850901E-5 
-0.008811755208886121 6.38554841182594E-5 
-0.010207153276612466 1.1490155645344375E-4 
-0.00870921727347802 6.110780039739702E-5 
-0.01244004626340076 2.4863222730476614E-4 
-0.013537020497508928 3.5551382453439054E-4 
-0.011798477556473523 2.0300037421779282E-4 
-0.008518588392207906 5.69796807222265E-5 
-0.010675847406370188 1.3594805559414275E-4 
-0.007702742064112007 4.4466477406384455E-5 
-0.011493732412226208 1.8313746172723099E-4 
-0.01164827020071886 1.9174763775903791E-4 
-0.011576660099842807 1.902825700216289E-4 
-0.01320429026953659 3.0874120726125033E-4 
-0.013226041137277116 3.105201430931027E-4 
-0.012922014305102153 2.8680646182864436E-4 
-0.008970301124915852 6.829090228286759E-5 
-0.013326161557895108 3.292598351001556E-4 
-0.009146144425416535 7.549585770253375E-5 
-0.008970301124915852 6.829090228286759E-5 
-0.011533733170670305 1.8568821581929743E-4 
-0.00946519324571592 8.590970798665816E-5 
-0.009961877780476011 1.0699699995785039E-4 
-0.013978281658716266 4.365105066653271E-4 
-0.008006919908659151 4.745931831970429E-5 
-0.01391585272762665 4.2360000181844253E-4 
-0.01297105467439982 2.895383821921104E-4 
-0.012778495003840833 2.713939307545882E-4 
-0.009501191044406587 8.870038078783823E-5 
-0.01237099174563735 2.420355989004328E-4 
-0.014848160943941919 6.741489299763727E-4 
-0.010725298709546614 1.3929635756446715E-4 
-0.013684772755780622 3.800811287568643E-4 
-0.011117919493400637 1.668648334196411E-4 
-0.014527023096853825 5.204366433812195E-4 
