0.0 0.30000000000000027 0.0 0.0 0.0 0.0 0.0 0.35 0.35 0.0 0.0 
0.0 0.30000000000000027 0.0 0.0 0.0 0.0 0.0 0.35 0.35 0.0 0.0 
0.175286299902709 0.14541933256260767 0.13617016513025645 0.30477493037181574 0.0 0.0 0.0 0.13816560143417728 0.1001836705984339 0.0 0.0 
0.0 0.3227179246958114 0.0 0.0 0.0 0.0 0.0 0.32728207530418857 0.35 0.0 0.0 
0.10001105130217272 0.19998894869782735 0.0 0.0 0.0 0.0 0.0 0.35 0.35 0.0 0.0 
0.10558952057802896 0.0 0.0 0.28096887936100184 0.0 0.0 0.0 0.32727789822723713 0.28616370183373213 0.0 0.0 
0.0 0.10368122226406129 0.0 0.20480428653981098 0.0 0.0 0.0 0.3426927795406804 0.34882171165544745 0.0 0.0 
0.1365510362359294 0.11796483430261125 0.11149272925107648 0.2845021143108566 0.0 0.0 0.0 0.2214631675612123 0.12802611833831393 0.0 0.0 
0.16201687575545382 0.10721800667585141 0.10064359212365608 0.3131421606735104 0.0 0.0 0.0 0.1931806809760013 0.12379868379552691 0.0 0.0 
0.18674858867922542 0.15085842198923682 0.1441796110275054 0.27091951368256484 0.0 0.0 0.0 0.1449308167664608 0.10236304785500665 0.0 0.0 
0.10647786072172769 0.0 0.0 0.26701894610001303 0.0 0.0 0.0 0.3300313352496711 0.2964718579285882 0.0 0.0 
0.0 0.15911326983830743 0.0 0.14088673016169262 0.0 0.0 0.0 0.35 0.35 0.0 0.0 
0.0 0.13487877645587093 0.0 0.16512122354412903 0.0 0.0 0.0 0.35 0.35 0.0 0.0 
0.10364963781647725 0.0 0.0 0.2886857680116239 0.0 0.0 0.0 0.32159430867692196 0.28607028549497693 0.0 0.0 
0.10868865498838917 0.1224223191371447 0.0 0.2985174067979786 0.0 0.0 0.0 0.1987711715835492 0.2716004474929384 0.0 0.0 
0.10336036392773822 0.0 0.0 0.2493736105232993 0.0 0.0 0.0 0.3287162851814951 0.3185497403674675 0.0 0.0 
0.0 0.13524310603948583 0.0 0.16945276879217813 0.0 0.0 0.0 0.3453041251683362 0.35 0.0 0.0 
0.0 0.16576818580670394 0.0 0.1342318141932961 0.0 0.0 0.0 0.35 0.35 0.0 0.0 
0.0 0.0 0.0 0.30000000000000027 0.0 0.0 0.0 0.35 0.35 0.0 0.0 
0.11062591630907266 0.11033884177618218 0.0 0.22055608129323073 0.0 0.0 0.0 0.20847916062151456 0.35 0.0 0.0 
0.10271108987953427 0.10342539627267124 0.0 0.2770946311914875 0.0 0.0 0.0 0.24242644606610966 0.27434243659019725 0.0 0.0 
0.0 0.15008012926033693 0.0 0.15074761592708355 0.0 0.0 0.0 0.34925878627989065 0.3499134685326889 0.0 0.0 
0.157183706170541 0.11233036977056274 0.11316307500930763 0.27246612439289075 0.0 0.0 0.0 0.17424668690463763 0.1706100377520604 0.0 0.0 
0.130571299716949 0.0 0.0 0.169428700283051 0.0 0.0 0.0 0.35 0.35 0.0 0.0 
0.10063469248557903 0.12468399063135571 0.0 0.2434330291512381 0.0 0.0 0.0 0.22602640425490547 0.3052218834769215 0.0 0.0 
0.10720784884739988 0.0 0.0 0.2101906909767196 0.0 0.0 0.0 0.3358243896916246 0.3467770704842558 0.0 0.0 
0.153468366118671 0.10892175075314516 0.10086878677488985 0.23775368516760673 0.0 0.0 0.0 0.21480998128065623 0.18417742990503094 0.0 0.0 
0.11099422044682682 0.10767308572281103 0.11360384296958502 0.23168334170588067 0.0 0.0 0.0 0.2511622125135774 0.18488329664131906 0.0 0.0 
0.16762863545233345 0.15646514136580048 0.0 0.0 0.0 0.0 0.0 0.32590622318186624 0.35 0.0 0.0 
0.1677197310751017 0.11063881452560685 0.13182420716233942 0.2268641900160937 0.0 0.0 0.0 0.24051783953478567 0.12243521768607267 0.0 0.0 
0.10028836739494418 0.0 0.0 0.30092278942689604 0.0 0.0 0.0 0.31718445174809495 0.28160439143006494 0.0 0.0 
0.0 0.11402095247176172 0.0 0.18597904752823835 0.0 0.0 0.0 0.35 0.35 0.0 0.0 
0.16046868883848325 0.1498690924185457 0.0 0.0 0.0 0.0 0.0 0.3396622187429712 0.35 0.0 0.0 
0.0 0.10012702501283331 0.0 0.19987297498716672 0.0 0.0 0.0 0.35 0.35 0.0 0.0 
0.1707962519098383 0.1278287573200761 0.1316772441165867 0.27402084418134054 0.0 0.0 0.0 0.17327604841333785 0.12240085405882051 0.0 0.0 
0.14531598361240256 0.10616694773011534 0.11093334484810292 0.22871715738840895 0.0 0.0 0.0 0.23584858690712293 0.1730179795138473 0.0 0.0 
0.10749329560404187 0.10121627988820993 0.0 0.2945992362598954 0.0 0.0 0.0 0.20358521778791167 0.29310597045994113 0.0 0.0 
0.0 0.311110659854396 0.0 0.0 0.0 0.0 0.0 0.33888934014560396 0.35 0.0 0.0 
0.0 0.1089155355243358 0.0 0.2821580645463584 0.0 0.0 0.0 0.260186475510577 0.3487399244187288 0.0 0.0 
0.10932196287037264 0.10293816306995864 0.0 0.26029873420967703 0.0 0.0 0.0 0.20704859307644058 0.32039254677355117 0.0 0.0 
0.10613102098306088 0.0 0.0 0.20337350780249236 0.0 0.0 0.0 0.3461801720582128 0.3443152991562339 0.0 0.0 
0.16326428358378606 0.13673571641621393 0.0 0.0 0.0 0.0 0.0 0.35 0.35 0.0 0.0 
0.10909571017742915 0.0 0.0 0.1909042898225709 0.0 0.0 0.0 0.35 0.35 0.0 0.0 
0.0 0.3003341207218248 0.0 0.0 0.0 0.0 0.0 0.34966587927817533 0.35 0.0 0.0 
0.17522465666014347 0.12938768420191493 0.1374687762323961 0.28524898221912165 0.0 0.0 0.0 0.1464697868623705 0.1262001138240534 0.0 0.0 
0.10342560145310012 0.10712396015487984 0.0 0.24878658858562103 0.0 0.0 0.0 0.2512214087090997 0.28944244109729933 0.0 0.0 
0.15826421186110887 0.14973681233501068 0.0 0.0 0.0 0.0 0.0 0.3445506880269139 0.34744828777696646 0.0 0.0 
0.13972728257376893 0.10576824258285951 0.1070189197012799 0.23883170429977973 0.0 0.0 0.0 0.227041322164358 0.1816125286779539 0.0 0.0 
0.10497683741336673 0.0 0.0 0.23957315033803994 0.0 0.0 0.0 0.3274393632992829 0.3280106489493104 0.0 0.0 
0.16697390501085135 0.1230304454149963 0.13071448704602318 0.2704582558497349 0.0 0.0 0.0 0.1766231711479869 0.1321997355304074 0.0 0.0 
0.14070469050067663 0.10643648174998507 0.11342809438582681 0.25594244278957684 0.0 0.0 0.0 0.2140546939192948 0.16943359665463978 0.0 0.0 
0.11422945339249917 0.10492216535536945 0.0 0.28584753569742316 0.0 0.0 0.0 0.2115765095787034 0.2834243359760048 0.0 0.0 
0.10198923364740439 0.10906829732488646 0.0 0.22940927328520216 0.0 0.0 0.0 0.27072123025485134 0.28881196548765575 0.0 0.0 
0.18032116897205372 0.13193585927235074 0.12181909239973465 0.2879031104552232 0.0 0.0 0.0 0.16643473227346356 0.1115860366271742 0.0 0.0 
0.10401716980523104 0.10696249771125062 0.0 0.25596143150972034 0.0 0.0 0.0 0.22466153351523085 0.30839736745856716 0.0 0.0 
0.0 0.316421207608345 0.0 0.0 0.0 0.0 0.0 0.33357879239165494 0.35 0.0 0.0 
0.0 0.14919658369082833 0.0 0.15080341630917166 0.0 0.0 0.0 0.35 0.35 0.0 0.0 
0.13703472688268975 0.10246010744663654 0.10272411555935415 0.229922700512285 0.0 0.0 0.0 0.24453643435206693 0.1833219152469674 0.0 0.0 
0.0 0.0 0.0 0.3126838515541868 0.0 0.0 0.0 0.35 0.3373161484458131 0.0 0.0 
0.10771714961613509 0.1229119065131621 0.0 0.25770048526321887 0.0 0.0 0.0 0.20880799238570708 0.3028624662217769 0.0 0.0 
0.10708618133342637 0.0 0.0 0.2656123645355134 0.0 0.0 0.0 0.3319168433015609 0.29538461082949924 0.0 0.0 
0.16119653151418437 0.11813148409068244 0.12051763748558701 0.2479559895314015 0.0 0.0 0.0 0.180963639953057 0.1712347174250876 0.0 0.0 
0.10286137636394203 0.1085677691901433 0.0 0.22278929315877746 0.0 0.0 0.0 0.23893846992528933 0.32684309136184786 0.0 0.0 
0.14564789215588228 0.15435210784411768 0.0 0.0 0.0 0.0 0.0 0.35 0.35 0.0 0.0 
0.10534134732046821 0.0 0.0 0.21446721248907147 0.0 0.0 0.0 0.35 0.3301914401904605 0.0 0.0 
0.16377933601940436 0.15696995908407133 0.0 0.0 0.0 0.0 0.0 0.32925070489652436 0.35 0.0 0.0 
0.0 0.1313508253894908 0.0 0.1686491746105092 0.0 0.0 0.0 0.35 0.35 0.0 0.0 
0.1629802136871908 0.15244797626558138 0.0 0.0 0.0 0.0 0.0 0.33457181004722786 0.35 0.0 0.0 
0.13832288545125823 0.10049496661568813 0.11272602492012525 0.27992453191588623 0.0 0.0 0.0 0.2244987527153945 0.14403283838164765 0.0 0.0 
0.13544933452126715 0.0 0.0 0.16485930344879954 0.0 0.0 0.0 0.3496913620299333 0.35 0.0 0.0 
0.10679672185087938 0.10993917046357538 0.0 0.22560351254104988 0.0 0.0 0.0 0.2391812891403572 0.3184793060041381 0.0 0.0 
0.10513231771483518 0.0 0.0 0.2632330752302636 0.0 0.0 0.0 0.33886559798216515 0.29276900907273606 0.0 0.0 
0.0 0.17395210257477633 0.0 0.12615177109667963 0.0 0.0 0.0 0.34994806316427196 0.34994806316427196 0.0 0.0 
0.15017490639505968 0.10988056268110702 0.10152096602899105 0.23585718220409876 0.0 0.0 0.0 0.2167676832464952 0.18579869944424832 0.0 0.0 
0.10369367395206344 0.10342458860563955 0.0 0.2688210439924107 0.0 0.0 0.0 0.19599302997557475 0.32806766347431154 0.0 0.0 
0.13641904561677218 0.10326403293572434 0.10894979475634378 0.23317703288476876 0.0 0.0 0.0 0.24087749330394448 0.17731260050244646 0.0 0.0 
0.15625183834561754 0.11166441615551456 0.11249218467888011 0.27085080165436304 0.0 0.0 0.0 0.1791421876059802 0.16959857155964458 0.0 0.0 
0.12068790965437207 0.1793120903456278 0.0 0.0 0.0 0.0 0.0 0.35 0.35 0.0 0.0 
0.10275814422047545 0.0 0.0 0.262190678774607 0.0 0.0 0.0 0.3362802790166309 0.29877089798828677 0.0 0.0 
0.11176636730749008 0.10556916166287705 0.0 0.29794561091949945 0.0 0.0 0.0 0.2043997303648697 0.2803191297452638 0.0 0.0 
0.0 0.1739779193251086 0.0 0.12602208067489154 0.0 0.0 0.0 0.35 0.35 0.0 0.0 
0.10478954175346966 0.10775673997818021 0.0 0.2504366270972798 0.0 0.0 0.0 0.22632974143379228 0.310687349737278 0.0 0.0 
0.10071130755228759 0.0 0.0 0.19928869244771258 0.0 0.0 0.0 0.35 0.35 0.0 0.0 
0.10453912258257719 0.0 0.0 0.2117918624712795 0.0 0.0 0.0 0.35 0.3336690149461434 0.0 0.0 
0.10815406616027112 0.12196978840806484 0.0 0.30184581360360746 0.0 0.0 0.0 0.17730098861593085 0.29072934321212585 0.0 0.0 
0.1133835531400716 0.10414518810892855 0.0 0.22156722361458445 0.0 0.0 0.0 0.25190100042753544 0.30900303470888 0.0 0.0 
0.13719788169944955 0.10258209740083228 0.10379509932698497 0.23163717723392668 0.0 0.0 0.0 0.23928678531424272 0.1855009590245638 0.0 0.0 
0.10073050173561213 0.12204508690427214 0.0 0.2977944706536691 0.0 0.0 0.0 0.19968617989000076 0.27974376081644575 0.0 0.0 
0.10083645494716632 0.10174321418691012 0.0 0.2137267837920153 0.0 0.0 0.0 0.23596309501753585 0.3477304520563724 0.0 0.0 
0.1591321067811717 0.1294797815439807 0.13337797503450624 0.275967968188985 0.0 0.0 0.0 0.17551849525613442 0.12652367319522195 0.0 0.0 
0.1387990228305019 0.10087502602237061 0.11311405235248342 0.2808880928810702 0.0 0.0 0.0 0.22527152612460052 0.1410522797889733 0.0 0.0 
0.10303481963444881 0.0 0.0 0.23893007947430966 0.0 0.0 0.0 0.3393102901482731 0.3187248107429685 0.0 0.0 
0.17845929038193842 0.13060349777631916 0.12056126803391383 0.29785536782947136 0.0 0.0 0.0 0.17199486399496103 0.10052571198339628 0.0 0.0 
0.10707269418597934 0.19367556628769741 0.0 0.0 0.0 0.0 0.0 0.34925173952632327 0.35 0.0 0.0 
0.16217952159717003 0.15543665939863066 0.0 0.0 0.0 0.0 0.0 0.33238381900419933 0.35 0.0 0.0 
0.13667198446210832 0.16332801553789178 0.0 0.0 0.0 0.0 0.0 0.35 0.35 0.0 0.0 
0.0 0.0 0.0 0.3046259034416097 0.0 0.0 0.0 0.3453740965583903 0.35 0.0 0.0 
0.1631119579471667 0.11475301325054213 0.12759169793342368 0.2647539533893204 0.0 0.0 0.0 0.21265669292737532 0.11713268455217153 0.0 0.0 
0.18079265535865838 0.12916464806696243 0.1284369950355934 0.28181111554323457 0.0 0.0 0.0 0.14821347598208381 0.1315811100134673 0.0 0.0 
0.10071130755228759 0.0 0.0 0.19928869244771258 0.0 0.0 0.0 0.35 0.35 0.0 0.0 
