-0.014376763121341365 4.2232773941764865E-4 
-0.007900342539136707 1.410370078990573E-5 
-0.014376763121341365 4.2232773941764865E-4 
-0.014164278771391047 3.834070782944643E-4 
-0.014162124723203755 3.614596795578788E-4 
-0.012387686854769523 1.581109522903873E-4 
-0.013799723467965787 2.9664344959954956E-4 
-0.013716619101959485 2.837068593999166E-4 
-0.0142578960339739 3.997903625471313E-4 
-0.012529182515252136 1.6376185214644564E-4 
-0.010407217176763598 5.267978800998627E-5 
-0.01420051184854065 3.896051174655491E-4 
-0.013199604256335365 2.2349063594563783E-4 
-0.013110001130299547 2.1618160745564858E-4 
-0.011815897898611247 1.2173979461578373E-4 
-0.01051624571793849 5.553425037793402E-5 
-0.01025213717182546 4.945503342704883E-5 
-0.012312079928561603 1.496467974794264E-4 
-0.013588884652555753 2.6582287642819725E-4 
-0.01391315141132175 3.1530408225277054E-4 
-0.013657586298266225 2.7727891160768956E-4 
-0.012945617379783388 2.057825559029316E-4 
-0.009208057352573193 2.4879235290106087E-5 
-0.00948159472887139 2.968219706324885E-5 
-0.01088810564458444 6.883168386216414E-5 
-0.008622453992569206 1.8132960074320813E-5 
-0.013870775268602194 3.078272985233646E-4 
-0.008970311422176348 2.249897420257516E-5 
-0.009930422220358002 4.086399593961973E-5 
-0.01284672953282677 2.004037332260389E-4 
-0.011293101992552077 8.754256283463309E-5 
-0.011561259917151134 1.0375437007163421E-4 
-0.010982180815075406 7.213152912144392E-5 
-0.008288695833410074 1.6187053298175053E-5 
-0.011969633551228034 1.290793726457429E-4 
-0.013257983240765145 2.2895735547894837E-4 
-0.011065609451130198 7.570138752152057E-5 
-0.013441788675769825 2.481393305153945E-4 
-0.01407165193029919 3.4395157927034914E-4 
-0.012789578684043953 1.8766004571573445E-4 
-0.009079119819671574 2.4268441943504598E-5 
-0.012736338944967814 1.829850355489668E-4 
-0.011891995884138638 1.2492420513951125E-4 
-0.011358124594621943 9.208104334470155E-5 
-0.008837053251779584 2.0923334090068242E-5 
-0.012578083699757428 1.6917073397184224E-4 
-0.013403742165756096 2.436043056825556E-4 
-0.013938465833822578 3.2341364037406924E-4 
-0.011141206314649555 8.003741729123868E-5 
-0.012843245795823539 1.9370129291081242E-4 
-0.008744858471566752 1.9819478938456515E-5 
-0.011493056581445438 9.976009770770946E-5 
-0.01145128772342179 9.449043618468743E-5 
-0.012190591583900902 1.441368651030315E-4 
-0.01268397093076967 1.7696883763215478E-4 
-0.007991606661808084 1.4185727585444466E-5 
-0.009817958870062062 3.8553287364412114E-5 
-0.013831364227304455 3.017930704675333E-4 
-0.01403615655080662 3.3665037928504865E-4 
-0.014346214514848854 4.163503123328331E-4 
-0.00975715850891259 3.610988454093894E-5 
-0.010190225261874849 4.5886821760339396E-5 
-0.012051750453461513 1.3286238953926337E-4 
-0.013348188986249725 2.3762240509898785E-4 
-0.009576186922294762 3.32852380261024E-5 
-0.010623171258170748 5.981435392213773E-5 
-0.014297728494452999 4.071263640791765E-4 
-0.012642664585378199 1.7303113709673216E-4 
-0.013314776276225668 2.3418409880611397E-4 
-0.009633482734399474 3.495855005438786E-5 
-0.013503160161352265 2.552545485151055E-4 
-0.012136507604764294 1.3776504662962145E-4 
-0.011607872286373402 1.1084422898800537E-4 
-0.010789786633355777 6.514446184367468E-5 
-0.010044734902907812 4.2811059119728367E-5 
-0.008483162906602396 1.7423530323352682E-5 
-0.00843610061933954 1.634811268698273E-5 
-0.013978484018788241 3.276018030884774E-4 
-0.01226519865130801 1.45585921358676E-4 
-0.014105557484269726 3.500127324038015E-4 
-0.013039478451532048 2.1170755708685706E-4 
-0.013566330574338745 2.629891723037487E-4 
-0.014011050905794124 3.3221096930204373E-4 
-0.009342947614428873 2.703810035424715E-5 
-0.01431648709460402 4.106566748601959E-4 
-0.010103075615828912 4.362876507172873E-5 
-0.008142863287570395 1.4675189351961273E-5 
-0.010751757207707569 6.37015538410191E-5 
-0.010667922279104564 6.072366359070029E-5 
-0.013006476360236108 2.0980247016722333E-4 
-0.013515368023145308 2.57605451963029E-4 
-0.00936470977615329 2.730640915775208E-5 
-0.011708573408695692 1.1480393200232164E-4 
-0.008174723575244387 1.4789926291950227E-5 
-0.011644646445112813 1.1227833109221701E-4 
-0.012100555099170693 1.358761266895709E-4 
-0.013679426513996722 2.7991301253613556E-4 
-0.014132380533371628 3.5746185346945136E-4 
-0.01120883752098346 8.307786731763143E-5 
-0.011708573408695692 1.1480393200232164E-4 
