-0.014376763121341365 4.2232773941764865E-4 
-0.007921010315069248 1.4089546579718718E-5 
-0.007921010315069248 1.4089546579718718E-5 
-0.014376763121341365 4.2232773941764865E-4 
-0.014165073777750316 3.835411366278113E-4 
-0.014016869471674562 3.34174686528235E-4 
-0.013936746635670816 3.226395039901502E-4 
-0.010759388210842156 6.42835910985943E-5 
-0.010578252593844354 6.034936037422124E-5 
-0.0121996113810032 1.4217344557722623E-4 
-0.01023450719602159 4.716184691054342E-5 
-0.011608594942871737 1.0829899215368661E-4 
-0.012081860733785671 1.3528196350775414E-4 
-0.014164926767857845 3.618919621797391E-4 
-0.011482960501853004 9.798182301458031E-5 
-0.011693396480561037 1.1574361908719953E-4 
-0.013380247434197152 2.4091619220640962E-4 
-0.014062492023895402 3.4374251351713855E-4 
-0.011197580680386291 8.351492725612446E-5 
-0.011379114798262592 9.187202258626535E-5 
-0.009398383298219584 2.8534281271085502E-5 
-0.00924641778200771 2.664713020765577E-5 
-0.01110171157340157 7.826351713607626E-5 
-0.013595747667875767 2.6779301395179084E-4 
-0.0127997959037678 1.9297125583535388E-4 
-0.014338915050888152 4.149410117948735E-4 
-0.01351432509474152 2.566152478202773E-4 
-0.0110280046438564 7.464742055456873E-5 
-0.010929897752385663 7.057822874643306E-5 
-0.011555945257892072 1.0202106810647287E-4 
-0.010327345419616284 5.0439352686299784E-5 
-0.013275648263525966 2.310044850030102E-4 
-0.012492750235390787 1.6389762660492396E-4 
-0.013161394872298957 2.2044897783534553E-4 
-0.012571083373205614 1.6857487658806594E-4 
-0.01420122126366526 3.897282707760771E-4 
-0.012726648075000877 1.8203941295796594E-4 
-0.01423930749688784 3.9644149557505287E-4 
-0.01176207523852216 1.1967576855136931E-4 
-0.009931292676410767 4.0654007342027364E-5 
-0.013770152856924872 2.9223965687546604E-4 
-0.01084681556635251 6.76048813797711E-5 
-0.010430802049075837 5.2972707763695084E-5 
-0.009136740762163495 2.510701753646692E-5 
-0.010516846166649139 5.550275884330374E-5 
-0.009684019273367253 3.436890618543268E-5 
-0.013308465179155845 2.3838278384192234E-4 
-0.014302391940470017 4.079994941605346E-4 
-0.013666063450285723 2.764028565839119E-4 
-0.012277680909716206 1.4629103500683342E-4 
-0.01355874253623633 2.636940393433904E-4 
-0.010088408667711359 4.307352803730279E-5 
-0.014124514427915643 3.539061305814111E-4 
-0.012442621202512903 1.5860794868488513E-4 
-0.012774166198581072 1.8662038226276208E-4 
-0.014273202264378056 4.0258354097860727E-4 
-0.0130664063697711 2.1478612534372716E-4 
-0.012386708176872695 1.5463700781282632E-4 
-0.012323586954054808 1.506736183070212E-4 
-0.013447105487444256 2.5030296628473527E-4 
-0.012651936175970874 1.7681104279041292E-4 
-0.012979880939940305 2.0846565629876465E-4 
-0.013856579920708916 3.052547881196931E-4 
-0.008330684022914123 1.5726126966778133E-5 
-0.008896158554109988 2.175193387228072E-5 
-0.011974172769289755 1.2845037586219066E-4 
-0.008226681886039963 1.5335097873062534E-5 
-0.009844717670461342 3.667054405256752E-5 
-0.01285631107225928 2.008624472937224E-4 
-0.008790806808589492 2.0282135710866898E-5 
-0.014097441564723135 3.4967748830938995E-4 
-0.008442917626826483 1.6486796534458523E-5 
-0.008612216289034247 1.846038968357758E-5 
-0.012019916188074192 1.3122434753149966E-4 
-0.008063398543654017 1.4449600075156906E-5 
-0.011836722945417898 1.2403180810817538E-4 
-0.012625623918812508 1.7329380459266694E-4 
-0.013902687666201525 3.142227987872053E-4 
-0.008697734576424136 2.017259340966385E-5 
-0.011849053379373866 1.2752460163343164E-4 
-0.013808303723061296 2.976065857103004E-4 
-0.008527795073528143 1.7247781553401294E-5 
-0.00950511307544664 3.039708733085695E-5 
-0.013682229283981755 2.7876848770945744E-4 
-0.010056752173249937 4.2185910696442916E-5 
-0.011279832689613653 8.752322804716323E-5 
-0.009023314204968033 2.3961650035195616E-5 
-0.013894793085504164 3.1214780933823107E-4 
-0.013048325489014181 2.1208207487665874E-4 
-0.013221951965354592 2.256449884575492E-4 
-0.012910220199579651 2.056875951959421E-4 
-0.009632407533075966 3.351205606421825E-5 
-0.008125332124153374 1.455761641622472E-5 
-0.009543724609304671 3.198988719358613E-5 
-0.013830818582290646 3.0118210696711116E-4 
-0.011314588420495583 8.817079259183109E-5 
-0.013465588693647479 2.5071408483592537E-4 
-0.014162641073827295 3.6153861859564677E-4 
-0.008980641902783608 2.3027455380843367E-5 
-0.01372902296914413 2.854175113113451E-4 
