-0.014376763121341365 4.2232773941764865E-4 
-0.007552176063087488 1.3190277990572023E-5 
-0.014376763121341365 4.2232773941764865E-4 
-0.01265861707098435 1.7478403390369218E-4 
-0.014165785350324426 3.62026337662063E-4 
-0.014166831321335454 3.838378114925574E-4 
-0.00976987663957063 3.526099349660802E-5 
-0.009546382868446614 3.0966512704402494E-5 
-0.012314911009796994 1.4864866421183728E-4 
-0.010237055383405013 4.695989156239055E-5 
-0.013028392001324855 2.113824690542207E-4 
-0.010401099120554142 5.177546920993363E-5 
-0.013820770740525703 3.039013883133391E-4 
-0.012791869933280547 1.8844500415743465E-4 
-0.013360736867015232 2.3897811151904838E-4 
-0.012916878297850612 2.0250950958505E-4 
-0.008375881089597213 1.5974936449048734E-5 
-0.013434281801642417 2.48403330014859E-4 
-0.01273620636415361 1.8375904193795994E-4 
-0.012874934634001335 1.9810792355108345E-4 
-0.008012116310448694 1.4289313780450822E-5 
-0.007783743776479685 1.3976493730922885E-5 
-0.010551386108565548 5.788738682165917E-5 
-0.010707087222629849 6.209931912872361E-5 
-0.014036397413021817 3.3677437367442953E-4 
-0.013902747612328528 3.136604694892502E-4 
-0.009870693891218429 3.823225087030872E-5 
-0.011405598354211231 9.183258022926215E-5 
-0.008532526688597726 1.7107655940512915E-5 
-0.014076178355181788 3.4425938236238576E-4 
-0.012209274715233524 1.4209013405974276E-4 
-0.013569218090731174 2.6807822941431295E-4 
-0.011654121161314927 1.1067311653836196E-4 
-0.012437835800771723 1.587314965119237E-4 
-0.014197893289818011 3.8915113866188635E-4 
-0.013249600230716831 2.2801434961152936E-4 
-0.011298147204455204 8.841829184951568E-5 
-0.013190958614396571 2.2368152177652974E-4 
-0.012094086463019248 1.3728772265779153E-4 
-0.01116661557671265 8.034570710159913E-5 
-0.009432905145294242 2.904649091539011E-5 
-0.008194789854614616 1.5007170297916868E-5 
-0.008634278456437945 1.9131329126604233E-5 
-0.013761270947942807 2.9287909345989153E-4 
-0.011725652076998435 1.1750005967526725E-4 
-0.01012674993055518 4.42887281688873E-5 
-0.011461390739654399 9.758353107957001E-5 
-0.008764675502473746 1.9574178910076345E-5 
-0.011992610747433241 1.3086041458338905E-4 
-0.011251684484549926 8.428221740409305E-5 
-0.011858292560898953 1.2328664963707502E-4 
-0.011929748039612803 1.2610137939922912E-4 
-0.014108073495487101 3.508283375488437E-4 
-0.01399050720345969 3.292696541389564E-4 
-0.013721949457276044 2.8537895701213293E-4 
-0.012528169821629914 1.6505485864332081E-4 
-0.010495018042020157 5.4651155129678765E-5 
-0.009164384237254387 2.467359539400149E-5 
-0.01109287483170244 7.71828489795083E-5 
-0.008863395406365345 2.146047225267127E-5 
-0.007678002967650876 1.364094392928286E-5 
-0.01413222236289004 3.561758958056836E-4 
-0.008963779116623294 2.2446898413101266E-5 
-0.013802252911699332 2.9687807308359743E-4 
-0.00999683307344814 4.1329674680575334E-5 
-0.013695579447978359 2.816649013908264E-4 
-0.014239699446879837 3.965116183480949E-4 
-0.009073716806796117 2.3506931405222607E-5 
-0.012528169821629914 1.6505485864332081E-4 
-0.011021751452964362 7.42082605343763E-5 
-0.01313452502158664 2.1814742385870472E-4 
-0.013554131617837223 2.6163551055491337E-4 
-0.013464009255257042 2.547014773538109E-4 
-0.011793178706973943 1.1855984799396776E-4 
-0.010814651569345041 6.639622845146335E-5 
-0.010908181841610444 7.003861210681152E-5 
-0.011581243463610145 1.0868398609335299E-4 
-0.013095777085798338 2.1529863140979023E-4 
-0.012252643936432812 1.4544869408540868E-4 
-0.009284150077343012 2.583797403316004E-5 
-0.0120703407772024 1.3373418414851582E-4 
-0.013516895009799563 2.5731170888955733E-4 
-0.009324709081850109 2.7645061951600385E-5 
-0.013637480490457848 2.742845507752093E-4 
-0.012437835800771724 1.5873149651192373E-4 
-0.008126665301307581 1.4489761658316807E-5 
-0.014266129951598833 4.062504056442044E-4 
-0.011520173870098769 1.01081211126006E-4 
-0.014258341771911688 3.99871248553391E-4 
-0.011556467664488593 1.0331846618329664E-4 
-0.013950345845961332 3.2668378033140065E-4 
-0.014305918036414105 4.086616638683126E-4 
-0.010955155534320193 7.133254821158114E-5 
-0.013656015412587968 2.749397150344805E-4 
-0.013944364774250352 3.20791970363309E-4 
-0.01004949776979535 4.199387200895932E-5 
-0.010779483204082781 6.436317994006921E-5 
-0.013909617009480678 3.182640403944819E-4 
-0.014341941908079577 4.1552451569440955E-4 
-0.013307281317139147 2.3351126797757448E-4 
