0.0 0.30000000000000016 0.0 0.0 0.0 0.0 0.0 0.35 0.35 0.0 0.0 
0.20209890984506934 0.0 0.0 0.23116137567767178 0.19740955716264943 0.0 0.0 0.18440756212526163 0.18492259518934775 0.0 0.0 
0.20209890984506937 0.0 0.0 0.2311613756776718 0.19740955716264946 0.0 0.0 0.18440756212526166 0.18492259518934778 0.0 0.0 
0.0 0.30000000000000016 0.0 0.0 0.0 0.0 0.0 0.35 0.35 0.0 0.0 
0.0 0.33582310364766993 0.0 0.0 0.0 0.0 0.0 0.34999999999999987 0.31417689635233 0.0 0.0 
0.1130646835626982 0.20755374874136348 0.0 0.0 0.0 0.0 0.0 0.35 0.3293815676959383 0.0 0.0 
0.12119468273276551 0.2077757458306233 0.0 0.0 0.0 0.0 0.0 0.34836704102399835 0.32266253041261284 0.0 0.0 
0.1508759868602301 0.10527705251398588 0.0 0.17599199666253273 0.10890048887869437 0.0 0.0 0.3299412402574576 0.12901323482709942 0.0 0.0 
0.13026016069523957 0.10635680039559853 0.0 0.18437349040906698 0.12373375650951739 0.0 0.0 0.3249393650368173 0.13033642695376013 0.0 0.0 
0.14923312826490376 0.235052183617305 0.0 0.12670894745027286 0.0 0.0 0.0 0.3459139747337471 0.14309176593377135 0.0 0.0 
0.1576632991271335 0.10458540263406438 0.0 0.1836307536699243 0.1175382334547745 0.0 0.0 0.2974074685949195 0.1391748425191839 0.0 0.0 
0.13897336777975222 0.10787440980642482 0.0 0.11826789215493871 0.10923620584337398 0.0 0.0 0.35 0.17564812441551023 0.0 0.0 
0.13133615938204476 0.19345042205979657 0.0 0.17823963760371578 0.0 0.0 0.0 0.35 0.14697378095444313 0.0 0.0 
0.10061283960748273 0.19938716039251753 0.0 0.0 0.0 0.0 0.0 0.35 0.35 0.0 0.0 
0.13155599665872647 0.1509930284637841 0.0 0.11178053686160479 0.10912423375539886 0.0 0.0 0.35 0.14654620426048576 0.0 0.0 
0.1653149392247525 0.14107208478237943 0.0 0.21876941065460923 0.0 0.0 0.0 0.35 0.12484356533825892 0.0 0.0 
0.1265318999383291 0.297020500687977 0.0 0.0 0.0 0.0 0.0 0.35 0.22644759937369394 0.0 0.0 
0.11806304538676377 0.19305401824898777 0.0 0.0 0.0 0.0 0.0 0.35 0.33888293636424843 0.0 0.0 
0.13096610120315963 0.11310794767331253 0.0 0.16932718983536177 0.10274444709414157 0.0 0.0 0.35 0.13385431419402458 0.0 0.0 
0.15613725122924496 0.14531796431229907 0.0 0.10757927191559306 0.10502280580641198 0.0 0.0 0.34490443299962087 0.1410382737368301 0.0 0.0 
0.15861767114733366 0.10521848200350489 0.0 0.1846431895883554 0.15614421317953656 0.0 0.0 0.2654496120820728 0.12992683199919677 0.0 0.0 
0.17346100761852032 0.117031857545587 0.0 0.16238447478983759 0.15834061551391923 0.0 0.0 0.24561162141082582 0.14317042312131006 0.0 0.0 
0.14066965981295212 0.11443519056116924 0.0 0.15485859097614438 0.11419378477508754 0.0 0.0 0.35 0.12584277387464676 0.0 0.0 
0.13512154686594233 0.2489023933728471 0.0 0.0 0.0 0.0 0.0 0.35 0.2659760597612106 0.0 0.0 
0.15019204127898078 0.16412864211584793 0.0 0.11198785291779159 0.0 0.0 0.0 0.35 0.22369146368737972 0.0 0.0 
0.0 0.3064048351594348 0.0 0.0 0.0 0.0 0.0 0.35 0.34359516484056507 0.0 0.0 
0.13090439056825062 0.26840083193182396 0.0 0.0 0.0 0.0 0.0 0.35 0.25069477749992547 0.0 0.0 
0.15260609945976752 0.11057210065346741 0.0 0.1655309238915844 0.10044094671836039 0.0 0.0 0.33999658955651446 0.1308533397203058 0.0 0.0 
0.15849114680623286 0.10126449456219586 0.0 0.16649376254792903 0.10811533251914333 0.0 0.0 0.3415392739387968 0.12409598962570226 0.0 0.0 
0.137045259395822 0.1497619457163493 0.0 0.10218520383375175 0.10840415772483762 0.0 0.0 0.34984824652904845 0.15275518680019087 0.0 0.0 
0.1522888666544564 0.10274729285142421 0.0 0.16509024526892452 0.13901402518665645 0.0 0.0 0.3151641081308481 0.12569546190769026 0.0 0.0 
0.14971757836619964 0.28327463312428325 0.0 0.0 0.0 0.0 0.0 0.35 0.2170077885095171 0.0 0.0 
0.1136336469071486 0.24606979687335087 0.0 0.12132790436663435 0.0 0.0 0.0 0.347877113902801 0.17109153795006515 0.0 0.0 
0.14992932347467966 0.30232196037529846 0.0 0.0 0.0 0.0 0.0 0.35 0.1977487161500218 0.0 0.0 
0.1360246371221439 0.21012421674062612 0.0 0.11795146139550078 0.0 0.0 0.0 0.3490635601617201 0.1868361245800092 0.0 0.0 
0.0 0.32970604970169914 0.0 0.0 0.0 0.0 0.0 0.35 0.3202939502983009 0.0 0.0 
0.11178398864203794 0.2408238838398179 0.0 0.10510968434274869 0.0 0.0 0.0 0.35 0.19228244317539553 0.0 0.0 
0.0 0.323260911476331 0.0 0.0 0.0 0.0 0.0 0.35 0.32673908852366923 0.0 0.0 
0.15478589999194298 0.14833543093567464 0.0 0.2115796631541339 0.0 0.0 0.0 0.3442227697146225 0.14107623620362594 0.0 0.0 
0.15982047625279294 0.10601635859838276 0.0 0.14838531998801954 0.15732826193931074 0.0 0.0 0.287370525907797 0.14107905731369705 0.0 0.0 
0.12098937244880104 0.23855611200013724 0.0 0.0 0.0 0.0 0.0 0.35 0.2904545155510616 0.0 0.0 
0.15996603153559624 0.10792697489673715 0.0 0.16011928358656033 0.10890358943557782 0.0 0.0 0.3310521167285344 0.13203200381699426 0.0 0.0 
0.1509052173493202 0.10730794535790869 0.0 0.1798944672842742 0.12072786691284057 0.0 0.0 0.3170455462078398 0.12411895688781642 0.0 0.0 
0.1723263993525471 0.1162663522901036 0.0 0.1613223181132924 0.15730490971658823 0.0 0.0 0.2277733418159324 0.16500667871153615 0.0 0.0 
0.16286319431793764 0.10743606426065164 0.0 0.1801092499052732 0.10790026589423 0.0 0.0 0.31742407854637456 0.12426714707553298 0.0 0.0 
0.15619338678375325 0.11947469266978311 0.0 0.19196716301621244 0.1240405354850924 0.0 0.0 0.26216536700726123 0.14615885503789758 0.0 0.0 
0.17242001541821303 0.24692996340811393 0.0 0.0 0.0 0.0 0.0 0.35 0.23065002117367317 0.0 0.0 
0.0 0.31258545411667366 0.0 0.0 0.0 0.0 0.0 0.35 0.3374145458833264 0.0 0.0 
0.1175973222162542 0.26077125443204485 0.0 0.0 0.0 0.0 0.0 0.35 0.27163142335170104 0.0 0.0 
0.1484531817034375 0.2395077769958008 0.0 0.12061593859196805 0.0 0.0 0.0 0.35 0.1414231027087938 0.0 0.0 
0.1426499940234601 0.24495377737139074 0.0 0.0 0.0 0.0 0.0 0.35 0.2623962286051492 0.0 0.0 
0.16869659494271994 0.11380220218277559 0.0 0.18306482506138763 0.11387801535521977 0.0 0.0 0.2901101202417478 0.13044824221614923 0.0 0.0 
0.10252860848528729 0.20362758352750632 0.0 0.0 0.0 0.0 0.0 0.35 0.34384380798720643 0.0 0.0 
0.13301190237987748 0.24477637869306604 0.0 0.11096434257607347 0.0 0.0 0.0 0.3465253406361491 0.16472203571483388 0.0 0.0 
0.11023215857065936 0.23748067029565326 0.0 0.1036505096350138 0.0 0.0 0.0 0.35 0.19863666149867348 0.0 0.0 
0.0 0.3175250735341928 0.0 0.0 0.0 0.0 0.0 0.35 0.3324749264658071 0.0 0.0 
0.17070996123833335 0.29021167638152157 0.0 0.0 0.0 0.0 0.0 0.35 0.18907836238014505 0.0 0.0 
0.1521569380237683 0.24669123770184095 0.0 0.10157072723235572 0.0 0.0 0.0 0.3477444824471049 0.15183661459493003 0.0 0.0 
0.11952070671163907 0.2574916241515495 0.0 0.1282056662837361 0.0 0.0 0.0 0.35 0.14478200285307527 0.0 0.0 
0.15020150602717194 0.25360345578707494 0.0 0.0 0.0 0.0 0.0 0.35 0.24619503818575308 0.0 0.0 
0.10638669423748996 0.24403416196708322 0.0 0.11453622655673606 0.0 0.0 0.0 0.35 0.18504291723869082 0.0 0.0 
0.15087487006272327 0.3238270132004077 0.0 0.0 0.0 0.0 0.0 0.3443950190472837 0.18090309768958535 0.0 0.0 
0.10076382578941094 0.25136233642838307 0.0 0.0 0.0 0.0 0.0 0.35 0.2978738377822059 0.0 0.0 
0.20067831259233312 0.0 0.0 0.22521658891280838 0.19233276732594914 0.0 0.0 0.2159793421521875 0.16579298901672196 0.0 0.0 
0.1941835548763217 0.0 0.0 0.21374688021369792 0.17893143340647946 0.0 0.0 0.24027481005770415 0.1728633214457967 0.0 0.0 
0.13708032832165745 0.2353897345427029 0.0 0.16051173131370355 0.0 0.0 0.0 0.35 0.11701820582193623 0.0 0.0 
0.2049321136025132 0.0 0.0 0.2268038676195973 0.19368828783919365 0.0 0.0 0.21190802305293585 0.16266770788576004 0.0 0.0 
0.16412740720261526 0.1019573054712654 0.0 0.1790163481164921 0.13696896411320655 0.0 0.0 0.2822524180448601 0.13567755705156045 0.0 0.0 
0.15284146714692992 0.35 0.0 0.0 0.0 0.0 0.0 0.35 0.14715853285307015 0.0 0.0 
0.19006599635807714 0.0 0.0 0.21885546340182432 0.1814284597192612 0.0 0.0 0.23437441455877864 0.17527566596205857 0.0 0.0 
0.11195200798817978 0.1954280637616809 0.0 0.0 0.0 0.0 0.0 0.35 0.3426199282501394 0.0 0.0 
0.19592655407511833 0.0 0.0 0.2238849411740022 0.1859165723921159 0.0 0.0 0.21230263372387073 0.18196929863489275 0.0 0.0 
0.18579009694746437 0.0 0.0 0.2297041062900383 0.19214285093486616 0.0 0.0 0.24069858022199997 0.15166436560563126 0.0 0.0 
0.14385758219900693 0.17986823055292828 0.0 0.18222447777413409 0.0 0.0 0.0 0.35 0.14404970947393078 0.0 0.0 
0.20596474856662209 0.0 0.0 0.22816751288815207 0.18947286809446673 0.0 0.0 0.1879349928014463 0.1884598776493127 0.0 0.0 
0.15738373449871956 0.13404159922471465 0.0 0.2151306904111553 0.0 0.0 0.0 0.35 0.14344397586541052 0.0 0.0 
0.13786067573746374 0.20094478052834677 0.0 0.1172674525495863 0.0 0.0 0.0 0.35 0.19392709118460316 0.0 0.0 
0.11981250341866323 0.217724107977081 0.0 0.0 0.0 0.0 0.0 0.35 0.31246338860425565 0.0 0.0 
0.17551222682151102 0.0 0.0 0.23004368280896012 0.19500748317827254 0.0 0.0 0.2463559860157732 0.15308062117548313 0.0 0.0 
0.15648632986887148 0.11406034976378034 0.0 0.2258843603202869 0.0 0.0 0.0 0.35 0.1535689600470613 0.0 0.0 
0.1098548404381965 0.2472017607235731 0.0 0.0 0.0 0.0 0.0 0.35 0.29294339883823045 0.0 0.0 
0.19982153614265108 0.0 0.0 0.21995286870303588 0.18412658018472092 0.0 0.0 0.21821673005612388 0.17788228491346836 0.0 0.0 
0.1655875109274767 0.11171971301361043 0.0 0.17547058888978825 0.15115344227295424 0.0 0.0 0.2695132481871001 0.12655549670907018 0.0 0.0 
0.11872628054632292 0.25650439118028573 0.0 0.0 0.0 0.0 0.0 0.35 0.27476932827339134 0.0 0.0 
0.16550468049613468 0.10143255148410088 0.0 0.20616637285386047 0.11160327501170782 0.0 0.0 0.2996864638612845 0.1156066562929116 0.0 0.0 
0.13353605008100933 0.15641147655955684 0.0 0.12402648411817253 0.10562833839529999 0.0 0.0 0.34088995982213854 0.13950769102382277 0.0 0.0 
0.16878416668232 0.12316056482964408 0.0 0.19099288300186396 0.13861171646859435 0.0 0.0 0.22127751102717144 0.15717315799040615 0.0 0.0 
0.11331500301714467 0.2278726031262392 0.0 0.0 0.0 0.0 0.0 0.35 0.3088123938566162 0.0 0.0 
0.14387141178265966 0.3279571910814045 0.0 0.0 0.0 0.0 0.0 0.3487875268740297 0.17938387026190622 0.0 0.0 
0.14712925691576978 0.2958719134866286 0.0 0.0 0.0 0.0 0.0 0.35 0.20699882959760166 0.0 0.0 
0.18270159847740364 0.30037804911565896 0.0 0.0 0.0 0.0 0.0 0.35 0.16692035240693742 0.0 0.0 
0.16635460311060893 0.10163707820236494 0.0 0.16465401087738185 0.16249463471727293 0.0 0.0 0.2839800296086261 0.12087964348374519 0.0 0.0 
0.19907649748869213 0.0 0.0 0.22770433081433752 0.19445727461301696 0.0 0.0 0.19660484049697666 0.1821570565869768 0.0 0.0 
0.18090851218428095 0.12274137746926107 0.0 0.16377527760099778 0.13905850083307464 0.0 0.0 0.2614216144725625 0.13209471743982304 0.0 0.0 
0.1086981569585989 0.24496049189584335 0.0 0.0 0.0 0.0 0.0 0.35 0.2963413511455578 0.0 0.0 
0.16049610305596876 0.11628887262315782 0.0 0.12996241669948821 0.1056339202208556 0.0 0.0 0.35 0.1376186874005297 0.0 0.0 
0.13283353463792258 0.2740317525885799 0.0 0.0 0.0 0.0 0.0 0.35 0.24313471277349752 0.0 0.0 
0.1016984425415659 0.19830155745843406 0.0 0.0 0.0 0.0 0.0 0.35 0.35 0.0 0.0 
0.19512312038743562 0.0 0.0 0.21269147644614725 0.17631859112509757 0.0 0.0 0.24552772340680112 0.1703390886345184 0.0 0.0 
0.10966070276730598 0.2608813449496073 0.0 0.0 0.0 0.0 0.0 0.35 0.2794579522830867 0.0 0.0 
