0.0 0.30000000000000027 0.0 0.0 0.0 0.0 0.0 0.35 0.35 0.0 0.0 
0.0 0.30000000000000027 0.0 0.0 0.0 0.0 0.0 0.35 0.35 0.0 0.0 
0.0 0.14509173547932191 0.3452875139365091 0.19037882376073054 0.10000784995567118 0.0 0.21923407686776722 0.0 0.0 0.0 0.0 
0.13978840331626655 0.0 0.26322406115977265 0.0 0.10013983261505181 0.0 0.0 0.2824025162986342 0.1141539544000167 0.10029123221025797 0.0 
0.11668138840832863 0.21066385218837752 0.26554888223530815 0.19124885215920048 0.0 0.0 0.21585702500878523 0.0 0.0 0.0 0.0 
0.0 0.19956093763646257 0.0 0.0 0.0 0.0 0.10043906236353761 0.35 0.3499999999999999 0.0 0.0 
0.0 0.29999999999999993 0.0 0.0 0.0 0.0 0.0 0.3499999999999999 0.3499999999999999 0.0 0.0 
0.0 0.2051708909540423 0.0 0.0 0.0 0.0 0.11465655483832642 0.3499999999999999 0.33017255420763125 0.0 0.0 
0.10007251016509623 0.19992748983490402 0.0 0.0 0.0 0.0 0.0 0.35 0.35 0.0 0.0 
0.1850835559586324 0.14586337716526185 0.0 0.0 0.0 0.0 0.0 0.35 0.31905306687610563 0.0 0.0 
0.16766989987123274 0.1323301001287675 0.0 0.0 0.0 0.0 0.0 0.35 0.35 0.0 0.0 
0.10030156458364387 0.19810494735610532 0.2928239571460149 0.1951427316956545 0.0 0.0 0.2136267992185814 0.0 0.0 0.0 0.0 
0.1398024336803757 0.0 0.2243689455348081 0.0 0.100863363160666 0.0 0.0 0.32060864587525395 0.1128551150757065 0.10150149667318975 0.0 
0.14122325057056206 0.0 0.20783105375969207 0.0 0.10438849754743972 0.0 0.0 0.3347201382800478 0.10724153458993547 0.10459552525232291 0.0 
0.14180532027227877 0.0 0.18362676060725772 0.0 0.10169833224344876 0.0 0.0 0.35 0.11573475041876569 0.10713483645824914 0.0 
0.21055941588326071 0.0 0.1371741891942542 0.0 0.0 0.0 0.0 0.3480113396168283 0.19776952477181584 0.10648553053384101 0.0 
0.0 0.19956093763646257 0.0 0.0 0.0 0.0 0.10043906236353761 0.35 0.3499999999999999 0.0 0.0 
0.0 0.20893581043392406 0.0 0.0 0.0 0.0 0.10515743783674658 0.35 0.33590675172932943 0.0 0.0 
0.11871506966458731 0.10587965174967191 0.0 0.0 0.0 0.0 0.0 0.35 0.3214400075137341 0.10396527107200666 0.0 
0.11496511747947827 0.10635397788760967 0.0 0.0 0.0 0.0 0.0 0.35 0.3276998640671519 0.10098104056576016 0.0 
0.14454543124171496 0.15545456875828503 0.0 0.0 0.0 0.0 0.0 0.35 0.35 0.0 0.0 
0.15525737139579338 0.10649108388587089 0.0 0.0 0.0 0.0 0.0 0.35 0.26404868753833116 0.12420285718000457 0.0 
0.20011215956554937 0.0 0.16320898538539605 0.0 0.0 0.0 0.0 0.35 0.18510945296985679 0.10156940207919786 0.0 
0.10011919572831374 0.10004811430296544 0.0 0.0 0.0 0.0 0.0 0.34983774396099815 0.34997443826845004 0.10002050773927272 0.0 
0.12529321992795148 0.1045686936944485 0.0 0.0 0.0 0.0 0.0 0.35 0.31746007029107026 0.10267801608652968 0.0 
0.143574862203553 0.0 0.23641446457359525 0.0 0.10076023348425459 0.0 0.0 0.2944824562377537 0.12232646138984839 0.10244152211099503 0.0 
0.21409533048298096 0.10756611362075984 0.0 0.0 0.0 0.0 0.0 0.343647254379494 0.23317975687801867 0.10151154463874651 0.0 
0.22420017463413122 0.11313297533576305 0.0 0.0 0.0 0.0 0.0 0.3449034025598676 0.19605181847176417 0.12171162899847386 0.0 
0.2038781329067398 0.0 0.19052955762276796 0.0 0.0 0.0 0.0 0.35 0.1538654838042653 0.10172682566622697 0.0 
0.21396662746555778 0.0 0.17436018751847693 0.0 0.0 0.0 0.0 0.3491807070877777 0.16100136039880716 0.10149111752938042 0.0 
0.10115529154164649 0.19979113774379922 0.266498270965079 0.19680370888378124 0.0 0.0 0.2357515908656943 0.0 0.0 0.0 0.0 
0.22892732099976698 0.0 0.19613381114110345 0.0 0.0 0.0 0.0 0.35 0.11722077141592226 0.10771809644320725 0.0 
0.223185453935304 0.10765523375041208 0.0 0.0 0.0 0.0 0.0 0.35 0.21514712516434592 0.10401218714993803 0.0 
0.10899781326811911 0.16441512220216972 0.31673363714100095 0.191035654994189 0.0 0.0 0.21881777239452124 0.0 0.0 0.0 0.0 
0.1408569811717193 0.0 0.2575903430639907 0.0 0.10090532678368531 0.0 0.0 0.28456127244779855 0.11502657605453435 0.10105950047827175 0.0 
0.19303050054134943 0.0 0.20348646449448116 0.0 0.0 0.0 0.0 0.34003596765159166 0.1618623085582257 0.10158475875435219 0.0 
0.22704486802371163 0.10758772597852043 0.0 0.0 0.0 0.0 0.0 0.35 0.20255781921191754 0.11280958678585042 0.0 
0.1357281313998244 0.0 0.20682792246063844 0.0 0.10041737499359144 0.0 0.0 0.34879013343251664 0.10414576023637105 0.10409067747705791 0.0 
0.17468110387265903 0.0 0.14199050053680629 0.0 0.0 0.0 0.0 0.35 0.22890255614783933 0.1044258394426954 0.0 
0.14647892951860533 0.10046994761435854 0.0 0.0 0.0 0.0 0.0 0.34984950408461735 0.2874345729324884 0.11576704584993032 0.0 
0.18334060823696463 0.11665939176303533 0.0 0.0 0.0 0.0 0.0 0.35 0.35 0.0 0.0 
0.1995320761490803 0.11010917731624931 0.0 0.0 0.0 0.0 0.0 0.35 0.3403587465346704 0.0 0.0 
0.1939315480009716 0.0 0.11737836723853218 0.0 0.0 0.0 0.0 0.35 0.23550293781308151 0.10318714694741483 0.0 
0.13020077484059803 0.11430011891441555 0.0 0.0 0.0 0.0 0.0 0.3499228366358922 0.29816924727064936 0.10740702233844487 0.0 
0.14372707294840462 0.11224084509724114 0.0 0.0 0.0 0.0 0.0 0.35 0.2915711220519678 0.1024609599023866 0.0 
0.1109785127487415 0.19373712510836458 0.0 0.0 0.0 0.0 0.0 0.35 0.34528436214289393 0.0 0.0 
0.19759540892792077 0.11490353344100959 0.0 0.0 0.0 0.0 0.0 0.35 0.3375010576310697 0.0 0.0 
0.10325680095073694 0.10354808615774258 0.0 0.0 0.0 0.0 0.0 0.3494581683577244 0.3416473175397612 0.1020896269940349 0.0 
0.199049115767934 0.10095088423206605 0.0 0.0 0.0 0.0 0.0 0.35 0.35 0.0 0.0 
0.20221510313336502 0.0 0.20637418994249915 0.0 0.0 0.0 0.0 0.34982743492817975 0.13818776486000048 0.10339550713595563 0.0 
0.1997466915294038 0.0 0.1766039344196163 0.0 0.0 0.0 0.0 0.35 0.1690744163318827 0.10457495771909718 0.0 
0.18658304933404357 0.0 0.10933892928099426 0.0 0.0 0.0 0.0 0.34885663159437075 0.2526663111537121 0.10255507863687939 0.0 
0.2130617358659196 0.0 0.1360368756496517 0.0 0.0 0.0 0.0 0.3499861553938053 0.19889974123656531 0.10201549185405817 0.0 
0.0 0.16807994611738342 0.3237936507978934 0.19530333655479074 0.10066173736144168 0.0 0.21216132916849081 0.0 0.0 0.0 0.0 
0.18304175884981713 0.10987649866318053 0.0 0.0 0.0 0.0 0.0 0.35 0.25607929308968086 0.10100244939732154 0.0 
0.10370501864136882 0.10153829228013889 0.0 0.0 0.0 0.0 0.0 0.3499986611233134 0.3441168583390121 0.10064116961616681 0.0 
0.0 0.29999999999999993 0.0 0.0 0.0 0.0 0.0 0.35 0.3499999999999999 0.0 0.0 
0.2188960406304233 0.10558620199297991 0.0 0.0 0.0 0.0 0.0 0.35 0.2106296907458605 0.11488806663073625 0.0 
0.21180854718838396 0.0 0.22438198868005105 0.0 0.0 0.0 0.0 0.35 0.11361107092780327 0.1001983932037616 0.0 
0.12086219953177481 0.1791378004682251 0.0 0.0 0.0 0.0 0.0 0.35 0.34999999999999987 0.0 0.0 
0.1393916485678806 0.0 0.2051355785263455 0.0 0.10303462571406717 0.0 0.0 0.3459055784146887 0.10329360041422764 0.1032389683627904 0.0 
0.10090811148381852 0.20174070344424516 0.0 0.0 0.0 0.0 0.0 0.35 0.34735118507193624 0.0 0.0 
0.11071176843718761 0.1018776772688723 0.0 0.0 0.0 0.0 0.0 0.34987675123154804 0.33709105750016377 0.10044274556222839 0.0 
0.1564927258397053 0.0 0.12295841059496981 0.0 0.0 0.0 0.0 0.3499941872128383 0.2608344299772179 0.10972024637526868 0.0 
0.14320737053375726 0.0 0.23580934230485961 0.0 0.10050232937845338 0.0 0.0 0.29577787886541546 0.12201335674975737 0.10268972216775707 0.0 
0.12985020520023596 0.10261034247661573 0.0 0.0 0.0 0.0 0.0 0.3452876151220511 0.31645971315998855 0.10579212404110862 0.0 
0.13225334887006657 0.11495498342510851 0.0 0.0 0.0 0.0 0.0 0.35 0.2998775609633393 0.10291410674148571 0.0 
0.1294014331591089 0.10200483146790648 0.0 0.0 0.0 0.0 0.0 0.34847446397751036 0.3149134824202667 0.10520578897520753 0.0 
0.15881571880656506 0.0 0.1247836169839296 0.0 0.0 0.0 0.0 0.35 0.2647062811645541 0.10169438304495113 0.0 
0.19836991270771193 0.0 0.10517070246610075 0.0 0.0 0.0 0.0 0.35 0.24089271548617064 0.10556666934001677 0.0 
0.1100455776951487 0.10507118168297602 0.0 0.0 0.0 0.0 0.0 0.347771422630846 0.3350626648107441 0.10204915318028521 0.0 
0.2159623123582499 0.0 0.22221915386825042 0.0 0.0 0.0 0.0 0.35 0.1103623274590069 0.10145620631449276 0.0 
0.1224845312471623 0.17982332911807514 0.0 0.0 0.0 0.0 0.0 0.35 0.3476921396347626 0.0 0.0 
0.15362404508741687 0.11493177176802509 0.0 0.0 0.0 0.0 0.0 0.35 0.27336285215066064 0.10808133099389737 0.0 
0.20217940145248328 0.10208100914827031 0.0 0.0 0.0 0.0 0.0 0.35 0.237827922150909 0.10791166724833755 0.0 
0.18331722377950357 0.0 0.14234403235117984 0.0 0.0 0.0 0.0 0.35 0.2198137608620538 0.10452498300726298 0.0 
0.178262575775285 0.0 0.13841914758475038 0.0 0.0 0.0 0.0 0.34830259000457664 0.23345770770216417 0.1015579789332239 0.0 
0.2081279944280103 0.0 0.13045910505652983 0.0 0.0 0.0 0.0 0.34685854481517625 0.2103128202753138 0.10424153542496988 0.0 
0.1398030809537249 0.0 0.22979355153143466 0.0 0.10185272475786633 0.0 0.0 0.3055255058268422 0.12266675570163978 0.1003583812284922 0.0 
0.14695643133830855 0.10122383646853143 0.0 0.0 0.0 0.0 0.0 0.35 0.28959137430427273 0.11222835788888738 0.0 
0.20780296121416092 0.0 0.1257741329148161 0.0 0.0 0.0 0.0 0.35 0.20585505388437192 0.11056785198665119 0.0 
0.19718024623822905 0.0 0.21593607478525897 0.0 0.0 0.0 0.0 0.35 0.1338376447483044 0.10304603422820763 0.0 
0.18676789204402913 0.0 0.10776764052384544 0.0 0.0 0.0 0.0 0.3499895927322451 0.25284661306909206 0.1026282616307884 0.0 
0.14521245079607228 0.11409387223248216 0.0 0.0 0.0 0.0 0.0 0.34868728293949375 0.2900721778605899 0.10193421617136199 0.0 
0.20526563330418393 0.0 0.16352414169642357 0.0 0.0 0.0 0.0 0.35 0.17374589225068773 0.10746433274870476 0.0 
0.13093061141695955 0.16906938858304044 0.0 0.0 0.0 0.0 0.0 0.35 0.35 0.0 0.0 
0.1398030809537249 0.0 0.22979355153143466 0.0 0.10185272475786633 0.0 0.0 0.3055255058268422 0.12266675570163978 0.1003583812284922 0.0 
0.20993649160368053 0.1066278336318751 0.0 0.0 0.0 0.0 0.0 0.35 0.23242463737908517 0.1010110373853593 0.0 
0.17789898262261825 0.11547675691420387 0.0 0.0 0.0 0.0 0.0 0.3469518802191789 0.24888444034648777 0.11078793989751129 0.0 
0.10124000101102298 0.14492530782423568 0.34489145146551337 0.19015097819763827 0.0 0.0 0.21879226150158984 0.0 0.0 0.0 0.0 
0.19985288234691737 0.0 0.16468899872818837 0.0 0.0 0.0 0.0 0.3490766405298229 0.18491743591392348 0.1014640424811479 0.0 
0.15959246330217805 0.10946452490001057 0.0 0.0 0.0 0.0 0.0 0.35 0.27142144747847485 0.10952156431933668 0.0 
0.10905598074919837 0.19094401925080176 0.0 0.0 0.0 0.0 0.0 0.35 0.35 0.0 0.0 
0.1072515051815955 0.1530523040805351 0.35 0.19370804094613092 0.0 0.0 0.1959881497917384 0.0 0.0 0.0 0.0 
0.13933516282791353 0.1606648371720865 0.0 0.0 0.0 0.0 0.0 0.35 0.35 0.0 0.0 
0.19662718201393986 0.10734038599793039 0.0 0.0 0.0 0.0 0.0 0.3491265973452826 0.24429719655569873 0.10260863808714822 0.0 
0.1001460611430332 0.10024120583123633 0.0 0.0 0.0 0.0 0.0 0.3497229912552534 0.3498724409348846 0.10001730083559233 0.0 
0.19703200451296213 0.10756138190938386 0.0 0.0 0.0 0.0 0.0 0.34846640174824917 0.243737377482116 0.1032028343472889 0.0 
0.18331722377950355 0.0 0.14234403235117984 0.0 0.0 0.0 0.0 0.3499999999999999 0.21981376086205373 0.10452498300726296 0.0 
0.15399276138813742 0.10760604251791411 0.0 0.0 0.0 0.0 0.0 0.35 0.2687640742782935 0.11963712181565488 0.0 
