0.0 0.0 0.0 0.0 0.0 0.0 0.29999999999999993 0.35 0.35 0.0 0.0 
0.0 0.0 0.1368856476581842 0.0 0.17792762867351328 0.26746596269946865 0.10060110307858923 0.10126272929556825 0.0 0.21585692859467653 0.0 
0.0 0.0 0.0 0.0 0.0 0.0 0.2999999999999999 0.35 0.35 0.0 0.0 
0.0 0.0 0.1000905919886394 0.0 0.0 0.0 0.19990940801136073 0.35 0.35 0.0 0.0 
0.2999999999999999 0.0 0.0 0.0 0.0 0.0 0.0 0.35 0.35 0.0 0.0 
0.0 0.0 0.1160542920113197 0.0 0.17916384191888376 0.21411566410803395 0.10900539796032861 0.17949927633849017 0.0 0.2021615276629438 0.0 
0.0 0.0 0.18004263420555938 0.0 0.0 0.32389434885537977 0.0 0.10002167384570419 0.25434233918833676 0.14169900390502 0.0 
0.0 0.0 0.2048325905118669 0.0 0.0 0.16022778197014914 0.0 0.2849396275179839 0.35 0.0 0.0 
0.0 0.0 0.1745989992014042 0.0 0.0 0.13904265884857145 0.0 0.2376792806975947 0.3418960392415889 0.10678302201084071 0.0 
0.0 0.0 0.1793163539291701 0.0 0.0 0.29092415186864123 0.0 0.10696240453340984 0.2932449270288718 0.129552162639907 0.0 
0.0 0.0 0.20231102695106243 0.0 0.0 0.0 0.0 0.34265025748073663 0.34491159888171086 0.1101271166864902 0.0 
0.0 0.0 0.1384496170593476 0.0 0.0 0.0 0.16333280130755237 0.3482175816331002 0.35 0.0 0.0 
0.0 0.0 0.20216493999834723 0.0 0.0 0.14446277837041854 0.0 0.30337228163123425 0.35 0.0 0.0 
0.0 0.0 0.19837966214428043 0.0 0.0 0.13453742391624854 0.0 0.23895641060958692 0.32595847282952867 0.10216803050035544 0.0 
0.0 0.0 0.16659888848148127 0.0 0.0 0.0 0.1334011115185187 0.35 0.35 0.0 0.0 
0.0 0.0 0.18855654918061115 0.0 0.0 0.13993335801083354 0.0 0.32151009280855536 0.35 0.0 0.0 
0.0 0.0 0.1919522022534474 0.0 0.0 0.1649011105077185 0.0 0.2931466872388342 0.35 0.0 0.0 
0.0 0.0 0.1234198791379896 0.0 0.1753119238649483 0.24537225395307102 0.10012861276866127 0.13006978106969577 0.0 0.2256975492056342 0.0 
0.0 0.0 0.17250724336876966 0.0 0.0 0.1372883415910693 0.0 0.24743081372104306 0.3369791588366986 0.10579444248241936 0.0 
0.0 0.0 0.1855992087965431 0.0 0.0 0.2855173631836103 0.0 0.1274799624688522 0.285547752036647 0.11585571351434733 0.0 
0.0 0.0 0.1791982323889796 0.0 0.0 0.17016410791060357 0.0 0.20860074017340907 0.33887972628891383 0.10315719323809379 0.0 
0.0 0.0 0.0 0.0 0.0 0.0 0.3205324325019861 0.3294675674980139 0.35 0.0 0.0 
0.0 0.0 0.1788025770586646 0.0 0.0 0.234774044581461 0.0 0.16922793472618794 0.3126312813741507 0.1045641622595358 0.0 
0.0 0.0 0.10895605921319095 0.0 0.0 0.0 0.19104394078680914 0.35 0.35 0.0 0.0 
0.0 0.0 0.20250071023571464 0.0 0.0 0.20558535326341634 0.0 0.18165838402129583 0.2906686192213627 0.11958693325821056 0.0 
0.0 0.0 0.1297394837842843 0.0 0.18237287455253237 0.21224422336525745 0.11291370083504218 0.13792517268177218 0.0 0.22480454478111148 0.0 
0.0 0.0 0.17967159700878116 0.0 0.0 0.1899117050479141 0.0 0.17221400539022422 0.35 0.10820269255308053 0.0 
0.0 0.0 0.20433960395239806 0.0 0.0 0.0 0.0 0.3494920550194009 0.3448231587352774 0.10134518229292358 0.0 
0.0 0.0 0.21853415506611984 0.0 0.0 0.0 0.0 0.3273322866823291 0.3499003639690449 0.10423319428250609 0.0 
0.0 0.0 0.17683080720511224 0.0 0.0 0.0 0.0 0.35 0.35 0.12316919279488785 0.0 
0.0 0.0 0.14531402405857993 0.0 0.18146981036606252 0.23417273458019455 0.1030397007432919 0.12074769935400924 0.0 0.21525603089786183 0.0 
0.0 0.0 0.17662215809539383 0.0 0.0 0.1734294789946698 0.0 0.22533907653750473 0.3228989180679867 0.10171036830444506 0.0 
0.0 0.0 0.19488600797445554 0.0 0.0 0.0 0.0 0.35 0.35 0.10511399202554451 0.0 
0.0 0.0 0.18418730225213087 0.0 0.0 0.23195878347350746 0.0 0.1671986609030817 0.3015609273153017 0.11509432605597825 0.0 
0.0 0.0 0.21106958479874682 0.0 0.0 0.0 0.0 0.33608269237556043 0.3464389090390144 0.10640881378667827 0.0 
0.0 0.0 0.1639471637429809 0.0 0.0 0.24997140717903718 0.0 0.144433638312554 0.337242799772476 0.10440499099295195 0.0 
0.0 0.0 0.20531414798218245 0.0 0.0 0.1028575761444886 0.0 0.341828275873329 0.35 0.0 0.0 
0.0 0.0 0.18533338418667458 0.0 0.0 0.0 0.0 0.35 0.35 0.11466661581332546 0.0 
0.0 0.0 0.21553013231291285 0.0 0.0 0.12007138910262867 0.0 0.31439847858445863 0.35 0.0 0.0 
0.0 0.0 0.16552041227494407 0.0 0.0 0.20039599401412508 0.0 0.18895794074217537 0.33452117050796476 0.11060448246079066 0.0 
0.0 0.0 0.17391698127300564 0.0 0.0 0.26526006608387515 0.0 0.11368885616548406 0.33422876139283225 0.11290533508480288 0.0 
0.0 0.0 0.12145667116997452 0.0 0.0 0.0 0.1785433288300255 0.35 0.35 0.0 0.0 
0.0 0.0 0.1810574308831361 0.0 0.0 0.3163744829949097 0.0 0.10457434888832914 0.25528446141311195 0.14270927582051313 0.0 
0.0 0.0 0.18654287216572932 0.0 0.0 0.11760145814115207 0.0 0.2461496044271746 0.3449094365339768 0.10479662873196713 0.0 
0.0 0.0 0.13311894467015506 0.0 0.1810886534531283 0.20390714475502753 0.1058890949690584 0.17002514015725095 0.0 0.20597102199537978 0.0 
0.0 0.0 0.18368143482422475 0.0 0.0 0.2980243177506769 0.0 0.10449979988176948 0.28062088726099543 0.13317356028233338 0.0 
0.0 0.0 0.1715603954398264 0.0 0.0 0.1876881884710935 0.0 0.19303943928401 0.34370122238426565 0.10401075442080455 0.0 
0.0 0.0 0.17256963914421114 0.0 0.0 0.10679576119049383 0.0 0.29094249622156887 0.328838127757192 0.10085397568653427 0.0 
0.0 0.0 0.0 0.0 0.0 0.0 0.30724981572877286 0.3427501842712271 0.35 0.0 0.0 
0.0 0.0 0.1639562482652122 0.0 0.0 0.1736737235583212 0.0 0.23716275517296426 0.3233536637421604 0.10185360926134206 0.0 
0.0 0.0 0.19802014823623262 0.0 0.0 0.10197985176376749 0.0 0.35 0.35 0.0 0.0 
0.0 0.0 0.13170979568489385 0.0 0.2031809017341635 0.2018088904568081 0.10644572474988427 0.14369181712893128 0.0 0.21316287024531888 0.0 
0.0 0.0 0.187907376933654 0.0 0.0 0.11195289058494365 0.0 0.24968896341074642 0.34471760420614506 0.105733164864511 0.0 
0.0 0.0 0.18728872677846764 0.0 0.0 0.2533158931164975 0.0 0.15192476778719402 0.30209161519905525 0.10537899711878553 0.0 
0.0 0.0 0.21805644801269647 0.0 0.0 0.12422374818867307 0.0 0.3077198037986304 0.35 0.0 0.0 
0.0 0.0 0.174121305128338 0.0 0.0 0.11912738246380163 0.0 0.2710530095316174 0.33319146780507236 0.10250683507117075 0.0 
0.0 0.0 0.21470869434527784 0.0 0.0 0.0 0.0 0.33386446190751823 0.3444710143948227 0.1069558293523812 0.0 
0.0 0.0 0.16934581557081183 0.0 0.0 0.20059077852933999 0.0 0.18821729265593345 0.33320996620625093 0.10863614703766386 0.0 
0.0 0.0 0.19039426546161364 0.0 0.0 0.1268992825792938 0.0 0.34135322597954626 0.34135322597954626 0.0 0.0 
0.0 0.0 0.1884975482102679 0.0 0.0 0.13530613924120993 0.0 0.3261963125485221 0.35 0.0 0.0 
0.0 0.0 0.13691810784144562 0.0 0.1695025076315607 0.20256956761365047 0.1299299101082073 0.16981985389216925 0.0 0.19126005291296663 0.0 
0.0 0.0 0.20039113072922052 0.0 0.0 0.11592418585228509 0.0 0.33368468341849455 0.35 0.0 0.0 
0.0 0.0 0.18788511977996264 0.0 0.0 0.2467910507811026 0.0 0.128639036352231 0.33109787729429385 0.10558691579240975 0.0 
0.0 0.0 0.13929652521753014 0.0 0.1779054508435773 0.2418296056888706 0.10509659396733967 0.10798901703203088 0.0 0.22788280725065144 0.0 
0.0 0.0 0.17945783177473257 0.0 0.0 0.11652855084898288 0.0 0.26513983393845275 0.338727981279047 0.10014580215878482 0.0 
0.0 0.0 0.2189707994989152 0.0 0.0 0.11890845330471497 0.0 0.31212074719636984 0.35 0.0 0.0 
0.0 0.0 0.1809938767704072 0.0 0.0 0.1685005039195217 0.0 0.20283055877152223 0.34227544882689925 0.10539961171164959 0.0 
0.0 0.0 0.18345331043326044 0.0 0.0 0.0 0.1212480955803546 0.34719220759733327 0.34810638638905167 0.0 0.0 
0.0 0.0 0.18740078307881475 0.0 0.0 0.24606379015841098 0.0 0.12596710122686605 0.3279361234087546 0.11263220212715354 0.0 
0.0 0.0 0.14368840426224017 0.0 0.1803172402426252 0.22846225257624803 0.10077334847085838 0.12488950936567325 0.0 0.22186924508235512 0.0 
0.0 0.0 0.13406542657934226 0.0 0.18038330490484947 0.20377155745324962 0.10645822161502981 0.14916502709245913 0.0 0.22615646235506962 0.0 
0.0 0.0 0.12398813094999753 0.0 0.17439512585740705 0.2668052555848689 0.1030350809552065 0.10064326577880818 0.0 0.23113314087371203 0.0 
0.0 0.0 0.21716663549704893 0.0 0.0 0.0 0.0 0.3293996071952431 0.35 0.10343375730770807 0.0 
0.0 0.0 0.17023776140249197 0.0 0.0 0.25829266710230225 0.0 0.1549095597116984 0.30802666204256696 0.10853334974094044 0.0 
0.0 0.0 0.171656437326895 0.0 0.0 0.17473172503872403 0.0 0.2250200638930823 0.3273477739114075 0.1012439998298912 0.0 
0.0 0.0 0.1591485508781211 0.0 0.0 0.2306780253714596 0.0 0.1768836701127084 0.32969065607736825 0.10359909756034263 0.0 
0.0 0.0 0.1756653941108907 0.0 0.0 0.1491045770244459 0.0 0.2203544639497765 0.35 0.1048755649148869 0.0 
0.0 0.0 0.20232186321666276 0.0 0.0 0.10135851160782479 0.0 0.3463196251755125 0.35 0.0 0.0 
0.0 0.0 0.21513073822832693 0.0 0.0 0.10522466284107139 0.0 0.3296445989306018 0.35 0.0 0.0 
0.0 0.0 0.1763064506390778 0.0 0.0 0.18571507062974058 0.0 0.1975776006141376 0.3388916752323508 0.10150920288469319 0.0 
0.0 0.0 0.17099038736128988 0.0 0.16902912124651193 0.19921039980058503 0.10241858026031425 0.16204624427771036 0.0 0.19630526705358853 0.0 
0.0 0.0 0.18221263903021725 0.0 0.0 0.11273919929118463 0.0 0.25144267074922005 0.34713875163669006 0.10646673929268802 0.0 
0.0 0.0 0.1705359958778468 0.0 0.17273199012204496 0.1986810161873915 0.10065177319964055 0.1616156210452584 0.0 0.19578360356781782 0.0 
0.29999999999999993 0.0 0.0 0.0 0.0 0.0 0.0 0.35 0.35 0.0 0.0 
0.0 0.0 0.12682028303360154 0.0 0.0 0.0 0.1731797169663984 0.35 0.35 0.0 0.0 
0.0 0.0 0.13334206994427247 0.0 0.17941003786809023 0.2039409284491334 0.1058838210187852 0.15108531635186226 0.0 0.22633782636785643 0.0 
0.0 0.0 0.1800481311033589 0.0 0.0 0.2993507764504847 0.0 0.10496491182205521 0.2818698860677523 0.13376629455634878 0.0 
0.0 0.0 0.17945783177473257 0.0 0.0 0.11652855084898288 0.0 0.26513983393845275 0.338727981279047 0.10014580215878482 0.0 
0.0 0.0 0.1829382312514891 0.0 0.0 0.2910380517136412 0.0 0.13098198848648787 0.28818997097602767 0.10685175757235421 0.0 
0.0 0.0 0.18221263903021725 0.0 0.0 0.11273919929118463 0.0 0.25144267074922005 0.34713875163669006 0.10646673929268802 0.0 
0.0 0.0 0.19837229213465526 0.0 0.0 0.1417526326459717 0.0 0.309875075219373 0.35 0.0 0.0 
0.0 0.0 0.1425618091492138 0.0 0.18208017821189632 0.24434971318381707 0.10771231350159298 0.10911437110279944 0.0 0.2141816148506804 0.0 
0.0 0.0 0.0 0.0 0.0 0.0 0.312018151750131 0.3379818482498688 0.35 0.0 0.0 
0.0 0.0 0.1846246466770903 0.0 0.0 0.0 0.11537535332290977 0.35 0.35 0.0 0.0 
0.0 0.0 0.17731226166793862 0.0 0.0 0.20054927924051133 0.0 0.1699525984908057 0.3454040183142885 0.1067818422864559 0.0 
0.0 0.0 0.19959836385803412 0.0 0.0 0.12139940037572132 0.0 0.3290022357662446 0.35 0.0 0.0 
0.0 0.0 0.19101279008399302 0.0 0.0 0.2508993114125591 0.0 0.11729923706431952 0.3322847553668107 0.10850390607231769 0.0 
0.0 0.0 0.17954100730867079 0.0 0.0 0.1762955661480677 0.0 0.2011713934705278 0.33959216828433064 0.10339986478840299 0.0 
0.0 0.0 0.18489226805468706 0.0 0.0 0.14753759474415953 0.0 0.2168295141388656 0.35 0.10074062306228784 0.0 
0.0 0.0 0.17777107373581705 0.0 0.0 0.25598615657822177 0.0 0.15352624312836624 0.3052760352219566 0.10744049133563832 0.0 
