0.0 0.30000000000000027 0.0 0.0 0.0 0.0 0.0 0.35 0.35 0.0 0.0 
0.0 0.0 0.13748403499543796 0.0 0.17232674658771893 0.2767663017429115 0.10023591324171456 0.10164424585038007 0.0 0.21154275758183683 0.0 
0.0 0.30000000000000027 0.0 0.0 0.0 0.0 0.0 0.35 0.35 0.0 0.0 
0.0 0.17126838154388832 0.0 0.0 0.0 0.0 0.12876793349216256 0.35 0.34996368496394914 0.0 0.0 
0.0 0.29999999999999977 0.0 0.0 0.0 0.0 0.0 0.35 0.35 0.0 0.0 
0.0 0.10065159128950647 0.0 0.0 0.0 0.0 0.20742039031345627 0.3419397962502924 0.3499882221467448 0.0 0.0 
0.0 0.0 0.0 0.0 0.0 0.0 0.29999999999999993 0.35 0.35 0.0 0.0 
0.0 0.0 0.17817998074897698 0.0 0.0 0.33416213964203384 0.0 0.10009094595465709 0.24453834989272658 0.14302858376160546 0.0 
0.0 0.0 0.13221946895522702 0.0 0.16808876457752428 0.21631944721103277 0.10071920888080571 0.18328499992150749 0.0 0.19936811045390274 0.0 
0.0 0.0 0.16254968290550703 0.0 0.0 0.21676769603279786 0.0 0.18267531241790075 0.32793922386554086 0.1100680847782536 0.0 
0.0 0.0 0.1793992635132436 0.0 0.0 0.2135148068809025 0.0 0.17789684477896286 0.30812430514236977 0.12106477968452131 0.0 
0.0 0.0 0.1973614207075602 0.0 0.0 0.23590720462991333 0.0 0.11448467015129413 0.3203464411964464 0.13190026331478605 0.0 
0.0 0.0 0.14083624098403044 0.0 0.18088581851063198 0.24952157384508064 0.10162317063243698 0.10984953800567661 0.0 0.2172836580221434 0.0 
0.0 0.0 0.19557459979922837 0.0 0.0 0.17926484800341774 0.0 0.2751605521973539 0.35 0.0 0.0 
0.0 0.10323040025919299 0.0 0.0 0.0 0.0 0.19676959974080702 0.35 0.35 0.0 0.0 
0.0 0.0 0.18838703941649296 0.0 0.0 0.1261124913150312 0.0 0.23274233195676988 0.3484946621438376 0.10426347516786826 0.0 
0.0 0.15605992201835778 0.0 0.0 0.0 0.0 0.1439400779816423 0.35 0.35 0.0 0.0 
0.0 0.0 0.14192256380753673 0.0 0.17865834810758968 0.24197165225999392 0.10348325136489606 0.11765092766567603 0.0 0.21631325679430755 0.0 
0.0 0.0 0.19862428634142398 0.0 0.0 0.0 0.0 0.34272751047627936 0.3495672166741638 0.10908098650813275 0.0 
0.0 0.0 0.18536335453051514 0.0 0.0 0.0 0.0 0.35 0.35 0.11463664546948497 0.0 
0.0 0.0 0.1852534791077034 0.0 0.0 0.24917069554244278 0.0 0.12102801478725685 0.3386557673698321 0.10589204319276486 0.0 
0.0 0.0 0.1794879509866137 0.0 0.0 0.12271570768574473 0.0 0.2512004062559899 0.3437715284918198 0.10282440657983194 0.0 
0.0 0.0 0.0 0.0 0.0 0.0 0.3044292922368846 0.34557070776311544 0.35 0.0 0.0 
0.14774523421382665 0.0 0.0 0.0 0.0 0.0 0.1522547657861734 0.35 0.35 0.0 0.0 
0.0 0.0 0.18745154236652006 0.0 0.0 0.298568778650028 0.0 0.10452925791567194 0.2703201196240256 0.13913030144375443 0.0 
0.0 0.0 0.13733506890100738 0.0 0.179273208837765 0.22474743009557566 0.10539057508072194 0.1468122456073464 0.0 0.2064414714775837 0.0 
0.0 0.16678631528799084 0.0 0.0 0.0 0.0 0.13369380884314236 0.3495198758688668 0.35 0.0 0.0 
0.0 0.0 0.185445204865407 0.0 0.0 0.29662033792363385 0.0 0.1078241417248857 0.27952713803973944 0.13058317744633405 0.0 
0.0 0.0 0.21023073898689856 0.0 0.0 0.10815455213264047 0.0 0.23962959353488042 0.34063045642443684 0.1013546589211437 0.0 
0.0 0.0 0.17053050519661928 0.0 0.0 0.20585018910055103 0.0 0.21157248126108408 0.3093659402352338 0.10268088420651192 0.0 
0.0 0.0 0.13517335935513497 0.0 0.1696181587232234 0.23694252036087177 0.10335646430355788 0.12873835613806137 0.0 0.2261711411191507 0.0 
0.0 0.0 0.14202898227854213 0.0 0.1761136483839801 0.24319644182161468 0.10260847510783465 0.12737503903554825 0.0 0.20867741337248014 0.0 
0.0 0.0 0.1396046242470723 0.0 0.16104380346312852 0.2305679079735846 0.1065891370708633 0.17202766933378613 0.0 0.19016685791156512 0.0 
0.0 0.0 0.1495971676135788 0.0 0.0 0.0 0.1504028323864212 0.35 0.35 0.0 0.0 
0.0 0.0 0.17502239004733083 0.0 0.0 0.1586849926233796 0.0 0.21703047976497153 0.34756619588452625 0.1016959416797917 0.0 
0.0 0.0 0.2079028660312715 0.0 0.0 0.13261636950484232 0.0 0.20824369707990692 0.3419297832749459 0.10930728410903336 0.0 
0.0 0.0 0.0 0.0 0.0 0.0 0.19173570584289518 0.35 0.35 0.10826429415710483 0.0 
0.0 0.0 0.19409069522723546 0.0 0.0 0.1460916357596375 0.0 0.32163065571046123 0.3381870133026658 0.0 0.0 
0.0 0.0 0.1757803732767855 0.0 0.0 0.22677070986401351 0.0 0.16374566620040978 0.33169846202126585 0.10200478863752536 0.0 
0.0 0.0 0.1321867877881624 0.0 0.1723396374156452 0.2160102669561675 0.10019798806529619 0.17994648786185014 0.0 0.19931883191287858 0.0 
0.0 0.15216179784589237 0.0 0.0 0.0 0.0 0.14783820215410765 0.35 0.35 0.0 0.0 
0.0 0.0 0.1799336915069525 0.0 0.0 0.15820554688005625 0.0 0.3118607616129913 0.35 0.0 0.0 
0.0 0.0 0.17048668445233656 0.0 0.0 0.1320238990442477 0.0 0.3474894165034157 0.35 0.0 0.0 
0.0 0.0 0.17724269676427973 0.0 0.0 0.22865722386513995 0.0 0.15617436241657245 0.33507234667178065 0.10285337028222732 0.0 
0.0 0.1386379164233911 0.0 0.0 0.0 0.0 0.16136604068965368 0.3499960428869553 0.35 0.0 0.0 
0.0 0.0 0.13778028049445734 0.0 0.1659434671075757 0.22570660370313972 0.10393602060070141 0.16216520313185948 0.0 0.20446842496226633 0.0 
0.0 0.0 0.18284712745942783 0.0 0.0 0.2838427858150495 0.0 0.11040978627048358 0.313281187498764 0.10961911295627516 0.0 
0.0 0.0 0.10010370781228294 0.0 0.0 0.0 0.19989629218771707 0.35 0.35 0.0 0.0 
0.0 0.0 0.18885516534057087 0.0 0.0 0.11114483465942926 0.0 0.35 0.35 0.0 0.0 
0.0 0.0 0.19264366752896142 0.0 0.0 0.13099433558609483 0.0 0.22370698956242951 0.34363444647041247 0.10902056085210181 0.0 
0.0 0.11528929337088992 0.0 0.0 0.0 0.0 0.1847107066291101 0.35 0.35 0.0 0.0 
0.0 0.0 0.18328748280375676 0.0 0.0 0.24087683512605307 0.0 0.13105602024478918 0.33821906158566317 0.1065606002397378 0.0 
0.0 0.0 0.18536335453051514 0.0 0.0 0.0 0.0 0.35 0.35 0.11463664546948497 0.0 
0.0 0.0 0.18509621378226437 0.0 0.0 0.24118800648924255 0.0 0.1605184787425332 0.3003266176581984 0.11287068332776136 0.0 
0.0 0.10963049988503719 0.0 0.0 0.0 0.0 0.19036950011496281 0.35 0.35 0.0 0.0 
0.0 0.0 0.2117734777020747 0.0 0.0 0.1342732658055294 0.0 0.3062463707938316 0.3477068856985643 0.0 0.0 
0.0 0.0 0.18405875662502144 0.0 0.0 0.31142981475799675 0.0 0.1034055475272192 0.25856868675848316 0.14253719433127934 0.0 
0.0 0.0 0.20230935245970166 0.0 0.0 0.13490094858693902 0.0 0.18716351456154284 0.35 0.12562618439181644 0.0 
0.0 0.0 0.1890277663054775 0.0 0.0 0.28725968088601583 0.0 0.11865921189896736 0.27070590315674725 0.1343474377527921 0.0 
0.0 0.0 0.21658367499096579 0.0 0.0 0.1472709278507976 0.0 0.2861453971582367 0.35 0.0 0.0 
0.0 0.0 0.137484034995438 0.0 0.17232674658771896 0.27676630174291156 0.10023591324171457 0.10164424585038008 0.0 0.21154275758183685 0.0 
0.0 0.0 0.20554724886997144 0.0 0.0 0.14291102796132238 0.0 0.2057380552787914 0.33781559605087197 0.1079880718390428 0.0 
0.0 0.0 0.1226205095493825 0.0 0.0 0.0 0.1773794904506175 0.35 0.35 0.0 0.0 
0.0 0.0 0.19679241857227633 0.0 0.0 0.10835080895598567 0.0 0.24259577957159528 0.35 0.10226099290014276 0.0 
0.0 0.0 0.16226322411794167 0.0 0.0 0.0 0.14030641792304957 0.35 0.3474303579590088 0.0 0.0 
0.0 0.0 0.19518688405754664 0.0 0.0 0.23503472575818035 0.0 0.1278774513998958 0.33001606129695255 0.11188487748742466 0.0 
0.0 0.0 0.20115970260656138 0.0 0.0 0.0 0.0 0.33301446466095314 0.3464381185195096 0.11938771421297592 0.0 
0.0 0.0 0.19638203856997577 0.0 0.0 0.11325559339689588 0.0 0.34036236803312836 0.35 0.0 0.0 
0.0 0.0 0.19098126257184694 0.0 0.0 0.13849335874534327 0.0 0.2217765258562512 0.3406690772237861 0.10807977560277256 0.0 
0.0 0.0 0.18738376071311072 0.0 0.0 0.1843040737303552 0.0 0.28289545476812894 0.345416710788405 0.0 0.0 
0.0 0.0 0.17514877470795961 0.0 0.0 0.13959214133874928 0.0 0.3352590839532911 0.35 0.0 0.0 
0.13860151627899533 0.0 0.0 0.0 0.0 0.0 0.1700442891395359 0.34135419458146893 0.35 0.0 0.0 
0.0 0.0 0.14072013927841806 0.0 0.17646347524933864 0.2360669627048649 0.10287441102405274 0.1413360538028333 0.0 0.20253895794049226 0.0 
0.0 0.0 0.18223414726099993 0.0 0.0 0.13930524868840508 0.0 0.32846060405059485 0.35 0.0 0.0 
0.0 0.12664630079681816 0.0 0.0 0.0 0.0 0.17335369920318192 0.35 0.35 0.0 0.0 
0.0 0.0 0.1824696441509581 0.0 0.0 0.16725276726905658 0.0 0.3002775885799854 0.35 0.0 0.0 
0.0 0.0 0.19297904166561802 0.0 0.0 0.13747487122503638 0.0 0.3241448521825267 0.34540123492681885 0.0 0.0 
0.0 0.0 0.22324613010688218 0.0 0.0 0.12656856323572643 0.0 0.3001853066573914 0.35 0.0 0.0 
0.0 0.0 0.16226322411794167 0.0 0.0 0.0 0.14030641792304957 0.35 0.3474303579590088 0.0 0.0 
0.0 0.0 0.1287469293521191 0.0 0.1969708293969108 0.2040223496465823 0.10204531063639452 0.16686280167507386 0.0 0.20135177929291934 0.0 
0.0 0.0 0.20865912462285854 0.0 0.0 0.0 0.0 0.3268555614683514 0.35 0.11448531390878998 0.0 
0.0 0.13491091377005623 0.0 0.0 0.0 0.0 0.16508908622994384 0.35 0.35 0.0 0.0 
0.0 0.0 0.1984792394489068 0.0 0.0 0.2598116342116813 0.0 0.12094734181255458 0.2991756529574056 0.12158613156945183 0.0 
0.0 0.0 0.19235772789949313 0.0 0.0 0.12118844375855305 0.0 0.34105521480438555 0.3453986135375682 0.0 0.0 
0.0 0.0 0.17592767172707613 0.0 0.0 0.3337808632831963 0.0 0.10547346102982744 0.24425933356926421 0.140558670390636 0.0 
0.0 0.0 0.1634125734983819 0.0 0.0 0.21979411558203338 0.0 0.20692605551097606 0.3069810746068172 0.10288618080179156 0.0 
0.0 0.0 0.18487693910984898 0.0 0.0 0.19226291076809668 0.0 0.2211924256954625 0.29842715415185256 0.10324057027473937 0.0 
0.0 0.0 0.1320324570393129 0.0 0.158629073423595 0.24505541789259724 0.10284811782243182 0.15527830210442742 0.0 0.20615663171763568 0.0 
0.0 0.1457161912212072 0.0 0.0 0.0 0.0 0.15428380877879277 0.35 0.35 0.0 0.0 
0.0 0.0 0.1320324570393129 0.0 0.158629073423595 0.24505541789259724 0.10284811782243182 0.15527830210442742 0.0 0.20615663171763568 0.0 
0.13859136786381684 0.0 0.0 0.0 0.0 0.0 0.17003183848177078 0.3413767936544126 0.35 0.0 0.0 
0.0 0.0 0.19261818728920205 0.0 0.0 0.13908771977481074 0.0 0.32353872890875973 0.3447553640272276 0.0 0.0 
0.0 0.14571619122120721 0.0 0.0 0.0 0.0 0.1542838087787929 0.35 0.35 0.0 0.0 
0.0 0.0 0.17803227371607783 0.0 0.0 0.17671490418127292 0.0 0.2952528221026493 0.35 0.0 0.0 
0.0 0.0 0.18907046197421615 0.0 0.0 0.28732456418023655 0.0 0.11846014360826013 0.27076704745206787 0.13437778278521928 0.0 
0.0 0.0 0.17393257163420145 0.0 0.0 0.2419360897190025 0.0 0.15325770242918485 0.32881464796057436 0.10205898825703681 0.0 
0.0 0.0 0.23103711965128948 0.0 0.0 0.13271183115983382 0.0 0.28625104918887667 0.35 0.0 0.0 
0.0 0.0 0.13237736683251206 0.0 0.17209213180320904 0.2337446403504148 0.12642930203674385 0.13783488489737078 0.0 0.1975216740797495 0.0 
0.0 0.0 0.0 0.0 0.0 0.0 0.19226373403022046 0.35 0.3482099404998532 0.10952632546992637 0.0 
0.0 0.0 0.21042643871601502 0.0 0.0 0.0 0.0 0.3296239831285767 0.34895814284946564 0.11099143530594263 0.0 
