-0.017609275760070896 7.814526095630626E-4 
-0.017609275760070896 7.814526095630626E-4 
-0.0077624917962272 1.1657751427809082E-5 
-0.017404532144046986 6.221833394963468E-4 
-0.01760927576007088 7.814526095630618E-4 
-0.008381176158879858 1.838935199688607E-5 
-0.01019136701798707 1.9505873870893518E-5 
-0.01698527272125748 4.184849383359373E-4 
-0.01700500993761865 4.7986720790730414E-4 
-0.016634117308743406 3.254038283697988E-4 
-0.016516871753844604 3.082920350205141E-4 
-0.01603587028679951 2.4870324356956845E-4 
-0.013301013473358608 8.308797513152292E-5 
-0.01591108882131331 2.348671517045559E-4 
-0.013517628450036128 8.924643240200838E-5 
-0.00791557790509562 1.2782331344845713E-5 
-0.01226372025576768 5.813159261835699E-5 
-0.01727125741245345 5.477193780758379E-4 
-0.012486364157502141 6.274413384234019E-5 
-0.014784699173797301 1.5104007495389803E-4 
-0.014239962844212629 1.1934690003069664E-4 
-0.016983128721224074 4.0612573043307E-4 
-0.017236096638610077 5.294168081258077E-4 
-0.014364941672029955 1.252003210147567E-4 
-0.010993054518662853 2.6704649626357137E-5 
-0.013898933161332594 1.0615209818381017E-4 
-0.010822367790593217 2.5486000430998586E-5 
-0.01177733768385487 4.5234389314311225E-5 
-0.008186503683713353 1.430449751062073E-5 
-0.010685043918315897 2.285686773267952E-5 
-0.01506799058711841 1.674434673000968E-4 
-0.011669641074212363 4.016029272888037E-5 
-0.014092085640568993 1.1162216481898509E-4 
-0.016346746561221377 2.8511875545625826E-4 
-0.01575682733430493 2.2027566021316037E-4 
-0.015201173125478694 1.814887694730417E-4 
-0.014863924007008717 1.5848587925795712E-4 
-0.014525671414141628 1.331399910842778E-4 
-0.011552744308990524 3.672761871248373E-5 
-0.014978568137280702 1.61288744785838E-4 
-0.016104560574886698 2.596211512182899E-4 
-0.015114357060147222 1.7711067776347625E-4 
-0.012686676425546495 6.81106539985999E-5 
-0.010530233647945007 2.1451084925883636E-5 
-0.017391123220082905 6.14526851834815E-4 
-0.017197220323046346 5.104986045945962E-4 
-0.017361234472047554 5.986877364875751E-4 
-0.01641921503825864 2.947188627037944E-4 
-0.017290296739646785 5.581027948120007E-4 
-0.012840486267995768 6.972201918188008E-5 
-0.016136577659794902 2.655423506075652E-4 
-0.01113293448436111 2.9580378028578938E-5 
-0.011941874425461376 4.659331344745663E-5 
-0.01374835044604154 9.825881919679537E-5 
-0.011222366901203857 3.083464919518977E-5 
-0.01645299962506844 2.993910605157634E-4 
-0.016858745679999475 3.630581904803248E-4 
-0.012591345410051944 6.500367901048106E-5 
-0.017015207936586202 4.906252797245668E-4 
-0.014657537002443346 1.40500069808357E-4 
-0.017330134579041492 5.809034459903115E-4 
-0.014462430042881419 1.3042817693321754E-4 
-0.013159307476258444 7.851749811642896E-5 
-0.014670943411459107 1.4274732137966353E-4 
-0.013012435123245987 7.435023043205757E-5 
-0.012010959430543025 4.8528828990572064E-5 
-0.01687083837585761 3.6577364326546684E-4 
-0.01534085603380404 1.9004301751915503E-4 
-0.01697923739941255 3.8985145609479895E-4 
-0.016795394506733684 3.5057738709066456E-4 
-0.013842032653560234 1.0284962762785091E-4 
-0.01708136502861425 4.94891246324189E-4 
-0.015308194946600658 1.874243132630083E-4 
-0.016930047413970882 3.777073065546768E-4 
-0.008200796798503322 1.7505227397522703E-5 
-0.016712181186130604 3.3738836695815504E-4 
-0.014130088801859463 1.1384831152020889E-4 
-0.011359160183309683 3.336294276468834E-5 
-0.011413265893798546 3.497820751343161E-5 
-0.016712181186130604 3.3738836695815504E-4 
-0.012109328491297694 5.3737755954176634E-5 
-0.017364407028909283 6.016822873915619E-4 
-0.012900467519060042 7.359464567928559E-5 
-0.01730648017357632 5.671898125783702E-4 
-0.01033008073859814 1.9989171456864644E-5 
-0.015821275361729996 2.2795594283666126E-4 
-0.01555923000157881 2.0392462438640843E-4 
-0.016795394506733688 3.505773870906647E-4 
-0.01363332122029362 9.346279643706533E-5 
-0.010406604528977136 2.0527886805309675E-5 
-0.015426706518414086 1.9822489874231128E-4 
-0.016233689797472462 2.716162021621187E-4 
-0.012175852852821413 5.405863341865923E-5 
-0.015435816716875151 1.9955367998605031E-4 
-0.013111050088396555 7.744776258222872E-5 
-0.017150660886964417 4.996600379491916E-4 
-0.015654701462398734 2.1155886076217547E-4 
-0.015572459627197797 2.0660123340213429E-4 
-0.017318056974580796 5.738374118772299E-4 
-0.017180207733724584 5.026553841166539E-4 
