-0.017609275760070892 7.814526095630624E-4 
-0.010009471708165112 1.881044351756335E-5 
-0.017609275760070892 7.814526095630624E-4 
-0.017403799826203856 6.217563821172635E-4 
-0.01760927576007089 7.814526095630619E-4 
-0.017013372134100438 4.796549124032012E-4 
-0.016985324143991114 4.188109666118206E-4 
-0.010241751785509122 1.9675015643246332E-5 
-0.012117325106113035 5.6334863799659317E-5 
-0.016495626115625602 3.0560095007912215E-4 
-0.017288028554649504 5.568483771085662E-4 
-0.013830294902068803 1.0195933424889266E-4 
-0.011952803219084967 4.848952176786804E-5 
-0.010491966093452237 2.1158049497106747E-5 
-0.016396875083303796 2.925480530552748E-4 
-0.01724222438198028 5.325250468000302E-4 
-0.015226994971544722 1.8258409059775544E-4 
-0.014357774895843358 1.2400773358711882E-4 
-0.016641517496911222 3.2951030225073977E-4 
-0.014838227714378796 1.5157225610275477E-4 
-0.011618463805042112 3.969257264413869E-5 
-0.016982596010594986 4.0342874022699016E-4 
-0.01735694924211495 5.970691462820664E-4 
-0.01710519204275908 4.931818352203322E-4 
-0.013630571969490671 9.839454641190084E-5 
-0.01534447214709635 1.8923682418780174E-4 
-0.01611647461068658 2.571176539646297E-4 
-0.010577641003399398 2.307850002664674E-5 
-0.014598588034064596 1.3780672572973187E-4 
-0.01737628884056744 6.091372436929871E-4 
-0.010969694542223152 2.6433657524620596E-5 
-0.01173298220869937 4.144857751796141E-5 
-0.011854909474422585 4.521958755769891E-5 
-0.017330797832462136 5.812953550073505E-4 
-0.012690274239972392 6.61381687120232E-5 
-0.016913037630732125 3.700671086926144E-4 
-0.017272120125308862 5.481826899587592E-4 
-0.014509124612794298 1.3156715359058754E-4 
-0.012353233016246464 5.8944643049291316E-5 
-0.01496394426920238 1.620249058528456E-4 
-0.013066907245102496 7.488145850298223E-5 
-0.014683523868540209 1.4391071018047646E-4 
-0.016815635041206194 3.5784957986006457E-4 
-0.01672051821294631 3.406651984671111E-4 
-0.01076399243549863 2.3792475634876976E-5 
-0.013171532368925945 7.797132572389754E-5 
-0.011328581364507132 3.1950562038507725E-5 
-0.011182059875978388 3.1352365482647416E-5 
-0.01623880697571313 2.714799598392607E-4 
-0.015499379970801558 1.997910825299446E-4 
-0.016171850025411504 2.6653613854533015E-4 
-0.015081313109653683 1.7073432108057014E-4 
-0.015127600098956789 1.7766879185485102E-4 
-0.012243411259484952 5.868001162651412E-5 
-0.011087620264107818 2.8841874776801388E-5 
-0.013449797156852242 8.67934771967871E-5 
-0.01541919114946662 1.9397800335144787E-4 
-0.012498049178048403 6.17531855675243E-5 
-0.013939723691585597 1.056941747740409E-4 
-0.016562268062394584 3.1506341955001585E-4 
-0.011436543197780735 3.887352555355325E-5 
-0.010016302701219294 1.8900700750664728E-5 
-0.016301922753204776 2.8032075627655025E-4 
-0.012537307126103759 6.548230663757362E-5 
-0.016938478275236295 3.745246598532474E-4 
-0.01082693489022023 2.569848168304648E-5 
-0.01474980174498977 1.508056088497063E-4 
-0.015812852319655 2.2536216215301964E-4 
-0.01409062748294476 1.1323541820835079E-4 
-0.014399270959220539 1.2894787440066827E-4 
-0.013271942324023739 8.192933838991022E-5 
-0.013344769107993402 8.33141514050453E-5 
-0.016588027385449802 3.210833450980019E-4 
-0.013532649156333423 9.064206793639142E-5 
-0.0163429821743033 2.847547279053969E-4 
-0.012935637272822507 7.315670636217089E-5 
-0.01573978382676017 2.2167270854491855E-4 
-0.01672585912017014 3.489119562853583E-4 
-0.01760927576007089 7.814526095630619E-4 
-0.017132848053604856 4.994186618868263E-4 
-0.014999146667840902 1.6392211451904214E-4 
-0.015700994052396663 2.1559287190145812E-4 
-0.014193552507707338 1.1656516165282662E-4 
-0.012895357230001795 7.109595800879969E-5 
-0.017331259264968743 5.815682480289825E-4 
-0.01586218843891464 2.325388496121671E-4 
-0.017215575726195656 5.19258270093527E-4 
-0.015961430573107456 2.4000560561524556E-4 
-0.01679493097658386 3.539976819859203E-4 
-0.014193552507707338 1.1656516165282662E-4 
-0.011413911467932476 3.553118571310917E-5 
-0.013606968766776511 9.289870329340407E-5 
-0.015905365046607868 2.343664857410446E-4 
-0.015559725539434965 2.0660007068325095E-4 
-0.01562343634385787 2.133962645517025E-4 
-0.01597400309272752 2.454289066621491E-4 
-0.016978337292517767 3.8721777412387674E-4 
-0.0169782562945103 3.870016117654009E-4 
-0.016037712534210578 2.497523948639978E-4 
-0.017200373204132625 5.184642213423957E-4 
