-0.017609275760070896 7.814526095630626E-4 
-0.010086271558719393 1.886967259930817E-5 
-0.017401414685686584 6.203728447649661E-4 
-0.01760927576007089 7.814526095630619E-4 
-0.017006799536683295 4.7957607707602406E-4 
-0.016985372104385842 4.191162927939373E-4 
-0.013067266276523876 7.57763307359508E-5 
-0.013244848971493892 8.068626775011912E-5 
-0.012486901722463679 6.201811674248264E-5 
-0.012697601108870768 6.618934359519684E-5 
-0.017251757925347472 5.374292376746445E-4 
-0.017183261402381664 5.040436746078108E-4 
-0.017376848264974803 6.067506570026361E-4 
-0.011138337402256799 2.910921115600461E-5 
-0.01734287616677962 5.894151387130811E-4 
-0.017292722625189383 5.594496448109817E-4 
-0.01359122763672739 9.163168432014008E-5 
-0.014927430761413452 1.617981953911314E-4 
-0.016723404932711294 3.393426979157882E-4 
-0.010248186128737574 1.9891526079953814E-5 
-0.01132875672645198 3.188534007932927E-5 
-0.01565885775434918 2.1201293348116495E-4 
-0.012908859872967731 7.110845260022653E-5 
-0.016833648055459127 3.5793702395766383E-4 
-0.016983075950957643 4.0585192662951817E-4 
-0.014224946439956577 1.1911434785606551E-4 
-0.016208007446508674 2.6957101100791867E-4 
-0.0158604134532872 2.299915666826361E-4 
-0.010598406455744157 2.2244365578982382E-5 
-0.011522850561268493 3.716276634589338E-5 
-0.016777572366126262 3.4810885153015213E-4 
-0.01689388367191477 3.682263769854525E-4 
-0.01186962125203422 4.553705816597455E-5 
-0.011755819147150761 4.1794687038205454E-5 
-0.01664823725389396 3.2846075925948545E-4 
-0.011653706208048929 3.8770716896672387E-5 
-0.014590919392828675 1.3678598494525372E-4 
-0.014365143321494267 1.2515333794360298E-4 
-0.015262762568400827 1.8496448306074462E-4 
-0.01451152084589599 1.3184294118157578E-4 
-0.01608623244813494 2.548326377389996E-4 
-0.016148664066505666 2.609317389352358E-4 
-0.013413462088689933 8.699035981120872E-5 
-0.01697889432351284 3.88797523554455E-4 
-0.015572727133882577 2.0519702507279758E-4 
-0.012815473962161447 6.931986179702752E-5 
-0.014790562864244204 1.5182444993321775E-4 
-0.017322283093418163 5.76294714468466E-4 
-0.01660427269068166 3.2303882616640286E-4 
-0.012196336816701334 5.6623128042749136E-5 
-0.0151560133256937 1.8296003704233518E-4 
-0.011407988237463427 3.3861254430086754E-5 
-0.010389928453806884 2.057355441897825E-5 
-0.010756225347868171 2.3508797493340658E-5 
-0.011978350238712692 4.830643409960085E-5 
-0.015512445928738143 2.004755978032285E-4 
-0.013393758762858185 8.469198541091689E-5 
-0.013670910132178141 9.510761017927348E-5 
-0.011005430054650461 2.801797967543252E-5 
-0.010478205164206918 2.1461452762914186E-5 
-0.013752158853694569 9.859654786053068E-5 
-0.010936232716382794 2.6782358064622584E-5 
-0.013830930257204962 1.0149585415895692E-4 
-0.015026820631491826 1.7393862545596014E-4 
-0.01646258120460139 3.0259667540833985E-4 
-0.016546488555477672 3.1356781096113814E-4 
-0.01642864130846937 2.960794245269232E-4 
-0.014992385998614893 1.6488249282674646E-4 
-0.015085671557082162 1.7791158351511107E-4 
-0.015434709721440953 1.953429838806646E-4 
-0.01576094048587935 2.207585874816208E-4 
-0.014028537574588697 1.0913224658138586E-4 
-0.014392978439321392 1.2957332867981282E-4 
-0.010814080315114763 2.4835621097596343E-5 
-0.01706023232017096 4.882601178952907E-4 
-0.01706023232017096 4.882601178952907E-4 
-0.01628632970598228 2.7764530390786277E-4 
-0.01760927576007089 7.814526095630619E-4 
-0.012353380502745323 5.997410446261563E-5 
-0.017229726265381662 5.262219681111938E-4 
-0.01600451846655853 2.445574862121914E-4 
-0.016947641084075496 3.758981806820514E-4 
-0.012128829648166138 5.244987978859549E-5 
-0.017306679441571736 5.673031971846737E-4 
-0.017199884553030783 5.117508934555108E-4 
-0.016503407216390306 3.109853226153199E-4 
-0.012058750154164305 5.054583930206602E-5 
-0.014110995357992548 1.1276336241797767E-4 
-0.012312194148967998 5.8918766336501907E-5 
-0.015748108087868168 2.1946651609136303E-4 
-0.015349720392543623 1.9067272678740906E-4 
-0.016020678012675243 2.4667114806990547E-4 
-0.014155221962554908 1.1564904636457318E-4 
-0.01592299613854782 2.3610370768308337E-4 
-0.013918159785957637 1.042673630876655E-4 
-0.01470806730493271 1.4259601293973665E-4 
-0.014695020438615576 1.4145825282072634E-4 
-0.014780732009815242 1.505442091086596E-4 
-0.017217730969047614 5.203070559239356E-4 
-0.016973556178901162 3.803499612572679E-4 
