0.0 0.3000000000000003 0.0 0.0 0.0 0.0 0.0 0.35 0.35 0.0 0.0 
0.0 0.3000000000000003 0.0 0.0 0.0 0.0 0.0 0.35 0.35 0.0 0.0 
0.11257387228081851 0.0 0.0 0.12464692421625 0.0 0.1503821128179122 0.2901931324020983 0.0 0.11117986104850386 0.0 0.2110240972344172 
0.0 0.1995147091090259 0.0 0.0 0.0 0.0 0.0 0.3499999999999999 0.35 0.0 0.10048529089097415 
0.0 0.30000000000000016 0.0 0.0 0.0 0.0 0.0 0.34999999999999976 0.34999999999999976 0.0 0.0 
0.12153089105187317 0.0 0.0 0.12087246105883441 0.0 0.1148526368866374 0.2906623537050104 0.0 0.1613840926031808 0.0 0.19069756469446392 
0.12438007435915144 0.0 0.0 0.0 0.0 0.10579774686227722 0.3485911737142231 0.10636830140091584 0.10951161339320586 0.0 0.2053510902702264 
0.0 0.0 0.0 0.0 0.0 0.0 0.1009056060856102 0.35 0.35 0.0 0.1990943939143899 
0.0 0.10514907827862692 0.0 0.0 0.0 0.0 0.21734277524804405 0.35 0.32750814647332904 0.0 0.0 
0.0 0.0 0.0 0.0 0.0 0.0 0.2242602998580849 0.35 0.3080229716112653 0.0 0.11771672853064986 
0.0 0.0 0.0 0.0 0.0 0.0 0.23475380659107709 0.35 0.2935227882499014 0.0 0.12172340515902155 
0.0 0.0 0.0 0.0 0.0 0.0 0.2842551690544336 0.35 0.2341374702904355 0.0 0.13160736065513098 
0.0 0.0 0.0 0.0 0.0 0.1055737218786526 0.2847230356090813 0.2805354791447078 0.11782003188766323 0.0 0.21134773147989505 
0.0 0.0 0.0 0.0 0.0 0.0 0.27965151752726036 0.35 0.21845623872187198 0.0 0.15189224375086757 
0.0 0.0 0.0 0.0 0.0 0.11401290835808603 0.287922171529892 0.2982631606189928 0.1137197259154471 0.0 0.18608203357758218 
0.11394451965917202 0.0 0.0 0.12803442319446184 0.0 0.12797809499061455 0.2980796401974351 0.0 0.11520427443728433 0.0 0.21675904752103226 
0.10333534963527652 0.0 0.0 0.0 0.0 0.1159903528791764 0.2522181548406516 0.22514888558855126 0.12149339748347539 0.0 0.18181385957286889 
0.0 0.14378418853378216 0.0 0.0 0.0 0.0 0.156215811466218 0.35 0.35 0.0 0.0 
0.0 0.0 0.0 0.0 0.0 0.1063762472812099 0.35 0.23681969655822682 0.11011042117602597 0.0 0.1966936349845375 
0.0 0.0 0.0 0.0 0.0 0.1033562046451059 0.19714683011602688 0.35 0.15329043874688295 0.0 0.19620652649198428 
0.0 0.0 0.0 0.0 0.0 0.10070086122995615 0.24609254625924112 0.3262265609898681 0.13428254597048075 0.0 0.19269748555045382 
0.0 0.0 0.0 0.0 0.0 0.0 0.11788875960668113 0.35 0.35 0.0 0.1821112403933188 
0.0 0.12753457114928646 0.0 0.0 0.0 0.0 0.17246542885071356 0.35 0.35 0.0 0.0 
0.0 0.0 0.0 0.0 0.0 0.11499686092800407 0.24065792357411178 0.34144125400328734 0.1282696109565543 0.0 0.1746343505380426 
0.10064597028175336 0.0 0.0 0.0 0.0 0.11688379931046432 0.3058403985238255 0.15522510178368598 0.111886791794944 0.0 0.20951793830532695 
0.0 0.0 0.0 0.0 0.0 0.11864338422355418 0.23889654331575835 0.310376704486033 0.1384438711423676 0.0 0.19363949683228673 
0.104000751669375 0.0 0.0 0.0 0.0 0.11194289745094721 0.32593628452850537 0.13697826529133456 0.12609551361938573 0.0 0.1950462874404521 
0.1024974893206698 0.0 0.0 0.0 0.0 0.10937819907250333 0.2854392554808169 0.17909496458862553 0.15369173826900395 0.0 0.16989835326838051 
0.117853808982374 0.0 0.0 0.10480633181358127 0.0 0.11910481552426039 0.32800762782824816 0.0 0.13416289224293898 0.0 0.19606452360859733 
0.11140464677225274 0.0 0.0 0.0 0.0 0.1084602398876634 0.33264669373007216 0.13645163508106542 0.10818108577931601 0.0 0.2028556987496304 
0.0 0.0 0.0 0.0 0.0 0.1004545490607852 0.21022472261810374 0.35 0.18677034744762658 0.0 0.1525503808734846 
0.10797656919286937 0.0 0.0 0.0 0.0 0.10509549128856548 0.2887642911658619 0.18866861973075152 0.11728150475326088 0.0 0.19221352386869092 
0.0 0.0 0.0 0.0 0.0 0.10107355796098584 0.2707661396947121 0.3274339347041637 0.11389596115855488 0.0 0.18683040648158347 
0.0 0.0 0.0 0.0 0.0 0.0 0.2486235536574848 0.35 0.2724613672075385 0.0 0.1289150791349769 
0.0 0.0 0.0 0.0 0.0 0.0 0.2963976485061766 0.35 0.1994245822476209 0.0 0.15417776924620244 
0.0 0.0 0.0 0.0 0.0 0.0 0.34700578889143774 0.34973879613015946 0.13127172841768206 0.0 0.17198368656072066 
0.0 0.0 0.0 0.0 0.0 0.12303996846435677 0.17757666206367495 0.35 0.17756214660316605 0.0 0.17182122286880225 
0.0 0.0 0.0 0.0 0.0 0.10851675705825752 0.22957371897820916 0.3473827955803874 0.13078943148638833 0.0 0.18373729689675755 
0.10364617061840858 0.0 0.0 0.0 0.0 0.10093197479138806 0.3113872635080559 0.18457023470755232 0.1082182645147361 0.0 0.19124609185985886 
0.0 0.0 0.0 0.0 0.0 0.10296074334802888 0.21890234693757687 0.34923991728762394 0.17919911258154328 0.0 0.14969787984522706 
0.0 0.0 0.0 0.0 0.0 0.0 0.29585569484553753 0.35 0.24291291704740395 0.0 0.11123138810705861 
0.0 0.0 0.0 0.0 0.0 0.0 0.35 0.35 0.1199063825687232 0.0 0.18009361743127683 
0.0 0.0 0.0 0.0 0.0 0.13345763065891977 0.2896111315997221 0.24915945500483527 0.12826951490789737 0.0 0.19950226782862543 
0.10611528380262075 0.0 0.0 0.0 0.0 0.1089717761330875 0.34489083178515406 0.1307982743398702 0.10090579060578625 0.0 0.20831804333348122 
0.0 0.19293379757081786 0.0 0.0 0.0 0.0 0.0 0.35 0.35 0.0 0.10706620242918231 
0.0 0.10956780921043985 0.0 0.0 0.0 0.0 0.1904321907895602 0.35 0.35 0.0 0.0 
0.0 0.1782648198560356 0.0 0.0 0.0 0.0 0.0 0.35 0.35 0.0 0.12173518014396437 
0.0 0.0 0.0 0.0 0.0 0.0 0.24170784203822046 0.35 0.2814170202626509 0.0 0.12687513769912862 
0.0 0.1525832492008784 0.0 0.0 0.0 0.0 0.14741675079912178 0.35 0.35 0.0 0.0 
0.0 0.0 0.0 0.0 0.0 0.11510442278394364 0.31050885423377544 0.2562507624859442 0.11914498580175181 0.0 0.19899097469458488 
0.0 0.0 0.0 0.0 0.0 0.0 0.30082913973949393 0.35 0.24699637404354596 0.0 0.10217448621696022 
0.10808951617694951 0.0 0.0 0.0 0.0 0.10487558442058614 0.302156267790378 0.15388236274257372 0.12385995186967488 0.0 0.2071363169998378 
0.10124223693121079 0.0 0.0 0.0 0.0 0.10029580358893202 0.2748903344685042 0.19747732973374743 0.12830646484906158 0.0 0.19778783042854406 
0.0 0.0 0.0 0.0 0.0 0.11456265486362918 0.26127927389963773 0.3069216534874176 0.12423562767254182 0.0 0.1930007900767736 
0.10666307323923382 0.0 0.0 0.0 0.0 0.11649588971836508 0.2926957655274942 0.16456259828246284 0.12082116780870125 0.0 0.1987615054237426 
0.0 0.0 0.0 0.0 0.0 0.0 0.2409523248937703 0.35 0.2856311008110084 0.0 0.12341657429522117 
0.0 0.0 0.0 0.0 0.0 0.0 0.1805509714657208 0.35 0.33543082299645927 0.0 0.13401820553781985 
0.0 0.0 0.0 0.0 0.0 0.11355865740712597 0.30625770391814133 0.24744576188700787 0.10540512574116338 0.0 0.2273327510465615 
0.0 0.11850019989859188 0.0 0.0 0.0 0.0 0.2062933122389271 0.35 0.32520648786248113 0.0 0.0 
0.0 0.0 0.0 0.0 0.0 0.10414975180938903 0.25452093757680877 0.35 0.13888157126304781 0.0 0.15244773935075456 
0.0 0.17099438117631993 0.0 0.0 0.0 0.0 0.1290056188236802 0.35 0.35 0.0 0.0 
0.0 0.0 0.0 0.0 0.0 0.10621400725424077 0.2297866118064091 0.34408673264848255 0.12814488817711803 0.0 0.1917677601137495 
0.0 0.0 0.0 0.0 0.0 0.11711275999415112 0.2810498094968584 0.27691627690771664 0.11630002976789484 0.0 0.20862112383337889 
0.0 0.0 0.0 0.0 0.0 0.11707481985975057 0.20551458346104656 0.35 0.14941800795605137 0.0 0.17799258872315135 
0.0 0.0 0.0 0.0 0.0 0.11915211558002693 0.2855868027228198 0.2703030660263519 0.11352259598555202 0.0 0.21143541968524934 
0.10313919087106985 0.0 0.0 0.0 0.0 0.10217502441154802 0.27697752936184616 0.20117741983473764 0.1307105153855011 0.0 0.18582032013529717 
0.0 0.0 0.0 0.0 0.0 0.0 0.1761692221206466 0.35 0.33687426791168923 0.0 0.13695650996766426 
0.0 0.0 0.0 0.0 0.0 0.0 0.31175564725329746 0.35 0.14763452110463143 0.0 0.19060983164207132 
0.0 0.0 0.0 0.0 0.0 0.0 0.1487128802668275 0.35 0.35 0.0 0.15128711973317255 
0.0 0.0 0.0 0.0 0.0 0.0 0.21268229574821232 0.35 0.32801381357833403 0.0 0.10930389067345361 
0.0 0.0 0.0 0.0 0.0 0.11639140292626975 0.2473676173561424 0.3118210020566846 0.1267235327778703 0.0 0.197696444883033 
0.0 0.1039125124256632 0.0 0.0 0.0 0.0 0.20431957207041707 0.3458839577519599 0.3458839577519599 0.0 0.0 
0.0 0.0 0.0 0.0 0.0 0.0 0.3207890288117998 0.35 0.14369169412314553 0.0 0.18551927706505467 
0.0 0.0 0.0 0.0 0.0 0.0 0.16369107514571635 0.35 0.3440834998922815 0.0 0.14222542496200208 
0.11295460332891465 0.0 0.0 0.1284172310809877 0.0 0.12336740929143544 0.3099604491711775 0.0 0.14769775623146578 0.0 0.17760255089601898 
0.0 0.0 0.0 0.0 0.0 0.0 0.2194867368004539 0.35 0.31771236362720096 0.0 0.11280089957234513 
0.0 0.0 0.0 0.0 0.0 0.11072187544391222 0.25793251626561986 0.332770429555769 0.11433865891409307 0.0 0.18423651982060574 
0.10360090766782261 0.0 0.0 0.0 0.0 0.11151251886864187 0.3070988912266578 0.1686105026325273 0.12561072351994815 0.0 0.1835664560844024 
0.10245943172785407 0.0 0.0 0.0 0.0 0.11028387270945984 0.3037152722659996 0.16675275026033637 0.13524475418373985 0.0 0.1815439188526102 
0.0 0.0 0.0 0.0 0.0 0.0 0.21948673680045394 0.35 0.31771236362720096 0.0 0.11280089957234513 
0.1082439931745774 0.0 0.0 0.0 0.0 0.10874449428237337 0.2528069009888331 0.20629391265710711 0.1371359146947755 0.0 0.1867747842023335 
0.0 0.18683345797427975 0.0 0.0 0.0 0.0 0.11316654202572024 0.35 0.35 0.0 0.0 
0.0 0.0 0.0 0.0 0.0 0.14552848391800896 0.2652849474159442 0.26886008798525135 0.1219105684837383 0.0 0.19841591219705704 
0.0 0.16006245345541575 0.0 0.0 0.0 0.0 0.13993754654458437 0.35 0.35 0.0 0.0 
0.12157259582684952 0.0 0.0 0.0 0.0 0.11336955263543318 0.32980320024199256 0.11924233999242739 0.10470846561260981 0.0 0.21130384569068772 
0.0 0.0 0.0 0.0 0.0 0.0 0.30866729825244055 0.35 0.2076799438785426 0.0 0.1336527578690169 
0.0 0.0 0.0 0.0 0.0 0.0 0.31152853387135016 0.35 0.17494666983393456 0.0 0.16352479629471522 
0.0 0.0 0.0 0.0 0.0 0.0 0.21268229574821243 0.35 0.32801381357833415 0.0 0.10930389067345365 
0.0 0.0 0.0 0.0 0.0 0.10693210516392818 0.27652348986279873 0.2993192541745567 0.12049773592668407 0.0 0.1967274148720323 
0.12094707252567914 0.0 0.0 0.0 0.0 0.11278623617061304 0.32810627516484975 0.12377407212557755 0.1041697127413314 0.0 0.21021663127194906 
0.0 0.0 0.0 0.0 0.0 0.0 0.35 0.35 0.1589772258708557 0.0 0.14102277412914435 
0.0 0.0 0.0 0.0 0.0 0.0 0.2403059681961172 0.35 0.25818809497735107 0.0 0.15150593682653177 
0.10026859490049757 0.0 0.0 0.0 0.0 0.11346804475202438 0.26021504831198733 0.22025283303036322 0.1188514210064567 0.0 0.18694405799867073 
0.0 0.0 0.0 0.0 0.0 0.0 0.2872002038732611 0.35 0.15912510109361816 0.0 0.20367469503312077 
0.0 0.0 0.0 0.0 0.0 0.1133628244566647 0.29315315350244614 0.26743083699170017 0.1277442697339713 0.0 0.1983089153152176 
0.0 0.10385018433428589 0.0 0.0 0.0 0.0 0.20035976924124513 0.35 0.3457900464244691 0.0 0.0 
0.0 0.0 0.0 0.0 0.0 0.0 0.3065294054762809 0.35 0.18680996151800694 0.0 0.15666063300571215 
0.0 0.0 0.0 0.0 0.0 0.0 0.31412807598894155 0.34616489192125327 0.1847630003962696 0.0 0.15494403169353566 
0.0 0.1654126936889561 0.0 0.0 0.0 0.0 0.13458730631104396 0.35 0.35 0.0 0.0 
0.0 0.10170540924081399 0.0 0.0 0.0 0.0 0.198294590759186 0.35 0.35 0.0 0.0 
