-0.014376763121341365 4.2232773941764865E-4 
-0.008244889671729646 1.725840928357188E-5 
-0.008244889671729646 1.725840928357188E-5 
-0.014376763121341365 4.2232773941764865E-4 
-0.014166203990339968 3.6209218478884986E-4 
-0.014166419608639357 3.837682759673133E-4 
-0.00871457007456334 1.9589042049621108E-5 
-0.008589203635336768 1.8487612554776584E-5 
-0.01283843593432556 1.9331003431945497E-4 
-0.008355941719768617 1.7598938830204008E-5 
-0.013544989603209965 2.601631111685136E-4 
-0.013602733868448399 2.6790758319733673E-4 
-0.014083494372585235 3.469425225387934E-4 
-0.011676324133398511 1.1646045577841495E-4 
-0.00893316624072199 2.2295817110884762E-5 
-0.013810629720101386 2.995708852381058E-4 
-0.009667187254190248 3.2976069009009055E-5 
-0.014113390791059725 3.5547441463892535E-4 
-0.00973607376764444 3.710891609260138E-5 
-0.01365981823683772 2.7651482017536984E-4 
-0.013986018925116483 3.2814614740440604E-4 
-0.010959982696083875 7.429384532412148E-5 
-0.01219830052122939 1.4552592341355127E-4 
-0.011452379707962573 9.860749457984146E-5 
-0.013764539239401262 2.925545559824505E-4 
-0.011835323159826345 1.219119944208931E-4 
-0.013937146807310286 3.192553925725355E-4 
-0.009522851811847227 3.0115101554687554E-5 
-0.012769105557507621 1.853056689269443E-4 
-0.011661185865488703 1.1015195375692416E-4 
-0.010058461474758675 4.3605629216042225E-5 
-0.00910948393385128 2.3569768440251417E-5 
-0.014265477288388735 4.011698144562247E-4 
-0.010165244645186356 4.569959520293484E-5 
-0.014228877187005252 3.945831908019067E-4 
-0.013264476805161199 2.303229162563692E-4 
-0.011997621744307409 1.295685848915487E-4 
-0.013210235630738802 2.2562075000020641E-4 
-0.012043715524221683 1.3535359353278502E-4 
-0.00997552247453716 4.05734226445383E-5 
-0.012530308296441785 1.6391388490804586E-4 
-0.013877891567842755 3.097294816061677E-4 
-0.012322514581032559 1.4913509638679712E-4 
-0.01190771880172551 1.2764446774088625E-4 
-0.012400460648687038 1.5670154610226153E-4 
-0.012460213110275939 1.601417943485141E-4 
-0.011193175612479985 8.176970583557064E-5 
-0.012863105157776413 2.032275621866265E-4 
-0.009241204628806053 2.524311198880801E-5 
-0.010833961458441945 6.833780177057016E-5 
-0.011249749416124713 8.468418767870753E-5 
-0.01258387723294472 1.6828091621602965E-4 
-0.014196409949257237 3.8889439035269633E-4 
-0.011452379707962573 9.860749457984146E-5 
-0.014323226526196393 4.119368215044476E-4 
-0.01131997051630063 8.853807419471188E-5 
-0.01373059995740511 2.8629189469485687E-4 
-0.01093160023033223 7.069809111095329E-5 
-0.013152282032461996 2.2106784797986287E-4 
-0.01053157707542986 5.824963855506438E-5 
-0.011581281215239228 1.0471606657923672E-4 
-0.014365803055481824 4.2137377079932525E-4 
-0.010519841298463352 5.545378949217349E-5 
-0.010376278601731764 5.475548508932582E-5 
-0.013472060321144194 2.5259018304391593E-4 
-0.012120559680259615 1.3784487483915829E-4 
-0.009297349083157045 2.6639706571557458E-5 
-0.013073613971469873 2.1362486659446268E-4 
-0.010722283811473688 6.2818160767084E-5 
-0.01110746829951461 7.852655936682182E-5 
-0.009008034762233058 2.3407464806782478E-5 
-0.010781423291747373 6.530376478080158E-5 
-0.012178180740608913 1.3967584862397976E-4 
-0.014032805598279807 3.3746861893106585E-4 
-0.013410925467927041 2.452340467713637E-4 
-0.013020460370539636 2.1098284286255375E-4 
-0.013111419833275878 2.180042960336284E-4 
-0.010368154204962572 5.17658615256871E-5 
-0.01131997051630063 8.853807419471188E-5 
-0.009394588581320985 2.815944996355193E-5 
-0.012689385989568733 1.8017268037722766E-4 
-0.014032805598279807 3.3746861893106585E-4 
-0.013366464519881927 2.4291615552824393E-4 
-0.01395828068054068 3.2288385933000385E-4 
-0.014297920556046475 4.0716226448415265E-4 
-0.012654176042298106 1.7481989980358713E-4 
-0.010263795584554904 4.9556931298356444E-5 
-0.009888770033824506 3.844090108718163E-5 
-0.011581281215239228 1.0471606657923672E-4 
-0.012634076353185551 1.721603718682018E-4 
-0.010656664994791266 6.051954760578847E-5 
-0.013306583156012028 2.359890029935759E-4 
-0.011858413918584295 1.22927214791014E-4 
-0.009445218228472 2.9468834209671803E-5 
-0.012735031012493191 1.8206642792631953E-4 
-0.010237309995091263 4.878817693133192E-5 
-0.012978630407010283 2.0725045022282842E-4 
-0.01110746829951461 7.852655936682182E-5 
-0.013861612174814481 3.0814557080270427E-4 
-0.013449645706130152 2.5008169511653983E-4 
