-0.011713528783177022 4.3029059305354806E-4 
-0.0074458786829760416 5.357223463551771E-5 
-0.011713528783177022 4.3029059305354806E-4 
-0.010938651701195023 2.768963582984906E-4 
-0.011475584082538175 3.810762961508116E-4 
-0.010521910654595927 2.2178912732902776E-4 
-0.010240638286432709 1.9273870614079037E-4 
-0.010454536490442264 2.140886251690956E-4 
-0.00845062110952308 7.567099435544996E-5 
-0.011470783346111445 3.6811203912827774E-4 
-0.010847446559191301 2.653542109749707E-4 
-0.011664635898783488 4.2286742275194516E-4 
-0.00967984458617308 1.4869797442707396E-4 
-0.009788213000861124 1.5927126579343896E-4 
-0.008107929703674912 6.452675854807271E-5 
-0.011622158879015784 4.052681653996096E-4 
-0.007698165455549839 5.6052902673155425E-5 
-0.007887858185100039 5.937282733180573E-5 
-0.010168838554281426 1.8740346726118883E-4 
-0.010602403340121181 2.3121535882403846E-4 
-0.009603625776785887 1.429950031398568E-4 
-0.010563575882655288 2.2681758795193603E-4 
-0.008992463719840083 1.0962243458349108E-4 
-0.009407240054723319 1.2383076702957106E-4 
-0.007977705015690287 6.162481200305928E-5 
-0.011238602769782273 3.2881463071894693E-4 
-0.010959604115896731 2.8270558235711784E-4 
-0.009355020975975254 1.203420315221956E-4 
-0.008773482680747539 8.919736088956151E-5 
-0.009206629712730443 1.131316104846594E-4 
-0.007545413323121196 5.478602854367457E-5 
-0.011437160676856854 3.633048262072164E-4 
-0.011585862215549974 3.984495998262338E-4 
-0.008183544304935423 6.915956600519107E-5 
-0.007597879204956298 5.529173885352432E-5 
-0.009083280996212442 1.098795608005574E-4 
-0.008890212912199753 9.86201152104579E-5 
-0.008686354295157805 8.676250352809549E-5 
-0.00914026935906882 1.1096518855275134E-4 
-0.008377023658055411 7.348512681990644E-5 
-0.01156693776525445 3.951931836013564E-4 
-0.011291546268995565 3.371913761096027E-4 
-0.01073886393387876 2.532591619220913E-4 
-0.009941907901555525 1.6636236172915355E-4 
-0.011022673883514656 2.9764588840067613E-4 
-0.010296624933056615 1.9746264304275593E-4 
-0.011085554264875952 3.030076025344292E-4 
-0.010650326070077284 2.3836843505927336E-4 
-0.010708536288022227 2.451222651079788E-4 
-0.008834221371871759 9.380630246802337E-5 
-0.011117196094963328 3.0664767597810157E-4 
-0.01112883426435809 3.122879317094738E-4 
-0.009252610590609753 1.1639466711112698E-4 
-0.009308290201645721 1.1715433155953369E-4 
-0.011663785381828955 4.114524092463466E-4 
-0.011353530307249273 3.474482494586591E-4 
-0.011197760445677697 3.257209101275383E-4 
-0.008549995492059198 7.938712658544291E-5 
-0.009970140385555219 1.702656310388703E-4 
-0.011006021699342049 2.89368153753218E-4 
-0.008965110128592616 1.0404558634624254E-4 
-0.010026244162960177 1.7147032231890847E-4 
-0.008933626817719323 1.026882574775696E-4 
-0.009737690711197537 1.5329157239822385E-4 
-0.01034097211259409 2.0318390558234187E-4 
-0.008273189975456636 6.916668732612563E-5 
-0.011699992530727926 4.287011730137849E-4 
-0.007775566359390136 5.7810923277669084E-5 
-0.011330504109956301 3.435466055168096E-4 
-0.010357669079641892 2.0782276794636267E-4 
-0.009854848414137796 1.6238881218773508E-4 
-0.009455193968677448 1.2756348492257478E-4 
-0.009544418678372517 1.3253088755600418E-4 
-0.009574226151467372 1.3838902041748237E-4 
-0.008145156091560595 6.563965938104663E-5 
-0.01153422852551178 3.8906638567421146E-4 
-0.010154245112463026 1.829509572582142E-4 
-0.010089879602355589 1.8115883668378E-4 
-0.01153422852551178 3.8906638567421146E-4 
-0.011001515955646943 2.8698603638598665E-4 
-0.010798758052027905 2.578073469637277E-4 
-0.011185559129710379 3.20738672892515E-4 
-0.008732504503479713 8.743855698346257E-5 
-0.010639349040980298 2.3711350167807414E-4 
-0.009486216373917642 1.2822787017003498E-4 
-0.008618407077746342 8.332738078945078E-5 
-0.011658302578874576 4.1045035518399867E-4 
-0.01076453913008251 2.539549614468261E-4 
-0.008836044939390776 9.694109456680058E-5 
-0.008549995492059198 7.938712658544291E-5 
-0.010316620497580926 1.995870109351719E-4 
-0.008326959457633093 7.26257880204423E-5 
-0.008618407077746342 8.332738078945078E-5 
-0.009524246917945654 1.3143738441843828E-4 
-0.010708536288022227 2.451222651079788E-4 
-0.010058419624398999 1.747760687577076E-4 
-0.01041428159859152 2.100385984024352E-4 
-0.009871294211691566 1.6531538471361052E-4 
-0.011268843701318513 3.3517534562134356E-4 
-0.0113592798789766 3.5572585195645356E-4 
