0.0 0.30000000000000016 0.0 0.0 0.0 0.0 0.0 0.35 0.35 0.0 0.0 
0.0 0.15453588104714194 0.0 0.10023830851094274 0.19113664564720517 0.0 0.10398608425012726 0.3498637465601231 0.10023933398445971 0.0 0.0 
0.0 0.30000000000000016 0.0 0.0 0.0 0.0 0.0 0.35 0.35 0.0 0.0 
0.0 0.14617993672317808 0.0 0.10127599184086171 0.0 0.0 0.11331001305011464 0.35 0.2892340583858457 0.0 0.0 
0.0 0.18931985889060496 0.11679316286527261 0.1080856443958054 0.0 0.0 0.0 0.34999644649556716 0.23580488735274976 0.0 0.0 
0.0 0.1438237031427155 0.0 0.10009430663154106 0.0 0.0 0.10880297076858264 0.3499629875223883 0.2973160319347725 0.0 0.0 
0.0 0.19854288264453918 0.0 0.0 0.0 0.0 0.10145711735546084 0.35 0.35 0.0 0.0 
0.1155637084505356 0.19410632344556666 0.0 0.0 0.0 0.0 0.0 0.35 0.34032996810389776 0.0 0.0 
0.0 0.14272614166687264 0.0 0.14594456081667592 0.0 0.0 0.15330263378047657 0.35 0.20802666373597486 0.0 0.0 
0.0 0.1358719561540915 0.0 0.1076901334973501 0.13426629388860517 0.0 0.10940330278375103 0.35 0.16276831367620226 0.0 0.0 
0.0 0.14348384602381847 0.0 0.10708670103449375 0.15532178056050336 0.0 0.10976799874944841 0.3465695690797486 0.13777010455198743 0.0 0.0 
0.1131013208675796 0.18962555023054692 0.0 0.0 0.0 0.0 0.0 0.35 0.3472731289018735 0.0 0.0 
0.0 0.14753762015087918 0.0 0.11694836615855361 0.0 0.0 0.11968008342303808 0.35 0.26583393026752916 0.0 0.0 
0.0 0.22419216955842305 0.0 0.0 0.0 0.0 0.13249305789316299 0.35 0.2933147725484139 0.0 0.0 
0.0 0.14711336770654962 0.0 0.10519927555721634 0.0 0.0 0.11223349139073109 0.35 0.28545386534550304 0.0 0.0 
0.0 0.15399234441069265 0.0 0.12816245624815265 0.0 0.0 0.1222642785449769 0.35 0.24558092079617794 0.0 0.0 
0.0 0.11325172910356852 0.0 0.10180338521013152 0.10345876149917171 0.0 0.10613139515678441 0.35 0.22535472903034387 0.0 0.0 
0.0 0.1581633482283086 0.0 0.1316338372205756 0.0 0.0 0.12557590273331382 0.35 0.234626911817802 0.0 0.0 
0.0 0.16323100811514354 0.0 0.12460378298579096 0.0 0.0 0.1274772457166724 0.35 0.23468796318239327 0.0 0.0 
0.10178672855631747 0.21529670337302234 0.0 0.0 0.0 0.0 0.0 0.34984777212679785 0.33306879594386224 0.0 0.0 
0.0 0.14797881675082006 0.0 0.11031740578116857 0.13982478537257134 0.0 0.11298983577060925 0.35 0.1388891563248309 0.0 0.0 
0.0 0.1512404019274098 0.0 0.10554050669918373 0.17823530828413514 0.0 0.10324566747247665 0.35 0.11173811561679467 0.0 0.0 
0.0 0.2016903431207432 0.0 0.0 0.0 0.0 0.10320385414515687 0.35 0.34510580273409996 0.0 0.0 
0.0 0.14341893203170636 0.0 0.10968607630244187 0.12416412202985232 0.0 0.10486081621005629 0.3496471062363171 0.1682229471896261 0.0 0.0 
0.0 0.13365049150279593 0.0 0.10841748169967826 0.15559582152364732 0.0 0.11082958575505197 0.35 0.14150661951882657 0.0 0.0 
0.0 0.19606093391117302 0.0 0.0 0.0 0.0 0.11188358694301336 0.35 0.34205547914581363 0.0 0.0 
0.0 0.14101580101421932 0.0 0.13221609932759326 0.0 0.0 0.1571456512674544 0.35 0.2196224483907331 0.0 0.0 
0.0 0.15993121401164176 0.0 0.10387714687526231 0.10602884838676283 0.0 0.10782968706690815 0.35 0.17233310365942506 0.0 0.0 
0.0 0.21953377646529781 0.0 0.0 0.0 0.0 0.14008710327009935 0.35 0.2903791202646028 0.0 0.0 
0.0 0.15462593487757229 0.0 0.10043130759223229 0.18517660294377897 0.0 0.10425273310976715 0.3473622718486274 0.10815114962802184 0.0 0.0 
0.0 0.12628659887646612 0.0 0.10028655091840191 0.1000915729785715 0.0 0.10665799687434899 0.35 0.21667728035221143 0.0 0.0 
0.0 0.12409590597491099 0.0 0.1376883922627951 0.0 0.0 0.15751339715508003 0.35 0.23070230460721386 0.0 0.0 
0.0 0.14664153954570186 0.0 0.10208140080096212 0.1080728212931878 0.0 0.11080184951793673 0.35 0.1824023888422115 0.0 0.0 
0.0 0.17870200613202433 0.0 0.0 0.0 0.0 0.1306580515969528 0.35 0.340639942271023 0.0 0.0 
0.0 0.1525871615066974 0.0 0.10047419953262034 0.1772702879358351 0.0 0.10160324453963877 0.35 0.11806510648520838 0.0 0.0 
0.0 0.14052155547721945 0.0 0.11138607866938312 0.0 0.0 0.11398876750926419 0.35 0.2841035983441332 0.0 0.0 
0.0 0.13349134259761994 0.0 0.10391057654880421 0.10488254319855721 0.0 0.10599831308199477 0.35 0.2017172245730239 0.0 0.0 
0.0 0.21435070010241256 0.0 0.0 0.0 0.0 0.1145812899555673 0.35 0.3210680099420203 0.0 0.0 
0.10594090593824275 0.2171857986339756 0.0 0.0 0.0 0.0 0.0 0.35 0.32687329542778165 0.0 0.0 
0.0 0.17770549990996484 0.12165992399139929 0.13044367079508187 0.0 0.0 0.0 0.35 0.220190905303554 0.0 0.0 
0.0 0.1420698363174236 0.0 0.10589464900846958 0.0 0.0 0.13311729380913695 0.34977493015053795 0.26914329071443194 0.0 0.0 
0.0 0.21415077139514385 0.0 0.0 0.0 0.0 0.15787341252725665 0.35 0.2779758160775995 0.0 0.0 
0.0 0.22863914566854687 0.0 0.0 0.0 0.0 0.1371482362291886 0.35 0.28421261810226445 0.0 0.0 
0.0 0.30664792937790564 0.0 0.0 0.0 0.0 0.0 0.35 0.34335207062209444 0.0 0.0 
0.0 0.15421825563565617 0.0 0.13589726448401115 0.0 0.0 0.1308938133938638 0.35 0.22899066648646893 0.0 0.0 
0.0 0.12972931687351208 0.0 0.10357253160780658 0.10001075361849504 0.0 0.10445394931583825 0.35 0.212233448584348 0.0 0.0 
0.0 0.21661057938791323 0.0 0.0 0.0 0.0 0.14915499988971692 0.35 0.28423442072236993 0.0 0.0 
0.0 0.11673703328635038 0.0 0.10481619267483822 0.0 0.0 0.102309940457719 0.34827488573017207 0.32786194785092043 0.0 0.0 
0.0 0.23241097389790855 0.0 0.0 0.0 0.0 0.1413281678043698 0.35 0.27626085829772173 0.0 0.0 
0.0 0.16390607894196307 0.0 0.11817439663115153 0.0 0.0 0.11144918760244457 0.35 0.25647033682444087 0.0 0.0 
0.0 0.20956559011757694 0.0 0.0 0.0 0.0 0.11431672594038327 0.35 0.3261176839420399 0.0 0.0 
0.0 0.1600103543198549 0.0 0.1079351003474049 0.10791398229408156 0.0 0.10760243550501664 0.35 0.166538127533642 0.0 0.0 
0.0 0.17752702444150148 0.12036381404245146 0.12891081484266903 0.0 0.0 0.0 0.3484035353267397 0.2247948113466384 0.0 0.0 
0.10743438853205027 0.2061502182453482 0.0 0.0 0.0 0.0 0.0 0.35 0.33641539322260156 0.0 0.0 
0.0 0.15146395999460505 0.0 0.11347309030600422 0.11162687961110734 0.0 0.10956114404527506 0.35 0.16387492604300835 0.0 0.0 
0.0 0.1307877132068374 0.0 0.10666722138206504 0.10082669112185924 0.0 0.10530613662107954 0.35 0.20641223766815883 0.0 0.0 
0.0 0.1396051019028753 0.0 0.14017756436367435 0.0 0.0 0.1561854201262361 0.349962243597069 0.21406967001014526 0.0 0.0 
0.0 0.15073668573642804 0.0 0.10661499923403298 0.16849305946742454 0.0 0.10037151928317761 0.3460099397164871 0.12777379656244983 0.0 0.0 
0.0 0.1286378470080905 0.0 0.10305386232516367 0.0 0.0 0.10352524281751824 0.34777953372687753 0.3170035141223501 0.0 0.0 
0.0 0.1480427990774205 0.0 0.10622107716256925 0.13236674707375945 0.0 0.10785550780619031 0.34504833740516 0.16046553147490045 0.0 0.0 
0.1046558422924498 0.22103146694788958 0.0 0.0 0.0 0.0 0.0 0.35 0.3243126907596606 0.0 0.0 
0.0 0.18503111233532582 0.0 0.0 0.0 0.0 0.14557786426852218 0.35 0.319391023396152 0.0 0.0 
0.0 0.13164925296687532 0.0 0.10154721237690531 0.0 0.0 0.10799875118955195 0.3479840369907037 0.31082074647596375 0.0 0.0 
0.10001635844219003 0.19998364155781007 0.0 0.0 0.0 0.0 0.0 0.35 0.35 0.0 0.0 
0.0 0.1293227842637559 0.0 0.10360257665215546 0.0 0.0 0.10407593145701996 0.3496651045275941 0.3133336030994746 0.0 0.0 
0.0 0.19835528767519783 0.11008454186785409 0.12038810381767502 0.0 0.0 0.0 0.3472573021318268 0.22391476450744616 0.0 0.0 
0.0 0.22828927405369948 0.0 0.0 0.0 0.0 0.12478171693594506 0.35 0.2969290090103555 0.0 0.0 
0.0 0.20353080397031467 0.0 0.0 0.0 0.0 0.13867119078642037 0.35 0.30779800524326495 0.0 0.0 
0.0 0.30244456510476436 0.0 0.0 0.0 0.0 0.0 0.35 0.34755543489523566 0.0 0.0 
0.0 0.16380284576497506 0.0 0.0 0.0 0.0 0.13619715423502488 0.35 0.35 0.0 0.0 
0.0 0.20161905998010948 0.0 0.0 0.0 0.0 0.13500995356351814 0.35 0.31337098645637235 0.0 0.0 
0.0 0.21278776569477925 0.0 0.0 0.0 0.0 0.16315100799886653 0.35 0.2740612263063542 0.0 0.0 
0.0 0.1312535866306196 0.0 0.10339264753995636 0.10119806847695334 0.0 0.10569401322456987 0.35 0.2084616841279008 0.0 0.0 
0.0 0.19647792839435452 0.0 0.0 0.0 0.0 0.11941676412656418 0.35 0.3341053074790814 0.0 0.0 
0.0 0.19992197214283605 0.11095403087363168 0.12133897422072883 0.0 0.0 0.0 0.35 0.21778502276280348 0.0 0.0 
0.0 0.11709829397849826 0.0 0.10514056249346411 0.0 0.0 0.10262655429364459 0.3493526758943951 0.3257819133399979 0.0 0.0 
0.0 0.15996879249584864 0.0 0.10390155452918673 0.10967021135432992 0.0 0.10785502343553087 0.35 0.1686044181851038 0.0 0.0 
0.0 0.18390804912073697 0.0 0.0 0.0 0.0 0.14380501608990312 0.35 0.32228693478935994 0.0 0.0 
0.0 0.2286402140608753 0.0 0.0 0.0 0.0 0.12391528021957088 0.35 0.29744450571955383 0.0 0.0 
0.0 0.14385394871390447 0.0 0.1098121393366161 0.13706545803911963 0.0 0.11234449495392597 0.34904691030635343 0.14787704865008042 0.0 0.0 
0.0 0.13322828457393307 0.0 0.11121936394177548 0.10194290633818694 0.0 0.11462350015055396 0.35 0.18898594499555063 0.0 0.0 
0.0 0.138533492324499 0.0 0.10512963777186711 0.0 0.0 0.10406029886484937 0.35 0.3022765710387845 0.0 0.0 
0.0 0.12624067476868822 0.0 0.10140906297942616 0.0 0.0 0.10259407458920718 0.35 0.3197561876626783 0.0 0.0 
0.0 0.12602618418351785 0.0 0.1012367628130979 0.0 0.0 0.10411875127758292 0.34995757460381577 0.3186607271219854 0.0 0.0 
0.0 0.19570477123763305 0.12073207403918088 0.1066942634137977 0.0 0.0 0.0 0.35 0.22686889130938842 0.0 0.0 
0.0 0.13029629194618003 0.0 0.10347072320414365 0.107123533446379 0.0 0.11050627723601744 0.35 0.1986031741672799 0.0 0.0 
0.0 0.14514758184245777 0.0 0.1080671404846071 0.16627451186738854 0.0 0.10309377139422299 0.35 0.1274169944113236 0.0 0.0 
0.0 0.14486220854814846 0.0 0.10917960164979597 0.13802613793173726 0.0 0.11313190776305049 0.35 0.14480014410726777 0.0 0.0 
0.0 0.14139481179818614 0.0 0.10529983440492358 0.0 0.0 0.1319216124498728 0.3479628736722272 0.2734208676747902 0.0 0.0 
0.0 0.19570477123763305 0.12073207403918088 0.1066942634137977 0.0 0.0 0.0 0.35 0.22686889130938842 0.0 0.0 
0.0 0.12699782585615518 0.0 0.1120188220266717 0.10267568413677736 0.0 0.11544742757350196 0.35 0.19286024040689373 0.0 0.0 
0.0 0.14205871594277267 0.0 0.13671821006697016 0.0 0.0 0.15640352368635588 0.35 0.21481955030390132 0.0 0.0 
0.0 0.1786624636771253 0.0 0.12038239299573711 0.0 0.0 0.11093210433649178 0.35 0.24002303899064592 0.0 0.0 
0.0 0.1711424515463364 0.0 0.1275857699647172 0.0 0.0 0.13067652464178012 0.35 0.2205952538471663 0.0 0.0 
0.0 0.14262023809204916 0.0 0.10890591171181842 0.13604258154064022 0.0 0.10928669631746318 0.34909025715938086 0.1540543151786482 0.0 0.0 
0.0 0.13039452058578663 0.0 0.10428084692093499 0.10774554086947788 0.0 0.11043889425840694 0.35 0.1971401973653935 0.0 0.0 
0.0 0.21986906803338896 0.0 0.0 0.0 0.0 0.12338064269888985 0.34997840631810534 0.30677188294961594 0.0 0.0 
0.0 0.14514758184245777 0.0 0.1080671404846071 0.16627451186738854 0.0 0.10309377139422299 0.35 0.1274169944113236 0.0 0.0 
0.0 0.14865178768218273 0.0 0.10600974565841222 0.0 0.0 0.12277549077940351 0.35 0.2725629758800015 0.0 0.0 
0.0 0.16102928113657228 0.0 0.0 0.0 0.0 0.15957949638727115 0.35 0.3293912224761566 0.0 0.0 
