0.0 0.30000000000000004 0.0 0.0 0.0 0.0 0.0 0.35 0.35 0.0 0.0 
0.0 0.0 0.0 0.19102892678237146 0.0 0.0 0.35 0.17115453751973253 0.0 0.0 0.287816535697896 
0.0 0.30000000000000004 0.0 0.0 0.0 0.0 0.0 0.35 0.35 0.0 0.0 
0.0 0.0 0.0 0.11466593976601318 0.0 0.0 0.2396482983594343 0.35 0.0 0.0 0.2956857618745526 
0.0 0.0 0.0 0.144200388134252 0.0 0.0 0.28961110767559894 0.21618850419014907 0.0 0.0 0.35 
0.0 0.0 0.0 0.18355749909185987 0.0 0.0 0.15129401183897453 0.35 0.1 0.0 0.21514848906916567 
0.0 0.2055290538484657 0.0 0.12383414959211758 0.0 0.0 0.11474922940854691 0.35 0.10588756715086986 0.0 0.1 
0.0 0.0 0.0 0.15011835396442905 0.0 0.0 0.2600012626760518 0.23988038335951925 0.0 0.0 0.35 
0.0 0.0 0.0 0.17281448220152765 0.0 0.0 0.35 0.1867329910869401 0.0 0.0 0.2904525267115323 
0.0 0.0 0.0 0.17164867384784083 0.0 0.0 0.20693347907499993 0.2714178470771593 0.0 0.0 0.35 
0.0 0.0 0.0 0.16457503423019165 0.0 0.0 0.19792621471610816 0.2874987510537002 0.0 0.0 0.35 
0.0 0.2074564854439062 0.0 0.1073775698628236 0.0 0.0 0.12014571524973514 0.35 0.11502022944353507 0.0 0.1 
0.0 0.10076267019754956 0.0 0.1444452201386056 0.0 0.0 0.11699530167785371 0.35 0.1 0.0 0.1877968079859912 
0.0 0.21259500193715763 0.0 0.0 0.0 0.0 0.1 0.35 0.3374049980628424 0.0 0.0 
0.0 0.0 0.0 0.15351401628741582 0.0 0.0 0.2464628261464289 0.25002315756615534 0.0 0.0 0.35 
0.0 0.3278151020176814 0.0 0.0 0.0 0.0 0.0 0.35 0.3221848979823187 0.0 0.0 
0.0 0.22048508090540125 0.0 0.0 0.0 0.0 0.1 0.35 0.32951491909459873 0.0 0.0 
0.0 0.31534041386926526 0.0 0.0 0.0 0.0 0.0 0.35 0.33465958613073477 0.0 0.0 
0.0 0.0 0.0 0.17904963817864203 0.0 0.0 0.35 0.20059866791035513 0.0 0.0 0.2703516939110029 
0.0 0.0 0.0 0.14399735454284845 0.0 0.0 0.20737151703491416 0.2986311284222374 0.0 0.0 0.35 
0.0 0.12308870371903552 0.0 0.12944993857598155 0.0 0.0 0.11194009701915988 0.35 0.1 0.0 0.1855212606858231 
0.0 0.24458828991837422 0.0 0.0 0.0 0.0 0.1 0.35 0.3054117100816258 0.0 0.0 
0.0 0.0 0.0 0.18951659842511148 0.0 0.0 0.1555191913925863 0.35 0.13637010731354532 0.0 0.168594102868757 
0.0 0.15593829739338969 0.0 0.13205196364846733 0.0 0.0 0.13171002547384325 0.35 0.1 0.0 0.13029971348429983 
0.0 0.337988013041233 0.0 0.0 0.0 0.0 0.0 0.35 0.312011986958767 0.0 0.0 
0.0 0.0 0.0 0.15495407997390606 0.0 0.0 0.23337092589358532 0.26167499413250866 0.0 0.0 0.35 
0.0 0.30706839544565123 0.0 0.0 0.0 0.0 0.0 0.35 0.34293160455434873 0.0 0.0 
0.0 0.0 0.0 0.1775141229283881 0.0 0.0 0.1775230277745669 0.29496284929704497 0.0 0.0 0.35 
0.0 0.2543309970328021 0.0 0.1414402222340299 0.0 0.0 0.1 0.35 0.1542287807331681 0.0 0.0 
0.0 0.2972679693182593 0.0 0.0 0.0 0.0 0.1 0.35 0.25273203068174077 0.0 0.0 
0.0 0.19337374062545953 0.0 0.1 0.0 0.0 0.10474064501468673 0.35 0.14221221978156068 0.0 0.10967339457829292 
0.0 0.23557990989202937 0.0 0.10533488966825713 0.0 0.0 0.1 0.35 0.20908520043971357 0.0 0.0 
0.0 0.35 0.0 0.0 0.0 0.0 0.12269566518350716 0.35 0.17730433481649283 0.0 0.0 
0.0 0.0 0.0 0.1274540001249888 0.0 0.0 0.1890403443925875 0.3335056554824237 0.0 0.0 0.35 
0.0 0.32196932379484 0.0 0.0 0.0 0.0 0.0 0.35 0.32803067620516 0.0 0.0 
0.0 0.0 0.0 0.13706716707289845 0.0 0.0 0.1791314533006078 0.35 0.1 0.0 0.23380137962649378 
0.0 0.3136335165090133 0.0 0.0 0.0 0.0 0.1 0.35 0.2363664834909867 0.0 0.0 
0.0 0.34571828185969045 0.0 0.0 0.0 0.0 0.14972717797885793 0.35 0.1545545401614517 0.0 0.0 
0.0 0.0 0.0 0.12602206409535696 0.0 0.0 0.16807015067768158 0.35 0.1 0.0 0.25590778522696145 
0.0 0.0 0.0 0.12767006931144456 0.0 0.0 0.2077087773017584 0.314621153386797 0.0 0.0 0.35 
0.0 0.0 0.0 0.1676257926348936 0.0 0.0 0.18024506777709068 0.35 0.0 0.0 0.3021291395880157 
0.0 0.0 0.0 0.1525087038241842 0.0 0.0 0.18958436972545245 0.35 0.12956389389634315 0.0 0.17834303255402012 
0.0 0.30481733035468794 0.0 0.0 0.0 0.0 0.1 0.35 0.2451826696453121 0.0 0.0 
0.0 0.2560814661761399 0.0 0.1 0.0 0.0 0.10367121670793149 0.35 0.19024731711592874 0.0 0.0 
0.0 0.2280187989679652 0.0 0.1 0.0 0.0 0.10333594354487989 0.35 0.2186452574871549 0.0 0.0 
0.0 0.13265773536479947 0.0 0.1284464248257864 0.0 0.0 0.12984093520156323 0.35 0.1 0.0 0.15905490460785102 
0.0 0.0 0.0 0.14696372527067533 0.0 0.0 0.1760349592682718 0.32700131546105293 0.0 0.0 0.35 
0.0 0.0 0.0 0.17941188159856203 0.0 0.0 0.26559076647066715 0.20499735193077082 0.0 0.0 0.35 
0.0 0.35 0.0 0.11983719462015911 0.0 0.0 0.0 0.35 0.1801628053798408 0.0 0.0 
0.0 0.0 0.0 0.1422339346546847 0.0 0.0 0.2002954051329826 0.35 0.0 0.0 0.30747066021233277 
0.0 0.0 0.0 0.17722217245406818 0.0 0.0 0.16286381327605812 0.35 0.1 0.0 0.20991401426987383 
0.0 0.28629985524139573 0.0 0.12684373768221407 0.0 0.0 0.1251139146847978 0.35 0.11174249239159234 0.0 0.0 
0.0 0.28140324973592173 0.0 0.1 0.0 0.0 0.11079691956912799 0.35 0.15779983069495027 0.0 0.0 
0.0 0.0 0.0 0.15711615077961652 0.0 0.0 0.17694918458223327 0.31593466463815023 0.0 0.0 0.35 
0.0 0.22717342393827789 0.0 0.0 0.0 0.0 0.1 0.35 0.32282657606172216 0.0 0.0 
0.0 0.34261407142123224 0.0 0.0 0.0 0.0 0.0 0.35 0.3073859285787678 0.0 0.0 
0.0 0.0 0.0 0.11915219106031963 0.0 0.0 0.18084780893968036 0.35 0.0 0.0 0.35 
0.0 0.1820295336506879 0.0 0.14718286320498167 0.0 0.0 0.11429111507928742 0.35 0.1 0.0 0.106496488065043 
0.0 0.2555291987255267 0.0 0.0 0.0 0.0 0.1 0.35 0.2944708012744734 0.0 0.0 
0.0 0.0 0.0 0.11893380336414243 0.0 0.0 0.20662922045991955 0.324436976175938 0.0 0.0 0.35 
0.0 0.3413105613299564 0.0 0.0 0.0 0.0 0.12002255124179038 0.35 0.1886668874282532 0.0 0.0 
0.0 0.11973846956033415 0.0 0.11527328532483566 0.0 0.0 0.12782896670907967 0.35 0.18715927840575053 0.0 0.1 
0.0 0.35 0.0 0.11234554050816783 0.0 0.0 0.0 0.35 0.18765445949183224 0.0 0.0 
0.0 0.2542142712705172 0.0 0.0 0.0 0.0 0.1 0.35 0.29578572872948283 0.0 0.0 
0.0 0.3332798305671881 0.0 0.0 0.0 0.0 0.165898224934584 0.35 0.150821944498228 0.0 0.0 
0.0 0.26639499337733785 0.0 0.0 0.0 0.0 0.1 0.35 0.2836050066226622 0.0 0.0 
0.0 0.2714953742577718 0.0 0.1 0.0 0.0 0.1313947376554517 0.35 0.14710988808677652 0.0 0.0 
0.0 0.3492281598011775 0.0 0.0 0.0 0.0 0.1383698261154583 0.35 0.16240201408336422 0.0 0.0 
0.0 0.27311090625122414 0.0 0.1 0.0 0.0 0.10579572562013098 0.35 0.17109336812864495 0.0 0.0 
0.0 0.32492627981430466 0.0 0.0 0.0 0.0 0.10636949530720198 0.35 0.2187042248784934 0.0 0.0 
0.0 0.25303336542602906 0.0 0.10534175181195153 0.0 0.0 0.1492609047763348 0.35 0.1423639779856846 0.0 0.0 
0.0 0.23114347289658987 0.0 0.0 0.0 0.0 0.1 0.35 0.31885652710341017 0.0 0.0 
0.0 0.35 0.0 0.0 0.0 0.0 0.10761391374160927 0.35 0.19238608625839085 0.0 0.0 
0.0 0.3066387701989009 0.0 0.1 0.0 0.0 0.10717452727030012 0.35 0.13618670253079904 0.0 0.0 
0.0 0.26729138529196106 0.0 0.1 0.0 0.0 0.14487806285875376 0.35 0.13783055184928525 0.0 0.0 
0.0 0.35 0.0 0.0 0.0 0.0 0.13113507046167458 0.35 0.16886492953832544 0.0 0.0 
0.0 0.26656351517437427 0.0 0.0 0.0 0.0 0.1 0.35 0.2834364848256257 0.0 0.0 
0.0 0.18657083718715403 0.0 0.13052758098549827 0.0 0.0 0.11842738199684558 0.35 0.1 0.0 0.11447419983050226 
0.0 0.27667552934338757 0.0 0.0 0.0 0.0 0.1 0.35 0.2733244706566125 0.0 0.0 
0.0 0.27667552934338757 0.0 0.0 0.0 0.0 0.1 0.35 0.2733244706566125 0.0 0.0 
0.0 0.28727102118127823 0.0 0.0 0.0 0.0 0.1 0.35 0.2627289788187218 0.0 0.0 
0.0 0.23524906868909193 0.0 0.11535081723622245 0.0 0.0 0.1 0.35 0.19940011407468566 0.0 0.0 
0.0 0.20163575494198527 0.0 0.10769530866833035 0.0 0.0 0.1 0.35 0.1318617457235353 0.0 0.10880719066614915 
0.0 0.34254629733416814 0.0 0.1213902105383375 0.0 0.0 0.0 0.35 0.18606349212749437 0.0 0.0 
0.0 0.22889289275223004 0.0 0.0 0.0 0.0 0.10752041284073768 0.35 0.31358669440703224 0.0 0.0 
0.0 0.14313806806859175 0.0 0.1 0.0 0.0 0.11438010812376262 0.35 0.17703109357480196 0.0 0.11545073023284373 
0.0 0.35 0.0 0.10622529724558614 0.0 0.0 0.0 0.35 0.19377470275441394 0.0 0.0 
0.0 0.18657083718715403 0.0 0.13052758098549827 0.0 0.0 0.11842738199684558 0.35 0.1 0.0 0.11447419983050226 
0.0 0.35 0.0 0.0 0.0 0.0 0.0 0.35 0.29999999999999993 0.0 0.0 
0.0 0.23149179197619332 0.0 0.1 0.0 0.0 0.10249509985473414 0.35 0.21601310816907254 0.0 0.0 
0.0 0.3227851855644036 0.0 0.0 0.0 0.0 0.1 0.35 0.22721481443559646 0.0 0.0 
0.0 0.28727102118127823 0.0 0.0 0.0 0.0 0.1 0.35 0.2627289788187218 0.0 0.0 
0.0 0.23611369694192144 0.0 0.0 0.0 0.0 0.1 0.35 0.3138863030580785 0.0 0.0 
0.0 0.23576035297624912 0.0 0.1414259618810046 0.0 0.0 0.13091277839379536 0.35 0.14190090674895092 0.0 0.0 
0.0 0.35 0.0 0.10269122341126849 0.0 0.0 0.0 0.35 0.19730877658873158 0.0 0.0 
0.0 0.3023032376974678 0.0 0.0 0.0 0.0 0.0 0.35 0.3476967623025322 0.0 0.0 
0.0 0.35 0.0 0.1 0.0 0.0 0.0 0.35 0.20000000000000007 0.0 0.0 
0.0 0.0 0.0 0.15944295872939512 0.0 0.0 0.18172466322357478 0.3088323780470301 0.0 0.0 0.35 
0.0 0.35 0.0 0.10950607317939695 0.0 0.0 0.0 0.35 0.19049392682060312 0.0 0.0 
0.0 0.21729185282699542 0.0 0.10774429261442307 0.0 0.0 0.1 0.35 0.1239573649190288 0.0 0.10100648963955272 
