0.0 0.3000000000000003 0.0 0.0 0.0 0.0 0.0 0.35 0.35 0.0 0.0 
0.1309529493510425 0.0 0.0 0.0 0.0 0.11323614222897807 0.3370436714286597 0.10726430208192367 0.10000068392521473 0.0 0.21150225098418135 
0.0 0.29999999999999977 0.0 0.0 0.0 0.0 0.0 0.35 0.35 0.0 0.0 
0.0 0.19843384306395273 0.0 0.0 0.0 0.0 0.10156615693604731 0.35 0.35 0.0 0.0 
0.0 0.10903438358005949 0.0 0.0 0.0 0.0 0.21690531368372565 0.35 0.3240603027362149 0.0 0.0 
0.0 0.0 0.0 0.0 0.0 0.0 0.10052881676254469 0.35 0.35 0.0 0.19947118323745539 
0.1002923607060471 0.0 0.0 0.0 0.0 0.10429202639844051 0.280094218675276 0.21158702693956652 0.10772271049980255 0.0 0.19601165678086727 
0.0 0.14006978413779614 0.0 0.0 0.0 0.0 0.159930215862204 0.35 0.35 0.0 0.0 
0.0 0.0 0.0 0.0 0.0 0.10096699764163015 0.23678862666570236 0.3466183458292766 0.14206395162548877 0.0 0.17356207823790226 
0.10030722820784223 0.0 0.0 0.0 0.0 0.10621004874249769 0.273940864331215 0.20015478280582713 0.15999009864994937 0.0 0.1593969772626686 
0.0 0.0 0.0 0.0 0.0 0.10509596573909379 0.24466291416532956 0.3478595947820177 0.12470798385890146 0.0 0.1776735414546574 
0.0 0.0 0.0 0.0 0.0 0.10729910772602791 0.31241795648810916 0.28124107379898555 0.10880478505698607 0.0 0.19023707692989147 
0.0 0.0 0.0 0.0 0.0 0.0 0.18725534770145563 0.35 0.3063273144985384 0.0 0.15641733780000594 
0.0 0.0 0.0 0.0 0.0 0.0 0.2146983413543718 0.35 0.2976693569959247 0.0 0.13763230164970364 
0.0 0.10151535107075348 0.0 0.0 0.0 0.0 0.20961423151615652 0.35 0.33887041741309 0.0 0.0 
0.0 0.0 0.0 0.0 0.0 0.0 0.18729520149920767 0.35 0.3425856864312339 0.0 0.1201191120695584 
0.0 0.11611977026278254 0.0 0.0 0.0 0.0 0.1838802297372174 0.35 0.35 0.0 0.0 
0.0 0.15236765751261183 0.0 0.0 0.0 0.0 0.14763234248738832 0.35 0.35 0.0 0.0 
0.0 0.0 0.0 0.0 0.0 0.0 0.35 0.35 0.13463091465789895 0.0 0.16536908534210115 
0.0 0.0 0.0 0.0 0.0 0.1063187128159838 0.30837296266620107 0.2735029540522464 0.10170032179367453 0.0 0.21010504867189414 
0.11566176503452172 0.0 0.0 0.0 0.0 0.10889012566888179 0.33684459733938343 0.12862923201148466 0.10213417880172976 0.0 0.2078401011439988 
0.0 0.0 0.0 0.0 0.0 0.10771923074091025 0.3119905190113623 0.2567537339697934 0.10786165810235745 0.0 0.21567485817557663 
0.0 0.0 0.0 0.0 0.0 0.11000686116460905 0.2012646029396948 0.35 0.1591413611412352 0.0 0.179587174754461 
0.1063750946200027 0.0 0.0 0.0 0.0 0.10292952454830745 0.2981613928177791 0.19978941371356398 0.1089662565719367 0.0 0.18377831772841005 
0.0 0.0 0.0 0.0 0.0 0.12096449171107237 0.260963938949391 0.3141043072495984 0.12968901200512323 0.0 0.17427825008481504 
0.0 0.0 0.0 0.0 0.0 0.0 0.2250636091226059 0.35 0.26051523001964766 0.0 0.16442116085774658 
0.0 0.18280871071957777 0.0 0.0 0.0 0.0 0.11929699500690838 0.34894714713675695 0.34894714713675695 0.0 0.0 
0.0 0.0 0.0 0.0 0.0 0.0 0.24800657494776163 0.35 0.22497032827037816 0.0 0.17702309678186012 
0.0 0.0 0.0 0.0 0.0 0.10494783876448051 0.20183442252890482 0.3447743473126603 0.19015598022961672 0.0 0.15828741116433764 
0.0 0.0 0.0 0.0 0.0 0.11846272696040679 0.2665804213927881 0.3004897429340058 0.13187330738092695 0.0 0.18259380133187247 
0.0 0.0 0.0 0.0 0.0 0.10670912763170272 0.3321002007383796 0.23253761614790133 0.1122257772427429 0.0 0.2164272782392734 
0.0 0.0 0.0 0.0 0.0 0.10703243636104252 0.2775836862880754 0.30431233916907113 0.12805749531610466 0.0 0.1830140428657064 
0.0 0.0 0.0 0.0 0.0 0.0 0.20346633535267525 0.35 0.31618401370538796 0.0 0.13034965094193685 
0.0 0.0 0.0 0.0 0.0 0.10090846733154303 0.20279825674771837 0.35 0.16564998084083585 0.0 0.18064329507990282 
0.0 0.0 0.0 0.0 0.0 0.10218870550614266 0.2449685966601069 0.3223683796075895 0.14322069067470386 0.0 0.187253627551457 
0.0 0.0 0.0 0.0 0.0 0.0 0.2445368934660299 0.35 0.2430236116352967 0.0 0.16243949489867335 
0.0 0.0 0.0 0.0 0.0 0.1085600132741909 0.24849352615023196 0.3281988331354007 0.1031137578657145 0.0 0.2116338695744619 
0.0 0.0 0.0 0.0 0.0 0.11392437471564375 0.33674036601141827 0.23147118300817152 0.10517345959926339 0.0 0.21269061666550307 
0.0 0.0 0.0 0.0 0.0 0.0 0.2744102433916405 0.35 0.21992040813346045 0.0 0.15566934847489908 
0.0 0.0 0.0 0.0 0.0 0.0 0.1993975133113241 0.35 0.3374512442981464 0.0 0.11315124239052952 
0.10986525277727806 0.0 0.0 0.0 0.0 0.10793596936947876 0.3281978554273905 0.1345220031193382 0.10764917237971212 0.0 0.21182974692680218 
0.0 0.19843384306395273 0.0 0.0 0.0 0.0 0.10156615693604731 0.35 0.35 0.0 0.0 
0.0 0.0 0.0 0.0 0.0 0.0 0.31065248870804585 0.35 0.14823898038926403 0.0 0.19110853090269012 
0.0 0.0 0.0 0.0 0.0 0.0 0.22584593747373244 0.35 0.26758628946213037 0.0 0.15656777306413713 
0.0 0.0 0.0 0.0 0.0 0.0 0.28105872346554067 0.35 0.1949275493998227 0.0 0.17401372713463661 
0.0 0.10323080353855844 0.0 0.0 0.0 0.0 0.19978388658608356 0.3469853098753579 0.35 0.0 0.0 
0.10397196527834761 0.0 0.0 0.0 0.0 0.11004660716653777 0.31578520251855374 0.15241269151427123 0.10306058257908465 0.0 0.21472295094320512 
0.10258642535520722 0.0 0.0 0.0 0.0 0.10370100241348885 0.3084937957976 0.16973525271755274 0.1244397822865302 0.0 0.19104374142962105 
0.0 0.18423688430761243 0.0 0.0 0.0 0.0 0.11576311569238758 0.35 0.35 0.0 0.0 
0.0 0.0 0.0 0.0 0.0 0.0 0.21477777474340207 0.35 0.2904179749018228 0.0 0.14480425035477523 
0.0 0.0 0.0 0.0 0.0 0.10499391872028373 0.3097801270774416 0.292882133816419 0.10910684423839954 0.0 0.18323697614745596 
0.0 0.0 0.0 0.0 0.0 0.0 0.21640667531569796 0.35 0.2839638156520734 0.0 0.14962950903222869 
0.10757644600575952 0.0 0.0 0.0 0.0 0.11367184649873299 0.34914557136796365 0.10696226366827759 0.1039861544590239 0.0 0.21865771800024242 
0.0 0.0 0.0 0.0 0.0 0.0 0.29457138112391945 0.35 0.17125715765873833 0.0 0.18417146121734215 
0.10567943371216011 0.0 0.0 0.0 0.0 0.10481418074750913 0.3171506629211517 0.15238428894917133 0.11509136622888826 0.0 0.20488006744111947 
0.11666025356526172 0.0 0.0 0.0 0.0 0.10814301772739063 0.34442133999583296 0.11527479337402603 0.10672843941091688 0.0 0.2087721559265717 
0.0 0.0 0.0 0.0 0.0 0.0 0.26910821721377315 0.35 0.2058120037755848 0.0 0.17507977901064203 
0.0 0.0 0.0 0.0 0.0 0.0 0.154767131566555 0.35 0.35 0.0 0.14523286843344502 
0.0 0.0 0.0 0.0 0.0 0.10902295564648046 0.3224876934301823 0.2500017712532929 0.10399786009666251 0.0 0.21448971957338175 
0.0 0.16500921775790522 0.0 0.0 0.0 0.0 0.13499078224209476 0.35 0.35 0.0 0.0 
0.0 0.19547303476007943 0.0 0.0 0.0 0.0 0.10452696523992047 0.35 0.35 0.0 0.0 
0.0 0.0 0.0 0.0 0.0 0.0 0.20433322746473967 0.35 0.3306828614256217 0.0 0.11498391110963854 
0.10315531959261906 0.0 0.0 0.0 0.0 0.10320171288546978 0.2917180598114198 0.170773888370145 0.13966428471971035 0.0 0.1914867346206361 
0.0 0.0 0.0 0.0 0.0 0.0 0.17341720299445718 0.3495846190070457 0.31950258393529263 0.0 0.15749559406320446 
0.10137003374974776 0.0 0.0 0.0 0.0 0.10637853367591879 0.32101788347212046 0.16099919571143564 0.12645257230049775 0.0 0.18378178109027965 
0.0 0.0 0.0 0.0 0.0 0.10621841590612312 0.30486497671650153 0.2602781741358537 0.11065309075272148 0.0 0.21798534248880014 
0.0 0.0 0.0 0.0 0.0 0.0 0.2677111596849562 0.35 0.20993497828342014 0.0 0.17235386203162373 
0.0 0.0 0.0 0.0 0.0 0.10758174415623208 0.2816112329062237 0.29949950077114035 0.11312587030662401 0.0 0.1981816518597799 
0.11284182504665981 0.0 0.0 0.0 0.0 0.10784178104968957 0.2922843946055735 0.18707147395369428 0.11211164237383817 0.0 0.18784888297054464 
0.12080274058208944 0.0 0.0 0.0 0.0 0.11867063316421905 0.31445484138006763 0.11936808410780851 0.11051825780299397 0.0 0.21618544296282136 
0.10475179666448911 0.0 0.0 0.0 0.0 0.10156101222548387 0.2893224444285947 0.19353436568595775 0.11095671901049071 0.0 0.1998736619849839 
0.0 0.0 0.0 0.0 0.0 0.11521955036240546 0.249239462425378 0.34129801980743524 0.12618664917388825 0.0 0.168056318230893 
0.0 0.0 0.0 0.0 0.0 0.0 0.35 0.35 0.12268939961080476 0.0 0.1773106003891953 
0.0 0.16387302823107755 0.0 0.0 0.0 0.0 0.1361269717689226 0.35 0.35 0.0 0.0 
0.0 0.0 0.0 0.0 0.0 0.10134245501642364 0.31903136116825287 0.26566184847891855 0.10542068808253201 0.0 0.208543647253873 
0.0 0.0 0.0 0.0 0.0 0.11257769084187383 0.24003859313349882 0.32504172667127645 0.15939899854900869 0.0 0.16294299080434227 
0.0 0.0 0.0 0.0 0.0 0.0 0.27891462187272853 0.3473299688113888 0.1934405132957739 0.0 0.18031489602010878 
0.0 0.0 0.0 0.0 0.0 0.0 0.3007635548883124 0.34665723702398693 0.16037059890985073 0.0 0.19220860917784988 
0.0 0.0 0.0 0.0 0.0 0.0 0.2274779199252312 0.35 0.2498977364061851 0.0 0.17262434366858376 
0.0 0.0 0.0 0.0 0.0 0.0 0.22885000049718263 0.35 0.2762803972645857 0.0 0.14486960223823178 
0.10163841053409424 0.0 0.0 0.0 0.0 0.10640458685995872 0.31076783929925356 0.16738659767442038 0.10206143941657565 0.0 0.21174112621569757 
0.0 0.0 0.0 0.0 0.0 0.11669174578499054 0.27918693807061856 0.2955513579173785 0.12323292040251176 0.0 0.18533703782450056 
0.0 0.0 0.0 0.0 0.0 0.10412289646276908 0.2002479034062076 0.34992474740123464 0.18866125948203802 0.0 0.15704319324775062 
0.10299349073447746 0.0 0.0 0.0 0.0 0.10326983513462326 0.3071446929652249 0.17190178345992727 0.11262561223957912 0.0 0.20206458546616807 
0.10531584145784323 0.0 0.0 0.0 0.0 0.10493116920468606 0.316795732915047 0.16357013273227294 0.10207195529056415 0.0 0.20731516839958672 
0.0 0.0 0.0 0.0 0.0 0.1158080093896465 0.2179449684395445 0.3495919457727577 0.1683179739366323 0.0 0.14833710246141898 
0.0 0.0 0.0 0.0 0.0 0.0 0.19849794413828092 0.35 0.32675377546524864 0.0 0.12474828039647048 
0.0 0.0 0.0 0.0 0.0 0.10523050309184609 0.253234387395525 0.3194649795823747 0.14213329539704286 0.0 0.17993683453321138 
0.0 0.0 0.0 0.0 0.0 0.0 0.2866849529935244 0.3420268700271243 0.19344471993911547 0.0 0.1778434570402358 
0.0 0.0 0.0 0.0 0.0 0.10250907602124097 0.30409779351112826 0.2855595180956395 0.11135532257904596 0.0 0.19647828979294538 
0.0 0.0 0.0 0.0 0.0 0.11207633021293158 0.3229999428837627 0.2439058434425756 0.10692985166365036 0.0 0.2140880317970798 
0.0 0.0 0.0 0.0 0.0 0.0 0.1112244501245513 0.35 0.35 0.0 0.18877554987544876 
0.0 0.0 0.0 0.0 0.0 0.0 0.12472541150970012 0.35 0.35 0.0 0.17527458849029987 
0.0 0.0 0.0 0.0 0.0 0.0 0.269947364038022 0.34576326775139793 0.24410032948707883 0.0 0.14018903872350125 
0.0 0.0 0.0 0.0 0.0 0.0 0.2701909118791541 0.35 0.17938651758131924 0.0 0.2004225705395266 
0.0 0.0 0.0 0.0 0.0 0.0 0.2274779199252312 0.35 0.2498977364061851 0.0 0.17262434366858376 
0.11187261109186956 0.0 0.0 0.0 0.0 0.10718793993235395 0.33552717405722576 0.1390832018965577 0.10804982502177304 0.0 0.19827924800021995 
0.0 0.0 0.0 0.0 0.0 0.1174763448962914 0.2477858492632228 0.31636970296722033 0.14490697894158616 0.0 0.17346112393167926 
0.0 0.0 0.0 0.0 0.0 0.0 0.15328012204937377 0.35 0.35 0.0 0.14671987795062627 
0.1105084592238209 0.0 0.0 0.0 0.0 0.11157874315219511 0.3149654625958055 0.14711062457304694 0.10315907820789863 0.0 0.212677632247233 
