-0.014955806920304893 5.38217282391721E-4 
-0.0069050344884443214 4.348908261780477E-5 
-0.014955806920304893 5.38217282391721E-4 
-0.010856699749261088 9.990544745548346E-5 
-0.010252949037693856 9.983306104886677E-5 
-0.007380170379770656 4.639699646027755E-5 
-0.007738399640350677 4.743924072579729E-5 
-0.007142716576743689 4.353452564974326E-5 
-0.014347068964465358 4.0088950840560774E-4 
-0.014555644009608864 4.713334302201455E-4 
-0.014868055874372049 5.062966398922651E-4 
-0.01327176587954916 2.5168659172617857E-4 
-0.012535860697781304 1.8730831870151642E-4 
-0.014063011428776775 3.335718555845183E-4 
-0.008685546040878999 5.9161559641176864E-5 
-0.011769403533013388 1.3719513997860347E-4 
-0.014371686365346891 4.082775852394055E-4 
-0.014115286874464249 3.4402779044742334E-4 
-0.014410633445599392 4.204725477129698E-4 
-0.014520030417425344 4.5804553693123154E-4 
-0.012136998466161153 1.5662756549081227E-4 
-0.013359936562351528 2.587589037323104E-4 
-0.012671224221707756 1.9231260627284512E-4 
-0.00846420455109133 5.862063545075502E-5 
-0.012224880642337867 1.6124433755595539E-4 
-0.012326965073691238 1.8221318700605352E-4 
-0.009558203739970489 8.352125425260877E-5 
-0.008197764442972504 5.577673571098117E-5 
-0.01375827885368025 2.9863191960775783E-4 
-0.011672960897551122 1.32382029506504E-4 
-0.011483393970040506 1.2612332436794265E-4 
-0.014212141677618476 3.647983441136848E-4 
-0.011857599998471543 1.448105523675999E-4 
-0.013847859722219982 3.052576502177825E-4 
-0.013428195191774194 2.6475751200140754E-4 
-0.014291043659470253 3.849994417448253E-4 
-0.013186169147773617 2.2943961093755498E-4 
-0.009469441497104715 7.74642817361828E-5 
-0.009235811616644682 7.32481149906014E-5 
-0.009762671792555027 8.651586453828492E-5 
-0.01107061563247684 1.1526164063566402E-4 
-0.01493551108321227 5.3055439468007E-4 
-0.01281419023171482 2.0134957015539165E-4 
-0.011125805872830291 1.2052433264843164E-4 
-0.008358992743298491 5.671934750135047E-5 
-0.00806431647582018 5.363604342852145E-5 
-0.01103398876059632 1.0648020110182373E-4 
-0.008810067373023948 6.122162131326185E-5 
-0.014433275864710403 4.2784746608438324E-4 
-0.013943053931631482 3.1605287678124986E-4 
-0.009366434073773503 7.551680744913628E-5 
-0.013581576700001688 2.843866763012977E-4 
-0.009990663242686194 8.653250318136931E-5 
-0.014789510471882917 4.803960739607747E-4 
-0.012382690678608848 1.8574551781974806E-4 
-0.011594906467198627 1.2691712727432388E-4 
-0.014904525864434238 5.191806008343136E-4 
-0.008955293352067859 6.887903780874405E-5 
-0.01480922136028136 4.866586171344374E-4 
-0.010170596573980806 9.638014196222883E-5 
-0.007922561373417486 4.8765649150077806E-5 
-0.013257152729098151 2.3885948083721863E-4 
-0.014168847448595642 3.54795808023074E-4 
-0.01445825929030188 4.362282284442648E-4 
-0.011305465738880614 1.2384905333561903E-4 
-0.010121107265261078 9.045824022233754E-5 
-0.013896597195850511 3.103610589211639E-4 
-0.01302333173903646 2.13689841914647E-4 
-0.0089239027964011 6.353816172347711E-5 
-0.014502398466618244 4.5165883495184753E-4 
-0.012683714794610364 2.0073342504130738E-4 
-0.014258545551357943 3.7637060065437075E-4 
-0.011972865410063482 1.452871908578117E-4 
-0.013686631070655524 2.888491428392661E-4 
-0.00971680231467647 8.364252738240479E-5 
-0.012002506923412697 1.5212916883752218E-4 
-0.012862192287353361 2.0929056048644537E-4 
-0.012321630456329943 1.6773802547427374E-4 
-0.014018574517336674 3.2602635962702785E-4 
-0.013995437465837065 3.228759727757404E-4 
-0.014238402925341648 3.712392223719624E-4 
-0.01129381740052314 1.2094455700584314E-4 
-0.013713511520995869 2.923490323746141E-4 
-0.014153496655747711 3.514333367259663E-4 
-0.01324126133023575 2.3647079555082256E-4 
-0.007989666667641959 4.9377346786993895E-5 
-0.013492396343466863 2.70807977364261E-4 
-0.014910613353872504 5.213841473870307E-4 
-0.014838028777116685 4.960971635232076E-4 
-0.013134962522471956 2.2315094897656907E-4 
-0.013134962522471956 2.2315094897656907E-4 
-0.014760401119012384 4.714380987751534E-4 
-0.012321372021571096 1.6770478982461022E-4 
-0.009085412653476272 7.130453455481095E-5 
-0.010924088274795435 1.0520530773773329E-4 
-0.010027657253351968 8.8513543630309E-5 
-0.013514588201927195 2.7299146921014355E-4 
-0.014835034175954638 4.951001944563519E-4 
-0.009107008238865923 7.172831085838728E-5 
-0.01445825929030188 4.362282284442648E-4 
