-0.014955806920304893 5.38217282391721E-4 
-0.009978592832255826 8.65704280276029E-5 
-0.014955806920304893 5.38217282391721E-4 
-0.01027118596584578 1.0025008400962327E-4 
-0.014355494282153559 4.0621859140605615E-4 
-0.01074600164468388 1.0059847184255152E-4 
-0.014251118147118758 3.7445913803726375E-4 
-0.011401303419227486 1.213272561987891E-4 
-0.014555713683361008 4.7135993487487345E-4 
-0.011147881432822323 1.2106733341079708E-4 
-0.013154881313812306 2.2529484831769578E-4 
-0.013268334633082657 2.4065728076942848E-4 
-0.014814047772227796 4.882162853293475E-4 
-0.014848359749123038 4.995647283826564E-4 
-0.013607940941322815 2.8282482984031397E-4 
-0.011123296838318494 1.1435407695903758E-4 
-0.013690296484108055 2.8916551090925856E-4 
-0.011622590394829107 1.289434167193997E-4 
-0.01090719369818802 1.009023763484239E-4 
-0.014867504996986284 5.061061992664923E-4 
-0.012235298039076992 1.6013152882440938E-4 
-0.012363982620073663 1.7026811836092374E-4 
-0.012382906058544394 1.7927566010624018E-4 
-0.01178082209586578 1.4122572919945768E-4 
-0.012629794287849182 1.9052591082226536E-4 
-0.014477350510058013 4.428045239953747E-4 
-0.01282281241378527 2.0086016082538035E-4 
-0.011684769639735379 1.3395089593418513E-4 
-0.014760401119012384 4.714380987751534E-4 
-0.01150320705724412 1.2650412424735825E-4 
-0.012746893280164536 1.976082918974934E-4 
-0.014115040049371804 3.4343291949682695E-4 
-0.013407408912473153 2.6529143670593337E-4 
-0.013485163561146318 2.701065538834968E-4 
-0.012556469263755799 1.8751275568415824E-4 
-0.014933387580855578 5.297623826927797E-4 
-0.012692503732366307 1.9416002376074635E-4 
-0.010124947877487248 8.953439631983741E-5 
-0.011027421987459374 1.0964685410575326E-4 
-0.01356373082252685 2.7799505291777797E-4 
-0.013730801992923498 2.9357112391839693E-4 
-0.013970321376445244 3.1990854225451065E-4 
-0.013330041993213528 2.5627267656118245E-4 
-0.010054170385944198 8.728167893533877E-5 
-0.013384040399420684 2.6082604719401814E-4 
-0.013024043434563561 2.1422099185947215E-4 
-0.012434146773321846 1.834638343319628E-4 
-0.014228281879593997 3.687235080472342E-4 
-0.013224378129967546 2.3409452489140417E-4 
-0.014251118147118758 3.7445913803726375E-4 
-0.01017907701879831 9.360051586801195E-5 
-0.014917395371333294 5.238569495818734E-4 
-0.012492816695841008 1.8487147661283196E-4 
-0.013519222891723835 2.7345345503639604E-4 
-0.014151794374241293 3.510664022807184E-4 
-0.010179306639940185 9.980443944287748E-5 
-0.01074600164468388 1.0059847184255152E-4 
-0.014064454019989465 3.3383034729328063E-4 
-0.013783969868809707 2.9796408535011923E-4 
-0.013844969879865115 3.0443197953527074E-4 
-0.014893786104013318 5.153299883312063E-4 
-0.011480132566339616 1.2333798750340338E-4 
-0.011893123610440712 1.431830355143383E-4 
-0.013279361083161835 2.522538494380846E-4 
-0.014501598031489926 4.51371916230078E-4 
-0.014530009479916972 4.61716536757802E-4 
-0.014389737650759637 4.138525915096723E-4 
-0.012180984351867033 1.5649553787977152E-4 
-0.014781825858699384 4.779975750132321E-4 
-0.014793405540431761 4.816210159212799E-4 
-0.014422595064559217 4.243424668816108E-4 
-0.012302294195572442 1.6512895586087383E-4 
-0.014526323145904843 4.603557000257454E-4 
-0.01445160399601814 4.3397074361860874E-4 
-0.014422595064559217 4.243424668816108E-4 
-0.011012231289105915 1.0688341676698034E-4 
-0.013081183986203651 2.1820874679563332E-4 
-0.01179511655398909 1.4303265699823898E-4 
-0.01381182713458337 3.008455767109066E-4 
-0.014018574517336676 3.26026359627028E-4 
-0.011947111581645624 1.4525346979442398E-4 
-0.014085059800109231 3.3761552644151515E-4 
-0.012099429050776553 1.5119713675411421E-4 
-0.014453090047001875 4.3447324305296024E-4 
-0.014148441507897786 3.503471432901536E-4 
-0.013893389641133241 3.099805384614609E-4 
-0.014496099354239806 4.4940798037825604E-4 
-0.014196205601894347 3.6102736625942045E-4 
-0.012319469861248922 1.6546369540702878E-4 
-0.013081183986203651 2.1820874679563332E-4 
-0.014900088974428715 5.175840876307227E-4 
-0.011670122598926748 1.3265806470311324E-4 
-0.014389737650759637 4.138525915096723E-4 
-0.014205006965446125 3.6309720346735705E-4 
-0.012034082257502143 1.4759192474569116E-4 
-0.013225206332775855 2.3416259275868513E-4 
-0.01401278517122387 3.2548553087746214E-4 
-0.013884037300781386 3.08880237589838E-4 
-0.01090719369818802 1.009023763484239E-4 
-0.013935079347976238 3.150518287976669E-4 
