-0.017609275760070892 7.814526095630624E-4 
-0.010041820841760142 1.8687638390000604E-5 
-0.017609275760070892 7.814526095630624E-4 
-0.01740525632833323 6.226065551869234E-4 
-0.01760927576007089 7.814526095630619E-4 
-0.01698526682652933 4.1844765340983065E-4 
-0.016986713154613805 4.7582225929279084E-4 
-0.015337818696608637 1.8941744959744304E-4 
-0.012117773425168864 5.4292989966935916E-5 
-0.011936232419408426 4.792525601070228E-5 
-0.017293842545963584 5.600732430596651E-4 
-0.01620689481228525 2.6788360752357367E-4 
-0.01698073228455929 3.951641164625707E-4 
-0.016749570281235256 3.4385808484671293E-4 
-0.01549942521416898 2.011593796917621E-4 
-0.01740525632833323 6.226065551869234E-4 
-0.012248411988417742 5.766757770416581E-5 
-0.016095202224824662 2.552437351688281E-4 
-0.0115325728329804 3.640759751334283E-5 
-0.01104532653581049 2.803015784912956E-5 
-0.01680069802251998 3.544355744944566E-4 
-0.014547383863543262 1.3451898177987582E-4 
-0.01317837324468258 7.863445746988064E-5 
-0.016259204028776345 2.753012480212723E-4 
-0.01668552769724444 3.3347166820388687E-4 
-0.012375835572245685 6.0363582338216254E-5 
-0.013050841249444172 7.506760150939271E-5 
-0.017180075576078927 5.025954940991932E-4 
-0.012633644662726007 6.437041178594965E-5 
-0.010905680509443075 2.516943994992739E-5 
-0.012945547507772708 7.284235792955266E-5 
-0.016629367818557825 3.249507507500341E-4 
-0.014092412476985757 1.1320950148475394E-4 
-0.014930990671635743 1.6056156113277594E-4 
-0.016312904400332413 2.8839978476612703E-4 
-0.01080321948142054 2.3980419396038864E-5 
-0.013574561388594726 9.14778294265788E-5 
-0.016917783573697266 3.7106041924297095E-4 
-0.01440038628184337 1.2922396115422889E-4 
-0.017384701896699665 6.109810463551131E-4 
-0.012839067748697246 6.905442991512445E-5 
-0.01384858942325855 1.015514316931649E-4 
-0.017256489439560097 5.398941136190933E-4 
-0.013357040164705108 8.442184405809433E-5 
-0.01274133778530008 6.678696127724812E-5 
-0.01702973775633556 4.8357284962556926E-4 
-0.01736380838957737 5.999850687334759E-4 
-0.010291531063389429 2.0176886350338494E-5 
-0.010661201635513443 2.289288709487325E-5 
-0.017230742952082052 5.267293588317506E-4 
-0.014249365308315137 1.1916207717147542E-4 
-0.017272398069348556 5.483321024351656E-4 
-0.01329883627893534 8.168157818643969E-5 
-0.010252367395124215 1.9556699249461733E-5 
-0.014719639957154331 1.4355531846046816E-4 
-0.013683999969372885 9.517514517651939E-5 
-0.015245877774583066 1.8449976376062925E-4 
-0.011218926987971146 2.966376810190347E-5 
-0.017344609658429988 5.899947439309791E-4 
-0.01733024216349665 5.809669890558633E-4 
-0.01007622221436786 1.8721460459399816E-5 
-0.016550295818243244 3.1464869331191005E-4 
-0.011663283977940055 4.031119369131499E-5 
-0.014857134870232153 1.561018724165972E-4 
-0.014177359163979083 1.1591990750610954E-4 
-0.016400138812441865 2.950239015719117E-4 
-0.010481655652519267 2.1395661731629895E-5 
-0.017111028816692093 4.940390640564988E-4 
-0.01698365705388519 4.089475315590573E-4 
-0.01720388917601847 5.136454510024826E-4 
-0.01760927576007089 7.814526095630619E-4 
-0.011793959193679428 4.406715642376605E-5 
-0.01647812017340653 3.0507165867497293E-4 
-0.011361111574738071 3.376703110076041E-5 
-0.014629469250325251 1.378355698396701E-4 
-0.01597352237099591 2.416390418273559E-4 
-0.013990835246849988 1.0769271967764541E-4 
-0.011184058097540866 2.9069097038753656E-5 
-0.015842869661455324 2.2871377121552608E-4 
-0.016866922230344982 3.639721941945044E-4 
-0.010580465748909721 2.194054934910372E-5 
-0.017097773181910626 4.897073800077529E-4 
-0.014329195572553837 1.246965769230111E-4 
-0.01563091538027764 2.1075351269380705E-4 
-0.01136111157473807 3.3767031100760405E-5 
-0.01657767076597672 3.1701189670649147E-4 
-0.011826264437585431 4.4303932834443167E-5 
-0.013962151072480188 1.071149614302107E-4 
-0.016023876161861763 2.5432112590302917E-4 
-0.015095325920975957 1.7603897148474182E-4 
-0.011622805667332687 3.938150138631896E-5 
-0.013863269827798258 1.030022434061374E-4 
-0.015045025961111324 1.7409465985656003E-4 
-0.014798775282782598 1.5206313081319705E-4 
-0.01578942244904676 2.2351035544509768E-4 
-0.0172161918766676 5.195576672886916E-4 
-0.012506963129464973 6.187094757795973E-5 
-0.015679638934766465 2.136127507725279E-4 
-0.013481941808809312 8.862771219399092E-5 
-0.016353962384652396 2.927069955299139E-4 
