0.0 0.3000000000000003 0.0 0.0 0.0 0.0 0.0 0.35 0.35 0.0 0.0 
0.12315066918469686 0.0 0.0 0.0 0.0 0.1215653251956267 0.3419956461270697 0.10234436761191248 0.10330257770315081 0.0 0.20764141417754362 
0.12315066918469686 0.0 0.0 0.0 0.0 0.1215653251956267 0.3419956461270697 0.10234436761191248 0.1033025777031508 0.0 0.20764141417754362 
0.0 0.19995913549985955 0.0 0.0 0.0 0.0 0.0 0.35 0.35 0.0 0.1000408645001405 
0.0 0.3 0.0 0.0 0.0 0.0 0.0 0.3499999999999999 0.3499999999999999 0.0 0.0 
0.0 0.0 0.0 0.0 0.0 0.0 0.10019099984820291 0.35 0.35 0.0 0.1998090001517973 
0.0 0.10435949986652826 0.0 0.0 0.0 0.0 0.2195923040661292 0.34973533315224586 0.3263128629150965 0.0 0.0 
0.0 0.0 0.0 0.0 0.0 0.10527281628527514 0.3011185171467421 0.28033926606889226 0.11069405738809387 0.0 0.20257534311099665 
0.10624620979436185 0.0 0.0 0.0 0.0 0.11700005229003385 0.31535817920632914 0.1617075768524001 0.10402815597868281 0.0 0.19565982587819242 
0.0 0.0 0.0 0.0 0.0 0.1116610097696339 0.30348981413547205 0.26917923234208724 0.11164360602029486 0.0 0.204026337732512 
0.0 0.1852147776448324 0.0 0.0 0.0 0.0 0.11478522235516771 0.35 0.35 0.0 0.0 
0.10602096756918358 0.0 0.0 0.0 0.0 0.1273453263722125 0.3165822534205119 0.14818406567853015 0.1058415215078213 0.0 0.1960258654517407 
0.0 0.0 0.0 0.0 0.0 0.10740091604808132 0.1842921053186145 0.3476088238569949 0.19651773877235518 0.0 0.16418041600395403 
0.0 0.0 0.0 0.0 0.0 0.10567932372090932 0.2864876181460986 0.2912270084888795 0.11511208982218817 0.0 0.2014939598219245 
0.1004069750584568 0.0 0.0 0.0 0.0 0.10680648260606802 0.2842063433918522 0.20553076445242616 0.1067608385002139 0.0 0.19628859599098292 
0.10275801921596335 0.0 0.0 0.0 0.0 0.10855554620883696 0.31591580306290223 0.1658098871207913 0.11264586740917162 0.0 0.1943148769823346 
0.0 0.0 0.0 0.0 0.0 0.1088078470801405 0.23512460897499712 0.35 0.12983994805612978 0.0 0.17622759588873266 
0.0 0.0 0.0 0.0 0.0 0.0 0.20245693211480112 0.35 0.2843775804848396 0.0 0.1631654874003594 
0.0 0.15989463358717132 0.0 0.0 0.0 0.0 0.1401053664128288 0.35 0.35 0.0 0.0 
0.0 0.0 0.0 0.0 0.0 0.0 0.19653223348530405 0.35 0.35 0.0 0.10346776651469602 
0.0 0.1193080012229223 0.0 0.0 0.0 0.0 0.1806919987770777 0.35 0.35 0.0 0.0 
0.0 0.0 0.0 0.0 0.0 0.1158198999187899 0.23457943632379513 0.34409196024135374 0.12182368381633936 0.0 0.18368501969972187 
0.0 0.10229132745547162 0.0 0.0 0.0 0.0 0.19770867254452834 0.35 0.35 0.0 0.0 
0.0 0.0 0.0 0.0 0.0 0.10251538090726632 0.27791043948222993 0.32110335071712487 0.10300941492550116 0.0 0.1954614139678776 
0.0 0.0 0.0 0.0 0.0 0.11534204836822928 0.31922835568524066 0.23642288995654182 0.11610558536731683 0.0 0.21290112062267152 
0.0 0.0 0.0 0.0 0.0 0.0 0.331286268359246 0.34825396582178486 0.14511911566669233 0.0 0.17534065015227676 
0.10537959536708637 0.0 0.0 0.0 0.0 0.12011686817573344 0.33792075064508476 0.12934370737697823 0.10207172224657707 0.0 0.2051673561885403 
0.0 0.0 0.0 0.0 0.0 0.1115337975389276 0.25537934095768067 0.3101539843885924 0.1147611356351392 0.0 0.2081717414796601 
0.0 0.0 0.0 0.0 0.0 0.11904648212986255 0.34094991525421225 0.21152677309845314 0.11732999818240757 0.0 0.21114683133506446 
0.0 0.0 0.0 0.0 0.0 0.10753731692920564 0.3206249707370662 0.2632937466225941 0.10154593020110532 0.0 0.20699803551002885 
0.0 0.12956463677615904 0.0 0.0 0.0 0.0 0.17043536322384095 0.35 0.35 0.0 0.0 
0.10198872697740957 0.0 0.0 0.0 0.0 0.10606256425916417 0.275302419191201 0.2079826695280388 0.11445991204255669 0.0 0.1942037080016297 
0.0 0.0 0.0 0.0 0.0 0.0 0.13518451901786332 0.35 0.35 0.0 0.1648154809821366 
0.0 0.0 0.0 0.0 0.0 0.11275942274596927 0.25768330281943885 0.32886425603176106 0.10594029941120511 0.0 0.19475271899162575 
0.10098425560769717 0.0 0.0 0.0 0.0 0.10332376144876664 0.280176223334288 0.19225543384863114 0.1082436571658537 0.0 0.2150166685947633 
0.0 0.19875551004699712 0.0 0.0 0.0 0.0 0.0 0.3499999999999999 0.35 0.0 0.10124448995300282 
0.0 0.0 0.0 0.0 0.0 0.10608804608859614 0.2330539435147672 0.35 0.1770915337134265 0.0 0.13376647668321018 
0.0 0.0 0.0 0.0 0.0 0.1008343948006368 0.22721692297979876 0.3467622997538829 0.15485609244546752 0.0 0.17033029002021402 
0.0 0.10106488369599903 0.0 0.0 0.0 0.0 0.21251669599118345 0.35 0.33641842031281766 0.0 0.0 
0.0 0.0 0.0 0.0 0.0 0.0 0.275291961668577 0.35 0.2120473120088583 0.0 0.16266072632256473 
0.10362536359332682 0.0 0.0 0.0 0.0 0.1058546434731899 0.3109345137272887 0.17593424136701194 0.10407347632052359 0.0 0.1995777615186591 
0.11313055041062728 0.0 0.0 0.0 0.0 0.11913788871720991 0.3397889636842395 0.1207114359968827 0.10070134738422641 0.0 0.20652981380681426 
0.0 0.0 0.0 0.0 0.0 0.12220528919512143 0.3199426933171894 0.2228421605600226 0.12129670388335376 0.0 0.2137131530443128 
0.0 0.0 0.0 0.0 0.0 0.0 0.31082393453879803 0.35 0.20070529376709417 0.0 0.13847077169410785 
0.0 0.0 0.0 0.0 0.0 0.0 0.195121351633686 0.35 0.32298152546552006 0.0 0.131897122900794 
0.0 0.1705449399505836 0.0 0.0 0.0 0.0 0.12945506004941648 0.35 0.35 0.0 0.0 
0.0 0.0 0.0 0.0 0.0 0.1106088944478417 0.2351440482641842 0.3349445994380782 0.1237562669669104 0.0 0.19554619088298547 
0.0 0.0 0.0 0.0 0.0 0.10590535557352251 0.2594341566438971 0.33220671508902855 0.10602549035997558 0.0 0.1964282823335762 
0.0 0.0 0.0 0.0 0.0 0.12060707821855393 0.22618517468687155 0.3381304077015277 0.17002618689091537 0.0 0.14505115250213146 
0.11839764993582695 0.0 0.0 0.0 0.0 0.11948343541434651 0.3404110372126052 0.11450366563883627 0.10217815564629015 0.0 0.20502605615209485 
0.0 0.1440977743930904 0.0 0.0 0.0 0.0 0.15590222560690964 0.35 0.34999999999999987 0.0 0.0 
0.0 0.0 0.0 0.0 0.0 0.10010375648041345 0.276621410203737 0.3322285605138172 0.11229198346010885 0.0 0.17875428934192344 
0.0 0.0 0.0 0.0 0.0 0.0 0.24464373516155288 0.35 0.2485445715275125 0.0 0.15681169331093467 
0.0 0.0 0.0 0.0 0.0 0.10852648908937647 0.3258143763261086 0.24652813175006905 0.11309502731330649 0.0 0.20603597552113945 
0.0 0.0 0.0 0.0 0.0 0.10004870545691501 0.22661988848093095 0.35 0.1565449177708154 0.0 0.1667864882913387 
0.0 0.0 0.0 0.0 0.0 0.10827941768531675 0.3228375611197026 0.25820983451399016 0.10224668519234112 0.0 0.2084265014886494 
0.0 0.0 0.0 0.0 0.0 0.0 0.2150710060266398 0.35 0.3066864874862491 0.0 0.12824250648711127 
0.0 0.0 0.0 0.0 0.0 0.10628688059919122 0.28688269733680105 0.30275503844392176 0.11745128087929296 0.0 0.18662410274079308 
0.0 0.0 0.0 0.0 0.0 0.0 0.1152097081688882 0.35 0.35 0.0 0.18479029183111184 
0.0 0.0 0.0 0.0 0.0 0.0 0.29180881611014065 0.35 0.15063937003734437 0.0 0.20755181385251506 
0.0 0.0 0.0 0.0 0.0 0.0 0.2977931034969384 0.35 0.19525104861549675 0.0 0.15695584788756492 
0.0 0.0 0.0 0.0 0.0 0.0 0.2345426432483261 0.35 0.22662884777975204 0.0 0.18882850897192197 
0.0 0.0 0.0 0.0 0.0 0.0 0.34491392365833534 0.35 0.1819348993456645 0.0 0.12315117699600017 
0.0 0.0 0.0 0.0 0.0 0.1152237845283158 0.34044114821384225 0.22456036140387817 0.10547727497909365 0.0 0.2142974308748701 
0.12149105392742478 0.0 0.0 0.0 0.0 0.11831055263196581 0.3428939461121345 0.10475073635056432 0.10494468240920143 0.0 0.20760902856870905 
0.0 0.0 0.0 0.0 0.0 0.0 0.35 0.35 0.12610869055011004 0.0 0.17389130944988995 
0.0 0.19995913549985955 0.0 0.0 0.0 0.0 0.0 0.35 0.35 0.0 0.1000408645001405 
0.0 0.0 0.0 0.0 0.0 0.0 0.27907200322156045 0.35 0.17689653545173262 0.0 0.19403146132670704 
0.0 0.0 0.0 0.0 0.0 0.0 0.24656315506286544 0.35 0.24078626313713805 0.0 0.16265058179999656 
0.0 0.0 0.0 0.0 0.0 0.0 0.2780216852212653 0.35 0.22349096192312143 0.0 0.14848735285561324 
0.0 0.0 0.0 0.0 0.0 0.0 0.25246289137086336 0.35 0.26717274229749527 0.0 0.13036436633164133 
0.0 0.0 0.0 0.0 0.0 0.0 0.24816532482603382 0.35 0.27706584526900196 0.0 0.12476882990496418 
0.0 0.0 0.0 0.0 0.0 0.1150093899339504 0.27976623798882316 0.3012160088919326 0.11666526422337732 0.0 0.18734309896191642 
0.0 0.2999999999999998 0.0 0.0 0.0 0.0 0.0 0.35 0.35 0.0 0.0 
0.0 0.0 0.0 0.0 0.0 0.0 0.2023123145134041 0.3484928091606687 0.34038336562086285 0.0 0.10881151070506444 
0.11085125717266398 0.0 0.0 0.0 0.0 0.1073118489145561 0.33701724266489697 0.13005247321154575 0.1081854928940912 0.0 0.20658168514224606 
0.0 0.0 0.0 0.0 0.0 0.0 0.2324953032070582 0.35 0.30051685949493995 0.0 0.11698783729800173 
0.0 0.0 0.0 0.0 0.0 0.0 0.2366347719057449 0.35 0.28243473316090706 0.0 0.13093049493334807 
0.10927424391273106 0.0 0.0 0.0 0.0 0.1095089838473794 0.3327384578112041 0.13303504496769045 0.1101751506396007 0.0 0.20526811882139415 
0.0 0.14245213759342717 0.0 0.0 0.0 0.0 0.15754786240657298 0.35 0.35 0.0 0.0 
0.0 0.0 0.0 0.0 0.0 0.0 0.25649517736059 0.34702236567978534 0.2645779819621464 0.0 0.13190447499747818 
0.0 0.0 0.0 0.0 0.0 0.0 0.30415258510124527 0.35 0.17042246297226352 0.0 0.1754249519264912 
0.0 0.0 0.0 0.0 0.0 0.0 0.32397647128788704 0.35 0.12845858533596605 0.0 0.1975649433761469 
0.0 0.0 0.0 0.0 0.0 0.10316245789774076 0.22660949203003652 0.35 0.167506904896464 0.0 0.1527211451757589 
0.0 0.0 0.0 0.0 0.0 0.0 0.22085067103412337 0.35 0.26951047231142206 0.0 0.15963885665445457 
0.0 0.0 0.0 0.0 0.0 0.0 0.18960850617816014 0.3496815627461894 0.3304391071210128 0.0 0.13027082395463763 
0.0 0.0 0.0 0.0 0.0 0.0 0.23249530320705827 0.35 0.30051685949494 0.0 0.11698783729800177 
0.0 0.0 0.0 0.0 0.0 0.0 0.22265087965881286 0.35 0.23011548967233184 0.0 0.1972336306688554 
0.0 0.0 0.0 0.0 0.0 0.0 0.20318729172700256 0.35 0.3418554840607242 0.0 0.10495722421227349 
0.10056556310837518 0.0 0.0 0.0 0.0 0.11244978825376684 0.3101980806799578 0.18518929022030214 0.10236046947803773 0.0 0.18923680825956016 
0.0 0.0 0.0 0.0 0.0 0.0 0.250180091435144 0.35 0.2154096260777076 0.0 0.1844102824871484 
0.0 0.0 0.0 0.0 0.0 0.0 0.19696796985337592 0.3458868221957498 0.3165229111011859 0.0 0.14062229684968847 
0.0 0.10783301596425202 0.0 0.0 0.0 0.0 0.20146644261756008 0.35 0.3407005414181879 0.0 0.0 
0.0 0.0 0.0 0.0 0.0 0.10784848387455917 0.27499386804644405 0.29808489445486286 0.10841975564408048 0.0 0.21065299798005363 
0.0 0.10908066242468571 0.0 0.0 0.0 0.0 0.20379744385850931 0.35 0.33712189371680507 0.0 0.0 
0.0 0.10435949986652829 0.0 0.0 0.0 0.0 0.21959230406612926 0.3497353331522459 0.32631286291509654 0.0 0.0 
0.0 0.0 0.0 0.0 0.0 0.0 0.18122941284675903 0.35 0.3307268556228177 0.0 0.1380437315304233 
0.0 0.0 0.0 0.0 0.0 0.0 0.2949136366742927 0.35 0.16459327870818466 0.0 0.19049308461752268 
0.0 0.0 0.0 0.0 0.0 0.0 0.2921373710795989 0.35 0.156045347680755 0.0 0.20181728123964604 
0.0 0.16823513374718888 0.0 0.0 0.0 0.0 0.13176486625281122 0.35 0.35 0.0 0.0 
