0.0 0.3000000000000002 0.0 0.0 0.0 0.0 0.0 0.35 0.35 0.0 0.0 
0.13375683488570217 0.0 0.0 0.0 0.0 0.11856638232055526 0.33133735690279115 0.10224384046761517 0.10428043593039753 0.0 0.2098151494929387 
0.0 0.3000000000000002 0.0 0.0 0.0 0.0 0.0 0.35 0.35 0.0 0.0 
0.0 0.29999999999999993 0.0 0.0 0.0 0.0 0.0 0.3499999999999999 0.3499999999999999 0.0 0.0 
0.0 0.19903873958624954 0.0 0.0 0.0 0.0 0.0 0.35 0.35 0.0 0.10096126041375042 
0.0 0.10780767113613311 0.0 0.0 0.0 0.0 0.21116962611474194 0.35 0.33102270274912504 0.0 0.0 
0.0 0.0 0.0 0.0 0.0 0.0 0.10060022855154685 0.35 0.35 0.0 0.19939977144845336 
0.0 0.1707922054473499 0.0 0.0 0.0 0.0 0.0 0.35 0.35 0.0 0.1292077945526501 
0.10446526119618736 0.0 0.0 0.0 0.0 0.11072078201486779 0.2736954181245846 0.2126335337517846 0.10389132871109522 0.0 0.19459367620148035 
0.0 0.0 0.0 0.0 0.0 0.11448337698725522 0.2749585489406828 0.3045417634838429 0.10950918174167562 0.0 0.1965071288465435 
0.0 0.14881270941032654 0.0 0.0 0.0 0.0 0.1513099567856537 0.3499386669020098 0.3499386669020098 0.0 0.0 
0.0 0.1279375457100043 0.0 0.0 0.0 0.0 0.17206245428999584 0.35 0.35 0.0 0.0 
0.0 0.0 0.0 0.0 0.0 0.0 0.29922991254965203 0.35 0.18710318000432294 0.0 0.1636669074460251 
0.0 0.0 0.0 0.0 0.0 0.10125306488769822 0.3164795817268122 0.2896203073207891 0.1067728450214029 0.0 0.1858742010432976 
0.0 0.0 0.0 0.0 0.0 0.1020669184568532 0.19232819683549707 0.35 0.19088793109575686 0.0 0.16471695361189287 
0.0 0.0 0.0 0.0 0.0 0.0 0.2127445588845759 0.3499999999999999 0.3223252238426575 0.0 0.11493021727276655 
0.0 0.15914159944933964 0.0 0.0 0.0 0.0 0.14085840055066037 0.35 0.35 0.0 0.0 
0.0 0.0 0.0 0.0 0.0 0.110225474132325 0.27818124923535886 0.32747264983411817 0.10808282623247682 0.0 0.1760378005657213 
0.0 0.0 0.0 0.0 0.0 0.0 0.3202644514722868 0.35 0.1346680184605948 0.0 0.1950675300671184 
0.0 0.0 0.0 0.0 0.0 0.11329004807599304 0.35 0.21682055157838945 0.1053035429740778 0.0 0.21458585737153962 
0.0 0.0 0.0 0.0 0.0 0.10112724333812684 0.3169106360320672 0.249081878059191 0.10006096515898596 0.0 0.23281927741162903 
0.0 0.19903873958624957 0.0 0.0 0.0 0.0 0.0 0.35 0.35 0.0 0.10096126041375043 
0.0 0.10040966515377432 0.0 0.0 0.0 0.0 0.1995903348462258 0.35 0.3499999999999999 0.0 0.0 
0.0 0.0 0.0 0.0 0.0 0.10998381189896006 0.264221599137104 0.3379393825029998 0.10653939699720992 0.0 0.1813158094637262 
0.0 0.0 0.0 0.0 0.0 0.0 0.29881420021380034 0.34715504208695186 0.17244813960636524 0.0 0.1815826180928826 
0.0 0.0 0.0 0.0 0.0 0.11854459110743647 0.3356488710273714 0.2265575060396504 0.10312825156129465 0.0 0.21612078026424708 
0.0 0.0 0.0 0.0 0.0 0.10675397529968993 0.30232651218213896 0.28150635547934716 0.10384318455800151 0.0 0.2055699724808224 
0.0 0.0 0.0 0.0 0.0 0.11847348130534202 0.3116189789935337 0.24379082226152457 0.11181164780389427 0.0 0.21430506963570545 
0.0 0.0 0.0 0.0 0.0 0.1326921573821145 0.27534502641011227 0.28047666311482716 0.10972783882307983 0.0 0.2017583142698662 
0.0 0.0 0.0 0.0 0.0 0.0 0.1999134718796439 0.35 0.34475267986840374 0.0 0.10533384825195242 
0.1117050746170905 0.0 0.0 0.0 0.0 0.1131682959891348 0.3294408563004562 0.12946796655220583 0.11001226583510267 0.0 0.20620554070600988 
0.0 0.10220651395539902 0.0 0.0 0.0 0.0 0.2064241890372953 0.35 0.34136929700730556 0.0 0.0 
0.1075154552531973 0.0 0.0 0.0 0.0 0.1137971848456183 0.2763954105470762 0.19498104171219238 0.10611249633670576 0.0 0.20119841130521005 
0.12414469342945153 0.0 0.0 0.0 0.0 0.11146902193695316 0.31030184983927284 0.14424735075991568 0.11659155882173804 0.0 0.19324552521266886 
0.0 0.0 0.0 0.0 0.0 0.13285729295546875 0.1946656308467953 0.35 0.16339146204845253 0.0 0.15908561414928343 
0.0 0.0 0.0 0.0 0.0 0.12117337983969079 0.19268291468682297 0.34790455996407427 0.17085389189227024 0.0 0.16738525361714174 
0.0 0.0 0.0 0.0 0.0 0.1022726748695966 0.2780192811266264 0.35 0.10837088823298782 0.0 0.16133715577078916 
0.0 0.0 0.0 0.0 0.0 0.1007628511144595 0.27680480655149925 0.35 0.11848185233888203 0.0 0.1539504899951593 
0.0 0.0 0.0 0.0 0.0 0.0 0.30940169193183104 0.35 0.19258234852792605 0.0 0.14801595954024285 
0.11683865421192903 0.0 0.0 0.0 0.0 0.10732819888549373 0.3196012142855575 0.13665956253172012 0.10381459065853703 0.0 0.2157577794267626 
0.0 0.0 0.0 0.0 0.0 0.11417278070798505 0.27351929389654706 0.35 0.10391905709157113 0.0 0.15838886830389673 
0.0 0.0 0.0 0.0 0.0 0.12212486583099513 0.32836334364540254 0.23853767441741747 0.1014531647459554 0.0 0.20952095136022947 
0.0 0.0 0.0 0.0 0.0 0.10684032695582868 0.31521640532984097 0.28712351192578234 0.10750753075844209 0.0 0.18331222503010602 
0.0 0.0 0.0 0.0 0.0 0.1067487604043396 0.3007135536707757 0.31073412042924964 0.10073683836311159 0.0 0.1810667271325235 
0.0 0.11466296477361489 0.0 0.0 0.0 0.0 0.18533703522638528 0.35 0.35 0.0 0.0 
0.10051449053227729 0.0 0.0 0.0 0.0 0.11148954347063962 0.3224695530413029 0.15571929974724152 0.11340364233307386 0.0 0.19640347087546492 
0.0 0.0 0.0 0.0 0.0 0.10912069482232999 0.3223381841137247 0.25921583395349057 0.10657776550269882 0.0 0.20274752160775592 
0.0 0.0 0.0 0.0 0.0 0.0 0.13748981751640413 0.35 0.35 0.0 0.16251018248359583 
0.0 0.0 0.0 0.0 0.0 0.11266007358873434 0.2705794602910553 0.3156178812534158 0.10776509916398344 0.0 0.1933774857028112 
0.0 0.0 0.0 0.0 0.0 0.0 0.2204289041137828 0.35 0.3048760811460918 0.0 0.1246950147401253 
0.0 0.0 0.0 0.0 0.0 0.11771555055936084 0.3277584447528244 0.2310388329042262 0.11932073413452339 0.0 0.20416643764906509 
0.0 0.0 0.0 0.0 0.0 0.11600908919049084 0.18668614345381382 0.33783250324616365 0.1956644976268836 0.0 0.16380776648264794 
0.0 0.0 0.0 0.0 0.0 0.0 0.20368713651188872 0.3499999999999999 0.3290420447649883 0.0 0.11727081872312305 
0.1199892923985961 0.0 0.0 0.0 0.0 0.12171558791017753 0.3331342411901168 0.11150731703223642 0.11069687774355196 0.0 0.20295668372532125 
0.0 0.0 0.0 0.0 0.0 0.0 0.182490182612439 0.35 0.3363891774220663 0.0 0.1311206399654947 
0.0 0.0 0.0 0.0 0.0 0.0 0.2855100006994254 0.3467235813372032 0.2530282212450877 0.0 0.1147381967182836 
0.10362356542560568 0.0 0.0 0.0 0.0 0.1065423675109518 0.2902979404262841 0.19962285003408675 0.11218151920423013 0.0 0.1877317573988416 
0.0 0.0 0.0 0.0 0.0 0.0 0.3413911792713443 0.35 0.1488209219951732 0.0 0.1597878987334824 
0.11368868929428322 0.0 0.0 0.0 0.0 0.11286476228203435 0.3264174926126435 0.14656170273325497 0.1030270764699297 0.0 0.19744027660785415 
0.0 0.0 0.0 0.0 0.0 0.0 0.21496852303792005 0.3499999999999999 0.2997738722376668 0.0 0.13525760472441314 
0.0 0.0 0.0 0.0 0.0 0.0 0.22917240324652274 0.35 0.289551986615148 0.0 0.13127561013832917 
0.0 0.0 0.0 0.0 0.0 0.0 0.2842055510208545 0.34806583903918253 0.2589019727440008 0.0 0.10882663719596215 
0.0 0.0 0.0 0.0 0.0 0.11315690027667559 0.2601177343565905 0.3209259487136935 0.10497972849030643 0.0 0.20081968816273382 
0.11521213036286476 0.0 0.0 0.0 0.0 0.12152085194975593 0.3375149155601968 0.11257204132094534 0.10024555974234957 0.0 0.21293450106388753 
0.0 0.0 0.0 0.0 0.0 0.10105691021883141 0.3018593824027549 0.3195211976228251 0.10925737236611825 0.0 0.16830513738947028 
0.10635373563303291 0.0 0.0 0.0 0.0 0.11123912565525858 0.29631273279790205 0.17980551921786275 0.10499947071163497 0.0 0.20128941598430872 
0.0 0.0 0.0 0.0 0.0 0.0 0.21475643289248633 0.35 0.2929952404492366 0.0 0.14224832665827702 
0.12183461251935916 0.0 0.0 0.0 0.0 0.11178063399733679 0.3297886119413264 0.12095359004499659 0.10420359057228487 0.0 0.21143896092469622 
0.11708452992492134 0.0 0.0 0.0 0.0 0.11506690130281932 0.33605455865281514 0.11893713900655638 0.11389844827860486 0.0 0.19895842283428297 
0.0 0.0 0.0 0.0 0.0 0.0 0.2865808412076959 0.35 0.2374239614397121 0.0 0.12599519735259207 
0.10296170172161431 0.0 0.0 0.0 0.0 0.10862703462355722 0.29284627909813776 0.20250399024691362 0.10171912593550804 0.0 0.19134186837426895 
0.0 0.19264689270371887 0.0 0.0 0.0 0.0 0.10735310729628114 0.35 0.35 0.0 0.0 
0.0 0.0 0.0 0.0 0.0 0.11321698470472186 0.192808108331552 0.35 0.1796065475361316 0.0 0.1643683594275946 
0.11478876960963531 0.0 0.0 0.0 0.0 0.10531938098348873 0.28868146444644677 0.18694748246271667 0.10238138538928415 0.0 0.2018815171084284 
0.0 0.0 0.0 0.0 0.0 0.0 0.22135806883865766 0.35 0.2815444841931148 0.0 0.1470974469682276 
0.0 0.0 0.0 0.0 0.0 0.0 0.2259756486963699 0.35 0.31238638722351797 0.0 0.11163796408011217 
0.10625873845356944 0.0 0.0 0.0 0.0 0.1144120464982391 0.3099388729118462 0.14959907760616792 0.13300828844789409 0.0 0.18678297608228311 
0.0 0.0 0.0 0.0 0.0 0.12650025914367782 0.23333794838637106 0.35 0.10241057204567804 0.0 0.18775122042427317 
0.0 0.0 0.0 0.0 0.0 0.10579434049398385 0.1927594537499736 0.3478161294396518 0.18544877556025596 0.0 0.16818130075613494 
0.10415759530387864 0.0 0.0 0.0 0.0 0.11129008621606765 0.29935284784541694 0.17084193159393976 0.11661031902021496 0.0 0.197747220020482 
0.10000664028884793 0.0 0.0 0.0 0.0 0.13772802838167078 0.28016524605735077 0.19265512120528216 0.10826588326733745 0.0 0.18117908079951092 
0.0 0.0 0.0 0.0 0.0 0.0 0.19425576975882056 0.35 0.33328933608727884 0.0 0.12245489415390072 
0.0 0.0 0.0 0.0 0.0 0.10474246893547483 0.2447366206652379 0.35 0.13663477532943102 0.0 0.16388613506985625 
0.11382751068397756 0.0 0.0 0.0 0.0 0.12002708883288031 0.28363110196668584 0.16697707375037468 0.11390168125737947 0.0 0.20163554350870222 
0.0 0.0 0.0 0.0 0.0 0.0 0.3202083155987444 0.35 0.13957793141748737 0.0 0.19021375298376825 
0.0 0.0 0.0 0.0 0.0 0.0 0.2259756486963699 0.35 0.31238638722351797 0.0 0.11163796408011217 
0.0 0.0 0.0 0.0 0.0 0.11162404748765557 0.22163017356062367 0.3471170929719867 0.14393912618090846 0.0 0.17568955979882578 
0.0 0.12097822084208877 0.0 0.0 0.0 0.0 0.1790217791579112 0.35 0.35 0.0 0.0 
0.0 0.0 0.0 0.0 0.0 0.10353575619183658 0.19438574500901723 0.35 0.18650345057990111 0.0 0.1655750482192451 
0.0 0.0 0.0 0.0 0.0 0.0 0.23886357297341307 0.35 0.2715139334748087 0.0 0.1396224935517783 
0.0 0.0 0.0 0.0 0.0 0.10772391316361699 0.3054472305146722 0.2562794261331816 0.11606386034549436 0.0 0.21448556984303466 
0.0 0.1909283036465364 0.0 0.0 0.0 0.0 0.11067994454284133 0.35 0.34839175181062254 0.0 0.0 
0.0 0.0 0.0 0.0 0.0 0.0 0.22135806883865766 0.35 0.2815444841931148 0.0 0.1470974469682276 
0.0 0.0 0.0 0.0 0.0 0.0 0.288936653072317 0.35 0.15405771326361323 0.0 0.2070056336640699 
0.11272297685480764 0.0 0.0 0.0 0.0 0.11428230287624909 0.2884412930743606 0.16995975962646204 0.10869726750988774 0.0 0.20589640005823295 
0.0 0.15559361305312125 0.0 0.0 0.0 0.0 0.14440638694687877 0.35 0.35 0.0 0.0 
0.0 0.0 0.0 0.0 0.0 0.0 0.24479597143362442 0.35 0.21904259910302976 0.0 0.18616142946334585 
0.0 0.0 0.0 0.0 0.0 0.0 0.17379615355269426 0.35 0.35 0.0 0.1262038464473058 
0.0 0.0 0.0 0.0 0.0 0.0 0.23886357297341307 0.35 0.2715139334748087 0.0 0.1396224935517783 
0.0 0.0 0.0 0.0 0.0 0.0 0.2738383653569526 0.34855867657501566 0.26264779332987576 0.0 0.11495516473815595 
