0.0 0.29999999999999993 0.0 0.0 0.0 0.0 0.0 0.35 0.35 0.0 0.0 
0.26587291073795083 0.0 0.0 0.10392547508329322 0.0 0.0 0.20087028671162668 0.0 0.1080191742486514 0.18713973306326487 0.13417242015521283 
0.0 0.29999999999999993 0.0 0.0 0.0 0.0 0.0 0.35 0.35 0.0 0.0 
0.0 0.2999999999999998 0.0 0.0 0.0 0.0 0.0 0.35 0.35 0.0 0.0 
0.10000238226930222 0.19999761773069796 0.0 0.0 0.0 0.0 0.0 0.35 0.35 0.0 0.0 
0.27172390740185676 0.0 0.0 0.10127492369686265 0.0 0.0 0.20004187882698576 0.0 0.1583308192383324 0.13518133633314217 0.13344713450282025 
0.2810047668561745 0.0 0.0 0.10496868841985305 0.0 0.0 0.1288422845976545 0.10477968827035979 0.11430422507177164 0.13329689663189448 0.13280345015229206 
0.30000000000000004 0.0 0.0 0.0 0.0 0.0 0.0 0.35 0.35 0.0 0.0 
0.21719552186444005 0.10484453891418893 0.0 0.0 0.0 0.0 0.0 0.35 0.327959939221371 0.0 0.0 
0.34025699284098115 0.0 0.0 0.10336046304656862 0.0 0.0 0.0 0.3085267336107437 0.13688943405169676 0.0 0.11096637645000983 
0.28508090634192695 0.0 0.0 0.10819933574594512 0.0 0.0 0.0 0.3499763864048862 0.1478605557947339 0.0 0.10888281571250787 
0.33978928463128794 0.0 0.0 0.10705358898816882 0.0 0.0 0.0 0.294468202393761 0.141617534227371 0.0 0.11707138975941118 
0.2830779213766978 0.0 0.0 0.10047679354738157 0.0 0.0 0.10363489930943326 0.1272956476371283 0.1525965078792753 0.11349059819434727 0.11942763205573652 
0.3473404057010821 0.0 0.0 0.0 0.0 0.0 0.0 0.29635536443299637 0.23501375875964675 0.0 0.12129047110627476 
0.2872163801555511 0.0 0.0 0.11421050322938515 0.0 0.0 0.0 0.33826388286499753 0.14801659727301258 0.0 0.11229263647705362 
0.3266603704656843 0.0 0.0 0.10438800658428996 0.0 0.0 0.10124006065319321 0.17587191093755872 0.14052231155549874 0.0 0.1513173398037752 
0.2273986186270717 0.0 0.0 0.10780153717472907 0.0 0.0 0.0 0.34884862114683834 0.31595122305136086 0.0 0.0 
0.27531099111791063 0.0 0.0 0.10128570856890548 0.0 0.0 0.0 0.3464168549052674 0.2769864454079165 0.0 0.0 
0.329134020860316 0.0 0.0 0.10011456570542365 0.0 0.0 0.10670817992889231 0.18447357003986115 0.14176859095225433 0.0 0.13780107251325246 
0.34774256876762194 0.0 0.0 0.0 0.0 0.0 0.0 0.3311393179971161 0.19296306486228257 0.0 0.12815504837297925 
0.3472188497814305 0.0 0.0 0.11225806447531905 0.0 0.0 0.10770333252264531 0.14429363125403208 0.1443109848507368 0.0 0.14421513711583622 
0.31516781271394456 0.0 0.0 0.0 0.0 0.0 0.0 0.3447873583624994 0.22121774368783875 0.0 0.1188270852357174 
0.13909334488537972 0.16090665511462043 0.0 0.0 0.0 0.0 0.0 0.35 0.35 0.0 0.0 
0.2895488534168543 0.0 0.0 0.10341736606082735 0.0 0.0 0.11377682563506183 0.12159782262391675 0.14274754102481407 0.116092087313257 0.1128195039252686 
0.2429919548232129 0.0 0.0 0.0 0.0 0.0 0.0 0.35 0.2985999645632986 0.0 0.10840808061348856 
0.2359065314729457 0.0 0.0 0.11011156576277838 0.0 0.0 0.0 0.34523679084432135 0.3087451119199546 0.0 0.0 
0.3019698802905968 0.0 0.0 0.10567094306576005 0.0 0.0 0.0 0.3363914472357681 0.1423069053380841 0.0 0.11366082406979094 
0.3088673304655871 0.0 0.0 0.0 0.0 0.0 0.0 0.34714157310413446 0.23224333649601797 0.0 0.1117477599342604 
0.2341125302207182 0.0 0.0 0.0 0.0 0.0 0.0 0.35 0.3120159577192858 0.0 0.10387151205999605 
0.3323910987263024 0.0 0.0 0.10110528959099963 0.0 0.0 0.1077641535716583 0.1862991023268784 0.14317151897068192 0.0 0.12926883681347937 
0.3368050492209246 0.0 0.0 0.0 0.0 0.0 0.0 0.35 0.31319495077907533 0.0 0.0 
0.2985700496915492 0.0 0.0 0.10788592092784081 0.0 0.0 0.17367984671185865 0.0 0.12808339632933094 0.1727013825601189 0.11907940377930146 
0.35 0.0 0.0 0.10486028928648727 0.0 0.0 0.0 0.24763881997660606 0.16144129178366945 0.0 0.13605959895323722 
0.32403253537387733 0.0 0.0 0.10700731240719256 0.0 0.0 0.1001348286761634 0.19302549140081926 0.15237467820986536 0.0 0.12342515393208224 
0.24919980613951057 0.0 0.0 0.0 0.0 0.0 0.0 0.34294278108509557 0.2992890496361339 0.0 0.10856836313925997 
0.17578501935943364 0.12460662179246453 0.0 0.0 0.0 0.0 0.0 0.34980417942405095 0.34980417942405095 0.0 0.0 
0.35 0.0 0.0 0.0 0.0 0.0 0.0 0.3328151318785663 0.31718486812143376 0.0 0.0 
0.2795609158281908 0.0 0.0 0.10442934116828605 0.0 0.0 0.12818027068541615 0.10937948485681492 0.11371691022042883 0.13261199415361197 0.13212108308725112 
0.3154363589263506 0.0 0.0 0.0 0.0 0.0 0.0 0.3486206608216732 0.2357412669102392 0.0 0.10020171334173701 
0.311421899174398 0.0 0.0 0.10444123450850593 0.0 0.0 0.0 0.32743694560141234 0.13986281991512656 0.0 0.11683710080055723 
0.315465124186034 0.0 0.0 0.10579720662456593 0.0 0.0 0.0 0.3187049849696912 0.14167867439799356 0.0 0.11835400982171539 
0.12848685590150585 0.17151314409849414 0.0 0.0 0.0 0.0 0.0 0.35 0.35 0.0 0.0 
0.28861933235316406 0.0 0.0 0.0 0.0 0.0 0.0 0.3499999999999999 0.2504530335318774 0.0 0.11092763411495848 
0.2953735289316404 0.0 0.0 0.10957948760518249 0.0 0.0 0.10441389408393714 0.13046118174734894 0.11710247255045989 0.1128878697201075 0.1301815653613236 
0.16590201391386408 0.13409798608613596 0.0 0.0 0.0 0.0 0.0 0.35 0.35 0.0 0.0 
0.23384904817840216 0.0 0.0 0.0 0.0 0.0 0.0 0.35 0.30655094937175537 0.0 0.10960000244984242 
0.32582773223405526 0.0 0.0 0.1159131599934269 0.0 0.0 0.10238376844313023 0.19295472453870843 0.15261232580083814 0.0 0.11030828898984085 
0.35 0.0 0.0 0.10474408301260806 0.0 0.0 0.0 0.2389683267118182 0.16039551629192447 0.0 0.1458920739836493 
0.1849359289311507 0.11506407106884943 0.0 0.0 0.0 0.0 0.0 0.35 0.35 0.0 0.0 
0.3130310262129297 0.0 0.0 0.0 0.0 0.0 0.0 0.35 0.33696897378707036 0.0 0.0 
0.35 0.0 0.0 0.0 0.0 0.0 0.0 0.32217511517800873 0.22130792323976575 0.0 0.10651696158222566 
0.2917385988308234 0.0 0.0 0.10565564843959795 0.0 0.0 0.17343398999383877 0.0 0.15243950651034865 0.13849837582491323 0.1382338804004781 
0.11534977839048807 0.18465022160951206 0.0 0.0 0.0 0.0 0.0 0.35 0.35 0.0 0.0 
0.336888667186147 0.0 0.0 0.0 0.0 0.0 0.0 0.33379713898132723 0.22633506829716732 0.0 0.10297912553535854 
0.252843221441935 0.0 0.0 0.10155409796768233 0.0 0.0 0.0 0.3456646157064056 0.2999380648839772 0.0 0.0 
0.35 0.0 0.0 0.10841763541212467 0.0 0.0 0.1110149059385969 0.13664393825797982 0.14310172475958163 0.0 0.1508217956317169 
0.12364162224491594 0.17635837775508428 0.0 0.0 0.0 0.0 0.0 0.35 0.35 0.0 0.0 
0.34180766350655445 0.0 0.0 0.10163284222882207 0.0 0.0 0.10602527022739881 0.20105533148352595 0.14626162524636266 0.0 0.10321726730733614 
0.349231271507699 0.0 0.0 0.10046858967468333 0.0 0.0 0.10074980522191693 0.15336959374564965 0.1486083712506905 0.0 0.14757236859936057 
0.35 0.0 0.0 0.10053083947645322 0.0 0.0 0.0 0.22255469015024895 0.1588759330746786 0.0 0.16803853729861926 
0.3371210003812501 0.0 0.0 0.10164420815266798 0.0 0.0 0.0 0.2553579554928547 0.16732506762552274 0.0 0.13855176834770455 
0.35 0.0 0.0 0.11330311425774578 0.0 0.0 0.0 0.26886853765105256 0.14050099886759176 0.0 0.12732734922361008 
0.3261803683602717 0.0 0.0 0.0 0.0 0.0 0.0 0.35 0.3238196316397284 0.0 0.0 
0.19946602618811302 0.1015053004627655 0.0 0.0 0.0 0.0 0.0 0.3490286733491215 0.35 0.0 0.0 
0.19393803885257369 0.10606196114742628 0.0 0.0 0.0 0.0 0.0 0.35 0.35 0.0 0.0 
0.10000238226930222 0.19999761773069796 0.0 0.0 0.0 0.0 0.0 0.35 0.35 0.0 0.0 
0.26755737342127667 0.0 0.0 0.0 0.0 0.0 0.0 0.35 0.26604443982472015 0.0 0.11639818675400311 
0.2840594132160913 0.0 0.0 0.0 0.0 0.0 0.0 0.35 0.25666549116563603 0.0 0.10927509561827262 
0.3336373129188112 0.0 0.0 0.10064959241291485 0.0 0.0 0.0 0.2508317464319072 0.1555238409418002 0.0 0.15935750729456655 
0.35 0.0 0.0 0.1047777573494765 0.0 0.0 0.0 0.23064519756625868 0.1580073011031982 0.0 0.15656974398106654 
0.11017580146961169 0.18982419853038832 0.0 0.0 0.0 0.0 0.0 0.35 0.35 0.0 0.0 
0.34669981076164624 0.0 0.0 0.10647489964738648 0.0 0.0 0.104262976214922 0.15672223298135635 0.15215528492345295 0.0 0.13368479547123588 
0.31082240385179416 0.0 0.0 0.10356380915776814 0.0 0.0 0.12067586682179515 0.11360838584049529 0.11441260438172175 0.1184490139117851 0.11846791603464028 
0.3057288750413403 0.0 0.0 0.0 0.0 0.0 0.0 0.35 0.34427112495865986 0.0 0.0 
0.2666088051813576 0.0 0.0 0.0 0.0 0.0 0.0 0.3437488143623013 0.2891832815366337 0.0 0.1004590989197074 
0.19988694297831897 0.11103826853877159 0.0 0.0 0.0 0.0 0.0 0.3390747884829094 0.35 0.0 0.0 
0.3314241858126854 0.0 0.0 0.10245379539073551 0.0 0.0 0.0 0.26601382072295104 0.1677603892352363 0.0 0.13234780883839178 
0.2744056970733494 0.0 0.0 0.0 0.0 0.0 0.0 0.33987304930057194 0.2837087463202494 0.0 0.10201250730582927 
0.31558726045619856 0.0 0.0 0.0 0.0 0.0 0.0 0.31488633306316244 0.25351239600144687 0.0 0.11601401047919217 
0.3219153025356783 0.0 0.0 0.0 0.0 0.0 0.0 0.35 0.32808469746432173 0.0 0.0 
0.21719552186444005 0.10484453891418893 0.0 0.0 0.0 0.0 0.0 0.35 0.327959939221371 0.0 0.0 
0.259725491147683 0.0 0.0 0.0 0.0 0.0 0.0 0.35 0.27753655597632204 0.0 0.11273795287599493 
0.15892684080110817 0.14113699311922862 0.0 0.0 0.0 0.0 0.0 0.35 0.3499361660796632 0.0 0.0 
0.10405902710173709 0.19594097289826287 0.0 0.0 0.0 0.0 0.0 0.35 0.35 0.0 0.0 
0.3293058765385089 0.0 0.0 0.10778738078056936 0.0 0.0 0.0 0.297722151554804 0.1319213270236952 0.0 0.13326326410242245 
0.2696617897480345 0.0 0.0 0.10240274339529523 0.0 0.0 0.19792710506624195 0.0 0.12122812670292626 0.1843977335545734 0.12438250153292857 
0.28488041146424453 0.0 0.0 0.10207359590214474 0.0 0.0 0.12704731498855118 0.1247139095012676 0.11372116309813299 0.12523525573475827 0.1223283493109006 
0.146969788894952 0.15303021110504814 0.0 0.0 0.0 0.0 0.0 0.35 0.35 0.0 0.0 
0.2526101416200748 0.0 0.0 0.11269189125478303 0.0 0.0 0.0 0.35 0.2846979671251421 0.0 0.0 
0.3314241858126854 0.0 0.0 0.10245379539073551 0.0 0.0 0.0 0.26601382072295104 0.1677603892352363 0.0 0.13234780883839178 
0.34698864231613613 0.0 0.0 0.0 0.0 0.0 0.0 0.35 0.3030113576838639 0.0 0.0 
0.3293058765385089 0.0 0.0 0.10778738078056936 0.0 0.0 0.0 0.297722151554804 0.1319213270236952 0.0 0.13326326410242245 
0.3128110157376692 0.0 0.0 0.0 0.0 0.0 0.0 0.3282379164504553 0.23297796326824682 0.0 0.1259731045436287 
0.35 0.0 0.0 0.0 0.0 0.0 0.0 0.35 0.3000000000000001 0.0 0.0 
0.2608997990205222 0.0 0.0 0.10317541922454446 0.0 0.0 0.0 0.3486697260889505 0.2872550556659829 0.0 0.0 
0.3473783221006862 0.0 0.0 0.11339768124060103 0.0 0.0 0.0 0.22796099100462772 0.16372782151019252 0.0 0.14753518414389255 
0.3181442070636328 0.0 0.0 0.0 0.0 0.0 0.0 0.34698153705568696 0.23195784192559854 0.0 0.10291641395508165 
0.2991783716816589 0.0 0.0 0.10676019261841664 0.0 0.0 0.0 0.3294336774313507 0.13730835331582442 0.0 0.1273194049527493 
0.35 0.0 0.0 0.0 0.0 0.0 0.0 0.33324779188024634 0.19454544156331427 0.0 0.12220676655643943 
0.26676458490912386 0.0 0.0 0.1013025440531497 0.0 0.0 0.19580060665842045 0.0 0.1199256703348069 0.1824165926356555 0.1337900014088435 
