0.0 0.3 0.0 0.0 0.0 0.0 0.0 0.35 0.35 0.0 0.0 
0.10413298427174736 0.0 0.0 0.22740844643824598 0.0 0.0 0.3184585692900067 0.0 0.0 0.35 0.0 
0.10413298427174736 0.0 0.0 0.22740844643824598 0.0 0.0 0.3184585692900067 0.0 0.0 0.35 0.0 
0.0 0.3 0.0 0.0 0.0 0.0 0.0 0.35 0.35 0.0 0.0 
0.10009112722268032 0.19990887277731978 0.0 0.0 0.0 0.0 0.0 0.35 0.35 0.0 0.0 
0.0 0.2999999999999998 0.0 0.0 0.0 0.0 0.0 0.35 0.35 0.0 0.0 
0.10304283260713669 0.0 0.0 0.20441071162696353 0.0 0.0 0.23440363133285866 0.11069778700692678 0.0 0.34744503742611427 0.0 
0.11940762787431579 0.0 0.0 0.19960194875697154 0.0 0.0 0.3309904233687126 0.0 0.0 0.35 0.0 
0.21363528809616233 0.10519212756024092 0.0 0.0 0.0 0.0 0.0 0.35 0.33117258434359675 0.0 0.0 
0.30000000000000004 0.0 0.0 0.0 0.0 0.0 0.0 0.35 0.35 0.0 0.0 
0.2851836100337133 0.0 0.0 0.11878135961703482 0.0 0.0 0.0 0.35 0.2460350303492519 0.0 0.0 
0.12848497558449276 0.0 0.0 0.18575209350641153 0.0 0.0 0.20414020729540247 0.10280156023446536 0.10015424025368211 0.27866692312554586 0.0 
0.314696202225011 0.0 0.0 0.0 0.0 0.0 0.0 0.35 0.33530379777498903 0.0 0.0 
0.22665522666756965 0.0 0.0 0.11390941785688363 0.0 0.0 0.0 0.3495680255921235 0.3098673298834233 0.0 0.0 
0.21599601986275088 0.0 0.0 0.11389204389772778 0.0 0.0 0.0 0.35 0.3201119362395214 0.0 0.0 
0.1117463990814091 0.0 0.0 0.17277287529742677 0.0 0.0 0.1832833806071188 0.14905876403953291 0.10149079042921784 0.28164779054529454 0.0 
0.1912936193277386 0.0 0.0 0.1568887924537131 0.0 0.0 0.11271473155123621 0.288039082347306 0.12110182897431358 0.12996194534569255 0.0 
0.270887620563411 0.0 0.0 0.1152633131955543 0.0 0.0 0.0 0.3464057280274514 0.2674433382135834 0.0 0.0 
0.17248347388275354 0.0 0.0 0.15774430929434588 0.0 0.0 0.1421379573135022 0.2033636554017538 0.12696009594858254 0.19731050815906198 0.0 
0.15090181093765226 0.14909818906234773 0.0 0.0 0.0 0.0 0.0 0.35 0.35 0.0 0.0 
0.12785482734761966 0.0 0.0 0.17642091111826005 0.0 0.0 0.20294245060062666 0.1097361855061925 0.10494209447741465 0.27810353094988655 0.0 
0.18269492384071986 0.0 0.0 0.15611738548709297 0.0 0.0 0.1045414323537424 0.29201944571399724 0.13566844663993693 0.1289583659645106 0.0 
0.31070286419634763 0.0 0.0 0.11534567510409732 0.0 0.0 0.0 0.35 0.22395146069955507 0.0 0.0 
0.14105316592053718 0.15894683407946267 0.0 0.0 0.0 0.0 0.0 0.35 0.35 0.0 0.0 
0.17822009000610556 0.0 0.0 0.16605373087098446 0.0 0.0 0.10465432125561534 0.32898339948454086 0.1106436828880614 0.11144477549469241 0.0 
0.15948500196546275 0.14051499803453735 0.0 0.0 0.0 0.0 0.0 0.35 0.35 0.0 0.0 
0.19724403862073084 0.1053621603331812 0.0 0.0 0.0 0.0 0.0 0.347393801046088 0.35 0.0 0.0 
0.12953070015310827 0.0 0.0 0.16968169988203377 0.0 0.0 0.19353807734149348 0.12105716539965511 0.10323009663119806 0.28296226059251134 0.0 
0.33495866648118083 0.0 0.0 0.14615350661660348 0.0 0.0 0.0 0.34260263598277463 0.17628519091944106 0.0 0.0 
0.2681455408611605 0.0 0.0 0.14956625596299558 0.0 0.0 0.10867465916305438 0.3285369244311363 0.1450766195816532 0.0 0.0 
0.20697776020734054 0.10111283192580695 0.0 0.0 0.0 0.0 0.0 0.34595470393342626 0.34595470393342626 0.0 0.0 
0.2897178542401739 0.0 0.0 0.14526847130543374 0.0 0.0 0.10007798137350597 0.29286915451848367 0.1720665385624028 0.0 0.0 
0.1859130107928001 0.0 0.0 0.16281123135410122 0.0 0.0 0.10261075629425516 0.3225594034183517 0.10848316480497501 0.11762243333551674 0.0 
0.327127009411814 0.0 0.0 0.1328706435171293 0.0 0.0 0.0 0.3465016909508061 0.19350065612025058 0.0 0.0 
0.1905432503711964 0.10945674962880361 0.0 0.0 0.0 0.0 0.0 0.35 0.35 0.0 0.0 
0.13742046905473634 0.0 0.0 0.16881222195947188 0.0 0.0 0.1411773686924824 0.1998648717872837 0.10605532888716149 0.24666973961886426 0.0 
0.18684406147582594 0.0 0.0 0.185636289433654 0.0 0.0 0.10106324512158929 0.2912060739288266 0.11009192724188892 0.12515840279821525 0.0 
0.1834700645060791 0.0 0.0 0.19137047969542365 0.0 0.0 0.10810490773903203 0.2762588172268903 0.11614898840747513 0.12464674242509986 0.0 
0.10062365638112376 0.0 0.0 0.19961168270473176 0.0 0.0 0.2289004470951587 0.13240301787083467 0.0 0.33846119594815105 0.0 
0.32370408943797313 0.0 0.0 0.0 0.0 0.0 0.0 0.34681884741972263 0.3294770631423041 0.0 0.0 
0.16309508493782748 0.0 0.0 0.19747560528753483 0.0 0.0 0.11892573292700943 0.2459833441704848 0.10635236215315547 0.16816787052398796 0.0 
0.26240232141103154 0.0 0.0 0.14287986916502463 0.0 0.0 0.10437026703438314 0.3320811653916269 0.15826637699793386 0.0 0.0 
0.10580557171227342 0.0 0.0 0.21265822019668537 0.0 0.0 0.1899443393031876 0.14159186878785365 0.0 0.35 0.0 
0.276403567492838 0.0 0.0 0.15886101398728633 0.0 0.0 0.10502226877459617 0.2925499071488364 0.16716324259644305 0.0 0.0 
0.1287380940360276 0.0 0.0 0.17710138315297874 0.0 0.0 0.19866323944376793 0.13280483972403503 0.10162401993991173 0.26106842370327904 0.0 
0.15945892914480242 0.0 0.0 0.1803175381379931 0.0 0.0 0.10213168360431911 0.2743280385619446 0.10406569395982747 0.1796981165911132 0.0 
0.25123700957538425 0.0 0.0 0.10359183201861893 0.0 0.0 0.0 0.35 0.2951711584059968 0.0 0.0 
0.11049099682385388 0.0 0.0 0.20417222251670053 0.0 0.0 0.2054172803729195 0.14908965427915288 0.0 0.33082984600737314 0.0 
0.14829695801849194 0.0 0.0 0.18787153842706103 0.0 0.0 0.11314187578273692 0.2602898054931203 0.10118000075995456 0.18921982151863528 0.0 
0.1262837094005289 0.0 0.0 0.1747071521399662 0.0 0.0 0.17312017768859694 0.17205260719178248 0.10090452778746634 0.25293182579165907 0.0 
0.35 0.0 0.0 0.0 0.0 0.0 0.0 0.35 0.30000000000000004 0.0 0.0 
0.11404052484797506 0.0 0.0 0.19783525224056603 0.0 0.0 0.22333527547986726 0.12049208562650555 0.0 0.3442968618050861 0.0 
0.21625737483177707 0.0 0.0 0.13287859432922808 0.0 0.0 0.10138588390462507 0.30957874579113437 0.11153349562230754 0.12836590552092791 0.0 
0.26179665542487734 0.0 0.0 0.1517889844511486 0.0 0.0 0.1031093330856642 0.32940739894547416 0.15389762809283583 0.0 0.0 
0.18538997654426806 0.0 0.0 0.15204694048483006 0.0 0.0 0.10923616538759844 0.27914971188198084 0.11736442287994513 0.15681278282137756 0.0 
0.15249943935993923 0.0 0.0 0.1668190655532854 0.0 0.0 0.17086870785271124 0.19036928678559367 0.10053986684272669 0.21890363360574389 0.0 
0.29473848212433074 0.0 0.0 0.14537106737073863 0.0 0.0 0.10197740300896066 0.3222473171872129 0.1356657303087572 0.0 0.0 
0.2483158485354171 0.0 0.0 0.11570125829379475 0.0 0.0 0.0 0.3487231516943826 0.2872597414764055 0.0 0.0 
0.33967094362888367 0.0 0.0 0.0 0.0 0.0 0.0 0.35 0.3103290563711163 0.0 0.0 
0.16341965338740486 0.0 0.0 0.1888805152219929 0.0 0.0 0.1346469846864727 0.2260858795260654 0.10939180376310007 0.17757516341496404 0.0 
0.12929411423971526 0.0 0.0 0.17786628454344466 0.0 0.0 0.19952126655445257 0.1290594212970799 0.10206293437848293 0.2621959789868247 0.0 
0.29485023971383706 0.0 0.0 0.14542618850713127 0.0 0.0 0.10201607033418493 0.32236950545097204 0.13533799599387464 0.0 0.0 
0.2186815838632041 0.0 0.0 0.1344319243656205 0.0 0.0 0.100870184723447 0.2999966102388586 0.12082355174204948 0.1251961450668204 0.0 
0.13348619823384852 0.16651380176615155 0.0 0.0 0.0 0.0 0.0 0.35 0.35 0.0 0.0 
0.12146945704974457 0.1785305429502555 0.0 0.0 0.0 0.0 0.0 0.35 0.35 0.0 0.0 
0.3286923921985327 0.0 0.0 0.17581847953239532 0.0 0.0 0.0 0.34444718826212506 0.1510419400069471 0.0 0.0 
0.17078793301796755 0.0 0.0 0.16465848272697384 0.0 0.0 0.14898092357995424 0.23071210009522133 0.10600131502992637 0.1788592455499567 0.0 
0.17277296593770128 0.0 0.0 0.1662496357905339 0.0 0.0 0.12022421470075345 0.2744866731408303 0.10437558133654824 0.16189092909363278 0.0 
0.3068192456866332 0.0 0.0 0.14418937062232118 0.0 0.0 0.0 0.35 0.19899138369104563 0.0 0.0 
0.17064930420137675 0.0 0.0 0.1853825005198732 0.0 0.0 0.12268160027479368 0.2545510559125162 0.10852494754034997 0.15821059155109007 0.0 
0.34401972892560034 0.0 0.0 0.10658128804219281 0.0 0.0 0.0 0.3483759334162042 0.2010230496160027 0.0 0.0 
0.1273604362645808 0.0 0.0 0.22151229053762087 0.0 0.0 0.2295180802076759 0.1127607409453302 0.0 0.30884845204479233 0.0 
0.27661826026995046 0.0 0.0 0.14722816938130007 0.0 0.0 0.0 0.35 0.22615357034874944 0.0 0.0 
0.3 0.0 0.0 0.0 0.0 0.0 0.0 0.35 0.35 0.0 0.0 
0.1808102939570517 0.11918970604294833 0.0 0.0 0.0 0.0 0.0 0.35 0.35 0.0 0.0 
0.12475545807891829 0.0 0.0 0.17747049686458669 0.0 0.0 0.1682528214352468 0.18091646946427561 0.10298450029799328 0.2456202538589794 0.0 
0.16828126918702657 0.0 0.0 0.15692719231457664 0.0 0.0 0.12936306695208769 0.20746675792469377 0.10117632153377522 0.23678539208784016 0.0 
0.2876757581762617 0.0 0.0 0.17143671559842327 0.0 0.0 0.11684277858739668 0.3128694978233652 0.11117524981455326 0.0 0.0 
0.13425231863424772 0.0 0.0 0.17511355876895138 0.0 0.0 0.17246143226483515 0.15674713890275482 0.10100488808217141 0.26042066334703956 0.0 
0.11049099682385388 0.0 0.0 0.20417222251670053 0.0 0.0 0.2054172803729195 0.14908965427915288 0.0 0.33082984600737314 0.0 
0.12668095586229638 0.17331904413770377 0.0 0.0 0.0 0.0 0.0 0.35 0.35 0.0 0.0 
0.10964153172674859 0.0 0.0 0.176206243140573 0.0 0.0 0.16846926641323287 0.17693119259370252 0.10657898365533704 0.262172782470406 0.0 
0.1690624931024158 0.1309375068975842 0.0 0.0 0.0 0.0 0.0 0.35 0.35 0.0 0.0 
0.198350079627536 0.0 0.0 0.13314542256521447 0.0 0.0 0.10244172228119573 0.32740588616867383 0.11801837289399619 0.12063851646338382 0.0 
0.2706268178665407 0.0 0.0 0.10946160168626802 0.0 0.0 0.0 0.35 0.2699115804471913 0.0 0.0 
0.11663573229073267 0.1833642677092674 0.0 0.0 0.0 0.0 0.0 0.35 0.35 0.0 0.0 
0.31038572502777434 0.0 0.0 0.12795177374684288 0.0 0.0 0.0 0.35 0.21166250122538288 0.0 0.0 
0.3449687848178963 0.0 0.0 0.14652839656006528 0.0 0.0 0.0 0.33465924797214913 0.17384357064988928 0.0 0.0 
0.3318044396142593 0.0 0.0 0.0 0.0 0.0 0.0 0.35 0.3181955603857406 0.0 0.0 
0.12709279444713964 0.0 0.0 0.15652595021305976 0.0 0.0 0.14984800882160476 0.20158176420415233 0.12626169176504304 0.2386897905490006 0.0 
0.17370874953789367 0.12629125046210646 0.0 0.0 0.0 0.0 0.0 0.35 0.35 0.0 0.0 
0.268411408098106 0.0 0.0 0.10423216742335635 0.0 0.0 0.0 0.3462356445982178 0.28112077988031986 0.0 0.0 
0.12240848301199836 0.0 0.0 0.16226272216206553 0.0 0.0 0.1758198959717827 0.18661856838076749 0.10339380636577943 0.24949652410760637 0.0 
0.14532919309563233 0.0 0.0 0.17620322795396712 0.0 0.0 0.15196455239023676 0.18587490914899052 0.10251787761162752 0.23811023979954576 0.0 
0.11355611550248357 0.18644388449751648 0.0 0.0 0.0 0.0 0.0 0.35 0.35 0.0 0.0 
0.25123700957538425 0.0 0.0 0.10359183201861893 0.0 0.0 0.0 0.35 0.2951711584059968 0.0 0.0 
0.1065306398115535 0.19346936018844663 0.0 0.0 0.0 0.0 0.0 0.35 0.35 0.0 0.0 
0.10926069312201873 0.19073930687798127 0.0 0.0 0.0 0.0 0.0 0.35 0.35 0.0 0.0 
0.10213182380156706 0.197868176198433 0.0 0.0 0.0 0.0 0.0 0.35 0.35 0.0 0.0 
0.1293016016077268 0.0 0.0 0.17383068688198888 0.0 0.0 0.17140676999516996 0.16536177928634938 0.10041966187923267 0.2596795003495322 0.0 
