-0.014955806920304897 5.382172823917211E-4 
-0.007240276566646817 4.16957524316415E-5 
-0.014955806920304897 5.382172823917211E-4 
-0.014870615964901877 5.071833028072832E-4 
-0.014819854758521794 4.901030511376058E-4 
-0.014485950142925665 4.5100727875048825E-4 
-0.013486227655048155 2.703052606971914E-4 
-0.010497081931219076 9.035102883545582E-5 
-0.01352586124107447 2.748221609010353E-4 
-0.012281512718578979 1.7621716336894624E-4 
-0.013962186987793827 3.1849522895417665E-4 
-0.014036061300285067 3.334093336970034E-4 
-0.009483243160951421 7.108570036217281E-5 
-0.008843876778237487 5.727975448118432E-5 
-0.01416937789779183 3.570575767670734E-4 
-0.013304802115459376 2.5783015832707716E-4 
-0.007984059037494587 4.539609161665495E-5 
-0.014535159609353001 4.664654872095144E-4 
-0.011520640319155834 1.5076549898166043E-4 
-0.014108929204515654 3.426313141855166E-4 
-0.008646965532675062 5.3285897080791245E-5 
-0.014445554506541789 4.355280925586117E-4 
-0.011074290467038988 1.1297379410130295E-4 
-0.00818995986383122 4.693352558851553E-5 
-0.012088640639801815 1.7260412027559957E-4 
-0.014775711076433228 4.761063045125083E-4 
-0.013280922340032227 2.455331284915369E-4 
-0.011356605730436101 1.269322519783613E-4 
-0.01312559568378557 2.2464669071514795E-4 
-0.011180281977708291 1.1999877367398145E-4 
-0.009054515770255003 6.089644329841838E-5 
-0.013044960283366498 2.180427253367189E-4 
-0.014314464550060798 4.025875314820583E-4 
-0.011609655320678692 1.567582546016675E-4 
-0.010643587331490503 9.391480346527117E-5 
-0.012056904126011082 1.6817940494784776E-4 
-0.011684486762584122 1.6030053096655603E-4 
-0.014760401119012383 4.714380987751532E-4 
-0.01099459580118427 1.0619722938487158E-4 
-0.009958567070999791 7.759705684732844E-5 
-0.011488847797256405 1.405911993851771E-4 
-0.014290954253316942 3.8573123084178747E-4 
-0.011428078006936926 1.376827443656449E-4 
-0.012966236287528111 2.1427461526032275E-4 
-0.014250386997398957 3.7620826726109704E-4 
-0.00930857886133131 6.663089292537243E-5 
-0.014554874481178755 4.7107516362521326E-4 
-0.013700669266381716 2.965529858668613E-4 
-0.014197522720095335 3.6288642383739626E-4 
-0.014914135305879154 5.226659436696685E-4 
-0.012641852342600561 1.9109784570297688E-4 
-0.013830560107446887 3.0285156462990525E-4 
-0.007675175238057641 4.2886073643394465E-5 
-0.009660193403678536 7.554224349059863E-5 
-0.013663554980903206 2.875852112658482E-4 
-0.012737138852014107 1.953065126326101E-4 
-0.011837964324422535 1.614272328182964E-4 
-0.014209984999666865 3.7221931535289475E-4 
-0.00873783217943162 5.522778273489394E-5 
-0.010772679267389762 9.757146222128775E-5 
-0.010093418803758667 7.996230464752051E-5 
-0.014946768572956745 5.347839580892733E-4 
-0.013844539801033338 3.0474767509526134E-4 
-0.008270577043249487 4.963629265320894E-5 
-0.008447868255126386 5.062416124734216E-5 
-0.009592886873743848 7.462529499695019E-5 
-0.009146890322583973 6.486702869864023E-5 
-0.010868193247794056 1.0264199365020207E-4 
-0.011379989091059505 1.287543788968669E-4 
-0.007331364200165644 4.1750128386462064E-5 
-0.011919235271295937 1.6410709433061779E-4 
-0.014345692705429208 4.094532117974649E-4 
-0.014914135305879154 5.226659436696685E-4 
-0.013229277792966572 2.3908654683696238E-4 
-0.014425729354915973 4.316923733941795E-4 
-0.010212489029545368 8.270315859876746E-5 
-0.010317814535452776 8.578651665315596E-5 
-0.012923674744212237 2.0706096188774137E-4 
-0.012394243158378079 1.805794079296326E-4 
-0.01240766868637594 1.821633905605693E-4 
-0.011136109469898445 1.1990246682770764E-4 
-0.013304126099529882 2.5646188811080135E-4 
-0.012523855963427833 1.8620730888463632E-4 
-0.009840055408140036 7.599747105271968E-5 
-0.013663554980903206 2.875852112658482E-4 
-0.014312429312076097 3.912280125955968E-4 
-0.012818077810324796 2.0258886760197544E-4 
-0.007832089009253428 4.4187588438190266E-5 
-0.007587434410964905 4.2568828895827156E-5 
-0.014380043714536486 4.1334944836840786E-4 
-0.012769770205870914 1.9977164523016228E-4 
-0.009280765655839336 6.602031337474387E-5 
-0.01071201610074099 9.613338989083713E-5 
-0.008395477176393865 4.977527963525075E-5 
-0.010929694756225367 1.031553513648843E-4 
-0.01321354268230764 2.3503368927994047E-4 
-0.01439701751490334 4.1873276232288765E-4 
-0.013664711433143515 2.957419748819763E-4 
-0.010317814535452776 8.578651665315596E-5 
-0.01287985298482499 2.0532382855776785E-4 
