0.0 0.30000000000000027 0.0 0.0 0.0 0.0 0.0 0.35 0.35 0.0 0.0 
0.0 0.0 0.0 0.18545690390844874 0.0 0.0 0.3121759210106723 0.1885054653734896 0.0 0.0 0.3138617097073893 
0.0 0.30000000000000027 0.0 0.0 0.0 0.0 0.0 0.35 0.35 0.0 0.0 
0.0 0.0 0.0 0.18545690390844874 0.0 0.0 0.3121759210106723 0.1885054653734896 0.0 0.0 0.3138617097073893 
0.0 0.2211682954500768 0.0 0.1092817011165117 0.0 0.0 0.11389419187227397 0.35 0.20565581156113755 0.0 0.0 
0.0 0.2611585538440831 0.0 0.0 0.0 0.0 0.10176836651754714 0.35 0.2870730796383698 0.0 0.0 
0.0 0.14987755981477013 0.0 0.12652637650617943 0.0 0.0 0.16884224852830243 0.3211624282100142 0.10071516651154679 0.0 0.13287622042918698 
0.0 0.2110417421788688 0.0 0.0 0.0 0.0 0.10128548458997355 0.35 0.3376727732311576 0.0 0.0 
0.0 0.32212562378930903 0.0 0.0 0.0 0.0 0.1219129003851679 0.35 0.2059614758255231 0.0 0.0 
0.0 0.1103862163900171 0.0 0.16793458548078094 0.0 0.0 0.12343031989052781 0.33298265463472626 0.10286077971413439 0.0 0.16240544388981354 
0.0 0.0 0.0 0.1671060739085106 0.0 0.0 0.18090252040784446 0.3339737473726227 0.10379057353654915 0.0 0.21422708477447316 
0.0 0.26962558516096297 0.0 0.12338564508047514 0.0 0.0 0.1115890206256341 0.34134609017936013 0.1540536589535676 0.0 0.0 
0.0 0.13692393232704736 0.0 0.1046218427239476 0.0 0.0 0.11126903352192517 0.35 0.16504770144908593 0.0 0.13213748997799393 
0.0 0.14905510084635232 0.0 0.12299445575013877 0.0 0.0 0.1303242203010427 0.35 0.11054174829808712 0.0 0.13708447480437919 
0.0 0.3315960369580475 0.0 0.0 0.0 0.0 0.14343465206464076 0.34609971794785344 0.17886959302945835 0.0 0.0 
0.0 0.24015512218092472 0.0 0.0 0.0 0.0 0.10159587024616265 0.3497200158060976 0.30852899176681514 0.0 0.0 
0.0 0.26161561385756515 0.0 0.0 0.0 0.0 0.11089416153432817 0.35 0.27749022460810663 0.0 0.0 
0.0 0.24709228288067236 0.0 0.11096154767812913 0.0 0.0 0.11636732282353726 0.34985887185818326 0.17571997475947812 0.0 0.0 
0.0 0.0 0.0 0.17848528002306646 0.0 0.0 0.18792496664574299 0.31928633122553923 0.10868452093171362 0.0 0.2056189011739378 
0.0 0.3196125716741008 0.0 0.0 0.0 0.0 0.10406723127341794 0.35 0.22632019705248133 0.0 0.0 
0.0 0.13826243205756447 0.0 0.10223826559426741 0.0 0.0 0.1537530785970044 0.35 0.12365857412032812 0.0 0.1320876496308357 
0.0 0.0 0.0 0.1684982227441343 0.0 0.0 0.3052432998740902 0.2130399172365344 0.0 0.0 0.313218560145241 
0.0 0.0 0.0 0.17431973913620058 0.0 0.0 0.1561287982505162 0.3474676751800828 0.10245553987845858 0.0 0.2196282475547418 
0.0 0.0 0.0 0.1860930912576146 0.0 0.0 0.19777370428795607 0.28210263268586516 0.10021029134372264 0.0 0.23382028042484165 
0.0 0.3338090876806471 0.0 0.0 0.0 0.0 0.12923919865627223 0.35 0.18695171366308075 0.0 0.0 
0.0 0.13583630882832276 0.0 0.11211592274788962 0.0 0.0 0.11830826824611272 0.35 0.15723879896204318 0.0 0.12650070121563184 
0.0 0.342671058383137 0.0 0.11310587042774166 0.0 0.0 0.0 0.3476601064797279 0.19656296470939344 0.0 0.0 
0.0 0.31892500478035574 0.0 0.0 0.0 0.0 0.0 0.35 0.33107499521964434 0.0 0.0 
0.0 0.13766030742935245 0.0 0.11362140598730655 0.0 0.0 0.11989690178329082 0.35 0.14592227199694333 0.0 0.13289911280310687 
0.0 0.2757995793723643 0.0 0.0 0.0 0.0 0.11166128655277097 0.35 0.2625391340748648 0.0 0.0 
0.0 0.32820361323541103 0.0 0.0 0.0 0.0 0.10534481722110384 0.35 0.21645156954348507 0.0 0.0 
0.0 0.13661867706846625 0.0 0.11204680575150709 0.0 0.0 0.1517989034826007 0.35 0.12220642577001788 0.0 0.12732918792740816 
0.0 0.10809603143233465 0.0 0.15128389171428086 0.0 0.0 0.13440318668389636 0.34950294223090195 0.10253835953900117 0.0 0.1541755883995851 
0.0 0.35 0.0 0.0 0.0 0.0 0.14695368221380603 0.34857340195902237 0.15447291582717168 0.0 0.0 
0.0 0.0 0.0 0.1677264428741011 0.0 0.0 0.2665516202036187 0.24658283504019518 0.0 0.0 0.319139101882085 
0.0 0.0 0.0 0.16682051834998063 0.0 0.0 0.3070434719082454 0.21675940175836958 0.0 0.0 0.3093766079834045 
0.0 0.0 0.0 0.16837776540140525 0.0 0.0 0.180819667008326 0.310196071660211 0.10604964827377722 0.0 0.23455684765628054 
0.0 0.0 0.0 0.17964771647768638 0.0 0.0 0.16042245604587896 0.3306072823776076 0.10361809615499559 0.0 0.22570444894383146 
0.0 0.0 0.0 0.176573040029985 0.0 0.0 0.2222368554209501 0.26767984835220704 0.10441637775804619 0.0 0.22909387843881177 
0.0 0.0 0.0 0.17344343657999942 0.0 0.0 0.18924898465671558 0.2969000401607316 0.10598666060188779 0.0 0.2344208780006656 
0.0 0.2553272965350789 0.0 0.0 0.0 0.0 0.11889094166170282 0.35 0.2757817618032184 0.0 0.0 
0.0 0.3238512863390045 0.0 0.0 0.0 0.0 0.0 0.3486638311655246 0.32748488249547103 0.0 0.0 
0.0 0.34236682965302556 0.0 0.0 0.0 0.0 0.10342993879229827 0.35 0.20420323155467623 0.0 0.0 
0.0 0.3278716250370085 0.0 0.10772786299972727 0.0 0.0 0.0 0.35 0.21440051196326423 0.0 0.0 
0.0 0.20599229734941865 0.0 0.1055677780438755 0.0 0.0 0.1056065494100459 0.3483132606930782 0.23452011450358184 0.0 0.0 
0.0 0.20738385144693872 0.0 0.10554877044404191 0.0 0.0 0.11105921574486088 0.3482505464899505 0.2277576158742079 0.0 0.0 
0.0 0.0 0.0 0.16975250344489617 0.0 0.0 0.28381398831563437 0.23161939405302195 0.0 0.0 0.3148141141864475 
0.0 0.0 0.0 0.15686041865750952 0.0 0.0 0.15572493310691485 0.35 0.11263585076098388 0.0 0.22477879747459167 
0.0 0.0 0.0 0.1727543406992181 0.0 0.0 0.2707113485801593 0.26436039387860455 0.0 0.0 0.29217391684201804 
0.0 0.2714781615842873 0.0 0.11281601839741683 0.0 0.0 0.11219838327975612 0.34321010474208036 0.16029733199645943 0.0 0.0 
0.0 0.0 0.0 0.18339826420390015 0.0 0.0 0.30674258079491123 0.2011351238746686 0.0 0.0 0.3087240311265201 
0.0 0.24279465873887873 0.0 0.11526301043333216 0.0 0.0 0.10588213451420181 0.35 0.18606019631358736 0.0 0.0 
0.0 0.24902047384791642 0.0 0.0 0.0 0.0 0.10295404061559353 0.34907403419570293 0.29895145134078704 0.0 0.0 
0.0 0.3278716250370085 0.0 0.10772786299972727 0.0 0.0 0.0 0.35 0.21440051196326423 0.0 0.0 
0.0 0.0 0.0 0.15958622399120587 0.0 0.0 0.2649806330263547 0.2738904950274125 0.0 0.0 0.3015426479550269 
0.0 0.21925443389478946 0.0 0.0 0.0 0.0 0.10246196018279533 0.35 0.32828360592241534 0.0 0.0 
0.0 0.3320908145093217 0.0 0.12514727929204703 0.0 0.0 0.0 0.349347899056674 0.19341400714195725 0.0 0.0 
0.0 0.0 0.0 0.1647750079333833 0.0 0.0 0.2411487697728413 0.2958037221272613 0.0 0.0 0.2982725001665141 
0.0 0.3000000000000002 0.0 0.0 0.0 0.0 0.0 0.3499999999999999 0.3499999999999999 0.0 0.0 
0.0 0.0 0.0 0.1880425665086155 0.0 0.0 0.198448405652141 0.290131229883659 0.10095991004541309 0.0 0.22241788791017122 
0.0 0.309649695001559 0.0 0.0 0.0 0.0 0.0 0.35 0.3403503049984411 0.0 0.0 
0.0 0.2961695968809659 0.0 0.12354396721854527 0.0 0.0 0.12662679907797925 0.3401412558392048 0.11351838098330476 0.0 0.0 
0.0 0.2470283996950903 0.0 0.0 0.0 0.0 0.10322714004919621 0.35 0.2997444602557135 0.0 0.0 
0.0 0.0 0.0 0.1429301281834981 0.0 0.0 0.26553052011857853 0.304535641130904 0.0 0.0 0.2870037105670193 
0.0 0.27295276721151335 0.0 0.11342880851872617 0.0 0.0 0.11280781855213486 0.3450743414409737 0.15573626427665196 0.0 0.0 
0.0 0.22726624533159814 0.0 0.0 0.0 0.0 0.10582455648912989 0.34974514448037863 0.3171640536988934 0.0 0.0 
0.0 0.3404872198053782 0.0 0.0 0.0 0.0 0.14764191005117028 0.35 0.1618708701434516 0.0 0.0 
0.0 0.2990317221096914 0.0 0.0 0.0 0.0 0.10297947075952765 0.34947608950318243 0.24851271762759858 0.0 0.0 
0.0 0.21925443389478946 0.0 0.0 0.0 0.0 0.10246196018279533 0.35 0.32828360592241534 0.0 0.0 
0.0 0.309649695001559 0.0 0.0 0.0 0.0 0.0 0.35 0.3403503049984411 0.0 0.0 
0.0 0.11129825164271281 0.0 0.11827502007714823 0.0 0.0 0.14635455341948408 0.3431222074248414 0.10552153736294377 0.0 0.17542843007286962 
0.0 0.34027753614457634 0.0 0.0 0.0 0.0 0.0 0.35 0.3097224638554237 0.0 0.0 
0.0 0.0 0.0 0.18256116955743018 0.0 0.0 0.18527717243283434 0.31110552887503257 0.10211818011830438 0.0 0.21893794901639865 
0.0 0.0 0.0 0.16205060186190515 0.0 0.0 0.2874453697428648 0.2384866769282184 0.0 0.0 0.3120173514670118 
0.0 0.1454655164145672 0.0 0.13553597447064783 0.0 0.0 0.13782336081005533 0.34930849849542517 0.10491027716237647 0.0 0.12695637264692808 
0.0 0.0 0.0 0.18536284670534153 0.0 0.0 0.31351562966131924 0.18985182102594816 0.0 0.0 0.3112697026073911 
0.0 0.0 0.0 0.16532255062390755 0.0 0.0 0.26349862178069644 0.256613697477107 0.0 0.0 0.314565130118289 
0.0 0.30425938039947775 0.0 0.0 0.0 0.0 0.10643026972911578 0.34961845355191656 0.2396918963194899 0.0 0.0 
0.0 0.22549023034679058 0.0 0.0 0.0 0.0 0.10499757051146708 0.35 0.31951219914174245 0.0 0.0 
0.0 0.2353456557975889 0.0 0.1434693074229622 0.0 0.0 0.14175278450673615 0.35 0.12943225227271268 0.0 0.0 
0.0 0.0 0.0 0.17035238036785091 0.0 0.0 0.23633881749177643 0.28754007835155226 0.0 0.0 0.30576872378882036 
0.0 0.33120196824213977 0.0 0.0 0.0 0.0 0.0 0.35 0.3187980317578602 0.0 0.0 
0.0 0.14272056998741203 0.0 0.12833692061885735 0.0 0.0 0.1193540703339967 0.3484146884175535 0.15677454850473102 0.0 0.10439920213744933 
0.0 0.35 0.0 0.0 0.0 0.0 0.0 0.35 0.2999999999999999 0.0 0.0 
0.0 0.3410765224540342 0.0 0.0 0.0 0.0 0.0 0.34976408195973363 0.30915939558623207 0.0 0.0 
0.0 0.0 0.0 0.17214103843844628 0.0 0.0 0.18827248276662542 0.29165430100680445 0.10707425216278653 0.0 0.24085792562533723 
0.0 0.3495374901243192 0.0 0.0 0.0 0.0 0.0 0.35 0.3004625098756808 0.0 0.0 
0.0 0.0 0.0 0.18308678621524138 0.0 0.0 0.30622161860087554 0.2007935221473836 0.0 0.0 0.30989807303649947 
0.0 0.29622310475519775 0.0 0.0 0.0 0.0 0.1020122491995833 0.35 0.251764646045219 0.0 0.0 
0.0 0.20738385144693872 0.0 0.10554877044404191 0.0 0.0 0.11105921574486088 0.3482505464899505 0.2277576158742079 0.0 0.0 
0.0 0.24330903172900503 0.0 0.14803526521493623 0.0 0.0 0.10744911538575058 0.35 0.15120658767030817 0.0 0.0 
0.0 0.33120196824213977 0.0 0.0 0.0 0.0 0.0 0.35 0.3187980317578602 0.0 0.0 
0.0 0.11641660603041173 0.0 0.11063008713646946 0.0 0.0 0.1471040267549554 0.3425158550257911 0.10768852166916973 0.0 0.17564490338320257 
0.0 0.3353633374190805 0.0 0.12538088212492904 0.0 0.0 0.0 0.35 0.18925578045599045 0.0 0.0 
0.0 0.0 0.0 0.15462553404718607 0.0 0.0 0.1535062264413144 0.3450155898749625 0.1110310601350833 0.0 0.23582158950145368 
0.0 0.0 0.0 0.14717317411189157 0.0 0.0 0.24606297209234518 0.30163622619315483 0.0 0.0 0.30512762760260853 
0.0 0.30459142547521123 0.0 0.0 0.0 0.0 0.10545509707093381 0.35 0.23995347745385498 0.0 0.0 
0.0 0.0 0.0 0.1615935116727852 0.0 0.0 0.236999797290522 0.2900923072250733 0.0 0.0 0.3113143838116196 
0.0 0.0 0.0 0.1880288854265465 0.0 0.0 0.20037733988450762 0.2924824290370111 0.10177808068880252 0.0 0.21733326496313238 
0.0 0.0 0.0 0.17841282099439115 0.0 0.0 0.24787655418043547 0.2730193837108238 0.0 0.0 0.3006912411143495 
