0.0 0.30000000000000027 0.0 0.0 0.0 0.0 0.0 0.35 0.35 0.0 0.0 
0.0 0.30000000000000027 0.0 0.0 0.0 0.0 0.0 0.35 0.35 0.0 0.0 
0.16855179077598134 0.14535658130284684 0.12727698539891666 0.316913161380804 0.0 0.0 0.0 0.13527125994948924 0.10663022119196196 0.0 0.0 
0.0 0.3226919453254559 0.0 0.0 0.0 0.0 0.0 0.32730805467454405 0.35 0.0 0.0 
0.10000862269577589 0.19999137730422417 0.0 0.0 0.0 0.0 0.0 0.35 0.35 0.0 0.0 
0.0 0.16199270125101534 0.0 0.13800729874898465 0.0 0.0 0.0 0.35 0.35 0.0 0.0 
0.10047099330194867 0.10232472490865586 0.0 0.10026568572463387 0.0 0.0 0.0 0.34693859606476163 0.35 0.0 0.0 
0.15688798314456814 0.11380608466068022 0.10640335731907119 0.25238341661107216 0.0 0.0 0.0 0.19911552812274408 0.17140363014186405 0.0 0.0 
0.0 0.0 0.0 0.3000000000000002 0.0 0.0 0.0 0.35 0.35 0.0 0.0 
0.13642528727968917 0.10817252929456482 0.10526315013206608 0.23703588424789646 0.0 0.0 0.0 0.2139596050821369 0.1991435439636465 0.0 0.0 
0.12290805674940379 0.0 0.0 0.20853659904962932 0.0 0.0 0.0 0.35 0.3185553442009671 0.0 0.0 
0.10004287627440515 0.0 0.0 0.2149186804884727 0.0 0.0 0.0 0.35 0.3350384432371222 0.0 0.0 
0.0 0.12437505795046495 0.0 0.17712718322125012 0.0 0.0 0.0 0.34849775882828504 0.35 0.0 0.0 
0.14586516930009358 0.10448252833268268 0.11373039529280238 0.29461000015984073 0.0 0.0 0.0 0.1974211418730088 0.14389076504157194 0.0 0.0 
0.10686815972822605 0.10273983219421025 0.0 0.2917189275998789 0.0 0.0 0.0 0.21762504157224383 0.281048038905441 0.0 0.0 
0.15841614574664115 0.11621893847398472 0.1063888942529375 0.2783274442523674 0.0 0.0 0.0 0.20103699606967523 0.1396115812043941 0.0 0.0 
0.0 0.11154005910797216 0.0 0.18845994089202786 0.0 0.0 0.0 0.35 0.35 0.0 0.0 
0.16608229089526577 0.11350043803873418 0.10541803096833258 0.2939024883649913 0.0 0.0 0.0 0.19341406151928014 0.1276826902133961 0.0 0.0 
0.1353095907771625 0.16469040922283745 0.0 0.0 0.0 0.0 0.0 0.35 0.35 0.0 0.0 
0.0 0.17282538610426698 0.0 0.12717461389573317 0.0 0.0 0.0 0.35 0.35 0.0 0.0 
0.10766437661859946 0.11242493764209575 0.0 0.29241127401773087 0.0 0.0 0.0 0.20943512759709199 0.2780642841244819 0.0 0.0 
0.11204285538476949 0.0 0.0 0.19990414670117101 0.0 0.0 0.0 0.35 0.33805299791405946 0.0 0.0 
0.0 0.18827823537624025 0.0 0.11172176462375966 0.0 0.0 0.0 0.35 0.35 0.0 0.0 
0.1596959432457502 0.1168404376072571 0.10543046844671383 0.23806509481738602 0.0 0.0 0.0 0.20444387863990707 0.17552417724298586 0.0 0.0 
0.1667411489507066 0.1197265663379732 0.10539846486532946 0.2868763938121513 0.0 0.0 0.0 0.16850961195376257 0.15274781408007687 0.0 0.0 
0.0 0.14758687159527453 0.0 0.1524131284047256 0.0 0.0 0.0 0.35 0.35 0.0 0.0 
0.157266197109278 0.14273380289072196 0.0 0.0 0.0 0.0 0.0 0.35 0.35 0.0 0.0 
0.16469176316562778 0.1433639628608879 0.0 0.0 0.0 0.0 0.0 0.34194427397348454 0.35 0.0 0.0 
0.0 0.17967009117199845 0.0 0.12056694224930077 0.0 0.0 0.0 0.34976296657870093 0.35 0.0 0.0 
0.10541153317623796 0.11981306008219014 0.0 0.2644208955578416 0.0 0.0 0.0 0.20895901685292342 0.30139549433080687 0.0 0.0 
0.1492626328716585 0.10841333365342248 0.1147519223621379 0.19896861711094127 0.0 0.0 0.0 0.22037135098999813 0.20823214301184162 0.0 0.0 
0.11157401740805385 0.10783049295476786 0.0 0.26913742788308836 0.0 0.0 0.0 0.20266037804668713 0.30879768370740274 0.0 0.0 
0.10649584408693054 0.12777387995407283 0.0 0.33463065473790105 0.0 0.0 0.0 0.18737526810616437 0.24372435311493132 0.0 0.0 
0.10883927571328815 0.12266103283005614 0.0 0.30746994620622015 0.0 0.0 0.0 0.17781791358271698 0.28321183166771846 0.0 0.0 
0.0 0.11014257633105984 0.0 0.3074419192049247 0.0 0.0 0.0 0.23241550446401543 0.35 0.0 0.0 
0.12061177139570246 0.0 0.0 0.2581707914940601 0.0 0.0 0.0 0.29973980994956984 0.32147762716066747 0.0 0.0 
0.17273549342919348 0.14197811818061526 0.12948597288659866 0.298132275944663 0.0 0.0 0.0 0.15244752459551686 0.10522061496341263 0.0 0.0 
0.11087119557622163 0.12039647015218055 0.0 0.25757708854327677 0.0 0.0 0.0 0.2160001147311127 0.2951551309972084 0.0 0.0 
0.0 0.0 0.0 0.3048674216203584 0.0 0.0 0.0 0.3451325783796417 0.35 0.0 0.0 
0.16423679805012834 0.15094767583407442 0.0 0.0 0.0 0.0 0.0 0.33492608830192044 0.3498894378138768 0.0 0.0 
0.12265350912836143 0.17734649087163867 0.0 0.0 0.0 0.0 0.0 0.35 0.35 0.0 0.0 
0.10022198311580231 0.11642974884548185 0.0 0.3190844102917739 0.0 0.0 0.0 0.21331437795880226 0.25094947978813964 0.0 0.0 
0.10981877061347553 0.10248544255158994 0.0 0.2266309869020534 0.0 0.0 0.0 0.21106479993288102 0.35 0.0 0.0 
0.10807445357021518 0.10517192287440728 0.0 0.24143354101785333 0.0 0.0 0.0 0.2559859912172441 0.2893340913202801 0.0 0.0 
0.1529668503974499 0.13476444009896646 0.10401845453251217 0.25432006041963656 0.0 0.0 0.0 0.19219534580079328 0.16173484875064162 0.0 0.0 
0.1568493792572585 0.10674648633844389 0.10665799186935478 0.26823478760566016 0.0 0.0 0.0 0.19377215236542403 0.16773920256385844 0.0 0.0 
0.0 0.10393365118762099 0.0 0.19606634881237908 0.0 0.0 0.0 0.35 0.35 0.0 0.0 
0.12498234196771874 0.0 0.0 0.2763950977041212 0.0 0.0 0.0 0.31184619776570716 0.286776362562453 0.0 0.0 
0.1656546535069372 0.12222406497869216 0.10799015626225818 0.22287447480063277 0.0 0.0 0.0 0.19953582021961241 0.18172083023186736 0.0 0.0 
0.11161055700083558 0.10258535457730138 0.0 0.23221258741665723 0.0 0.0 0.0 0.25461396767075894 0.29897753333444693 0.0 0.0 
0.115646461163976 0.10716195328845278 0.0 0.2357119181494701 0.0 0.0 0.0 0.2279056723054723 0.3135739950926289 0.0 0.0 
0.0 0.3079386625789359 0.0 0.0 0.0 0.0 0.0 0.34206133742106426 0.35 0.0 0.0 
0.10744844488544941 0.0 0.0 0.2997183093299682 0.0 0.0 0.0 0.28808445624192824 0.30474878954265405 0.0 0.0 
0.10838431031791333 0.10769331634967669 0.0 0.19185466699569276 0.0 0.0 0.0 0.26939070089029643 0.32267700544642075 0.0 0.0 
0.10008586275988063 0.0 0.0 0.3040403818128051 0.0 0.0 0.0 0.3101889714212991 0.28568478400601527 0.0 0.0 
0.10059433717568518 0.10649168104867027 0.0 0.29956498853302593 0.0 0.0 0.0 0.19867303014531543 0.2946759630973034 0.0 0.0 
0.16653383282743053 0.1366597663088665 0.12109919529914023 0.28807050509431603 0.0 0.0 0.0 0.15645275345376738 0.13118394701647917 0.0 0.0 
0.11340963239733383 0.1151081161432389 0.0 0.2933390123572758 0.0 0.0 0.0 0.19824715331171905 0.2798960857904325 0.0 0.0 
0.1634870471813677 0.1329341524041293 0.1185857393447217 0.30781213968445054 0.0 0.0 0.0 0.15356664601559067 0.12361427536974004 0.0 0.0 
0.0 0.10035177217799839 0.0 0.2004893196161737 0.0 0.0 0.0 0.349158908205828 0.35 0.0 0.0 
0.11012338270753111 0.12201897271235979 0.0 0.3114590950011016 0.0 0.0 0.0 0.2031935289971509 0.25320502058185657 0.0 0.0 
0.0 0.0 0.0 0.30730809820557875 0.0 0.0 0.0 0.3426919017944214 0.35 0.0 0.0 
0.1256525948919462 0.11643397790868186 0.0 0.2561065324812976 0.0 0.0 0.0 0.24762486311770157 0.2541820316003727 0.0 0.0 
0.11362724566085279 0.106085404902864 0.0 0.3083205271125787 0.0 0.0 0.0 0.18434095510342025 0.2876258672202844 0.0 0.0 
0.0 0.0 0.0 0.3491529062854258 0.0 0.0 0.0 0.32817733691946643 0.3226697567951077 0.0 0.0 
0.0 0.10676794060252005 0.0 0.19946550759926768 0.0 0.0 0.0 0.34376655179821236 0.35 0.0 0.0 
0.13479171588390226 0.0 0.0 0.16520828411609767 0.0 0.0 0.0 0.35 0.35 0.0 0.0 
0.0 0.0 0.0 0.3107546185167266 0.0 0.0 0.0 0.3392453814832735 0.35 0.0 0.0 
0.16589558213350417 0.1426713697107026 0.12510440768402104 0.3118104667618654 0.0 0.0 0.0 0.13414198398675903 0.12037618972314802 0.0 0.0 
0.11878980353948952 0.11024583023908181 0.0 0.25916853163969145 0.0 0.0 0.0 0.25500815470928984 0.2567876798724473 0.0 0.0 
0.0 0.0 0.0 0.3299077627237711 0.0 0.0 0.0 0.32009223727622893 0.35 0.0 0.0 
0.17444387416269594 0.12361623541847111 0.10827627160312989 0.2944228418354038 0.0 0.0 0.0 0.16007628600092172 0.13916449097937764 0.0 0.0 
0.10342724363656672 0.10133323915463063 0.0 0.2790019083894758 0.0 0.0 0.0 0.2395572100836693 0.2766803987356576 0.0 0.0 
0.0 0.0 0.0 0.32672917669871543 0.0 0.0 0.0 0.32327082330128476 0.35 0.0 0.0 
0.0 0.31993575498856086 0.0 0.0 0.0 0.0 0.0 0.3300642450114392 0.35 0.0 0.0 
0.10193263363069721 0.0 0.0 0.29788868656187223 0.0 0.0 0.0 0.3155534420181723 0.2846252377892583 0.0 0.0 
0.16958946492272167 0.12382451357239921 0.1323048351135357 0.31459288972188165 0.0 0.0 0.0 0.1526037145734048 0.107084582096057 0.0 0.0 
0.1437131821202485 0.10143605117922452 0.10984177877443731 0.24122576823754716 0.0 0.0 0.0 0.21705463133580996 0.18672858835273268 0.0 0.0 
0.11279305226718989 0.10862480797037397 0.0 0.2576014705303421 0.0 0.0 0.0 0.22698390253905892 0.29399676669303515 0.0 0.0 
0.16485675086673865 0.13297019689950001 0.11641827936088993 0.30576696398620246 0.0 0.0 0.0 0.15446726995770124 0.1255205389289677 0.0 0.0 
0.10184125294752984 0.10372026641451262 0.0 0.10163314531142315 0.0 0.0 0.0 0.3428053353265344 0.35 0.0 0.0 
0.16188410742590512 0.11744189155650771 0.10468855392739458 0.22495857646228667 0.0 0.0 0.0 0.20836075828097145 0.18266611234693433 0.0 0.0 
0.15047376132861232 0.1092930077619034 0.11568302826579994 0.2005830637382563 0.0 0.0 0.0 0.21404538430626474 0.20992175459916346 0.0 0.0 
0.0 0.30200693670358986 0.0 0.0 0.0 0.0 0.0 0.3479930632964101 0.35 0.0 0.0 
0.10464644171602348 0.0 0.0 0.19790095927402032 0.0 0.0 0.0 0.3474525990099561 0.35 0.0 0.0 
0.1684172080259665 0.1211279841530462 0.10643064724095484 0.29695076472227044 0.0 0.0 0.0 0.1697906823624243 0.13728271349533772 0.0 0.0 
0.0 0.3139477796197948 0.0 0.0 0.0 0.0 0.0 0.3360522203802053 0.35 0.0 0.0 
0.1422784073774359 0.0 0.0 0.15772159262256416 0.0 0.0 0.0 0.35 0.35 0.0 0.0 
0.0 0.10088180261891733 0.0 0.20504564837730765 0.0 0.0 0.0 0.34407254900377504 0.35 0.0 0.0 
0.0 0.0 0.0 0.334558178131302 0.0 0.0 0.0 0.31544182186869807 0.35 0.0 0.0 
0.10070167910324263 0.0 0.0 0.2965957595590741 0.0 0.0 0.0 0.30650613187151826 0.29619642946616503 0.0 0.0 
0.0 0.0 0.0 0.32182132164955923 0.0 0.0 0.0 0.3281786783504407 0.35 0.0 0.0 
0.11201100770115699 0.1879889922988432 0.0 0.0 0.0 0.0 0.0 0.35 0.35 0.0 0.0 
0.12184497489778587 0.0 0.0 0.1781550251022142 0.0 0.0 0.0 0.35 0.35 0.0 0.0 
0.17011075441036955 0.1221460728253514 0.10752842045748685 0.29267376458068073 0.0 0.0 0.0 0.1719149555778067 0.13562603214830482 0.0 0.0 
0.1051453849857057 0.0 0.0 0.24814019821464767 0.0 0.0 0.0 0.35 0.29671441679964666 0.0 0.0 
0.0 0.1545497114122808 0.0 0.14545028858771927 0.0 0.0 0.0 0.35 0.35 0.0 0.0 
0.18329512616874624 0.11670487383125376 0.0 0.0 0.0 0.0 0.0 0.35 0.35 0.0 0.0 
0.0 0.0 0.0 0.333080615761787 0.0 0.0 0.0 0.31812092023159944 0.34879846400661363 0.0 0.0 
0.13104855618107786 0.11125094679913214 0.0 0.23248003984381435 0.0 0.0 0.0 0.22266870288185456 0.30255175429412107 0.0 0.0 
