0.10116992620926185 0.0 0.0 0.0 0.0 0.10907376046395693 0.13592936589400353 0.0 0.0 0.0 0.0 
0.29999999999962856 0.0 0.0 0.0 0.0 0.0 0.0 0.35 0.35 0.0 0.0 
0.0 0.0 0.0 0.0 0.0 0.12547749443230058 0.0 0.0 0.143418031951022 0.12677045487684435 0.0 
0.10848465233122326 0.0 0.0 0.0 0.0 0.0 0.0 0.0 0.35 0.0 0.0 
0.0 0.0 0.0 0.0 0.0 0.19827599805994234 0.0 0.0 0.22526505585549164 0.0 0.0 
0.35 0.0 0.0 0.0 0.0 0.35 0.0 0.11053324932758306 0.0 0.0 0.0 
0.35 0.0 0.0 0.0 0.0 0.35 0.0 0.10056950362768677 0.19040366750910775 0.0 0.0 
0.3337203757897847 0.10468498683959516 0.0 0.0 0.0 0.0 0.0 0.21775581194123914 0.34383882542938093 0.0 0.0 
0.30495594700239465 0.0 0.0 0.0 0.0 0.0 0.0 0.34523648444441934 0.34980756855318595 0.0 0.0 
0.3377275151505818 0.10533645678400089 0.0 0.0 0.0 0.0 0.0 0.20896856623531446 0.3479674618301029 0.0 0.0 
0.3422157756352833 0.0 0.0 0.0 0.0 0.2143733964068531 0.0 0.10201746861619451 0.34139335934166903 0.0 0.0 
0.3385974482240243 0.0 0.0 0.0 0.0 0.18522925150393152 0.0 0.11625689411421085 0.3386415771498212 0.0 0.0 
0.35 0.0 0.0 0.0 0.0 0.0 0.0 0.27135839113498134 0.35 0.0 0.0 
0.32891640671400385 0.0 0.0 0.0 0.0 0.0 0.0 0.3223392012247255 0.3487443920612708 0.0 0.0 
0.35 0.0 0.0 0.0 0.0 0.0 0.0 0.25077669532916985 0.35 0.0 0.0 
0.3281510057659212 0.10215417238809611 0.0 0.0 0.0 0.0 0.0 0.21970463339103016 0.34999018845495244 0.0 0.0 
0.3043067976441768 0.10137094801350266 0.0 0.0 0.0 0.0 0.0 0.24429320413648772 0.35 0.0 0.0 
0.3047843359240165 0.0 0.0 0.0 0.0 0.0 0.0 0.3409584671145758 0.3489845588402708 0.0 0.0 
0.34218342319879747 0.13341061803575835 0.0 0.0 0.0 0.0 0.0 0.17519802273424206 0.3492079360312022 0.0 0.0 
0.3136050716250407 0.10367640171716197 0.0 0.0 0.0 0.0 0.0 0.22366729807609237 0.35 0.0 0.0 
0.35 0.10682561154660508 0.0 0.0 0.0 0.0 0.0 0.18998629561672656 0.35 0.0 0.0 
0.34896865126387067 0.0 0.0 0.0 0.0 0.0 0.0 0.2969335639380905 0.34896865126387067 0.0 0.0 
0.35 0.10376916726620386 0.0 0.0 0.0 0.0 0.0 0.1844469165847894 0.35 0.0 0.0 
0.33807055581539447 0.0 0.0 0.0 0.0 0.0 0.0 0.30624950402581697 0.35 0.0 0.0 
0.3218551422683598 0.10107256471976162 0.0 0.0 0.0 0.0 0.0 0.2272652878511101 0.3498070051607685 0.0 0.0 
0.3020232744799959 0.0 0.0 0.0 0.0 0.0 0.0 0.3472874089937837 0.35 0.0 0.0 
0.3476170344703146 0.0 0.0 0.0 0.0 0.3088828390270889 0.0 0.10523121039301109 0.23826891610958548 0.0 0.0 
0.3347152666409965 0.10439694320954093 0.0 0.0 0.0 0.0 0.0 0.20710474044690677 0.34486388151383945 0.0 0.0 
0.31488479859008583 0.0 0.0 0.0 0.0 0.0 0.0 0.33459002334077625 0.35 0.0 0.0 
0.35 0.0 0.0 0.0 0.0 0.0 0.0 0.26379792163178406 0.35 0.0 0.0 
0.34798053177934585 0.13119911511002572 0.0 0.0 0.0 0.0 0.0 0.17281103684354146 0.34800931626708687 0.0 0.0 
0.35 0.0 0.0 0.0 0.0 0.0 0.0 0.26127222477483575 0.35 0.0 0.0 
0.34403942705346197 0.1637475216031397 0.0 0.0 0.0 0.0 0.0 0.10190012943000995 0.35 0.0 0.0 
0.3391595221969704 0.0 0.0 0.0 0.0 0.3280474635776245 0.0 0.10054444447666301 0.23057955192835622 0.0 0.0 
0.3117433473917986 0.1000158266134174 0.0 0.0 0.0 0.0 0.0 0.23710992507641207 0.35 0.0 0.0 
0.34159925382262557 0.0 0.0 0.0 0.0 0.0 0.0 0.3093625872518824 0.3490381589254919 0.0 0.0 
0.3123497316859082 0.0 0.0 0.0 0.0 0.0 0.0 0.338058668244369 0.34904675929609996 0.0 0.0 
0.0 0.0 0.0 0.0 0.14160828731270145 0.0 0.0 0.0 0.35 0.0 0.0 
0.33547563582177214 0.15205749750120323 0.0 0.0 0.0 0.0 0.0 0.13260892862241663 0.35 0.0 0.0 
0.3130931580111953 0.10203321651452356 0.0 0.0 0.0 0.0 0.0 0.23058494544370736 0.35 0.0 0.0 
0.35 0.0 0.0 0.0 0.0 0.0 0.0 0.2671701857806512 0.35 0.0 0.0 
0.34157569164733126 0.0 0.0 0.0 0.0 0.28994489686156855 0.0 0.10022173628064869 0.26825767521045163 0.0 0.0 
0.35 0.0 0.0 0.0 0.0 0.0 0.0 0.27623906289564215 0.35 0.0 0.0 
0.34042679769043327 0.13953818422861303 0.0 0.0 0.0 0.0 0.0 0.16578660655459945 0.35 0.0 0.0 
0.35 0.0 0.0 0.0 0.0 0.2392086852750306 0.0 0.10091142761378984 0.30711058988018747 0.0 0.0 
0.0 0.0 0.0 0.0 0.16159282680386589 0.0 0.0 0.0 0.35 0.0 0.0 
0.31549464431547225 0.10060573762643432 0.0 0.0 0.0 0.0 0.0 0.23284440012686247 0.35 0.0 0.0 
0.35 0.1267456593934119 0.0 0.0 0.0 0.0 0.0 0.161087060239062 0.35 0.0 0.0 
0.31479170296937714 0.0 0.0 0.0 0.0 0.0 0.0 0.33341711032446647 0.35 0.0 0.0 
0.32485445732195234 0.0 0.0 0.0 0.0 0.0 0.0 0.325399056633861 0.34974648604418673 0.0 0.0 
0.34961598885047357 0.1038842332233171 0.0 0.0 0.0 0.0 0.0 0.19619264238929623 0.35 0.0 0.0 
0.34840843480874 0.17471686698306 0.0 0.0 0.0 0.0 0.0 0.12500647981522567 0.34899870359605456 0.0 0.0 
0.35 0.0 0.0 0.0 0.0 0.0 0.0 0.2793351565327047 0.35 0.0 0.0 
0.35 0.12963623309797043 0.0 0.0 0.0 0.0 0.0 0.14625230619512017 0.35 0.0 0.0 
0.32404023321575015 0.0 0.0 0.0 0.0 0.0 0.0 0.3238910098376187 0.35 0.0 0.0 
0.3464539090459126 0.0 0.0 0.0 0.0 0.28190824667835007 0.0 0.10288952289376663 0.26874832138197063 0.0 0.0 
0.0 0.0 0.0 0.0 0.11772291815942919 0.0 0.0 0.0 0.35 0.0 0.0 
0.34956791848287116 0.0 0.0 0.0 0.0 0.0 0.0 0.3004868520097118 0.3496395578534443 0.0 0.0 
0.35 0.0 0.0 0.0 0.0 0.0 0.0 0.26900364692333284 0.35 0.0 0.0 
0.33245515866439074 0.0 0.0 0.0 0.0 0.0 0.0 0.318726342399347 0.3488184989362624 0.0 0.0 
0.35 0.13778918896653353 0.0 0.0 0.0 0.0 0.0 0.15185138232029163 0.35 0.0 0.0 
0.31077514886052926 0.10349292498831276 0.0 0.0 0.0 0.0 0.0 0.2357406223651723 0.34999130378598575 0.0 0.0 
0.34972340133511376 0.10391614956570791 0.0 0.0 0.0 0.0 0.0 0.19625291863483194 0.35 0.0 0.0 
0.333832828007742 0.0 0.0 0.0 0.0 0.0 0.0 0.3165640220850879 0.34960314990717023 0.0 0.0 
0.34520994884170636 0.10354771116095737 0.0 0.0 0.0 0.0 0.0 0.20130084288391983 0.34994149711341643 0.0 0.0 
0.35 0.15075572156359632 0.0 0.0 0.0 0.0 0.0 0.14517903034040405 0.35 0.0 0.0 
0.35 0.0 0.0 0.0 0.0 0.21824425233411754 0.0 0.10189515316779264 0.3219871096378332 0.0 0.0 
0.35 0.14029510599561099 0.0 0.0 0.0 0.0 0.0 0.15461304285185767 0.35 0.0 0.0 
0.35 0.0 0.0 0.0 0.0 0.0 0.0 0.2819648478109305 0.35 0.0 0.0 
0.34760574760590685 0.0 0.0 0.0 0.0 0.0 0.0 0.3046622099912109 0.34773204240288225 0.0 0.0 
0.3187562268193083 0.0 0.0 0.0 0.0 0.0 0.0 0.33118497935477537 0.35 0.0 0.0 
0.35 0.0 0.0 0.0 0.0 0.21924964915224301 0.0 0.1043380129083292 0.3240537061368146 0.0 0.0 
0.32084702013541627 0.0 0.0 0.0 0.0 0.0 0.0 0.3276334717856652 0.3488204510291058 0.0 0.0 
0.3019533914133138 0.10019342949141272 0.0 0.0 0.0 0.0 0.0 0.24859858441922805 0.3492545946760454 0.0 0.0 
0.34516159292034804 0.10354643489061484 0.0 0.0 0.0 0.0 0.0 0.2012983617639335 0.3499936104251037 0.0 0.0 
0.29953047850772485 0.0 0.0 0.0 0.0 0.0 0.0 0.34945222492611167 0.34945222492611167 0.0 0.0 
0.35 0.17186212051189584 0.0 0.0 0.0 0.0 0.0 0.10802165985850376 0.35 0.0 0.0 
0.35 0.0 0.0 0.0 0.0 0.1799797815538977 0.0 0.11925725677282253 0.35 0.0 0.0 
0.34988837364323305 0.0 0.0 0.0 0.0 0.34131271305125055 0.0 0.10056430164407658 0.20823461166143983 0.0 0.0 
0.35 0.0 0.0 0.0 0.0 0.0 0.0 0.28531595652298836 0.35 0.0 0.0 
0.34845281206967404 0.0 0.0 0.0 0.0 0.307628951552515 0.0 0.10016409311021436 0.23699090264907843 0.0 0.0 
0.34791845002407434 0.0 0.0 0.0 0.0 0.26335984557343445 0.0 0.1001796727405321 0.2885420316619591 0.0 0.0 
0.31949840427653176 0.0 0.0 0.0 0.0 0.0 0.0 0.33078007556282163 0.34972152016064667 0.0 0.0 
0.35 0.16921945251947818 0.0 0.0 0.0 0.0 0.0 0.10636064588901688 0.35 0.0 0.0 
0.35 0.16230411800254985 0.0 0.0 0.0 0.0 0.0 0.1360902567987433 0.35 0.0 0.0 
0.30365198780447467 0.0 0.0 0.0 0.0 0.0 0.0 0.3398094595032711 0.35 0.0 0.0 
0.35 0.0 0.0 0.0 0.0 0.0 0.0 0.2830508041846707 0.35 0.0 0.0 
0.35 0.17517624337964177 0.0 0.0 0.0 0.0 0.0 0.11403498823566618 0.348468217939599 0.0 0.0 
0.34859026225184947 0.0 0.0 0.0 0.0 0.35 0.0 0.10016442755461046 0.19499472162974738 0.0 0.0 
0.3019533914133138 0.10019342949141272 0.0 0.0 0.0 0.0 0.0 0.24859858441922805 0.3492545946760454 0.0 0.0 
0.3481783640584515 0.0 0.0 0.0 0.0 0.0 0.0 0.3027027720429965 0.3480709928318432 0.0 0.0 
0.34791845002407434 0.0 0.0 0.0 0.0 0.26335984557343445 0.0 0.1001796727405321 0.2885420316619591 0.0 0.0 
0.35 0.0 0.0 0.0 0.0 0.229690741810297 0.0 0.1018529641133204 0.30993899482997317 0.0 0.0 
0.33515940911753817 0.0 0.0 0.0 0.0 0.0 0.0 0.31084755531373404 0.3491546400693796 0.0 0.0 
0.31223548589023836 0.0 0.0 0.0 0.0 0.0 0.0 0.338800529328598 0.34896398478116364 0.0 0.0 
0.34446529983023494 0.0 0.0 0.0 0.0 0.18198061698423917 0.0 0.11740635406074199 0.34446529983023494 0.0 0.0 
0.32171534821404635 0.0 0.0 0.0 0.0 0.0 0.0 0.3285201664569465 0.34976448532900717 0.0 0.0 
0.35 0.0 0.0 0.0 0.0 0.0 0.0 0.27773935369899777 0.35 0.0 0.0 
0.34988837364323305 0.0 0.0 0.0 0.0 0.34131271305125055 0.0 0.10056430164407658 0.20823461166143983 0.0 0.0 
0.35 0.16190952283121388 0.0 0.0 0.0 0.0 0.0 0.13602087554683934 0.35 0.0 0.0 
