-0.01479245409648866 5.123216769697927E-4 
-0.009618849970566844 8.87134491234299E-5 
-0.01479245409648866 5.123216769697927E-4 
-0.014368944076443077 3.7143601567105137E-4 
-0.014518473507122116 4.397079166020713E-4 
-0.014792454096488656 5.123216769697921E-4 
-0.014369198966266681 4.281738105737697E-4 
-0.01156248318845678 1.393429362964882E-4 
-0.014518473507122116 4.397079166020713E-4 
-0.012831995928170387 2.1862666598572867E-4 
-0.014792454096488656 5.123216769697921E-4 
-0.014302903557935032 3.5726543097482685E-4 
-0.013225252431745417 2.5219109836190713E-4 
-0.01182892476948155 1.5132137511568054E-4 
-0.011708067285985672 1.46314523934609E-4 
-0.011199570914040662 1.2623371674037404E-4 
-0.013166880971291062 2.448833496261136E-4 
-0.011877755327430154 1.541048198773597E-4 
-0.014191079150735385 3.3806852571677303E-4 
-0.010872128585782095 1.140439153524437E-4 
-0.013516246203518491 2.75176462830495E-4 
-0.009916956273684482 8.969894594739526E-5 
-0.011966050537579787 1.5818839577001357E-4 
-0.012906510707595562 2.220395269024431E-4 
-0.009671641281962729 8.885716667559064E-5 
-0.011438164849029441 1.3419113550759096E-4 
-0.012372640245142112 1.8254587831699736E-4 
-0.012201483264826118 1.7576778404261112E-4 
-0.010341625502225917 9.688990879776479E-5 
-0.010418964340593802 1.0067195676876086E-4 
-0.014034075970590342 3.212967642950816E-4 
-0.010981306860499685 1.1880809137384288E-4 
-0.011714068907798234 1.4679813544692973E-4 
-0.013832688709463095 3.0016620803861627E-4 
-0.011282869926785222 1.286270156039513E-4 
-0.01379285269293926 2.9674134435042886E-4 
-0.013879424364150475 3.045384718329937E-4 
-0.013318826955186871 2.639170922392963E-4 
-0.010993785770397752 1.2030073524853385E-4 
-0.013994154590026502 3.1686178521443355E-4 
-0.012771401126069863 2.1009159812075616E-4 
-0.010274510999627501 9.563756529575653E-5 
-0.012310648556661443 1.7817137057189297E-4 
-0.01003170709693224 9.160060107642674E-5 
-0.014233910987049497 3.447086559134302E-4 
-0.013080576334580775 2.4024430862020432E-4 
-0.01109509535665027 1.2485259769086227E-4 
-0.01067809337314739 1.078811787006474E-4 
-0.014452090060390837 4.342749166056796E-4 
-0.013618729412653525 2.837538921043097E-4 
-0.01249130439617453 1.9140934076970553E-4 
-0.01439220668579382 4.2980196575155593E-4 
-0.012578298103063592 1.9552917485542257E-4 
-0.013049581422655953 2.3494252274926418E-4 
-0.012031425250141172 1.6304302235081562E-4 
-0.009802514196382006 8.931828306616799E-5 
-0.013553239252717411 2.802307522101989E-4 
-0.012965531524758192 2.2780297567570493E-4 
-0.013453241849334186 2.721152804849211E-4 
-0.013644109958005085 2.901486274676338E-4 
-0.01013779126988539 9.51209859972833E-5 
-0.010518440196992095 1.0221203818857458E-4 
-0.012168479908535354 1.7020193219439804E-4 
-0.013111879339050288 2.4297874578439786E-4 
-0.013350726472214969 2.6703434283954276E-4 
-0.010000725796352933 9.052820144881608E-5 
-0.010119218312441055 9.413599564634146E-5 
-0.012095032793856406 1.686955443388123E-4 
-0.012432828182782315 1.8681264839376306E-4 
-0.01328925317893834 2.5687871807160754E-4 
-0.012091837030789261 1.652331726929729E-4 
-0.012947245258610064 2.2492788548953845E-4 
-0.010626417226501657 1.0634015818208841E-4 
-0.01074856820540599 1.0943556359513412E-4 
-0.014079436868267422 3.249208434395878E-4 
-0.011999035568705341 1.601343087102865E-4 
-0.01268783612316884 2.0542172595473915E-4 
-0.011097773122819211 1.2491226268775366E-4 
-0.013689267200232298 2.902419686409815E-4 
-0.014271614748217842 3.5284901807325765E-4 
-0.0098158430696194 8.954087330852753E-5 
-0.010846368818242533 1.132250274663527E-4 
-0.013296644334664567 2.573006910086703E-4 
-0.013953409545204316 3.133772101602749E-4 
-0.012746470002156698 2.0879648164004387E-4 
-0.012490765418140733 1.8975505412605103E-4 
-0.014096672439331416 3.2655811351906824E-4 
-0.012642026859449255 2.0034501022579048E-4 
-0.01240557770150844 1.8575988659403156E-4 
-0.013018851276513995 2.3148995116278198E-4 
-0.013738824127422129 2.932890616768573E-4 
-0.013584862594360314 2.820401566084555E-4 
-0.0126850093302821 2.038559805364603E-4 
-0.010791592982223 1.1108318760876229E-4 
-0.014129904623410851 3.3011951823217595E-4 
-0.011380892277517242 1.331616858820538E-4 
-0.013914795667562874 3.07864740339679E-4 
-0.01262819353478558 1.9924787346490148E-4 
-0.012189532943265195 1.727622526197456E-4 
-0.01057027008765526 1.0510212157434617E-4 
