-0.010175008133170203 0.0068842680850799125 
-8.334855304032063E-4 5.347203699264802E-5 
-0.010175008133170203 0.0068842680850799125 
-0.009613424961290312 0.004630502149490783 
-0.007824822908162738 5.409734764193924E-4 
-0.009024323961129656 0.0022305131655469454 
-0.009568040685751343 0.004323213705269522 
-0.009530956087980252 0.0041214016860219764 
-0.010079553595300852 0.0063048864788777656 
-0.009405093802942225 0.0035586966706643557 
-0.00572640362973791 2.0972546764223208E-4 
-0.008756001040350883 0.0015269447635351103 
-0.009210848155276462 0.0028055011116242786 
-0.008702660949172873 0.0013789348139953094 
-0.007994595799047646 6.892316138676038E-4 
-0.009883425130123753 0.005215603151111549 
-0.009837552815668844 0.004962632804936646 
-0.00670360050218539 2.9235759228044304E-4 
-0.007255891437127802 4.5295454996612677E-4 
-0.009420170526041808 0.0036294893563667365 
-0.008633748525185794 0.0012932379460953126 
-0.0013961277679440613 6.158596046031154E-5 
-0.009136217315813986 0.0025110347376630622 
-0.005454550278035869 1.9831144963894354E-4 
-0.009285636356551628 0.0031536653062570466 
-0.004870718075367866 1.611834387899285E-4 
-0.003147518716199783 9.729571591723916E-5 
-0.002062172967060785 7.22732306633132E-5 
-0.00906819196788791 0.002441904368919113 
-0.003267195466790907 1.0093848497111103E-4 
-0.008398503240644516 9.064013970666853E-4 
-0.008350793847526197 8.126181586738247E-4 
-0.00934444068276441 0.0033385093175365733 
-0.006912934035489697 3.1485697755105515E-4 
-0.009464396202862163 0.003820504875422379 
-0.007474442879087307 5.003151609539056E-4 
-0.008495554900043294 0.0010153903359154122 
-0.00979635134723504 0.004752201365376847 
-0.0028987055203601965 9.078261684336938E-5 
-0.00823203156526084 6.951692485874448E-4 
-0.0023686716470511775 7.573703116481838E-5 
-0.006543751463505155 2.7347549214542307E-4 
-0.0036003054486161675 1.1373525005446431E-4 
-0.010113370292310296 0.006508913989401783 
-0.0026478936199522056 8.282312244173574E-5 
-0.006971459276899984 3.557877794878164E-4 
-0.009796351347235041 0.0047522013653768505 
-0.009177302070325747 0.002687167987872367 
-0.009997794545950614 0.005831097593676253 
-0.00934444068276441 0.0033385093175365733 
-0.009926636161240808 0.00543561058385926 
-0.002322438410201976 7.313151819815755E-5 
-0.0046588037803818785 1.4718399536033076E-4 
-0.0016957982742421703 6.41037417094262E-5 
-0.0012968425366639159 5.765026370527449E-5 
-0.004189065693532643 1.281051705866113E-4 
-0.008842381011494644 0.001673884636785188 
-0.009849848223031829 0.00502644996005067 
-0.0043705674488612595 1.3423853925507973E-4 
-0.00987386119988405 0.005152436950464646 
-0.009499412426784332 0.003991926793386109 
-0.009232525038628973 0.003001619036341645 
-0.01011567290715279 0.006520797348899265 
-0.008584718928796522 0.0011609632446369456 
-0.003851895066386749 1.1856122514307415E-4 
-0.008257187275465844 7.462467737188894E-4 
-0.00893679316375393 0.0019612775824225984 
-0.010144795493998715 0.006697829794569597 
-0.0018085632114722542 6.646487165183538E-5 
-0.008895493260736551 0.0017964540816114887 
-0.00996663361613925 0.005655977601257323 
-0.0074661149203311804 4.71133292152235E-4 
-0.001958619189025959 6.991559230089366E-5 
-0.009587166976592657 0.004461937836394581 
-0.010158846221071762 0.006841623860250368 
-0.009273341900355173 0.0031142169350506024 
-0.009596170583606296 0.004491764751220268 
-0.010020954977162213 0.005963206627522605 
-0.0064084644841104965 2.6196630459730856E-4 
-0.009009939231918866 0.0020910433229135413 
-0.005885135651773907 2.1953829216749465E-4 
-0.008475725426409036 9.84765120937237E-4 
-0.0011021866057379262 5.622166841642328E-5 
-0.0010557991429699955 5.525279600792957E-5 
-0.009949725554696994 0.005562216883233211 
-0.006027821371088633 2.3030433260299164E-4 
-0.008584718928796524 0.0011609632446369458 
-0.0039750379785729395 1.2145081035605661E-4 
-0.007824822908162738 5.409734764193924E-4 
-8.665375481953692E-4 5.361903022751051E-5 
-0.006169080756370403 2.4129782292066932E-4 
-0.009476046046573268 0.0039480336514106295 
-0.008895215415852975 0.001795797909812046 
-0.0028127982444668496 8.936880831779035E-5 
-0.005369636030183663 1.938279688828609E-4 
-0.004659710347113676 1.472234562868407E-4 
-0.010144795493998717 0.006697829794569602 
-0.003693873937220667 1.1739550002764163E-4 
-0.008821402060746567 0.001627056438222285 
-0.005182395320014057 1.8283455859636558E-4 
