-0.010175008133170203 0.0068842680850799125 
-8.744461786765695E-4 5.395787636134658E-5 
-8.744461786765695E-4 5.395787636134658E-5 
-0.010175008133170203 0.0068842680850799125 
-0.009554541977243897 0.00423937643465251 
-0.009627036979478833 0.004609497617982874 
-0.007226214084758172 4.0523381416348307E-4 
-0.008729111494975255 0.0014594606893336747 
-0.004091199297940051 1.2526370602903333E-4 
-0.008644925527093415 0.0012686860932448574 
-0.008366774278876117 8.366362241539549E-4 
-0.004792725867172218 1.5764043020998422E-4 
-0.009506583021092413 0.004015298873095454 
-0.007676585257859171 5.204385212346031E-4 
-0.0031278588817127088 9.626458614893238E-5 
-0.00922341147695204 0.0028848158060284226 
-0.0025049005682737245 7.674373912253697E-5 
-0.009322671827838493 0.0032384017070182743 
-0.0028774624490802312 8.253563084497483E-5 
-0.010075079208478385 0.0062784215018178826 
-0.0010840367099306458 5.722417425918348E-5 
-0.0066890290118349375 2.946626959936251E-4 
-0.0017412052789327558 6.923388429517352E-5 
-0.008283329754630413 7.329000568484795E-4 
-0.010105760153549671 0.006461138965547966 
-0.009270907185410314 0.0031051701909268065 
-0.009838967367321412 0.004969950922439966 
-0.008167104006488414 6.919449593480805E-4 
-0.01003545142773049 0.006063537748627443 
-0.0027136260630062615 7.931347009281087E-5 
-0.009086678062521145 0.002360611166042667 
-0.009967747006706296 0.005662182826104008 
-0.008806180015420917 0.0015936407395211799 
-0.009149284946610157 0.0025527198379088345 
-0.0057945805034321785 2.134895994344032E-4 
-0.008895551972740534 0.0017966008456872914 
-0.009877643360725271 0.0051724435135950715 
-0.00979635134723504 0.004752201365376847 
-0.009426766938779094 0.0037388674553005706 
-0.006763012960877416 3.049082437307147E-4 
-0.00704647731212534 3.3926146135998704E-4 
-0.00935659915655684 0.00336610955611133 
-0.0051421514714877666 1.846951787263157E-4 
-0.0015293531899196145 6.080329119302925E-5 
-0.01004350218641842 0.006186494150486932 
-0.006998421348964372 3.2217009845257925E-4 
-0.007466114920331179 4.711332921522348E-4 
-0.007848459657828913 5.591939777017832E-4 
-0.009799471339801795 0.004767952122107822 
-0.0033006798485361666 1.0305667418845078E-4 
-0.009581480322235289 0.004420880893451121 
-0.009098068677552973 0.0024909932242796755 
-0.009933286686586518 0.005471907962520243 
-0.010011253825226238 0.005907667995895927 
-0.005620950829629329 2.0746104472941587E-4 
-0.00550512192393411 1.9578438078104228E-4 
-0.008952550309245619 0.0019785531172845728 
-0.009914754304169833 0.005371102952456279 
-0.008895769705469268 0.0017971255617439347 
-0.009587871405458671 0.004453491457973581 
-0.009493458750955794 0.0039500979964848535 
-0.00997743458698945 0.0057163365524666235 
-0.00936531924073818 0.003454722431603548 
-0.004373372955625499 1.3474669443569828E-4 
-0.0038332471249106236 1.2016842849927703E-4 
-0.006411790600721841 2.6579467076086945E-4 
-0.009190103393190032 0.0027169963738145845 
-0.009053938221535923 0.0022467245833995317 
-0.003435417495545841 1.0905579806543968E-4 
-0.009393319724656683 0.003569350705819453 
-0.0022554834402079863 7.33576236369601E-5 
-0.005961997312481393 2.2768434024803176E-4 
-0.0062763345124226665 2.5442546824293153E-4 
-0.009181251024753055 0.0027022070586502555 
-0.009426766938779092 0.0037388674553005693 
-0.0019999230170664683 7.08569189311613E-5 
-0.008804118869137 0.0015891524200383094 
-0.002001111148690987 7.088980910507259E-5 
-0.0061555874415697796 2.4912745556001487E-4 
-0.0022773961427421685 7.381504724108895E-5 
-0.0012806941032317601 6.0310206441420894E-5 
-0.0049973420969217554 1.7001674877995573E-4 
-0.00796442806393919 6.79863382789731E-4 
-0.004565187324072167 1.506155753564344E-4 
-0.008960321704121131 0.0020776219094286803 
-0.010155369074537998 0.006772555191768946 
-0.008524630512721513 0.0010608265890328723 
-0.010014399053056598 0.0059256423037383574 
-0.008433323788422847 9.610451074143786E-4 
-0.007474442879087308 5.003151609539057E-4 
-0.008998773882930619 0.002129221877377483 
-0.009870570378525073 0.005135065524021531 
-0.008433384375178099 9.613175009214435E-4 
-0.010134261049455516 0.006633488652041408 
-0.001609957060336942 6.33237024554014E-5 
-0.006042982339063654 2.3665499267865495E-4 
-0.009001187801943174 0.0022147849960642645 
-0.00456326020412845 1.4518901066877443E-4 
-0.010146423546962092 0.0067278978378033285 
-0.008528268566582679 0.0010666798350352695 
