0.0 0.30000000000000016 0.0 0.0 0.0 0.0 0.0 0.35 0.35 0.0 0.0 
0.0 0.1973228600780014 0.0 0.10059566335773887 0.2520814765642597 0.0 0.0 0.35 0.1 0.0 0.0 
0.0 0.1973228600780014 0.0 0.10059566335773887 0.2520814765642597 0.0 0.0 0.35 0.1 0.0 0.0 
0.0 0.30000000000000016 0.0 0.0 0.0 0.0 0.0 0.35 0.35 0.0 0.0 
0.0 0.2121079435492842 0.0 0.1 0.1972103459381771 0.0 0.0 0.35 0.14068171051253875 0.0 0.0 
0.0 0.22840979294519098 0.0 0.10718563292378525 0.0 0.1334216233712879 0.0 0.35 0.18098295075973586 0.0 0.0 
0.0 0.23562436031929918 0.0 0.0 0.0 0.13002897248258724 0.0 0.35 0.28434666719811363 0.0 0.0 
0.0 0.23030421064748574 0.0 0.1 0.17814102859835168 0.0 0.0 0.35 0.14155476075416265 0.0 0.0 
0.1030020003525753 0.21631626246886174 0.0 0.0 0.0 0.0 0.0 0.35 0.330681737178563 0.0 0.0 
0.0 0.24212119723540348 0.0 0.0 0.0 0.11970269958716462 0.0 0.35 0.2881761031774319 0.0 0.0 
0.0 0.25777748019709923 0.0 0.0 0.0 0.19263192673736085 0.0 0.35 0.1995905930655399 0.0 0.0 
0.0 0.2204904928360713 0.0 0.1 0.19976511252783177 0.0 0.0 0.35 0.12974439463609685 0.0 0.0 
0.0 0.2331174920495313 0.0 0.1 0.0 0.1484149865692475 0.0 0.35 0.16846752138122112 0.0 0.0 
0.1 0.19999999999999996 0.0 0.0 0.0 0.0 0.0 0.35 0.35 0.0 0.0 
0.0 0.25574474914889445 0.0 0.0 0.1 0.1541436792248513 0.0 0.35 0.14011157162625426 0.0 0.0 
0.0 0.17515227767226793 0.0 0.0 0.0 0.0 0.12484772232773211 0.35 0.35 0.0 0.0 
0.0 0.1997568540104031 0.0 0.1 0.23048615208006173 0.0 0.0 0.35 0.11975699390953523 0.0 0.0 
0.0 0.21650636650279814 0.0 0.0 0.0 0.1 0.0 0.35 0.33349363349720185 0.0 0.0 
0.0 0.24176740575170544 0.0 0.0 0.0 0.1306855588935046 0.0 0.35 0.2775470353547899 0.0 0.0 
0.0 0.22007653742223615 0.0 0.1 0.20613355709333703 0.0 0.0 0.35 0.12378990548442684 0.0 0.0 
0.0 0.20751197289468523 0.0 0.0 0.0 0.1 0.0 0.35 0.3424880271053148 0.0 0.0 
0.0 0.2634312835397751 0.0 0.0 0.13703242117827066 0.1 0.0 0.35 0.1495362952819543 0.0 0.0 
0.0 0.1977343883769851 0.0 0.1 0.23879427653441848 0.0 0.0 0.35 0.11347133508859639 0.0 0.0 
0.0 0.2635981221405761 0.0 0.0 0.14207668271729726 0.1 0.0 0.35 0.14432519514212663 0.0 0.0 
0.0 0.2532789803351402 0.0 0.0 0.0 0.20569627155550663 0.0 0.35 0.19102474810935322 0.0 0.0 
0.0 0.24387316959818284 0.0 0.0 0.1 0.11641848702665963 0.0 0.35 0.18970834337515752 0.0 0.0 
0.0 0.23363196572401915 0.0 0.0 0.0 0.11094693713680619 0.0 0.35 0.30542109713917465 0.0 0.0 
0.0 0.1887732174723317 0.0 0.11177063862551452 0.1 0.0 0.10169056413157154 0.35 0.1477655797705823 0.0 0.0 
0.0 0.23150537942368943 0.0 0.0 0.0 0.14153156972970155 0.0 0.35 0.276963050846609 0.0 0.0 
0.0 0.279644567152066 0.0 0.0 0.0 0.1454752507470215 0.0 0.35 0.22488018210091248 0.0 0.0 
0.0 0.23445002911805704 0.0 0.0 0.0 0.11394946209984852 0.0 0.35 0.30160050878209443 0.0 0.0 
0.0 0.2437049608295716 0.0 0.0 0.13366678983987196 0.1325723146804179 0.0 0.35 0.1400559346501385 0.0 0.0 
0.0 0.27665643885508495 0.0 0.0 0.0 0.17012934118392448 0.0 0.35 0.2032142199609906 0.0 0.0 
0.0 0.200868245158901 0.0 0.0 0.0 0.1 0.0 0.35 0.34913175484109904 0.0 0.0 
0.0 0.2560827159917246 0.0 0.0 0.1 0.12120637121530035 0.0 0.35 0.17271091279297512 0.0 0.0 
0.0 0.2426199028687866 0.0 0.0 0.0 0.11574855816529328 0.0 0.35 0.2916315389659201 0.0 0.0 
0.0 0.2 0.0 0.0 0.0 0.0 0.1 0.35 0.35 0.0 0.0 
0.0 0.2817733882642742 0.0 0.0 0.0 0.14984796695687969 0.0 0.35 0.2183786447788461 0.0 0.0 
0.0 0.18810265033349577 0.0 0.1 0.0 0.13581707611040306 0.0 0.35 0.22608027355610114 0.0 0.0 
0.0 0.23000898584319343 0.0 0.0 0.0 0.1 0.0 0.35 0.31999101415680653 0.0 0.0 
0.0 0.2503777514415906 0.0 0.0 0.0 0.1610189748511178 0.0 0.35 0.2386032737072916 0.0 0.0 
0.1 0.22525102553225163 0.0 0.0 0.0 0.0 0.0 0.35 0.3247489744677484 0.0 0.0 
0.0 0.24063804873468003 0.0 0.0 0.0 0.1 0.0 0.35 0.30936195126531996 0.0 0.0 
0.0 0.24409066486833816 0.0 0.0 0.0 0.1 0.0 0.35 0.3059093351316619 0.0 0.0 
0.0 0.22040043437486234 0.0 0.0 0.0 0.1 0.0 0.35 0.3295995656251377 0.0 0.0 
0.0 0.23720791313984232 0.0 0.1 0.16927333792066324 0.0 0.0 0.35 0.1435187489394945 0.0 0.0 
0.1 0.21036356844362664 0.0 0.0 0.0 0.0 0.0 0.35 0.3396364315563734 0.0 0.0 
0.0 0.26935402898588345 0.0 0.0 0.1 0.1368456537348531 0.0 0.35 0.14380031727926348 0.0 0.0 
0.0 0.26846341221724324 0.0 0.0 0.0 0.1644532366284409 0.0 0.35 0.21708335115431585 0.0 0.0 
0.0 0.23714664800804694 0.0 0.0 0.0 0.1567821005956357 0.0 0.35 0.2560712513963174 0.0 0.0 
0.0 0.19669421605419402 0.0 0.1 0.22305073006289794 0.0 0.0 0.35 0.13025505388290798 0.0 0.0 
0.0 0.19858563299487514 0.0 0.1 0.225210931820354 0.0 0.0 0.35 0.12620343518477084 0.0 0.0 
0.0 0.25921798476948343 0.0 0.0 0.0 0.13596383980853516 0.0 0.35 0.2548181754219813 0.0 0.0 
0.0 0.26582559239616077 0.0 0.0 0.0 0.146061767413905 0.0 0.35 0.23811264018993433 0.0 0.0 
0.0 0.22234157553804082 0.0 0.0 0.0 0.1717871803736986 0.0 0.35 0.25587124408826056 0.0 0.0 
0.1 0.21036356844362664 0.0 0.0 0.0 0.0 0.0 0.35 0.3396364315563734 0.0 0.0 
0.0 0.21927543115683326 0.0 0.1 0.0 0.12131993535264991 0.0 0.35 0.20940463349051686 0.0 0.0 
0.0 0.2572126853920602 0.0 0.0 0.1 0.14170819272542023 0.0 0.35 0.1510791218825196 0.0 0.0 
0.0 0.2247462076798457 0.0 0.1 0.0 0.12238694740318513 0.0 0.35 0.20286684491696916 0.0 0.0 
0.0 0.26722279466656096 0.0 0.0 0.1 0.12824301817161074 0.0 0.35 0.15453418716182832 0.0 0.0 
0.0 0.2106858079829337 0.0 0.0 0.0 0.1 0.0 0.35 0.3393141920170664 0.0 0.0 
0.0 0.23540081515593902 0.0 0.0 0.0 0.1 0.0 0.35 0.314599184844061 0.0 0.0 
0.0 0.23610104129347062 0.0 0.1 0.0 0.1195427180493453 0.0 0.35 0.1943562406571841 0.0 0.0 
0.0 0.19932001871928676 0.0 0.10226457705605742 0.0 0.119192332581951 0.0 0.35 0.2292230716427049 0.0 0.0 
0.0 0.2673455913102807 0.0 0.0 0.1 0.10774344259335866 0.0 0.35 0.1749109660963607 0.0 0.0 
0.0 0.3063548752221935 0.0 0.0 0.0 0.0 0.0 0.35 0.34364512477780657 0.0 0.0 
0.0 0.24247175306702035 0.0 0.0 0.16052919958618098 0.1 0.0 0.35 0.14699904734679872 0.0 0.0 
0.0 0.24403814828196635 0.0 0.0 0.0 0.17678796665113114 0.0 0.35 0.22917388506690245 0.0 0.0 
0.0 0.278235129660046 0.0 0.0 0.0 0.17331280914575983 0.0 0.35 0.19845206119419417 0.0 0.0 
0.0 0.25022615679490035 0.0 0.0 0.0 0.1819851824060283 0.0 0.35 0.21778866079907133 0.0 0.0 
0.0 0.2709675559373871 0.0 0.0 0.0 0.13131708416280113 0.0 0.35 0.24771535989981175 0.0 0.0 
0.0 0.2700311635293533 0.0 0.0 0.0 0.20690431017225958 0.0 0.35 0.17306452629838723 0.0 0.0 
0.0 0.21304273195359924 0.0 0.1 0.0 0.14264399075550657 0.0 0.35 0.19431327729089426 0.0 0.0 
0.0 0.22420066627456608 0.0 0.0 0.0 0.15577307596105303 0.0 0.35 0.27002625776438094 0.0 0.0 
0.0 0.24213510701087806 0.0 0.1 0.1706732642319446 0.0 0.0 0.35 0.13719162875717741 0.0 0.0 
0.0 0.25381090389031896 0.0 0.0 0.1 0.13438443308976628 0.0 0.35 0.1618046630199148 0.0 0.0 
0.0 0.30598453783422364 0.0 0.0 0.0 0.0 0.0 0.35 0.3440154621657764 0.0 0.0 
0.0 0.2619291088198339 0.0 0.0 0.0 0.18641959435779568 0.0 0.35 0.20165129682237037 0.0 0.0 
0.0 0.18007729873069606 0.0 0.1 0.0 0.16186919417281462 0.0 0.35 0.2080535070964893 0.0 0.0 
0.0 0.19914607795984007 0.0 0.1 0.24481056167699955 0.0 0.0 0.35 0.1060433603631604 0.0 0.0 
0.1 0.20417771716920577 0.0 0.0 0.0 0.0 0.0 0.35 0.3458222828307942 0.0 0.0 
0.0 0.22500819462194124 0.0 0.0 0.0 0.1 0.0 0.35 0.3249918053780587 0.0 0.0 
0.0 0.2156996252063012 0.0 0.0 0.0 0.15744328000718158 0.0 0.35 0.2768570947865172 0.0 0.0 
0.0 0.27040252109967244 0.0 0.0 0.0 0.12004469780857167 0.0 0.35 0.25955278109175584 0.0 0.0 
0.0 0.19198182371088296 0.0 0.10509114164445812 0.1 0.0 0.12011477170317161 0.35 0.1328122629414873 0.0 0.0 
0.0 0.2596107121066219 0.0 0.0 0.0 0.1 0.0 0.35 0.2903892878933781 0.0 0.0 
0.0 0.21829697393912406 0.0 0.0 0.0 0.1614380578789199 0.0 0.35 0.270264968181956 0.0 0.0 
0.1 0.22274444190026432 0.0 0.0 0.0 0.0 0.0 0.35 0.3272555580997357 0.0 0.0 
0.0 0.245101948790897 0.0 0.0 0.17387540325256323 0.1 0.0 0.35 0.1310226479565399 0.0 0.0 
0.0 0.23898287996840983 0.0 0.0 0.0 0.18827869409071105 0.0 0.35 0.22273842594087911 0.0 0.0 
0.0 0.22835135457374817 0.0 0.0 0.0 0.10354083762018741 0.0 0.35 0.3181078078060644 0.0 0.0 
0.0 0.24150416529675367 0.0 0.0 0.17607889305453522 0.1 0.0 0.35 0.13241694164871112 0.0 0.0 
0.0 0.2545772701338677 0.0 0.0 0.11918866843108951 0.1 0.0 0.35 0.1762340614350428 0.0 0.0 
0.0 0.27126483673598567 0.0 0.0 0.10450199038278996 0.1 0.0 0.35 0.17423317288122445 0.0 0.0 
0.0 0.2779164452476709 0.0 0.0 0.0 0.13656640102194584 0.0 0.35 0.23551715373038332 0.0 0.0 
0.0 0.19226630476888565 0.0 0.1 0.24739881861241564 0.0 0.0 0.35 0.11033487661869869 0.0 0.0 
0.0 0.19198182371088296 0.0 0.10509114164445812 0.1 0.0 0.12011477170317161 0.35 0.1328122629414873 0.0 0.0 
0.0 0.2731162579050894 0.0 0.0 0.1 0.11697769474906791 0.0 0.35 0.15990604734584263 0.0 0.0 
0.1 0.20417771716920577 0.0 0.0 0.0 0.0 0.0 0.35 0.3458222828307942 0.0 0.0 
0.0 0.20000000000000007 0.0 0.0 0.0 0.0 0.1 0.35 0.35 0.0 0.0 
