0.0 0.29999999999999993 0.0 0.0 0.0 0.0 0.0 0.35 0.35 0.0 0.0 
0.13059540318438775 0.1728603045388879 0.0 0.0 0.11617989589290134 0.14246393893485182 0.0 0.10565142569887945 0.14117494557580174 0.19107408617428998 0.0 
0.0 0.29999999999999993 0.0 0.0 0.0 0.0 0.0 0.35 0.35 0.0 0.0 
0.0 0.3283672213633311 0.0 0.0 0.0 0.0 0.0 0.3216327786366689 0.35 0.0 0.0 
0.10016330830090155 0.19983669169909854 0.0 0.0 0.0 0.0 0.0 0.35 0.35 0.0 0.0 
0.13319266270645072 0.12381318940425376 0.0 0.10233773637576615 0.13978744849326516 0.10244849870984894 0.0 0.15315161609651035 0.24526884821390502 0.0 0.0 
0.12384098962827894 0.10952807675755 0.0 0.10612903781136347 0.10845065941101918 0.12435833520761227 0.0 0.163439191708852 0.26425370947532417 0.0 0.0 
0.1877563112378353 0.13267544070230194 0.0 0.14196538580959983 0.0 0.11618168563802067 0.0 0.1513297170651834 0.2700914595470589 0.0 0.0 
0.12044058624689963 0.191540212431546 0.0 0.0 0.1065216703436765 0.13199368362149655 0.0 0.10711000019002505 0.14614241363405306 0.19625143353230312 0.0 
0.11497639154502168 0.17915795324005834 0.0 0.0 0.14340837739472825 0.1260053435676926 0.0 0.11924222055053942 0.1697568331904573 0.14745288051150232 0.0 
0.12568539171130416 0.11115931221139881 0.0 0.10770965032904674 0.11006584855577281 0.12621044227803327 0.0 0.15103986523532206 0.2681294896791221 0.0 0.0 
0.1226870754737793 0.17818095381473764 0.0 0.0 0.11323797578335261 0.13885645139480168 0.0 0.13987316459866891 0.18149831252191803 0.1256660664127418 0.0 
0.11252400798285107 0.1673122013966385 0.0 0.10794763276019888 0.11839482706499507 0.11680285569594756 0.0 0.10179941002301159 0.2752190650763573 0.0 0.0 
0.19819912760683103 0.11809293311647309 0.0 0.1368772350671546 0.0 0.10447423445345022 0.0 0.17688991438861398 0.26546655536747715 0.0 0.0 
0.18741170943561583 0.12942937575576371 0.0 0.1365856138385467 0.0 0.11680703722020228 0.0 0.16014207617676804 0.26962418757310347 0.0 0.0 
0.17857136101634902 0.11289398196853692 0.0 0.10464811069356408 0.0 0.0 0.0 0.3463064821103691 0.257580064211181 0.0 0.0 
0.11219435777236948 0.1408100175845706 0.0 0.10763138949355473 0.11804797770936375 0.1403367799401314 0.0 0.11013917424420573 0.2708403032558043 0.0 0.0 
0.19461639585404567 0.103046801929377 0.0 0.10855986266564852 0.0 0.0 0.0 0.35 0.24377693955092886 0.0 0.0 
0.2250071925424522 0.1394685521690292 0.0 0.0 0.0 0.0 0.0 0.35 0.2855242552885186 0.0 0.0 
0.15938262425947194 0.14061737574052807 0.0 0.0 0.0 0.0 0.0 0.35 0.35 0.0 0.0 
0.23738895327817058 0.10678295372916884 0.0 0.14570437868659888 0.0 0.0 0.0 0.25548005813011565 0.25464365617594603 0.0 0.0 
0.17179479824784788 0.1158931538191681 0.0 0.13754782651718264 0.0 0.10255425817024826 0.0 0.20522655387212305 0.26698340937343 0.0 0.0 
0.13014127445903784 0.1052272038732274 0.0 0.10299391126189428 0.0 0.0 0.0 0.35 0.3116376104058406 0.0 0.0 
0.18153975115614102 0.12098129113437411 0.0 0.11596082408848121 0.0 0.10006790530201182 0.0 0.2394005823288272 0.2420496459901646 0.0 0.0 
0.23835441655482278 0.1105313936428228 0.0 0.1390306934569011 0.0 0.0 0.0 0.2663810132466659 0.24570248309878745 0.0 0.0 
0.17645423951868078 0.12156179653812439 0.0 0.10966036579170772 0.0 0.10054806185535252 0.0 0.24054929987349688 0.25122623642263764 0.0 0.0 
0.21396884435077432 0.10558145688899052 0.0 0.1313296052486786 0.0 0.0 0.0 0.2865801168874629 0.2625399766240936 0.0 0.0 
0.0 0.3186858634513477 0.0 0.0 0.0 0.0 0.0 0.3313141365486524 0.35 0.0 0.0 
0.2146478473362219 0.13200494968219484 0.0 0.0 0.0 0.0 0.0 0.35 0.3033472029815833 0.0 0.0 
0.19819912760683103 0.10856084793846274 0.0 0.1368772350671546 0.0 0.10447423445345022 0.0 0.1864219995666243 0.26546655536747715 0.0 0.0 
0.21474415452786327 0.11267512663221715 0.0 0.10068011644928099 0.0 0.0 0.0 0.3201462461124187 0.2517543562782198 0.0 0.0 
0.191239784486781 0.1462677815170573 0.0 0.0 0.0 0.0 0.0 0.35 0.3124924339961617 0.0 0.0 
0.12343359101662141 0.17656640898337858 0.0 0.0 0.0 0.0 0.0 0.35 0.35 0.0 0.0 
0.10607520528783655 0.19392479471216356 0.0 0.0 0.0 0.0 0.0 0.35 0.35 0.0 0.0 
0.0 0.30930305100731037 0.0 0.0 0.0 0.0 0.0 0.34069694899268954 0.35 0.0 0.0 
0.2198123721059201 0.12068285344486135 0.0 0.1107971981080095 0.0 0.0 0.0 0.2962070671698023 0.2525005091714068 0.0 0.0 
0.18501494384701753 0.11404322053669778 0.0 0.13535223261175988 0.0 0.10091724572217717 0.0 0.20195064481327463 0.2627217124690731 0.0 0.0 
0.16946577284856393 0.11140147927049542 0.0 0.10227610150018338 0.0 0.0 0.0 0.35 0.26685664638075735 0.0 0.0 
0.22088993662997147 0.11259782840319513 0.0 0.12193461777117755 0.0 0.0 0.0 0.29872315118115167 0.2458544660145042 0.0 0.0 
0.14084809927979935 0.11370228105346777 0.0 0.10030819754620798 0.0 0.0 0.0 0.35 0.2951414221205249 0.0 0.0 
0.16569565579026327 0.1086410945732573 0.0 0.1004847275991822 0.0 0.0 0.0 0.35 0.27517852203729726 0.0 0.0 
0.17507329148715922 0.12109035780823284 0.0 0.1295691144726682 0.0 0.10603682045600665 0.0 0.22172306442003317 0.24650735135589985 0.0 0.0 
0.2112190512511764 0.10402934201048931 0.0 0.10959496918299731 0.0 0.0 0.0 0.3446717575315444 0.23048488002379244 0.0 0.0 
0.2158406121398768 0.10880238499270795 0.0 0.11318243017970087 0.0 0.0 0.0 0.3270108850750295 0.23516368761268494 0.0 0.0 
0.19202934010778994 0.11164811327341233 0.0 0.0 0.0 0.0 0.0 0.35 0.3463225466187979 0.0 0.0 
0.22537727693893914 0.11207465259159012 0.0 0.13204398293236655 0.0 0.0 0.0 0.287423234961477 0.2430808525756272 0.0 0.0 
0.10390486801787946 0.181457219184104 0.0 0.0 0.14603240516709898 0.12831093775260313 0.0 0.12142406587957855 0.17776797876154324 0.14110252523719258 0.0 
0.11487301338254118 0.17994761585205607 0.0 0.0 0.12086638929474995 0.14368733972195888 0.0 0.11276876206703987 0.19372516636631149 0.13413171331534254 0.0 
0.17987570640783826 0.10308860739924551 0.0 0.10541249575584018 0.0 0.0 0.0 0.3488360213456228 0.2627871690914533 0.0 0.0 
0.17587587616618483 0.12412412383381524 0.0 0.0 0.0 0.0 0.0 0.35 0.35 0.0 0.0 
0.23707506609234513 0.11808676563074288 0.0 0.12807388319649862 0.0 0.0 0.0 0.28567064340036097 0.23109364168005245 0.0 0.0 
0.12537251643599506 0.1272059667144637 0.0 0.10550582480249378 0.0 0.0 0.0 0.35 0.2919156920470474 0.0 0.0 
0.22346864642531006 0.11437308182694653 0.0 0.13151389809946565 0.0 0.0 0.0 0.2933436462492688 0.23730072739900904 0.0 0.0 
0.1562420953530697 0.10646215877621247 0.0 0.10009304116886665 0.0 0.0 0.0 0.35 0.2872027047018513 0.0 0.0 
0.1860175279858642 0.11141762114462128 0.0 0.10305280294204679 0.0 0.1062161593623835 0.0 0.21372813435555885 0.2795677542095254 0.0 0.0 
0.20087287256111042 0.10635952341504344 0.0 0.11204981657785205 0.0 0.0 0.0 0.3450702141754427 0.2356475732705514 0.0 0.0 
0.17598319634987114 0.10615591280017446 0.0 0.1017684052631977 0.0 0.0 0.0 0.3488862024881353 0.26720628309862127 0.0 0.0 
0.11260505893647017 0.18739494106352983 0.0 0.0 0.0 0.0 0.0 0.35 0.35 0.0 0.0 
0.1890466102074141 0.12143403295971786 0.0 0.0 0.0 0.0 0.0 0.35 0.33951935683286816 0.0 0.0 
0.21182113328252208 0.10730781051907777 0.0 0.11929003925106497 0.0 0.0 0.0 0.3144351661315168 0.24714585081581839 0.0 0.0 
0.2112855464814485 0.12495409795146381 0.0 0.0 0.0 0.0 0.0 0.35 0.3137603555670876 0.0 0.0 
0.20759146249126428 0.13575461545827752 0.0 0.10382490738633494 0.0 0.0 0.0 0.31174579038801475 0.24108322427610845 0.0 0.0 
0.1292351462698246 0.16945578122935065 0.0 0.0 0.14079247974132797 0.11793324956895178 0.0 0.1245635690989736 0.19494142649916346 0.123078347592408 0.0 
0.1458538471800332 0.10561496824660901 0.0 0.10446471878895018 0.0 0.0 0.0 0.35 0.29406646578440776 0.0 0.0 
0.14765626215123703 0.15234373784876304 0.0 0.0 0.0 0.0 0.0 0.35 0.35 0.0 0.0 
0.11301005309596239 0.17596064963516236 0.0 0.0 0.14658747815349207 0.12278736532320976 0.0 0.12797354230671074 0.18553667663700107 0.12814423484846166 0.0 
0.21923836426633617 0.11052012373314603 0.0 0.10759795773665348 0.0 0.0 0.0 0.2936378716644474 0.2690056825994168 0.0 0.0 
0.214968540948805 0.14349692697677824 0.0 0.0 0.0 0.0 0.0 0.34816663936549647 0.2933678927089203 0.0 0.0 
0.19544349671468939 0.13275077508140692 0.0 0.0 0.0 0.0 0.0 0.35 0.3218057282039036 0.0 0.0 
0.20491757328303245 0.10973985934290552 0.0 0.10013450879238062 0.0 0.0 0.0 0.3437046916929606 0.2415033668887208 0.0 0.0 
0.1592894692062509 0.10139483773907998 0.0 0.10474988114324815 0.0 0.0 0.0 0.35 0.28456581191142105 0.0 0.0 
0.12980216766235808 0.17019783233764196 0.0 0.0 0.0 0.0 0.0 0.35 0.35 0.0 0.0 
0.23957014342911162 0.11876418394423324 0.0 0.14098981639977434 0.0 0.0 0.0 0.24627699442586232 0.25439886180101845 0.0 0.0 
0.24661068115713872 0.1173804733463677 0.0 0.1458926826827546 0.0 0.0 0.0 0.25401117475212615 0.23610498806161295 0.0 0.0 
0.15226094147865907 0.10446988790202563 0.0 0.1007478193176822 0.0 0.0 0.0 0.34913775476001313 0.29338359654161994 0.0 0.0 
0.1929636006660512 0.15478184477596557 0.0 0.0 0.0 0.0 0.0 0.3455355436130075 0.30671901094497567 0.0 0.0 
0.20549025341433097 0.1115423788843569 0.0 0.10335185392572178 0.0 0.0 0.0 0.3217481222265964 0.257867391548994 0.0 0.0 
0.2058601157758681 0.15649775977999109 0.0 0.0 0.0 0.0 0.0 0.35 0.28764212444414083 0.0 0.0 
0.20475807101128052 0.10626807966163725 0.0 0.10223710243760761 0.0 0.0 0.0 0.35 0.23673674688947466 0.0 0.0 
0.16438722101845682 0.14800191029718604 0.0 0.0 0.0 0.0 0.0 0.35 0.337610868684357 0.0 0.0 
0.22927476886284545 0.11313406023141041 0.0 0.14072406185863737 0.0 0.0 0.0 0.2706838810952616 0.24618322795184522 0.0 0.0 
0.19669783591667422 0.11391097913613157 0.0 0.13519528186338478 0.0 0.10080022484313868 0.0 0.20171646836692672 0.25167920987374376 0.0 0.0 
0.20376370709739217 0.11303354907930456 0.0 0.1291140011167457 0.0 0.10002378390932322 0.0 0.19366922952180615 0.26039572927542826 0.0 0.0 
0.13145636450365644 0.17399990082035013 0.0 0.0 0.11398450678401961 0.13977187437805205 0.0 0.10634794172191202 0.14210565342942363 0.19233375836258598 0.0 
0.2094162018293482 0.11302367590979986 0.0 0.10981359998501103 0.0 0.0 0.0 0.3395823886598884 0.22816413361595245 0.0 0.0 
0.20624608439794542 0.13826341938081543 0.0 0.10574363651409728 0.0 0.0 0.0 0.2977391886615369 0.25200767104560484 0.0 0.0 
0.207504086091137 0.10987066308126416 0.0 0.0 0.0 0.0 0.0 0.35 0.33262525082759886 0.0 0.0 
0.24103935184491349 0.11220639598800755 0.0 0.13724172944679228 0.0 0.0 0.0 0.28999483274912746 0.21951768997115909 0.0 0.0 
0.120258157320624 0.1746533862075072 0.0 0.0 0.1109961277814779 0.1361074172836443 0.0 0.1371040019356825 0.17805417382129102 0.14282673564977297 0.0 
0.1504969465514217 0.1495030534485784 0.0 0.0 0.0 0.0 0.0 0.35 0.35 0.0 0.0 
0.13760378940749501 0.16239621059250509 0.0 0.0 0.0 0.0 0.0 0.35 0.35 0.0 0.0 
0.15760615028074423 0.10062202504613148 0.0 0.11036557028516349 0.0 0.0 0.0 0.35 0.28140625438796074 0.0 0.0 
0.24418947565914534 0.10894415013510803 0.0 0.12212905767305021 0.0 0.0 0.0 0.26279883951911615 0.2619384770135802 0.0 0.0 
0.17333675235622537 0.11224569901382225 0.0 0.1215111801489742 0.0 0.1093894701742171 0.0 0.22095624199081454 0.2625606563159467 0.0 0.0 
0.0 0.30190350986631326 0.0 0.0 0.0 0.0 0.0 0.3480964901336869 0.35 0.0 0.0 
0.11926968535708454 0.17974381709027495 0.0 0.0 0.10682274619374907 0.13236675428751535 0.0 0.13072498327589363 0.18952572940668685 0.14154628438879566 0.0 
0.13171343070391806 0.10649838864061377 0.0 0.10423811700252572 0.0 0.0 0.0 0.35 0.3075500636529426 0.0 0.0 
0.12380594178143961 0.12561648243969573 0.0 0.10418749160043243 0.0 0.0 0.0 0.35 0.29639008417843227 0.0 0.0 
0.18442401935065678 0.13439194253501027 0.0 0.10217000693272148 0.0 0.10530626463915406 0.0 0.21189724437777013 0.2618105221646874 0.0 0.0 
0.19527515031558032 0.12288782377055239 0.0 0.0 0.0 0.0 0.0 0.35 0.3318370259138674 0.0 0.0 
