-0.016723060783871917 0.0015954576182566184 
-0.016723060783871917 0.0015954576182566184 
-0.007428554827760377 3.392801316969699E-5 
-0.01672306078387191 0.0015954576182566158 
-0.01657029691962989 9.280773453749496E-4 
-0.016339918813119903 5.642552752099906E-4 
-0.016291883000463712 4.220030992684774E-4 
-0.00948517335459285 5.163750702033868E-5 
-0.00808451389620532 3.765996203854864E-5 
-0.01617766405479071 4.1921938596934055E-4 
-0.01055514905490517 6.370610395213502E-5 
-0.016551410955312693 8.647496117989069E-4 
-0.0164410712983628 5.79122243723617E-4 
-0.012596286635082079 1.210323766644788E-4 
-0.011356701769354034 7.900151374538217E-5 
-0.015620367726768867 2.878013760635735E-4 
-0.010859343588791157 6.91807450101529E-5 
-0.012751611135281869 1.2343357995342623E-4 
-0.01593494388866782 3.3563219362463525E-4 
-0.009685319922136861 5.200555348565362E-5 
-0.010341472807554115 6.095548577471563E-5 
-0.01585078502249386 3.199645782858574E-4 
-0.015957891474668424 3.6116400004679604E-4 
-0.00928734385436438 4.980368302075154E-5 
-0.01068994185880218 6.638659694630644E-5 
-0.009010488374882076 4.53681598006099E-5 
-0.01652604478529529 7.863338366109314E-4 
-0.008309623776658712 3.7865635314601285E-5 
-0.012856420987214887 1.3732563583472723E-4 
-0.01617289695366691 3.754159205116081E-4 
-0.01542653610726405 2.538417197271639E-4 
-0.016541778068185728 8.340742967521059E-4 
-0.014205317303039052 1.8666667128791007E-4 
-0.015768254895452985 3.063407528598599E-4 
-0.014865014583893334 2.219495026189786E-4 
-0.011584015461454081 8.542742802745558E-5 
-0.010012160422838095 5.5556987000708534E-5 
-0.009170789086231926 4.7634226826622926E-5 
-0.01651541864892693 7.557474663999178E-4 
-0.014979322045769058 2.2735955669079302E-4 
-0.008862547779556418 4.3367443318354865E-5 
-0.01647267497371782 6.462101893627245E-4 
-0.011006154194175088 7.36107682408228E-5 
-0.011116903920342954 7.412298189963745E-5 
-0.012301595796174286 1.0711102259555784E-4 
-0.00769747266445036 3.470058353742647E-5 
-0.011268372254829332 7.688510420966948E-5 
-0.013251313394559625 1.484125109137417E-4 
-0.015076562276020082 2.368729487029573E-4 
-0.01431982383165853 1.918295641892655E-4 
-0.016480404589001973 6.64417290750583E-4 
-0.01568939529889057 2.949331336494457E-4 
-0.01645513726278213 6.075218484711256E-4 
-0.012111856902157532 9.976402572633509E-5 
-0.016090904893946066 3.665980339181003E-4 
-0.016460401581910686 6.187527197903374E-4 
-0.013143450941495763 1.4639586690010485E-4 
-0.010195359011391679 5.8132973817967744E-5 
-0.009819687428689081 5.4145024940947546E-5 
-0.011720349752243413 9.115669523068282E-5 
-0.014056423851258878 1.8390061122499322E-4 
-0.01196910433895346 9.902606690331586E-5 
-0.015516563661253284 2.635837119726027E-4 
-0.01219831868086114 1.0328783179880058E-4 
-0.007915724137606526 3.6195908934240524E-5 
-0.007867561322435478 3.534994184608913E-5 
-0.013805389819581081 1.716050325469839E-4 
-0.013688596468928846 1.648312318049351E-4 
-0.012436387891820392 1.137753774246759E-4 
-0.015158710828099914 2.4085574625832689E-4 
-0.014754638135704991 2.1346329076572725E-4 
-0.007596466446478235 3.458801484159204E-5 
-0.012967396101070127 1.4108178005668595E-4 
-0.01656966061318852 9.258750026682164E-4 
-0.01182098274960879 9.283426038588115E-5 
-0.01303986215239866 1.424917961527144E-4 
-0.008404158144767868 3.903590495803079E-5 
-0.008581499985096084 4.0492842447093176E-5 
-0.009912924337600128 5.435104175950515E-5 
-0.01336916663205388 1.523684003416348E-4 
-0.013578711846411125 1.6023658547837326E-4 
-0.013460542913662301 1.5641724867061362E-4 
-0.014631307652609537 2.0792399095189448E-4 
-0.016560397325495368 8.943560565274988E-4 
-0.01400318487694817 1.8081730433235164E-4 
-0.008507558132461212 3.940828636594613E-5 
-0.016560397325495368 8.943560565274988E-4 
-0.01191252363319053 9.384272631205066E-5 
-0.0152974975131025 2.475106487204467E-4 
-0.013889582241675883 1.7960479556593354E-4 
-0.016533519421707374 8.086493630931942E-4 
-0.014544418747121231 2.0534531177552912E-4 
-0.014499845252516875 2.0008583578982533E-4 
-0.012428857652176698 1.1111865746734018E-4 
-0.016489555574082417 6.868863509749945E-4 
-0.008733492404479837 4.2321721092369616E-5 
-0.0074870751157560585 3.40270655634124E-5 
-0.016509214056933674 7.385059427157312E-4 
-0.011614006959287798 8.706506611983973E-5 
-0.016500107449493553 7.140251388741806E-4 
