-0.016723060783871917 0.0015954576182566184 
-0.008470256522858917 4.571602090038979E-5 
-0.016723060783871917 0.0015954576182566184 
-0.008470256522858917 4.571602090038979E-5 
-0.0165640659083656 9.067172201984055E-4 
-0.01672306078387191 0.0015954576182566158 
-0.016291883000463712 4.220030992684774E-4 
-0.016326586518867016 5.596963635195714E-4 
-0.010801287663783375 6.855574166848402E-5 
-0.013585993505528627 1.6246783627638098E-4 
-0.014547661180691467 2.040619406973147E-4 
-0.016481103658380604 6.66098808553689E-4 
-0.010546840970246971 6.327067489738408E-5 
-0.013770931294422492 1.7030638052691646E-4 
-0.01649843926849455 7.09646999772635E-4 
-0.013884352927165831 1.7393023285016703E-4 
-0.014349510220647774 1.9597229067227655E-4 
-0.009723849280883632 5.284867499893823E-5 
-0.011897950754257324 9.553555556931863E-5 
-0.010317845820636098 5.951761885595203E-5 
-0.01653311771690616 8.074332637104925E-4 
-0.016197828018869376 4.1968614511427537E-4 
-0.012454096071838573 1.1244651503051987E-4 
-0.0165640659083656 9.067172201984055E-4 
-0.011370948059200926 8.121809523892095E-5 
-0.010173231691502334 5.7676080428721485E-5 
-0.011492710937221186 8.482257939816856E-5 
-0.012346473043533148 1.0837314641818584E-4 
-0.01124353563288407 7.724146113054243E-5 
-0.01651231529859002 7.470668343121512E-4 
-0.01162076546173696 8.836221121660919E-5 
-0.008707136359405466 4.613784299948113E-5 
-0.015015690006613016 2.268959839688418E-4 
-0.016546347249328748 8.484876762273869E-4 
-0.014044936239300972 1.8146159824730524E-4 
-0.012598253268209493 1.169456331512594E-4 
-0.009890410048252031 5.4246409782959554E-5 
-0.015327412537254517 2.5727633762870214E-4 
-0.01093192660724585 6.979490800615708E-5 
-0.016436047972446056 5.6954732721731E-4 
-0.015937530380297625 3.613061673933948E-4 
-0.009213910527972314 4.865728546362923E-5 
-0.01221627013683023 1.031024843259863E-4 
-0.015933879753737556 3.3542289891807397E-4 
-0.014211633207534262 1.8662920219413378E-4 
-0.015045319921451198 2.444901143697425E-4 
-0.008605572711434138 4.578714045552749E-5 
-0.015137765838283601 2.4888707196378307E-4 
-0.015229868930542376 2.545043004565187E-4 
-0.009083531926543497 4.7614318355018645E-5 
-0.016541904922006245 8.344711202642395E-4 
-0.015434783977426304 2.6371836267336906E-4 
-0.008989790138371978 4.716610435929607E-5 
-0.014766210197350554 2.1348165919851496E-4 
-0.010040208451361938 5.757335199291828E-5 
-0.015547859207214914 2.831843133283847E-4 
-0.009581346855649832 5.152709194592357E-5 
-0.015472035610475977 2.728754462563704E-4 
-0.016443747832160377 5.843458905665576E-4 
-0.015578054713634987 2.941408883404106E-4 
-0.016504838213730028 7.266201234334892E-4 
-0.013167021698789137 1.4524823312235524E-4 
-0.012987385901656073 1.334218980103767E-4 
-0.013441339057806126 1.5500283387358588E-4 
-0.015770478441990636 3.066852164469069E-4 
-0.014677410942132875 2.0916751079125235E-4 
-0.01266768912401549 1.2030633799483218E-4 
-0.014099636773447357 1.8163779945043365E-4 
-0.016085760744541395 3.6751904779778224E-4 
-0.01103256113890432 7.193866577647623E-5 
-0.01175947223145239 9.355785167882355E-5 
-0.013317001083272745 1.4588539835751972E-4 
-0.01647139037649329 6.432528310408634E-4 
-0.016166681224368123 3.741081510721362E-4 
-0.01652211638690055 7.748706304994361E-4 
-0.01429269851258957 1.9058791252507163E-4 
-0.013056215763225404 1.3587314430564196E-4 
-0.015695107978974762 2.95706644830177E-4 
-0.009318064643082992 4.9559474416948005E-5 
-0.014884647572898398 2.1972928013021758E-4 
-0.016524075872164555 7.805656525021351E-4 
-0.01655622207024709 8.804814384841374E-4 
-0.016174779763580907 3.867768473082404E-4 
-0.016466704779530807 6.326313043976399E-4 
-0.01602646697844822 3.6405924881437494E-4 
-0.012896032925386538 1.2810169004519537E-4 
-0.01343258346502742 1.5389459303103738E-4 
-0.01489699575241817 2.2356655044400805E-4 
-0.009967911284120628 5.4913933620620546E-5 
-0.009393412415560349 4.960462805555828E-5 
-0.011736429044425038 8.96344913864769E-5 
-0.01632658651886702 5.596963635195716E-4 
-0.01276252165150865 1.2302893240336715E-4 
-0.012043096620428653 9.849838964168326E-5 
-0.013136663547897385 1.4020945931769626E-4 
-0.016454539914236455 6.062681840301371E-4 
-0.01672306078387191 0.0015954576182566158 
-0.011120902132127974 7.488441303689369E-5 
-0.0088631438834266 4.637545622777235E-5 
-0.016457130974388827 6.117366440806146E-4 
