0.0 0.30000000000000027 0.0 0.0 0.0 0.0 0.0 0.35 0.35 0.0 0.0 
0.0 0.30000000000000027 0.0 0.0 0.0 0.0 0.0 0.35 0.35 0.0 0.0 
0.0 0.0 0.19685028224617335 0.0 0.10896616483661359 0.2866444328239782 0.0 0.10361292316328763 0.12892685753249847 0.17499933939744874 0.0 
0.0 0.2999999999999998 0.0 0.0 0.0 0.0 0.0 0.35 0.35 0.0 0.0 
0.0 0.19371168683517503 0.0 0.0 0.0 0.0 0.10628831316482507 0.35 0.35 0.0 0.0 
0.0 0.10191507169780639 0.0 0.0 0.0 0.0 0.20375204737360988 0.3443328809285837 0.35 0.0 0.0 
0.0 0.0 0.0 0.0 0.0 0.0 0.2999999999999999 0.35 0.35 0.0 0.0 
0.0 0.0 0.19509543508476526 0.0 0.0 0.27492683966827103 0.0 0.12772337315882665 0.264511782685371 0.1377425694027662 0.0 
0.0 0.0 0.20519117252882668 0.0 0.11354836089441254 0.24246714415421414 0.0 0.13389585820444397 0.12139682033858569 0.18350064387951712 0.0 
0.0 0.0 0.0 0.0 0.0 0.0 0.30657532983172037 0.34342467016827954 0.35 0.0 0.0 
0.0 0.0 0.17813721523534382 0.0 0.0 0.2505690927604242 0.0 0.16212804955177243 0.2999791153252848 0.10918652712717478 0.0 
0.0 0.18057142424934422 0.0 0.0 0.0 0.0 0.1194285757506559 0.35 0.35 0.0 0.0 
0.0 0.10380054606699297 0.0 0.0 0.0 0.0 0.19619945393300706 0.35 0.35 0.0 0.0 
0.0 0.0 0.18537261369072539 0.0 0.0 0.1420087632631559 0.0 0.23936120782680578 0.31818290400109467 0.11507451121821824 0.0 
0.0 0.0 0.19013543641926828 0.0 0.0 0.19988251185767839 0.0 0.18322728458467188 0.3266124698003097 0.10014229733807183 0.0 
0.0 0.0 0.18323571673715003 0.0 0.0 0.0 0.11779109388125024 0.3489731893815996 0.35 0.0 0.0 
0.0 0.0 0.19283165286514442 0.0 0.0 0.22174349101783725 0.0 0.17023308644632038 0.3076832850056978 0.10750848466500022 0.0 
0.0 0.0 0.16562231453593065 0.0 0.0 0.14673981089871774 0.0 0.2325583494586607 0.3492883656409866 0.10579115946570435 0.0 
0.0 0.0 0.10005525959531601 0.0 0.0 0.0 0.19994474040468385 0.35 0.35 0.0 0.0 
0.0 0.0 0.18321051175051936 0.0 0.0 0.2800025081210452 0.0 0.12157253792858146 0.3026061421311039 0.11260830006875004 0.0 
0.0 0.0 0.19475412474457654 0.0 0.0 0.2300136026863734 0.0 0.13441009085605685 0.3301568376356636 0.11066534407732963 0.0 
0.0 0.0 0.12364622209846221 0.0 0.0 0.0 0.1763537779015378 0.35 0.35 0.0 0.0 
0.14132618077501427 0.0 0.0 0.0 0.0 0.0 0.16822370810498655 0.34045011111999934 0.35 0.0 0.0 
0.0 0.0 0.2081527357000959 0.0 0.10475185176605821 0.20877527623187891 0.0 0.1727406812427526 0.15982984286446 0.14574961219475424 0.0 
0.0 0.0 0.19925582455767424 0.0 0.0 0.2145021267567745 0.0 0.15266673788710383 0.3245449111708568 0.10903039962759066 0.0 
0.0 0.0 0.19249852191418126 0.0 0.1041523765749015 0.2260616890655581 0.0 0.15584353798860417 0.16824765522189847 0.15319621923485635 0.0 
0.0 0.1629224374553834 0.0 0.0 0.0 0.0 0.13707756254461664 0.35 0.35 0.0 0.0 
0.0 0.0 0.19894011802945905 0.0 0.10362476501348991 0.25025931355485725 0.0 0.12889339872361155 0.15806089074653726 0.16022151393204506 0.0 
0.0 0.0 0.2400157025126457 0.0 0.0 0.15808154935127586 0.0 0.2519027481360785 0.35 0.0 0.0 
0.10003356240662789 0.0 0.0 0.0 0.0 0.0 0.19996643759337215 0.35 0.35 0.0 0.0 
0.0 0.0 0.19234187779567152 0.0 0.0 0.0 0.0 0.34797127003199285 0.35 0.0 0.10968685217233566 
0.0 0.1738691630260367 0.0 0.0 0.0 0.0 0.12613083697396327 0.35 0.35 0.0 0.0 
0.0 0.0 0.1997134573001842 0.0 0.0 0.13603440939105835 0.0 0.3142521333087576 0.35 0.0 0.0 
0.0 0.0 0.1467806251734354 0.0 0.0 0.0 0.15321937482656467 0.35 0.35 0.0 0.0 
0.0 0.0 0.17381406768528695 0.0 0.0 0.13090897006399085 0.0 0.34527696225072224 0.35 0.0 0.0 
0.0 0.0 0.1902413368551899 0.0 0.0 0.17626301874157732 0.0 0.17949332706598978 0.34985600825627755 0.10414630908096542 0.0 
0.0 0.0 0.18300705430289255 0.0 0.0 0.2622984346165374 0.0 0.13225109734557602 0.3087326994329778 0.11371071430201612 0.0 
0.0 0.0 0.20333765922294525 0.0 0.10485232117304313 0.21568578157187415 0.0 0.16577721868379894 0.16360923101552838 0.1467377883328101 0.0 
0.0 0.15552910451204346 0.0 0.0 0.0 0.0 0.14447089548795658 0.35 0.35 0.0 0.0 
0.0 0.0 0.17692032158119286 0.0 0.0 0.12307967841880725 0.0 0.35 0.35 0.0 0.0 
0.0 0.0 0.20673920175380944 0.0 0.10286292183611413 0.22512326181054607 0.0 0.15219850470347868 0.1616009088051712 0.15147520109088056 0.0 
0.0 0.12578939375660364 0.0 0.0 0.0 0.0 0.1742106062433964 0.35 0.35 0.0 0.0 
0.0 0.0 0.18088330158952945 0.0 0.0 0.22131103014318046 0.0 0.18005658129589858 0.29933268039978744 0.11841640657160411 0.0 
0.0 0.0 0.18912679439645774 0.0 0.0 0.21334683064909601 0.0 0.1786855436142191 0.3144762388596102 0.10436459248061691 0.0 
0.0 0.0 0.1744063771142141 0.0 0.0 0.17457151063359147 0.0 0.227991503737751 0.32257989603178244 0.10045071248266102 0.0 
0.0 0.0 0.20251738167464214 0.0 0.1129995729104588 0.2606357769087329 0.0 0.11204683719686404 0.13225898878290848 0.17954144252639365 0.0 
0.0 0.0 0.18611607583370163 0.0 0.0 0.20193790485998023 0.0 0.17326460922891462 0.3381593958494805 0.10052201422792295 0.0 
0.0 0.0 0.2015603570623378 0.0 0.0 0.17599275838095582 0.0 0.2724468845567063 0.35 0.0 0.0 
0.0 0.0 0.20991329067170283 0.0 0.0 0.0 0.0 0.33136012580928703 0.35 0.0 0.10872658351901017 
0.0 0.0 0.20078470015640876 0.0 0.0 0.1300565244715778 0.0 0.31915877537201326 0.35 0.0 0.0 
0.0 0.13116741802982984 0.0 0.0 0.0 0.0 0.1688325819701701 0.35 0.35 0.0 0.0 
0.0 0.0 0.1688861248087526 0.0 0.0 0.0 0.1311138751912475 0.35 0.35 0.0 0.0 
0.0 0.113587203655062 0.0 0.0 0.0 0.0 0.18641279634493807 0.35 0.35 0.0 0.0 
0.0 0.0 0.18176139504009625 0.0 0.0 0.16779449453041215 0.0 0.2095946407168075 0.3393776678758165 0.10147180183686764 0.0 
0.15903506363959882 0.0 0.0 0.0 0.0 0.0 0.1416449302940233 0.3493200060663779 0.35 0.0 0.0 
0.0 0.1172499520603328 0.0 0.0 0.0 0.0 0.18275004793966726 0.35 0.35 0.0 0.0 
0.0 0.0 0.18461452055769065 0.0 0.0 0.19619073349075042 0.0 0.26919474595155907 0.35 0.0 0.0 
0.0 0.0 0.18685558301349947 0.0 0.0 0.24779289612534375 0.0 0.13693314497663314 0.3138060353226979 0.11461234056182566 0.0 
0.0 0.0 0.19421811744225853 0.0 0.0 0.27709587862469237 0.0 0.1400401272060146 0.2792528568156561 0.10939301991137848 0.0 
0.0 0.0 0.17511954010150374 0.0 0.0 0.19070882179758877 0.0 0.2028788804825117 0.31682033351199496 0.11447242410640086 0.0 
0.0 0.0 0.23262782611154006 0.0 0.0 0.11629713741683495 0.0 0.30966618765513537 0.3414088488164897 0.0 0.0 
0.0 0.0 0.18091149071295867 0.0 0.0 0.16635131975585904 0.0 0.20571145036346059 0.3292316467130093 0.1177940924547124 0.0 
0.0 0.0 0.16187498677495646 0.0 0.0 0.0 0.0 0.3491124618544565 0.35 0.0 0.13901255137058707 
0.0 0.0 0.19053661545748252 0.0 0.0 0.1549923978591284 0.0 0.21367504846775545 0.33636514463488915 0.10443079358074463 0.0 
0.0 0.0 0.20594167227128 0.0 0.11562374016423349 0.2527552726708475 0.0 0.11357011753748196 0.15411388485303698 0.15799531250312002 0.0 
0.0 0.0 0.19905176636142635 0.0 0.11130772971913243 0.2591381415415708 0.0 0.1165212176627467 0.14037416908487213 0.17360697563025168 0.0 
0.0 0.0 0.18100345796296566 0.0 0.0 0.17059484760434018 0.0 0.29840169443269415 0.35 0.0 0.0 
0.0 0.0 0.19945505005992636 0.0 0.0 0.15882776282822975 0.0 0.2917171871118439 0.35 0.0 0.0 
0.0 0.0 0.18667501533865935 0.0 0.0 0.15425668932042977 0.0 0.23523768210269216 0.3151744614923152 0.10865615174590355 0.0 
0.0 0.0 0.20235712268060363 0.0 0.0 0.0 0.0 0.3348450065256059 0.35 0.0 0.11279787079379056 
0.0 0.0 0.19328018084444903 0.0 0.0 0.11793443852572297 0.0 0.3387853806298281 0.35 0.0 0.0 
0.0 0.0 0.20096418742139704 0.0 0.12293617085239822 0.26119783371643845 0.0 0.10791971146001159 0.13427336285048821 0.1727087336992664 0.0 
0.0 0.0 0.18160268697691304 0.0 0.0 0.20662926750403365 0.0 0.2617680455190533 0.35 0.0 0.0 
0.0 0.1932689647382639 0.0 0.0 0.0 0.0 0.10673103526173613 0.35 0.35 0.0 0.0 
0.0 0.0 0.1719161787216042 0.0 0.0 0.1840674612452326 0.0 0.19726416252658574 0.3372991076532855 0.10945308985329182 0.0 
0.0 0.0 0.18799020499782199 0.0 0.0 0.19762730760375297 0.0 0.26438248739842507 0.35 0.0 0.0 
0.0 0.0 0.20200792084982952 0.0 0.1057067758247918 0.23396248342703826 0.0 0.12446090775340518 0.17268441477849203 0.1611774973664433 0.0 
0.0 0.0 0.2089805521076655 0.0 0.10753668327767621 0.2285426610341863 0.0 0.14037843038784054 0.1587125365095237 0.1558491366831077 0.0 
0.0 0.0 0.18500868925323324 0.0 0.0 0.26974396315382754 0.0 0.1293493697944688 0.3079612570773084 0.10793672072116202 0.0 
0.0 0.0 0.20859477828020548 0.0 0.0 0.16441814614871117 0.0 0.27698707557108343 0.35 0.0 0.0 
0.0 0.0 0.21590144766206362 0.0 0.0 0.14859192454951559 0.0 0.2855066277884208 0.35 0.0 0.0 
0.0 0.0 0.22743776006439728 0.0 0.0 0.14320578455587946 0.0 0.2793564553797233 0.35 0.0 0.0 
0.0 0.0 0.18737937192976017 0.0 0.0 0.12871198127124361 0.0 0.333908646798996 0.35 0.0 0.0 
0.0 0.18682385922754158 0.0 0.0 0.0 0.0 0.1131761407724585 0.35 0.35 0.0 0.0 
0.0 0.0 0.1756181982060135 0.0 0.0 0.1668825993308587 0.0 0.3074992024631278 0.35 0.0 0.0 
0.0 0.0 0.2024487976362031 0.0 0.10162404921284797 0.24224994305055955 0.0 0.13478825355799182 0.1647994330177122 0.15408952352468547 0.0 
0.0 0.18682385922754158 0.0 0.0 0.0 0.0 0.1131761407724585 0.35 0.35 0.0 0.0 
0.0 0.0 0.1795919470855218 0.0 0.0 0.17779560385015758 0.0 0.20065201233812296 0.33995456843351995 0.1020058682926777 0.0 
0.0 0.0 0.19612627367964797 0.0 0.0 0.0 0.0 0.3415213699360843 0.35 0.0 0.11235235638426777 
0.0 0.0 0.1602864425652432 0.0 0.0 0.1858558121885747 0.0 0.30385774524618214 0.35 0.0 0.0 
0.0 0.16812305541371328 0.0 0.0 0.0 0.0 0.1318769445862868 0.35 0.35 0.0 0.0 
0.0 0.0 0.20357479410170592 0.0 0.0 0.12136880752336938 0.0 0.33324337084324646 0.34181302753167825 0.0 0.0 
0.0 0.0 0.21310913744083795 0.0 0.0 0.11093266894574778 0.0 0.3259581936134143 0.35 0.0 0.0 
0.0 0.0 0.16792316855276013 0.0 0.0 0.16482897100538668 0.0 0.2234325489629957 0.34105914507246227 0.10275616640639523 0.0 
0.0 0.13753438689922082 0.0 0.0 0.0 0.0 0.16246561310077917 0.35 0.35 0.0 0.0 
0.0 0.0 0.21354049695577626 0.0 0.10791467478840867 0.21390860390762326 0.0 0.14278707051601774 0.16544394041803667 0.1564052134141374 0.0 
0.0 0.0 0.19917585843948465 0.0 0.10663699325496163 0.2814877981410505 0.0 0.1034505098503909 0.13312834636399445 0.176120493950118 0.0 
0.0 0.15121214369077315 0.0 0.0 0.0 0.0 0.14878785630922675 0.35 0.35 0.0 0.0 
0.0 0.0 0.16883743013841823 0.0 0.0 0.20395086182915237 0.0 0.19641945399432428 0.32388011375451564 0.10691214028358949 0.0 
0.0 0.1448760513938954 0.0 0.0 0.0 0.0 0.15512394860610462 0.35 0.35 0.0 0.0 
