-0.014879963159037292 6.763246056511912E-4 
-0.0067098373492846496 3.481980520810921E-5 
-0.014879963159037292 6.763246056511912E-4 
-0.01457179566002119 6.56142586345793E-4 
-0.014568822252985029 5.323034804033283E-4 
-0.014326942846962166 4.8821323536462496E-4 
-0.0145247795081307 5.198497949533553E-4 
-0.011119774914790789 1.5965092024400367E-4 
-0.010836349229597394 1.4499215533205425E-4 
-0.007555630328977535 4.2010206762604636E-5 
-0.01101016095612139 1.5285161477242407E-4 
-0.011286371916394092 1.7256573022882894E-4 
-0.008069945568717575 4.880900410380057E-5 
-0.012683813627671573 2.6577994869016495E-4 
-0.00955568925088977 9.184624288653868E-5 
-0.008703651994401396 6.59426874091738E-5 
-0.007356305025138708 3.886269585324694E-5 
-0.008954595421279408 6.88906402963553E-5 
-0.013755847054994023 3.9269424208001333E-4 
-0.008637117829743936 6.1032821015472345E-5 
-0.009769839638204617 9.754995344718664E-5 
-0.010668799976223511 1.403349160346198E-4 
-0.007774309481159128 4.6564616789754345E-5 
-0.01403144533773611 4.4788201848809076E-4 
-0.00842462657263134 5.665050403326033E-5 
-0.012221278240219059 2.2907414029694445E-4 
-0.012575636005189158 2.5627020110544925E-4 
-0.014076992990242034 4.5790037961975037E-4 
-0.013109123144075613 3.0037352864902803E-4 
-0.0068586495919765 3.513632168261735E-5 
-0.012799469934664026 2.7300546031578765E-4 
-0.01425524377218568 4.818177925356587E-4 
-0.014170169481470117 4.753901667529524E-4 
-0.014119956407999965 4.675836740231303E-4 
-0.013866100161548824 4.136534923417989E-4 
-0.013979612914881291 4.3679102324193524E-4 
-0.012084124798406011 2.196236045472716E-4 
-0.013747662979064984 3.784092291885475E-4 
-0.01337917793613577 3.408770665734879E-4 
-0.007029034072030342 3.585201938509063E-5 
-0.010319529296696045 1.1892712043372749E-4 
-0.011711514660199124 1.965969234242736E-4 
-0.013334105222804416 3.309257834990324E-4 
-0.0077502257175798015 4.495551433906413E-5 
-0.012888036031421949 2.823970877756451E-4 
-0.010223557632417845 1.1599166115333805E-4 
-0.010481578153857841 1.2599817254939052E-4 
-0.013618586820695876 3.6868560830029674E-4 
-0.00935766909409249 8.21326697161379E-5 
-0.012397947536330035 2.4371127076878348E-4 
-0.013662816280977024 3.7616943974436645E-4 
-0.010417284174705298 1.2313124960659777E-4 
-0.013151016909596492 3.069402328910719E-4 
-0.010146199789999139 1.1122809499792314E-4 
-0.011360677689771587 1.766255465116504E-4 
-0.010036834722408515 1.1111629512649808E-4 
-0.008247324297083424 5.243004339937135E-5 
-0.0072046945981717354 3.760090117751677E-5 
-0.012993622929015805 2.931323037414109E-4 
-0.009102415654161755 7.33585774564765E-5 
-0.008364257332915594 5.4121942715318405E-5 
-0.011766745000696143 2.055884141188916E-4 
-0.00815827556385267 5.097751572204451E-5 
-0.009209299330875012 7.649906088630819E-5 
-0.013411490875692302 3.485329811496636E-4 
-0.009257109210059117 7.864323491710145E-5 
-0.012471836805703879 2.492130564265732E-4 
-0.013484129151829071 3.4995797789565694E-4 
-0.010561600795987443 1.331006755225921E-4 
-0.013537168981946417 3.555370608023118E-4 
-0.013817761404945056 4.042805869170086E-4 
-0.013946502731371007 4.2987875341457223E-4 
-0.012858558684878523 2.7759347455413505E-4 
-0.012982028806868063 2.895817328886914E-4 
-0.014667142208821194 6.621723070253363E-4 
-0.009481228306326653 8.737101713745313E-5 
-0.009039867331188802 7.10950528419678E-5 
-0.01468689564575372 6.64612081835858E-4 
-0.01056354510984554 1.3635088639073938E-4 
-0.011565221316242597 1.9039856923432161E-4 
-0.0071391314252778875 3.673917969090773E-5 
-0.01142717476645307 1.8086472522573492E-4 
-0.0125024749204482 2.525375563009246E-4 
-0.01453644671970023 5.229573060986861E-4 
-0.009436351076038565 8.511700767721577E-5 
-0.01147865603071789 1.8289617448769121E-4 
-0.014795682176770691 6.706054837845905E-4 
-0.009823609758178212 1.0091133634472485E-4 
-0.011544709905879257 1.8631229418023334E-4 
-0.013227738279807225 3.108029453278936E-4 
-0.011724564095774204 2.0020893138248018E-4 
-0.013817803581298166 4.042886399365321E-4 
-0.013576008113993818 3.6170789790150506E-4 
-0.014796392198515576 6.706530368649598E-4 
-0.014879963159037288 6.763246056511906E-4 
-0.009979532446301552 1.0497621985195108E-4 
-0.014566319503291335 5.315430726005081E-4 
-0.012337861100300815 2.3963752720509144E-4 
-0.01226305551237962 2.3368941210942783E-4 
-0.011912585210639613 2.1268177185798382E-4 
