0.0 0.30000000000000027 0.0 0.0 0.0 0.0 0.0 0.35 0.35 0.0 0.0 
0.2102351577222681 0.0 0.19116874878038453 0.26722282533901653 0.0 0.10850017500287795 0.0 0.22287309315545298 0.0 0.0 0.0 
0.0 0.30000000000000027 0.0 0.0 0.0 0.0 0.0 0.35 0.35 0.0 0.0 
0.0 0.32278805356266416 0.0 0.0 0.0 0.0 0.0 0.3272119464373359 0.35 0.0 0.0 
0.10002319850036327 0.19997680149963692 0.0 0.0 0.0 0.0 0.0 0.35 0.35 0.0 0.0 
0.16830709429402946 0.1348240785431674 0.0 0.0 0.0 0.0 0.0 0.34843441358140165 0.34843441358140165 0.0 0.0 
0.11418172322460904 0.18581827677539092 0.0 0.0 0.0 0.0 0.0 0.35 0.35 0.0 0.0 
0.10189727364426636 0.1041478384782493 0.0 0.24337140178098843 0.0 0.0 0.0 0.2269984691859928 0.323585016910503 0.0 0.0 
0.11155329016333912 0.10706643801348115 0.0 0.26580207767400843 0.0 0.0 0.0 0.23712628845609476 0.2784519056930764 0.0 0.0 
0.20529941518325678 0.0 0.1612447853428017 0.26325552198264657 0.0 0.10630565687486034 0.0 0.26389462061643465 0.0 0.0 0.0 
0.10470032084220407 0.10064538839692776 0.0 0.26390258231359714 0.0 0.0 0.0 0.24433452788264381 0.2864171805646273 0.0 0.0 
0.10444512678884008 0.11003160309265349 0.0 0.21840955058053205 0.0 0.0 0.0 0.21711371953797434 0.35 0.0 0.0 
0.15275022158342283 0.11019400982006582 0.12766620715929525 0.2902319609984405 0.0 0.0 0.0 0.18544170235015514 0.13371589808862044 0.0 0.0 
0.10152818124179522 0.0 0.0 0.22730747292673642 0.0 0.0 0.0 0.3261776126128024 0.34498673321866596 0.0 0.0 
0.10588163654437215 0.14588103652829087 0.0 0.31017050225150145 0.0 0.0 0.0 0.16555605850313843 0.27251076617269715 0.0 0.0 
0.1194799006183141 0.10606975324503773 0.10113670511963578 0.27570259535820485 0.0 0.0 0.0 0.1619858968258447 0.2356251488329627 0.0 0.0 
0.2011779541557526 0.0 0.16858503908706374 0.2700697109829984 0.0 0.10489105462899567 0.0 0.2552762411451896 0.0 0.0 0.0 
0.12873868079945547 0.1161737196259946 0.10158403661434463 0.28260656500619413 0.0 0.0 0.0 0.21931016712302628 0.15158683083098506 0.0 0.0 
0.0 0.13316805937449783 0.0 0.1668319406255023 0.0 0.0 0.0 0.35 0.35 0.0 0.0 
0.15352592479353144 0.11204992893808274 0.12421835122421411 0.24879826573161246 0.0 0.0 0.0 0.19021641280284146 0.1711911165097179 0.0 0.0 
0.1020986910978107 0.11365839160837478 0.0 0.31663767465647247 0.0 0.0 0.0 0.17642806938020977 0.2911771732571321 0.0 0.0 
0.11847744207988105 0.11996871121552646 0.0 0.24173114396725934 0.0 0.0 0.0 0.1969105545994365 0.3229121481378966 0.0 0.0 
0.19912933729875043 0.0 0.1724475038595407 0.24004741555035206 0.0 0.11220968462696093 0.0 0.276166058664396 0.0 0.0 0.0 
0.0 0.17407005888997548 0.0 0.12592994111002462 0.0 0.0 0.0 0.35 0.35 0.0 0.0 
0.13539011411345647 0.10474843004778908 0.11517928124286754 0.28374082750900803 0.0 0.0 0.0 0.1777720361782641 0.1831693109086147 0.0 0.0 
0.10078651590500765 0.0 0.0 0.26632640191111856 0.0 0.0 0.0 0.3262921643038831 0.30659491787999077 0.0 0.0 
0.0 0.0 0.0 0.31396375409161864 0.0 0.0 0.0 0.33603624590838144 0.35 0.0 0.0 
0.0 0.1808298617530139 0.0 0.11917013824698607 0.0 0.0 0.0 0.35 0.35 0.0 0.0 
0.10095642773542286 0.0 0.0 0.2047509073485614 0.0 0.0 0.0 0.3442926649160156 0.35 0.0 0.0 
0.20527114021956114 0.0 0.1899075232086069 0.266497188828628 0.0 0.10723276660956231 0.0 0.23109138113364167 0.0 0.0 0.0 
0.0 0.0 0.0 0.3029163472454109 0.0 0.0 0.0 0.34708365275458924 0.35 0.0 0.0 
0.16111400020967862 0.14802171135711695 0.0 0.0 0.0 0.0 0.0 0.3408642884332044 0.35 0.0 0.0 
0.15531721488781308 0.16144289377401624 0.0 0.0 0.0 0.0 0.0 0.3332398913381707 0.35 0.0 0.0 
0.0 0.1872061340390159 0.0 0.11279386596098423 0.0 0.0 0.0 0.35 0.35 0.0 0.0 
0.0 0.14953090629072693 0.0 0.1504690937092732 0.0 0.0 0.0 0.35 0.35 0.0 0.0 
0.0 0.16637752280665785 0.0 0.13362247719334214 0.0 0.0 0.0 0.35 0.35 0.0 0.0 
0.10269485444724041 0.0 0.0 0.277463004844276 0.0 0.0 0.0 0.3278683663361078 0.29197377437237565 0.0 0.0 
0.1052318965545748 0.10006632649651045 0.0 0.10413923156082557 0.0 0.0 0.0 0.3435249005281819 0.34703764485990723 0.0 0.0 
0.14352695014211667 0.0 0.0 0.15647304985788343 0.0 0.0 0.0 0.35 0.35 0.0 0.0 
0.20579254646282585 0.0 0.18712904179233078 0.2615759718560258 0.0 0.1062073896079821 0.0 0.23929505028083553 0.0 0.0 0.0 
0.10574210532052873 0.11185794128069874 0.0 0.29056223269144377 0.0 0.0 0.0 0.20766835123695038 0.2841693694703783 0.0 0.0 
0.10861086398823826 0.0 0.0 0.3010437353597211 0.0 0.0 0.0 0.32312761966957193 0.2672177809824689 0.0 0.0 
0.1311010764091405 0.0 0.0 0.16889892359085953 0.0 0.0 0.0 0.35 0.35 0.0 0.0 
0.19311415640636423 0.0 0.1688346986580062 0.26106931451225923 0.0 0.10061407625902496 0.0 0.2763677541643454 0.0 0.0 0.0 
0.10187029373686231 0.0 0.0 0.21491248571883836 0.0 0.0 0.0 0.3332172205442995 0.35 0.0 0.0 
0.11252638114645015 0.1138091396452224 0.0 0.29833988947824713 0.0 0.0 0.0 0.2155801985708373 0.2597443911592431 0.0 0.0 
0.10757571703812611 0.10067891381825857 0.0 0.2881109601480798 0.0 0.0 0.0 0.21845652616934566 0.2851778828261898 0.0 0.0 
0.0 0.11279703971175528 0.0 0.1872029602882447 0.0 0.0 0.0 0.35 0.35 0.0 0.0 
0.1329029065041115 0.11869136373513477 0.10486503985926238 0.23126077959040503 0.0 0.0 0.0 0.2043058974367603 0.207974012874326 0.0 0.0 
0.0 0.0 0.0 0.3227336345649309 0.0 0.0 0.0 0.32726636543506904 0.35 0.0 0.0 
0.0 0.11936120747430387 0.0 0.18063879252569617 0.0 0.0 0.0 0.35 0.35 0.0 0.0 
0.10195961415956059 0.1019415692999263 0.0 0.30730493401773457 0.0 0.0 0.0 0.23380625530998317 0.2549876272127955 0.0 0.0 
0.11065702085614261 0.0 0.0 0.19471931057685476 0.0 0.0 0.0 0.3446236685670026 0.35 0.0 0.0 
0.10001678055372484 0.11771687737099938 0.0 0.30318514573402744 0.0 0.0 0.0 0.20298949015473022 0.2760917061865181 0.0 0.0 
0.1086902823841062 0.0 0.0 0.31469358474309034 0.0 0.0 0.0 0.3005265711952791 0.27608956167752435 0.0 0.0 
0.10878830897802849 0.14705654806405571 0.0 0.28789300885494706 0.0 0.0 0.0 0.19518531686406676 0.261076817238902 0.0 0.0 
0.1420659374926101 0.11349456251406369 0.12530764025998412 0.28297645417367345 0.0 0.0 0.0 0.1838061169281112 0.1523492886315576 0.0 0.0 
0.20127645374244363 0.0 0.16745779729096633 0.27339916600822695 0.0 0.11040177889776381 0.0 0.24746480406059923 0.0 0.0 0.0 
0.10891917172443148 0.0 0.0 0.20391427434074677 0.0 0.0 0.0 0.33716655393482164 0.35 0.0 0.0 
0.1269735627962162 0.1179813078391031 0.10738525007555821 0.25975252646376146 0.0 0.0 0.0 0.21249601697268472 0.1754113358526763 0.0 0.0 
0.14864398510054563 0.1240943303982826 0.12087020601678086 0.26869190643790575 0.0 0.0 0.0 0.18355558093863933 0.15414399110784585 0.0 0.0 
0.0 0.10627804380253006 0.0 0.2829523587950306 0.0 0.0 0.0 0.2607695974024394 0.35 0.0 0.0 
0.1510771884590055 0.10626737153598292 0.10344145786714505 0.30063118546732304 0.0 0.0 0.0 0.1683009394162544 0.17028185725428915 0.0 0.0 
0.13201734779464824 0.11469263012478352 0.10632654756213937 0.24466349729379847 0.0 0.0 0.0 0.20474525286371625 0.19755472436091426 0.0 0.0 
0.15243514486114712 0.0 0.0 0.14756485513885295 0.0 0.0 0.0 0.35 0.35 0.0 0.0 
0.13160115120850352 0.12046467827881015 0.10672152679589436 0.23765994744139388 0.0 0.0 0.0 0.20423485221450804 0.19931784406088998 0.0 0.0 
0.0 0.0 0.0 0.32345236368532865 0.0 0.0 0.0 0.3373041433183623 0.3392434929963091 0.0 0.0 
0.0 0.10034136514397395 0.0 0.20215261845449553 0.0 0.0 0.0 0.3475060164015306 0.35 0.0 0.0 
0.11599792952252383 0.11074666501423458 0.0 0.25905375962268123 0.0 0.0 0.0 0.20075342012032152 0.3134482257202388 0.0 0.0 
0.0 0.10071368284919428 0.0 0.1992863171508058 0.0 0.0 0.0 0.35 0.35 0.0 0.0 
0.0 0.14235687102637665 0.0 0.15764312897362345 0.0 0.0 0.0 0.35 0.35 0.0 0.0 
0.0 0.16146358540320022 0.0 0.13853641459679966 0.0 0.0 0.0 0.35 0.35 0.0 0.0 
0.0 0.0 0.0 0.3000000000000002 0.0 0.0 0.0 0.35 0.35 0.0 0.0 
0.10028734641082158 0.0 0.0 0.21157299260340526 0.0 0.0 0.0 0.3381396609857733 0.35 0.0 0.0 
0.0 0.3157374649444395 0.0 0.0 0.0 0.0 0.0 0.3342625350555606 0.35 0.0 0.0 
0.1290246846340241 0.11522784698643329 0.10180498721114971 0.22451238983210264 0.0 0.0 0.0 0.19834407447540497 0.23108601686088512 0.0 0.0 
0.14910280986102115 0.11363321645292287 0.10973782212417003 0.25735567536935083 0.0 0.0 0.0 0.22498693340181303 0.1451835427907221 0.0 0.0 
0.0 0.31489787974256533 0.0 0.0 0.0 0.0 0.0 0.3361235814146629 0.3489785388427718 0.0 0.0 
0.13341286260798696 0.11779360180159834 0.0 0.2594250964763406 0.0 0.0 0.0 0.22388805669808098 0.26548038241599303 0.0 0.0 
0.11664642133349938 0.10648416108603098 0.0 0.21605650131298867 0.0 0.0 0.0 0.25777294447274174 0.3030399717947391 0.0 0.0 
0.20142161693984728 0.0 0.186346119346367 0.2614994715105637 0.0 0.10522179209570663 0.0 0.24551100010751534 0.0 0.0 0.0 
0.10394872646063326 0.0 0.0 0.30446113950920495 0.0 0.0 0.0 0.2887836592352222 0.30280647479493966 0.0 0.0 
0.11142137650916234 0.0 0.0 0.2388582578285219 0.0 0.0 0.0 0.33115398363838594 0.31856638202392973 0.0 0.0 
0.11043103729400827 0.18956896270599183 0.0 0.0 0.0 0.0 0.0 0.35 0.35 0.0 0.0 
0.1334253050639606 0.12040292696225081 0.10528211871311025 0.23885191436509964 0.0 0.0 0.0 0.22729397078101593 0.17474376411456277 0.0 0.0 
0.1044649602540578 0.0 0.0 0.3064028060758918 0.0 0.0 0.0 0.2984147565902902 0.2907174770797601 0.0 0.0 
0.0 0.30623232347452983 0.0 0.0 0.0 0.0 0.0 0.3437676765254702 0.35 0.0 0.0 
0.11422184093841166 0.11043818769674586 0.0 0.30767823104196074 0.0 0.0 0.0 0.18017522339487432 0.2874865169280074 0.0 0.0 
0.10277179268054527 0.0 0.0 0.30409028755849743 0.0 0.0 0.0 0.30133027491837316 0.2918076448425841 0.0 0.0 
0.10177729921984138 0.0 0.0 0.19822270078015877 0.0 0.0 0.0 0.35 0.35 0.0 0.0 
0.1038238374596908 0.0 0.0 0.2790920126088076 0.0 0.0 0.0 0.287682099456026 0.32940205047547544 0.0 0.0 
0.0 0.14236313048908913 0.0 0.15763686951091083 0.0 0.0 0.0 0.35 0.35 0.0 0.0 
0.0 0.10647786303340481 0.0 0.19352213696659523 0.0 0.0 0.0 0.35 0.35 0.0 0.0 
0.0 0.3061798195161154 0.0 0.0 0.0 0.0 0.0 0.3438201804838848 0.35 0.0 0.0 
0.0 0.2999999999999999 0.0 0.0 0.0 0.0 0.0 0.35 0.35 0.0 0.0 
0.10537876420282652 0.11120467341163734 0.0 0.30840309641645947 0.0 0.0 0.0 0.19164704949336922 0.2833664164757075 0.0 0.0 
0.10082776332787248 0.19917223667212758 0.0 0.0 0.0 0.0 0.0 0.35 0.35 0.0 0.0 
0.11343433069706928 0.0 0.0 0.2596913808966056 0.0 0.0 0.0 0.3436929417405634 0.28318134666576167 0.0 0.0 
0.10993808756455568 0.0 0.0 0.27265644510135656 0.0 0.0 0.0 0.35 0.2674054673340879 0.0 0.0 
0.0 0.0 0.0 0.34668887268411763 0.0 0.0 0.0 0.3033111273158824 0.35 0.0 0.0 
