0.0 0.30000000000000027 0.0 0.0 0.0 0.0 0.0 0.35 0.35 0.0 0.0 
0.0 0.2123983235386686 0.0 0.1210918048711044 0.2644854254779593 0.0 0.10242724136221966 0.1212625419071198 0.17833466284292823 0.0 0.0 
0.0 0.30000000000000027 0.0 0.0 0.0 0.0 0.0 0.35 0.35 0.0 0.0 
0.0 0.21442958340487583 0.0 0.1222498597901042 0.23889083311991832 0.0 0.10340679873875196 0.14098276821179723 0.1800401567345525 0.0 0.0 
0.0 0.21156109791833644 0.0 0.10299366132465605 0.23487093726101427 0.0 0.1040878301231079 0.18289982086308096 0.16358665250980456 0.0 0.0 
0.0 0.2794227559698931 0.0 0.0 0.12116178173487678 0.0 0.0 0.35 0.24941546229523004 0.0 0.0 
0.0 0.20871510371489846 0.0 0.1020699733661669 0.2560169348399863 0.0 0.10257095457612886 0.16822414992544962 0.16240288357736993 0.0 0.0 
0.0 0.24635541000919228 0.0 0.0 0.1273269706737465 0.0 0.0 0.35 0.27631761931706117 0.0 0.0 
0.0 0.3016044849068213 0.0 0.0 0.0 0.0 0.11242747096581981 0.35 0.235968044127359 0.0 0.0 
0.0 0.20544116012572586 0.0 0.10975421040575524 0.1968931455415745 0.0 0.10998050880482918 0.201454040376743 0.17647693474537227 0.0 0.0 
0.0 0.32945216130210925 0.0 0.0 0.0 0.0 0.1071553077605416 0.35 0.21339253093734922 0.0 0.0 
0.0 0.22067935152016674 0.0 0.10336492806571353 0.2121477336560383 0.0 0.10108653974103872 0.20678758472285086 0.15593386229419176 0.0 0.0 
0.0 0.23794253038018612 0.0 0.0 0.10392683873653974 0.0 0.10075433512756674 0.35 0.20737629575570746 0.0 0.0 
0.0 0.22251756152799398 0.0 0.0 0.16764232267540174 0.0 0.10545076680682705 0.35 0.1543893489897773 0.0 0.0 
0.0 0.19179966780785757 0.0 0.0 0.2417402535619031 0.0 0.10102991248081707 0.35 0.11543016614942232 0.0 0.0 
0.0 0.19211718715674642 0.0 0.0 0.27832968156060656 0.0 0.10199263187814633 0.3091596738803054 0.11840082552419542 0.0 0.0 
0.0 0.21353769277723178 0.0 0.10037338652228057 0.22889555595307723 0.0 0.1014397184335371 0.19632882258132955 0.15942482373254388 0.0 0.0 
0.0 0.2820532890871913 0.0 0.0 0.0 0.0 0.10278859327300799 0.35 0.26515811763980063 0.0 0.0 
0.0 0.21291016057352502 0.0 0.0 0.0 0.0 0.10381274309959404 0.3497537322423209 0.33352336408455996 0.0 0.0 
0.0 0.19264322525981611 0.0 0.0 0.2651377111904706 0.0 0.10072345652822429 0.3077120868093553 0.13378352021213363 0.0 0.0 
0.0 0.19786520071757438 0.0 0.0 0.25143029769030406 0.0 0.10054231201615194 0.3489001252514873 0.10126206432448231 0.0 0.0 
0.0 0.2516441788800862 0.0 0.0 0.0 0.0 0.1041190855761548 0.35 0.29423673554375895 0.0 0.0 
0.0 0.3326338144869759 0.0 0.0 0.0 0.0 0.0 0.35 0.31736618551302415 0.0 0.0 
0.0 0.2320203564170339 0.0 0.0 0.12677359744298985 0.0 0.10848146714970507 0.35 0.18272457899027122 0.0 0.0 
0.0 0.18560296578071894 0.0 0.0 0.3237967726930145 0.0 0.10106853307691563 0.25650486733575006 0.1330268611136008 0.0 0.0 
0.0 0.3022685846929243 0.0 0.0 0.0 0.0 0.10460705820929304 0.35 0.24312435709778277 0.0 0.0 
0.0 0.2910733448259628 0.0 0.0 0.12519885224882935 0.0 0.0 0.35 0.23372780292520792 0.0 0.0 
0.0 0.25507275762269976 0.0 0.0 0.1089415954217241 0.0 0.1136016252381424 0.35 0.17238402171743383 0.0 0.0 
0.0 0.2629717545262892 0.0 0.0 0.0 0.0 0.10286755258551508 0.35 0.2841606928881958 0.0 0.0 
0.0 0.22972359815048696 0.0 0.0 0.17286466337249382 0.0 0.10764433495853172 0.35 0.1397674035184874 0.0 0.0 
0.0 0.22315124438274667 0.0 0.0 0.0 0.0 0.10247188771774547 0.35 0.324376867899508 0.0 0.0 
0.0 0.1881982954678851 0.0 0.0 0.2568055050379301 0.0 0.1075742451663774 0.32953845577210295 0.11788349855570446 0.0 0.0 
0.0 0.3098225819037036 0.0 0.0 0.0 0.0 0.13949934504110467 0.35 0.2006780730551917 0.0 0.0 
0.0 0.1783122027384193 0.0 0.0 0.267927667810456 0.0 0.10127482399576578 0.31729402541839724 0.13519128003696165 0.0 0.0 
0.0 0.20926082849720126 0.0 0.11086162366265143 0.2524290030821017 0.0 0.11119792666677579 0.12792742172248114 0.18832319636878875 0.0 0.0 
0.0 0.2525605122298231 0.0 0.0 0.13284376671022272 0.0 0.10140698527969522 0.35 0.16318873578025894 0.0 0.0 
0.0 0.34003303492369563 0.0 0.0 0.0 0.0 0.0 0.35 0.30996696507630445 0.0 0.0 
0.0 0.23261698760855898 0.0 0.0 0.1299409911215393 0.0 0.11170244661186222 0.35 0.17573957465803955 0.0 0.0 
0.0 0.23119931075705696 0.0 0.0 0.144238633753516 0.0 0.10588117688241144 0.35 0.16868087860701558 0.0 0.0 
0.0 0.1984648327103181 0.0 0.11684446292855148 0.26615419695215786 0.0 0.10546110360043344 0.1344680078079833 0.17860739600055592 0.0 0.0 
0.0 0.3231993048472325 0.0 0.0 0.0 0.0 0.0 0.35 0.3268006951527675 0.0 0.0 
0.0 0.26531183947408754 0.0 0.0 0.14044600437286894 0.0 0.0 0.35 0.2442421561530436 0.0 0.0 
0.0 0.22246987237509236 0.0 0.0 0.10371163555049175 0.0 0.10200921393292248 0.35 0.22180927814149337 0.0 0.0 
0.0 0.2217190735775986 0.0 0.116788530037155 0.2019347211424707 0.0 0.10552790738248594 0.18937917875327587 0.1646505891070139 0.0 0.0 
0.0 0.2668455619345197 0.0 0.0 0.12956747049010334 0.0 0.0 0.35 0.253586967575377 0.0 0.0 
0.0 0.3010906685731239 0.0 0.0 0.0 0.0 0.1307716513373996 0.35 0.21813768008947657 0.0 0.0 
0.0 0.27183087125856176 0.0 0.0 0.0 0.0 0.1171593650667817 0.35 0.26100976367465667 0.0 0.0 
0.0 0.21449347522746404 0.0 0.0 0.2079711075645138 0.0 0.10335109076941545 0.35 0.12418432643860675 0.0 0.0 
0.0 0.3129628219316324 0.0 0.0 0.0 0.0 0.1298755931729527 0.35 0.20716158489541492 0.0 0.0 
0.0 0.2334670434192717 0.0 0.0 0.15346238256962116 0.0 0.11445720870360057 0.35 0.14861336530750655 0.0 0.0 
0.0 0.20811319712204165 0.0 0.0 0.10553900333792551 0.0 0.1003607764747811 0.35 0.2359870230652518 0.0 0.0 
0.0 0.17669612612927604 0.0 0.0 0.2847047979505178 0.0 0.10266595934600498 0.29294418529815663 0.14298893127604445 0.0 0.0 
0.0 0.21141666852724988 0.0 0.0 0.10369477675945396 0.0 0.10209829229046534 0.35 0.2327902624228307 0.0 0.0 
0.0 0.2728365832691649 0.0 0.0 0.0 0.0 0.12151309129470353 0.35 0.2556503254361316 0.0 0.0 
0.0 0.23832659862164757 0.0 0.0 0.0 0.0 0.1018355139264065 0.35 0.3098378874519459 0.0 0.0 
0.0 0.1959722388167548 0.0 0.0 0.28414628064585784 0.0 0.10195561913892694 0.2912363740262861 0.12668948737217434 0.0 0.0 
0.0 0.2256441749222039 0.0 0.0 0.10064904319021445 0.0 0.10752951857317047 0.35 0.21617726331441114 0.0 0.0 
0.0 0.17270626982218878 0.0 0.0 0.30663838265257576 0.0 0.10015005647870208 0.28281150141911826 0.13769378962741513 0.0 0.0 
0.0 0.22957487778579008 0.0 0.0 0.0 0.0 0.10122533019173499 0.3492602908822159 0.31993950114025893 0.0 0.0 
0.0 0.20815665438818792 0.0 0.0 0.22302010652941504 0.0 0.10118351371885809 0.35 0.11763972536353894 0.0 0.0 
0.0 0.19165057766942498 0.0 0.0 0.30877785280474984 0.0 0.1033787979940768 0.26321986046479506 0.13297291106695336 0.0 0.0 
0.0 0.19350296545825818 0.0 0.0 0.29316612207061554 0.0 0.10067096629417281 0.2875667613109836 0.1250931848659698 0.0 0.0 
0.0 0.24968876850236818 0.0 0.0 0.10772269901259583 0.0 0.11064322428193202 0.35 0.18194530820310395 0.0 0.0 
0.0 0.3043787091570746 0.0 0.0 0.0 0.0 0.1525778231765499 0.35 0.19304346766637565 0.0 0.0 
0.0 0.3164752824939112 0.0 0.0 0.0 0.0 0.0 0.35 0.3335247175060887 0.0 0.0 
0.0 0.25630979663458797 0.0 0.0 0.0 0.0 0.11846521347668154 0.35 0.2752249898887306 0.0 0.0 
0.0 0.24376555049488927 0.0 0.0 0.0 0.0 0.10085926217506616 0.35 0.30537518733004465 0.0 0.0 
0.0 0.21382176296314123 0.0 0.0 0.2018983864023478 0.0 0.103174703912665 0.35 0.13110514672184584 0.0 0.0 
0.0 0.20593331924548527 0.0 0.0 0.15953234693733936 0.0 0.11595929960151709 0.35 0.16857503421565823 0.0 0.0 
0.0 0.2469918673158342 0.0 0.0 0.1403652291622814 0.0 0.112861190943412 0.35 0.14978171257847242 0.0 0.0 
0.0 0.1914822243828689 0.0 0.10241119530991445 0.25808043575155853 0.0 0.10349917619222378 0.18186545691888387 0.16266151144455052 0.0 0.0 
0.0 0.30852129857788857 0.0 0.0 0.0 0.0 0.0 0.35 0.34147870142211145 0.0 0.0 
0.0 0.23558626307472705 0.0 0.0 0.0 0.0 0.10040628718360996 0.35 0.31400744974166295 0.0 0.0 
0.0 0.2742050586666065 0.0 0.0 0.13542769088566378 0.0 0.0 0.35 0.24036725044772966 0.0 0.0 
0.0 0.1754659546722919 0.0 0.0 0.3253000756618787 0.0 0.10153776760501057 0.2628696278247665 0.13482657423605224 0.0 0.0 
0.0 0.2100331558570499 0.0 0.0 0.21603957298109783 0.0 0.10134659993019166 0.34379851485295 0.1287821563787106 0.0 0.0 
0.0 0.27243583993211545 0.0 0.0 0.0 0.0 0.1020925840494071 0.35 0.2754715760184773 0.0 0.0 
0.0 0.22832963672173728 0.0 0.0 0.1085005690856785 0.0 0.10927332532305235 0.35 0.20389646886953186 0.0 0.0 
0.0 0.2561316536940984 0.0 0.0 0.0 0.0 0.11090038649049189 0.35 0.2829679598154097 0.0 0.0 
0.0 0.22959759509269653 0.0 0.0 0.11258230726728881 0.0 0.10350765380557934 0.35 0.20431244383443525 0.0 0.0 
0.0 0.1789099794763626 0.0 0.0 0.3056487741612103 0.0 0.10460015997467391 0.2727368562193619 0.13810423016839132 0.0 0.0 
0.0 0.20646606527349376 0.0 0.10051326170570743 0.2532975647957124 0.0 0.10158107960221212 0.1784950386644511 0.15964698995842322 0.0 0.0 
0.0 0.23670475223449736 0.0 0.0 0.18048421837654166 0.0 0.10567005354386827 0.35 0.12714097584509268 0.0 0.0 
0.0 0.24764183889822666 0.0 0.0 0.0 0.0 0.10031487671644072 0.35 0.3020432843853326 0.0 0.0 
0.0 0.22600376743070377 0.0 0.0 0.1781113171555185 0.0 0.10908186332287 0.35 0.13680305209090776 0.0 0.0 
0.0 0.2063159270132122 0.0 0.0 0.24181525226255227 0.0 0.10215350838245667 0.3452931054227278 0.1044222069190509 0.0 0.0 
0.0 0.19058182564605838 0.0 0.0 0.3022337851203761 0.0 0.10343147084459871 0.2671917156179934 0.13656120277097356 0.0 0.0 
0.0 0.19498840522677313 0.0 0.0 0.2568055050379301 0.0 0.10453342354803058 0.3295384557721029 0.11413421041516325 0.0 0.0 
0.0 0.2206621199856657 0.0 0.0 0.0 0.0 0.10025109314083182 0.35 0.32908678687350246 0.0 0.0 
0.0 0.23232154464359545 0.0 0.0 0.0 0.0 0.10096497708335375 0.35 0.3167134782730508 0.0 0.0 
0.0 0.35 0.0 0.0 0.0 0.0 0.0 0.35 0.29999999999999993 0.0 0.0 
0.0 0.35 0.0 0.0 0.0 0.0 0.0 0.35 0.3000000000000001 0.0 0.0 
0.0 0.24939218443941638 0.0 0.0 0.0 0.0 0.10176339756751636 0.35 0.29884441799306727 0.0 0.0 
0.0 0.21738421653935344 0.0 0.0 0.0 0.0 0.10427717546264893 0.35 0.3283386079979976 0.0 0.0 
0.0 0.30385121858138564 0.0 0.0 0.0 0.0 0.0 0.35 0.3461487814186144 0.0 0.0 
0.0 0.33168314899220097 0.0 0.0 0.0 0.0 0.1422168960377882 0.35 0.17609995497001082 0.0 0.0 
0.0 0.21079128459562008 0.0 0.0 0.19423063012272435 0.0 0.10658549683974561 0.3499999999999999 0.13839258844191002 0.0 0.0 
0.0 0.22755702883001522 0.0 0.0 0.1893730235674046 0.0 0.1084814671497051 0.35 0.12458848045287522 0.0 0.0 
0.0 0.3184380050775937 0.0 0.0 0.0 0.0 0.0 0.35 0.33156199492240634 0.0 0.0 
0.0 0.23829289225017147 0.0 0.0 0.11357368573590552 0.0 0.10252992574651429 0.35 0.19560349626740864 0.0 0.0 
