0.0 0.30000000000000027 0.0 0.0 0.0 0.0 0.0 0.35 0.35 0.0 0.0 
0.0 0.20368070177189032 0.0 0.12130395339248456 0.2728497219742193 0.0 0.10182422598827195 0.11109660973282723 0.18924478714030654 0.0 0.0 
0.0 0.30000000000000027 0.0 0.0 0.0 0.0 0.0 0.35 0.3499999999999999 0.0 0.0 
0.0 0.2382703523998772 0.0 0.0 0.10330905438096528 0.0 0.10924922470249954 0.35 0.19917136851665795 0.0 0.0 
0.0 0.31160495250792997 0.0 0.0 0.0 0.0 0.1452312407167693 0.35 0.19316380677530087 0.0 0.0 
0.0 0.23007329441073213 0.0 0.0 0.10000348223096636 0.0 0.10512108057143091 0.3499999999999999 0.21480214278687057 0.0 0.0 
0.0 0.28819447822310634 0.0 0.0 0.0 0.0 0.1827119838347901 0.35 0.17909353794210353 0.0 0.0 
0.0 0.26043029016641983 0.0 0.0 0.0 0.0 0.10096005105981999 0.35 0.2886096587737602 0.0 0.0 
0.0 0.2292778487044748 0.0 0.0 0.0 0.0 0.1038437638438497 0.35 0.31687838745167546 0.0 0.0 
0.0 0.20653402795844436 0.0 0.11219035484314967 0.26138414065677157 0.0 0.10111093144596375 0.1433283544443005 0.17545219065137005 0.0 0.0 
0.0 0.24039796059934898 0.0 0.0 0.0 0.0 0.10234552859308273 0.35 0.3072565108075684 0.0 0.0 
0.0 0.20156401917613334 0.0 0.10683889698084008 0.22295756242703585 0.0 0.102448239544186 0.19766265915518702 0.16852862271661784 0.0 0.0 
0.0 0.2005873839668194 0.0 0.0 0.10645631588910627 0.0 0.10685239659144714 0.35 0.23610390355262711 0.0 0.0 
0.0 0.27000239545707544 0.0 0.0 0.0 0.0 0.10350120560058552 0.35 0.27649639894233896 0.0 0.0 
0.0 0.19293557057015354 0.0 0.0 0.2603269124883587 0.0 0.10152367382103268 0.33185214814501407 0.11336169497544098 0.0 0.0 
0.0 0.18212308422903314 0.0 0.0 0.30476858219637776 0.0 0.102287508967747 0.2636352124058134 0.1471856122010287 0.0 0.0 
0.0 0.17081159742685517 0.0 0.0 0.33231243466996496 0.0 0.10359976824583111 0.24166092996676525 0.15161526969058345 0.0 0.0 
0.0 0.2508362992577284 0.0 0.0 0.0 0.0 0.10141473028370813 0.3498639075781642 0.29788506288039923 0.0 0.0 
0.0 0.190418488025057 0.0 0.0 0.318650284586621 0.0 0.1004213443989207 0.2605199633864159 0.12998991960298528 0.0 0.0 
0.0 0.21083910740409842 0.0 0.1155685255270569 0.24709703213411638 0.0 0.10624234736092225 0.14758866867935674 0.17266431889444936 0.0 0.0 
0.0 0.22755067441355284 0.0 0.0 0.10384488407746877 0.0 0.10423124870296223 0.3486854817911428 0.21568771101487333 0.0 0.0 
0.0 0.2032045828421852 0.0 0.11425054096367418 0.24506615906344875 0.0 0.10632024514129977 0.1606959968981299 0.1704624750912623 0.0 0.0 
0.0 0.2190242322513091 0.0 0.0 0.15154111576480478 0.0 0.11960009263877233 0.35 0.15983455934511379 0.0 0.0 
0.0 0.3062625539740608 0.0 0.0 0.0 0.0 0.138711421573435 0.35 0.20502602445250415 0.0 0.0 
0.0 0.269285358921677 0.0 0.0 0.0 0.0 0.11126746218163731 0.35 0.2694471788966857 0.0 0.0 
0.0 0.18990070766359396 0.0 0.0 0.3033938915755529 0.0 0.10206533224265417 0.286629516050732 0.11801055246746701 0.0 0.0 
0.0 0.33775609180468436 0.0 0.0 0.0 0.0 0.0 0.35 0.3122439081953156 0.0 0.0 
0.0 0.2597585626176574 0.0 0.0 0.14246184350286462 0.0 0.0 0.35 0.24777959387947807 0.0 0.0 
0.0 0.21045172220337918 0.0 0.11042685414711605 0.20587732687166813 0.0 0.1018855387667339 0.20430073924083414 0.1670578187702686 0.0 0.0 
0.0 0.23953896965173826 0.0 0.0 0.11483171027518503 0.0 0.10159940833983153 0.35 0.19402991173324516 0.0 0.0 
0.0 0.18575166416131922 0.0 0.0 0.2826059384281468 0.0 0.10135703182733252 0.30865767083625645 0.12162769474694513 0.0 0.0 
0.0 0.2618815531931472 0.0 0.0 0.0 0.0 0.10509579948239976 0.35 0.2830226473244531 0.0 0.0 
0.0 0.3077715715242435 0.0 0.0 0.0 0.0 0.0 0.35 0.34222842847575663 0.0 0.0 
0.0 0.3037267410685253 0.0 0.0 0.0 0.0 0.17994770328087367 0.35 0.16632555565060111 0.0 0.0 
0.0 0.2131719782933217 0.0 0.0 0.0 0.0 0.10290412609841902 0.35 0.3339238956082593 0.0 0.0 
0.0 0.1903226793605766 0.0 0.0 0.2857226631414999 0.0 0.10052636236809248 0.3004592271472263 0.1229690679826047 0.0 0.0 
0.0 0.20208911899785775 0.0 0.0 0.24019028270447781 0.0 0.10077571180846936 0.3392588493351413 0.11768603715405365 0.0 0.0 
0.0 0.2559940309870309 0.0 0.0 0.13734429878986282 0.0 0.0 0.35 0.2566616702231063 0.0 0.0 
0.0 0.2595136442052713 0.0 0.0 0.11600907796438141 0.0 0.11068927298745379 0.35 0.16378800484289346 0.0 0.0 
0.0 0.20933633030329082 0.0 0.10830258593944002 0.22037263754936764 0.0 0.10848691008528491 0.19081299065416063 0.162688545468456 0.0 0.0 
0.0 0.2126150702371279 0.0 0.11140439827617557 0.22788961349972164 0.0 0.10251504492757674 0.18711731202931808 0.1584585610300801 0.0 0.0 
0.0 0.2378807853727279 0.0 0.0 0.13450809791309526 0.0 0.10218406622946627 0.35 0.17542705048471072 0.0 0.0 
0.0 0.1976724561348699 0.0 0.0 0.2152946024932229 0.0 0.10097056418949694 0.35 0.13606237718241032 0.0 0.0 
0.0 0.20686618217982994 0.0 0.0 0.19846676075284286 0.0 0.11286413731070646 0.35 0.13180291975662062 0.0 0.0 
0.0 0.19699745055815715 0.0 0.12347196952786232 0.2658075849898078 0.0 0.10366105563084421 0.13065093236502923 0.17941100692829945 0.0 0.0 
0.0 0.21782695929127774 0.0 0.0 0.0 0.0 0.10572675738743292 0.35 0.32644628332128933 0.0 0.0 
0.0 0.19339150419350448 0.0 0.0 0.26135372257142525 0.0 0.10000832760107453 0.3131688843882723 0.13207756124572345 0.0 0.0 
0.0 0.31375645138522507 0.0 0.0 0.0 0.0 0.0 0.35 0.336243548614775 0.0 0.0 
0.0 0.1937328851943791 0.0 0.10886082882325823 0.25592546793345894 0.0 0.10147929613299653 0.17306682310959418 0.16693469880631312 0.0 0.0 
0.0 0.2904117329189191 0.0 0.0 0.0 0.0 0.10334621820788682 0.35 0.2562420488731941 0.0 0.0 
0.0 0.31908338944092063 0.0 0.0 0.0 0.0 0.0 0.35 0.3309166105590794 0.0 0.0 
0.0 0.21836041339964757 0.0 0.0 0.0 0.0 0.10191767270544874 0.35 0.3297219138949037 0.0 0.0 
0.0 0.2046834689826478 0.0 0.1232896713208307 0.2672790125724281 0.0 0.10572859992303613 0.11291523578379498 0.18610401141726246 0.0 0.0 
0.0 0.3132031810689339 0.0 0.0 0.0 0.0 0.12652502277672903 0.35 0.2102717961543371 0.0 0.0 
0.0 0.21098160123969414 0.0 0.10791689795885274 0.23566737156616355 0.0 0.10830484157047131 0.173603123445215 0.16352616421960336 0.0 0.0 
0.0 0.20740930555299414 0.0 0.0 0.23463788438245436 0.0 0.10407347333781848 0.35 0.10387933672673315 0.0 0.0 
0.0 0.1983840751845031 0.0 0.0 0.26795335548558713 0.0 0.10247484968963722 0.3120617075525831 0.11912601208768943 0.0 0.0 
0.0 0.19852636888818184 0.0 0.0 0.2875835881157248 0.0 0.10016659088725398 0.28995348087568407 0.12376997123315525 0.0 0.0 
0.0 0.20878369546347061 0.0 0.11223250902366902 0.23107964235250633 0.0 0.10414978522367717 0.17799572829516536 0.16575863964151144 0.0 0.0 
0.0 0.3257341523508375 0.0 0.0 0.0 0.0 0.0 0.35 0.32426584764916233 0.0 0.0 
0.0 0.2759730317335819 0.0 0.0 0.0 0.0 0.11041425984731248 0.35 0.26361270841910567 0.0 0.0 
0.0 0.28232341661591404 0.0 0.0 0.0 0.0 0.11550375742148514 0.35 0.2521728259626008 0.0 0.0 
0.0 0.18650117146579998 0.0 0.0 0.3120949650408693 0.0 0.10961611904042709 0.2644719961968218 0.12731574825608194 0.0 0.0 
0.0 0.24818449134800066 0.0 0.0 0.1042125894725584 0.0 0.12677197726218986 0.35 0.17083094191725107 0.0 0.0 
0.0 0.3102431539976097 0.0 0.0 0.0 0.0 0.12361971003028019 0.3490047474251258 0.21713238854698425 0.0 0.0 
0.0 0.24440015953502056 0.0 0.0 0.1216883074022881 0.0 0.10226972686436628 0.3494090324462561 0.18223277375206895 0.0 0.0 
0.0 0.21043677821202328 0.0 0.12186375241068045 0.26234545257471803 0.0 0.10067701065544513 0.12760281990336825 0.17707418624376492 0.0 0.0 
0.0 0.22698274745766645 0.0 0.0 0.0 0.0 0.10107513681299296 0.35 0.32194211572934056 0.0 0.0 
0.0 0.2141770507795555 0.0 0.0 0.18763292441216145 0.0 0.10605504090594513 0.35 0.14213498390233792 0.0 0.0 
0.0 0.20102349351432325 0.0 0.0 0.19510726241577034 0.0 0.10940348464159806 0.34625799706796717 0.14820776236034114 0.0 0.0 
0.0 0.19984912729266563 0.0 0.0 0.217665319996507 0.0 0.10208240202039681 0.3428425220173218 0.13756062867310867 0.0 0.0 
0.0 0.23520338109252856 0.0 0.0 0.16600520370413108 0.0 0.10156705995453856 0.35 0.14722435524880187 0.0 0.0 
0.0 0.26198930130476034 0.0 0.0 0.1433977419764053 0.0 0.0 0.35 0.24461295671883435 0.0 0.0 
0.0 0.25663254040836325 0.0 0.0 0.13868020220942132 0.0 0.1017640948016319 0.35 0.1529231625805835 0.0 0.0 
0.0 0.18880707128323782 0.0 0.0 0.2955551469474117 0.0 0.10087822650846717 0.2886608039503336 0.12609875131054984 0.0 0.0 
0.0 0.3013498603803216 0.0 0.0 0.0 0.0 0.0 0.35 0.3486501396196785 0.0 0.0 
0.0 0.21159959741834558 0.0 0.0 0.22624632022574065 0.0 0.1061760705552558 0.35 0.10597801180065801 0.0 0.0 
0.0 0.29815274211487136 0.0 0.0 0.0 0.0 0.11435174653601717 0.35 0.2374955113491116 0.0 0.0 
0.0 0.2196456494201216 0.0 0.0 0.1764050070812753 0.0 0.11219441280471815 0.35 0.14175493069388498 0.0 0.0 
0.0 0.2161477665286503 0.0 0.0 0.21905400000941982 0.0 0.10434062300698123 0.35 0.11045761045494858 0.0 0.0 
0.0 0.34238209615303666 0.0 0.0 0.0 0.0 0.0 0.35 0.30761790384696336 0.0 0.0 
0.0 0.24818361792942628 0.0 0.0 0.0 0.0 0.10069512760385174 0.35 0.30112125446672194 0.0 0.0 
0.0 0.2565827481433539 0.0 0.0 0.13140141613947473 0.0 0.10320562783288374 0.35 0.15881020788428765 0.0 0.0 
0.0 0.20955059629448783 0.0 0.0 0.2431614586958769 0.0 0.10006601572686949 0.3292829529227992 0.11793897635996668 0.0 0.0 
0.0 0.29954672651935477 0.0 0.0 0.0 0.0 0.12413810641693347 0.35 0.2263151670637117 0.0 0.0 
0.0 0.24300291911346364 0.0 0.0 0.0 0.0 0.10267238461499263 0.35 0.3043246962715437 0.0 0.0 
0.0 0.2023931401274202 0.0 0.0 0.10741467201524937 0.0 0.1019627963006692 0.35 0.23822939155666117 0.0 0.0 
0.0 0.1914693958618066 0.0 0.0 0.25010631015348594 0.0 0.10113204551065547 0.33358227741110885 0.12370997106294321 0.0 0.0 
0.0 0.23306291050952102 0.0 0.0 0.11172717597654776 0.0 0.11642570015523696 0.35 0.18878421335869439 0.0 0.0 
0.0 0.2743668074741112 0.0 0.0 0.1210870742114979 0.0 0.0 0.35 0.254546118314391 0.0 0.0 
0.0 0.2760106884596545 0.0 0.0 0.0 0.0 0.12475210106361952 0.35 0.24923721047672615 0.0 0.0 
0.0 0.23836832358348745 0.0 0.0 0.151536252809528 0.0 0.11663053854024026 0.35 0.14346488506674443 0.0 0.0 
0.0 0.28138812394119633 0.0 0.0 0.12230794679856491 0.0 0.0 0.35 0.24630392926023886 0.0 0.0 
0.0 0.35 0.0 0.0 0.0 0.0 0.0 0.35 0.29999999999999993 0.0 0.0 
0.0 0.2103154991664595 0.0 0.11035537608425244 0.1961123377880062 0.0 0.11209860517532343 0.20416849766612546 0.16694968411983283 0.0 0.0 
0.0 0.22543493674097487 0.0 0.0 0.0 0.0 0.1048182926052973 0.35 0.31974677065372786 0.0 0.0 
0.0 0.23535472955348152 0.0 0.0 0.16550213992652588 0.0 0.10920433905449302 0.35 0.13993879146549956 0.0 0.0 
0.0 0.2435298843454357 0.0 0.0 0.14718405653760408 0.0 0.12012628495148227 0.35 0.13915977416547798 0.0 0.0 
0.0 0.2146728482766927 0.0 0.0 0.14337399514485374 0.0 0.11882190111514002 0.35 0.1731312554633135 0.0 0.0 
0.0 0.20104410007645213 0.0 0.0 0.2625468902184282 0.0 0.10668847664163589 0.31572136264069384 0.11399917042278976 0.0 0.0 
