-0.014805555974249724 6.591216372155806E-4 
-0.006412660602425997 6.173313348288479E-5 
-0.006412660602425997 6.173313348288479E-5 
-0.014805555974249724 6.591216372155806E-4 
-0.014609441214453286 4.987714070130967E-4 
-0.01480555597424972 6.591216372155804E-4 
-0.014232085337642355 3.688158634909477E-4 
-0.014217296404181977 3.164776265598369E-4 
-0.010295946101626279 1.1143105587084263E-4 
-0.00782410779341321 7.119579584935082E-5 
-0.014337015350188092 3.822237435238714E-4 
-0.008055292096208191 7.43722178549439E-5 
-0.010510616598415979 1.1775985682564817E-4 
-0.0120644565862535 1.7023964150559686E-4 
-0.01451708034010549 4.392319138157148E-4 
-0.009162760840464945 9.021939134823637E-5 
-0.012223168128717276 1.7485206525083604E-4 
-0.013070843598773835 2.4512166643632914E-4 
-0.014427964550152626 3.914827210766133E-4 
-0.012320193184231732 1.796537086953217E-4 
-0.009673560680660498 9.775931412973646E-5 
-0.012890367584244264 2.2334305980462358E-4 
-0.012497112663084965 1.9878449032757702E-4 
-0.012780498871457944 2.1498830118794833E-4 
-0.008190025401287193 7.601453987687836E-5 
-0.006870096700904427 6.312542435901204E-5 
-0.014490104055360494 4.2377729596462533E-4 
-0.014583389901504488 4.8094176557230187E-4 
-0.006583696984047186 6.207913001880558E-5 
-0.014464374099583302 4.0984054234575687E-4 
-0.013199434477303137 2.5106035253255696E-4 
-0.006712488823068524 6.256966264880587E-5 
-0.01299421747820536 2.3940757722532686E-4 
-0.011292345909274281 1.4081094609387406E-4 
-0.0076783593590168085 6.948068640380328E-5 
-0.014444990756626783 3.998694821294919E-4 
-0.014275306491113884 3.708526586685975E-4 
-0.011973152596714354 1.6357443757337688E-4 
-0.008440882539964466 8.245474844500028E-5 
-0.013999406159714524 2.993488711951936E-4 
-0.007180087965988104 6.450941475109237E-5 
-0.014541839538936382 4.541889450718297E-4 
-0.012677630221601285 2.0442338388856017E-4 
-0.01354538739548547 2.7653310040530904E-4 
-0.01459405508677469 4.881426625887892E-4 
-0.01337733334651908 2.639742960573059E-4 
-0.009452456231736664 9.543481235308474E-5 
-0.012397873618451434 1.867322649778888E-4 
-0.013213301177057145 2.5698937612883966E-4 
-0.010930062464222607 1.269179125964203E-4 
-0.012657940731388692 2.0363035573228247E-4 
-0.011904132931530515 1.6094910736554535E-4 
-0.01018800452668807 1.0833842715130336E-4 
-0.010659060938424916 1.191124998480736E-4 
-0.00830995178543418 7.924684254006847E-5 
-0.009804236113772648 1.0065085382575345E-4 
-0.009508407887700958 9.749227495437987E-5 
-0.011378969617881528 1.4311642226240233E-4 
-0.011201041116269427 1.3467061812849805E-4 
-0.01382404127268894 2.876158267072989E-4 
-0.008946029153134551 8.865231547270578E-5 
-0.011473100008728254 1.5048701378873213E-4 
-0.007014574700124124 6.374324071877295E-5 
-0.014534092498269386 4.4942992304478416E-4 
-0.0074772098078640815 6.787973908626345E-5 
-0.014060229593643683 3.046656346704064E-4 
-0.009960981473109802 1.0341197221302924E-4 
-0.008800266384260742 8.7431896974665E-5 
-0.012829831460166122 2.1676663650650984E-4 
-0.011146944975590803 1.336430815813385E-4 
-0.0075739868534076904 6.804383593227942E-5 
-0.014482157825003221 4.1938511121352644E-4 
-0.010794823409001113 1.248142198941164E-4 
-0.014557484217062985 4.6790174637060064E-4 
-0.011045583476473999 1.297643696890052E-4 
-0.009305194623333488 9.288845414854716E-5 
-0.0073487451389275885 6.605154889834813E-5 
-0.014563783524153478 4.6805989685663486E-4 
-0.00862070836564158 8.405088650166874E-5 
-0.01392356082364626 2.940496561055636E-4 
-0.011611013592029464 1.5280412625704622E-4 
-0.011418563378539272 1.4960065359295217E-4 
-0.011675791061289641 1.5469616629400028E-4 
-0.01480555597424972 6.591216372155804E-4 
-0.009856880633392812 1.0283736715897921E-4 
-0.013454087036283952 2.720080634105391E-4 
-0.010053629744572284 1.0537339789591218E-4 
-0.012991900490109929 2.2921911461298668E-4 
-0.01363638831885321 2.8275380596039083E-4 
-0.012424138089586888 1.9667733128057104E-4 
-0.011791944382064361 1.580028094424708E-4 
-0.009282128349683543 9.265079843599495E-5 
-0.013320822626879728 2.610896753452671E-4 
-0.01358982562006953 2.824137961004828E-4 
-0.007093397513346846 6.401313293342406E-5 
-0.010109424042193258 1.062863615323637E-4 
-0.008378307161150537 8.08852293695824E-5 
-0.010624642076360857 1.1856145388348076E-4 
-0.012414628378554069 1.9162296083928784E-4 
-0.010795667253404211 1.2483539678849549E-4 
