-0.014376763121341365 4.2232773941764865E-4 
-0.009089438604261231 4.526354460860626E-5 
-0.014376763121341365 4.2232773941764865E-4 
-0.0101862442124347 5.3223974719284176E-5 
-0.00984158055165614 5.256807111338584E-5 
-0.009259684390698813 4.804967810236E-5 
-0.014166226310708874 3.8373563727239307E-4 
-0.009586798741627173 4.828188309927172E-5 
-0.013445966633052383 2.5021525695668583E-4 
-0.014166217077407062 3.620942466787621E-4 
-0.010676555316850038 6.372098873176532E-5 
-0.010921349753535323 7.241385774722043E-5 
-0.01283890804712661 1.9275739606949821E-4 
-0.013751473235692738 2.8896528543893423E-4 
-0.010502054749711547 6.280491286910327E-5 
-0.013698298587003332 2.813926164769835E-4 
-0.011040689661983266 7.4802446415972E-5 
-0.010844647625447037 6.753689573890273E-5 
-0.012356850807405293 1.518037433964486E-4 
-0.014345763838465397 4.162630886106702E-4 
-0.013969474230499428 3.2445716364865257E-4 
-0.014205466928975972 3.904667567443007E-4 
-0.011608646409238876 1.0941269285349235E-4 
-0.012876869310617189 2.0181052398115338E-4 
-0.013279822591575802 2.3452561534437636E-4 
-0.013824469559830698 3.000883625496923E-4 
-0.013383950727503063 2.4353618169406776E-4 
-0.012011448115623949 1.3057952068535927E-4 
-0.01190141061049459 1.2643705988294986E-4 
-0.013347973500110412 2.405025441054736E-4 
-0.013790045564105683 2.947695893168766E-4 
-0.012282311018809637 1.4786798458762845E-4 
-0.011289031297426377 8.741302569544347E-5 
-0.010754690963909427 6.605313679099957E-5 
-0.011097704798886165 7.809314168718501E-5 
-0.011169943678375515 8.111685046601594E-5 
-0.01269213697149171 1.8071917857428421E-4 
-0.011722426902369902 1.1339987410865464E-4 
-0.013075311747089934 2.136382965887894E-4 
-0.013511494568527713 2.571896352869894E-4 
-0.011467207365781553 9.701301013318735E-5 
-0.01292897771970887 2.032059575287896E-4 
-0.011228794077960865 8.414826889729493E-5 
-0.014038133800183896 3.3698760179792276E-4 
-0.012574100151899036 1.6793709583215778E-4 
-0.014151906576858818 3.591772678077419E-4 
-0.013637458194684076 2.729915430586303E-4 
-0.012239738916810315 1.4412929670144895E-4 
-0.014235752783546636 3.9580649475685903E-4 
-0.01179693911112818 1.2034677288827382E-4 
-0.012993835361075661 2.083980796075306E-4 
-0.010300315718507156 5.7489183691943334E-5 
-0.012170469608201503 1.4122943029543436E-4 
-0.011359857751796784 9.101385165591925E-5 
-0.012702873090505658 1.8337998204288888E-4 
-0.014296808849042171 4.069545329947746E-4 
-0.012135289511111728 1.3757329851179863E-4 
-0.009696081653019242 4.9223419927859344E-5 
-0.013862866285497127 3.062848515983764E-4 
-0.013211443211847657 2.2778955672006913E-4 
-0.013649566940987656 2.7761171361581746E-4 
-0.011922651260401432 1.278369489057662E-4 
-0.013267280204360046 2.2953289832719525E-4 
-0.0135813609835355 2.6580606283133806E-4 
-0.012515920969126178 1.6392125016719656E-4 
-0.010402023834591856 5.923441207256982E-5 
-0.01179693911112818 1.2034677288827382E-4 
-0.01406961994872305 3.429504944068616E-4 
-0.014081503550786661 3.452364378974498E-4 
-0.01244414123449529 1.5945741137204168E-4 
-0.012998603389268035 2.1258748804660625E-4 
-0.013897620762595026 3.120375027896038E-4 
-0.014038133800183896 3.3698760179792276E-4 
-0.01411223044148898 3.5123705252902E-4 
-0.01043157026846647 6.152193153575004E-5 
-0.011501212001822275 1.0433616579911346E-4 
-0.012773055199052325 1.8870191378232872E-4 
-0.013125512056747364 2.1858173418009763E-4 
-0.012490691039641063 1.6232005102325033E-4 
-0.011722426902369902 1.1339987410865464E-4 
-0.012637361331373298 1.7268889598615343E-4 
-0.012619945186725058 1.7126998899056795E-4 
-0.009178131602620581 4.6143774464241715E-5 
-0.012773055199052325 1.8870191378232872E-4 
-0.014263473492012558 4.0080444457781515E-4 
-0.01241866099464459 1.5634723241902726E-4 
-0.010320659674511198 5.796966721015159E-5 
-0.01392714436615041 3.170547085822304E-4 
-0.009587127539212374 4.8289775516419066E-5 
-0.011357864256664126 9.091617745726902E-5 
-0.013942402548422828 3.1969461093902895E-4 
-0.009732946203159714 5.244802534817126E-5 
-0.012055457041496393 1.3484600154717674E-4 
-0.011467207365781553 9.701301013318735E-5 
-0.012058240848175115 1.3569371386076113E-4 
-0.0143657812106751 4.2016415244748183E-4 
-0.013881363003961287 3.0932581586107645E-4 
-0.014112230441488977 3.512370525290199E-4 
-0.013171863669762507 2.234579118010411E-4 
-0.011508383059555987 1.0454174886490126E-4 
