-0.014376763121341365 4.2232773941764865E-4 
-0.009096813250975585 4.5265595212863813E-5 
-0.014376763121341365 4.2232773941764865E-4 
-0.00959964891744821 4.8370481257402364E-5 
-0.010775676877512819 6.544414287480929E-5 
-0.012611566428250686 1.736803471662145E-4 
-0.00926365361094981 4.809187433790684E-5 
-0.010117631807126687 5.366027991534222E-5 
-0.009846461071901229 5.273675441340667E-5 
-0.014166217077407062 3.620942466787621E-4 
-0.010512622138129354 6.39466448988618E-5 
-0.011819554241775684 1.2047416128578713E-4 
-0.011919798804928789 1.2817371575502579E-4 
-0.012379937498348391 1.5544428435432557E-4 
-0.014166629127107918 3.8380365932706994E-4 
-0.012506823445187299 1.6202024251176119E-4 
-0.010297869401913833 5.628934324277793E-5 
-0.013834567445390264 3.053060218161142E-4 
-0.014235154977318965 3.9569987542043645E-4 
-0.014351149341852495 4.1730722265724134E-4 
-0.013093287919539648 2.155417179105805E-4 
-0.013755723809333983 2.906148444647914E-4 
-0.012742524413317656 1.8219828259649068E-4 
-0.012554560554692073 1.659178738668017E-4 
-0.01316500597383231 2.2058551463041568E-4 
-0.01087760642571388 6.857380149682282E-5 
-0.014299243008748096 4.074095966846371E-4 
-0.014078166510715943 3.4459256152125425E-4 
-0.010420389880149851 6.0838824305547725E-5 
-0.012812366703381225 1.9044394494666545E-4 
-0.012015686008092538 1.317427342677178E-4 
-0.011710713768811708 1.1737815491722931E-4 
-0.011022824647880245 7.507766134383611E-5 
-0.012956112892170028 2.0608017695065796E-4 
-0.010191681532923089 5.570086304273193E-5 
-0.012912691042458884 2.0121348432349147E-4 
-0.014183783550431744 3.867211535423755E-4 
-0.013219072978144876 2.2513061882125426E-4 
-0.01215296436388154 1.3983620755501515E-4 
-0.011356582441884016 9.149983304238953E-5 
-0.014149955224680925 3.587816943898653E-4 
-0.01092037422166767 7.307470520069465E-5 
-0.009214575733027863 4.674603763496515E-5 
-0.01138801848725869 9.571599113085294E-5 
-0.014013787254569653 3.3247021018300584E-4 
-0.013817542606757022 2.991029659575875E-4 
-0.01149867149771064 1.0708305909654133E-4 
-0.013331931090705055 2.3591465524878093E-4 
-0.012180959338644189 1.4516605537762183E-4 
-0.01377876887780518 2.960223987803497E-4 
-0.013446665860785002 2.497195472821429E-4 
-0.013589818076200818 2.682988727881825E-4 
-0.012313686015869777 1.5228066284618598E-4 
-0.014267087266009153 4.0146377561572075E-4 
-0.013287319575895205 2.315238644566639E-4 
-0.012084790812600273 1.3732930395934554E-4 
-0.01369981899340431 2.8151263973446076E-4 
-0.011483861632759808 9.924525376662278E-5 
-0.01225365364159572 1.4563770844012427E-4 
-0.014048216947589716 3.3888233578136494E-4 
-0.013019884425947422 2.1076079312806804E-4 
-0.009688370457726934 4.96543506062542E-5 
-0.013257661272689984 2.28829644943237E-4 
-0.013908328977612117 3.13843401438139E-4 
-0.013908328977612117 3.13843401438139E-4 
-0.01113344040382416 8.055474310532317E-5 
-0.012300071879012924 1.4853999512074673E-4 
-0.011224521602394993 8.402873468544717E-5 
-0.011642291170494722 1.1168228106805391E-4 
-0.011688043796109993 1.1378763047557065E-4 
-0.012052231586212034 1.3503476103511025E-4 
-0.009783365371987178 5.1221334760427064E-5 
-0.011589189822725731 1.1022077575566531E-4 
-0.013488339400839246 2.548237217136003E-4 
-0.01146804431205134 9.73771552720557E-5 
-0.01113344040382416 8.055474310532317E-5 
-0.01128122566829991 8.869019349128988E-5 
-0.011210331735463364 8.294949063107451E-5 
-0.013659965608949089 2.7628899816983137E-4 
-0.014112853846410527 3.5136013922768347E-4 
-0.009103736071928556 4.55365703097134E-5 
-0.013514423371820962 2.57122581098281E-4 
-0.013416396442784289 2.471453614436179E-4 
-0.010437068721385254 6.341402074453029E-5 
-0.013386899766394811 2.442028005376442E-4 
-0.011546156398375793 1.080454947413086E-4 
-0.014112853846410527 3.5136013922768347E-4 
-0.0109941267446847 7.443482838550343E-5 
-0.013942524509961947 3.1971584105362284E-4 
-0.012777274029932398 1.870640783323635E-4 
-0.01300523062726492 2.1023061825297792E-4 
-0.01369981899340431 2.8151263973446076E-4 
-0.013946577180955304 3.2042246082272953E-4 
-0.012872663324681618 1.966026654573389E-4 
-0.012872663324681618 1.966026654573389E-4 
-0.014033272588599372 3.3607911806550386E-4 
-0.013651424876636961 2.750324835277324E-4 
-0.013553284884095178 2.6236605695130315E-4 
-0.013979240873015292 3.262000673895371E-4 
-0.009728539764981382 5.064130887354754E-5 
