-0.014376763121341365 4.2232773941764865E-4 
-0.009080768097080518 4.5271819649001226E-5 
-0.014376763121341365 4.2232773941764865E-4 
-0.010183756357772751 5.35725606079657E-5 
-0.014166995530528196 3.8386555182625857E-4 
-0.009841062197257727 5.291985578180284E-5 
-0.009257662546565584 4.7830837784897454E-5 
-0.009628167572256131 4.8402043437895006E-5 
-0.01359030161003695 2.6692424531002515E-4 
-0.010447221699174206 6.287296000713222E-5 
-0.010917494136965774 7.146817707009367E-5 
-0.014166217077407062 3.620942466787621E-4 
-0.012432064962644268 1.568152075670759E-4 
-0.00974669736281647 5.1095654446792993E-5 
-0.01193059016446844 1.2541138015709173E-4 
-0.013718260147240976 2.843023729164661E-4 
-0.011815542198902088 1.2011687473249358E-4 
-0.01284191682729992 1.9297160411829823E-4 
-0.011535510405188668 1.060971235064245E-4 
-0.010655886172567935 6.333703098772281E-5 
-0.013934584827842664 3.1833802756078524E-4 
-0.013485552599366903 2.545130496360442E-4 
-0.014219752888494456 3.9296982855805453E-4 
-0.012656751482767242 1.7465492163835973E-4 
-0.010295387800055268 5.5515479559903364E-5 
-0.012741478973334278 1.8221479941840627E-4 
-0.014292455732966176 4.061427522923207E-4 
-0.011497004634661953 9.787993470224776E-5 
-0.01101136359739455 7.498020304625385E-5 
-0.013446512041017097 2.502730082004885E-4 
-0.011709967086796854 1.1464593129903509E-4 
-0.009196408914608073 4.6248352932435645E-5 
-0.014006485137148559 3.31131213079586E-4 
-0.0114261668231002 9.373236420842319E-5 
-0.013072858131790526 2.148036807497832E-4 
-0.010684015185390569 6.423045276904747E-5 
-0.012199217924888664 1.42157935241871E-4 
-0.014258493187933343 3.998987315321675E-4 
-0.012489657244378135 1.617918494608376E-4 
-0.013649637057879922 2.7462352187188765E-4 
-0.013662691716554728 2.763824022188311E-4 
-0.014026375515881592 3.347957358118621E-4 
-0.013752421435427127 2.893757970552287E-4 
-0.013402711306753367 2.4482750281802027E-4 
-0.014134701153749034 3.557074575790062E-4 
-0.011152550829793063 8.370062510008899E-5 
-0.012658327074807109 1.8001913278384375E-4 
-0.013027862601821491 2.1062060759893263E-4 
-0.013122552763378398 2.189687084925631E-4 
-0.011666481198556093 1.0882377011264131E-4 
-0.01199982885393035 1.3352881782342988E-4 
-0.012926693278268397 2.0506144812253055E-4 
-0.013816806034401021 2.9958839282570734E-4 
-0.01435965320446748 4.1896405487327375E-4 
-0.01298381135946891 2.0756747055443033E-4 
-0.010798714716729121 6.818923585660624E-5 
-0.013164629550900177 2.2169734679846703E-4 
-0.013897275674897621 3.119795671614021E-4 
-0.01161401633799495 1.0811828489646247E-4 
-0.014080447085680532 3.450324291646115E-4 
-0.010382883023498317 6.046015559867952E-5 
-0.012139902300248919 1.385308202511883E-4 
-0.01290259421881974 1.9960012732751583E-4 
-0.011276070336440144 8.633812330672021E-5 
-0.010798714716729121 6.818923585660624E-5 
-0.012519946895784041 1.6533158819231515E-4 
-0.01106491809829875 7.663399946495632E-5 
-0.010340273388603266 5.8582196123848664E-5 
-0.01206129229982807 1.35386087670206E-4 
-0.012251969480125836 1.4554996070406342E-4 
-0.01256940790772004 1.7012338883861877E-4 
-0.014062657684181638 3.4162023985587E-4 
-0.013259047628054315 2.295944144752467E-4 
-0.014328507280458813 4.1294425528158764E-4 
-0.013535360884243447 2.6022657792790726E-4 
-0.011937680505359882 1.3103668360148817E-4 
-0.012787070761288488 1.8860728898902098E-4 
-0.014233403475600263 3.953877760508599E-4 
-0.012774554481927899 1.8786715990194293E-4 
-0.013535360884243447 2.6022657792790726E-4 
-0.013966435196262682 3.239175073300374E-4 
-0.013363787120228645 2.4198064538866022E-4 
-0.014320519301232902 4.114218375046515E-4 
-0.013884216534173245 3.0979913797061587E-4 
-0.014112199851428812 3.512310141219999E-4 
-0.011450639448182705 9.633124775594548E-5 
-0.011338609258363252 8.921497922719514E-5 
-0.009628167572256131 4.8402043437895006E-5 
-0.011338609258363252 8.921497922719514E-5 
-0.011086908631221793 8.085520109279827E-5 
-0.013784525591897618 2.9389546201904224E-4 
-0.013850197537475758 3.042291648734774E-4 
-0.012102021779390373 1.3730436962837545E-4 
-0.012332378831203774 1.5136593861522839E-4 
-0.01416621707740706 3.6209424667876203E-4 
-0.013966435196262682 3.239175073300374E-4 
-0.012542618306160793 1.693033559413652E-4 
-0.013222863491702666 2.255762860696107E-4 
-0.013204955653772336 2.2525932371829482E-4 
-0.012332378831203774 1.5136593861522839E-4 
