0.0 0.30000000000000027 0.0 0.0 0.0 0.0 0.0 0.35 0.35 0.0 0.0 
0.0 0.30000000000000027 0.0 0.0 0.0 0.0 0.0 0.35 0.35 0.0 0.0 
0.0 0.0 0.2061143325493574 0.0 0.12970856623688487 0.2692318911716229 0.0 0.10505378219371962 0.10458353346762873 0.18530789438078654 0.0 
0.0 0.2999999999999998 0.0 0.0 0.0 0.0 0.0 0.35 0.35 0.0 0.0 
0.0 0.19995242174641864 0.0 0.0 0.0 0.0 0.1000475782535814 0.35 0.35 0.0 0.0 
0.0 0.10253548357212705 0.0 0.0 0.0 0.0 0.206041081311102 0.3420760051883295 0.3493474299284416 0.0 0.0 
0.0 0.0 0.0 0.0 0.0 0.0 0.29999999999999993 0.35 0.35 0.0 0.0 
0.0 0.0 0.18511760004760344 0.0 0.0 0.1879492398863154 0.0 0.18298280736528963 0.341620065246984 0.10233028745380737 0.0 
0.0 0.13547771563439553 0.0 0.0 0.0 0.0 0.16452228436560454 0.35 0.35 0.0 0.0 
0.0 0.0 0.2002971790124745 0.0 0.14144507141966361 0.246418411916053 0.0 0.1287689671993246 0.10855630072572764 0.1745140697267567 0.0 
0.12261371240518447 0.0 0.0 0.0 0.0 0.0 0.1893962508528238 0.33799003674199185 0.3499999999999999 0.0 0.0 
0.0 0.0 0.19494770082301205 0.0 0.0 0.15912211895223402 0.0 0.1981222477209153 0.3458957393083963 0.10191219319544233 0.0 
0.0 0.0 0.21903179743445203 0.0 0.0 0.14077642146270536 0.0 0.29019178110284277 0.35 0.0 0.0 
0.0 0.0 0.20167376215426416 0.0 0.0 0.151302013563999 0.0 0.29702422428173686 0.35 0.0 0.0 
0.0 0.19995242174641864 0.0 0.0 0.0 0.0 0.1000475782535814 0.35 0.35 0.0 0.0 
0.0 0.0 0.17644875621417436 0.0 0.0 0.11098492341067114 0.0 0.26775492855797023 0.34372453643022244 0.10108685538696188 0.0 
0.0 0.0 0.0 0.0 0.0 0.0 0.19984189162799132 0.35 0.35 0.10015810837200866 0.0 
0.0 0.0 0.1786328756830494 0.0 0.0 0.2049463048518891 0.0 0.16622875987465313 0.35 0.10019205959040843 0.0 
0.0 0.1004267378632981 0.0 0.0 0.0 0.0 0.1995732621367018 0.35 0.35 0.0 0.0 
0.0 0.14602983325122373 0.0 0.0 0.0 0.0 0.15397016674877628 0.35 0.35 0.0 0.0 
0.0 0.19090468133327712 0.0 0.0 0.0 0.0 0.10909531866672288 0.35 0.35 0.0 0.0 
0.0 0.0 0.17999741284422996 0.0 0.0 0.11895420763959101 0.0 0.24798108089248136 0.35 0.10306729862369768 0.0 
0.0 0.0 0.18486347838547784 0.0 0.0 0.13724395018430627 0.0 0.22705235297139797 0.35 0.10084021845881788 0.0 
0.0 0.0 0.0 0.0 0.0 0.0 0.17619377603637718 0.35 0.35 0.0 0.12380622396362273 
0.0 0.0 0.1983683307029782 0.0 0.0 0.0 0.0 0.33182841813419645 0.35 0.0 0.1198032511628255 
0.0 0.18258158466325697 0.0 0.0 0.0 0.0 0.11741841533674317 0.35 0.35 0.0 0.0 
0.0 0.0 0.21198790065269982 0.0 0.11460131236737482 0.24398562206531374 0.0 0.121167905247753 0.13868298936163023 0.16957427030522843 0.0 
0.0 0.0 0.0 0.0 0.0 0.0 0.30158134626983807 0.3484186537301618 0.35 0.0 0.0 
0.0 0.0 0.19982768063251144 0.0 0.0 0.0 0.0 0.35 0.35 0.0 0.10017231936748873 
0.0 0.0 0.1835008667132518 0.0 0.0 0.1514167685169782 0.0 0.2214132869109476 0.34196395732802876 0.1017051205307936 0.0 
0.0 0.0 0.2046364469389554 0.0 0.11908142568620407 0.22316358430739663 0.0 0.13186131685644747 0.15719446670375734 0.1640627595072392 0.0 
0.0 0.1763037060640789 0.0 0.0 0.0 0.0 0.12369629393592108 0.35 0.35 0.0 0.0 
0.0 0.0 0.19326471697825767 0.0 0.10467073408235429 0.2260557354625573 0.0 0.14479271599385582 0.1785215138219734 0.15269458366100153 0.0 
0.0 0.0 0.2171772786010468 0.0 0.0 0.119103676431073 0.0 0.3137190449678803 0.35 0.0 0.0 
0.0 0.0 0.1773286023601157 0.0 0.0 0.14020894662656125 0.0 0.2319575558445429 0.3474861406902319 0.10301875447854839 0.0 
0.0 0.0 0.20816205430203 0.0 0.1128508749626743 0.2510018996933669 0.0 0.1355996947717503 0.13697136228638765 0.15541411398379076 0.0 
0.0 0.0 0.20366835208943873 0.0 0.1257623459099229 0.2663627922427721 0.0 0.11652601020561405 0.10852172984785322 0.17915876970439892 0.0 
0.0 0.0 0.1740312201701236 0.0 0.0 0.2894214148300186 0.0 0.12146092052237045 0.3086124809589285 0.10647396351855873 0.0 
0.0 0.0 0.1792433238526493 0.0 0.0 0.24942835199140645 0.0 0.14353435781575377 0.30909241843728436 0.11870154790290614 0.0 
0.0 0.0 0.1921687057255753 0.0 0.0 0.15685382039526122 0.0 0.20955307933841816 0.34096496782607455 0.10045942671467073 0.0 
0.0 0.12261393807673768 0.0 0.0 0.0 0.0 0.17738606192326223 0.35 0.35 0.0 0.0 
0.0 0.0 0.18154994714582973 0.0 0.0 0.29929009051989736 0.0 0.11580641002312884 0.27405781853988437 0.12929573377125977 0.0 
0.0 0.0 0.1010276899688836 0.0 0.0 0.0 0.19897231003111657 0.35 0.35 0.0 0.0 
0.0 0.0 0.16910518277755912 0.0 0.0 0.2547753441054171 0.0 0.14935026957265315 0.32284978436640044 0.10391941917797039 0.0 
0.0 0.0 0.20226394973382292 0.0 0.0 0.11203732646691476 0.0 0.23874320664083398 0.34572247966853137 0.10123303748989702 0.0 
0.0 0.0 0.20510041937463275 0.0 0.1045482110969694 0.2271311996628715 0.0 0.13612667169200543 0.18276864172951168 0.1443248564440091 0.0 
0.0 0.0 0.18955572102952695 0.0 0.0 0.2880400969490252 0.0 0.13251360392934636 0.2790975867713002 0.11079299132080117 0.0 
0.0 0.0 0.2123322723325444 0.0 0.0 0.13179864819243553 0.0 0.30586907947502 0.34999999999999987 0.0 0.0 
0.0 0.0 0.17609990659405425 0.0 0.0 0.2665496069718273 0.0 0.12970412116983704 0.30414208627871775 0.12350427898556354 0.0 
0.0 0.0 0.14320312052349618 0.0 0.0 0.0 0.1567968794765038 0.35 0.35 0.0 0.0 
0.0 0.1511074041492928 0.0 0.0 0.0 0.0 0.14889259585070727 0.35 0.35 0.0 0.0 
0.0 0.0 0.1986684737342413 0.0 0.0 0.22529803986195907 0.0 0.15870554880215262 0.3106900504936655 0.10663788710798151 0.0 
0.0 0.0 0.19879435079425128 0.0 0.0 0.0 0.0 0.3410322661272962 0.34749800912584544 0.0 0.11267537395260704 
0.0 0.0 0.20756693412803895 0.0 0.0 0.13559010955818565 0.0 0.21276378674924742 0.33226724153397297 0.11181192803055492 0.0 
0.0 0.0 0.2019813694874077 0.0 0.0 0.10888439013602888 0.0 0.3391342403765635 0.35 0.0 0.0 
0.0 0.16346236155008056 0.0 0.0 0.0 0.0 0.13653763844991942 0.35 0.35 0.0 0.0 
0.0 0.0 0.1167938104445728 0.0 0.0 0.0 0.18320618955542717 0.35 0.35 0.0 0.0 
0.0 0.0 0.1663643899162462 0.0 0.0 0.12722560092691676 0.0 0.25945714521563434 0.3294097028454122 0.11754316109579048 0.0 
0.0 0.0 0.18276608528893454 0.0 0.0 0.24996343357718442 0.0 0.13257731811096404 0.3110615401959884 0.12363162282692859 0.0 
0.0 0.18803733409589937 0.0 0.0 0.0 0.0 0.11196266590410052 0.35 0.35 0.0 0.0 
0.0 0.0 0.19584111753911068 0.0 0.10425025125787811 0.21462340414807812 0.0 0.15391340902305156 0.17786595850594794 0.15350585952593368 0.0 
0.0 0.0 0.13564694532181898 0.0 0.0 0.0 0.0 0.35 0.35 0.0 0.16435305467818098 
0.0 0.0 0.19065211392662407 0.0 0.0 0.11934698542865954 0.0 0.3477549361939488 0.34224596445076755 0.0 0.0 
0.0 0.0 0.17915804498996668 0.0 0.0 0.21252061201410533 0.0 0.17067570289566597 0.3374729985832307 0.10017264151703119 0.0 
0.0 0.0 0.19998889211610735 0.0 0.12922658564693373 0.27479478634213605 0.0 0.10852757094567614 0.10364819758257438 0.18381396736657246 0.0 
0.0 0.0 0.18325374190950328 0.0 0.0 0.15234191143334408 0.0 0.21770266392688883 0.3441079006913625 0.10259378203890133 0.0 
0.0 0.0 0.18611449037923727 0.0 0.11821380862229935 0.25167660856240465 0.0 0.12602085681930805 0.14305459531745568 0.17491964029929485 0.0 
0.0 0.0 0.20079034855200628 0.0 0.0 0.15604416382014424 0.0 0.18560446774768588 0.35 0.10756101988016376 0.0 
0.0 0.0 0.20079034855200628 0.0 0.0 0.15604416382014424 0.0 0.18560446774768588 0.35 0.10756101988016376 0.0 
0.0 0.0 0.21233227233254445 0.0 0.0 0.13179864819243556 0.0 0.30586907947502007 0.3499999999999999 0.0 0.0 
0.0 0.0 0.1736366387206091 0.0 0.0 0.2551373621877381 0.0 0.14080669084142686 0.32744431329909973 0.10297499495112615 0.0 
0.0 0.0 0.20320655869618373 0.0 0.0 0.11236986142238752 0.0 0.33442357988142885 0.35 0.0 0.0 
0.0 0.0 0.19499150203989277 0.0 0.0 0.1050084979601075 0.0 0.35 0.35 0.0 0.0 
0.0 0.0 0.19522386736422895 0.0 0.0 0.0 0.0 0.3431787266660251 0.3483592199987734 0.0 0.1132381859709725 
0.0 0.0 0.20082912196105304 0.0 0.12647585259400543 0.27010436225184875 0.0 0.11700110061785174 0.10464782555765859 0.1809417370175824 0.0 
0.0 0.0 0.18165248091095035 0.0 0.0 0.2909648701921388 0.0 0.11904003688488957 0.2847345650607496 0.1236080469512717 0.0 
0.0 0.0 0.20468545161879578 0.0 0.11738721134716108 0.2280498115640422 0.0 0.13872219089773866 0.15787216787070735 0.15328316670155484 0.0 
0.0 0.0 0.176414023040598 0.0 0.0 0.0 0.12358597695940199 0.35 0.35 0.0 0.0 
0.0 0.0 0.1995417855010529 0.0 0.10050099504596344 0.22088022706002394 0.0 0.15283457822546945 0.1757136219850641 0.15052879218242612 0.0 
0.0 0.0 0.1870528521637625 0.0 0.0 0.20223120292287766 0.0 0.15444308751159358 0.35 0.1062728574017662 0.0 
0.0 0.0 0.1833892663497851 0.0 0.0 0.10545012026127135 0.0 0.25626520363464383 0.35 0.10489540975429971 0.0 
0.0 0.0 0.19666428477733172 0.0 0.1195270311259648 0.22404891095340068 0.0 0.14418874574954033 0.15398377634389382 0.1615872510498688 0.0 
0.0 0.0 0.21940573773990532 0.0 0.0 0.11453570791589689 0.0 0.31605855434419783 0.35 0.0 0.0 
0.0 0.16980359249356347 0.0 0.0 0.0 0.0 0.13019640750643652 0.35 0.35 0.0 0.0 
0.0 0.11204654612636344 0.0 0.0 0.0 0.0 0.18795345387363663 0.35 0.35 0.0 0.0 
0.0 0.0 0.22996608335880975 0.0 0.0 0.10020545351677818 0.0 0.31982846312441204 0.35 0.0 0.0 
0.0 0.0 0.17704027681535164 0.0 0.0 0.2268185055038862 0.0 0.15622423109959874 0.3322612678521204 0.107655718729043 0.0 
0.0 0.11813072633324685 0.0 0.0 0.0 0.0 0.1818692736667532 0.35 0.35 0.0 0.0 
0.0 0.0 0.22640412407727625 0.0 0.0 0.10060884968785119 0.0 0.32931670798922047 0.3436703182456521 0.0 0.0 
0.0 0.0 0.1360950101902674 0.0 0.0 0.0 0.16390498980973275 0.35 0.35 0.0 0.0 
0.0 0.0 0.18110994629474322 0.0 0.0 0.10992109800951923 0.0 0.2615314711092715 0.3454106174195172 0.10202686716694886 0.0 
0.0 0.0 0.198197723498063 0.0 0.0 0.10541886549824481 0.0 0.3488226009817969 0.34756081002189537 0.0 0.0 
0.0 0.0 0.18789538488244087 0.0 0.0 0.0 0.0 0.35 0.35 0.11210461511755912 0.0 
0.0 0.1712413668666886 0.0 0.0 0.0 0.0 0.1287586331333115 0.35 0.35 0.0 0.0 
0.0 0.0 0.17377534991382074 0.0 0.0 0.21899909486420888 0.0 0.15687900961810622 0.3423204581059444 0.10802608749791966 0.0 
0.0 0.0 0.2085969311228582 0.0 0.0 0.11731197685388113 0.0 0.3240910920232606 0.35 0.0 0.0 
0.0 0.0 0.19747786709801907 0.0 0.0 0.12094944073026086 0.0 0.33157269217172 0.35 0.0 0.0 
0.0 0.0 0.20226394973382286 0.0 0.0 0.11203732646691474 0.0 0.23874320664083393 0.3457224796685313 0.101233037489897 0.0 
0.0 0.0 0.17716309920197923 0.0 0.0 0.0 0.12283690079802081 0.35 0.35 0.0 0.0 
0.0 0.0 0.17808420303414546 0.0 0.0 0.2935767158524203 0.0 0.11359569396431025 0.2879158773296107 0.1268275098195133 0.0 
