-0.013716700458084229 4.153849936859849E-4 
-0.00545533992632722 8.127186165565622E-5 
-0.00545533992632722 8.127186165565622E-5 
-0.013716700458084229 4.153849936859849E-4 
-0.01358833068745862 3.471288604766845E-4 
-0.013716700458084225 4.1538499368598466E-4 
-0.007032773739514905 8.857458089599847E-5 
-0.005748216757398112 8.855192663241823E-5 
-0.01337709259249158 3.3190871706786565E-4 
-0.013373388027817304 2.9674589922956554E-4 
-0.012389851310488333 2.2837851318106912E-4 
-0.012389325986653045 2.008899435659405E-4 
-0.012007765624746713 1.8720183072362732E-4 
-0.013506603992876738 3.345657063988537E-4 
-0.010882302635530503 1.5253006426241695E-4 
-0.01215353332618294 1.9310162238459736E-4 
-0.011877604878090715 1.8278594462378577E-4 
-0.010718717686178427 1.4809190943191567E-4 
-0.009363227317420182 1.1770612122079583E-4 
-0.011727859345005974 1.7810956267355616E-4 
-0.011616197830638268 1.7438701618716152E-4 
-0.01150240403247561 1.7091860426579158E-4 
-0.0073747988568962945 9.02609971530956E-5 
-0.008178891970790239 9.842391083424699E-5 
-0.008416371574085278 1.0170225126387937E-4 
-0.012816679475037847 2.4145992804652634E-4 
-0.009078906008043484 1.1347584191370774E-4 
-0.007933521322896556 9.605296649621109E-5 
-0.010468867624602134 1.4244711991319388E-4 
-0.010388157192413138 1.3957215795552607E-4 
-0.009247803104706381 1.1493808765101882E-4 
-0.009477081395327665 1.1932755599192903E-4 
-0.007200413500037035 8.895873977848837E-5 
-0.008749803911083251 1.064944630307775E-4 
-0.013285737360714475 2.77470166298028E-4 
-0.008974689754990314 1.1018675338304706E-4 
-0.011430851974222646 1.685458584975944E-4 
-0.01332361566665297 2.8525049284090054E-4 
-0.013565080309142767 3.4110866866060135E-4 
-0.01029354576567915 1.3807470597515504E-4 
-0.012718714040680104 2.381447857840849E-4 
-0.013217201452471444 2.655191539169807E-4 
-0.012205667280525918 1.9441443187388224E-4 
-0.012935561084847173 2.4674295675522224E-4 
-0.012477905031944427 2.3055938960902657E-4 
-0.005702617122900607 8.655304347245565E-5 
-0.00862676751166749 1.0459514238299938E-4 
-0.011161550239652967 1.6046855560869396E-4 
-0.011933992443573712 1.8482296465376338E-4 
-0.012533224131755043 2.3248276026730265E-4 
-0.007470484614046011 9.114031476511068E-5 
-0.007821132112421648 9.437592407996305E-5 
-0.005614127006008323 8.412203119244575E-5 
-0.005561845342926601 8.293585574357045E-5 
-0.008318906014848214 1.0057567303407974E-4 
-0.013346907134833011 2.92970965110228E-4 
-0.011356167657721137 1.662872474602062E-4 
-0.013341618504194453 2.892416600034209E-4 
-0.00856259023984196 1.036277948696405E-4 
-0.01005043181650677 1.315321859793189E-4 
-0.009824937620235182 1.2658269484189683E-4 
-0.012291819579936022 1.9763286467143007E-4 
-0.00917070427091337 1.1426235510730054E-4 
-0.011691057654186158 1.7668684040912533E-4 
-0.009973016752521345 1.2975572085838352E-4 
-0.01095971422738654 1.5468419811274427E-4 
-0.01056104890598335 1.4417571637013554E-4 
-0.011073207428073394 1.5804501097746896E-4 
-0.00882325884051939 1.0759434564402084E-4 
-0.012616245815719691 2.3462694781624263E-4 
-0.012636762498401882 2.3598635986222155E-4 
-0.009768015560500616 1.254687766137131E-4 
-0.011215320218681784 1.6202230229526868E-4 
-0.009559302064100241 1.2092031895566326E-4 
-0.013253593472046014 2.7152397164642973E-4 
-0.0101113769754701 1.3470696020951526E-4 
-0.013253593472046014 2.7152397164642973E-4 
-0.012796190744755256 2.3978415376754318E-4 
-0.012309093154175495 1.986994448176649E-4 
-0.008249683338481159 9.932757475657867E-5 
-0.007142622524538385 8.869524848393096E-5 
-0.01319856813757259 2.627435372184629E-4 
-0.00970304188366643 1.2387852528894928E-4 
-0.013570541607337092 3.423479665447876E-4 
-0.007933521322896556 9.605296649621109E-5 
-0.01305056313911343 2.4788783409258734E-4 
-0.013116981927059249 2.5297450378382964E-4 
-0.013162914287650783 2.5799689274642396E-4 
-0.011245985668671733 1.6459689525944113E-4 
-0.013155363328185107 2.5708674497074363E-4 
-0.00963725537517799 1.2379475169290452E-4 
-0.011305077595004136 1.6487418398424534E-4 
-0.007556449370311719 9.256561217037366E-5 
-0.009600372795921705 1.2176175339446825E-4 
-0.010989119309227156 1.56277268615025E-4 
-0.012935561084847173 2.4674295675522224E-4 
-0.009904711917028965 1.2844422197208022E-4 
-0.010219297538082104 1.356907026376443E-4 
-0.010601614527255988 1.4514370646626329E-4 
-0.013079823936914342 2.4981174926540727E-4 
