-0.017609275760070896 7.814526095630626E-4 
-0.017609275760070896 7.814526095630626E-4 
-0.009947451882853366 1.823770058206191E-5 
-0.017392812473186952 6.19719598016679E-4 
-0.01760927576007089 7.814526095630618E-4 
-0.016985367836081088 4.190890709535647E-4 
-0.016986214227848993 4.775687366101334E-4 
-0.015113828784307575 1.7807091972666777E-4 
-0.015307936383988058 1.888572439504607E-4 
-0.01719760812819581 5.106804832959012E-4 
-0.013774113088759319 9.909499970668603E-5 
-0.01686935748587597 3.629533046698633E-4 
-0.013512819171455064 8.897792927282796E-5 
-0.017060597290380904 4.934514571891997E-4 
-0.012492946063380478 6.309970364427021E-5 
-0.012336517185450653 5.8482515882671935E-5 
-0.010991604075160295 2.7250827411027726E-5 
-0.016493635867207555 3.063157386598753E-4 
-0.010262544042369369 1.9718622471418475E-5 
-0.01480175672301783 1.5098961078504843E-4 
-0.011859494265383828 4.4652206952753524E-5 
-0.01199853722727214 4.991460566143457E-5 
-0.01715678914267013 4.987057749313338E-4 
-0.016717477668008046 3.3971138920247036E-4 
-0.01619540579344033 2.6632232512868156E-4 
-0.01655967003411806 3.1438330146762853E-4 
-0.017240456294162217 5.316246704162828E-4 
-0.01560067586891727 2.073905477541206E-4 
-0.01698207922750095 4.009545851706829E-4 
-0.010789722092914296 2.5493126302084508E-5 
-0.016656929571014417 3.2912952723150525E-4 
-0.013125224023858717 7.64896096942259E-5 
-0.01697989477684194 3.920433573539671E-4 
-0.016810084097491015 3.5299735316150505E-4 
-0.010495094856218504 2.11791676068465E-5 
-0.014664487267795073 1.4421082184937689E-4 
-0.010402286493733686 2.049567171165147E-5 
-0.017339349759999078 5.863846924259752E-4 
-0.013491905738943925 8.840992928157377E-5 
-0.01661336141193415 3.231340713609932E-4 
-0.011080032468382416 3.0116121167853726E-5 
-0.011760385115353135 4.252990426770357E-5 
-0.014143342806590742 1.1546566949673483E-4 
-0.014493021370750621 1.3114733446538624E-4 
-0.014095423864188425 1.1311986830106821E-4 
-0.012655835573398262 6.590156140512103E-5 
-0.0169574566161245 3.776315915684916E-4 
-0.011203152798257747 3.0321509896191747E-5 
-0.01165975454454208 4.0679393585795175E-5 
-0.016352271773178564 2.881002945965674E-4 
-0.013971031860417907 1.0909014825491323E-4 
-0.012226039690124209 5.585326978571299E-5 
-0.01729273200250501 5.594548615507725E-4 
-0.015019457052161506 1.7169168084043163E-4 
-0.016082988469964313 2.562900053147385E-4 
-0.016352271773178564 2.881002945965674E-4 
-0.014272077325761964 1.2018233620866836E-4 
-0.011578240961145321 3.821298373073631E-5 
-0.013902091644722996 1.0505656295107648E-4 
-0.01736783558570449 6.038201767615534E-4 
-0.014927908987866938 1.6733908072354508E-4 
-0.015493381946405746 2.030834704063833E-4 
-0.014407793918095125 1.269162622030211E-4 
-0.012095535737291104 5.204432759276298E-5 
-0.017247849223394875 5.494710415473653E-4 
-0.012993006614230486 7.392770154005161E-5 
-0.011414387032783642 3.4540459959200804E-5 
-0.01149137681880011 3.6617068605546617E-5 
-0.016200523813907637 2.734034870424084E-4 
-0.012611200494869631 6.501882134031379E-5 
-0.012805478853061209 6.917262524474797E-5 
-0.016282488717958114 2.7731957342573614E-4 
-0.012811105786636214 6.929612986148426E-5 
-0.013787420008121234 1.010202508261863E-4 
-0.017246188106975154 5.345539306769559E-4 
-0.012965334727435614 7.202107533671853E-5 
-0.014894384288302056 1.576588235736014E-4 
-0.01737347224360483 6.07358341947445E-4 
-0.016313333788015843 2.809991543082246E-4 
-0.01426630215559473 1.1993864840605192E-4 
-0.010636131712366558 2.25981768307663E-5 
-0.015752453239073677 2.1987318359065677E-4 
-0.010099295300497226 1.9100995834916743E-5 
-0.013325556718111947 8.305363095161628E-5 
-0.012168961382501309 5.3365561763716804E-5 
-0.017333130868781407 5.826771221390447E-4 
-0.016957456616124505 3.776315915684917E-4 
-0.010748211634545491 2.42045260669151E-5 
-0.009948510619071404 1.8237931985645595E-5 
-0.016986214227848993 4.775687366101334E-4 
-0.014861307259789168 1.5572318845909233E-4 
-0.010099295300497222 1.9100995834916715E-5 
-0.01464139358288761 1.4204603568223007E-4 
-0.013318142617924357 8.27893042728682E-5 
-0.015827328549559257 2.269875444365416E-4 
-0.015663042173994703 2.1403381856980442E-4 
-0.011292408017366409 3.195317632252043E-5 
-0.017311652519214304 5.701446888835234E-4 
-0.01566836725942051 2.1592811588998305E-4 
-0.01132164231499975 3.34770146702733E-5 
