0.0 0.29999999999999993 0.0 0.0 0.0 0.0 0.0 0.35 0.35 0.0 0.0 
0.0 0.19950145378643372 0.0 0.0 0.23821179566382528 0.19611912315851457 0.0 0.0 0.1871557460794882 0.17901188131173826 0.0 
0.0 0.29999999999999993 0.0 0.0 0.0 0.0 0.0 0.35 0.35 0.0 0.0 
0.0 0.19950145378643372 0.0 0.0 0.23821179566382528 0.19611912315851457 0.0 0.0 0.1871557460794882 0.17901188131173826 0.0 
0.10003545842201533 0.19996454157798485 0.0 0.0 0.0 0.0 0.0 0.35 0.35 0.0 0.0 
0.0 0.3285012848945585 0.0 0.0 0.0 0.0 0.0 0.3214987151054415 0.3499999999999999 0.0 0.0 
0.0 0.19976977716044897 0.0 0.0 0.23764790142501568 0.18858210359872285 0.0 0.0 0.2351466210458664 0.13885359676994619 0.0 
0.10528185314844299 0.17090957615281382 0.0 0.0 0.14572647112696951 0.14628740504286156 0.0 0.10415396967405569 0.18387826886083622 0.14376245599402016 0.0 
0.18839831725475428 0.10559356411888647 0.0 0.10440868369971701 0.0 0.0 0.0 0.35 0.2515994349266421 0.0 0.0 
0.18984764752379857 0.13146534417235325 0.0 0.14461127356621106 0.0 0.10598743026210969 0.0 0.15827857373982693 0.26980973073570047 0.0 0.0 
0.21939484671509168 0.11365512067807655 0.0 0.13283417137070888 0.0 0.0 0.0 0.2982070464191764 0.2359088148169465 0.0 0.0 
0.18902170856610093 0.12858869793775357 0.0 0.12961807699311603 0.0 0.10158497373030731 0.0 0.18147238330944057 0.26971415946328164 0.0 0.0 
0.10426894993932131 0.1765312577259672 0.0 0.0 0.14106115887648102 0.12555620138057805 0.0 0.13820664793267762 0.18940983971799932 0.12496594442697564 0.0 
0.17665720124355683 0.10655891679775437 0.0 0.10086268345524958 0.0 0.0 0.0 0.3495166940887517 0.2664045044146876 0.0 0.0 
0.17886920925761038 0.10559051178484341 0.0 0.10792195955584 0.0 0.10377676551101093 0.0 0.23884201248563508 0.2649995414050602 0.0 0.0 
0.18362597264463618 0.13185511084053764 0.0 0.12475828740283404 0.0 0.10223124002620146 0.0 0.19763869443654317 0.2598906946492475 0.0 0.0 
0.13376608004614102 0.12372428638349295 0.0 0.10539027785540944 0.10537785077595661 0.10646831681371792 0.0 0.15107897492099093 0.27419421320429116 0.0 0.0 
0.2225767676676058 0.10741904743882152 0.0 0.12246843526068198 0.0 0.0 0.0 0.30722417029545435 0.24031157933743624 0.0 0.0 
0.1852054025932479 0.13350295917738284 0.0 0.1410871202990313 0.0 0.10655872558163514 0.0 0.16692556625940635 0.26672022608929646 0.0 0.0 
0.17028143436769014 0.12765994820199472 0.0 0.10756736805049012 0.0 0.10465272827120077 0.0 0.21813250941483647 0.27170601169378794 0.0 0.0 
0.17578874081582058 0.14408660777575139 0.0 0.0 0.0 0.0 0.0 0.35 0.33012465140842795 0.0 0.0 
0.13935946557452708 0.12732180424965137 0.0 0.10515807331592297 0.11303510979532724 0.10734713609281508 0.0 0.1432832778833276 0.26449513308842876 0.0 0.0 
0.19768758669640568 0.17319598122835153 0.0 0.0 0.0 0.0 0.0 0.35 0.27911643207524284 0.0 0.0 
0.16479209846376724 0.10354089599921544 0.0 0.1035690426275878 0.0 0.0 0.0 0.35 0.2780979629094296 0.0 0.0 
0.2019683441520604 0.1020604180953182 0.0 0.10355523008320362 0.0 0.0 0.0 0.34757874523471716 0.2448372624347006 0.0 0.0 
0.13768260450887104 0.10089549613267029 0.0 0.10452966805177766 0.0 0.0 0.0 0.35 0.30689223130668103 0.0 0.0 
0.11681176668393438 0.13752993431118357 0.0 0.10264734644888453 0.10119626312752344 0.10470170650709107 0.0 0.14622313337277212 0.2908898495486108 0.0 0.0 
0.19777223558104037 0.1301403616918852 0.0 0.0 0.0 0.0 0.0 0.35 0.3220874027270744 0.0 0.0 
0.19609938322119738 0.12044438768075655 0.0 0.12017537771657837 0.0 0.0 0.0 0.3138318376541097 0.24944901372735798 0.0 0.0 
0.20752462340273511 0.14487974491320738 0.0 0.0 0.0 0.0 0.0 0.35 0.2975956316840575 0.0 0.0 
0.1788704580513051 0.12803427594579944 0.0 0.0 0.0 0.0 0.0 0.35 0.34309526600289547 0.0 0.0 
0.23918300240004928 0.12086605615711535 0.0 0.0 0.0 0.0 0.0 0.35 0.28995094144283545 0.0 0.0 
0.12143473768431326 0.13086028111506817 0.0 0.10605905604918661 0.14454489601915732 0.11196630610385291 0.0 0.11404384497949029 0.2710908780489314 0.0 0.0 
0.20961298582901294 0.10683447503516337 0.0 0.12283019903627447 0.0 0.0 0.0 0.3338200231724043 0.2269023169271449 0.0 0.0 
0.23314575696629058 0.11917070500707928 0.0 0.11551477382587012 0.0 0.0 0.0 0.2729072437181449 0.25926152048261514 0.0 0.0 
0.17514422513088027 0.13507760853574186 0.0 0.11044753460781542 0.0 0.10255516002426002 0.0 0.20355787384716414 0.2732175978541382 0.0 0.0 
0.1311636067730413 0.16883639322695887 0.0 0.0 0.0 0.0 0.0 0.35 0.35 0.0 0.0 
0.16876416476391 0.10864243092627075 0.0 0.10185565542492933 0.0 0.0 0.0 0.35 0.2707377488848899 0.0 0.0 
0.1762243914700301 0.1296680589493404 0.0 0.11202870595223009 0.0 0.101584008126556 0.0 0.21973852874994404 0.2607563067518993 0.0 0.0 
0.0 0.20809510516906454 0.0 0.0 0.22804240540905577 0.19672017564225253 0.0 0.0 0.21480304992503307 0.15233926385459415 0.0 
0.11018141610273667 0.16612724630833478 0.0 0.0 0.12990387591667568 0.14229899584790617 0.0 0.12210453522547159 0.18605470095290147 0.14332922964597372 0.0 
0.236155003468773 0.10636856656871069 0.0 0.15048587994678 0.0 0.0 0.0 0.25711919434331176 0.24987135567242452 0.0 0.0 
0.19479572613912807 0.14315954209480852 0.0 0.0 0.0 0.0 0.0 0.34913396017631154 0.31291077158975195 0.0 0.0 
0.2148689705474908 0.10123229013292837 0.0 0.12913888513590258 0.0 0.0 0.0 0.3124541443967274 0.24230570978695082 0.0 0.0 
0.11681176668393438 0.13752993431118357 0.0 0.10264734644888453 0.10119626312752344 0.10470170650709107 0.0 0.14622313337277212 0.2908898495486108 0.0 0.0 
0.10397751358506885 0.17413438085077104 0.0 0.0 0.12935804946589521 0.14700930382641844 0.0 0.11599059033602485 0.18431284580045917 0.14521731613536273 0.0 
0.12149668297542819 0.13488032574959158 0.0 0.10901766955639142 0.12408364921551134 0.11155004059155109 0.0 0.1242374948808811 0.2747341370306454 0.0 0.0 
0.12623027039379506 0.12180738087419697 0.0 0.10557571113181785 0.13260788821551067 0.10618000507453786 0.0 0.13869216409803192 0.2689065802121097 0.0 0.0 
0.21367421997291108 0.10453086802142789 0.0 0.10054251194903312 0.0 0.0 0.0 0.331157806741537 0.25009459331509093 0.0 0.0 
0.12325004400551301 0.17674995599448698 0.0 0.0 0.0 0.0 0.0 0.35 0.35 0.0 0.0 
0.0 0.3113917909247253 0.0 0.0 0.0 0.0 0.0 0.33860820907527484 0.35 0.0 0.0 
0.11383083801680045 0.1861691619831996 0.0 0.0 0.0 0.0 0.0 0.35 0.35 0.0 0.0 
0.10810002001263613 0.19189997998736386 0.0 0.0 0.0 0.0 0.0 0.35 0.35 0.0 0.0 
0.0 0.32850128489455854 0.0 0.0 0.0 0.0 0.0 0.32149871510544153 0.35 0.0 0.0 
0.22722319649853615 0.11218456903447033 0.0 0.15097832449965917 0.0 0.0 0.0 0.2720884988566373 0.23752541111069705 0.0 0.0 
0.0 0.21594594293378855 0.0 0.0 0.2332479973488605 0.18813047508277964 0.0 0.0 0.19792930152795613 0.16474628310661518 0.0 
0.14981186856916826 0.10723433220503667 0.0 0.10559643760721699 0.0 0.0 0.0 0.35 0.28735736161857817 0.0 0.0 
0.2332493662963349 0.1503864474009156 0.0 0.0 0.0 0.0 0.0 0.35 0.26636418630274966 0.0 0.0 
0.0 0.20394005781795804 0.0 0.0 0.24373402176925402 0.19108829273982525 0.0 0.0 0.20124866231608907 0.1599889653568736 0.0 
0.24285473800098908 0.10459848465279951 0.0 0.13908465807369708 0.0 0.0 0.0 0.2824672616125699 0.23099485765994437 0.0 0.0 
0.2365963772042176 0.12597939704633404 0.0 0.14078346333969424 0.0 0.0 0.0 0.25209679548849623 0.24454396692125793 0.0 0.0 
0.2123855962714643 0.10250062789696646 0.0 0.11686094608992194 0.0 0.0 0.0 0.3389444495213924 0.22930838022025493 0.0 0.0 
0.19102105397547675 0.1296975127723338 0.0 0.0 0.0 0.0 0.0 0.35 0.32928143325218945 0.0 0.0 
0.11891467538954133 0.18108532461045868 0.0 0.0 0.0 0.0 0.0 0.35 0.35 0.0 0.0 
0.10779649922613674 0.17497138749008245 0.0 0.0 0.13619648860797195 0.1268669065188239 0.0 0.12989020883048502 0.18400176766689616 0.1402767416596038 0.0 
0.178693169929342 0.14980443294768891 0.0 0.0 0.0 0.0 0.0 0.3476843357191989 0.3238180614037702 0.0 0.0 
0.19692786887998948 0.10884252241260103 0.0 0.10313319781325085 0.0 0.0 0.0 0.33974987624480607 0.25134653464935247 0.0 0.0 
0.10373385416857757 0.19626614583142246 0.0 0.0 0.0 0.0 0.0 0.35 0.35 0.0 0.0 
0.18009519860556508 0.13294660342788206 0.0 0.11441196408725202 0.0 0.10409352244740254 0.0 0.20319994896491986 0.26525276246697854 0.0 0.0 
0.14286394860154134 0.11364978265058556 0.0 0.10251128786246438 0.0 0.0 0.0 0.3479931415770962 0.2929818393083125 0.0 0.0 
0.13694285764604758 0.11594796840936948 0.0 0.10343039123601347 0.0 0.0 0.0 0.35 0.29367878270856956 0.0 0.0 
0.2003525179643335 0.11243205526168272 0.0 0.11198942407220693 0.0 0.0 0.0 0.35 0.22522600270177695 0.0 0.0 
0.13833211539801604 0.16166788460198406 0.0 0.0 0.0 0.0 0.0 0.35 0.35 0.0 0.0 
0.13849698871124635 0.16427764880652213 0.0 0.0 0.0 0.0 0.0 0.35 0.34722536248223157 0.0 0.0 
0.0 0.3111695846599459 0.0 0.0 0.0 0.0 0.0 0.35 0.33883041534005415 0.0 0.0 
0.22497222106090095 0.11197971005138684 0.0 0.14308309188975835 0.0 0.0 0.0 0.2796599475839773 0.24030502941397652 0.0 0.0 
0.11125996370126646 0.1748262685102121 0.0 0.0 0.1390580321711282 0.13004524399048323 0.0 0.13311944632442443 0.18060057042588507 0.13109047487660055 0.0 
0.19913587579684244 0.1442969685403744 0.0 0.0 0.0 0.0 0.0 0.35 0.30656715566278314 0.0 0.0 
0.0 0.19683792896700877 0.0 0.0 0.2360557785147758 0.19701510444775855 0.0 0.0 0.23051460657022868 0.13957658150022817 0.0 
0.0 0.20056490127863688 0.0 0.0 0.2394815896021847 0.19716454105265818 0.0 0.0 0.1881533844677914 0.1746355835987288 0.0 
0.15365134366676042 0.11084423851543719 0.0 0.1030738168252092 0.0 0.0 0.0 0.35 0.2824306009925932 0.0 0.0 
0.20495211405847485 0.12823597924386107 0.0 0.1139395649175991 0.0 0.0 0.0 0.30733291588729467 0.24553942589277028 0.0 0.0 
0.20495211405847485 0.12823597924386107 0.0 0.1139395649175991 0.0 0.0 0.0 0.30733291588729467 0.24553942589277028 0.0 0.0 
0.19913587579684244 0.1442969685403744 0.0 0.0 0.0 0.0 0.0 0.35 0.30656715566278314 0.0 0.0 
0.1492668036460093 0.15073319635399068 0.0 0.0 0.0 0.0 0.0 0.35 0.35 0.0 0.0 
0.14113917388038474 0.10896857894456895 0.0 0.11019203853096839 0.0 0.0 0.0 0.35 0.28970020864407775 0.0 0.0 
0.13694285764604758 0.11594796840936948 0.0 0.10343039123601347 0.0 0.0 0.0 0.35 0.29367878270856956 0.0 0.0 
0.10383839678472817 0.17613881324380637 0.0 0.0 0.1410573463798894 0.14451418075013156 0.0 0.1073385060737812 0.18856626794252537 0.13854648882513776 0.0 
0.22258984997659345 0.10541415507619484 0.0 0.15528949957285695 0.0 0.0 0.0 0.2689237883146195 0.24778270705973537 0.0 0.0 
0.1208164570074781 0.13311414878685637 0.0 0.10753215092076095 0.1371130477491618 0.1132140737510406 0.0 0.10666521709891695 0.28154490468578525 0.0 0.0 
0.22714925830120872 0.10418893614525132 0.0 0.1416536053451947 0.0 0.0 0.0 0.28441559971130376 0.24259260049704154 0.0 0.0 
0.2003525179643335 0.11243205526168272 0.0 0.11198942407220693 0.0 0.0 0.0 0.35 0.22522600270177695 0.0 0.0 
0.12387380008988023 0.13348865910752888 0.0 0.10818929210282704 0.12736275832479976 0.11421519149789935 0.0 0.116334458523688 0.2765358403533767 0.0 0.0 
0.23687472659226005 0.13706484579415762 0.0 0.0 0.0 0.0 0.0 0.35 0.2760604276135823 0.0 0.0 
0.10528185314844299 0.17090957615281382 0.0 0.0 0.14572647112696951 0.14628740504286156 0.0 0.10415396967405569 0.18387826886083622 0.14376245599402016 0.0 
0.18009519860556508 0.13294660342788206 0.0 0.11441196408725202 0.0 0.10409352244740254 0.0 0.20319994896491986 0.26525276246697854 0.0 0.0 
0.10383839678472818 0.1761388132438064 0.0 0.0 0.14105734637988943 0.1445141807501316 0.0 0.10733850607378122 0.1885662679425254 0.1385464888251378 0.0 
0.15365134366676042 0.11084423851543719 0.0 0.1030738168252092 0.0 0.0 0.0 0.35 0.2824306009925932 0.0 0.0 
0.18246947222705168 0.11753052777294841 0.0 0.0 0.0 0.0 0.0 0.35 0.35 0.0 0.0 
0.2159258159728793 0.10280805498318259 0.0 0.1028777945164192 0.0 0.0 0.0 0.3269703626409083 0.25141797188661064 0.0 0.0 
