-0.01611301372473826 3.490790714687223E-4 
-0.006116307392815148 2.463576755654821E-5 
-0.006116307392815148 2.463576755654821E-5 
-0.008366256630118687 3.334342657954833E-5 
-0.00673411486001084 3.323301055476466E-5 
-0.01272441832613782 6.0262060255740095E-5 
-0.012374351304358622 5.630717923066481E-5 
-0.014930258656191823 1.887926951953978E-4 
-0.013780460316803354 9.968529046022269E-5 
-0.011949224513132463 5.17785159674371E-5 
-0.014502799629057761 1.6128098825411513E-4 
-0.006445638011068865 2.8181732816441623E-5 
-0.015156399862020614 2.0513714008795863E-4 
-0.013693055243846355 9.112919558383902E-5 
-0.014580128743813443 1.6807919419867866E-4 
-0.010467077988631356 4.275466128402263E-5 
-0.01404530371896517 1.1061732943976499E-4 
-0.009474991770970165 3.581836158631311E-5 
-0.00966184818370227 3.668274690479916E-5 
-0.013431393347087121 7.945108921927506E-5 
-0.006206614178839786 2.61244341002694E-5 
-0.015269410789228926 2.1582370834137438E-4 
-0.014634695281441932 1.7269515852027793E-4 
-0.015543035059139563 2.63615399547362E-4 
-0.013937789411988314 1.0314474126164241E-4 
-0.015390860476945448 2.3195597304883877E-4 
-0.01558364918375445 2.689060964380967E-4 
-0.014854091665342068 1.8445674899368182E-4 
-0.009146578902539107 3.4843202114514325E-5 
-0.0065940813904516015 2.993326755416422E-5 
-0.015538418858425246 2.5685593036315393E-4 
-0.012951889284055364 6.385609922955591E-5 
-0.013288844707282048 7.338808249736199E-5 
-0.015492039622113499 2.525292377511417E-4 
-0.011785947394028677 5.0630581411110555E-5 
-0.01442368892644932 1.4961279513507644E-4 
-0.015063638897417953 1.9979818071708905E-4 
-0.00888471661134263 3.416647233088144E-5 
-0.011533503620729284 4.86831036018323E-5 
-0.015039889191174834 1.957486812668097E-4 
-0.009232181191094228 3.5769562794816774E-5 
-0.015450636475719665 2.402007532204391E-4 
-0.013495165594081244 8.174620236732689E-5 
-0.013694388845113894 9.123594381114177E-5 
-0.01569800030284696 2.932807310615938E-4 
-0.014310659273620786 1.308693610221638E-4 
-0.012217877526075172 5.354832177023644E-5 
-0.01329274053058228 7.392124345407596E-5 
-0.01567143123972088 2.906157996348691E-4 
-0.011326572560942626 4.8165184220999645E-5 
-0.008808382114767208 3.4082388993005453E-5 
-0.015743432318444845 3.0803681641483643E-4 
-0.01164628445874711 4.9499273229311844E-5 
-0.014691031552858221 1.7833807719890013E-4 
-0.011253908057450905 4.720049005513936E-5 
-0.014277175405832752 1.287739404458728E-4 
-0.015462202096892334 2.471799950232743E-4 
-0.01564236515189473 2.844607152675954E-4 
-0.010663443373409453 4.53012996695268E-5 
-0.015206697257740832 2.1120212309879056E-4 
-0.010311673915143475 4.126130152590351E-5 
-0.014731959558324317 1.8229673401594056E-4 
-0.00988982052914719 3.936443872382905E-5 
-0.010793044429577046 4.653149270351002E-5 
-0.013495165594081244 8.174620236732689E-5 
-0.01024545110288885 4.079207946286828E-5 
-0.014175926647369969 1.1890529438376368E-4 
-0.013113309345040312 6.75006404209881E-5 
-0.015918025035689502 3.17318662380858E-4 
-0.013881321612218174 1.0245597812979002E-4 
-0.015718653056070727 3.0546624968898656E-4 
-0.013113309345040312 6.75006404209881E-5 
-0.015623695381635785 2.781088585270926E-4 
-0.015963691556667527 3.2334927966090116E-4 
-0.014343084264212054 1.3786519600913788E-4 
-0.011038193684725469 4.654257981611653E-5 
-0.009857530650122306 3.800744567495799E-5 
-0.008579175042083744 3.354811483362709E-5 
-0.015863264243700537 3.1122237176362135E-4 
-0.006706313742237884 3.258247889530332E-5 
-0.016085024413339543 3.435551520215091E-4 
-0.01532513817776613 2.238298799449978E-4 
-0.014444875778771286 1.5583196958384636E-4 
-0.015922635453732802 3.178884281654897E-4 
-0.015321555824183215 2.2319652285090493E-4 
-0.015713321181762857 3.0055444131144195E-4 
-0.012323788101496673 5.57918210308334E-5 
-0.011064379081483984 4.6871801807844755E-5 
-0.014400410663196864 1.4509756398226894E-4 
-0.015863264243700534 3.112223717636211E-4 
-0.0085535839261029 3.348474865949414E-5 
-0.01438181287477058 1.4291912081051587E-4 
-0.015625787860444856 2.8250666080602266E-4 
-0.014443508626437684 1.5562488879648027E-4 
-0.010082599026040749 3.998650893822565E-5 
-0.014228109568376592 1.237484539680651E-4 
-0.016034039351988973 3.34324054252649E-4 
-0.015230656857185255 2.1192974051458698E-4 
-0.01561207784686697 2.743786042387259E-4 
-0.014228103511803132 1.2369962346472495E-4 
