-0.01479245409648866 5.123216769697927E-4 
-0.01479245409648866 5.123216769697927E-4 
-0.003088994199054061 5.2666464373350625E-5 
-0.014501507630327447 4.389744360672683E-4 
-0.005126418470877185 6.100357104087446E-5 
-0.009776130861312814 8.909542421306524E-5 
-0.014792454096488656 5.123216769697921E-4 
-0.003318011541909559 6.09410759591972E-5 
-0.00798859974207377 8.907725882416695E-5 
-0.014368897791637306 3.714253473464565E-4 
-0.014369395910156473 4.3108366823085766E-4 
-0.006631219025022821 7.063402796122039E-5 
-0.005373032322799768 6.200138590556701E-5 
-0.013167990865870515 2.449988220269757E-4 
-0.011863858911448356 1.5279195320524062E-4 
-0.010162118024945032 9.380168018839329E-5 
-0.013528984026317692 2.760082336645224E-4 
-0.012730286681635086 2.0842284590866147E-4 
-0.010363272426916361 9.794402060218697E-5 
-0.013208082378007456 2.4980425017575127E-4 
-0.01427531617109893 3.5196894317771136E-4 
-0.013047079456191516 2.3535411210890827E-4 
-0.006935295048033621 7.32255717987191E-5 
-0.00699168696934019 7.373163439509085E-5 
-0.01060661158629643 1.0537178807987145E-4 
-0.00611374702008049 6.702152367340184E-5 
-0.0056946031267719145 6.42656393790122E-5 
-0.012119677394334361 1.713656820621073E-4 
-0.012260418156644753 1.7486721349386367E-4 
-0.011761863366442728 1.4809807298739986E-4 
-0.012637079768905293 2.001775088440402E-4 
-0.013944108166742363 3.1062985753378447E-4 
-0.012811024615897693 2.126150528465523E-4 
-0.011146023773430167 1.2910787149701582E-4 
-0.013617002695771284 2.8226514074919265E-4 
-0.006270884015648933 6.780133961799204E-5 
-0.01068223555444433 1.0964123934257614E-4 
-0.0072521654702172745 7.780303464245388E-5 
-0.010814523035782198 1.1168273184689086E-4 
-0.013790556202386717 2.9766927625361186E-4 
-0.014221100272937204 3.4262986756978544E-4 
-0.0140268306660313 3.198246615250856E-4 
-0.014337029313980072 3.6432522132614695E-4 
-0.013874686747973972 3.046766912162811E-4 
-0.014487356395571069 4.3869833262557607E-4 
-0.011033471191965277 1.2126906883909853E-4 
-0.011979016952037572 1.6004355017005048E-4 
-0.013292961642070299 2.590488222595041E-4 
-0.01136233918724259 1.3432378978643012E-4 
-0.007436939373225244 7.864844235699732E-5 
-0.0032016407173328506 5.446718612386303E-5 
-0.01412020152570543 3.2902459206176325E-4 
-0.011663607059735907 1.4467280344530645E-4 
-0.014792454096488656 5.123216769697921E-4 
-0.01129149380156838 1.307734758117062E-4 
-0.0059103203126837 6.544630489568903E-5 
-0.003222438147820447 5.996126012017668E-5 
-0.012992323796371672 2.2942240558759827E-4 
-0.013430881497571667 2.695260464894826E-4 
-0.00520502353583656 6.140286143599405E-5 
-0.010016244396387732 9.14854621772051E-5 
-0.014095393213862441 3.2668957220952235E-4 
-0.011618691364063167 1.4214061473990966E-4 
-0.012327556590462183 1.7944124595557944E-4 
-0.013818355162595487 3.0237075376704714E-4 
-0.01417812104788609 3.3623404139103516E-4 
-0.007684837619535607 8.29490087460059E-5 
-0.01047614106235847 1.009633655919313E-4 
-0.013736187366230224 2.917242781461921E-4 
-0.012535265067275803 1.9260170816705493E-4 
-0.012888998423417794 2.1851757915342638E-4 
-0.010900057065532903 1.1514298022041017E-4 
-0.007847623972067657 8.611948873270297E-5 
-0.01239377553529061 1.8447008850289306E-4 
-0.012574224225122808 1.98579001981859E-4 
-0.012929270276940972 2.2562162196137846E-4 
-0.006454468021850685 6.923685941759419E-5 
-0.009849504190342468 8.992096174302825E-5 
-0.00767633866438931 8.276039820734888E-5 
-0.0114738467543813 1.3646059263236338E-4 
-0.012879061805026603 2.1776598702259162E-4 
-0.01153697668910833 1.391501171791854E-4 
-0.007463608548021338 8.26048133951936E-5 
-0.01335371355576783 2.649236445968232E-4 
-0.010939195040657376 1.1658416700629159E-4 
-0.006436794767606229 6.881397370731521E-5 
-0.012069193997000235 1.6612055349044728E-4 
-0.012448584349166455 1.8811044681185538E-4 
-0.012063476066876758 1.6499291097754224E-4 
-0.01396757947449004 3.167035250673243E-4 
-0.011984116019620572 1.610279310132367E-4 
-0.013300522377893344 2.59114337426434E-4 
-0.007976101173590447 8.889269751399662E-5 
-0.009980342470082181 9.033420138362032E-5 
-0.007254320792873173 7.804226559950373E-5 
-0.013697975176126493 2.9142186728037695E-4 
-0.005875118306323102 6.51281953704241E-5 
-0.013033439020050436 2.3234155719894573E-4 
-0.005725123143798578 6.463637869879515E-5 
-0.007852200528861856 8.61341251902509E-5 
