0.0 0.30000000000000027 0.0 0.0 0.0 0.0 0.0 0.35 0.35 0.0 0.0 
0.0 0.30000000000000027 0.0 0.0 0.0 0.0 0.0 0.35 0.35 0.0 0.0 
0.10159827220210002 0.14623057259713307 0.34579095402818355 0.20867672518400246 0.0 0.0 0.19770347598858096 0.0 0.0 0.0 0.0 
0.10150738329948258 0.18327664114999256 0.25883251456745215 0.14746042522506242 0.0 0.0 0.16459330493454494 0.0 0.14432973082346537 0.0 0.0 
0.21906912591268402 0.0 0.35 0.0 0.0 0.0 0.0 0.3276996653596896 0.10323120872762626 0.0 0.0 
0.0 0.19739990326303244 0.0 0.0 0.0 0.0 0.10260009673696761 0.35 0.35 0.0 0.0 
0.0 0.2999999999999998 0.0 0.0 0.0 0.0 0.0 0.35 0.35 0.0 0.0 
0.0 0.2101281150869615 0.0 0.0 0.0 0.0 0.11042458062111958 0.35 0.3294473042919189 0.0 0.0 
0.10000072266311937 0.19999927733688075 0.0 0.0 0.0 0.0 0.0 0.35 0.35 0.0 0.0 
0.10060762766189904 0.21480623318781278 0.2937534605567254 0.17642281180648323 0.0 0.0 0.2144098667870796 0.0 0.0 0.0 0.0 
0.10254173186866326 0.1429281370019317 0.3216895137509065 0.16538154414311965 0.0 0.0 0.16718809943803967 0.0 0.10027097379733917 0.0 0.0 
0.198136617169951 0.11140424251146622 0.12390816884010274 0.0 0.0 0.0 0.0 0.35 0.21655097147848013 0.0 0.0 
0.2255357119897536 0.1074344265841882 0.16764602540624207 0.0 0.0 0.0 0.0 0.35 0.14938383601981617 0.0 0.0 
0.20001498987156155 0.0 0.3062152760189052 0.0 0.0 0.0 0.0 0.35 0.1437697341095332 0.0 0.0 
0.11057553745284579 0.1542391854370894 0.35 0.17833864120638618 0.0 0.0 0.20684663590367855 0.0 0.0 0.0 0.0 
0.17806492882310723 0.10534312871911003 0.13120303318682935 0.0 0.0 0.0 0.0 0.35 0.23538890927095335 0.0 0.0 
0.171195572237805 0.12880442776219503 0.0 0.0 0.0 0.0 0.0 0.35 0.35 0.0 0.0 
0.18863198298401773 0.10695695827710103 0.15746091557409894 0.0 0.0 0.0 0.0 0.3463485497680147 0.20060159339676767 0.0 0.0 
0.10382515368800692 0.1603672828014074 0.3090252120790577 0.15865176263359476 0.0 0.0 0.16294175775419942 0.0 0.10518883104373378 0.0 0.0 
0.23919181197408806 0.13618205086846252 0.0 0.0 0.0 0.0 0.0 0.3436109308506733 0.28101520630677607 0.0 0.0 
0.1746384766490916 0.11032392967431195 0.1553568425198894 0.0 0.0 0.0 0.0 0.35 0.20968075115670712 0.0 0.0 
0.17001454513983852 0.12245571147725545 0.12353583193305 0.0 0.0 0.0 0.0 0.35 0.23399391144985615 0.0 0.0 
0.18023688461478077 0.10766535194472156 0.11453064805408472 0.0 0.0 0.0 0.0 0.3496386513724433 0.2479284640139698 0.0 0.0 
0.10000571111957526 0.19222131728360528 0.2976570223118634 0.15281539953433684 0.0 0.0 0.15598132722409802 0.0 0.10131922252652134 0.0 0.0 
0.1163417482759934 0.18365825172400657 0.0 0.0 0.0 0.0 0.0 0.35 0.35 0.0 0.0 
0.19097971533579083 0.1020860553731602 0.2014940834759813 0.0 0.0 0.0 0.0 0.35 0.15544014581506774 0.0 0.0 
0.21655843286935464 0.0 0.3242165573414328 0.0 0.0 0.0 0.0 0.3493273557997812 0.10989765398943148 0.0 0.0 
0.20155449414154913 0.10424733869839284 0.2173995980962339 0.0 0.0 0.0 0.0 0.3407999764982298 0.13599859256559427 0.0 0.0 
0.20408776778134197 0.10674448924966315 0.16682253460693014 0.0 0.0 0.0 0.0 0.35 0.17234520836206488 0.0 0.0 
0.1377529329107928 0.16497236300313226 0.0 0.0 0.0 0.0 0.0 0.35 0.3472747040860749 0.0 0.0 
0.16250020440450152 0.1144612414039256 0.10384666913939576 0.0 0.0 0.0 0.0 0.35 0.26919188505217717 0.0 0.0 
0.12626117862000652 0.10470875280310268 0.1043049336074492 0.0 0.0 0.0 0.0 0.35 0.3147251349694415 0.0 0.0 
0.10601420526264346 0.15254475171526213 0.2976837349634163 0.1536297217339285 0.0 0.0 0.163416690097477 0.0 0.12671089622727266 0.0 0.0 
0.10152553354995139 0.19360595814071654 0.28691775555891247 0.19807793333906404 0.0 0.0 0.21987281941135545 0.0 0.0 0.0 0.0 
0.20108855685528154 0.1080061299353121 0.21317893106510546 0.0 0.0 0.0 0.0 0.35 0.12772638214430093 0.0 0.0 
0.1976311477055013 0.10336746856994683 0.16154485560757073 0.0 0.0 0.0 0.0 0.35 0.18745652811698113 0.0 0.0 
0.21854089992131887 0.13990728972362557 0.0 0.0 0.0 0.0 0.0 0.35 0.2915518103550556 0.0 0.0 
0.10041179845328779 0.183377869417164 0.26218305603926806 0.1496616171022356 0.0 0.0 0.16858941086711246 0.0 0.13577624812093217 0.0 0.0 
0.19826129208159296 0.10474764326672624 0.20655495518465508 0.0 0.0 0.0 0.0 0.34449898254256667 0.14593712692445912 0.0 0.0 
0.20967960951407455 0.0 0.3349986586388116 0.0 0.0 0.0 0.0 0.3350477733622921 0.12027395848482174 0.0 0.0 
0.1490499428131339 0.10825515194685244 0.10810231408505316 0.0 0.0 0.0 0.0 0.35 0.2845925911549605 0.0 0.0 
0.20170972500293713 0.1345168994460514 0.0 0.0 0.0 0.0 0.0 0.35 0.3137733755510116 0.0 0.0 
0.0 0.19436807365036404 0.0 0.0 0.0 0.0 0.11432865856375198 0.3465546917027739 0.3447485760831102 0.0 0.0 
0.20044517461684566 0.10164945055432618 0.20063232730869102 0.0 0.0 0.0 0.0 0.34930148006984496 0.14797156745029205 0.0 0.0 
0.10240753518153269 0.16090899304700787 0.2816708244617613 0.15220992196680327 0.0 0.0 0.1720719616722935 0.0 0.13073076367060135 0.0 0.0 
0.20779653049390936 0.0 0.32026090797912826 0.0 0.0 0.0 0.0 0.34328248333254957 0.12866007819441272 0.0 0.0 
0.2054657740225489 0.0 0.2750473868070227 0.0 0.0 0.0 0.0 0.35 0.16948683917042842 0.0 0.0 
0.17076946350331068 0.13815843131436392 0.0 0.0 0.0 0.0 0.0 0.35 0.34107210518232545 0.0 0.0 
0.21552985763154833 0.15668623787046648 0.0 0.0 0.0 0.0 0.0 0.35 0.27778390449798523 0.0 0.0 
0.21917233472884573 0.0 0.2812241572950695 0.0 0.0 0.0 0.0 0.35 0.14960350797608493 0.0 0.0 
0.2221432390369768 0.1530130675929424 0.0 0.0 0.0 0.0 0.0 0.35 0.27484369337008085 0.0 0.0 
0.21696351696924232 0.0 0.34265129377704123 0.0 0.0 0.0 0.0 0.33986393157517913 0.10052125767853735 0.0 0.0 
0.0 0.2999999999999998 0.0 0.0 0.0 0.0 0.0 0.35 0.35 0.0 0.0 
0.10784566996624052 0.15596433853891736 0.3008800749167544 0.1326300607102157 0.0 0.0 0.1577773544147114 0.0 0.14490250145316066 0.0 0.0 
0.12470781447761496 0.11572722027578489 0.10302169242824268 0.0 0.0 0.0 0.0 0.34921779991928 0.3073254728990774 0.0 0.0 
0.12325824221178573 0.1767417577882142 0.0 0.0 0.0 0.0 0.0 0.35 0.35 0.0 0.0 
0.1625702313026711 0.10681920351511887 0.10195130105859014 0.0 0.0 0.0 0.0 0.35 0.27865926412361997 0.0 0.0 
0.10300271752772575 0.1921799116095165 0.27671581865943784 0.19720197674420925 0.0 0.0 0.2308995754591107 0.0 0.0 0.0 0.0 
0.18884338296841904 0.13125697283602633 0.0 0.0 0.0 0.0 0.0 0.35 0.3298996441955547 0.0 0.0 
0.15378044972213534 0.1463931951712825 0.0 0.0 0.0 0.0 0.0 0.34982635510658217 0.35 0.0 0.0 
0.1348729480656661 0.11564121720530243 0.11372799877402169 0.0 0.0 0.0 0.0 0.35 0.28575783595500986 0.0 0.0 
0.10109712659721169 0.19281340437318045 0.31321198170175657 0.19726707289943057 0.0 0.0 0.19561041442842061 0.0 0.0 0.0 0.0 
0.17370546088166236 0.14956364897906077 0.0 0.0 0.0 0.0 0.0 0.35 0.3267308901392768 0.0 0.0 
0.21023517181405796 0.0 0.3135113913500898 0.0 0.0 0.0 0.0 0.34759332094131157 0.1286601158945407 0.0 0.0 
0.15347864326969135 0.14652135673030886 0.0 0.0 0.0 0.0 0.0 0.35 0.35 0.0 0.0 
0.1018688548152407 0.14199024506345523 0.3195785927806338 0.16429631333917705 0.0 0.0 0.16609101404980697 0.0 0.1061749799516862 0.0 0.0 
0.20482616803818146 0.11556209328795927 0.1700238985740335 0.0 0.0 0.0 0.0 0.35 0.15958784009982577 0.0 0.0 
0.18999286500032192 0.11413063347610629 0.16802192519013634 0.0 0.0 0.0 0.0 0.35 0.1778545763334355 0.0 0.0 
0.10813430765851911 0.19186569234148088 0.0 0.0 0.0 0.0 0.0 0.35 0.35 0.0 0.0 
0.20300856332302314 0.12126812147624717 0.0 0.0 0.0 0.0 0.0 0.35 0.3257233152007297 0.0 0.0 
0.18243998006866555 0.10935566201525505 0.10321523957885308 0.0 0.0 0.0 0.0 0.35 0.2549891183372263 0.0 0.0 
0.2180515696780623 0.0 0.3492410980279538 0.0 0.0 0.0 0.0 0.3290505659213715 0.10365676637261251 0.0 0.0 
0.1276706165991064 0.17232938340089374 0.0 0.0 0.0 0.0 0.0 0.35 0.35 0.0 0.0 
0.17881583322744984 0.15523131123852726 0.0 0.0 0.0 0.0 0.0 0.3482153721617191 0.31773748337230384 0.0 0.0 
0.17189215399353772 0.11544224213862736 0.1381939964700683 0.0 0.0 0.0 0.0 0.34917238373243925 0.22529922366532734 0.0 0.0 
0.17992216919051068 0.10808106476037067 0.15911581338448588 0.0 0.0 0.0 0.0 0.34998866372219833 0.20289228894243447 0.0 0.0 
0.17463847664909157 0.11032392967431194 0.15535684251988938 0.0 0.0 0.0 0.0 0.35 0.20968075115670703 0.0 0.0 
0.18674816128709185 0.11264299186535356 0.10967432781598761 0.0 0.0 0.0 0.0 0.35 0.24093451903156696 0.0 0.0 
0.19236492464584654 0.0 0.2933396881600704 0.0 0.0 0.0 0.0 0.34995654820423966 0.16433883898984342 0.0 0.0 
0.18243998006866555 0.10935566201525505 0.10321523957885308 0.0 0.0 0.0 0.0 0.35 0.2549891183372263 0.0 0.0 
0.10110134529361316 0.19291020021054112 0.3133692198156666 0.1961135215476366 0.0 0.0 0.1965057131325425 0.0 0.0 0.0 0.0 
0.20740523132146563 0.0 0.3464805316186237 0.0 0.0 0.0 0.0 0.34446962216435206 0.10164461489555864 0.0 0.0 
0.20961120857066198 0.0 0.3077988836829849 0.0 0.0 0.0 0.0 0.34937019811037845 0.13321970963597463 0.0 0.0 
0.14383931078851295 0.10581483957873777 0.10694182975356914 0.0 0.0 0.0 0.0 0.34861516306194956 0.2947888568172306 0.0 0.0 
0.1801608755669588 0.0 0.3012158942692135 0.0 0.0 0.0 0.0 0.35 0.16862323016382774 0.0 0.0 
0.19166371563077578 0.0 0.2800325740256662 0.0 0.0 0.0 0.0 0.35 0.1783037103435581 0.0 0.0 
0.13537923641192812 0.11385688209207713 0.103074187500511 0.0 0.0 0.0 0.0 0.34680575426454074 0.300883939730943 0.0 0.0 
0.16013944939599245 0.1163094738572476 0.10240519316424768 0.0 0.0 0.0 0.0 0.35 0.27114588358251224 0.0 0.0 
0.1759876768817984 0.11286922727635014 0.10290114859483371 0.0 0.0 0.0 0.0 0.3458933210440953 0.2623486262029223 0.0 0.0 
0.17467389054228122 0.11289752563621082 0.10146997849170952 0.0 0.0 0.0 0.0 0.35 0.2609586053297985 0.0 0.0 
0.10178565170404291 0.19821434829595708 0.0 0.0 0.0 0.0 0.0 0.35 0.35 0.0 0.0 
0.13863680928816507 0.1064578285276633 0.1075916669123568 0.0 0.0 0.0 0.0 0.35 0.2973136952718148 0.0 0.0 
0.20374035767234383 0.0 0.29102795432603296 0.0 0.0 0.0 0.0 0.35 0.15523168800162326 0.0 0.0 
0.13557826187576266 0.1025285548422203 0.10364258259121506 0.0 0.0 0.0 0.0 0.35 0.308250600690802 0.0 0.0 
0.18832619858229535 0.12011181659097914 0.0 0.0 0.0 0.0 0.0 0.34900412831620103 0.3425578565105245 0.0 0.0 
0.13544138182720167 0.10344567551153891 0.10353794485990182 0.0 0.0 0.0 0.0 0.34963560745215283 0.3079393903492048 0.0 0.0 
0.1890589251466225 0.17285675187794433 0.0 0.0 0.0 0.0 0.0 0.34920278493962115 0.288881538035812 0.0 0.0 
0.19802312869125147 0.16676170483207184 0.0 0.0 0.0 0.0 0.0 0.34670411648268473 0.2885110499939919 0.0 0.0 
0.13330686684811197 0.16669313315188805 0.0 0.0 0.0 0.0 0.0 0.35 0.35 0.0 0.0 
0.13889598927949967 0.1050684879323459 0.10461672226465361 0.0 0.0 0.0 0.0 0.3461562499081395 0.3052625506153613 0.0 0.0 
