0.0 0.3000000000000001 0.0 0.0 0.0 0.0 0.0 0.3499999999999999 0.35 0.0 0.0 
0.33408671526761907 0.0 0.0 0.0 0.13625189724026665 0.3011552182958905 0.0 0.10109514466497659 0.12741102453124728 0.0 0.0 
0.0 0.3000000000000001 0.0 0.0 0.0 0.0 0.0 0.3499999999999999 0.35 0.0 0.0 
0.10004414660147343 0.19995585339852673 0.0 0.0 0.0 0.0 0.0 0.35 0.35 0.0 0.0 
0.19468257561591454 0.10634095341677015 0.0 0.0 0.0 0.0 0.0 0.3489764709673154 0.35 0.0 0.0 
0.3288112437194101 0.0 0.0 0.0 0.11677979386855764 0.20415592739324023 0.0 0.1010642397818123 0.24918879523697982 0.0 0.0 
0.0 0.3010044255167397 0.0 0.0 0.0 0.0 0.0 0.34899557448326035 0.35 0.0 0.0 
0.349599743769885 0.0 0.0 0.0 0.0 0.32889717179644123 0.0 0.1017075707988801 0.2197955136347936 0.0 0.0 
0.3000000000000002 0.0 0.0 0.0 0.0 0.0 0.0 0.3499999999999999 0.35 0.0 0.0 
0.3127123934528391 0.0 0.0 0.0 0.0 0.0 0.0 0.33728760654716083 0.35 0.0 0.0 
0.31737486809505006 0.0 0.0 0.0 0.0 0.0 0.0 0.33262513190494997 0.35 0.0 0.0 
0.2868342338672709 0.1017255663268098 0.0 0.0 0.0 0.0 0.0 0.2614401998059194 0.35 0.0 0.0 
0.12045503163007043 0.17954496836992961 0.0 0.0 0.0 0.0 0.0 0.35 0.35 0.0 0.0 
0.348329168973586 0.1990644222455996 0.0 0.0 0.0 0.0 0.0 0.10385316576002836 0.34875324302078603 0.0 0.0 
0.35 0.14893170934515498 0.0 0.0 0.0 0.0 0.0 0.151068290654845 0.35 0.0 0.0 
0.34366765297188173 0.16499352186318897 0.0 0.0 0.0 0.0 0.0 0.14133882516492924 0.35 0.0 0.0 
0.27804477323143895 0.10523733560550774 0.0 0.0 0.0 0.0 0.0 0.2667178911630533 0.35 0.0 0.0 
0.34449464019239956 0.1475248244537213 0.0 0.0 0.0 0.0 0.0 0.1579805353538793 0.35 0.0 0.0 
0.30326925349118505 0.10326165426777328 0.0 0.0 0.0 0.0 0.0 0.24346909224104188 0.35 0.0 0.0 
0.35 0.0 0.0 0.0 0.0 0.3055879721489344 0.0 0.10012517863877339 0.24428684921229224 0.0 0.0 
0.3399886200635693 0.0 0.0 0.0 0.0 0.0 0.0 0.31001137993643063 0.35 0.0 0.0 
0.33103432800999133 0.0 0.0 0.0 0.11567522196808648 0.27918381819112253 0.0 0.10041319638303348 0.17369343544776628 0.0 0.0 
0.3489653210991385 0.0 0.0 0.0 0.0 0.2684866345977823 0.0 0.10133046494577731 0.28121757935730185 0.0 0.0 
0.3241102407825032 0.0 0.0 0.0 0.0 0.2011749474167098 0.0 0.1247148118007871 0.35 0.0 0.0 
0.34414980771685366 0.0 0.0 0.0 0.0 0.29732315018529404 0.0 0.1055894798288851 0.2529375622689673 0.0 0.0 
0.33317429097799905 0.0 0.0 0.0 0.11587585795438203 0.2083119752148311 0.0 0.10031556432617414 0.24232231152661363 0.0 0.0 
0.3499479820458986 0.13459034519661223 0.0 0.0 0.0 0.0 0.0 0.16546167275748924 0.35 0.0 0.0 
0.2705046992034575 0.10302589886529043 0.0 0.0 0.0 0.0 0.0 0.27648575043670054 0.3499836514945517 0.0 0.0 
0.1594972210582745 0.14050277894172558 0.0 0.0 0.0 0.0 0.0 0.35 0.35 0.0 0.0 
0.17200278105049388 0.12799721894950614 0.0 0.0 0.0 0.0 0.0 0.35 0.35 0.0 0.0 
0.30979258655614744 0.10548281634033153 0.0 0.0 0.0 0.0 0.0 0.23472459710352098 0.35 0.0 0.0 
0.341336350370274 0.0 0.0 0.0 0.0 0.2193851790481678 0.0 0.1001836949637647 0.33909477561779355 0.0 0.0 
0.34318221940448995 0.19612302475850873 0.0 0.0 0.0 0.0 0.0 0.11069475583700132 0.35 0.0 0.0 
0.3216739246419183 0.0 0.0 0.0 0.0 0.0 0.0 0.32832607535808167 0.35 0.0 0.0 
0.33586530744965865 0.0 0.0 0.0 0.1171125194145112 0.3146457381014377 0.0 0.10161773212061881 0.13075870291377373 0.0 0.0 
0.3088534337212693 0.12392854061411296 0.0 0.0 0.0 0.0 0.0 0.22090961816698035 0.3463084074976373 0.0 0.0 
0.34730219776892085 0.0 0.0 0.0 0.0 0.0 0.0 0.3026978022310792 0.35 0.0 0.0 
0.3483377916420527 0.0 0.0 0.0 0.0 0.32796618257501475 0.0 0.10453836766202858 0.21915765812090393 0.0 0.0 
0.3242929506370134 0.0 0.0 0.0 0.0 0.2667973897571381 0.0 0.10190935514048613 0.3070003044653623 0.0 0.0 
0.34631031854611666 0.10236618262042745 0.0 0.0 0.0 0.0 0.0 0.20132349883345602 0.35 0.0 0.0 
0.2878348591271722 0.0 0.0 0.0 0.12027074343890652 0.25759005975437294 0.0 0.10194487101250752 0.23235946666704085 0.0 0.0 
0.33568986043281857 0.0 0.0 0.0 0.12162027632585326 0.3025706555835694 0.0 0.10199594920693132 0.13812325845082743 0.0 0.0 
0.3370110118866843 0.0 0.0 0.0 0.0 0.0 0.0 0.3129889881133158 0.35 0.0 0.0 
0.3172858620563442 0.0 0.0 0.0 0.11665862365694664 0.2689001320458026 0.0 0.10122469355482007 0.1959306886860866 0.0 0.0 
0.33271728195237416 0.0 0.0 0.0 0.0 0.2133883238927171 0.0 0.10434352311196524 0.34955087104294347 0.0 0.0 
0.31362047063422904 0.0 0.0 0.0 0.1201567862061915 0.2719163437091885 0.0 0.10005531235057281 0.19425108709981823 0.0 0.0 
0.2937525669580427 0.11208047729824047 0.0 0.0 0.0 0.0 0.0 0.2492664763353851 0.34490047940833174 0.0 0.0 
0.33786728950075445 0.12892710092668927 0.0 0.0 0.0 0.0 0.0 0.1832056095725564 0.35 0.0 0.0 
0.324007249741321 0.0 0.0 0.0 0.11886788655368083 0.29622325691577417 0.0 0.10138836684421954 0.15951323994500444 0.0 0.0 
0.32050692293588934 0.0 0.0 0.0 0.1168085415260327 0.3048488371861997 0.0 0.10044277238331405 0.15739292596856444 0.0 0.0 
0.2650590584836277 0.10074277735185898 0.0 0.0 0.0 0.0 0.0 0.28447815161780077 0.34972001254671264 0.0 0.0 
0.3305500583711278 0.18701307563914749 0.0 0.0 0.0 0.0 0.0 0.1324368659897247 0.35 0.0 0.0 
0.3267152453733396 0.0 0.0 0.0 0.0 0.24889486247128687 0.0 0.10171486121449104 0.3226750309408825 0.0 0.0 
0.35 0.0 0.0 0.0 0.0 0.0 0.0 0.2999999999999998 0.35 0.0 0.0 
0.33244721334828836 0.0 0.0 0.0 0.0 0.20917880071317016 0.0 0.10968405626011851 0.34868992967842294 0.0 0.0 
0.330642570944432 0.0 0.0 0.0 0.0 0.0 0.0 0.31935742905556813 0.35 0.0 0.0 
0.3020925808338272 0.0 0.0 0.0 0.0 0.0 0.0 0.34855362226190856 0.3493537969042643 0.0 0.0 
0.34075232739457134 0.1395288633423513 0.0 0.0 0.0 0.0 0.0 0.16971880926307745 0.35 0.0 0.0 
0.35 0.1264369720762481 0.0 0.0 0.0 0.0 0.0 0.17356302792375206 0.35 0.0 0.0 
0.34420564193031755 0.0 0.0 0.0 0.0 0.0 0.0 0.3057943580696825 0.35 0.0 0.0 
0.318372123910697 0.10429628213061944 0.0 0.0 0.0 0.0 0.0 0.22733159395868363 0.35 0.0 0.0 
0.3223272060407315 0.0 0.0 0.0 0.0 0.2164984282740113 0.0 0.1186236047159886 0.34255076096926856 0.0 0.0 
0.3430053284626137 0.17540125019632258 0.0 0.0 0.0 0.0 0.0 0.1315934213410638 0.35 0.0 0.0 
0.33502223414541965 0.0 0.0 0.0 0.0 0.0 0.0 0.31497776585458026 0.35 0.0 0.0 
0.34789994101081173 0.0 0.0 0.0 0.0 0.2964298806678706 0.0 0.10107211685917605 0.2545980614621416 0.0 0.0 
0.34525014856324415 0.18052766921238694 0.0 0.0 0.0 0.0 0.0 0.12422218222436902 0.35 0.0 0.0 
0.35 0.1098875229745996 0.0 0.0 0.0 0.0 0.0 0.19011247702540046 0.35 0.0 0.0 
0.33984710479500485 0.0 0.0 0.0 0.0 0.21666133282214625 0.0 0.10311819309492555 0.34037336928792344 0.0 0.0 
0.35 0.10163290187925256 0.0 0.0 0.0 0.0 0.0 0.19889317111331667 0.34947392700743063 0.0 0.0 
0.3171347744424443 0.10798279435773994 0.0 0.0 0.0 0.0 0.0 0.22488243119981577 0.35 0.0 0.0 
0.34089539051425694 0.0 0.0 0.0 0.0 0.2380580019104974 0.0 0.10023117550805981 0.3208154320671859 0.0 0.0 
0.3268316205935416 0.0 0.0 0.0 0.0 0.0 0.0 0.3231683794064584 0.35 0.0 0.0 
0.32401068135091077 0.0 0.0 0.0 0.0 0.0 0.0 0.3259893186490892 0.35 0.0 0.0 
0.35 0.0 0.0 0.0 0.0 0.25425022875131487 0.0 0.1033022737867004 0.29244749746198473 0.0 0.0 
0.30669267019592894 0.0 0.0 0.0 0.0 0.0 0.0 0.34330732980407097 0.35 0.0 0.0 
0.2754017482457175 0.1005924994578525 0.0 0.0 0.0 0.0 0.0 0.2740057522964299 0.35 0.0 0.0 
0.3299472996058758 0.10178073190397517 0.0 0.0 0.0 0.0 0.0 0.21827196849014913 0.35 0.0 0.0 
0.29812797701524396 0.11331150341599068 0.0 0.0 0.0 0.0 0.0 0.23856051956876534 0.35 0.0 0.0 
0.3400497294239106 0.13240223209790516 0.0 0.0 0.0 0.0 0.0 0.1775480384781842 0.35 0.0 0.0 
0.3108986225518623 0.0 0.0 0.0 0.11657907700872025 0.2604801689523287 0.0 0.10057859253004275 0.21146353895704603 0.0 0.0 
0.342115448448384 0.0 0.0 0.0 0.0 0.2668868704927596 0.0 0.10061624506145364 0.2903814359974028 0.0 0.0 
0.2913560043969375 0.10641990801086625 0.0 0.0 0.0 0.0 0.0 0.25222408759219633 0.35 0.0 0.0 
0.3102582965396536 0.0 0.0 0.0 0.11603116628989288 0.25925593660915897 0.0 0.10010588258632225 0.21434871797497232 0.0 0.0 
0.26574388630608436 0.10407143623900246 0.0 0.0 0.0 0.0 0.0 0.2801846774549132 0.35 0.0 0.0 
0.2650990869073659 0.1007779177754348 0.0 0.0 0.0 0.0 0.0 0.2841229953171992 0.35 0.0 0.0 
0.30826355200252936 0.0 0.0 0.0 0.0 0.0 0.0 0.34173644799747066 0.35 0.0 0.0 
0.3188596701223073 0.0 0.0 0.0 0.0 0.21206377808996063 0.0 0.11907655178773198 0.35 0.0 0.0 
0.2860905071842233 0.10847336741820886 0.0 0.0 0.0 0.0 0.0 0.2554361253975679 0.35 0.0 0.0 
0.2977094689142362 0.10271538220361202 0.0 0.0 0.0 0.0 0.0 0.252894723749078 0.34668042513307384 0.0 0.0 
0.3320920412434727 0.11278473600320577 0.0 0.0 0.0 0.0 0.0 0.20525983432433734 0.3498633884289841 0.0 0.0 
0.33800120342408446 0.10290433832902743 0.0 0.0 0.0 0.0 0.0 0.20909445824688813 0.35 0.0 0.0 
0.3337812935870042 0.10699294577450655 0.0 0.0 0.0 0.0 0.0 0.21142225690726174 0.3478035037312275 0.0 0.0 
0.3040007721894367 0.0 0.0 0.0 0.0 0.0 0.0 0.34599922781056325 0.35 0.0 0.0 
0.35 0.11176632753106165 0.0 0.0 0.0 0.0 0.0 0.18823367246893835 0.35 0.0 0.0 
0.26574388630608436 0.10407143623900246 0.0 0.0 0.0 0.0 0.0 0.2801846774549132 0.35 0.0 0.0 
0.3117412568792904 0.10614632877647141 0.0 0.0 0.0 0.0 0.0 0.23211241434423838 0.35 0.0 0.0 
0.3074508808596495 0.0 0.0 0.0 0.11641471549888364 0.24933140566207845 0.0 0.10189326156243159 0.22490973641695677 0.0 0.0 
0.35 0.18301131654042152 0.0 0.0 0.0 0.0 0.0 0.11698868345957851 0.35 0.0 0.0 
0.32650433931746 0.11001447368886796 0.0 0.0 0.0 0.0 0.0 0.21389031632036476 0.3495908706733073 0.0 0.0 
0.298127977015244 0.1133115034159907 0.0 0.0 0.0 0.0 0.0 0.23856051956876542 0.35 0.0 0.0 
