0.0 0.3000000000000002 0.0 0.0 0.0 0.0 0.0 0.3499999999999999 0.3499999999999999 0.0 0.0 
0.21001770803387051 0.0 0.1063365969508666 0.21596605274570208 0.0 0.0 0.35 0.11767964226956078 0.0 0.0 0.0 
0.0 0.3000000000000002 0.0 0.0 0.0 0.0 0.0 0.3499999999999999 0.3499999999999999 0.0 0.0 
0.3493671551744863 0.3127709768822814 0.0 0.0 0.0 0.0 0.0 0.33786186794323225 0.0 0.0 0.0 
0.10078712994071751 0.2910894160711774 0.0 0.0 0.0 0.0 0.0 0.35 0.2581234539881052 0.0 0.0 
0.1688182790566058 0.2675262721730441 0.0 0.0 0.0 0.0 0.2136554487703501 0.35 0.0 0.0 0.0 
0.10198869566876995 0.3123365878632513 0.0 0.0 0.0 0.0 0.0 0.35 0.23567471646797883 0.0 0.0 
0.1776396025623055 0.10315170496392137 0.10613544011040768 0.12003766972920435 0.0 0.0 0.3467355398997607 0.14630004273440034 0.0 0.0 0.0 
0.0 0.3096976159159442 0.0 0.0 0.0 0.0 0.0 0.35 0.3403023840840558 0.0 0.0 
0.1841568730387116 0.0 0.1049269065570938 0.20297076344285583 0.0 0.0 0.3496878663638324 0.15825759059750633 0.0 0.0 0.0 
0.10502342567909148 0.26606085830845905 0.0 0.0 0.0 0.0 0.0 0.35 0.2789157160124495 0.0 0.0 
0.11043837431021483 0.3391993582475372 0.0 0.0 0.0 0.0 0.0 0.34670766841428446 0.20365459902796357 0.0 0.0 
0.0 0.3454128393978698 0.0 0.0 0.0 0.0 0.0 0.35 0.3045871606021303 0.0 0.0 
0.22056791721221408 0.35 0.0 0.0 0.0 0.0 0.0 0.3274915285181234 0.10194055426966249 0.0 0.0 
0.0 0.3334386677124303 0.0 0.0 0.0 0.0 0.0 0.35 0.3165613322875697 0.0 0.0 
0.0 0.3385099249147025 0.0 0.0 0.0 0.0 0.0 0.35 0.3114900750852976 0.0 0.0 
0.10293404831132999 0.282390020034446 0.0 0.0 0.0 0.0 0.0 0.35 0.264675931654224 0.0 0.0 
0.0 0.33206037481254136 0.0 0.0 0.0 0.0 0.21402197422179214 0.35 0.10391765096566649 0.0 0.0 
0.1082133419217524 0.3469991119728776 0.0 0.0 0.0 0.0 0.0 0.35 0.19478754610537005 0.0 0.0 
0.11004929102615235 0.31343586309437377 0.0 0.0 0.0 0.0 0.0 0.35 0.22651484587947385 0.0 0.0 
0.0 0.3056801865469297 0.0 0.0 0.0 0.0 0.0 0.35 0.34431981345307033 0.0 0.0 
0.19973014368672776 0.0 0.10058968285013324 0.21726712253332733 0.0 0.0 0.3462922026861784 0.13612084824363327 0.0 0.0 0.0 
0.18337363915785734 0.34171348976298055 0.0 0.0 0.0 0.0 0.0 0.35 0.12491287107916196 0.0 0.0 
0.10461613079438095 0.3374888846466539 0.0 0.0 0.0 0.0 0.0 0.35 0.20789498455896513 0.0 0.0 
0.0 0.34578734817177126 0.0 0.0 0.0 0.0 0.2122738977129179 0.3403164215920345 0.10162233252327643 0.0 0.0 
0.0 0.3304534356208791 0.0 0.0 0.0 0.0 0.0 0.35 0.319546564379121 0.0 0.0 
0.2429634398602824 0.11220380349913119 0.0 0.1038408401306733 0.0 0.0 0.35 0.19099191650991312 0.0 0.0 0.0 
0.0 0.3415241221027631 0.0 0.0 0.0 0.0 0.0 0.35 0.30847587789723696 0.0 0.0 
0.10333992318333514 0.2650288389211729 0.0 0.0 0.0 0.0 0.0 0.3481468501847064 0.28348438771078555 0.0 0.0 
0.18375244376989203 0.10875588896996019 0.10468344393544027 0.11857864491722873 0.0 0.0 0.3214320948556514 0.16279748355182747 0.0 0.0 0.0 
0.1974331971229851 0.12948182130973404 0.11292784138442823 0.0 0.0 0.0 0.35 0.21015714018285261 0.0 0.0 0.0 
0.10141390831107921 0.27441174926548395 0.0 0.0 0.0 0.0 0.0 0.35 0.2741743424234368 0.0 0.0 
0.1628570168408841 0.35 0.0 0.0 0.0 0.0 0.0 0.35 0.13714298315911602 0.0 0.0 
0.2495045693082178 0.12054084042468902 0.0 0.1053382968659145 0.0 0.0 0.34991944750862913 0.1746968458925495 0.0 0.0 0.0 
0.12997528730474378 0.10667405421735743 0.10732875649291992 0.11400709333645333 0.0 0.0 0.35 0.19201480864852571 0.0 0.0 0.0 
0.15406907608942863 0.20797812933381354 0.0 0.0 0.0 0.0 0.323862586524229 0.31409020805252874 0.0 0.0 0.0 
0.1583114048746714 0.16557538335587302 0.0 0.0 0.0 0.0 0.34509447839311086 0.3310187333763445 0.0 0.0 0.0 
0.11497007425154394 0.2642778852907117 0.0 0.0 0.0 0.0 0.2707520404577443 0.35 0.0 0.0 0.0 
0.13106343194193998 0.3376659492570009 0.0 0.0 0.0 0.0 0.0 0.34765781435574034 0.18361280444531874 0.0 0.0 
0.1553352323752874 0.33983305440103084 0.0 0.0 0.0 0.0 0.0 0.35 0.15483171322368172 0.0 0.0 
0.0 0.3136007914960534 0.0 0.0 0.0 0.0 0.0 0.35 0.3363992085039466 0.0 0.0 
0.17712820918585595 0.10152623970874436 0.10577349082347436 0.10996918757778598 0.0 0.0 0.32987995999631253 0.1757229127078269 0.0 0.0 0.0 
0.11568299523622888 0.3448384673945129 0.0 0.0 0.0 0.0 0.0 0.35 0.1894785373692582 0.0 0.0 
0.1693968651605647 0.10678128671581504 0.10402137729933336 0.0 0.0 0.0 0.3332215708646072 0.28657889995967956 0.0 0.0 0.0 
0.0 0.30326436718059996 0.0 0.0 0.0 0.0 0.0 0.35 0.3467356328194002 0.0 0.0 
0.11600458131108966 0.28268683832993163 0.0 0.0 0.0 0.0 0.0 0.35 0.25130858035897874 0.0 0.0 
0.10358887026908035 0.30192079573938896 0.0 0.0 0.0 0.0 0.0 0.3499154052622209 0.2445749287293098 0.0 0.0 
0.15928029860902043 0.14071970139097953 0.0 0.0 0.0 0.0 0.35 0.35 0.0 0.0 0.0 
0.18872205719566068 0.17130519661178906 0.0 0.0 0.0 0.0 0.3354666155180915 0.30450613067445886 0.0 0.0 0.0 
0.15087755517159218 0.35 0.0 0.0 0.0 0.0 0.0 0.35 0.14912244482840775 0.0 0.0 
0.16205052082903612 0.12889589052023018 0.10783312406310906 0.0 0.0 0.0 0.3257504237181608 0.27547004086946386 0.0 0.0 0.0 
0.16296625256573677 0.1460757465543118 0.13561211273538354 0.0 0.0 0.0 0.2957486194531584 0.25959726869140953 0.0 0.0 0.0 
0.21771894205516248 0.15597830703030066 0.0 0.0 0.0 0.0 0.34481095180068894 0.2814917991138479 0.0 0.0 0.0 
0.10861713575523546 0.27014927470545325 0.0 0.0 0.0 0.0 0.0 0.35 0.2712335895393113 0.0 0.0 
0.18089261239591997 0.10130418322122497 0.1002447221274609 0.1052277804250637 0.0 0.0 0.3165218703494255 0.19580883148090503 0.0 0.0 0.0 
0.22205082359182132 0.17856621971489495 0.0 0.0 0.0 0.0 0.35 0.24938295669328356 0.0 0.0 0.0 
0.0 0.31934208534850134 0.0 0.0 0.0 0.0 0.0 0.35 0.33065791465149874 0.0 0.0 
0.1734664715028762 0.10128639158212413 0.10603760418355884 0.12059404119714677 0.0 0.0 0.3439979562906089 0.15461753524368518 0.0 0.0 0.0 
0.21513038295519213 0.18067885139200776 0.0 0.0 0.0 0.0 0.33718484373800095 0.2670059219147991 0.0 0.0 0.0 
0.10306383997426671 0.2996755965157861 0.0 0.0 0.0 0.0 0.0 0.3499999999999999 0.24726056350994716 0.0 0.0 
0.12610794678253942 0.3462647195439193 0.0 0.0 0.0 0.0 0.0 0.35 0.1776273336735414 0.0 0.0 
0.1573125287264819 0.35 0.0 0.0 0.0 0.0 0.0 0.35 0.14268747127351825 0.0 0.0 
0.21148463679611873 0.0 0.10707933533234472 0.2104897433498258 0.0 0.0 0.35 0.12094628452171091 0.0 0.0 0.0 
0.1788315596328743 0.0 0.10457031317001003 0.21454236122312112 0.0 0.0 0.35 0.1520557659739945 0.0 0.0 0.0 
0.18652995042179288 0.17458156914889605 0.0 0.0 0.0 0.0 0.3020365394774073 0.33685194095190374 0.0 0.0 0.0 
0.10630870231099841 0.3217058735009814 0.0 0.0 0.0 0.0 0.0 0.35 0.2219854241880202 0.0 0.0 
0.10402788253165775 0.2781381683859053 0.0 0.0 0.0 0.0 0.0 0.35 0.2678339490824369 0.0 0.0 
0.0 0.3230646398133873 0.0 0.0 0.0 0.0 0.0 0.35 0.32693536018661273 0.0 0.0 
0.20402402707703604 0.3408029291173882 0.0 0.0 0.0 0.0 0.0 0.35 0.10517304380557588 0.0 0.0 
0.0 0.35 0.0 0.0 0.0 0.0 0.0 0.35 0.30000000000000004 0.0 0.0 
0.0 0.3267263400559025 0.0 0.0 0.0 0.0 0.0 0.35 0.3232736599440976 0.0 0.0 
0.10831206999783068 0.3023916418960173 0.0 0.0 0.0 0.0 0.0 0.35 0.23929628810615208 0.0 0.0 
0.0 0.3169276732263584 0.0 0.0 0.0 0.0 0.0 0.35 0.33307232677364174 0.0 0.0 
0.18089261239591997 0.10130418322122497 0.1002447221274609 0.1052277804250637 0.0 0.0 0.3165218703494255 0.19580883148090503 0.0 0.0 0.0 
0.16415754110759928 0.13057182623311878 0.10923519656456983 0.0 0.0 0.0 0.32998590994192195 0.26604952615279015 0.0 0.0 0.0 
0.19112074315586589 0.10246235800241145 0.0 0.11923547646518122 0.0 0.0 0.3444183596751488 0.2427630627013927 0.0 0.0 0.0 
0.21758897295682028 0.33988844453735917 0.0 0.0 0.0 0.0 0.0 0.34197163901585775 0.10055094348996281 0.0 0.0 
0.10345964082820855 0.3333435569355333 0.0 0.0 0.0 0.0 0.0 0.35 0.2131968022362582 0.0 0.0 
0.1862496655899981 0.349336539851844 0.0 0.0 0.0 0.0 0.0 0.35 0.11441379455815795 0.0 0.0 
0.20122370256453434 0.1368321509772437 0.1247570680347787 0.0 0.0 0.0 0.35 0.18718707842344326 0.0 0.0 0.0 
0.1829176514209059 0.3492236309618168 0.0 0.0 0.0 0.0 0.0 0.34892134837271066 0.11893736924456677 0.0 0.0 
0.0 0.32184107740282447 0.0 0.0 0.0 0.0 0.0 0.35 0.3281589225971755 0.0 0.0 
0.17595147305272582 0.12531628401555298 0.11051484175322088 0.0 0.0 0.0 0.34960288314533816 0.23861451803316225 0.0 0.0 0.0 
0.17774581417353397 0.2085115559384665 0.0 0.0 0.0 0.0 0.3224778728787055 0.2912647570092942 0.0 0.0 0.0 
0.20944107032071776 0.10430588878731667 0.11224527840513726 0.0 0.0 0.0 0.35 0.22400776248682824 0.0 0.0 0.0 
0.0 0.30098031465092656 0.0 0.0 0.0 0.0 0.0 0.34901968534907346 0.35 0.0 0.0 
0.10596050907219985 0.31855777631075494 0.0 0.0 0.0 0.0 0.0 0.35 0.22548171461704516 0.0 0.0 
0.10424896927485867 0.3277765500653471 0.0 0.0 0.0 0.0 0.0 0.35 0.21797448065979425 0.0 0.0 
0.306149643429116 0.3438503565708839 0.0 0.0 0.0 0.0 0.0 0.35 0.0 0.0 0.0 
0.14010911680473892 0.3472065724817589 0.0 0.0 0.0 0.0 0.0 0.35 0.16268431071350217 0.0 0.0 
0.0 0.3153742834304747 0.0 0.0 0.0 0.0 0.0 0.35 0.33462571656952533 0.0 0.0 
0.1680147795313475 0.1912431280835754 0.0 0.0 0.0 0.0 0.35 0.2907420923850772 0.0 0.0 0.0 
0.20746694026398652 0.3433369683884826 0.0 0.0 0.0 0.0 0.0 0.3426448252809834 0.10655126606654751 0.0 0.0 
0.10732855956174889 0.3039867356078894 0.0 0.0 0.0 0.0 0.0 0.35 0.23868470483036183 0.0 0.0 
0.1329311741096884 0.35 0.0 0.0 0.0 0.0 0.0 0.3488982403686258 0.16817058552168568 0.0 0.0 
0.20979053618688234 0.10447992985631668 0.11243256685520422 0.0 0.0 0.0 0.35 0.2232969671015967 0.0 0.0 0.0 
0.0 0.35 0.0 0.0 0.0 0.0 0.0 0.35 0.29999999999999993 0.0 0.0 
0.1033056439183037 0.33284738396128144 0.0 0.0 0.0 0.0 0.0 0.34947903435547206 0.21436793776494284 0.0 0.0 
0.1523098819033156 0.3265609579225943 0.0 0.0 0.0 0.0 0.0 0.35 0.17112916017409013 0.0 0.0 
0.15588745918745917 0.14633987928548045 0.1397046544390957 0.0 0.0 0.0 0.29003752357170176 0.26803048351626285 0.0 0.0 0.0 
