0.0 0.30000000000000027 0.0 0.0 0.0 0.0 0.0 0.35 0.35 0.0 0.0 
0.22161714873493482 0.0 0.28774928703206204 0.0 0.0 0.0 0.0 0.28927371168605315 0.10110511587397117 0.10025473667297873 0.0 
0.0 0.30000000000000027 0.0 0.0 0.0 0.0 0.0 0.35 0.35 0.0 0.0 
0.22161714873493482 0.0 0.28774928703206204 0.0 0.0 0.0 0.0 0.28927371168605315 0.10110511587397117 0.10025473667297873 0.0 
0.0 0.1992334388443035 0.0 0.0 0.0 0.0 0.10076656115569663 0.35 0.35 0.0 0.0 
0.0 0.2999999999999997 0.0 0.0 0.0 0.0 0.0 0.35 0.35 0.0 0.0 
0.0 0.21874385212402558 0.0 0.0 0.0 0.0 0.10557499299533597 0.35 0.3256811548806384 0.0 0.0 
0.1000050523012129 0.1999949476987872 0.0 0.0 0.0 0.0 0.0 0.35 0.35 0.0 0.0 
0.19552057646922383 0.14508737744953565 0.0 0.0 0.0 0.0 0.0 0.35 0.30939204608124055 0.0 0.0 
0.10257465919407358 0.11056630126340047 0.0 0.0 0.0 0.0 0.0 0.35 0.3354108573800046 0.10144818216252162 0.0 
0.13995320939838893 0.11462177901793065 0.0 0.0 0.0 0.0 0.0 0.3460849744913961 0.2877781127016837 0.11156192439060061 0.0 
0.21342559845929227 0.0 0.14985626338554858 0.0 0.0 0.0 0.0 0.35 0.18637951989037838 0.10033861826478091 0.0 
0.21393850296712885 0.0 0.13960430957302755 0.0 0.0 0.0 0.0 0.35 0.19531859075747243 0.10113859670237112 0.0 
0.14861722635754004 0.11943412345157968 0.0 0.0 0.0 0.0 0.0 0.35 0.27181778285467745 0.11013086733620277 0.0 
0.22017261719807252 0.0 0.2644268350195828 0.0 0.0 0.0 0.0 0.31397792960373916 0.10111290093007842 0.10030971724852715 0.0 
0.1790653512147168 0.14248410122071267 0.0 0.0 0.0 0.0 0.0 0.35 0.3284505475645706 0.0 0.0 
0.21823937081763056 0.0 0.24634905377154293 0.0 0.0 0.0 0.0 0.3324629389043355 0.10106114062390431 0.10188749588258686 0.0 
0.11023626456990009 0.10186730442444679 0.0 0.0 0.0 0.0 0.0 0.34999999999999987 0.3320367139218638 0.10585971708378925 0.0 
0.16400465743020673 0.11666401465494612 0.0 0.0 0.0 0.0 0.0 0.35 0.2581825015169632 0.11114882639788395 0.0 
0.11225871689283606 0.10481115012866583 0.0 0.0 0.0 0.0 0.0 0.35 0.3247321337835077 0.10819799919499042 0.0 
0.1912094148039034 0.0 0.10355125193337192 0.0 0.0 0.0 0.0 0.3499999999999999 0.24811950116378437 0.10711983209894034 0.0 
0.2237959392553042 0.0 0.16057145625240393 0.0 0.0 0.0 0.0 0.35 0.1639447401369415 0.10168786435535049 0.0 
0.15918706775481783 0.0 0.12619673398948839 0.0 0.0 0.0 0.0 0.3499999999999999 0.25996119206225277 0.10465500619344104 0.0 
0.20787601037322295 0.0 0.18357731847800923 0.0 0.0 0.0 0.0 0.35 0.15592611420363242 0.10262055694513544 0.0 
0.1701521882560168 0.10365330364609708 0.0 0.0 0.0 0.0 0.0 0.35 0.2715899921925121 0.10460451590537412 0.0 
0.21306381096610658 0.0 0.1728704541586909 0.0 0.0 0.0 0.0 0.35 0.1598920965956593 0.10417363827954326 0.0 
0.2407816306953192 0.10591100153072326 0.0 0.0 0.0 0.0 0.0 0.35 0.18756413507612751 0.11574323269783 0.0 
0.20833579035544939 0.0 0.16530511806146642 0.0 0.0 0.0 0.0 0.35 0.1740473131259227 0.10231177845716156 0.0 
0.0 0.1973186176980742 0.0 0.0 0.0 0.0 0.1064319070704617 0.34999999999999987 0.3462494752314641 0.0 0.0 
0.2195899463572489 0.0 0.23023428174794702 0.0 0.0 0.0 0.0 0.3452481562331991 0.10407921071849013 0.10084840494311492 0.0 
0.11697046734069372 0.18302953265930622 0.0 0.0 0.0 0.0 0.0 0.35 0.35 0.0 0.0 
0.2056637175621454 0.0 0.10261378254479783 0.0 0.0 0.0 0.0 0.35 0.2313541515496204 0.11036834834343626 0.0 
0.2028642080425416 0.0 0.2554050775726343 0.0 0.0 0.0 0.0 0.33706118575218014 0.10465303061924879 0.1000164980133952 0.0 
0.18437101974916614 0.15629440371826392 0.0 0.0 0.0 0.0 0.0 0.35 0.30933457653257007 0.0 0.0 
0.2233944297784723 0.0 0.2772447777700753 0.0 0.0 0.0 0.0 0.2946055312553962 0.10229281216401669 0.10246244903203952 0.0 
0.22393123200674125 0.0 0.2571613180107405 0.0 0.0 0.0 0.0 0.31486613658884754 0.10307574762564087 0.10096556576802994 0.0 
0.22387446872977235 0.0 0.27021851655089624 0.0 0.0 0.0 0.0 0.3047877864744499 0.1009696909421527 0.10014953730272876 0.0 
0.1649967729819872 0.15471323029487485 0.0 0.0 0.0 0.0 0.0 0.35 0.33028999672313786 0.0 0.0 
0.22951797243297295 0.0 0.2144419779914964 0.0 0.0 0.0 0.0 0.3480226557669166 0.10549880423445501 0.10251858957415895 0.0 
0.19649391986840248 0.1268469349085405 0.0 0.0 0.0 0.0 0.0 0.35 0.32665914522305706 0.0 0.0 
0.20618651422570228 0.0 0.10159491964643796 0.0 0.0 0.0 0.0 0.3468946506072121 0.244864094456933 0.10045982106371472 0.0 
0.1314533240661246 0.1685466759338754 0.0 0.0 0.0 0.0 0.0 0.35 0.35 0.0 0.0 
0.2197803630751171 0.0 0.25598611369133795 0.0 0.0 0.0 0.0 0.3235628031588027 0.10024525240817074 0.10042546766657148 0.0 
0.21270389790400474 0.0 0.21542402612015407 0.0 0.0 0.0 0.0 0.35 0.11760224458666808 0.10426983138917303 0.0 
0.14853149642423788 0.10465691469811292 0.0 0.0 0.0 0.0 0.0 0.35 0.29343326553174326 0.10337832334590602 0.0 
0.10332838468038907 0.11277334440858577 0.0 0.0 0.0 0.0 0.0 0.35 0.3309346468798804 0.10296362403114469 0.0 
0.12469012256294856 0.1099582465788422 0.0 0.0 0.0 0.0 0.0 0.35 0.3085681358257778 0.10678349503243138 0.0 
0.10590034031021256 0.1940996596897875 0.0 0.0 0.0 0.0 0.0 0.3499999999999999 0.35 0.0 0.0 
0.1256911261355433 0.10075305975809407 0.0 0.0 0.0 0.0 0.0 0.35 0.31784841661226937 0.1057073974940933 0.0 
0.20753125888412338 0.0 0.12988878155437136 0.0 0.0 0.0 0.0 0.3471600647157064 0.20669545451100169 0.10872444033479714 0.0 
0.1514814102080007 0.11311109813969203 0.0 0.0 0.0 0.0 0.0 0.35 0.2711538397909815 0.11425365186132572 0.0 
0.22387446872977235 0.0 0.27021851655089624 0.0 0.0 0.0 0.0 0.3047877864744499 0.1009696909421527 0.10014953730272876 0.0 
0.22726184739908073 0.1074949081402298 0.0 0.0 0.0 0.0 0.0 0.35 0.19838337017198482 0.11685987428870459 0.0 
0.19828183168448435 0.11075002400459444 0.0 0.0 0.0 0.0 0.0 0.3499999999999999 0.22820906653872022 0.11275907777220104 0.0 
0.18931342571327966 0.0 0.1114283459655326 0.0 0.0 0.0 0.0 0.35 0.23940752324520378 0.10985070507598418 0.0 
0.206441923307989 0.0 0.24453494289018526 0.0 0.0 0.0 0.0 0.3366462734928158 0.11205977465547792 0.10031708565353192 0.0 
0.11129742935150302 0.18870257064849721 0.0 0.0 0.0 0.0 0.0 0.35 0.35 0.0 0.0 
0.2407974156600871 0.11409514844067294 0.0 0.0 0.0 0.0 0.0 0.3499999999999999 0.17803816023859734 0.1170692756606425 0.0 
0.19406464355652198 0.12408813038479302 0.0 0.0 0.0 0.0 0.0 0.35 0.33184722605868505 0.0 0.0 
0.20609629673659186 0.0 0.15314572693651488 0.0 0.0 0.0 0.0 0.35 0.1771587292222115 0.11359924710468168 0.0 
0.2073614205411601 0.0 0.21095219110922334 0.0 0.0 0.0 0.0 0.34715006515402996 0.12964942112296457 0.104886902072622 0.0 
0.2149879132548938 0.11197373786145065 0.0 0.0 0.0 0.0 0.0 0.35 0.21349980723693288 0.10953854164672264 0.0 
0.2285726027571325 0.0 0.24176467279985542 0.0 0.0 0.0 0.0 0.32139229403261216 0.10521217475917247 0.10305825565122735 0.0 
0.20938222480086788 0.0 0.13759909786110283 0.0 0.0 0.0 0.0 0.35 0.1996112004582605 0.10340747687976888 0.0 
0.18682211174820548 0.10916349590753363 0.0 0.0 0.0 0.0 0.0 0.34877844864003577 0.24474102715149063 0.11049491655273451 0.0 
0.18213789756419968 0.10825273622873659 0.0 0.0 0.0 0.0 0.0 0.35 0.2503901458594857 0.10921922034757808 0.0 
0.185698358309846 0.10428424332704146 0.0 0.0 0.0 0.0 0.0 0.34851176496667247 0.2605526677965394 0.1009529655999008 0.0 
0.20701505229702194 0.0 0.1267964330436523 0.0 0.0 0.0 0.0 0.34684317429796385 0.21222078401999991 0.10712455634136203 0.0 
0.2108804935406261 0.0 0.18966398995936493 0.0 0.0 0.0 0.0 0.35 0.14355706813227112 0.1058984483677378 0.0 
0.13998032644393907 0.1600196735560611 0.0 0.0 0.0 0.0 0.0 0.35 0.35 0.0 0.0 
0.21748664198581713 0.10867416573807295 0.0 0.0 0.0 0.0 0.0 0.35 0.22230751562854328 0.10153167664756671 0.0 
0.1623449703708897 0.1460946501165292 0.0 0.0 0.0 0.0 0.0 0.35 0.341560379512581 0.0 0.0 
0.16719941890876502 0.1328005810912351 0.0 0.0 0.0 0.0 0.0 0.35 0.35 0.0 0.0 
0.2188554581983397 0.0 0.11525375817672273 0.0 0.0 0.0 0.0 0.35 0.20739044456249933 0.10850033906243828 0.0 
0.139847087158281 0.10908241578216263 0.0 0.0 0.0 0.0 0.0 0.35 0.2949007898199768 0.10616970723957948 0.0 
0.20732166653327122 0.0 0.11915014679290122 0.0 0.0 0.0 0.0 0.34834783820773707 0.21946466585661056 0.10571568260947983 0.0 
0.2097692919499226 0.0 0.1868488739280616 0.0 0.0 0.0 0.0 0.34877374357199425 0.1494709918765921 0.10513709867342928 0.0 
0.19602172577028285 0.0 0.16652615841043744 0.0 0.0 0.0 0.0 0.35 0.18599238104865234 0.10145973477062732 0.0 
0.11912356440202067 0.11236586410426093 0.0 0.0 0.0 0.0 0.0 0.3499506172210488 0.3174619105256567 0.10109804374701296 0.0 
0.22117083930742043 0.0 0.28189464604830017 0.0 0.0 0.0 0.0 0.29562925147680347 0.1012802664451594 0.10002499672231664 0.0 
0.1316773819084263 0.11436775974571563 0.0 0.0 0.0 0.0 0.0 0.35 0.29437145271166953 0.10958340563418854 0.0 
0.21431758148812638 0.0 0.2033985019355692 0.0 0.0 0.0 0.0 0.34912169800950354 0.12989231580437074 0.10326990276243013 0.0 
0.158424619476391 0.1415753805236091 0.0 0.0 0.0 0.0 0.0 0.35 0.35 0.0 0.0 
0.21920998267601255 0.0 0.23380616680380276 0.0 0.0 0.0 0.0 0.3418904770455399 0.1049273225008683 0.10016605097377651 0.0 
0.1939249104296244 0.0 0.1172340198654902 0.0 0.0 0.0 0.0 0.35 0.22885940818037984 0.10998166152450546 0.0 
0.17594682670536388 0.1293232875606251 0.0 0.0 0.0 0.0 0.0 0.35 0.3447298857340111 0.0 0.0 
0.20435208196816695 0.0 0.12632607577988922 0.0 0.0 0.0 0.0 0.35 0.21703907946245737 0.10228276278948634 0.0 
0.21516109078286388 0.0 0.1951145132793095 0.0 0.0 0.0 0.0 0.35 0.13670839729061857 0.10301599864720795 0.0 
0.19317655584139173 0.1031332226070735 0.0 0.0 0.0 0.0 0.0 0.35 0.248257005759056 0.10543321579247869 0.0 
0.21682216912452773 0.11844907921434572 0.0 0.0 0.0 0.0 0.0 0.35 0.2039112053481052 0.11081754631302126 0.0 
0.22083479606227302 0.10865453704974526 0.0 0.0 0.0 0.0 0.0 0.35 0.21881705487289863 0.1016936120150831 0.0 
0.11785782628066133 0.10498667532766646 0.0 0.0 0.0 0.0 0.0 0.35 0.31865442200203725 0.10850107638963487 0.0 
0.19097541996812484 0.11839686259316974 0.0 0.0 0.0 0.0 0.0 0.34686589312629545 0.23325285151244735 0.11050897279996252 0.0 
0.1875682660318497 0.13442177997260632 0.0 0.0 0.0 0.0 0.0 0.34827238658613485 0.22423151408809824 0.1055060533213109 0.0 
0.22070870291689876 0.0 0.21132409042632633 0.0 0.0 0.0 0.0 0.3396299892384121 0.1272030912664942 0.10113412615186874 0.0 
0.21693100618954506 0.11223248090260173 0.0 0.0 0.0 0.0 0.0 0.35 0.20548254138512925 0.11535397152272388 0.0 
0.14865245578137812 0.15134754421862182 0.0 0.0 0.0 0.0 0.0 0.35 0.35 0.0 0.0 
0.180274807248858 0.10580799236791136 0.0 0.0 0.0 0.0 0.0 0.35 0.2557831553745625 0.10813404500866824 0.0 
0.21491381566579726 0.1166033273967917 0.0 0.0 0.0 0.0 0.0 0.35 0.19720368879120898 0.12127916814620207 0.0 
0.1254412102787607 0.1745587897212393 0.0 0.0 0.0 0.0 0.0 0.35 0.35 0.0 0.0 
