0.0 0.30000000000000027 0.0 0.0 0.0 0.0 0.0 0.35 0.35 0.0 0.0 
0.0 0.30000000000000027 0.0 0.0 0.0 0.0 0.0 0.35 0.35 0.0 0.0 
0.0 0.0 0.3487477823398568 0.1418722721819619 0.10099531722011841 0.0 0.17166320492098777 0.10409488431682927 0.0 0.0 0.13262653902024565 
0.0 0.0 0.2924117071331669 0.10242709331308505 0.10324760335480455 0.0 0.12838717782069803 0.2635622852822381 0.0 0.0 0.1099641330960075 
0.0 0.19848255593162764 0.0 0.0 0.0 0.0 0.10151744406837263 0.35 0.35 0.0 0.0 
0.21225995042381668 0.0 0.29376612198641305 0.0 0.0 0.0 0.0 0.2876078034583057 0.1045886014329594 0.1017775226985051 0.0 
0.0 0.2999999999999998 0.0 0.0 0.0 0.0 0.0 0.35 0.35 0.0 0.0 
0.10052221639252004 0.19947778360748006 0.0 0.0 0.0 0.0 0.0 0.35 0.35 0.0 0.0 
0.0 0.20813345385306276 0.0 0.0 0.0 0.0 0.11222412284006161 0.35 0.32964242330687565 0.0 0.0 
0.0 0.0 0.3004535736926602 0.1045344709751589 0.10640166904998806 0.0 0.14594295838612256 0.2264165263592885 0.0 0.0 0.11625080153678183 
0.11439369903998493 0.10392846640389444 0.0 0.0 0.0 0.0 0.0 0.35 0.3279245896854136 0.10375324487070707 0.0 
0.2101335918040863 0.0 0.15151770304984266 0.0 0.0 0.0 0.0 0.3467210696926037 0.18616387051057032 0.10546376494289689 0.0 
0.2103777789858673 0.0 0.26539870082519895 0.0 0.0 0.0 0.0 0.3160809349020396 0.10780636458927727 0.10033622069761673 0.0 
0.10092877159345638 0.10342078106085788 0.0 0.0 0.0 0.0 0.0 0.3499999999999999 0.33784421958593824 0.10780622775974746 0.0 
0.15055520464631655 0.11057372331666655 0.0 0.0 0.0 0.0 0.0 0.35 0.27753764432179395 0.11133342771522307 0.0 
0.0 0.0 0.3499999999999999 0.13540212514149405 0.1015143862668136 0.0 0.1677458226457349 0.11978665149160357 0.0 0.0 0.12555101445435402 
0.1938211532459346 0.14719178878109013 0.0 0.0 0.0 0.0 0.0 0.35 0.3089870579729752 0.0 0.0 
0.0 0.0 0.3162921932126647 0.10712391343471715 0.10003361667041978 0.0 0.14230441061563742 0.2134340635802346 0.0 0.0 0.12081180248632643 
0.2128837926368889 0.0 0.2479570288103272 0.0 0.0 0.0 0.0 0.3313524267242741 0.10716954134063113 0.10063721048787867 0.0 
0.11690621506243995 0.11168420212846418 0.0 0.0 0.0 0.0 0.0 0.35 0.31350064460303323 0.10790893820606261 0.0 
0.223648135356559 0.0 0.1869008862454803 0.0 0.0 0.0 0.0 0.35 0.13128264697712846 0.10816833142083228 0.0 
0.20236873675795367 0.10954323641102738 0.0 0.0 0.0 0.0 0.0 0.3429112787182323 0.23736384440880662 0.10781290370397995 0.0 
0.1980484585423252 0.10829296321798894 0.0 0.0 0.0 0.0 0.0 0.3416848268042133 0.25096478155226903 0.10100896988320356 0.0 
0.1252396463116651 0.17476035368833504 0.0 0.0 0.0 0.0 0.0 0.35 0.35 0.0 0.0 
0.1997002241025594 0.0 0.19609650729363862 0.0 0.0 0.0 0.0 0.34780721878717136 0.15485145065907105 0.10154459915755958 0.0 
0.2077942902217488 0.0 0.1672303448260536 0.0 0.0 0.0 0.0 0.35 0.1670434724202873 0.10793189253191038 0.0 
0.13552424798011173 0.1644757520198884 0.0 0.0 0.0 0.0 0.0 0.35 0.35 0.0 0.0 
0.1189264128032197 0.1161029078916609 0.0 0.0 0.0 0.0 0.0 0.35 0.29929882754129294 0.11567185176382642 0.0 
0.1159169420571129 0.18408305794288712 0.0 0.0 0.0 0.0 0.0 0.35 0.35 0.0 0.0 
0.0 0.2091730637610261 0.0 0.0 0.0 0.0 0.10025333139929808 0.35 0.34057360483967586 0.0 0.0 
0.1020277299948139 0.10488853196632429 0.0 0.0 0.0 0.0 0.0 0.35 0.3332889935110795 0.10979474452778229 0.0 
0.1331623909962406 0.10705602917799073 0.0 0.0 0.0 0.0 0.0 0.3499390551388908 0.3010713307938693 0.1087711938930085 0.0 
0.197506158563644 0.0 0.18783776947280204 0.0 0.0 0.0 0.0 0.35 0.15962319484151408 0.1050328771220399 0.0 
0.2094447117550365 0.0 0.2838652394229474 0.0 0.0 0.0 0.0 0.2996561781126761 0.10663082517593442 0.10040304553340555 0.0 
0.19645417712673768 0.0 0.10236404635498735 0.0 0.0 0.0 0.0 0.34757466241783 0.24973244665652172 0.10387466744392325 0.0 
0.15338782298811376 0.11914102682092784 0.0 0.0 0.0 0.0 0.0 0.35 0.264330578155266 0.11314057203569267 0.0 
0.2052348360027172 0.0 0.23226206963446358 0.0 0.0 0.0 0.0 0.33519041810358113 0.12434514576839853 0.10296753049083938 0.0 
0.0 0.0 0.349531501686359 0.12310361504165093 0.10452704785380489 0.0 0.15623235516245176 0.13792217638511914 0.0 0.0 0.12868330387061447 
0.14312986419947965 0.10558105150431957 0.0 0.0 0.0 0.0 0.0 0.35 0.2954769992023943 0.10581208509380656 0.0 
0.17657668302898893 0.11109378444660538 0.0 0.0 0.0 0.0 0.0 0.35 0.2551420949402877 0.10718743758411807 0.0 
0.22494765877743728 0.0 0.19966283915035435 0.0 0.0 0.0 0.0 0.34994971239797384 0.12263173242556566 0.10280805724866887 0.0 
0.12682886473956323 0.1041683797605118 0.0 0.0 0.0 0.0 0.0 0.35 0.3150620120846749 0.10394074341525009 0.0 
0.0 0.0 0.340237784353555 0.10483552631463643 0.10257354055880014 0.0 0.1422966227089801 0.19843702656618584 0.0 0.0 0.1116194994978426 
0.19254131041239086 0.0 0.1093883002589628 0.0 0.0 0.0 0.0 0.3462271217626813 0.23979464617230406 0.11204862139366108 0.0 
0.2012702888228331 0.0 0.12858204337113102 0.0 0.0 0.0 0.0 0.35 0.21238506010384584 0.1077626077021901 0.0 
0.21610073146118242 0.1103196648963541 0.0 0.0 0.0 0.0 0.0 0.35 0.20461520090169047 0.11896440274077302 0.0 
0.20618543816094584 0.0 0.220246670897265 0.0 0.0 0.0 0.0 0.3420671721336451 0.1276264889257705 0.10387422988237356 0.0 
0.0 0.0 0.3478142198595117 0.11840438362433889 0.1019003763799524 0.0 0.15275757125062794 0.15165413433725708 0.0 0.0 0.12746931454831195 
0.0 0.0 0.35 0.14029775967240232 0.10366702037296079 0.0 0.17063149019869156 0.11177951384959187 0.0 0.0 0.12362421590635347 
0.20069905298827642 0.0 0.10431754367290941 0.0 0.0 0.0 0.0 0.35 0.2403995839189031 0.10458381941991106 0.0 
0.1460983279742806 0.15390167202571936 0.0 0.0 0.0 0.0 0.0 0.35 0.35 0.0 0.0 
0.14668581592365684 0.10593761442662006 0.0 0.0 0.0 0.0 0.0 0.3447322724005798 0.2964748689982248 0.10616942825091855 0.0 
0.21803969131601414 0.12012348112662492 0.0 0.0 0.0 0.0 0.0 0.35 0.2086023749766681 0.1032344525806927 0.0 
0.2070231597087491 0.0 0.1320307128873071 0.0 0.0 0.0 0.0 0.35 0.20152655565284128 0.10941957175110248 0.0 
0.0 0.0 0.2994261494559322 0.10079181977451743 0.10643841762347092 0.0 0.11604373536594668 0.2511472837899404 0.0 0.0 0.12615259399019235 
0.0 0.0 0.2867833256207874 0.1004555622686471 0.10126027901811162 0.0 0.12591596343206374 0.25848920148410043 0.0 0.0 0.1270956681762896 
0.21075523957290876 0.0 0.2706255825464027 0.0 0.0 0.0 0.0 0.3078006066710746 0.10768664674388426 0.10313192446572972 0.0 
0.0 0.0 0.3386588708538912 0.10173855487599082 0.10234704039296343 0.0 0.13990494464979117 0.2046010631277589 0.0 0.0 0.11274952609960451 
0.0 0.0 0.35 0.12326861829821542 0.10466715180842161 0.0 0.15644176288271913 0.13810704186001446 0.0 0.0 0.12751542515062939 
0.20530733665158366 0.0 0.13632368014267052 0.0 0.0 0.0 0.0 0.35 0.19985628885125856 0.10851269435448734 0.0 
0.21225995042381668 0.0 0.29376612198641305 0.0 0.0 0.0 0.0 0.2876078034583057 0.10458860143295938 0.1017775226985051 0.0 
0.18110186486295932 0.14298906611979412 0.0 0.0 0.0 0.0 0.0 0.35 0.3259090690172466 0.0 0.0 
0.20836858574889502 0.1138383697909994 0.0 0.0 0.0 0.0 0.0 0.3477888123590447 0.2210177628875051 0.10898646921355579 0.0 
0.0 0.0 0.3048710527383283 0.10016993740599706 0.10096764606781199 0.0 0.13531857009584564 0.24019392871927173 0.0 0.0 0.1184788649727452 
0.17354394478306046 0.10586981561497531 0.0 0.0 0.0 0.0 0.0 0.35 0.26402052191970904 0.1065657176822552 0.0 
0.15281932517060953 0.14718067482939062 0.0 0.0 0.0 0.0 0.0 0.35 0.35 0.0 0.0 
0.17784396439021674 0.0 0.1131107891109234 0.0 0.0 0.0 0.0 0.34764163036165197 0.2604532034001957 0.10095041273701215 0.0 
0.0 0.0 0.33015471645676475 0.10340060438437369 0.10205550130175708 0.0 0.14070071107646578 0.2105181892146854 0.0 0.0 0.11317027756595321 
0.0 0.0 0.285153244076029 0.11009276939649043 0.1010114469693346 0.0 0.13335133632473295 0.24953617011188647 0.0 0.0 0.12085503312152661 
0.18277899092668498 0.1320853649925497 0.0 0.0 0.0 0.0 0.0 0.35 0.3351356440807653 0.0 0.0 
0.1975259234204587 0.0 0.17926828202031728 0.0 0.0 0.0 0.0 0.3460586055401565 0.1732151022120473 0.10393208680702033 0.0 
0.0 0.0 0.35 0.10790968960399021 0.10086611402925383 0.0 0.1400140656272732 0.1900070252694809 0.0 0.0 0.1112031054700018 
0.22257317292798756 0.10070263821438691 0.0 0.0 0.0 0.0 0.0 0.35 0.1874636594394649 0.13926052941816064 0.0 
0.23162531070811487 0.10453854459615738 0.0 0.0 0.0 0.0 0.0 0.3499999999999999 0.20045469775033412 0.11338144694539357 0.0 
0.16343650721013525 0.1535455664091283 0.0 0.0 0.0 0.0 0.0 0.35 0.3330179263807364 0.0 0.0 
0.16818628278167153 0.1105850270495318 0.0 0.0 0.0 0.0 0.0 0.35 0.265332195917501 0.1058964942512958 0.0 
0.22572973266403473 0.12227920313441132 0.0 0.0 0.0 0.0 0.0 0.35 0.18339631884740296 0.11859474535415111 0.0 
0.0 0.0 0.3473530314107269 0.11666853293602619 0.10172027936139942 0.0 0.1508239904623217 0.16837534213215868 0.0 0.0 0.11505882369736695 
0.19988392285969755 0.0 0.14833984196860261 0.0 0.0 0.0 0.0 0.35 0.19243481384088565 0.10934142133081418 0.0 
0.16726684402682965 0.15391653163448007 0.0 0.0 0.0 0.0 0.0 0.35 0.3288166243386903 0.0 0.0 
0.18466460363923973 0.10287690986623259 0.0 0.0 0.0 0.0 0.0 0.34849713859980547 0.25380215871809675 0.11015918917662532 0.0 
0.21112769776484855 0.0 0.24537530847268565 0.0 0.0 0.0 0.0 0.33425423220750655 0.10876036573166152 0.10048239582329767 0.0 
0.1913290774874122 0.0 0.13143066523692937 0.0 0.0 0.0 0.0 0.35 0.2170902639590565 0.11014999331660187 0.0 
0.2038466011162193 0.0 0.28230752604904563 0.0 0.0 0.0 0.0 0.3003587103654674 0.1130686331435723 0.10041852932569538 0.0 
0.0 0.0 0.3380020628341066 0.11241289595601607 0.10087893282768666 0.0 0.1478240396210292 0.1777983019221968 0.0 0.0 0.12308376683896471 
0.18569395596491178 0.0 0.12420663981678597 0.0 0.0 0.0 0.0 0.34823557165614244 0.233586012745811 0.10827781981634889 0.0 
0.2078177064918668 0.0 0.1204330911616439 0.0 0.0 0.0 0.0 0.3470114718953415 0.22361749909761897 0.1011202313535289 0.0 
0.21259222722036547 0.0 0.21310357504691035 0.0 0.0 0.0 0.0 0.35 0.11665739781726832 0.10764679991545589 0.0 
0.19988392285969755 0.0 0.14833984196860261 0.0 0.0 0.0 0.0 0.35 0.19243481384088565 0.10934142133081418 0.0 
0.0 0.0 0.35 0.10665772830006451 0.10109906501402562 0.0 0.14033742907577798 0.19044584780246007 0.0 0.0 0.11145992980767187 
0.0 0.0 0.3048710527383284 0.10016993740599708 0.10096764606781201 0.0 0.13531857009584566 0.24019392871927178 0.0 0.0 0.11847886497274522 
0.19631455021861793 0.1343452287134022 0.0 0.0 0.0 0.0 0.0 0.35 0.31934022106798 0.0 0.0 
0.0 0.0 0.35 0.10702234817382546 0.10412421659014955 0.0 0.15422195059095292 0.15719202944350863 0.0 0.0 0.12743945520156358 
0.1083844983930214 0.19161550160697863 0.0 0.0 0.0 0.0 0.0 0.35 0.35 0.0 0.0 
0.2006134615161868 0.0 0.1125758422122523 0.0 0.0 0.0 0.0 0.35 0.22074582295117026 0.11606487332039064 0.0 
0.1743315240438004 0.12019038595640077 0.0 0.0 0.0 0.0 0.0 0.35 0.23999653406028218 0.11548155593951649 0.0 
0.0 0.0 0.3380020628341066 0.11241289595601607 0.10087893282768666 0.0 0.1478240396210292 0.1777983019221968 0.0 0.0 0.12308376683896471 
0.0 0.0 0.33236650540882123 0.11779183769040316 0.1019299434360042 0.0 0.1518836133623571 0.16886037880196372 0.0 0.0 0.12716772130045087 
0.1083844983930214 0.19161550160697863 0.0 0.0 0.0 0.0 0.0 0.35 0.35 0.0 0.0 
0.17072626898584028 0.0 0.11593128040833041 0.0 0.0 0.0 0.0 0.35 0.26073175166053536 0.10261069894529401 0.0 
