0.0 0.30000000000000016 0.0 0.0 0.0 0.0 0.0 0.35 0.35 0.0 0.0 
0.17853636519410687 0.1001227021425381 0.0 0.19955235204981756 0.16844017685177304 0.0 0.0 0.18984091834501354 0.16350748541675092 0.0 0.0 
0.17853636519410687 0.1001227021425381 0.0 0.19955235204981756 0.16844017685177304 0.0 0.0 0.18984091834501354 0.16350748541675092 0.0 0.0 
0.0 0.30000000000000016 0.0 0.0 0.0 0.0 0.0 0.35 0.35 0.0 0.0 
0.0 0.3355221566088264 0.0 0.0 0.0 0.0 0.0 0.35 0.3144778433911737 0.0 0.0 
0.13059258927921344 0.22282405886286552 0.0 0.17471779664584788 0.0 0.0 0.0 0.3376918346688037 0.13417372054326943 0.0 0.0 
0.1582576312313274 0.18922873608823285 0.0 0.16279582492601796 0.0 0.0 0.0 0.35 0.1397178077544218 0.0 0.0 
0.1000018004748186 0.1999981995251814 0.0 0.0 0.0 0.0 0.0 0.35 0.35 0.0 0.0 
0.10535955915400201 0.21053384457531749 0.0 0.0 0.0 0.0 0.0 0.35 0.3341065962706805 0.0 0.0 
0.14280183474525354 0.10865347673619402 0.0 0.14186714126010866 0.11079657857290584 0.0 0.0 0.34029260932438904 0.1555883593611489 0.0 0.0 
0.17866354510612956 0.10116704093842963 0.0 0.19856890087715942 0.15977574710309697 0.0 0.0 0.2113862701067856 0.15043849586839897 0.0 0.0 
0.120002906401928 0.2649979207695935 0.0 0.0 0.0 0.0 0.0 0.35 0.2649991728284785 0.0 0.0 
0.16509179594730358 0.10401300170956067 0.0 0.1597082995602261 0.12271222106710598 0.0 0.0 0.3094848202072437 0.13898986150855996 0.0 0.0 
0.1636877549941062 0.10520608779341752 0.0 0.20708558729731202 0.11418867061808347 0.0 0.0 0.28787094869950264 0.12196095059757821 0.0 0.0 
0.15570150971635913 0.11514568280310904 0.0 0.16978388713146017 0.12388646908858161 0.0 0.0 0.3104364457785179 0.12504600548197206 0.0 0.0 
0.13504914342254148 0.23003743778127114 0.0 0.10566025770493385 0.0 0.0 0.0 0.33625217738300817 0.19300098370824528 0.0 0.0 
0.1749436807426667 0.19787774822561413 0.0 0.13584871523561018 0.0 0.0 0.0 0.35 0.1413298557961089 0.0 0.0 
0.18267957285355263 0.10776322614983354 0.0 0.19818393424586744 0.14718448037252235 0.0 0.0 0.21775206677829864 0.14643671959992546 0.0 0.0 
0.1067471504995135 0.21311364225240406 0.0 0.11012356242333375 0.0 0.0 0.0 0.35 0.22001564482474878 0.0 0.0 
0.0 0.308447021391924 0.0 0.0 0.0 0.0 0.0 0.35 0.341552978608076 0.0 0.0 
0.10480402878441991 0.22178591378051396 0.0 0.0 0.0 0.0 0.0 0.35 0.3234100574350663 0.0 0.0 
0.0 0.3151117001601575 0.0 0.0 0.0 0.0 0.0 0.35 0.3348882998398425 0.0 0.0 
0.12477986309989512 0.2809712735552625 0.0 0.0 0.0 0.0 0.0 0.35 0.2442488633448423 0.0 0.0 
0.16607479182822482 0.2437998967846113 0.0 0.0 0.0 0.0 0.0 0.35 0.24012531138716395 0.0 0.0 
0.15272115772331396 0.310977176186066 0.0 0.0 0.0 0.0 0.0 0.35 0.18630166609062002 0.0 0.0 
0.15462965973056716 0.10238262637549356 0.0 0.2007331777865696 0.12203322877341255 0.0 0.0 0.31116390150191015 0.1090574058320469 0.0 0.0 
0.11282382052220621 0.21542654840327108 0.0 0.10877722815691666 0.0 0.0 0.0 0.3490549596499233 0.2139174432676827 0.0 0.0 
0.15132110210177635 0.29615564711131054 0.0 0.0 0.0 0.0 0.0 0.35 0.20252325078691308 0.0 0.0 
0.0 0.3206197163798702 0.0 0.0 0.0 0.0 0.0 0.35 0.3293802836201299 0.0 0.0 
0.11327928421312232 0.26173929938906265 0.0 0.0 0.0 0.0 0.0 0.35 0.27498141639781515 0.0 0.0 
0.13185344346094274 0.21364951580494723 0.0 0.14330344177265686 0.0 0.0 0.0 0.34940799396614974 0.16178560499530348 0.0 0.0 
0.1521462695347262 0.3159488806123466 0.0 0.0 0.0 0.0 0.0 0.3327210335257641 0.19918381632716317 0.0 0.0 
0.14055902592760589 0.26904623926283405 0.0 0.0 0.0 0.0 0.0 0.35 0.24039473480956008 0.0 0.0 
0.142725728472143 0.22819677914376565 0.0 0.1348426358896489 0.0 0.0 0.0 0.35 0.1442348564944425 0.0 0.0 
0.1138507890821721 0.3228267567170553 0.0 0.0 0.0 0.0 0.0 0.35 0.21332245420077264 0.0 0.0 
0.12503342980070536 0.22657002317522684 0.0 0.1004570072416489 0.0 0.0 0.0 0.35 0.19793953978241896 0.0 0.0 
0.17290045222389705 0.10702118765230088 0.0 0.18260736377022668 0.12764634726489996 0.0 0.0 0.2586504215332379 0.1511742275554376 0.0 0.0 
0.15143055779911077 0.14058059151927665 0.0 0.12196334427365411 0.10088588244968044 0.0 0.0 0.34326034839950775 0.14187927555877022 0.0 0.0 
0.18143091556764934 0.10480004016622607 0.0 0.19273443280539443 0.14400811290969862 0.0 0.0 0.2117644966652633 0.16526200188576826 0.0 0.0 
0.10281620146705311 0.2052503620540558 0.0 0.0 0.0 0.0 0.0 0.35 0.34193343647889096 0.0 0.0 
0.1301330707018254 0.31689491344081905 0.0 0.0 0.0 0.0 0.0 0.35 0.20297201585735558 0.0 0.0 
0.14493435533136814 0.10324142187074258 0.0 0.20243627159957336 0.12289584476397106 0.0 0.0 0.3189296896082002 0.10756241682614469 0.0 0.0 
0.16458131045879767 0.11716770791461785 0.0 0.15839429823584103 0.1088606408369631 0.0 0.0 0.3182752046310535 0.132720837922727 0.0 0.0 
0.1547147672112474 0.30264838846646647 0.0 0.0 0.0 0.0 0.0 0.35 0.19263684432228617 0.0 0.0 
0.12488262190070033 0.22510791158588847 0.0 0.10318380102085482 0.0 0.0 0.0 0.3474499232089768 0.19937574228357952 0.0 0.0 
0.1783598194566807 0.20174172223991285 0.0 0.13850144355020458 0.0 0.0 0.0 0.35 0.13139701475320187 0.0 0.0 
0.15423354816817794 0.10863622347973631 0.0 0.1406146019201485 0.11080466269897922 0.0 0.0 0.3396776743397119 0.14603328939324609 0.0 0.0 
0.17857835537081962 0.1058271978917366 0.0 0.19376525388657898 0.14390287646709526 0.0 0.0 0.22582373583180101 0.15210258055196846 0.0 0.0 
0.13272818211891996 0.2267260110341155 0.0 0.12371829820932481 0.0 0.0 0.0 0.34693382105434384 0.1698936875832958 0.0 0.0 
0.11146172897157788 0.18853827102842213 0.0 0.0 0.0 0.0 0.0 0.35 0.35 0.0 0.0 
0.1847058859846779 0.10451601751572562 0.0 0.19670052192497542 0.16206821953128833 0.0 0.0 0.1974589094222529 0.15455044562107975 0.0 0.0 
0.18350834311106473 0.1038383866363027 0.0 0.195425211682362 0.16101744824533717 0.0 0.0 0.2026621944105986 0.15354841591433496 0.0 0.0 
0.15998476859598687 0.11831758638796408 0.0 0.17823762597180245 0.10430043621432436 0.0 0.0 0.31897637365309783 0.12018320917682447 0.0 0.0 
0.11372115230704484 0.22818264601490848 0.0 0.0 0.0 0.0 0.0 0.35 0.30809620167804674 0.0 0.0 
0.14472511708844443 0.24796497206056708 0.0 0.0 0.0 0.0 0.0 0.35 0.2573099108509884 0.0 0.0 
0.12586645814653155 0.2141794326157179 0.0 0.12028048223901612 0.0 0.0 0.0 0.34489107945347836 0.19478254754525598 0.0 0.0 
0.15927819604210655 0.10354851167973286 0.0 0.20397919720816876 0.1253686993448433 0.0 0.0 0.2834946387575517 0.12433075696759706 0.0 0.0 
0.1015897212077868 0.2107649689456605 0.0 0.0 0.0 0.0 0.0 0.35 0.3376453098465527 0.0 0.0 
0.15918080593455256 0.3157706472528724 0.0 0.0 0.0 0.0 0.0 0.3479234982367409 0.1771250485758341 0.0 0.0 
0.0 0.3020995742980362 0.0 0.0 0.0 0.0 0.0 0.34790042570196383 0.35 0.0 0.0 
0.0 0.327391664042932 0.0 0.0 0.0 0.0 0.0 0.35 0.32260833595706806 0.0 0.0 
0.1517296394184346 0.1108496621971602 0.0 0.17604944992062738 0.1005803851821995 0.0 0.0 0.3268914166275545 0.13389944665402373 0.0 0.0 
0.10656031901127153 0.2345078016818321 0.0 0.0 0.0 0.0 0.0 0.35 0.3089318793068963 0.0 0.0 
0.13272821559334208 0.22672581601223316 0.0 0.12371832941142877 0.0 0.0 0.0 0.3469339085520326 0.16989373043096326 0.0 0.0 
0.1613224510240644 0.1108721747118159 0.0 0.20735625990943438 0.10325285959540438 0.0 0.0 0.28347816414387284 0.13371809061540824 0.0 0.0 
0.17172795635972582 0.10366542165360118 0.0 0.18835830034216658 0.13830676240875064 0.0 0.0 0.22616964411484866 0.1717719151209071 0.0 0.0 
0.16637737185314802 0.10586992058216727 0.0 0.1757309991363127 0.15216015574365768 0.0 0.0 0.24891053714710734 0.15095101553760704 0.0 0.0 
0.1583049437424653 0.11254331599223713 0.0 0.1530802592686651 0.10452414859726669 0.0 0.0 0.3438878507593165 0.1276594816400494 0.0 0.0 
0.1559503716844878 0.11029880159100723 0.0 0.1737429397960861 0.10167025234479798 0.0 0.0 0.34118513121818195 0.11715250336543895 0.0 0.0 
0.13206199802673127 0.2537436130038868 0.0 0.0 0.0 0.0 0.0 0.35 0.26419438896938185 0.0 0.0 
0.1576739382312292 0.11861662635850385 0.0 0.11024684973441892 0.10762780627090622 0.0 0.0 0.3476829016438008 0.15815187776114098 0.0 0.0 
0.15017809366442755 0.2818949416450156 0.0 0.0 0.0 0.0 0.0 0.35 0.2179269646905568 0.0 0.0 
0.16784150945524445 0.1035727275016734 0.0 0.17726440375730645 0.15348788441472425 0.0 0.0 0.2510824963902193 0.1467509784808321 0.0 0.0 
0.12457068954830373 0.2129354359389413 0.0 0.18935749082337505 0.0 0.0 0.0 0.3370758419714032 0.13606054171797669 0.0 0.0 
0.11919374382892184 0.23733236719865972 0.0 0.0 0.0 0.0 0.0 0.35 0.29347388897241844 0.0 0.0 
0.1408773564692251 0.21258361086554972 0.0 0.17386401179015107 0.0 0.0 0.0 0.32588747329522966 0.14678754757984439 0.0 0.0 
0.1733376155806559 0.10477388688022221 0.0 0.23116264290942823 0.0 0.0 0.0 0.34428892426986807 0.1464369303598257 0.0 0.0 
0.1168479237972904 0.23848185758991441 0.0 0.0 0.0 0.0 0.0 0.35 0.2946702186127952 0.0 0.0 
0.15582073620198422 0.11383850932162828 0.0 0.18079628344027823 0.10329234107878148 0.0 0.0 0.3358216292600796 0.11043050069724823 0.0 0.0 
0.17750240871336861 0.10126821851918358 0.0 0.15481868315852723 0.15969582383636646 0.0 0.0 0.25785073585307083 0.1488641299194833 0.0 0.0 
0.1589061452416007 0.11751560167134124 0.0 0.17499148052373475 0.1035972387327095 0.0 0.0 0.3168258228904281 0.12816371094018558 0.0 0.0 
0.15931916392568335 0.10608364002213926 0.0 0.1507788896421905 0.11485360098843865 0.0 0.0 0.3462935658042472 0.12267113961730111 0.0 0.0 
0.11104645437255124 0.14606560245810207 0.0 0.11484942718430219 0.106808293283303 0.0 0.0 0.3479519269816563 0.1732782957200852 0.0 0.0 
0.12802734364297425 0.22583623034632105 0.0 0.1082439186502171 0.0 0.0 0.0 0.3498793102213376 0.18801319713915002 0.0 0.0 
0.13266472992505257 0.22718786033734784 0.0 0.0 0.0 0.0 0.0 0.35 0.29014740973759967 0.0 0.0 
0.17133383244753486 0.10342750452928942 0.0 0.18914887362929214 0.13798934174272456 0.0 0.0 0.22677137530721916 0.17132907234393982 0.0 0.0 
0.1700069136472639 0.10486490080915581 0.0 0.10452459946264518 0.10466392673592372 0.0 0.0 0.3397334507740744 0.17620620857093705 0.0 0.0 
0.12773533534106252 0.21834493663221735 0.0 0.12188827746768113 0.0 0.0 0.0 0.35 0.182031450559039 0.0 0.0 
0.152596313398057 0.1082009421431678 0.0 0.1057601849820064 0.10682920164087852 0.0 0.0 0.34676181611709106 0.17985154171879922 0.0 0.0 
0.14472053456217926 0.10685125031078763 0.0 0.15780974089763752 0.1426397548577216 0.0 0.0 0.28854266386043775 0.15943605551123635 0.0 0.0 
0.11024290198572595 0.23947454717594058 0.0 0.0 0.0 0.0 0.0 0.35 0.30028255083833355 0.0 0.0 
0.17630660146360022 0.10494817444644315 0.0 0.19129115340712627 0.1420654460273206 0.0 0.0 0.22383745623916057 0.16155116841634914 0.0 0.0 
0.1540213114793626 0.11184346864579994 0.0 0.1067478108120273 0.10822475857009291 0.0 0.0 0.35 0.1691626504927173 0.0 0.0 
0.10991846342661077 0.24090418967356383 0.0 0.0 0.0 0.0 0.0 0.35 0.29917734689982534 0.0 0.0 
0.11193075138071369 0.21372131628343394 0.0 0.10791619025450923 0.0 0.0 0.0 0.34632122310769076 0.22011051897365239 0.0 0.0 
0.16123566718461285 0.10511469257331482 0.0 0.2070644015841014 0.12726491261128223 0.0 0.0 0.28778252160060275 0.11153780444608605 0.0 0.0 
0.1620672514098664 0.11138405410600977 0.0 0.20750683504730397 0.10372956180996684 0.0 0.0 0.2847869382461787 0.13052535938067444 0.0 0.0 
0.15772253346592158 0.1122352188805923 0.0 0.10641729819144397 0.10757573275907767 0.0 0.0 0.34790103764802294 0.16814817905494167 0.0 0.0 
0.1567463511504074 0.10897813038399862 0.0 0.12229874834572979 0.10603294227454223 0.0 0.0 0.34538461198239456 0.16055921586292754 0.0 0.0 
0.11482488883381153 0.21778400968899192 0.0 0.0 0.0 0.0 0.0 0.35 0.3173911014771965 0.0 0.0 
