0.0 0.3000000000000002 0.0 0.0 0.0 0.0 0.0 0.3499999999999999 0.3499999999999999 0.0 0.0 
0.18672587511820002 0.10034957978318784 0.10159402334572876 0.13493692588635642 0.0 0.0 0.34908461495734205 0.12730898090918485 0.0 0.0 0.0 
0.0 0.3000000000000002 0.0 0.0 0.0 0.0 0.0 0.3499999999999999 0.3499999999999999 0.0 0.0 
0.22190463346788322 0.3245173142195846 0.0 0.0 0.0 0.0 0.0 0.35 0.10357805231253217 0.0 0.0 
0.0 0.3099412376699114 0.0 0.0 0.0 0.0 0.0 0.35 0.3400587623300886 0.0 0.0 
0.0 0.30475195170075 0.0 0.0 0.0 0.0 0.0 0.35 0.3452480482992501 0.0 0.0 
0.15310457196808533 0.35 0.0 0.0 0.0 0.0 0.0 0.35 0.14689542803191472 0.0 0.0 
0.20779708424275897 0.3485667311344594 0.0 0.0 0.0 0.0 0.0 0.3429665242893163 0.10066966033346547 0.0 0.0 
0.11672187849263176 0.30180863428811017 0.0 0.0 0.0 0.0 0.0 0.3474917747381664 0.23397771248109164 0.0 0.0 
0.16154677191690742 0.33273411432197997 0.0 0.0 0.0 0.0 0.0 0.35 0.15571911376111258 0.0 0.0 
0.10284816334630807 0.26375374736392954 0.0 0.0 0.0 0.0 0.0 0.3494442123878058 0.28395387690195645 0.0 0.0 
0.19333063919729207 0.10092550582140879 0.10415825221966525 0.13292988744632198 0.0 0.0 0.3264995720591903 0.14215614325612158 0.0 0.0 0.0 
0.0 0.3148403780494243 0.0 0.0 0.0 0.0 0.0 0.35 0.33515962195057575 0.0 0.0 
0.2250412626250752 0.1101027409720051 0.0 0.13561969251041373 0.0 0.0 0.3459767125425947 0.1832595913499112 0.0 0.0 0.0 
0.24098281863769663 0.16240449231894585 0.0 0.0 0.0 0.0 0.35 0.24661268904335745 0.0 0.0 0.0 
0.11130531820553878 0.31196895767784605 0.0 0.0 0.0 0.0 0.124519600429345 0.34704928844727495 0.10515683523999517 0.0 0.0 
0.11592661158296852 0.25860609663119916 0.0 0.0 0.0 0.0 0.0 0.35 0.27546729178583235 0.0 0.0 
0.10678939478673537 0.2725149431081834 0.0 0.0 0.0 0.0 0.0 0.35 0.2706956621050813 0.0 0.0 
0.11413106456600693 0.2898057837242748 0.0 0.0 0.0 0.0 0.0 0.35 0.24606315170971835 0.0 0.0 
0.11267374506853513 0.35 0.0 0.0 0.0 0.0 0.0 0.35 0.18732625493146499 0.0 0.0 
0.18966180621458273 0.10277899585089684 0.10641184216973126 0.10016962535215092 0.0 0.0 0.3222084363512797 0.1787692940613586 0.0 0.0 0.0 
0.2222375862137247 0.11386792150190533 0.0 0.1495462968598207 0.0 0.0 0.3381591785790568 0.17618901684549246 0.0 0.0 0.0 
0.19165419488606403 0.3011024926935499 0.0 0.0 0.0 0.0 0.15724331242038608 0.35 0.0 0.0 0.0 
0.10406851386267342 0.2867258730351186 0.0 0.0 0.0 0.0 0.0 0.35 0.2592056131022081 0.0 0.0 
0.1792043554101806 0.15765729648239343 0.10476843441288179 0.0 0.0 0.0 0.34887138137456947 0.20949853231997487 0.0 0.0 0.0 
0.18538414693716648 0.10197496843296552 0.10092915707415802 0.1044923778530436 0.0 0.0 0.346447317424648 0.16077203227801837 0.0 0.0 0.0 
0.11624074691673142 0.33759965794700686 0.0 0.0 0.0 0.0 0.0 0.35 0.19615959513626186 0.0 0.0 
0.1194368657265618 0.29231516324495815 0.0 0.0 0.0 0.0 0.0 0.35 0.23824797102848014 0.0 0.0 
0.18221136594057807 0.12959500921390613 0.10062638969800279 0.0 0.0 0.0 0.31839702656559105 0.269170208581922 0.0 0.0 0.0 
0.11058673036867078 0.31463873038823 0.0 0.0 0.0 0.0 0.13045205108802713 0.34341723647372085 0.10090525168135132 0.0 0.0 
0.0 0.34643219439634043 0.0 0.0 0.0 0.0 0.0 0.35 0.3035678056036594 0.0 0.0 
0.11320729271479739 0.3202110622622737 0.0 0.0 0.0 0.0 0.132754784561537 0.3311404340207201 0.10268642644067183 0.0 0.0 
0.23427026026958067 0.15475348025740113 0.0 0.0 0.0 0.0 0.34520996863305625 0.26576629083996195 0.0 0.0 0.0 
0.11514224866036418 0.2941596369312654 0.0 0.0 0.0 0.0 0.0 0.35 0.2406981144083705 0.0 0.0 
0.0 0.3275047331726466 0.0 0.0 0.0 0.0 0.0 0.35 0.32249526682735324 0.0 0.0 
0.21682302218712088 0.31573699662949445 0.0 0.0 0.0 0.0 0.0 0.35 0.11743998118338468 0.0 0.0 
0.15938022651090636 0.11548310594464298 0.10927828687957378 0.0 0.0 0.0 0.35 0.2658583806648769 0.0 0.0 0.0 
0.0 0.3367252367858105 0.0 0.0 0.0 0.0 0.0 0.35 0.3132747632141895 0.0 0.0 
0.0 0.312697064740032 0.0 0.0 0.0 0.0 0.0 0.35 0.337302935259968 0.0 0.0 
0.16006128932463481 0.35 0.0 0.0 0.0 0.0 0.0 0.35 0.13993871067536523 0.0 0.0 
0.0 0.34374426386877377 0.0 0.0 0.0 0.0 0.0 0.35 0.3062557361312262 0.0 0.0 
0.1087328052505146 0.2786222961928616 0.0 0.0 0.0 0.0 0.0 0.35 0.2626448985566238 0.0 0.0 
0.2443608764211178 0.10402409711710775 0.0 0.1406111904833212 0.0 0.0 0.35 0.16100383597845325 0.0 0.0 0.0 
0.25710028293200515 0.12007837904860354 0.0 0.0 0.0 0.0 0.35 0.27282133801939135 0.0 0.0 0.0 
0.10023480477198173 0.2705673397626595 0.0 0.0 0.0 0.0 0.0 0.35 0.2791978554653587 0.0 0.0 
0.1659016068152514 0.3241960571175076 0.0 0.0 0.0 0.0 0.0 0.35 0.15990233606724097 0.0 0.0 
0.10690744869022968 0.29127454778160267 0.0 0.0 0.0 0.0 0.0 0.3483346777384555 0.2534833257897121 0.0 0.0 
0.3000000000000001 0.35 0.0 0.0 0.0 0.0 0.0 0.35 0.0 0.0 0.0 
0.10615340450415209 0.35 0.0 0.0 0.0 0.0 0.0 0.35 0.19384659549584798 0.0 0.0 
0.15868234452574634 0.3269995184533027 0.0 0.0 0.0 0.0 0.0 0.3471455639017294 0.16717257311922137 0.0 0.0 
0.16946944296867392 0.35 0.0 0.0 0.0 0.0 0.0 0.35 0.13053055703132618 0.0 0.0 
0.3360507002902978 0.32900661775493606 0.0 0.0 0.0 0.0 0.0 0.3349426819547662 0.0 0.0 0.0 
0.0 0.3350914600235164 0.0 0.0 0.0 0.0 0.0 0.35 0.31490853997648366 0.0 0.0 
0.18672587511820005 0.10034957978318787 0.10159402334572878 0.13493692588635645 0.0 0.0 0.3490846149573421 0.12730898090918488 0.0 0.0 0.0 
0.21441970908099015 0.1123123446910735 0.0 0.12785935261657916 0.0 0.0 0.35 0.19540859361135718 0.0 0.0 0.0 
0.10238233860655145 0.27960103017983906 0.0 0.0 0.0 0.0 0.0 0.35 0.26801663121360947 0.0 0.0 
0.20025638185494327 0.11076206137326193 0.0 0.13103594715438346 0.0 0.0 0.34713213045769653 0.2108134791597147 0.0 0.0 0.0 
0.21166175471674065 0.15691186363696497 0.0 0.0 0.0 0.0 0.29814955411950345 0.33327682752679083 0.0 0.0 0.0 
0.1408425542162721 0.33169197591678107 0.0 0.0 0.0 0.0 0.0 0.35 0.17746546986694678 0.0 0.0 
0.1078371626867777 0.32929547614146115 0.0 0.0 0.0 0.0 0.0 0.3485637285874078 0.2143036325843534 0.0 0.0 
0.17658700371126101 0.13515706544556233 0.10266701144797272 0.0 0.0 0.0 0.35 0.23558891939520396 0.0 0.0 0.0 
0.0 0.34074370346544697 0.0 0.0 0.0 0.0 0.0 0.3496435167605471 0.30961277977400603 0.0 0.0 
0.15314286434055674 0.133464998659158 0.10317477136810685 0.0 0.0 0.0 0.32790505576889617 0.2823123098632822 0.0 0.0 0.0 
0.0 0.3235506708371896 0.0 0.0 0.0 0.0 0.0 0.35 0.32644932916281033 0.0 0.0 
0.0 0.3201823752672332 0.0 0.0 0.0 0.0 0.0 0.35 0.32981762473276677 0.0 0.0 
0.1877331819314382 0.10174472429662418 0.10196288540195941 0.13570216878910016 0.0 0.0 0.3182903425661226 0.15456669701475545 0.0 0.0 0.0 
0.10187613399803026 0.3422301412068214 0.0 0.0 0.0 0.0 0.0 0.35 0.2058937247951484 0.0 0.0 
0.3497436284726946 0.3004742046419612 0.0 0.0 0.0 0.0 0.0 0.34978216688534436 0.0 0.0 0.0 
0.10316029143692194 0.3206841728931533 0.0 0.0 0.0 0.0 0.0 0.35 0.2261555356699247 0.0 0.0 
0.336134548901015 0.33293025955430783 0.0 0.0 0.0 0.0 0.0 0.33093519154467727 0.0 0.0 0.0 
0.0 0.3196589428465883 0.0 0.0 0.0 0.0 0.0 0.3494278218872202 0.33091323526619143 0.0 0.0 
0.2650295311381794 0.18402016800478077 0.0 0.0 0.0 0.0 0.2009503008570398 0.35 0.0 0.0 0.0 
0.22891763248803146 0.1331564465774464 0.0 0.0 0.0 0.0 0.35 0.28792592093452224 0.0 0.0 0.0 
0.10594039799863969 0.2792677771591901 0.0 0.0 0.0 0.0 0.0 0.35 0.2647918248421702 0.0 0.0 
0.1028017083889414 0.33895854608274995 0.0 0.0 0.0 0.0 0.0 0.35 0.20823974552830865 0.0 0.0 
0.1184852223693906 0.3498930481773748 0.0 0.0 0.0 0.0 0.0 0.35 0.1816217294532346 0.0 0.0 
0.0 0.33318004807570134 0.0 0.0 0.0 0.0 0.0 0.3482537613312137 0.318566190593085 0.0 0.0 
0.16953785892508969 0.207343981300523 0.0 0.0 0.0 0.0 0.3269608381479591 0.29615732162642805 0.0 0.0 0.0 
0.21539440668501303 0.15786524382525136 0.0 0.0 0.0 0.0 0.29996107984774034 0.3267792696419953 0.0 0.0 0.0 
0.2598458655531137 0.17164812972234744 0.0 0.0 0.0 0.0 0.21850600472453902 0.35 0.0 0.0 0.0 
0.16829025195290206 0.34783145206461347 0.0 0.0 0.0 0.0 0.0 0.35 0.13387829598248446 0.0 0.0 
0.0 0.3290993365714094 0.0 0.0 0.0 0.0 0.0 0.35 0.3209006634285906 0.0 0.0 
0.2119487021725114 0.15688364753643325 0.0 0.0 0.0 0.0 0.32357437334668354 0.307593276944372 0.0 0.0 0.0 
0.21650991023982571 0.31528104400578055 0.0 0.0 0.0 0.0 0.0 0.35 0.11820904575439388 0.0 0.0 
0.18413000867921556 0.10128509979328908 0.10024636343014517 0.11055055697880134 0.0 0.0 0.3441035742172313 0.15968439690131744 0.0 0.0 0.0 
0.0 0.3234442131687744 0.0 0.0 0.0 0.0 0.0 0.34988483972588 0.3266709471053455 0.0 0.0 
0.1527423071390594 0.13929697189446003 0.10942811028378907 0.0 0.0 0.0 0.34227106642531063 0.2562615442573808 0.0 0.0 0.0 
0.18611007465677085 0.13788816291881265 0.10494356851824943 0.0 0.0 0.0 0.3302435166804644 0.2408146772257026 0.0 0.0 0.0 
0.1269558483934876 0.35 0.0 0.0 0.0 0.0 0.0 0.35 0.17304415160651243 0.0 0.0 
0.10785222660270741 0.32179794215461743 0.0 0.0 0.0 0.0 0.0 0.35 0.22034983124267515 0.0 0.0 
0.18022070595891126 0.13793824708505822 0.10477963209625117 0.0 0.0 0.0 0.35 0.22706141485977946 0.0 0.0 0.0 
0.0 0.35 0.0 0.0 0.0 0.0 0.0 0.35 0.30000000000000004 0.0 0.0 
0.16705466959889487 0.1334840107804646 0.11970827957284688 0.0 0.0 0.0 0.3493128813936503 0.23044015865414338 0.0 0.0 0.0 
0.18717910404796168 0.10267377103747802 0.10185863840587589 0.11280855894438287 0.0 0.0 0.35 0.14547992756430164 0.0 0.0 0.0 
0.15213766080009358 0.133911811181164 0.10147791402453774 0.0 0.0 0.0 0.3256116239081152 0.2868609900860897 0.0 0.0 0.0 
0.11262113513792156 0.3204109892530603 0.0 0.0 0.0 0.0 0.13284528159527917 0.3313661677080591 0.10275642630567977 0.0 0.0 
0.23147198532795654 0.13021785350564927 0.0 0.0 0.0 0.0 0.34277165501748913 0.2955385061489052 0.0 0.0 0.0 
0.10550375114947477 0.32691058156813285 0.0 0.0 0.0 0.0 0.0 0.35 0.21758566728239243 0.0 0.0 
0.1990598887230138 0.11578884138531459 0.0 0.13025303272562053 0.0 0.0 0.35 0.20489823716605104 0.0 0.0 0.0 
0.14707086614981554 0.21051244085488846 0.0 0.0 0.0 0.0 0.29241669299529605 0.35 0.0 0.0 0.0 
