-0.014376763121341365 4.2232773941764865E-4 
-0.007890056271340855 1.4036262655179438E-5 
-0.007890056271340855 1.4036262655179438E-5 
-0.014376763121341365 4.2232773941764865E-4 
-0.01431912591286362 4.111571716666095E-4 
-0.012842617235944365 1.9551216844016588E-4 
-0.014166145436062528 3.620829620224833E-4 
-0.008142436135849408 1.4959927529189986E-5 
-0.008797031070880174 2.1160207664478282E-5 
-0.01110108792664257 7.810043661936587E-5 
-0.013210572012801283 2.2581574849876433E-4 
-0.014166242785270323 3.837384188308745E-4 
-0.011241645079652265 8.461986616139128E-5 
-0.011622658430424678 1.0950730366420784E-4 
-0.013788325028821859 2.9441757205207715E-4 
-0.014240738456794614 3.966976071099103E-4 
-0.010692266521081266 6.175551721194709E-5 
-0.01293770705176701 2.0512379339131438E-4 
-0.010941723467949064 7.1653256257812E-5 
-0.012466913763466377 1.6003810065540582E-4 
-0.013282727677599478 2.346069365178084E-4 
-0.013806161303736535 3.0270929198652574E-4 
-0.009980685683860869 4.04205642822104E-5 
-0.01232174512447919 1.492392795683287E-4 
-0.012634246994618363 1.7260366349514087E-4 
-0.011638645011489302 1.173136262385548E-4 
-0.013376706419241258 2.4219547995502742E-4 
-0.011016334417052152 7.487991926528264E-5 
-0.009614101251382713 3.192739741306649E-5 
-0.013430568925596223 2.475159128365125E-4 
-0.009871727164544104 3.723679167108954E-5 
-0.012548097830321417 1.6783336238224725E-4 
-0.01205049352958807 1.3251596123363174E-4 
-0.013831155995755155 3.102099842304989E-4 
-0.009147000257375977 2.6554179459037695E-5 
-0.01185392056325549 1.2255636667160626E-4 
-0.012260934075978152 1.4551794205417461E-4 
-0.009415971494431057 2.965402469618173E-5 
-0.014064742606934504 3.461236050599262E-4 
-0.009533570296980456 3.0365821882065113E-5 
-0.012780355004618806 1.8885419099858378E-4 
-0.01079528223463971 6.651930877609334E-5 
-0.012080814924943003 1.3573308483413575E-4 
-0.010834344346048618 6.747378741813902E-5 
-0.010451184835354222 5.5676537823536344E-5 
-0.009093318015886927 2.4025114658380285E-5 
-0.008992061530230898 2.1978942870558564E-5 
-0.012396470082569399 1.548218965096683E-4 
-0.013934802254723301 3.2038965447004475E-4 
-0.011527962467791237 1.0185976807714144E-4 
-0.011949632622470063 1.2869327129161494E-4 
-0.01402424645644657 3.35677570246474E-4 
-0.010081393276994645 4.246270409032969E-5 
-0.009291916558279021 2.672742530308524E-5 
-0.01302864478073125 2.122576552032343E-4 
-0.009723075427447964 3.48856035670654E-5 
-0.011439545104351662 9.589819283601111E-5 
-0.014039049299751178 3.3770134548067574E-4 
-0.013476337777095523 2.5223494328046535E-4 
-0.012755212172464645 1.8630126744726257E-4 
-0.012970894795923905 2.0700802957313112E-4 
-0.011743131136747732 1.1906372521914864E-4 
-0.008270785974684851 1.5268897782512205E-5 
-0.01267805956344998 1.7970792829517362E-4 
-0.011378573831287115 9.209232307137149E-5 
-0.013670128091830136 2.7715666529028795E-4 
-0.013979154572885132 3.281702050529879E-4 
-0.013692982960748362 2.816805869732548E-4 
-0.011931178095186967 1.266857528595389E-4 
-0.008374376944755554 1.6301185461494763E-5 
-0.008649998383752466 1.8381828384100467E-5 
-0.014196735723313758 3.8895075199254836E-4 
-0.01145068408634768 1.005977774944875E-4 
-0.013862420097111099 3.1438079483373427E-4 
-0.012698734655915188 1.811119717926019E-4 
-0.013537107531282228 2.617579810380007E-4 
-0.013601292707618165 2.675617696250533E-4 
-0.013728826704030177 2.856263890274393E-4 
-0.0102677232754759 5.067388326938563E-5 
-0.008509880647562302 1.7971470264078663E-5 
-0.010590034085435556 5.860676112679718E-5 
-0.012205991377990161 1.415219244714395E-4 
-0.009346935132213264 2.715860104416465E-5 
-0.01309612867125717 2.1678749692760423E-4 
-0.013978236192926985 3.2638661280836803E-4 
-0.013905131571765506 3.1707036182258776E-4 
-0.014230369737761032 3.9484819295284104E-4 
-0.011810249511095676 1.1926240163307242E-4 
-0.010554876527488898 5.7113798190708326E-5 
-0.012169619527161609 1.3941464071040626E-4 
-0.008485620472978978 1.779362848071759E-5 
-0.012574965180309917 1.6854543786313137E-4 
-0.013639707343518898 2.726965697725968E-4 
-0.013505388749417507 2.5579003141736886E-4 
-0.008649998383752466 1.8381828384100467E-5 
-0.013149565139197255 2.1951737307317507E-4 
-0.012406524215573459 1.5794152276813505E-4 
-0.010397505600197738 5.2690634293743186E-5 
-0.011303835845638785 8.779077594328709E-5 
-0.013335033606996699 2.366507486167685E-4 
