-0.016723060783871917 0.0015954576182566184 
-0.016723060783871917 0.0015954576182566184 
-0.00530738175341093 6.432055180000458E-5 
-0.01672306078387191 0.0015954576182566156 
-0.016575507397777432 9.462917544258266E-4 
-0.008321486871905292 6.914824133320901E-5 
-0.0063803765872609665 6.866928649408932E-5 
-0.016291883000463712 4.220030992684774E-4 
-0.016321247319499216 5.58003420412376E-4 
-0.01191279749383396 1.1012247684137137E-4 
-0.011477470999167773 1.0303991123062163E-4 
-0.016140418072148083 4.1838502579198277E-4 
-0.009949862125714484 8.348778207008604E-5 
-0.016500549321859348 7.151903486434772E-4 
-0.016129162638146042 3.753783022147995E-4 
-0.013637241229701696 1.6488157377766418E-4 
-0.015935138677180286 3.356705357746472E-4 
-0.01508088463907613 2.4716213173973863E-4 
-0.014763230129320813 2.1856965917204952E-4 
-0.015605010081931821 2.781123456969681E-4 
-0.014305407955929274 1.9116883489830874E-4 
-0.010184434147286038 8.433197766106222E-5 
-0.013495285453893746 1.604950082937398E-4 
-0.010316464689530699 8.682345989942511E-5 
-0.016485936991008983 6.778829460891687E-4 
-0.005656874646572203 6.48269880877429E-5 
-0.01583929193943128 3.1819057942157787E-4 
-0.011031101838727884 9.368133466137218E-5 
-0.010788620680193584 8.929281198595257E-5 
-0.012130705968991042 1.1554698282505277E-4 
-0.015017873853796274 2.2692777143094037E-4 
-0.013861931116356325 1.7150544282909654E-4 
-0.008656529318078912 7.123517995780806E-5 
-0.009711692502741969 8.248438851265924E-5 
-0.009243491553944083 7.909517135799462E-5 
-0.01656137073536508 8.976204059657348E-4 
-0.01656896013758298 9.23456101775015E-4 
-0.005399377109306703 6.448392181531757E-5 
-0.016528265362391395 7.928943430098286E-4 
-0.013139377382805713 1.4504742014785494E-4 
-0.01490236417289469 2.2439743752559322E-4 
-0.01651840571914226 7.642104753184725E-4 
-0.011240135789127258 9.572722589679766E-5 
-0.014033398719902515 1.8384974375654128E-4 
-0.01577322912778969 3.0711307366402326E-4 
-0.016548953166502317 8.568186058164731E-4 
-0.014603460141328784 2.0629292644904173E-4 
-0.016508855682458325 7.375239952357052E-4 
-0.00962160759225566 8.212423729779471E-5 
-0.015526124298543047 2.637353754300999E-4 
-0.014478020178124109 1.9933205924372994E-4 
-0.009116189644213797 7.770351422762775E-5 
-0.0057756188569901305 6.541623321548377E-5 
-0.01593719127145679 3.634920374713354E-4 
-0.013321389871503012 1.5186232299192352E-4 
-0.01645137987644911 5.997064125916006E-4 
-0.010543972929007713 8.839080264980221E-5 
-0.015287183842543003 2.4909821489652896E-4 
-0.005905057355984543 6.622638740636728E-5 
-0.01054397292900771 8.83908026498022E-5 
-0.006142621343692106 6.688662412173702E-5 
-0.013338645010881512 1.5245932762012116E-4 
-0.006169169197055972 6.708671306310822E-5 
-0.016536599387909086 8.180369297500351E-4 
-0.015369181668595109 2.5655319744801765E-4 
-0.011319207544722036 9.723590348234748E-5 
-0.012840591888858192 1.347066318466412E-4 
-0.016435982255214955 5.6942404284481E-4 
-0.012463088009340711 1.24682275882345E-4 
-0.012655344255338125 1.3032978797873762E-4 
-0.008509060278006126 7.079083328573434E-5 
-0.012767254533183569 1.3280098481384696E-4 
-0.009424767558164676 8.139318753471447E-5 
-0.006364837196179142 6.85502399242013E-5 
-0.016447443742477974 5.916983415265112E-4 
-0.015444361939018443 2.629429799750899E-4 
-0.01651419831416677 7.52320374150037E-4 
-0.009440539521447487 8.151907124973216E-5 
-0.01143670637068026 1.0039053852657113E-4 
-0.01632263897726184 5.58069391287033E-4 
-0.008438051566250144 7.062639254926763E-5 
-0.008832619291265435 7.31538968413916E-5 
-0.013916741354562584 1.7576470699521223E-4 
-0.01653276263762041 8.063599057238304E-4 
-0.012313777238926779 1.1996235705606008E-4 
-0.01417360638553049 1.85075995080741E-4 
-0.016575507397777432 9.462917544258266E-4 
-0.016470807756860974 6.419179791708418E-4 
-0.016462638252129513 6.236236806108788E-4 
-0.012319397745172059 1.2139248966762545E-4 
-0.008834849641940364 7.388401715872985E-5 
-0.016554631098774898 8.752488230375545E-4 
-0.012953593980339673 1.3842306375773129E-4 
-0.012015260196076252 1.1248936263489436E-4 
-0.016437946654139543 5.731312873917767E-4 
-0.012566150083842775 1.297591417020658E-4 
-0.016573839537441067 9.404264127229165E-4 
-0.016556137610330507 8.80202901785775E-4 
-0.010906124701407713 9.22562864649174E-5 
-0.01654259119066189 8.36621204023872E-4 
