0.0 0.3000000000000002 0.0 0.0 0.0 0.0 0.0 0.3499999999999999 0.35 0.0 0.0 
0.2736201494839458 0.0 0.0 0.0 0.13088922459765567 0.32447718044159285 0.0 0.10005409182860353 0.17095935364820225 0.0 0.0 
0.2736201494839458 0.0 0.0 0.0 0.13088922459765567 0.32447718044159285 0.0 0.10005409182860353 0.17095935364820225 0.0 0.0 
0.0 0.3000000000000002 0.0 0.0 0.0 0.0 0.0 0.3499999999999999 0.35 0.0 0.0 
0.10000758017510993 0.19999241982489022 0.0 0.0 0.0 0.0 0.0 0.35 0.35 0.0 0.0 
0.349876181939374 0.0 0.0 0.0 0.0 0.349817754978272 0.0 0.10054070734254217 0.19976535573981197 0.0 0.0 
0.0 0.3009996611843548 0.0 0.0 0.0 0.0 0.0 0.3490003388156452 0.35 0.0 0.0 
0.3000000000000002 0.0 0.0 0.0 0.0 0.0 0.0 0.3499999999999999 0.35 0.0 0.0 
0.3339802217699251 0.0 0.0 0.0 0.11480814087461601 0.2218424018098384 0.0 0.10021051792853095 0.2291587176170895 0.0 0.0 
0.1968704342249408 0.1039236019164062 0.0 0.0 0.0 0.0 0.0 0.35 0.34920596385865305 0.0 0.0 
0.13037360515947993 0.16962639484052008 0.0 0.0 0.0 0.0 0.0 0.35 0.35 0.0 0.0 
0.30720096372234557 0.10111300478870902 0.0 0.0 0.0 0.0 0.0 0.24168603148894535 0.35 0.0 0.0 
0.309148888634121 0.10599710690794516 0.0 0.0 0.0 0.0 0.0 0.23660363598118564 0.3482503684767482 0.0 0.0 
0.35 0.17926981166139083 0.0 0.0 0.0 0.0 0.0 0.12073018833860921 0.35 0.0 0.0 
0.2928935511767578 0.10434843085657265 0.0 0.0 0.0 0.0 0.0 0.25275801796666975 0.35 0.0 0.0 
0.2747627263462455 0.0 0.0 0.0 0.12174943479726257 0.3256248928833372 0.0 0.10043969903736436 0.17742324693579045 0.0 0.0 
0.1616495965369761 0.1383504034630242 0.0 0.0 0.0 0.0 0.0 0.35 0.35 0.0 0.0 
0.35 0.10477991470562355 0.0 0.0 0.0 0.0 0.0 0.1952200852943765 0.35 0.0 0.0 
0.3439534463317296 0.1973136524933251 0.0 0.0 0.0 0.0 0.0 0.10873290117494513 0.35 0.0 0.0 
0.34064234324572196 0.0 0.0 0.0 0.12046819508050306 0.26073786419626355 0.0 0.10089298168521757 0.17725861579229382 0.0 0.0 
0.30487588098486573 0.0 0.0 0.0 0.0 0.0 0.0 0.34512411901513423 0.35 0.0 0.0 
0.28521338820936154 0.10843426901970821 0.0 0.0 0.0 0.0 0.0 0.2563523427709303 0.35 0.0 0.0 
0.2824915021996801 0.10103587678040432 0.0 0.0 0.0 0.0 0.0 0.276496737377943 0.33997588364197245 0.0 0.0 
0.35 0.0 0.0 0.0 0.0 0.19403451691548915 0.0 0.10596548308451101 0.35 0.0 0.0 
0.3165724614551913 0.10160176067180303 0.0 0.0 0.0 0.0 0.0 0.23199557850679886 0.34983019936620674 0.0 0.0 
0.33362308853990164 0.0 0.0 0.0 0.1184866447716587 0.2384733932633564 0.0 0.10097628083858733 0.20844059258649605 0.0 0.0 
0.35 0.0 0.0 0.0 0.0 0.1800117809755582 0.0 0.11998821902444184 0.35 0.0 0.0 
0.35 0.11104810697905626 0.0 0.0 0.0 0.0 0.0 0.18895189302094378 0.35 0.0 0.0 
0.2700784011659948 0.10027474855095607 0.0 0.0 0.0 0.0 0.0 0.27964685028304925 0.35 0.0 0.0 
0.34617235128813534 0.10353920182777868 0.0 0.0 0.0 0.0 0.0 0.20096613570301025 0.34932231118107576 0.0 0.0 
0.2807473711814179 0.10912723944346181 0.0 0.0 0.0 0.0 0.0 0.26012538937512025 0.35 0.0 0.0 
0.3457448408823572 0.0 0.0 0.0 0.0 0.28065142450210556 0.0 0.10101917562631343 0.2725845589892238 0.0 0.0 
0.34298037514627655 0.0 0.0 0.0 0.0 0.3085839049775055 0.0 0.10019798953221759 0.24823773034400037 0.0 0.0 
0.3499926469910204 0.1351760291570884 0.0 0.0 0.0 0.0 0.0 0.16483132385189114 0.35 0.0 0.0 
0.3337627288323388 0.0 0.0 0.0 0.0 0.0 0.0 0.31623727116766115 0.35 0.0 0.0 
0.32438355251773576 0.10366515122775122 0.0 0.0 0.0 0.0 0.0 0.22195129625451301 0.35 0.0 0.0 
0.35 0.0 0.0 0.0 0.0 0.17565187414416716 0.0 0.12434812585583285 0.35 0.0 0.0 
0.29654841479765454 0.10690448949348877 0.0 0.0 0.0 0.0 0.0 0.24654709570885663 0.35 0.0 0.0 
0.30532654638391726 0.0 0.0 0.0 0.0 0.0 0.0 0.35 0.3446734536160827 0.0 0.0 
0.3446442064392263 0.0 0.0 0.0 0.0 0.0 0.0 0.3053557935607737 0.35 0.0 0.0 
0.35 0.0 0.0 0.0 0.0 0.20858089379697978 0.0 0.1066985643102881 0.3347205418927321 0.0 0.0 
0.35 0.15843625872020933 0.0 0.0 0.0 0.0 0.0 0.14156374127979057 0.35 0.0 0.0 
0.2795266067295022 0.10134903390828459 0.0 0.0 0.0 0.0 0.0 0.26912435936221324 0.35 0.0 0.0 
0.3417854498729953 0.0 0.0 0.0 0.11495181521031003 0.23237553202628558 0.0 0.10274034519928524 0.20814685769112382 0.0 0.0 
0.34497766220977616 0.12787749325587197 0.0 0.0 0.0 0.0 0.0 0.17714484453435192 0.35 0.0 0.0 
0.3152393961896333 0.0 0.0 0.0 0.0 0.0 0.0 0.3347606038103669 0.35 0.0 0.0 
0.26251219856145014 0.10384926012950617 0.0 0.0 0.0 0.0 0.0 0.28419589674398477 0.3494426445650589 0.0 0.0 
0.2960303631339528 0.10671773398957865 0.0 0.0 0.0 0.0 0.0 0.24786333113994208 0.3493885717365263 0.0 0.0 
0.3399177975125068 0.0 0.0 0.0 0.0 0.27592143918052986 0.0 0.10054526574211588 0.28361549756484755 0.0 0.0 
0.18110673714214506 0.11889326285785498 0.0 0.0 0.0 0.0 0.0 0.35 0.35 0.0 0.0 
0.3446926676243309 0.17866829270695622 0.0 0.0 0.0 0.0 0.0 0.12663903966871287 0.35 0.0 0.0 
0.3423653779874553 0.0 0.0 0.0 0.0 0.0 0.0 0.3076346220125447 0.35 0.0 0.0 
0.3427701834379959 0.0 0.0 0.0 0.0 0.2159667654285244 0.0 0.10013185817329748 0.34113119296018224 0.0 0.0 
0.31909157034952335 0.10448617101609387 0.0 0.0 0.0 0.0 0.0 0.22642225863438278 0.35 0.0 0.0 
0.26291063171324136 0.10234638834314337 0.0 0.0 0.0 0.0 0.0 0.2847429799436153 0.35 0.0 0.0 
0.3120215039764497 0.0 0.0 0.0 0.0 0.0 0.0 0.33797849602355035 0.35 0.0 0.0 
0.3185061561828513 0.0 0.0 0.0 0.0 0.0 0.0 0.3314938438171488 0.35 0.0 0.0 
0.325869400734792 0.10901883075514203 0.0 0.0 0.0 0.0 0.0 0.21511176851006614 0.35 0.0 0.0 
0.34580182769215784 0.0 0.0 0.0 0.11363363957505801 0.2564738656189448 0.0 0.1023552342678421 0.18173543284599736 0.0 0.0 
0.3464970315803302 0.0 0.0 0.0 0.0 0.23726379659838068 0.0 0.10223383961061352 0.31400533221067567 0.0 0.0 
0.3319859791319244 0.10845426522197317 0.0 0.0 0.0 0.0 0.0 0.21223927198925094 0.3473204836568516 0.0 0.0 
0.3425469817977068 0.0 0.0 0.0 0.0 0.3378115704742769 0.0 0.1002728993886472 0.21936854833936897 0.0 0.0 
0.3433927315897268 0.10254275427679674 0.0 0.0 0.0 0.0 0.0 0.2040645141334765 0.35 0.0 0.0 
0.27287090703515887 0.10080305152586035 0.0 0.0 0.0 0.0 0.0 0.2763260414389807 0.35 0.0 0.0 
0.35 0.11494640320748183 0.0 0.0 0.0 0.0 0.0 0.1850535967925183 0.35 0.0 0.0 
0.35 0.11843960321905382 0.0 0.0 0.0 0.0 0.0 0.18156039678094626 0.35 0.0 0.0 
0.339676721883276 0.0 0.0 0.0 0.0 0.0 0.0 0.3103248238144373 0.34999845430228665 0.0 0.0 
0.3411471787466448 0.0 0.0 0.0 0.0 0.24815714697870947 0.0 0.10056834630802501 0.3101273279666207 0.0 0.0 
0.35 0.0 0.0 0.0 0.0 0.0 0.0 0.2999999999999998 0.35 0.0 0.0 
0.33013331285976966 0.0 0.0 0.0 0.0 0.0 0.0 0.3198666871402304 0.35 0.0 0.0 
0.34765597582396596 0.0 0.0 0.0 0.0 0.2601790292567734 0.0 0.10270534620561696 0.2894596487136437 0.0 0.0 
0.27297601970490526 0.11468028987923247 0.0 0.0 0.0 0.0 0.0 0.26234369041586214 0.35 0.0 0.0 
0.32089646720911247 0.10060808478027874 0.0 0.0 0.0 0.0 0.0 0.22849544801060873 0.35 0.0 0.0 
0.3478620031737255 0.0 0.0 0.0 0.0 0.0 0.0 0.3021379968262745 0.35 0.0 0.0 
0.34106311144061807 0.15967604724114692 0.0 0.0 0.0 0.0 0.0 0.15529938896411313 0.34396145235412195 0.0 0.0 
0.33876750200224176 0.0 0.0 0.0 0.0 0.1982055625844714 0.0 0.11302693541328687 0.35 0.0 0.0 
0.35 0.15016988420690566 0.0 0.0 0.0 0.0 0.0 0.14983011579309452 0.35 0.0 0.0 
0.32949489131025317 0.1624793015377314 0.0 0.0 0.0 0.0 0.0 0.15802580715201534 0.35 0.0 0.0 
0.3475154289111527 0.0 0.0 0.0 0.0 0.31847709112355327 0.0 0.10000725874472641 0.23400022122056757 0.0 0.0 
0.34252414074854814 0.0 0.0 0.0 0.0 0.3378233066295214 0.0 0.10027638304171566 0.21937616958021477 0.0 0.0 
0.33414170913518193 0.0 0.0 0.0 0.11544536878759122 0.2219496678772141 0.0 0.10025897209274923 0.22820428210726354 0.0 0.0 
0.35 0.16090742769538746 0.0 0.0 0.0 0.0 0.0 0.13909257230461253 0.35 0.0 0.0 
0.3447631884384906 0.13315627974849384 0.0 0.0 0.0 0.0 0.0 0.17208053181301575 0.35 0.0 0.0 
0.3497485752111958 0.20030794982198002 0.0 0.0 0.0 0.0 0.0 0.10013908701530885 0.34980438795151525 0.0 0.0 
0.33430918855039915 0.1831080253957901 0.0 0.0 0.0 0.0 0.0 0.1325827860538109 0.35 0.0 0.0 
0.3296592219170324 0.0 0.0 0.0 0.0 0.0 0.0 0.32034077808296757 0.35 0.0 0.0 
0.31678409715993 0.0 0.0 0.0 0.0 0.0 0.0 0.3332159028400701 0.35 0.0 0.0 
0.35 0.12973919051123664 0.0 0.0 0.0 0.0 0.0 0.1702608094887635 0.35 0.0 0.0 
0.33743746033361677 0.0 0.0 0.0 0.0 0.3013308034255802 0.0 0.10178517653546715 0.25944655970533587 0.0 0.0 
0.3474949960983561 0.0 0.0 0.0 0.0 0.3183050623800085 0.0 0.10004622523729624 0.23415371628433915 0.0 0.0 
0.30798647426042625 0.0 0.0 0.0 0.0 0.0 0.0 0.3420135257395737 0.35 0.0 0.0 
0.3271821297102078 0.11736332558584356 0.0 0.0 0.0 0.0 0.0 0.20983732800475757 0.3456172166991909 0.0 0.0 
0.32223510973583763 0.0 0.0 0.0 0.0 0.0 0.0 0.3277648902641624 0.35 0.0 0.0 
0.3480240392549865 0.0 0.0 0.0 0.0 0.2963978889668235 0.0 0.10148841387438044 0.25408965790380955 0.0 0.0 
0.34580182769215784 0.0 0.0 0.0 0.11363363957505801 0.2564738656189448 0.0 0.1023552342678421 0.18173543284599736 0.0 0.0 
0.3471927724516703 0.0 0.0 0.0 0.0 0.22762652825977345 0.0 0.10401186329982408 0.3211688359887322 0.0 0.0 
0.34683600127566594 0.1718569139801645 0.0 0.0 0.0 0.0 0.0 0.1313070847441697 0.35 0.0 0.0 
0.31798621578238756 0.17729764503057868 0.0 0.0 0.0 0.0 0.0 0.15471613918703386 0.35 0.0 0.0 
0.33047627373630256 0.10313107605435591 0.0 0.0 0.0 0.0 0.0 0.2208078196316698 0.34558483057767175 0.0 0.0 
0.2711852165370547 0.10085073140610595 0.0 0.0 0.0 0.0 0.0 0.2779640520568394 0.35 0.0 0.0 
