-0.014805555974249724 6.591216372155806E-4 
-0.004540310814085735 5.5969152868132993E-5 
-0.014805555974249724 6.591216372155806E-4 
-0.014609469450893808 4.98791173771403E-4 
-0.00533245357604624 6.349833121423469E-5 
-0.006611924286933458 6.484226552767384E-5 
-0.014217296404181977 3.164776265598369E-4 
-0.014219122593869388 3.6518457378806345E-4 
-0.012675563329880912 2.0122438244508142E-4 
-0.012841694959562402 2.195703051446275E-4 
-0.013388418328767226 2.6312355944602833E-4 
-0.007175434601779889 6.506404308630746E-5 
-0.006706632962906656 6.50406226496221E-5 
-0.004627168726678487 5.625020371048781E-5 
-0.013567651178848785 2.8225015808212183E-4 
-0.005030485527362867 5.9686136916424715E-5 
-0.009203488713382446 9.09263508720527E-5 
-0.014514534097313427 4.3773542258935264E-4 
-0.010131329929167283 1.0759381525236559E-4 
-0.010954047720955139 1.2860827081681513E-4 
-0.012377429152563893 1.817156014234676E-4 
-0.014541870403821412 4.5420804939345515E-4 
-0.008743804547578006 8.668313906693236E-5 
-0.008110240212771016 7.55810953359422E-5 
-0.014451100034061706 4.029635475622567E-4 
-0.00990426580165722 1.0210712323314108E-4 
-0.0077406450416416354 6.918508253222655E-5 
-0.014089091520508775 3.0605695808267155E-4 
-0.014431554006633922 3.9322189066794106E-4 
-0.010301559147540629 1.1148403150947368E-4 
-0.014566064829479586 4.695350682938219E-4 
-0.011301552396726589 1.3725429497193865E-4 
-0.008365539284326848 7.977563231026917E-5 
-0.014468036491575624 4.1349911325705234E-4 
-0.005186854569542802 6.18427248412638E-5 
-0.012290667002019534 1.770322099487676E-4 
-0.013256807167070755 2.544844659887695E-4 
-0.011633657138169284 1.5371417834504386E-4 
-0.00933288297636077 9.254198486545119E-5 
-0.013842991952096293 2.8879552045307365E-4 
-0.012195694897007604 1.7241938891881544E-4 
-0.014302266395959006 3.732093656728053E-4 
-0.014413382927537893 3.8457650355282197E-4 
-0.010654833643513209 1.2149220090786888E-4 
-0.011517678919141884 1.5129056527200433E-4 
-0.008943820254407571 8.7821853321243E-5 
-0.009995634039240118 1.0434648258009799E-4 
-0.011150627672494775 1.331271487973273E-4 
-0.008601827841158247 8.447350731502604E-5 
-0.008502083718814397 8.225831672667238E-5 
-0.014500611151945068 4.2969006365103923E-4 
-0.0073597886474499555 6.839933400873994E-5 
-0.011760884476297391 1.5692630966177633E-4 
-0.014485219532163147 4.2106661047504096E-4 
-0.010558652729720544 1.1844381472457004E-4 
-0.014163509808166073 3.1198663633421686E-4 
-0.01434295842432461 3.792137654154809E-4 
-0.007947638087855424 7.214412049628178E-5 
-0.009713097272127824 9.910629912369376E-5 
-0.01296079564215562 2.2484172275612425E-4 
-0.013104961522596185 2.3862132339717563E-4 
-0.014550557207171001 4.596303007947818E-4 
-0.014609469450893808 4.98791173771403E-4 
-0.014587536694252026 4.837253784678285E-4 
-0.011845690047244836 1.5938903417494956E-4 
-0.013310546352971945 2.60411676392853E-4 
-0.014601957889096049 4.935664572474385E-4 
-0.013928405009442372 2.943778754877646E-4 
-0.011079431210163667 1.316588847901476E-4 
-0.014011341176109951 3.002139392762308E-4 
-0.014579469936206284 4.783293778133907E-4 
-0.010446710341056903 1.1564595172214916E-4 
-0.01199882331548647 1.644876816145499E-4 
-0.007878377111357382 7.132167812159745E-5 
-0.010777038966072537 1.2498779428062582E-4 
-0.00728194950168628 6.638694481164563E-5 
-0.011940995290655988 1.627373008508826E-4 
-0.01360998195335359 2.825363366755827E-4 
-0.011377929150769241 1.3992753613608678E-4 
-0.009565785309130085 9.567156696465234E-5 
-0.01143287369658168 1.4638039219178517E-4 
-0.01423183554240345 3.6638493824120693E-4 
-0.008935410422149886 8.766319271558727E-5 
-0.010372648875893965 1.1393785131659775E-4 
-0.013191216385193223 2.474572824046594E-4 
-0.007555692596073589 6.85150335464827E-5 
-0.00947872195334059 9.424570474684185E-5 
-0.013191216385193223 2.474572824046594E-4 
-0.009682653462342159 9.779562674202415E-5 
-0.012497702540996494 1.889491017867773E-4 
-0.012572421959405224 1.938765624353221E-4 
-0.012497702540996494 1.889491017867773E-4 
-0.007565023416128778 6.873625935655883E-5 
-0.005052213631238048 5.9860357863210486E-5 
-0.013050621412514776 2.3328212153641203E-4 
-0.012572421959405224 1.938765624353221E-4 
-0.008247265082160405 7.711684191675785E-5 
-0.013972398690537735 2.9742263426386776E-4 
-0.010774419259278589 1.2495750665466676E-4 
-0.012104624197119848 1.6850037640308066E-4 
