0.0 0.3 0.0 0.0 0.0 0.0 0.0 0.35 0.35 0.0 0.0 
0.35 0.0 0.0 0.0 0.0 0.0 0.1443102551381778 0.0 0.22697567295131182 0.1208571573473521 0.15785691456315828 
0.0 0.3 0.0 0.0 0.0 0.0 0.0 0.35 0.35 0.0 0.0 
0.1 0.19999999999999996 0.0 0.0 0.0 0.0 0.0 0.35 0.35 0.0 0.0 
0.13040274040710575 0.16959725959289426 0.0 0.0 0.0 0.0 0.0 0.35 0.35 0.0 0.0 
0.18605111821718218 0.11394888178281791 0.0 0.0 0.0 0.0 0.0 0.35 0.35 0.0 0.0 
0.22016804366567666 0.10131780937585978 0.0 0.0 0.0 0.0 0.0 0.35 0.32851414695846354 0.0 0.0 
0.35 0.0 0.0 0.0 0.0 0.0 0.15109748356497818 0.0 0.2373926284317248 0.11802173890161335 0.14348814910168364 
0.3 0.0 0.0 0.0 0.0 0.0 0.0 0.35 0.35 0.0 0.0 
0.35 0.0 0.0 0.0 0.0 0.0 0.11162964442564918 0.1 0.14665024311181332 0.12413829568049542 0.16758181678204218 
0.2565689622986975 0.0 0.0 0.0 0.0 0.0 0.0 0.35 0.2887903440071026 0.0 0.10464069369419994 
0.35 0.0 0.0 0.0 0.0 0.0 0.11232535844553287 0.1 0.1744408576050623 0.11856268268342887 0.1446711012659759 
0.35 0.0 0.0 0.0 0.0 0.0 0.0 0.24670002212109313 0.14488739487394328 0.1 0.1584125830049637 
0.21060072501512203 0.1 0.0 0.0 0.0 0.0 0.0 0.35 0.33939927498487804 0.0 0.0 
0.2840912484799532 0.0 0.0 0.0 0.0 0.0 0.0 0.35 0.2659087515200469 0.0 0.1 
0.35 0.0 0.0 0.0 0.0 0.0 0.11162964442564918 0.1 0.14665024311181332 0.12413829568049542 0.16758181678204218 
0.35 0.0 0.0 0.0 0.0 0.0 0.0 0.24479813992614718 0.16487555229484419 0.1 0.14032630777900865 
0.35 0.0 0.0 0.0 0.0 0.0 0.11846162832923748 0.1 0.1897640541822272 0.10108427953985051 0.14069003794868482 
0.318594811000686 0.0 0.0 0.0 0.0 0.0 0.0 0.35 0.331405188999314 0.0 0.0 
0.35 0.0 0.0 0.0 0.0 0.0 0.0 0.26997946482747354 0.22803374398406956 0.0 0.15198679118845687 
0.35 0.0 0.0 0.0 0.0 0.0 0.10549985872700485 0.11076221118349809 0.20808110242811445 0.1 0.12565682766138264 
0.25285381504911975 0.0 0.0 0.0 0.0 0.0 0.0 0.35 0.2971461849508803 0.0 0.1 
0.35 0.0 0.0 0.0 0.0 0.0 0.0 0.26126818488352993 0.2329177012397022 0.0 0.15581411387676786 
0.3074959671653904 0.0 0.0 0.0 0.0 0.0 0.0 0.35 0.3425040328346096 0.0 0.0 
0.35 0.0 0.0 0.0 0.0 0.0 0.11379828003905981 0.12862178167971405 0.19327098666896964 0.11430895161225667 0.1 
0.35 0.0 0.0 0.0 0.0 0.0 0.11843748160867415 0.12865468285389786 0.2017818367356671 0.10112599880176101 0.1 
0.35 0.0 0.0 0.0 0.0 0.0 0.1 0.12791021970029873 0.2837710868086041 0.0 0.13831869349109724 
0.35 0.0 0.0 0.0 0.0 0.0 0.0 0.2786032654975985 0.22409328141229468 0.0 0.14730345309010684 
0.327382854089359 0.0 0.0 0.0 0.0 0.0 0.0 0.35 0.322617145910641 0.0 0.0 
0.24531974951262758 0.0 0.0 0.0 0.0 0.0 0.0 0.35 0.3046802504873724 0.0 0.1 
0.22517083189748383 0.0 0.0 0.0 0.0 0.0 0.0 0.35 0.3248291681025162 0.0 0.1 
0.35 0.0 0.0 0.0 0.0 0.0 0.0 0.3077250488900527 0.22183718327774038 0.0 0.12043776783220689 
0.31536637092952013 0.0 0.0 0.0 0.0 0.0 0.0 0.35 0.23463362907047997 0.0 0.1 
0.35 0.0 0.0 0.0 0.0 0.0 0.0 0.2113593178020985 0.27371448376742713 0.0 0.16492619843047435 
0.2502650441481725 0.0 0.0 0.1 0.0 0.0 0.0 0.35 0.2997349558518275 0.0 0.0 
0.3374473857713428 0.0 0.0 0.0 0.0 0.0 0.0 0.35 0.2125526142286573 0.0 0.1 
0.2388096945508048 0.0 0.0 0.0 0.0 0.0 0.0 0.35 0.31119030544919524 0.0 0.1 
0.35 0.0 0.0 0.0 0.0 0.0 0.10996182150649093 0.10072984184807549 0.230440264058658 0.1 0.10886807258677554 
0.35 0.0 0.0 0.0 0.0 0.0 0.0 0.3097312952732555 0.1977854655646174 0.0 0.14248323916212707 
0.35 0.0 0.0 0.0 0.0 0.0 0.0 0.3297848249227737 0.22021517507722627 0.0 0.1 
0.118466630154885 0.18153336984511503 0.0 0.0 0.0 0.0 0.0 0.35 0.35 0.0 0.0 
0.21363510544872213 0.0 0.0 0.0 0.0 0.0 0.0 0.35 0.33636489455127794 0.0 0.1 
0.1 0.19999999999999996 0.0 0.0 0.0 0.0 0.0 0.35 0.35 0.0 0.0 
0.2194289897675532 0.0 0.0 0.0 0.0 0.0 0.0 0.35 0.33057101023244684 0.0 0.1 
0.3043828293917048 0.0 0.0 0.0 0.0 0.0 0.0 0.35 0.24561717060829524 0.0 0.1 
0.35 0.0 0.0 0.0 0.0 0.0 0.0 0.32913674801806236 0.18126419973321262 0.0 0.13959905224872504 
0.35 0.0 0.0 0.0 0.0 0.0 0.0 0.21138864882650005 0.25683020398703893 0.0 0.18178114718646105 
0.35 0.0 0.0 0.0 0.0 0.0 0.0 0.28793293217028537 0.22692544428829647 0.0 0.13514162354141812 
0.35 0.0 0.0 0.0 0.0 0.0 0.0 0.2345961730359274 0.26344874761204723 0.0 0.15195507935202532 
0.20000000000000004 0.1 0.0 0.0 0.0 0.0 0.0 0.35 0.35 0.0 0.0 
0.35 0.0 0.0 0.0 0.0 0.0 0.1 0.12374109861062371 0.2800726377673964 0.0 0.14618626362197984 
0.35 0.0 0.0 0.0 0.0 0.0 0.11157642154808921 0.1 0.17903212608044522 0.11743474161472939 0.1419567107567362 
0.22979816028523406 0.0 0.0 0.1 0.0 0.0 0.0 0.35 0.3202018397147659 0.0 0.0 
0.1261699921083437 0.17383000789165629 0.0 0.0 0.0 0.0 0.0 0.35 0.35 0.0 0.0 
0.35 0.0 0.0 0.0 0.0 0.0 0.0 0.2400050590319261 0.1463971833957974 0.1 0.1635977575722764 
0.35 0.0 0.0 0.0 0.0 0.0 0.0 0.252360687844122 0.16204022264048606 0.1 0.135599089515392 
0.20000000000000007 0.0 0.0 0.0 0.0 0.0 0.0 0.35 0.35 0.0 0.1 
0.3324008532959799 0.0 0.0 0.0 0.0 0.0 0.0 0.35 0.1891609872261664 0.0 0.12843815947785378 
0.35 0.0 0.0 0.0 0.0 0.0 0.0 0.30410831556567447 0.19400872207238667 0.0 0.15188296236193893 
0.35 0.0 0.0 0.0 0.0 0.0 0.0 0.2399093491422121 0.25253188863794784 0.0 0.15755876221984008 
0.35 0.0 0.0 0.0 0.0 0.0 0.0 0.23600263670000637 0.24759653422469083 0.0 0.16640082907530268 
0.1134205060930234 0.1865794939069767 0.0 0.0 0.0 0.0 0.0 0.35 0.35 0.0 0.0 
0.35 0.0 0.0 0.0 0.0 0.0 0.145195939587415 0.0 0.232714272129535 0.1263125434330853 0.14577724484996463 
0.35 0.0 0.0 0.0 0.0 0.0 0.1 0.13502591005211775 0.21096582998358682 0.10260123449039105 0.10140702547390443 
0.35 0.0 0.0 0.0 0.0 0.0 0.0 0.3228717459842986 0.2142007922112187 0.0 0.11292746180448272 
0.3282141972854248 0.0 0.0 0.0 0.0 0.0 0.0 0.35 0.2217858027145753 0.0 0.1 
0.35 0.0 0.0 0.0 0.0 0.0 0.0 0.31259277823642206 0.2206921283088827 0.0 0.11671509345469519 
0.35 0.0 0.0 0.0 0.0 0.0 0.0 0.207669746979217 0.2679876179634717 0.0 0.17434263505731135 
0.35 0.0 0.0 0.0 0.0 0.0 0.0 0.3386021127728341 0.21139788722716604 0.0 0.1 
0.35 0.0 0.0 0.0 0.0 0.0 0.1 0.10023951395650763 0.20536872200491962 0.11078409981708298 0.13360766422148984 
0.35 0.0 0.0 0.0 0.0 0.0 0.0 0.30787201604087877 0.23103100508516983 0.0 0.11109697887395142 
0.35 0.0 0.0 0.0 0.0 0.0 0.0 0.2815341954252375 0.22567111621189298 0.0 0.1427946883628696 
0.35 0.0 0.0 0.0 0.0 0.0 0.0 0.21033954446754877 0.2705346886494494 0.0 0.16912576688300185 
0.35 0.0 0.0 0.0 0.0 0.0 0.0 0.23938076474439646 0.24466972138938542 0.0 0.1659495138662181 
0.35 0.0 0.0 0.0 0.0 0.0 0.11644617618207657 0.1339645587055591 0.24985569191882398 0.0 0.14973357319354036 
0.35 0.0 0.0 0.0 0.0 0.0 0.0 0.33354889975951924 0.31645110024048073 0.0 0.0 
0.35 0.0 0.0 0.0 0.0 0.0 0.1 0.10023951395650763 0.20536872200491962 0.11078409981708298 0.13360766422148984 
0.35 0.0 0.0 0.0 0.0 0.0 0.1 0.12374109861062371 0.2843450923110464 0.0 0.14191380907832996 
0.32218533706287794 0.0 0.0 0.0 0.0 0.0 0.0 0.35 0.2278146629371221 0.0 0.1 
0.10747056388026394 0.19252943611973614 0.0 0.0 0.0 0.0 0.0 0.35 0.35 0.0 0.0 
0.35 0.0 0.0 0.0 0.0 0.0 0.0 0.3195190078542035 0.18978310028579182 0.0 0.14069789186000467 
0.20166351913889502 0.0 0.0 0.0 0.0 0.0 0.0 0.35 0.348336480861105 0.0 0.1 
0.35 0.0 0.0 0.0 0.0 0.0 0.10549985872700485 0.10002719516946855 0.21762419959018683 0.1 0.12684874651333977 
0.2849579022645868 0.0 0.0 0.0 0.0 0.0 0.0 0.35 0.2650420977354132 0.0 0.1 
0.35 0.0 0.0 0.0 0.0 0.0 0.0 0.15449141952319612 0.23521073045669702 0.1 0.16029785002010688 
0.3439959919044683 0.0 0.0 0.0 0.0 0.0 0.0 0.35 0.30600400809553174 0.0 0.0 
0.1867410929738369 0.11494229699296694 0.0 0.0 0.0 0.0 0.0 0.35 0.34831661003319625 0.0 0.0 
0.35 0.0 0.0 0.0 0.0 0.0 0.10996182150649093 0.10072984184807549 0.230440264058658 0.1 0.10886807258677554 
0.1975257865084886 0.10247421349151152 0.0 0.0 0.0 0.0 0.0 0.35 0.35 0.0 0.0 
0.35 0.0 0.0 0.0 0.0 0.0 0.1 0.11670113269974781 0.26362941501661713 0.0 0.169669452283635 
0.35 0.0 0.0 0.0 0.0 0.0 0.0 0.2521426000707777 0.1579069461656447 0.1 0.13995045376357762 
0.3477904282752747 0.0 0.0 0.0 0.0 0.0 0.0 0.35 0.2022095717247254 0.0 0.1 
0.3361203148931921 0.0 0.0 0.0 0.0 0.0 0.0 0.35 0.31387968510680797 0.0 0.0 
0.35 0.0 0.0 0.0 0.0 0.0 0.1 0.12115988950776148 0.27363669803254265 0.0 0.155203412459696 
0.35 0.0 0.0 0.0 0.0 0.0 0.0 0.30290750081377626 0.2470924991862238 0.0 0.1 
0.2996032096052921 0.0 0.0 0.0 0.0 0.0 0.0 0.35 0.25039679039470797 0.0 0.1 
0.35 0.0 0.0 0.0 0.0 0.0 0.0 0.24115446375841257 0.1457927556185686 0.1 0.16305278062301887 
0.35 0.0 0.0 0.0 0.0 0.0 0.10853742222381332 0.12540915652245221 0.25729548667815144 0.0 0.15875793457558304 
0.10419588060213807 0.19580411939786202 0.0 0.0 0.0 0.0 0.0 0.35 0.35 0.0 0.0 
0.35 0.0 0.0 0.0 0.0 0.0 0.0 0.35 0.29999999999999993 0.0 0.0 
