0.30000000000000004 0.0 0.0 0.0 0.0 0.0 0.0 0.35 0.35 0.0 0.0 
0.10298715975247558 0.0 0.0 0.22897085541805556 0.0 0.0 0.31804198482946877 0.0 0.0 0.35 0.0 
0.3000000000000001 0.0 0.0 0.0 0.0 0.0 0.0 0.35 0.35 0.0 0.0 
0.11134949199760337 0.0 0.0 0.19281860260937056 0.0 0.0 0.2664673177709839 0.0 0.10324103402300817 0.32612355359903406 0.0 
0.12750805105486024 0.0 0.0 0.20714607617397338 0.0 0.0 0.3167584175540316 0.0 0.0 0.34858745521713463 0.0 
0.11030974826781925 0.0 0.0 0.20818044355392404 0.0 0.0 0.2404785761608076 0.10205983487696403 0.0 0.3389713971404851 0.0 
0.1646954190597388 0.0 0.0 0.20625202226440156 0.0 0.0 0.13763080841695446 0.19243022895668307 0.10012280969830166 0.19886871160392053 0.0 
0.15100512060433588 0.0 0.0 0.18539924611931294 0.0 0.0 0.14151994705138707 0.20226113002925927 0.1105064617065827 0.20930809448912205 0.0 
0.28187651674598 0.0 0.0 0.11548340320512286 0.0 0.0 0.0 0.35 0.25264008004889726 0.0 0.0 
0.11203896602820423 0.0 0.0 0.19979894958126226 0.0 0.0 0.23224615421610342 0.11930212618635201 0.0 0.33661380398807794 0.0 
0.3345397727894584 0.0 0.0 0.0 0.0 0.0 0.0 0.35 0.31546022721054146 0.0 0.0 
0.30338759601121357 0.0 0.0 0.10910989242036673 0.0 0.0 0.0 0.35 0.23750251156841976 0.0 0.0 
0.23389797646303181 0.0 0.0 0.10320952943324307 0.0 0.0 0.0 0.35 0.3128924941037252 0.0 0.0 
0.1100619053329968 0.0 0.0 0.1829860245381067 0.0 0.0 0.20369732117655331 0.12473585032700472 0.10121973753605604 0.27729916108928243 0.0 
0.29014632814617364 0.0 0.0 0.14146358043373936 0.0 0.0 0.0 0.35 0.21839009142008692 0.0 0.0 
0.1552819107306968 0.0 0.0 0.1906501519300863 0.0 0.0 0.10566443305514282 0.3085795747577355 0.10684311851928702 0.1329808110070516 0.0 
0.29842681493774725 0.0 0.0 0.16044646558431777 0.0 0.0 0.0 0.35 0.19112671947793497 0.0 0.0 
0.3441810678114787 0.0 0.0 0.0 0.0 0.0 0.0 0.35 0.3058189321885213 0.0 0.0 
0.11732262996180295 0.0 0.0 0.19582975788481127 0.0 0.0 0.18892984658034326 0.13551625750367352 0.10259480918278557 0.25980669888658353 0.0 
0.2023877926492489 0.0 0.0 0.16908434704779418 0.0 0.0 0.14376240911533375 0.21947729069719868 0.10209025590315957 0.16319790458726477 0.0 
0.32723628704174695 0.0 0.0 0.0 0.0 0.0 0.0 0.35 0.32276371295825307 0.0 0.0 
0.2636912870707568 0.0 0.0 0.10019676946640309 0.0 0.0 0.0 0.35 0.2861119434628403 0.0 0.0 
0.13511768100516344 0.0 0.0 0.17271716803030573 0.0 0.0 0.13008876705700279 0.2256178698330378 0.12215000703443615 0.21430850704005402 0.0 
0.31907239657936826 0.0 0.0 0.13072236967865664 0.0 0.0 0.0 0.35 0.20020523374197505 0.0 0.0 
0.1783978606683489 0.0 0.0 0.1538605481547032 0.0 0.0 0.10279897479475957 0.3138193067507043 0.1386166464107875 0.11250666322069647 0.0 
0.289887046723317 0.0 0.0 0.1470664128338393 0.0 0.0 0.1041125305851844 0.31237401133850556 0.1465599985191538 0.0 0.0 
0.24561696354310353 0.0 0.0 0.10062804508269031 0.0 0.0 0.0 0.35 0.3037549913742062 0.0 0.0 
0.10025764798772532 0.0 0.0 0.23456875755925638 0.0 0.0 0.21724989876467338 0.1464735073972461 0.0 0.3014501882910988 0.0 
0.3097062148296738 0.0 0.0 0.0 0.0 0.0 0.0 0.35 0.3402937851703262 0.0 0.0 
0.14684046214274835 0.0 0.0 0.18085972363102829 0.0 0.0 0.15377431462523591 0.23476213399908594 0.10920002821341745 0.1745633373884841 0.0 
0.3209386286514206 0.0 0.0 0.0 0.0 0.0 0.0 0.35 0.3290613713485794 0.0 0.0 
0.17249916876865928 0.0 0.0 0.16171755424359072 0.0 0.0 0.15440091384602245 0.1759591780840665 0.11232262232606931 0.22310056273159162 0.0 
0.31543947956130014 0.0 0.0 0.0 0.0 0.0 0.0 0.35 0.3345605204387 0.0 0.0 
0.29739571711727286 0.0 0.0 0.14499808843996131 0.0 0.0 0.10118370817192394 0.3010813722182396 0.15534111405260212 0.0 0.0 
0.23449076926090806 0.0 0.0 0.14456619574295707 0.0 0.0 0.11824447932349916 0.2592364479080553 0.11394630380284891 0.12951580396173165 0.0 
0.10034564186073498 0.0 0.0 0.20754110103139556 0.0 0.0 0.22797275858567054 0.1141404985221989 0.0 0.35 0.0 
0.13799413842913996 0.0 0.0 0.18465869256576045 0.0 0.0 0.17428908405250004 0.1505738460444618 0.10369783452714157 0.24878640438099622 0.0 
0.1765420347253753 0.0 0.0 0.18353278277986876 0.0 0.0 0.14525880725597415 0.21612245514106318 0.10140058249309813 0.17714333760462042 0.0 
0.15148552895051107 0.0 0.0 0.16066755030981494 0.0 0.0 0.17266141967529314 0.16982899778664542 0.113213425339986 0.23214307793774935 0.0 
0.17364081186439953 0.0 0.0 0.17486138201083165 0.0 0.0 0.10334518421032088 0.3000310227941162 0.12973079409692545 0.11839080502340626 0.0 
0.2301191383658449 0.0 0.0 0.10154208404652885 0.0 0.0 0.0 0.3455230848643461 0.3228156927232802 0.0 0.0 
0.2805808891107096 0.0 0.0 0.11021688901803146 0.0 0.0 0.0 0.35 0.25920222187125896 0.0 0.0 
0.17317371408164237 0.0 0.0 0.19611532962318226 0.0 0.0 0.10137473103732184 0.2618794403284287 0.11915373510658636 0.14830304982283843 0.0 
0.35 0.0 0.0 0.0 0.0 0.0 0.0 0.3340010349842473 0.31599896501575275 0.0 0.0 
0.28548728973760645 0.0 0.0 0.10078280854424626 0.0 0.0 0.0 0.35 0.26372990171814736 0.0 0.0 
0.10862905335302792 0.0 0.0 0.23556310171742925 0.0 0.0 0.20748025132556297 0.17132947127499906 0.0 0.27699812232898086 0.0 
0.1838307444378169 0.0 0.0 0.16319893797996246 0.0 0.0 0.10262879912198489 0.3083990071477216 0.13838717738049983 0.10355533393201438 0.0 
0.2819687240123046 0.0 0.0 0.16700417732591655 0.0 0.0 0.10189002425548783 0.3057057148949329 0.14343135951135805 0.0 0.0 
0.2670262438814075 0.0 0.0 0.10222198866479744 0.0 0.0 0.0 0.34744485563725996 0.28330691181653517 0.0 0.0 
0.26748890020308713 0.0 0.0 0.14158633817814859 0.0 0.0 0.10361599132310453 0.33506869102026093 0.1522400792753987 0.0 0.0 
0.30419881261302967 0.0 0.0 0.0 0.0 0.0 0.0 0.35 0.34580118738697035 0.0 0.0 
0.32134122523110564 0.0 0.0 0.15566470535519747 0.0 0.0 0.0 0.35 0.17299406941369685 0.0 0.0 
0.2679526936958141 0.0 0.0 0.14646273333359303 0.0 0.0 0.10379564895555815 0.3356496597198733 0.14613926429516122 0.0 0.0 
0.35 0.0 0.0 0.0 0.0 0.0 0.0 0.35 0.29999999999999993 0.0 0.0 
0.10369784464933052 0.0 0.0 0.18308682502825774 0.0 0.0 0.20906684756424232 0.10870839092222705 0.10395828663411534 0.29148180520182704 0.0 
0.16947542986305494 0.0 0.0 0.20726754472536632 0.0 0.0 0.10041363145860484 0.2950389425424094 0.11620372944805397 0.11160072196251071 0.0 
0.25751233302911675 0.0 0.0 0.1514696622851037 0.0 0.0 0.10176803458708569 0.35 0.13924997009869408 0.0 0.0 
0.24251246757950715 0.0 0.0 0.17833500878497033 0.0 0.0 0.10028280617440453 0.3107271156534265 0.16814260180769147 0.0 0.0 
0.18320264654434956 0.0 0.0 0.15819860106934325 0.0 0.0 0.11768396316643873 0.3073452945746191 0.12715763605253821 0.10641185859271117 0.0 
0.10330870697719234 0.0 0.0 0.1941627324936043 0.0 0.0 0.2159217527734564 0.13660680775574696 0.0 0.35 0.0 
0.18877720315743693 0.0 0.0 0.1758055002890193 0.0 0.0 0.10871563585987139 0.31259927045814684 0.11406744125219583 0.10003494898332967 0.0 
0.12632158939659532 0.0 0.0 0.1863916215590051 0.0 0.0 0.17732651561157722 0.17099037852686616 0.10055460090766179 0.23841529399829434 0.0 
0.14854043211902165 0.0 0.0 0.1779596524509047 0.0 0.0 0.16930463303349916 0.16652727750523247 0.11003812268933875 0.2276298822020034 0.0 
0.18480674498017755 0.0 0.0 0.18637829024412322 0.0 0.0 0.10480577023552719 0.28542689228487117 0.11119581554398968 0.12738648671131117 0.0 
0.10606407889142844 0.0 0.0 0.23000093099651941 0.0 0.0 0.21822325820661007 0.15329981066816853 0.0 0.29241192123727355 0.0 
0.253333773919102 0.0 0.0 0.1554840358331678 0.0 0.0 0.10157594261400034 0.31635549491204173 0.1732507527216881 0.0 0.0 
0.27400618915119995 0.0 0.0 0.10489647965038834 0.0 0.0 0.0 0.35 0.27109733119841173 0.0 0.0 
0.187873321608122 0.0 0.0 0.17613078541167496 0.0 0.0 0.10156461696232587 0.2744392175033787 0.12233348310468649 0.13765857540981208 0.0 
0.10519199867425257 0.0 0.0 0.21481690332496375 0.0 0.0 0.22350060648585127 0.15700709878533017 0.0 0.2994833927296023 0.0 
0.24643191048122076 0.0 0.0 0.10939508637858769 0.0 0.0 0.0 0.349889421872374 0.2942835812678175 0.0 0.0 
0.30404234230229454 0.0 0.0 0.147284748777417 0.0 0.0 0.0 0.35 0.19867290892028852 0.0 0.0 
0.17577861844254883 0.0 0.0 0.2023663743480385 0.0 0.0 0.12687203747262701 0.24781624754712983 0.11274383648040211 0.13442288570925365 0.0 
0.18269086337657192 0.0 0.0 0.16051044139758835 0.0 0.0 0.1225961256449198 0.24885831549561352 0.12321985963517337 0.1621243944501331 0.0 
0.23095728655714787 0.0 0.0 0.14238776392742672 0.0 0.0 0.10291688849166485 0.27034586972375446 0.10681504136947917 0.14657714993052695 0.0 
0.2384466769076002 0.0 0.0 0.13070547562018459 0.0 0.0 0.10009061310940551 0.278718245526774 0.11214590794432716 0.1398930808917085 0.0 
0.2785735866635186 0.0 0.0 0.14858866753633085 0.0 0.0 0.10266918217146961 0.3226181940553983 0.14755036957328246 0.0 0.0 
0.24650979217053418 0.0 0.0 0.1021015650491373 0.0 0.0 0.0 0.35 0.3013886427803285 0.0 0.0 
0.25277706025909663 0.0 0.0 0.12015699470403604 0.0 0.0 0.0 0.35 0.27706594503686727 0.0 0.0 
0.14879556655436002 0.0 0.0 0.1826864264911709 0.0 0.0 0.13944918302094675 0.20454068532303765 0.11828270548026405 0.2062454331302205 0.0 
0.35 0.0 0.0 0.14091558676580634 0.0 0.0 0.0 0.35 0.15908441323419353 0.0 0.0 
0.1800414262264735 0.0 0.0 0.1460651314652131 0.0 0.0 0.10374605372132409 0.31671049951567176 0.13989371074872287 0.1135431783225946 0.0 
0.1363940856713321 0.0 0.0 0.19737533004021235 0.0 0.0 0.18639886321499327 0.1366874599426192 0.10992860028312741 0.23321566084771575 0.0 
0.26562847146612456 0.0 0.0 0.1874502382182071 0.0 0.0 0.11150047009739311 0.3104908086334383 0.12493001158483683 0.0 0.0 
0.3026687177751584 0.0 0.0 0.12400186427699157 0.0 0.0 0.0 0.35 0.22332941794785 0.0 0.0 
0.23696711750136767 0.0 0.0 0.11630277732251305 0.0 0.0 0.0 0.35 0.2967301051761194 0.0 0.0 
0.16115021754011793 0.0 0.0 0.17593650299795044 0.0 0.0 0.16973751526995567 0.1577550822466503 0.10200629921175909 0.23341438273356654 0.0 
0.11400757730066018 0.0 0.0 0.1904726912285689 0.0 0.0 0.18066493892622212 0.14443455713956316 0.10200099199632123 0.2684192434086644 0.0 
0.11124219398741454 0.0 0.0 0.18494834136358676 0.0 0.0 0.17365874149359514 0.16325512960600996 0.10230520400563506 0.2645903895437586 0.0 
0.20685504014007755 0.0 0.0 0.14387984374854304 0.0 0.0 0.10019335634256993 0.27900435041511185 0.13003072790863418 0.14003668144506343 0.0 
0.18642172141204694 0.0 0.0 0.1736118739414323 0.0 0.0 0.11516603708580846 0.30869878955859503 0.11264415617794449 0.10345742182417285 0.0 
0.28666234287211423 0.0 0.0 0.1434162305197797 0.0 0.0 0.10251185223016047 0.33149817612335264 0.1359113982545929 0.0 0.0 
0.32771884067662665 0.0 0.0 0.17619505707931615 0.0 0.0 0.0 0.35 0.1460861022440572 0.0 0.0 
0.3067075024577485 0.0 0.0 0.11244608931414986 0.0 0.0 0.0 0.35 0.2308464082281017 0.0 0.0 
0.3037218124586491 0.0 0.0 0.1761246399437457 0.0 0.0 0.0 0.33311694347539844 0.18703660412220674 0.0 0.0 
0.17374202038511102 0.0 0.0 0.15264807372353364 0.0 0.0 0.11383575209050877 0.23666835727148883 0.13125690940426613 0.19184888712509154 0.0 
0.21441080161618056 0.0 0.0 0.1705339293695114 0.0 0.0 0.11246066866564741 0.24537157110852909 0.12703319925106885 0.1301898299890627 0.0 
0.17950459610612066 0.0 0.0 0.17765409830395273 0.0 0.0 0.11054414967501351 0.24669851926286462 0.10936073995762877 0.1762378966944196 0.0 
0.10302028563941246 0.0 0.0 0.19422518506283135 0.0 0.0 0.21599120414571268 0.1367633251520435 0.0 0.35 0.0 
0.14266480944059215 0.0 0.0 0.21385706914714664 0.0 0.0 0.15251059579450157 0.21264017331674723 0.10359271859618906 0.17473463370482334 0.0 
0.17282847848314895 0.0 0.0 0.1883418114584752 0.0 0.0 0.13566177720210465 0.24110589880377142 0.10694211349050775 0.15511992056199206 0.0 
