-0.01611301372473826 3.490790714687223E-4 
-0.006017196373405047 2.8548998505599924E-5 
-0.01611301372473826 3.490790714687223E-4 
-0.008311694780672063 3.3749602883175204E-5 
-0.006413018418872107 3.268848710447215E-5 
-0.011229024336569712 4.7302946139604084E-5 
-0.008835849337046328 3.415191919699935E-5 
-0.010655488948028683 4.512445766008671E-5 
-0.015711838161870474 2.997287578231538E-4 
-0.01380613682774281 9.70106063970477E-5 
-0.01546510018750558 2.4404028579119784E-4 
-0.014768006232058133 1.8126272408486435E-4 
-0.015403817871894421 2.3475215909105697E-4 
-0.010390326013176117 4.264788581094835E-5 
-0.015497581588211727 2.494187010930655E-4 
-0.014404744326616458 1.442715337604123E-4 
-0.015756703555552566 3.110510544429701E-4 
-0.014914998597521814 1.8765319719671165E-4 
-0.009807970154880163 3.763747035174158E-5 
-0.010184904513595694 4.084591218602506E-5 
-0.012935597353508403 6.284976966799054E-5 
-0.015540864233324412 2.583390539789436E-4 
-0.010009056019820549 3.92886861400195E-5 
-0.012333465940524651 5.472311597927345E-5 
-0.012723023485067396 6.049517317546767E-5 
-0.009287077827547128 3.66075381193033E-5 
-0.012017274470102356 5.237720669911452E-5 
-0.01606588792044556 3.399645781612137E-4 
-0.01596519460104244 3.2356240424876354E-4 
-0.01511154836942676 2.0566990633254017E-4 
-0.012568408822876069 5.7139296678628004E-5 
-0.016002003407342175 3.2907283911005935E-4 
-0.013901888668941348 1.0266511308433624E-4 
-0.01435613652854276 1.4111419524503871E-4 
-0.01530001486768482 2.1896103579283326E-4 
-0.012191478462529007 5.395947110241879E-5 
-0.0135943817971911 8.589354543469472E-5 
-0.014436587154223805 1.5516751687729693E-4 
-0.01568928872699116 2.9384698835034124E-4 
-0.014340024729339844 1.33816851640065E-4 
-0.011850166340349579 5.095455912533338E-5 
-0.01525204956449977 2.140267390662229E-4 
-0.01564748851820292 2.839181001113533E-4 
-0.01568068634348971 2.8873613794157683E-4 
-0.011554138320670568 4.9257131286703405E-5 
-0.009006080527795914 3.45110199294795E-5 
-0.011718259109695116 5.006174029695717E-5 
-0.009151383509000646 3.524759961543492E-5 
-0.015925379831752157 3.1823175133874137E-4 
-0.01061687910129494 4.425511973548723E-5 
-0.015612379461892804 2.750755528675708E-4 
-0.014190600497261327 1.1933485206185478E-4 
-0.01610092447867747 3.466534786542763E-4 
-0.014484421200961571 1.607672009405105E-4 
-0.015069384460596861 1.98950442580243E-4 
-0.013415628276894789 7.819899538059525E-5 
-0.009548832232938835 3.669597518190265E-5 
-0.015640187222190696 2.7873179091352136E-4 
-0.013107943333574363 7.036044118723842E-5 
-0.015314919141793013 2.245068521320821E-4 
-0.014240447147800865 1.2515256266008344E-4 
-0.01559831906188861 2.692960167295598E-4 
-0.013368911405813302 7.556069254362602E-5 
-0.015001624955229387 1.9298418927685249E-4 
-0.0062242485353798446 2.9445584022106243E-5 
-0.014289975742410439 1.3130190111496827E-4 
-0.013686468403061047 9.067084288587348E-5 
-0.0062266449986590105 3.128804978353282E-5 
-0.015385188100560837 2.2939773581846177E-4 
-0.014678532839928234 1.7593282875888444E-4 
-0.009587487059578036 3.70970198358672E-5 
-0.015541954569849682 2.634493327539294E-4 
-0.014040535516069267 1.1071348078031632E-4 
-0.01589655874657829 3.1478136752519553E-4 
-0.014558881294552689 1.656707813381369E-4 
-0.014615767491072802 1.7064801042030546E-4 
-0.013467983769659958 8.254663111044851E-5 
-0.01142020435817114 4.8373480554347955E-5 
-0.013686468403061047 9.067084288587348E-5 
-0.014006179074090358 1.0771839467565331E-4 
-0.013963240404014959 1.0464941429081448E-4 
-0.013262173108041404 7.335317298982297E-5 
-0.012642803022211067 5.792890596354296E-5 
-0.013023512075115035 6.640218835075553E-5 
-0.014694640321481805 1.7733925370103364E-4 
-0.015058902108788514 1.9719754995043E-4 
-0.014952114204195413 1.9115332128735466E-4 
-0.013235881026089436 7.144594054092554E-5 
-0.015211925109245555 2.1009288070065698E-4 
-0.014268612263517824 1.2672094222315134E-4 
-0.01557218476718559 2.6650371563316933E-4 
-0.015190936443383703 2.0821511234131945E-4 
-0.01350928345232591 8.396196912673149E-5 
-0.014492031340482709 1.6398315080201622E-4 
-0.014097494810957043 1.139244930301932E-4 
-0.016034419080287077 3.343888389921178E-4 
-0.011329477744777423 4.7751779033286025E-5 
-0.01536143633969772 2.268809169229741E-4 
-0.014437938969559515 1.554051579484329E-4 
-0.014603131408621111 1.694013356254317E-4 
