0.0 0.3000000000000003 0.0 0.0 0.0 0.0 0.0 0.35 0.35 0.0 0.0 
0.0 0.21017697284050255 0.0 0.11736982344642775 0.25962061564371797 0.0 0.10174824374321813 0.1306993313229304 0.18038501300320312 0.0 0.0 
0.0 0.30000000000000027 0.0 0.0 0.0 0.0 0.0 0.35 0.35 0.0 0.0 
0.0 0.19047643427622965 0.0 0.0 0.25491648478934115 0.0 0.1001421648226356 0.3319047043164685 0.12256021179532507 0.0 0.0 
0.0 0.20875227865526755 0.0 0.0 0.10077858027531961 0.0 0.10214950972417496 0.35 0.23831963134523793 0.0 0.0 
0.0 0.27883253379067197 0.0 0.0 0.1335941561000091 0.0 0.0 0.35 0.23757331010931895 0.0 0.0 
0.0 0.24130176859983116 0.0 0.0 0.17605542199567367 0.0 0.10239380242642825 0.35 0.13024900697806702 0.0 0.0 
0.0 0.21902250309716492 0.0 0.11105866293021897 0.21653418246313588 0.0 0.10604052433731136 0.18768464944316468 0.15965947772900407 0.0 0.0 
0.0 0.24595996171916473 0.0 0.0 0.14047003423397567 0.0 0.0 0.35 0.2635700040468597 0.0 0.0 
0.0 0.2345828858044885 0.0 0.0 0.10291708081285192 0.0 0.1026296705455962 0.35 0.20987036283706334 0.0 0.0 
0.0 0.2184475324943229 0.0 0.0 0.1012447040756641 0.0 0.10333096410065014 0.35 0.22697679932936296 0.0 0.0 
0.0 0.23372348709284144 0.0 0.0 0.0 0.0 0.10032693733843878 0.349744579425401 0.31620499614331876 0.0 0.0 
0.0 0.18058402577682134 0.0 0.0 0.323041254981453 0.0 0.10142871683318233 0.25394469889358784 0.14100130351495554 0.0 0.0 
0.0 0.22151265596661954 0.0 0.10200277996263664 0.228958438006824 0.0 0.10444899497866617 0.1757088431044658 0.16736828798078782 0.0 0.0 
0.0 0.22703834647411705 0.0 0.0 0.1669345762560065 0.0 0.10935777325094757 0.35 0.1466693040189289 0.0 0.0 
0.0 0.204750050747925 0.0 0.0 0.21532241658227155 0.0 0.10795409753722332 0.35 0.12197343513258019 0.0 0.0 
0.0 0.22489844110899826 0.0 0.0 0.10175024611095859 0.0 0.10240717862223774 0.35 0.22094413415780542 0.0 0.0 
0.0 0.19093856778530882 0.0 0.10313686816414475 0.2735746828579664 0.0 0.1027055398381057 0.15228915478787983 0.17735518656659457 0.0 0.0 
0.0 0.19093157250110143 0.0 0.0 0.2864473531529529 0.0 0.10190519952942446 0.2942931447890511 0.12642273002747004 0.0 0.0 
0.0 0.18801679999735255 0.0 0.0 0.299254933453565 0.0 0.1051654878860423 0.2656132113643471 0.14194956729869293 0.0 0.0 
0.0 0.1935174290686323 0.0 0.0 0.24776663332010485 0.0 0.10093901462650048 0.34816148429977106 0.10961543868499135 0.0 0.0 
0.0 0.22199198147309523 0.0 0.11039363032728645 0.22980311683531193 0.0 0.10288144477505078 0.16941111186390348 0.16551871472535215 0.0 0.0 
0.0 0.33886574148772464 0.0 0.0 0.0 0.0 0.0 0.35 0.3111342585122753 0.0 0.0 
0.0 0.24287754031986508 0.0 0.0 0.0 0.0 0.10004304723664793 0.35 0.307079412443487 0.0 0.0 
0.0 0.3083464340476714 0.0 0.0 0.0 0.0 0.11928245573980617 0.35 0.2223711102125225 0.0 0.0 
0.0 0.30246903829475763 0.0 0.0 0.0 0.0 0.13096667975841333 0.35 0.216564281946829 0.0 0.0 
0.0 0.1990300685467263 0.0 0.0 0.19671709938510296 0.0 0.1087622723597803 0.35 0.1454905597083904 0.0 0.0 
0.0 0.22463605016307625 0.0 0.11072271552209505 0.19676647978904196 0.0 0.10513454954599229 0.21125407497964893 0.1514861300001455 0.0 0.0 
0.0 0.2192939181803136 0.0 0.0 0.0 0.0 0.10096141838287874 0.35 0.32974466343680775 0.0 0.0 
0.0 0.21608545163919624 0.0 0.0 0.0 0.0 0.10031760133233979 0.35 0.333596947028464 0.0 0.0 
0.0 0.1903438078910598 0.0 0.0 0.2644419029501109 0.0 0.1001172955350394 0.3300364813569457 0.11506051226684427 0.0 0.0 
0.0 0.28512351345193165 0.0 0.0 0.11604082976020731 0.0 0.0 0.35 0.24883565678786101 0.0 0.0 
0.0 0.23642710346750934 0.0 0.0 0.10561137186873686 0.0 0.1049759137384062 0.35 0.2029856109253477 0.0 0.0 
0.0 0.2911201329896786 0.0 0.0 0.11848136052700335 0.0 0.0 0.35 0.24039850648331818 0.0 0.0 
0.0 0.2552565378449266 0.0 0.0 0.0 0.0 0.10186385720930127 0.35 0.2928796049457722 0.0 0.0 
0.0 0.3091544887281607 0.0 0.0 0.0 0.0 0.15705148732854937 0.35 0.18379402394329003 0.0 0.0 
0.0 0.27958208007651747 0.0 0.0 0.0 0.0 0.11452031410117287 0.35 0.2558976058223097 0.0 0.0 
0.0 0.32274765896340185 0.0 0.0 0.0 0.0 0.1390739053256888 0.35 0.18817843571090936 0.0 0.0 
0.0 0.23330655636972475 0.0 0.0 0.1318258619290735 0.0 0.10098873789191108 0.35 0.18387884380929082 0.0 0.0 
0.0 0.20955009591443288 0.0 0.10774956588793576 0.22375198177424002 0.0 0.10135836701161981 0.20435038983326279 0.1532395995785087 0.0 0.0 
0.0 0.23302734617275 0.0 0.0 0.1458394809517573 0.0 0.10056566729637952 0.35 0.17056750557911324 0.0 0.0 
0.0 0.24631203009471297 0.0 0.0 0.10806293485349454 0.0 0.10776115407287604 0.35 0.1878638809789166 0.0 0.0 
0.0 0.22274282361447825 0.0 0.0 0.0 0.0 0.10265679985448499 0.35 0.32460037653103685 0.0 0.0 
0.0 0.23630906065060106 0.0 0.0 0.0 0.0 0.10073629736131132 0.35 0.31295464198808776 0.0 0.0 
0.0 0.191218239967913 0.0 0.0 0.21187326900659242 0.0 0.10622483209558792 0.34439351614825275 0.14629014278165398 0.0 0.0 
0.0 0.20496933599775222 0.0 0.10192849740073871 0.24779301292732492 0.0 0.10960837379817624 0.16555517238827736 0.17014560748773053 0.0 0.0 
0.0 0.24143329658140744 0.0 0.0 0.10644450160280088 0.0 0.10672537193305699 0.35 0.1953968298827347 0.0 0.0 
0.0 0.1869391072390661 0.0 0.1009765302090107 0.2912108674339932 0.0 0.10055423662457719 0.14667901060872301 0.1736402478846297 0.0 0.0 
0.0 0.1973429511029129 0.0 0.0 0.26410601177128024 0.0 0.10076330125482365 0.3201069493117832 0.11768078655920006 0.0 0.0 
0.0 0.23954504225857914 0.0 0.0 0.112020084994508 0.0 0.11466124974399756 0.35 0.18377362300291528 0.0 0.0 
0.0 0.27927710334884054 0.0 0.0 0.0 0.0 0.10668534629277111 0.35 0.2640375503583885 0.0 0.0 
0.0 0.25167672580390854 0.0 0.0 0.0 0.0 0.10043528082234138 0.35 0.29788799337375005 0.0 0.0 
0.0 0.24741314509699525 0.0 0.0 0.0 0.0 0.10044524240373316 0.3494491311172275 0.3026924813820441 0.0 0.0 
0.0 0.19481315304490232 0.0 0.0 0.20700358007950317 0.0 0.1056374240082695 0.35 0.14254584286732497 0.0 0.0 
0.0 0.20086112408070644 0.0 0.0 0.26881441725875055 0.0 0.10255968020652545 0.29852263885643393 0.1292421395975837 0.0 0.0 
0.0 0.18100948364558447 0.0 0.0 0.316355352283002 0.0 0.1004314751322058 0.269173798940269 0.13302988999893872 0.0 0.0 
0.0 0.2103542967570822 0.0 0.10460636604918117 0.25430303865656095 0.0 0.10416889214131331 0.15195172822544278 0.17461567817041956 0.0 0.0 
0.0 0.3230490848206126 0.0 0.0 0.0 0.0 0.0 0.35 0.32695091517938735 0.0 0.0 
0.0 0.3000618315416802 0.0 0.0 0.10726964188708432 0.0 0.0 0.35 0.24266852657123544 0.0 0.0 
0.0 0.32381837682129344 0.0 0.0 0.0 0.0 0.1582285621954435 0.34795678339542335 0.16999627758783975 0.0 0.0 
0.0 0.23535946869066945 0.0 0.0 0.13462339496578266 0.0 0.10358669113411359 0.3473327000887024 0.17909774512073198 0.0 0.0 
0.0 0.25443274678779637 0.0 0.0 0.0 0.0 0.10814752559768229 0.35 0.2874197276145213 0.0 0.0 
0.0 0.24014914842512017 0.0 0.0 0.14459316010274278 0.0 0.11564631294679505 0.3498184479715186 0.14979293055382342 0.0 0.0 
0.0 0.19080249059533863 0.0 0.0 0.28973482635611014 0.0 0.10004456408000192 0.30615083459108 0.11326728437746925 0.0 0.0 
0.0 0.31424075497051673 0.0 0.0 0.0 0.0 0.13142005315920485 0.34910610198501113 0.20523308988526728 0.0 0.0 
0.0 0.2984284425256642 0.0 0.0 0.0 0.0 0.10940810564661911 0.35 0.24216345182771665 0.0 0.0 
0.0 0.1917601790198929 0.0 0.0 0.2455167691576198 0.0 0.10002243006238239 0.35 0.11270062176010501 0.0 0.0 
0.0 0.21528328804045038 0.0 0.10705748720234999 0.24247455728039333 0.0 0.10660976246950815 0.15551223901824512 0.17306266598905304 0.0 0.0 
0.0 0.21556999992682482 0.0 0.0 0.14821313125650035 0.0 0.12188026699385424 0.35 0.16433660182282064 0.0 0.0 
0.0 0.2691612207698407 0.0 0.0 0.12572602011175993 0.0 0.10538060971953253 0.3487066242081403 0.15102552519072648 0.0 0.0 
0.0 0.18357048905141998 0.0 0.0 0.31752296572892236 0.0 0.10098200550095497 0.2593318634789974 0.13859267623970534 0.0 0.0 
0.0 0.22009891615522242 0.0 0.0 0.16246767782399565 0.0 0.10703572748830421 0.35 0.16039767853247772 0.0 0.0 
0.0 0.18667657796218104 0.0 0.0 0.29934884881861146 0.0 0.10148697642653116 0.28459724116518387 0.12789035562749235 0.0 0.0 
0.0 0.18667657796218104 0.0 0.0 0.29934884881861146 0.0 0.10148697642653116 0.28459724116518387 0.12789035562749235 0.0 0.0 
0.0 0.27415603709911296 0.0 0.0 0.0 0.0 0.16826015410729783 0.35 0.20758380879358912 0.0 0.0 
0.0 0.26855488492694785 0.0 0.0 0.0 0.0 0.11061973455015973 0.35 0.2708253805228925 0.0 0.0 
0.0 0.3315741187099779 0.0 0.0 0.0 0.0 0.0 0.35 0.31842588129002225 0.0 0.0 
0.0 0.2962042633217053 0.0 0.0 0.0 0.0 0.1204603340076084 0.35 0.2333354026706863 0.0 0.0 
0.0 0.2534823321492672 0.0 0.0 0.0 0.0 0.11211379034051266 0.35 0.2844038775102201 0.0 0.0 
0.0 0.23618841033299054 0.0 0.0 0.16156453160783643 0.0 0.10308133100406697 0.35 0.14916572705510606 0.0 0.0 
0.0 0.2728485294796653 0.0 0.0 0.0 0.0 0.11721564616735894 0.35 0.2599358243529757 0.0 0.0 
0.0 0.3159363424171419 0.0 0.0 0.0 0.0 0.0 0.35 0.3340636575828581 0.0 0.0 
0.0 0.18341531199549424 0.0 0.0 0.2709683327281054 0.0 0.10114683972748094 0.30936266751891817 0.13510684803000145 0.0 0.0 
0.0 0.28928548202832405 0.0 0.0 0.0 0.0 0.12296180215665782 0.35 0.23775271581501806 0.0 0.0 
0.0 0.19777378302460877 0.0 0.0 0.2320815976231276 0.0 0.10066341017293264 0.34986594430413265 0.11961526487519845 0.0 0.0 
0.0 0.1955264113093544 0.0 0.0 0.27098026523855484 0.0 0.10115129388531491 0.30937629078339957 0.12296573878337616 0.0 0.0 
0.0 0.30731058329296895 0.0 0.0 0.0 0.0 0.0 0.35 0.34268941670703107 0.0 0.0 
0.0 0.35 0.0 0.0 0.0 0.0 0.0 0.35 0.30000000000000016 0.0 0.0 
0.0 0.22274282361447825 0.0 0.0 0.0 0.0 0.10265679985448499 0.35 0.32460037653103685 0.0 0.0 
0.0 0.19410419403006823 0.0 0.10619987366113932 0.22999317804605915 0.0 0.10226563541069247 0.21763885708862066 0.14979826176342018 0.0 0.0 
0.0 0.2409786972534017 0.0 0.0 0.12412492418663339 0.0 0.10087649580676783 0.35 0.18401988275319722 0.0 0.0 
0.0 0.2691933101062907 0.0 0.0 0.0 0.0 0.10246924073070247 0.35 0.2783374491630068 0.0 0.0 
0.0 0.35 0.0 0.0 0.0 0.0 0.0 0.35 0.2999999999999999 0.0 0.0 
0.0 0.3274745006537113 0.0 0.0 0.0 0.0 0.0 0.35 0.3225254993462888 0.0 0.0 
0.0 0.1978495626268802 0.0 0.0 0.2321705227116476 0.0 0.10070198067034401 0.3496168369684166 0.11966109702271169 0.0 0.0 
0.0 0.21844175571480545 0.0 0.10277794869167307 0.22258244042810382 0.0 0.10060013129910378 0.21062619489116868 0.14497152897514512 0.0 0.0 
0.0 0.23040943994456142 0.0 0.0 0.12168802130650247 0.0 0.11168204917094178 0.35 0.1862204895779945 0.0 0.0 
0.0 0.21867610109345972 0.0 0.11051206115117089 0.20315862723726827 0.0 0.10382710121424672 0.2108521556981342 0.15297395360572022 0.0 0.0 
0.0 0.30321497974449474 0.0 0.0 0.0 0.0 0.10690043567797862 0.35 0.2398845845775266 0.0 0.0 
0.0 0.2718946155591251 0.0 0.0 0.0 0.0 0.10445468085322787 0.35 0.27365070358764715 0.0 0.0 
