0.0 0.3000000000000004 0.0 0.0 0.0 0.0 0.0 0.35 0.35 0.0 0.0 
0.0 0.0 0.19579925410856108 0.0 0.0 0.22374509896208877 0.2146886289968652 0.0 0.0 0.1707373942664786 0.19502962366600637 
0.0 0.0 0.19579925410856108 0.0 0.0 0.22374509896208877 0.2146886289968652 0.0 0.0 0.1707373942664786 0.19502962366600637 
0.0 0.1404241187212247 0.15481795758859246 0.0 0.0 0.12952566723307796 0.12628969639881887 0.0 0.11963624482962675 0.1427333074564627 0.18657300777219654 
0.0 0.0 0.1776208353741649 0.0 0.0 0.23487181644700905 0.24205736220153337 0.0 0.0 0.15703769260731584 0.1884122933699769 
0.0 0.1525429451281667 0.1511112523077924 0.0 0.0 0.13936633467171236 0.10996759137746126 0.0 0.14075564052403236 0.11638966919853215 0.1898665667923029 
0.0 0.19817466209718926 0.11023255071096437 0.0 0.0 0.0 0.10848982798761196 0.2614012380522774 0.32170172115195705 0.0 0.0 
0.0 0.2582292734133817 0.12441557855250379 0.0 0.0 0.0 0.0 0.2681477770532569 0.34920737098085747 0.0 0.0 
0.1601794257196023 0.2326588610582329 0.10734261397743941 0.0 0.15723957966864932 0.0 0.0 0.0 0.22486942974997412 0.11771008982610189 0.0 
0.0 0.16622767975313144 0.1078871705060447 0.0 0.0 0.0 0.11163753683482854 0.2654209110821856 0.3488267018238097 0.0 0.0 
0.20752324609256745 0.21126715829733103 0.10873424494831435 0.0 0.16759744386559125 0.0 0.0 0.10297061062862761 0.20190729616756825 0.0 0.0 
0.0 0.1669812766399674 0.10006280416275314 0.0 0.0 0.0 0.11024632373886604 0.27270959545841356 0.35 0.0 0.0 
0.0 0.32825794393941515 0.0 0.0 0.0 0.0 0.0 0.32174205606058487 0.35 0.0 0.0 
0.1053646918448905 0.24403304586000832 0.10642527286276321 0.0 0.10529245666196732 0.0 0.0 0.1480510406556271 0.2908334921147436 0.0 0.0 
0.0 0.18403190680122836 0.1007472335050958 0.0 0.0 0.0 0.11100040833087446 0.2582855655759053 0.345934885786896 0.0 0.0 
0.16951423021425618 0.28548321176677455 0.0 0.0 0.14967535395577652 0.0 0.0 0.0 0.29173490979767563 0.10359229426551704 0.0 
0.0 0.2418707076510482 0.12710207176463473 0.0 0.0 0.0 0.0 0.28102722058431717 0.35 0.0 0.0 
0.15581829922697046 0.20304073371720383 0.10496230434953488 0.0 0.1224812194248487 0.0 0.0 0.156433036877964 0.2572644064034783 0.0 0.0 
0.0 0.3204842695690158 0.0 0.0 0.0 0.0 0.0 0.3295157304309842 0.35 0.0 0.0 
0.12671045193126604 0.23602330396222812 0.10787593311316691 0.0 0.12724139518647312 0.0 0.0 0.0 0.2725707859164428 0.12957812989042317 0.0 
0.158945580513451 0.2204697725059805 0.10030901704485437 0.0 0.1753014236716555 0.0 0.0 0.0 0.19303867265307736 0.15193553361098133 0.0 
0.10602631826361084 0.23637731153933791 0.1018330962657969 0.0 0.10646261175982927 0.0 0.0 0.1646693211284746 0.2846313410429504 0.0 0.0 
0.1760445754407385 0.27257974304478033 0.0 0.0 0.18572587744838434 0.0 0.0 0.0 0.24712173036508095 0.11852807370101585 0.0 
0.0 0.22317148061000655 0.0 0.0 0.0 0.0 0.1041426013663939 0.3226859180235997 0.35 0.0 0.0 
0.10943539751530657 0.22199099532776512 0.10145155284107754 0.0 0.10420835511013203 0.0 0.0 0.1928941515038076 0.270019547701911 0.0 0.0 
0.0 0.30629928779195376 0.0 0.0 0.0 0.0 0.0 0.3437007122080462 0.35 0.0 0.0 
0.1325310034276527 0.23773263481249918 0.11405223357322085 0.0 0.12056422586687629 0.0 0.0 0.12618278783561948 0.26893711448413143 0.0 0.0 
0.0 0.21633475124607104 0.10354528567149807 0.0 0.0 0.0 0.1362341770372496 0.20497785189195905 0.33890793415322207 0.0 0.0 
0.0 0.24658121168954636 0.10754794846497341 0.0 0.0 0.0 0.0 0.2958708398454802 0.35 0.0 0.0 
0.0 0.2081524529186404 0.10410925374212913 0.0 0.0 0.0 0.11358820784154301 0.2493185375645079 0.3248315479331797 0.0 0.0 
0.11298705564484914 0.26136891125632045 0.0 0.0 0.12030500379603659 0.0 0.0 0.16532678719029262 0.3400122421125013 0.0 0.0 
0.0 0.21376546274362448 0.11327381628810541 0.0 0.0 0.0 0.10318789971416685 0.23640440445864971 0.3333684167954536 0.0 0.0 
0.0 0.20700366815104876 0.10933783424269232 0.0 0.0 0.0 0.11296131922641149 0.24794255888053687 0.3227546194993105 0.0 0.0 
0.2126209866703715 0.2086331414036395 0.11185032022818894 0.0 0.15835849331931387 0.0 0.0 0.11103198420307354 0.1975050741754127 0.0 0.0 
0.16330353465145192 0.23842669776794645 0.0 0.0 0.108388933926982 0.0 0.0 0.16816200198914663 0.32171883166447285 0.0 0.0 
0.20400492374514928 0.20017867835758388 0.10731779776940466 0.0 0.15194131520087217 0.0 0.0 0.106532623262335 0.23002466166465518 0.0 0.0 
0.0 0.2343789859195344 0.0 0.0 0.0 0.0 0.10870540513297651 0.30796750294241576 0.3489481060050734 0.0 0.0 
0.10370526795792825 0.2574749391641123 0.0 0.0 0.1168313878818975 0.0 0.0 0.171988404996062 0.35 0.0 0.0 
0.0 0.22123803195113043 0.12812229912050047 0.0 0.0 0.0 0.10181664565985858 0.20333850582633012 0.34548451744218034 0.0 0.0 
0.15577376263034767 0.23090016993351542 0.0 0.0 0.10266488032539077 0.0 0.0 0.17075340720435997 0.3399077799063861 0.0 0.0 
0.0 0.2371670462438712 0.0 0.0 0.0 0.0 0.10124178862833752 0.3115911651277914 0.35 0.0 0.0 
0.11834832292764845 0.2449924050973467 0.0 0.0 0.10858069541358488 0.0 0.0 0.17807857656141984 0.35 0.0 0.0 
0.0 0.23559916260444 0.11152763715699071 0.0 0.0 0.0 0.1081756773378677 0.21902992396893306 0.32566759893176855 0.0 0.0 
0.0 0.2636292835989802 0.10010715159769652 0.0 0.0 0.0 0.0 0.2862635648033232 0.35 0.0 0.0 
0.11131554991952182 0.2266607748213294 0.1089601738951387 0.0 0.1005388980051685 0.0 0.0 0.18883612027683538 0.2636884830820061 0.0 0.0 
0.0 0.2534456951389594 0.10884674214146878 0.0 0.0 0.0 0.10155473312539293 0.2267045300990728 0.3094482994951061 0.0 0.0 
0.0 0.14397235603683234 0.1514263608025907 0.0 0.0 0.13316220064386822 0.10933064698487972 0.0 0.13952384185875888 0.1391315719460144 0.18345302172705577 
0.0 0.21756361635505936 0.0 0.0 0.0 0.0 0.10532607696365359 0.32711030668128704 0.35 0.0 0.0 
0.13007607419015982 0.26719560902885375 0.0 0.0 0.1430951168633406 0.0 0.0 0.1519935430722132 0.30763965684543254 0.0 0.0 
0.17346942609505922 0.22768799811808674 0.11130920189458905 0.0 0.13236153791152083 0.0 0.0 0.10786363302787447 0.24730820295286982 0.0 0.0 
0.10685026620980988 0.22870840425770733 0.10991688758801946 0.0 0.12140704115458181 0.0 0.0 0.14488123475870449 0.28823616603117697 0.0 0.0 
0.0 0.21012733094089825 0.10654354461990899 0.0 0.0 0.0 0.12274753973604188 0.2313315888890598 0.3292499958140912 0.0 0.0 
0.0 0.27059696254052557 0.0 0.0 0.0 0.0 0.10056590144815965 0.2788371360113148 0.35 0.0 0.0 
0.0 0.24603904458422993 0.10452818008940705 0.0 0.0 0.0 0.0 0.29943277532636303 0.35 0.0 0.0 
0.10617743767616758 0.2563258591373459 0.10376834977837582 0.0 0.10386997606886066 0.0 0.0 0.1358412864274126 0.2940170909118375 0.0 0.0 
0.1761639205962041 0.28415435035412184 0.0 0.0 0.16324378135059384 0.0 0.0 0.0 0.27105794286046425 0.10538000483861586 0.0 
0.14680105143035888 0.23915855190748936 0.0 0.0 0.11446649341999898 0.0 0.0 0.14957390324215297 0.35 0.0 0.0 
0.0 0.3152832552211365 0.0 0.0 0.0 0.0 0.0 0.3347167447788635 0.35 0.0 0.0 
0.0 0.27004766551472303 0.10254438437654276 0.0 0.0 0.0 0.0 0.2774079501087342 0.35 0.0 0.0 
0.0 0.2277998179472072 0.0 0.0 0.0 0.0 0.11847906477711345 0.3037211172756793 0.35 0.0 0.0 
0.13559117932464695 0.23344565911449824 0.11219549852859462 0.0 0.11267128988952306 0.0 0.0 0.12840412325728068 0.2776922498854566 0.0 0.0 
0.16669931076599404 0.21432831952383438 0.10099319539241823 0.0 0.16836162345316535 0.0 0.0 0.0 0.21009668402672954 0.13952086683785844 0.0 
0.11063771055725886 0.19268268111748005 0.10361000490618094 0.0 0.1117023441933766 0.0 0.0 0.16514756567901376 0.3162196935466899 0.0 0.0 
0.16812458997802615 0.28286360417551054 0.0 0.0 0.18084553558965025 0.0 0.0 0.0 0.2541615656949297 0.11400470456188327 0.0 
0.2117844855280321 0.20752181131329694 0.10011560872758325 0.0 0.13542080511405202 0.0 0.0 0.1049760980303422 0.24018119128669363 0.0 0.0 
0.16301187969148945 0.22620879530422722 0.1103668219501973 0.0 0.13434614014792814 0.0 0.0 0.0 0.2550600347922881 0.1110063281138697 0.0 
0.0 0.24926110784558173 0.0 0.0 0.0 0.0 0.1135124414792816 0.28758819461488727 0.34963825606024956 0.0 0.0 
0.17441261394755722 0.2225965865713222 0.0 0.0 0.10839551630941119 0.0 0.0 0.14459528317170944 0.35 0.0 0.0 
0.1555702768510486 0.2257879552790805 0.10487333453247674 0.0 0.13271638587145188 0.0 0.0 0.11568701204245972 0.26536503542348266 0.0 0.0 
0.16669931076599404 0.21432831952383438 0.10099319539241823 0.0 0.16836162345316535 0.0 0.0 0.0 0.21009668402672954 0.13952086683785844 0.0 
0.0 0.3347633636153074 0.0 0.0 0.0 0.0 0.0 0.3152366363846927 0.35 0.0 0.0 
0.18171279998826023 0.21490270632021763 0.10485060359019459 0.0 0.1507638046122505 0.0 0.0 0.0 0.24231193874346793 0.10545814674560916 0.0 
0.0 0.3110644573909929 0.0 0.0 0.0 0.0 0.0 0.3389355426090071 0.35 0.0 0.0 
0.17616392059620412 0.2841543503541219 0.0 0.0 0.16324378135059386 0.0 0.0 0.0 0.2710579428604643 0.10538000483861587 0.0 
0.17071100063699474 0.27789963882772095 0.0 0.0 0.15689911488445707 0.0 0.0 0.0 0.29111726956339307 0.10337297608743407 0.0 
0.0 0.23525269673407656 0.10940304958789876 0.0 0.0 0.0 0.0 0.30534425367802476 0.35 0.0 0.0 
0.1045199272553636 0.23035650804946917 0.10061090073260137 0.0 0.10546750134393063 0.0 0.0 0.16507069473911162 0.29397446787952375 0.0 0.0 
0.0 0.24983670086045837 0.0 0.0 0.0 0.0 0.11158786405766088 0.2890767301956063 0.34949870488627455 0.0 0.0 
0.13330797710574735 0.215675032549673 0.11441959969255489 0.0 0.1358332826098339 0.0 0.0 0.11573175609870423 0.2850323519434867 0.0 0.0 
0.0 0.2371670462438712 0.0 0.0 0.0 0.0 0.10124178862833752 0.3115911651277914 0.35 0.0 0.0 
0.0 0.0 0.19336517821322252 0.0 0.0 0.23601600621347854 0.21561424854059502 0.0 0.0 0.16381774043684463 0.1911868265958593 
0.11762601045470981 0.24629105656189273 0.0 0.0 0.10440838123317807 0.0 0.0 0.1816745517502193 0.35 0.0 0.0 
0.20835207819365653 0.2088392454914581 0.10131722459739789 0.0 0.13935997834626723 0.0 0.0 0.10339428342559334 0.23873718994562684 0.0 0.0 
0.16812458997802615 0.28286360417551054 0.0 0.0 0.18084553558965025 0.0 0.0 0.0 0.2541615656949297 0.11400470456188327 0.0 
0.13559117932464695 0.23344565911449824 0.11219549852859462 0.0 0.11267128988952306 0.0 0.0 0.12840412325728068 0.2776922498854566 0.0 0.0 
0.0 0.27139606927598353 0.0 0.0 0.0 0.0 0.10296930885564157 0.27563462186837484 0.35 0.0 0.0 
0.1098026989927736 0.2758980530339942 0.0 0.0 0.1352576445362078 0.0 0.0 0.14948399382268496 0.3295576096143394 0.0 0.0 
0.17580474865369003 0.2228093446367003 0.10667774021413631 0.0 0.13263675279529852 0.0 0.0 0.11302540101028216 0.2490460126898927 0.0 0.0 
0.1529342109718599 0.2507620240979405 0.0 0.0 0.1140642323960698 0.0 0.0 0.1322395325341297 0.35 0.0 0.0 
0.15160301544080743 0.21236457794370198 0.10924893094213446 0.0 0.14690798105303626 0.0 0.0 0.12033948374075497 0.2595360108795649 0.0 0.0 
0.0 0.22779062217838758 0.0 0.0 0.0 0.0 0.12114948758165757 0.3010598902399546 0.35 0.0 0.0 
0.0 0.21006657319523733 0.0 0.0 0.0 0.0 0.10571478592240596 0.3342186408823566 0.35 0.0 0.0 
0.0 0.29999999999999993 0.0 0.0 0.0 0.0 0.0 0.35 0.35 0.0 0.0 
0.0 0.23873463852763194 0.0 0.0 0.0 0.0 0.14077046501349544 0.2811503954254091 0.3393445010334635 0.0 0.0 
0.0 0.267223843821781 0.11053348580991369 0.0 0.0 0.0 0.0 0.29070942271392414 0.3315332476543812 0.0 0.0 
0.0 0.2426890487725702 0.0 0.0 0.0 0.0 0.11296853530238722 0.29434241592504273 0.35 0.0 0.0 
0.0 0.2249891447575306 0.12622470463668914 0.0 0.0 0.0 0.10456069882999136 0.19422545177578887 0.35 0.0 0.0 
0.158945580513451 0.2204697725059805 0.10030901704485437 0.0 0.1753014236716555 0.0 0.0 0.0 0.19303867265307736 0.15193553361098133 0.0 
0.21041405181541678 0.2133976358734281 0.10411628270846264 0.0 0.12673755084425917 0.0 0.0 0.0 0.24061490782118794 0.10471957093724543 0.0 
0.0 0.23906530985818494 0.0 0.0 0.0 0.0 0.11338105082071706 0.297553639321098 0.35 0.0 0.0 
