-0.014879963159037292 6.763246056511912E-4 
-0.014879963159037292 6.763246056511912E-4 
-0.0069190737309435535 4.085958304481254E-5 
-0.014570369547820407 6.560539616145131E-4 
-0.014568806006894289 5.322985238855051E-4 
-0.014104139808072626 4.7106571778673674E-4 
-0.012378911011409512 2.4116158569077248E-4 
-0.01201434264664477 2.1984505646924693E-4 
-0.013941317437130838 4.288084268618521E-4 
-0.008187289105982805 5.0721216784487345E-5 
-0.009750760202677906 9.79973238605158E-5 
-0.012181871318950063 2.2930513817890908E-4 
-0.01399086713297709 4.3917115502855794E-4 
-0.012510899204702707 2.509877573633192E-4 
-0.0107315182490485 1.3851057610348043E-4 
-0.010874980589686313 1.454843932073125E-4 
-0.007166469030392799 4.111929245389557E-5 
-0.008013851603338958 4.8024945180981184E-5 
-0.011869192026929643 2.051913520910437E-4 
-0.012237190750398887 2.3207326232755298E-4 
-0.008484069763763 5.688556565901035E-5 
-0.008836504690123769 6.426756593247973E-5 
-0.007889912590021083 4.6371552577268495E-5 
-0.014053678192975963 4.5274040324924485E-4 
-0.011723009554921239 1.9864767343084598E-4 
-0.0077222281154283885 4.513724903125085E-5 
-0.009177312904725591 7.472173956948712E-5 
-0.008625824644984598 5.903536660265071E-5 
-0.009478320089885452 8.504032092216727E-5 
-0.01278831656356795 2.721474181928709E-4 
-0.010568451512851174 1.2975122328003197E-4 
-0.010414651840470694 1.2283685853870153E-4 
-0.013546381805694625 3.5698406389176435E-4 
-0.013264939705446137 3.17303931362018E-4 
-0.010278907180822701 1.1729929511184366E-4 
-0.014497927990092783 5.1517952496569E-4 
-0.012896240925801463 2.8306340002213446E-4 
-0.009012053351317295 6.906622757325571E-5 
-0.014794099249580101 6.704995070106957E-4 
-0.010654302038888223 1.3382857885366038E-4 
-0.014543665892025028 5.249492427113928E-4 
-0.009660800979382425 9.273759568754304E-5 
-0.01471596248298424 6.653341263147094E-4 
-0.014648675230961552 6.609894421249371E-4 
-0.013828754451009033 4.063869513733192E-4 
-0.013423250896337245 3.4683402041487635E-4 
-0.007270686862897035 4.127567948545965E-5 
-0.014231391237590959 4.8092029234885717E-4 
-0.012858558684878523 2.775934745541351E-4 
-0.01346172196168911 3.486378082992494E-4 
-0.010427919172936976 1.283324534530111E-4 
-0.01442793070724577 4.993840815702692E-4 
-0.013358532502185163 3.3621367776296714E-4 
-0.012977256611379513 2.904044986944542E-4 
-0.009020628498023707 7.16920533387723E-5 
-0.014021296742748712 4.523960743672019E-4 
-0.014305433020647356 4.8712409978529745E-4 
-0.01126169423374362 1.680598826942883E-4 
-0.013627488853120146 3.7233287859905724E-4 
-0.012598915525263652 2.579632054708068E-4 
-0.010025513280259997 1.0691477794860542E-4 
-0.007606082226789258 4.40075849746152E-5 
-0.009368155862748553 8.152478841644457E-5 
-0.01007175190523347 1.0976560891368062E-4 
-0.01370004813960591 3.826553532449939E-4 
-0.013876241264236 4.156562473451519E-4 
-0.013800605858531474 4.010230652093449E-4 
-0.009921688279945402 1.037583428823216E-4 
-0.011056060540195135 1.5549360641265927E-4 
-0.00925487242711049 7.771920061201064E-5 
-0.012684738984788717 2.6431296414990585E-4 
-0.013661866693085407 3.760062431663241E-4 
-0.012706011914166477 2.658939172626851E-4 
-0.011944505861151101 2.155454354035726E-4 
-0.008348166121193249 5.3798464706386926E-5 
-0.007522710213154619 4.317866713988555E-5 
-0.014394580739059366 4.945386295087666E-4 
-0.010937685707918615 1.5081612349709467E-4 
-0.011176336323027818 1.622580297900195E-4 
-0.013765735627344905 3.9451317208475366E-4 
-0.01157322529510483 1.9052074644018916E-4 
-0.01354319387064496 3.5648217543103003E-4 
-0.011662887930328582 1.9640391608550078E-4 
-0.013008257703026365 2.931017047736643E-4 
-0.011329700145767898 1.8005534919718902E-4 
-0.014350449967271788 4.898607759501492E-4 
-0.013876241264236 4.156562473451519E-4 
-0.009921688279945402 1.037583428823216E-4 
-0.012565528692020347 2.5574008858654366E-4 
-0.008349721778115524 5.382694519872515E-5 
-0.010977338253345023 1.5285698134131554E-4 
-0.008730684956960152 6.15973315842939E-5 
-0.011176336323027818 1.622580297900195E-4 
-0.013164469364221856 3.051702832190193E-4 
-0.007418164138366609 4.13924483927765E-5 
-0.011271093237093995 1.7292557101007528E-4 
-0.013324622160444749 3.3570064820782105E-4 
-0.009560587565537947 9.021641663605022E-5 
-0.011615072743704356 1.9262149815909402E-4 
-0.013312459968052788 3.26448216271965E-4 
