0.0 0.30000000000000027 0.0 0.0 0.0 0.0 0.0 0.35 0.35 0.0 0.0 
0.0 0.30000000000000027 0.0 0.0 0.0 0.0 0.0 0.35 0.35 0.0 0.0 
0.14325453888377418 0.10619836903927578 0.1759288374856896 0.2877865237513541 0.10367313486053902 0.0 0.0 0.18315859597936737 0.0 0.0 0.0 
0.0 0.3229362575740643 0.0 0.0 0.0 0.0 0.0 0.3270637424259358 0.35 0.0 0.0 
0.10001669083256459 0.19998330916743545 0.0 0.0 0.0 0.0 0.0 0.35 0.35 0.0 0.0 
0.13177125444877733 0.16822874555122275 0.0 0.0 0.0 0.0 0.0 0.35 0.35 0.0 0.0 
0.0 0.163937544442875 0.0 0.13606245555712515 0.0 0.0 0.0 0.35 0.35 0.0 0.0 
0.0 0.10267783124683814 0.0 0.2022102580132505 0.0 0.0 0.0 0.34511191073991154 0.35 0.0 0.0 
0.14718735328983198 0.11324500098111581 0.11687076566876875 0.24348739350750928 0.0 0.0 0.0 0.2287523787838378 0.15045710776893634 0.0 0.0 
0.11150953392673868 0.18849046607326128 0.0 0.0 0.0 0.0 0.0 0.35 0.35 0.0 0.0 
0.15312135223853837 0.11781058152691816 0.12158252238639493 0.2533038206991288 0.0 0.0 0.0 0.19792623831314085 0.15625548483587892 0.0 0.0 
0.13439782420136284 0.10517610049609548 0.10208795547788019 0.2728642544006963 0.0 0.0 0.0 0.20954143564300362 0.17593242978096155 0.0 0.0 
0.0 0.0 0.0 0.30612825974186697 0.0 0.0 0.0 0.3468624947729991 0.34700924548513395 0.0 0.0 
0.16637710624895 0.10922470379858523 0.12736214134643423 0.3141005052487912 0.0 0.0 0.0 0.15955790865410183 0.12337763470313762 0.0 0.0 
0.10012448502542819 0.106005629022166 0.0 0.10011606392946973 0.0 0.0 0.0 0.34620121516041 0.34755260686252604 0.0 0.0 
0.1703800150936707 0.10603516803668349 0.13034111432365122 0.30026658156748354 0.0 0.0 0.0 0.1649742225988542 0.12800289837965692 0.0 0.0 
0.0 0.3087377233220209 0.0 0.0 0.0 0.0 0.0 0.34126227667797904 0.35 0.0 0.0 
0.10247853675488255 0.0 0.0 0.20134742799803682 0.0 0.0 0.0 0.3461740352470807 0.35 0.0 0.0 
0.10232754329715102 0.10074201171185823 0.0 0.2705587267831826 0.0 0.0 0.0 0.2277783359160303 0.2985933822917777 0.0 0.0 
0.1483247959063278 0.10995708433444691 0.18215554716401414 0.25944058136620696 0.10734247367641604 0.0 0.0 0.1927795175525882 0.0 0.0 0.0 
0.0 0.15845863763147397 0.0 0.1415413623685261 0.0 0.0 0.0 0.35 0.35 0.0 0.0 
0.15186729969054252 0.10990056477869038 0.10833738206575212 0.2224204352739974 0.0 0.0 0.0 0.2278447035191094 0.1796296146719081 0.0 0.0 
0.1410483463598252 0.1045979239946124 0.16905760115657756 0.24472616451031298 0.10309559944441417 0.0 0.0 0.23747436453425766 0.0 0.0 0.0 
0.15631447795580536 0.14396335595151097 0.0 0.0 0.0 0.0 0.0 0.34986681605993436 0.3498553500327493 0.0 0.0 
0.10137693055334304 0.10549497149673082 0.0 0.10137768420532371 0.0 0.0 0.0 0.3417504137446024 0.35 0.0 0.0 
0.10506829103276065 0.0 0.0 0.20528884590915084 0.0 0.0 0.0 0.33964286305808855 0.35 0.0 0.0 
0.12654702322720843 0.10879546577209595 0.10720550086544194 0.21552267291035723 0.0 0.0 0.0 0.2512242299536974 0.19070510727119902 0.0 0.0 
0.13277873054014855 0.0 0.0 0.1672212694598515 0.0 0.0 0.0 0.35 0.35 0.0 0.0 
0.10128113251485901 0.0 0.0 0.25399646493198236 0.0 0.0 0.0 0.3230201430616315 0.3217022594915272 0.0 0.0 
0.0 0.17632846715550957 0.0 0.12367153284449049 0.0 0.0 0.0 0.35 0.35 0.0 0.0 
0.10554214938958036 0.11299473669510948 0.0 0.22832161853427688 0.0 0.0 0.0 0.20314149538103327 0.35 0.0 0.0 
0.15034025891030095 0.11199927876676893 0.17478572529670258 0.24348675249908946 0.1099157000192861 0.0 0.0 0.20947228450785202 0.0 0.0 0.0 
0.1428571357354542 0.1011308913121551 0.1007268144384679 0.22128248330575853 0.0 0.0 0.0 0.21374198098606223 0.22026069422210198 0.0 0.0 
0.10126717902273905 0.0 0.0 0.2539614718628497 0.0 0.0 0.0 0.3383896490288611 0.30638170008555016 0.0 0.0 
0.0 0.14895688175013352 0.0 0.15104311824986663 0.0 0.0 0.0 0.35 0.35 0.0 0.0 
0.16693599144620008 0.1519964428330106 0.0 0.0 0.0 0.0 0.0 0.33106756572078944 0.35 0.0 0.0 
0.1019397275871966 0.10473909020575758 0.0 0.25742537574879865 0.0 0.0 0.0 0.22885895584331176 0.3070368506149354 0.0 0.0 
0.10042174059031357 0.10942500953319285 0.0 0.3053766745382345 0.0 0.0 0.0 0.22043914877378143 0.2643374265644776 0.0 0.0 
0.12123914327284094 0.0 0.0 0.19971226974087863 0.0 0.0 0.0 0.3290485869862805 0.35 0.0 0.0 
0.1433598803457126 0.10151617264631313 0.17393339497661522 0.24700924272202385 0.1011242354964396 0.0 0.0 0.23305707381289564 0.0 0.0 0.0 
0.10306888986667358 0.10887711683060342 0.0 0.322431142016082 0.0 0.0 0.0 0.1760741897923424 0.28954866149429864 0.0 0.0 
0.10323627710962438 0.11052604117741235 0.0 0.22333327507019304 0.0 0.0 0.0 0.21290440664277033 0.35 0.0 0.0 
0.14439226713678638 0.10454433738641819 0.11038256157228045 0.2646826552092702 0.0 0.0 0.0 0.19978388948630943 0.17621428920893514 0.0 0.0 
0.10665771529509678 0.11418907541654844 0.0 0.22218974845255518 0.0 0.0 0.0 0.2069634608357996 0.35 0.0 0.0 
0.10051266973616148 0.0 0.0 0.2871503358693732 0.0 0.0 0.0 0.3418627783421404 0.2704742160523248 0.0 0.0 
0.1045156841927665 0.0 0.0 0.23739776350873476 0.0 0.0 0.0 0.33584846218872677 0.3222380901097719 0.0 0.0 
0.13882183041064236 0.10192758736200926 0.17711342080649856 0.2766103171634536 0.10243183220742996 0.0 0.0 0.20309501204996633 0.0 0.0 0.0 
0.10271747072255386 0.10026419202083638 0.0 0.2606438603904494 0.0 0.0 0.0 0.19129987814695879 0.3450745987192017 0.0 0.0 
0.0 0.0 0.0 0.34202860289412473 0.0 0.0 0.0 0.30797139710587546 0.35 0.0 0.0 
0.0 0.14412079958814056 0.0 0.15587920041185946 0.0 0.0 0.0 0.35 0.35 0.0 0.0 
0.1383950941806702 0.10070345652967395 0.17656784259848388 0.27312912276309814 0.10081459081697708 0.0 0.0 0.2103898931110967 0.0 0.0 0.0 
0.0 0.0 0.0 0.34649452608534054 0.0 0.0 0.0 0.3035054739146595 0.35 0.0 0.0 
0.1716578683498628 0.14076099421858568 0.0 0.0 0.0 0.0 0.0 0.3428213237534533 0.3447598136780984 0.0 0.0 
0.0 0.18015674391118175 0.0 0.11984325608881816 0.0 0.0 0.0 0.35 0.35 0.0 0.0 
0.1623032072052136 0.11393542151221311 0.12078884623317042 0.3013060045415044 0.0 0.0 0.0 0.17271375856896948 0.12895276193892913 0.0 0.0 
0.1102114829862966 0.0 0.0 0.18978851701370333 0.0 0.0 0.0 0.35 0.35 0.0 0.0 
0.17677679795655693 0.14082368464821257 0.0 0.0 0.0 0.0 0.0 0.33930150489142336 0.34309801250380695 0.0 0.0 
0.12125871958174067 0.0 0.0 0.17874128041825937 0.0 0.0 0.0 0.35 0.35 0.0 0.0 
0.1313129347678201 0.11531518199123353 0.11442018293342245 0.2075422065231692 0.0 0.0 0.0 0.23415398559077064 0.19725550819358406 0.0 0.0 
0.0 0.10172556830830955 0.0 0.19996039720876566 0.0 0.0 0.0 0.3483140344829249 0.35 0.0 0.0 
0.10695282607205225 0.10986874606036937 0.0 0.26674090577715387 0.0 0.0 0.0 0.24010094321335623 0.27633657887706836 0.0 0.0 
0.10221225636732674 0.0 0.0 0.19855861639502614 0.0 0.0 0.0 0.34922912723764715 0.35 0.0 0.0 
0.10274735035157476 0.0 0.0 0.293534499089404 0.0 0.0 0.0 0.3272305285433705 0.27648762201565064 0.0 0.0 
0.13823686299925994 0.0 0.10042989204082521 0.25006352104314605 0.0 0.0 0.0 0.2883486642359069 0.22292105968086207 0.0 0.0 
0.0 0.10157573690414726 0.0 0.3112990892649688 0.0 0.0 0.0 0.2726766817473355 0.3144484920835484 0.0 0.0 
0.1000995100245682 0.10556935859570708 0.0 0.30439559048391096 0.0 0.0 0.0 0.22644735153832152 0.26348818935749224 0.0 0.0 
0.1519817830367684 0.10645659004551182 0.18292460050821654 0.23001945191875342 0.10544333557092854 0.0 0.0 0.22317423891982135 0.0 0.0 0.0 
0.1611576445913287 0.1494460462706794 0.0 0.0 0.0 0.0 0.0 0.3443877665698447 0.3450085425681472 0.0 0.0 
0.10829582120553485 0.11106879711064732 0.1094456091553686 0.22002611837123542 0.0 0.0 0.0 0.25647367588330583 0.19468997827390777 0.0 0.0 
0.10368029092228205 0.10056054684210623 0.0 0.22757074493259632 0.0 0.0 0.0 0.2474896008040966 0.3206988164989188 0.0 0.0 
0.16208493860131915 0.10442213073940614 0.12318855518662403 0.302041566474428 0.0 0.0 0.0 0.17674814579897297 0.13151466319924965 0.0 0.0 
0.11164850780469694 0.0 0.0 0.22667693482473822 0.0 0.0 0.0 0.311674557370565 0.35 0.0 0.0 
0.0 0.3173918184783124 0.0 0.0 0.0 0.0 0.0 0.3326081815216877 0.35 0.0 0.0 
0.1538372664695764 0.15110329277441617 0.0 0.0 0.0 0.0 0.0 0.34505944075600753 0.35 0.0 0.0 
0.0 0.10571152942011496 0.0 0.2950133196458449 0.0 0.0 0.0 0.24927515093404007 0.35 0.0 0.0 
0.1664215592253331 0.10958668910910853 0.116553055061128 0.2696355163524904 0.0 0.0 0.0 0.2041250247445621 0.13367815550737788 0.0 0.0 
0.14544403837009182 0.10530585134314448 0.10390247750033527 0.2666106365909899 0.0 0.0 0.0 0.20123914018640762 0.1774978560090308 0.0 0.0 
0.16262732022289653 0.10711724099526336 0.11365286819086863 0.2865009526103211 0.0 0.0 0.0 0.19947118581969966 0.1306304321609506 0.0 0.0 
0.0 0.11783048157895203 0.0 0.18216951842104795 0.0 0.0 0.0 0.35 0.35 0.0 0.0 
0.0 0.3056522907546198 0.0 0.0 0.0 0.0 0.0 0.3471738546226901 0.3471738546226901 0.0 0.0 
0.1377451605038991 0.10238710156220251 0.15782636099627767 0.27797539455169185 0.10098885999480511 0.0 0.0 0.22307712239112373 0.0 0.0 0.0 
0.11258764609970384 0.11512060896268855 0.10171801220753444 0.22805271501553936 0.0 0.0 0.0 0.26581922773082317 0.17670178998371058 0.0 0.0 
0.10061755335979136 0.11216335673640898 0.0 0.3202520821855605 0.0 0.0 0.0 0.20009078675015343 0.2668762209680857 0.0 0.0 
0.16597119237122201 0.10928799033725707 0.11893510647832874 0.2689058338532905 0.0 0.0 0.0 0.2035834787310848 0.1333163982288169 0.0 0.0 
0.0 0.0 0.0 0.3017378541237269 0.0 0.0 0.0 0.3482621458762732 0.35 0.0 0.0 
0.13936975577233177 0.10048126353657347 0.10651703875764824 0.23919237630462883 0.0 0.0 0.0 0.20469257625253123 0.20974698937628644 0.0 0.0 
0.1482286412600732 0.13078581591237814 0.11018270777975468 0.2953445577710188 0.0 0.0 0.0 0.18380252275431344 0.1316557545224617 0.0 0.0 
0.15051002297257418 0.11778507126808514 0.11215226674674797 0.3055764142186661 0.0 0.0 0.0 0.18013440490131002 0.13384181989261648 0.0 0.0 
0.10085072357474428 0.11437086866174563 0.0 0.25590702078998684 0.0 0.0 0.0 0.18962909158835575 0.3392422953851673 0.0 0.0 
0.10375761230637857 0.0 0.0 0.24118277115270367 0.0 0.0 0.0 0.3404523348679084 0.3146072816730093 0.0 0.0 
0.0 0.10831841420791785 0.0 0.28325999563364906 0.0 0.0 0.0 0.25842159015843297 0.35 0.0 0.0 
0.10429846161870775 0.12107023228294024 0.0 0.1875722147402226 0.0 0.0 0.0 0.23705909135812947 0.35 0.0 0.0 
0.0 0.10413383182034693 0.0 0.19586616817965308 0.0 0.0 0.0 0.35 0.35 0.0 0.0 
0.10010467658391894 0.10598465706608949 0.0 0.21862578271953156 0.0 0.0 0.0 0.2278010359279204 0.3474838477025396 0.0 0.0 
0.11548478676074084 0.0 0.0 0.27475564737000746 0.0 0.0 0.0 0.35 0.25975956586925164 0.0 0.0 
0.10163468788299264 0.0 0.0 0.3081904669379122 0.0 0.0 0.0 0.32586318662918334 0.2643116585499119 0.0 0.0 
0.10046970787927312 0.11217980667722328 0.0 0.3221451776113353 0.0 0.0 0.0 0.1981487186650083 0.2670565891671601 0.0 0.0 
0.0 0.11006086286460835 0.0 0.18993913713539165 0.0 0.0 0.0 0.35 0.35 0.0 0.0 
0.10020678652760434 0.1997932134723957 0.0 0.0 0.0 0.0 0.0 0.35 0.35 0.0 0.0 
0.0 0.0 0.0 0.30000000000000016 0.0 0.0 0.0 0.35 0.35 0.0 0.0 
