-0.01611301372473826 3.490790714687223E-4 
-0.010262567481384939 4.591797853149366E-5 
-0.01611301372473826 3.490790714687223E-4 
-0.010697857685184869 4.6037231160562256E-5 
-0.01103077966386122 4.6420777927449664E-5 
-0.016078857103284067 3.4238146981630473E-4 
-0.01508472913738819 1.9905924742895695E-4 
-0.016025951685615533 3.329583696197486E-4 
-0.010697857685184869 4.6037231160562256E-5 
-0.015154920906871355 2.0657306537785725E-4 
-0.01443883658083556 1.4856376317009236E-4 
-0.012915508695817255 6.287335719374254E-5 
-0.014959308252366995 1.9672068221430003E-4 
-0.015266982270316023 2.1567402204811996E-4 
-0.013045887870806981 6.542253576398065E-5 
-0.012319496294128322 5.5257649935706047E-5 
-0.012615823545881711 5.7782055934097994E-5 
-0.016000522694730165 3.288403712638271E-4 
-0.015494076892316352 2.502584167841348E-4 
-0.013235335006966444 7.100408472203605E-5 
-0.012020018288814733 5.189871291281171E-5 
-0.015411092306945423 2.3520890111785518E-4 
-0.015565576980834963 2.630069588072496E-4 
-0.011792733861050253 5.04464669721308E-5 
-0.01347893599890082 8.019683588815718E-5 
-0.015296731074395485 2.2400504596349033E-4 
-0.01538477592821274 2.2948009281812678E-4 
-0.011667945179780759 4.9627979116144584E-5 
-0.013973385650407174 1.0545983570268264E-4 
-0.011901232858993197 5.1318842579532965E-5 
-0.0121233437271419 5.376589961536499E-5 
-0.013718480195261297 9.108416119347918E-5 
-0.012741941013554045 5.909645978691039E-5 
-0.014084555476925146 1.1277105335275596E-4 
-0.012786006662137103 6.197451280326623E-5 
-0.014326554058665494 1.3550112689441113E-4 
-0.013564488561917684 8.387419172119972E-5 
-0.014448205197543482 1.5381324502910547E-4 
-0.015463371538784163 2.4178727096261973E-4 
-0.011396373666020726 4.79137589391121E-5 
-0.01109363743483953 4.717012020299742E-5 
-0.014558366985242592 1.6623888676021268E-4 
-0.014478662696059005 1.5906471203535374E-4 
-0.015533396408506681 2.565597635546567E-4 
-0.014136518039273068 1.1838970896558292E-4 
-0.014901444685665038 1.8836212900796194E-4 
-0.01575026299279677 3.1024391921127836E-4 
-0.014714511678784856 1.7963624536396564E-4 
-0.012235472752301588 5.388220282661895E-5 
-0.013901886056016605 1.0183736940015483E-4 
-0.01155900303478114 4.908506711336406E-5 
-0.015665769443488468 2.8899048033434726E-4 
-0.014836968098873027 1.8400754895438873E-4 
-0.013743738767571697 9.585592013120346E-5 
-0.01330960861191633 7.36844241301646E-5 
-0.01494084562901753 1.9041264361932444E-4 
-0.01452262118713189 1.622339020415771E-4 
-0.012480280018794206 5.5984563417298233E-5 
-0.015955202110115363 3.2216302845833414E-4 
-0.015656484880445055 2.828629017392456E-4 
-0.014380436931706883 1.4037434222901357E-4 
-0.01563285638153205 2.7949819587937645E-4 
-0.01480018156127799 1.8218858658408188E-4 
-0.013648534349315997 8.766037133583968E-5 
-0.014608898455682454 1.7005058148469388E-4 
-0.014234667936714499 1.2271029092790172E-4 
-0.013414903890346754 7.81097830735736E-5 
-0.014252655391005311 1.2640604556218426E-4 
-0.0153478434000546 2.2499223177577444E-4 
-0.013809230245606945 9.777326517481235E-5 
-0.013365376952084224 7.56311539891298E-5 
-0.013144210970655422 6.79611298306332E-5 
-0.011467137261681007 4.85499600268034E-5 
-0.014183325892941955 1.1950027738254532E-4 
-0.015734584716065373 3.06208764428333E-4 
-0.015452530314768467 2.399185946297015E-4 
-0.015209071205247402 2.0991526125555292E-4 
-0.015909233835962253 3.1625654786731196E-4 
-0.014625036882830584 1.7340233294796961E-4 
-0.013860834432225598 9.970686556878262E-5 
-0.012502186995727454 5.704876030251066E-5 
-0.015226760728020206 2.119808558279851E-4 
-0.014016368371311497 1.0916153922335148E-4 
-0.01568055673372414 2.9306851159693935E-4 
-0.016113013724738258 3.4907907146872213E-4 
-0.011254160032198857 4.718922646494909E-5 
-0.015509270216492423 2.5374316439594137E-4 
-0.015619751999159291 2.738411659059712E-4 
-0.01361170039660341 8.594874969198564E-5 
-0.011254825316545786 4.719141701056802E-5 
-0.015605256096641752 2.727324379855613E-4 
-0.014380436931706883 1.4037434222901357E-4 
-0.014301108427532919 1.297020319331434E-4 
-0.015863264243700534 3.112223717636213E-4 
-0.01312186820444609 6.720205575530856E-5 
-0.015715934414074078 3.000917831832104E-4 
-0.014040816854240893 1.1049712957031891E-4 
-0.014306490432658522 1.3148829918990443E-4 
-0.01571753800566428 3.026356988176129E-4 
-0.01588622863360281 3.136281643998674E-4 
