-0.014955806920304897 5.382172823917211E-4 
-0.007235364631136013 4.1703196739633E-5 
-0.014955806920304897 5.382172823917211E-4 
-0.009328738093446705 6.676829715561379E-5 
-0.014542512296278648 4.693096974521235E-4 
-0.014841466941998805 4.972463281195063E-4 
-0.010173352234347472 8.21193410622149E-5 
-0.008239944922375505 4.751668983302718E-5 
-0.012565373120495962 1.8758854193276202E-4 
-0.007790899916500739 4.3482849177909564E-5 
-0.01199722944531627 1.486917993753039E-4 
-0.014505276493833374 4.553157756689019E-4 
-0.013172862893041483 2.360813349334801E-4 
-0.007583316830716917 4.264263193635637E-5 
-0.013122192964007401 2.2322783477362186E-4 
-0.014797829330994489 4.8301975970633804E-4 
-0.011851721608156196 1.3954531339715188E-4 
-0.013976593296648956 3.25494534039109E-4 
-0.012276644349555664 1.732726098416596E-4 
-0.013888945842429027 3.1107579300661205E-4 
-0.014410751559070203 4.233910269838936E-4 
-0.009924319382574482 7.784911752172004E-5 
-0.011005787667814914 1.0931205407189381E-4 
-0.01437695164718214 4.132607989094272E-4 
-0.01170656757267609 1.3293000510043244E-4 
-0.007392165966032975 4.1889527451692625E-5 
-0.009531452300439076 7.247284065216007E-5 
-0.009761916257639919 7.363577427780018E-5 
-0.014917101496473444 5.237494094430311E-4 
-0.014879141892971563 5.101555075026712E-4 
-0.012877499695318984 2.0390540178694583E-4 
-0.014221047465431198 3.700681060473027E-4 
-0.013245133679570397 2.426704521393981E-4 
-0.014760401119012383 4.714380987751533E-4 
-0.014248575020305203 3.8277004542635576E-4 
-0.012162774175571005 1.5733816358508897E-4 
-0.01345743662990465 2.6746419556976744E-4 
-0.013798255754487659 2.994266138682326E-4 
-0.008885301862423872 5.796387503806368E-5 
-0.012951174256337527 2.085691299424638E-4 
-0.014180962388455249 3.600058791820913E-4 
-0.011094096566650799 1.1496236024001249E-4 
-0.011559074781347694 1.2629195776510995E-4 
-0.008410048592387215 5.0424624129930196E-5 
-0.014151674385826317 3.551870107064379E-4 
-0.010301550475044762 8.506417755104994E-5 
-0.013511313282883979 2.736313481328125E-4 
-0.01091169578594794 1.0244342814312022E-4 
-0.014114922761199154 3.454166818303076E-4 
-0.010378000082195351 8.779141986116318E-5 
-0.009162232967275375 6.363043642746433E-5 
-0.010861157432471659 9.99627749043601E-5 
-0.014299211704574794 3.9397158866776505E-4 
-0.012781788802980617 1.978188652734519E-4 
-0.01240799447467784 1.7844342938225883E-4 
-0.011288211133077437 1.17300887408052E-4 
-0.013864571897686445 3.0803245977524296E-4 
-0.008009741662906624 4.5190192849542155E-5 
-0.012258537044063872 1.6291302277562792E-4 
-0.014945585789515901 5.343371361734353E-4 
-0.01062056813282539 9.34119892869969E-5 
-0.013685013433265468 2.9275839891071143E-4 
-0.011629595723682409 1.2983418292808878E-4 
-0.014894594767031045 5.156182822950473E-4 
-0.009581408133859302 7.342738123082848E-5 
-0.00800714266527813 4.515773767808507E-5 
-0.011455604080276356 1.2175586610147533E-4 
-0.01339207619694404 2.6159234701697066E-4 
-0.013055137779229275 2.1688065685137188E-4 
-0.01240799447467784 1.7844342938225883E-4 
-0.01267359008020656 1.9210424090881E-4 
-0.011394535183971884 1.2109795685824847E-4 
-0.01353931620163765 2.809302400282105E-4 
-0.013646941451644834 2.859259460301736E-4 
-0.013007881788986908 2.149202759351028E-4 
-0.01119504216421081 1.164446536834642E-4 
-0.009883606683402709 7.610738415835864E-5 
-0.013354630167744661 2.583813004585407E-4 
-0.014244987440107822 3.772519636776519E-4 
-0.008952695742144186 5.903242338145133E-5 
-0.01442121187645622 4.3507912446314324E-4 
-0.010506126150826044 9.006773419159268E-5 
-0.014772124103295448 4.750039895570204E-4 
-0.01405080732027134 3.345104149628882E-4 
-0.013750958193346947 2.9571490418222094E-4 
-0.009058425698711658 6.121707326289675E-5 
-0.013288349040006203 2.5001638817563875E-4 
-0.014013631266502112 3.2852747150450743E-4 
-0.014447726080558412 4.353810894558323E-4 
-0.013310610310406805 2.52253600104177E-4 
-0.014325679267951308 3.95601232573528E-4 
-0.014474285562706198 4.450932615993231E-4 
-0.008481711920450238 5.1181569068233234E-5 
-0.014481732752385023 4.456764176780767E-4 
-0.010723987877277998 9.657961864865255E-5 
-0.013561389649435016 2.856152502950244E-4 
-0.008601900691774082 5.2572460128763525E-5 
-0.01220157499156847 1.6080801517291704E-4 
-0.014345415823785818 4.0356239146610703E-4 
-0.010533942389529776 9.199766264326463E-5 
