-0.01611301372473826 3.490790714687223E-4 
-0.011514066455371836 6.248184688017943E-5 
-0.01611301372473826 3.490790714687223E-4 
-0.011514066455371836 6.248184688017943E-5 
-0.015863264243700534 3.112223717636211E-4 
-0.015477041866612369 3.108709498524365E-4 
-0.012937769165456164 7.572406198886282E-5 
-0.01164701329832193 6.301647002926268E-5 
-0.015379248150504666 2.880962623597104E-4 
-0.013452772995631836 9.707149589902338E-5 
-0.014912736784925364 1.9933840615683478E-4 
-0.014604134647744332 1.726313359811852E-4 
-0.013046131868346456 7.953461938532469E-5 
-0.01522794388054309 2.5235812158183526E-4 
-0.014265110069505156 1.4309256764568105E-4 
-0.013827932846268655 1.124507274878504E-4 
-0.015401576719941253 2.925049296029597E-4 
-0.015431733874905592 2.9891160031458213E-4 
-0.015094021912710382 2.2462789608231618E-4 
-0.014989980752726024 2.0809215077614217E-4 
-0.015214303187915546 2.432090895691597E-4 
-0.0160256507282286 3.329080710818168E-4 
-0.01355989179234196 1.0018904106861564E-4 
-0.01373919943581384 1.0943869278772132E-4 
-0.013434439388854363 9.273662960716923E-5 
-0.01467717148248687 1.757877751881691E-4 
-0.012621126378024873 7.005463060702591E-5 
-0.014021801493147168 1.2450209273350942E-4 
-0.013661313610937616 1.0353051197103675E-4 
-0.015453254985994782 3.030087997366352E-4 
-0.01439052456315007 1.537123625059039E-4 
-0.01413795331929427 1.324723483972679E-4 
-0.015021753869159205 2.1332979441595343E-4 
-0.015994123643366977 3.2784614680374225E-4 
-0.015342914835454614 2.727367813667615E-4 
-0.014852092377295073 1.9241527515929024E-4 
-0.014078112283937192 1.2870736599255434E-4 
-0.011924342558551446 6.404913019571023E-5 
-0.015122886677594455 2.290477969074766E-4 
-0.01389686940039033 1.2191302888077887E-4 
-0.012498176997939918 6.85084851210028E-5 
-0.014310571830082245 1.4511061452411993E-4 
-0.013966590446236665 1.2333338006838485E-4 
-0.014205585300248562 1.3725490532354103E-4 
-0.01454139800290899 1.6388367409261552E-4 
-0.014792914646344017 1.8780286538606255E-4 
-0.01536013372645758 2.7934133434723144E-4 
-0.016081391014513925 3.4892481740935464E-4 
-0.014435251325702112 1.5499068864031844E-4 
-0.014716990004450141 1.8047058164622943E-4 
-0.013269258228854238 8.585205886716161E-5 
-0.015164328664062691 2.3331436212670865E-4 
-0.01518350447379585 2.3991504099240505E-4 
-0.011787646971787599 6.331888399044598E-5 
-0.015460406074731271 3.0899753315465024E-4 
-0.012573299747314519 6.894203502693231E-5 
-0.01607431556643052 3.4152722359472287E-4 
-0.014868176783885701 1.9465336296117604E-4 
-0.013210071349164226 8.365584512861662E-5 
-0.012844989099549049 7.355158016077448E-5 
-0.011867762280788743 6.37244246727433E-5 
-0.012034234898706534 6.465885680169078E-5 
-0.015309565717522362 2.640444988923E-4 
-0.014205585300248562 1.3725490532354103E-4 
-0.014521434828968345 1.6232353237529865E-4 
-0.015053748717448997 2.1706070570478198E-4 
-0.012737397044264 7.106730884442427E-5 
-0.015292113062953798 2.6101831679150065E-4 
-0.011535443761134523 6.288191372972826E-5 
-0.012300651740059091 6.6516730080899E-5 
-0.01605240434262157 3.3752545712595187E-4 
-0.012845032765355003 7.35639983417724E-5 
-0.014750956926935203 1.8251508013854197E-4 
-0.015359851191039603 2.7932820559392954E-4 
-0.01310160258767111 8.030567494045235E-5 
-0.015898251234318934 3.1497450915170673E-4 
-0.014906850405488534 1.9817027780995208E-4 
-0.013892088171683855 1.1689689159526706E-4 
-0.015283168835699837 2.5757594766782194E-4 
-0.014997245646555595 2.0897516504702306E-4 
-0.012324110481426627 6.690691719963363E-5 
-0.01242124146145623 6.753917378162594E-5 
-0.014346329539793208 1.488394158588907E-4 
-0.014476188475153941 1.5829726419378372E-4 
-0.013365934008075491 8.999355174585601E-5 
-0.013140021699466233 8.135447646077167E-5 
-0.015326461969800954 2.676014983147322E-4 
-0.015149765243427904 2.323267349343125E-4 
-0.012103767438520747 6.521899977070565E-5 
-0.015918381260936074 3.173623726494321E-4 
-0.013708558248123792 1.0627421328888341E-4 
-0.012401583957796282 6.741687012947202E-5 
-0.013164559212923307 8.332761847444567E-5 
-0.015068053727242285 2.1886658069091198E-4 
-0.012209313774201879 6.60538103477039E-5 
-0.012739534959055023 7.109246968417803E-5 
-0.014346329539793208 1.488394158588907E-4 
-0.01387483957640561 1.152410841951053E-4 
-0.01331226628670621 8.826540135834244E-5 
-0.013582931380285391 1.0214349114678546E-4 
