0.0 0.3000000000000003 0.0 0.0 0.0 0.0 0.0 0.3499999999999999 0.3499999999999999 0.0 0.0 
0.0 0.3000000000000003 0.0 0.0 0.0 0.0 0.0 0.3499999999999999 0.3499999999999999 0.0 0.0 
0.20235181514477577 0.0 0.1030469104399365 0.24301385633870895 0.0 0.0 0.35 0.10158741807657874 0.0 0.0 0.0 
0.20235181514477577 0.0 0.1030469104399365 0.24301385633870895 0.0 0.0 0.35 0.10158741807657874 0.0 0.0 0.0 
0.18117926278104846 0.10245523411614527 0.11278637976132097 0.11087870001572533 0.0 0.0 0.3451357789075543 0.14756464441820563 0.0 0.0 0.0 
0.0 0.3499999999999999 0.0 0.0 0.0 0.0 0.18803613736619001 0.34855219823031236 0.11341166440349763 0.0 0.0 
0.1040719416468781 0.32402527690394695 0.0 0.0 0.0 0.0 0.0 0.3499999999999999 0.22190278144917497 0.0 0.0 
0.0 0.30565749436339046 0.0 0.0 0.0 0.0 0.0 0.35 0.3443425056366095 0.0 0.0 
0.16175914949528641 0.10088374086281199 0.11437055145859866 0.11480650041177566 0.0 0.0 0.33234583927074396 0.17583421850078335 0.0 0.0 0.0 
0.0 0.312756938339447 0.0 0.0 0.0 0.0 0.0 0.35 0.33724306166055285 0.0 0.0 
0.18730604389283398 0.12018744574974807 0.14613497987601226 0.0 0.0 0.0 0.31759852768064734 0.22877300280075843 0.0 0.0 0.0 
0.0 0.3184733445542112 0.0 0.0 0.0 0.0 0.0 0.35 0.33152665544578885 0.0 0.0 
0.2007852374344592 0.10752149098418654 0.0 0.13687223580463154 0.0 0.0 0.35 0.20482103577672284 0.0 0.0 0.0 
0.1596207960450906 0.35 0.0 0.0 0.0 0.0 0.0 0.35 0.1403792039549095 0.0 0.0 
0.0 0.34780977435500077 0.0 0.0 0.0 0.0 0.0 0.35 0.30219022564499914 0.0 0.0 
0.0 0.3364994342019374 0.0 0.0 0.0 0.0 0.0 0.35 0.31350056579806257 0.0 0.0 
0.10968350481132144 0.3263150424251189 0.0 0.0 0.0 0.0 0.0 0.35 0.21400145276355975 0.0 0.0 
0.19655009653356778 0.20595030622149113 0.0 0.0 0.0 0.0 0.3235254658377983 0.2739741314071427 0.0 0.0 0.0 
0.13736068102890264 0.32745647474055567 0.0 0.0 0.0 0.0 0.0 0.35 0.18518284423054174 0.0 0.0 
0.20442096494761722 0.0 0.11462770635716625 0.18604225218052026 0.0 0.0 0.35 0.14490907651469623 0.0 0.0 0.0 
0.18356725444180125 0.35 0.0 0.0 0.0 0.0 0.0 0.35 0.1164327455581989 0.0 0.0 
0.10597759313980146 0.35 0.0 0.0 0.0 0.0 0.0 0.35 0.1940224068601987 0.0 0.0 
0.11980835297123574 0.3206941913245909 0.0 0.0 0.0 0.0 0.0 0.35 0.20949745570417333 0.0 0.0 
0.2047553365682601 0.12910464633368274 0.10408718492095184 0.0 0.0 0.0 0.3026856310142721 0.25936720116283324 0.0 0.0 0.0 
0.19130179232550124 0.1348191911988741 0.0 0.0 0.0 0.0 0.34600620491222656 0.32787281156339804 0.0 0.0 0.0 
0.0 0.34163661657725053 0.0 0.0 0.0 0.0 0.0 0.35 0.30836338342274955 0.0 0.0 
0.22114217260929908 0.33932739794640787 0.0 0.0 0.0 0.0 0.0 0.3388828487176323 0.10064758072666065 0.0 0.0 
0.10466038377104209 0.29467080911921933 0.0 0.0 0.0 0.0 0.0 0.35 0.25066880710973866 0.0 0.0 
0.2601109278936742 0.10525620669118506 0.0 0.12590942462698693 0.0 0.0 0.35 0.15872344078815384 0.0 0.0 0.0 
0.11959548101586848 0.35 0.0 0.0 0.0 0.0 0.0 0.35 0.18040451898413157 0.0 0.0 
0.10418738595611701 0.34096209973065256 0.0 0.0 0.0 0.0 0.0 0.3498338604531191 0.20501665386011114 0.0 0.0 
0.13772864048709113 0.14538909249544213 0.10323177843126478 0.0 0.0 0.0 0.31875508255771456 0.2948954060284874 0.0 0.0 0.0 
0.0 0.34752066318909536 0.0 0.0 0.0 0.0 0.20788908532059522 0.34190830193337235 0.10268194955693716 0.0 0.0 
0.1073301364987225 0.26558672371655007 0.0 0.0 0.0 0.0 0.0 0.3491779853720233 0.27790515441270414 0.0 0.0 
0.0 0.330895506730137 0.0 0.0 0.0 0.0 0.0 0.35 0.31910449326986307 0.0 0.0 
0.0 0.3236263631119636 0.0 0.0 0.0 0.0 0.0 0.35 0.32637363688803644 0.0 0.0 
0.11048383271410978 0.2975059490379281 0.0 0.0 0.0 0.0 0.0 0.35 0.24201021824796212 0.0 0.0 
0.20313392590845125 0.0 0.1041400782665791 0.22548366483725932 0.0 0.0 0.3499999999999999 0.11724233098771034 0.0 0.0 0.0 
0.0 0.33345690109552245 0.0 0.0 0.0 0.0 0.0 0.35 0.3165430989044775 0.0 0.0 
0.14096749495019306 0.34148392661892985 0.0 0.0 0.0 0.0 0.0 0.35 0.16754857843087706 0.0 0.0 
0.2642036203416766 0.11432600074637404 0.0 0.11446647548102314 0.0 0.0 0.34101714527065546 0.16598675816027086 0.0 0.0 0.0 
0.10071361969546565 0.2662644938747625 0.0 0.0 0.0 0.0 0.0 0.35 0.28302188642977183 0.0 0.0 
0.13618592323150652 0.35 0.0 0.0 0.0 0.0 0.0 0.35 0.16381407676849355 0.0 0.0 
0.24089225513042417 0.28133401310435396 0.0 0.0 0.0 0.0 0.12777373176522186 0.35 0.0 0.0 0.0 
0.18161770683516942 0.18458057922409754 0.0 0.0 0.0 0.0 0.33678887452297124 0.29701283941776196 0.0 0.0 0.0 
0.20236283400092808 0.0 0.10241148023002757 0.24097558073197312 0.0 0.0 0.347796296278352 0.10645380875871926 0.0 0.0 0.0 
0.1037533200012114 0.3204967714883179 0.0 0.0 0.0 0.0 0.0 0.34579294644201813 0.22995696206845243 0.0 0.0 
0.10634840086568075 0.28865459167943863 0.0 0.0 0.0 0.0 0.0 0.35 0.2549970074548807 0.0 0.0 
0.19820922395416712 0.10036684596643508 0.10847461625372047 0.11418511221768217 0.0 0.0 0.35 0.1287642016079952 0.0 0.0 0.0 
0.19245758784109424 0.35 0.0 0.0 0.0 0.0 0.0 0.3475457562948351 0.1099966558640708 0.0 0.0 
0.10659853656741142 0.34343390387068223 0.0 0.0 0.0 0.0 0.0 0.35 0.1999675595619064 0.0 0.0 
0.19590712950634162 0.19478959050492156 0.0 0.0 0.0 0.0 0.3494560731008367 0.2598472068879001 0.0 0.0 0.0 
0.1961182748266669 0.35 0.0 0.0 0.0 0.0 0.10388172517333319 0.35 0.0 0.0 0.0 
0.0 0.31040943963804357 0.0 0.0 0.0 0.0 0.0 0.35 0.3395905603619564 0.0 0.0 
0.10385556915255738 0.3082942123273944 0.0 0.0 0.0 0.0 0.0 0.35 0.23785021852004826 0.0 0.0 
0.23230816078786953 0.1860515160671068 0.0 0.0 0.0 0.0 0.35 0.23164032314502367 0.0 0.0 0.0 
0.19974557226897474 0.35 0.0 0.0 0.0 0.0 0.0 0.35 0.10025442773102523 0.0 0.0 
0.0 0.32765105424510066 0.0 0.0 0.0 0.0 0.0 0.35 0.32234894575489925 0.0 0.0 
0.1714897504490053 0.35 0.0 0.0 0.0 0.0 0.0 0.35 0.1285102495509947 0.0 0.0 
0.0 0.3412134760568027 0.0 0.0 0.0 0.0 0.0 0.35 0.30878652394319744 0.0 0.0 
0.27317033818238445 0.2111061797629838 0.0 0.0 0.0 0.0 0.18811549786761694 0.32760798418701476 0.0 0.0 0.0 
0.15131705847817156 0.175430322898422 0.10530460447424346 0.0 0.0 0.0 0.34278504886020117 0.22516296528896185 0.0 0.0 0.0 
0.26572005812035593 0.20404799881653019 0.0 0.0 0.0 0.0 0.18023194306311385 0.35 0.0 0.0 0.0 
0.10586674818405778 0.2965856284299007 0.0 0.0 0.0 0.0 0.0 0.35 0.24754762338604155 0.0 0.0 
0.23472609919059745 0.12036747223272953 0.0 0.14141545456449509 0.0 0.0 0.35 0.1534909740121779 0.0 0.0 0.0 
0.35 0.29999999999999993 0.0 0.0 0.0 0.0 0.0 0.35 0.0 0.0 0.0 
0.10174831766308612 0.2868657566197125 0.0 0.0 0.0 0.0 0.0 0.35 0.2613859257172014 0.0 0.0 
0.2312796304118416 0.11860012409181823 0.0 0.15402199827637678 0.0 0.0 0.3448609716741168 0.15123727554584654 0.0 0.0 0.0 
0.21301716545706953 0.16756131082992134 0.0 0.0 0.0 0.0 0.35 0.2694215237130092 0.0 0.0 0.0 
0.3000000000000001 0.35 0.0 0.0 0.0 0.0 0.0 0.35 0.0 0.0 0.0 
0.10201656770339078 0.2675665499795824 0.0 0.0 0.0 0.0 0.0 0.35 0.2804168823170269 0.0 0.0 
0.1716821445509721 0.35 0.0 0.0 0.0 0.0 0.0 0.35 0.1283178554490278 0.0 0.0 
0.19820922395416712 0.10036684596643508 0.10847461625372047 0.11418511221768217 0.0 0.0 0.35 0.1287642016079952 0.0 0.0 0.0 
0.20167278085244555 0.0 0.11065452989103776 0.20043374112029935 0.0 0.0 0.34611986716903637 0.14111908096718082 0.0 0.0 0.0 
0.1020403944824765 0.27395599904723883 0.0 0.0 0.0 0.0 0.0 0.35 0.2740036064702847 0.0 0.0 
0.20122145436057773 0.0 0.11276994743125474 0.2073419415482803 0.0 0.0 0.34400748629413935 0.13465917036574784 0.0 0.0 0.0 
0.0 0.3262896460984397 0.0 0.0 0.0 0.0 0.0 0.35 0.32371035390156044 0.0 0.0 
0.1020403944824765 0.27395599904723883 0.0 0.0 0.0 0.0 0.0 0.35 0.2740036064702847 0.0 0.0 
0.0 0.34752066318909536 0.0 0.0 0.0 0.0 0.20788908532059522 0.34190830193337235 0.10268194955693716 0.0 0.0 
0.2207320846984648 0.19892385207796076 0.0 0.0 0.0 0.0 0.2303440632235746 0.35 0.0 0.0 0.0 
0.1228342854566515 0.2961781517507377 0.0 0.0 0.0 0.0 0.0 0.35 0.23098756279261087 0.0 0.0 
0.1009167120467731 0.2798252501060563 0.0 0.0 0.0 0.0 0.0 0.35 0.2692580378471707 0.0 0.0 
0.10001428030508336 0.2925064998035261 0.0 0.0 0.0 0.0 0.0 0.35 0.2574792198913907 0.0 0.0 
0.10704383567513284 0.29825261827473537 0.0 0.0 0.0 0.0 0.0 0.35 0.24470354605013184 0.0 0.0 
0.15285034054788732 0.15358520765682057 0.11012486288038427 0.0 0.0 0.0 0.33930247566123106 0.24413711325367685 0.0 0.0 0.0 
0.1604092224646007 0.17448399782202736 0.0 0.0 0.0 0.0 0.35 0.3151067797133721 0.0 0.0 0.0 
0.16209499121797485 0.11031703611820552 0.13156901199354515 0.0 0.0 0.0 0.32907983433603727 0.26693912633423705 0.0 0.0 0.0 
0.16535729462406218 0.1714892895836671 0.12529520135673267 0.0 0.0 0.0 0.3023415541218909 0.2355166603136471 0.0 0.0 0.0 
0.21643866849562232 0.19935176515522643 0.0 0.0 0.0 0.0 0.35 0.23420956634915127 0.0 0.0 0.0 
0.20156547604961092 0.13181663283672632 0.0 0.12820763702058163 0.0 0.0 0.35 0.18841025409308115 0.0 0.0 0.0 
0.0 0.30222239373648524 0.0 0.0 0.0 0.0 0.0 0.35 0.3477776062635148 0.0 0.0 
0.12442960866785155 0.35 0.0 0.0 0.0 0.0 0.0 0.35 0.17557039133214852 0.0 0.0 
0.19191527891760085 0.14772737742180586 0.0 0.0 0.0 0.0 0.3228742437304663 0.33748309993012704 0.0 0.0 0.0 
0.10847756950180706 0.27709048247556073 0.0 0.0 0.0 0.0 0.0 0.35 0.26443194802263226 0.0 0.0 
0.15104269908583642 0.35 0.0 0.0 0.0 0.0 0.0 0.35 0.14895730091416362 0.0 0.0 
0.10111037329981183 0.28850746442566044 0.0 0.0 0.0 0.0 0.0 0.35 0.2603821622745277 0.0 0.0 
0.1821254133734716 0.17560650468558928 0.0 0.0 0.0 0.0 0.3323796458475351 0.30988843609340405 0.0 0.0 0.0 
0.10841778532582236 0.30552016428812223 0.0 0.0 0.0 0.0 0.0 0.35 0.2360620503860554 0.0 0.0 
0.10092572837283231 0.2811093333389756 0.0 0.0 0.0 0.0 0.0 0.35 0.26796493828819223 0.0 0.0 
0.19938862866302123 0.0 0.10916788317852989 0.21733804712275534 0.0 0.0 0.35 0.12410544103569361 0.0 0.0 0.0 
