-9.85058326517987E-4 2.1160244291357248E-5 
-0.013698790762212783 5.790526306892624E-4 
-0.0036852000476581726 2.5542406712050154E-5 
-0.00229066046170701 2.1918754386022752E-5 
-0.0025170729329436117 2.4192680201508096E-5 
-0.004065804319806826 2.7438522438946238E-5 
-0.006914521728334441 7.785463007433437E-5 
-0.013555794423899967 5.614505368869514E-4 
-0.007095058345949063 8.397406758305979E-5 
-0.005497781985785467 5.2214176484625076E-5 
-0.012420844813567748 4.181843910740908E-4 
-0.007358866264438362 8.750188011089397E-5 
-0.010527015585066225 2.5111186352273144E-4 
-0.01332383872898313 5.293918257636929E-4 
-0.006590527656854309 7.470411530596072E-5 
-0.013401339550092787 5.421870457569019E-4 
-0.013114319671227219 5.070645217327861E-4 
-0.007781629163021388 1.0044717403301393E-4 
-0.011565987073923222 3.315850829953466E-4 
-0.005250807696446984 4.233895831164239E-5 
-0.006243958439846213 6.963058691578212E-5 
-0.010657509016786984 2.5737660727173195E-4 
-0.011474327168977278 3.209774170689158E-4 
-0.010145036227272305 2.2990944410661838E-4 
-0.011398545847150535 3.145495077720828E-4 
-0.013696558359567458 5.789213799368629E-4 
-0.012562916913949814 4.319073910851898E-4 
-0.01077096047036484 2.648058432358607E-4 
-0.010320881074372686 2.3747903699829377E-4 
-0.009947575197714036 2.1529033625318709E-4 
-0.010096749246779793 2.2297840174410828E-4 
-0.004840340790953271 3.331864660709295E-5 
-0.01039904060060841 2.423969012717601E-4 
-0.005972472776466425 6.150469513948569E-5 
-0.013218275041591992 5.171787981129118E-4 
-0.004622126249385639 3.0629952122279464E-5 
-0.012132075538450722 3.9164483445969483E-4 
-0.008507101623982986 1.2886302310919013E-4 
-0.008918361776348116 1.5686239523920773E-4 
-0.013006578563584307 4.85212508172949E-4 
-0.005749945324109413 5.842265661445446E-5 
-0.007911997915753897 1.0606245614389497E-4 
-0.011019109036888918 2.8141156196859435E-4 
-0.012641765870072626 4.453821134991171E-4 
-0.012064535696245587 3.826568249219558E-4 
-0.00929146277714659 1.7678939139863885E-4 
-0.012492838512843142 4.282195559900977E-4 
-0.009859606078527563 2.098865038565376E-4 
-0.007602164099790577 9.454537358160177E-5 
-0.009525856665499165 1.9339483303942176E-4 
-0.012192703304170889 3.986055696825505E-4 
-0.01229840653558141 4.0996187383061336E-4 
-0.008635940720397788 1.341252752945119E-4 
-0.010842928892121427 2.7288127853123225E-4 
-0.008293133762074311 1.2020605291115494E-4 
-0.008834769146617738 1.449297461387888E-4 
-0.013060164395737513 4.98971961080212E-4 
-0.011684961253714272 3.45096326737282E-4 
-0.013435465264529366 5.497742993556689E-4 
-0.011628847579770731 3.3884062846588353E-4 
-0.004320659076937072 2.976087456541808E-5 
-0.0083822191397914 1.2387853387486276E-4 
-0.009204339605425688 1.7150847043413827E-4 
-0.007517263315425806 9.222788161222472E-5 
-0.012819029327327813 4.624109619046651E-4 
-0.00561224048002066 5.3637062954227824E-5 
-0.00802597306558088 1.1040830981988358E-4 
-0.013507725645104862 5.562614633953964E-4 
-0.013249706431477336 5.228343072247999E-4 
-0.011938292868766425 3.679592435040529E-4 
-0.009425430116497224 1.820402416121256E-4 
-0.009791924120711153 2.0219157053394295E-4 
-0.010935291624805787 2.771467016788362E-4 
-0.013040982961605125 4.910832406343868E-4 
-0.012276322856197092 4.0492860024455413E-4 
-0.008692752056184158 1.4029722056721453E-4 
-0.0064649009402951724 7.18832828230803E-5 
-0.009485752335783942 1.8486332327291303E-4 
-0.012690201073850122 4.4678204964429877E-4 
-0.009100253374257124 1.6717729894799493E-4 
-0.011846501313518129 3.6182171405903517E-4 
-0.005025418014071861 3.58006861027657E-5 
-0.009688288029469076 1.9565974862382335E-4 
-0.011196441015774675 2.9881273354227783E-4 
-0.012922729556010072 4.751364637277907E-4 
-0.004414984950571711 3.0311589709452648E-5 
-0.01201216982304604 3.76643260709244E-4 
-0.011097361135806422 2.9069951616036586E-4 
-0.009070205924344092 1.6244204443606288E-4 
-0.005071085272719742 3.78024096596095E-5 
-0.011728919741379126 3.5359154742653596E-4 
-0.011101550520283427 2.910311180571822E-4 
-0.005187419159901634 4.132288417030531E-5 
-0.00895023395393649 1.6101862087183547E-4 
-0.006300053086491933 7.157569453938886E-5 
-0.011972582070215839 3.729746785579943E-4 
-0.011280682007037935 3.05486166478729E-4 
-0.011824665305737827 3.580633080766332E-4 
-0.005943984920871875 6.016554333036321E-5 
-0.009727319095159111 1.9910710013507768E-4 
