0.1700268644381382 0.17213849158826344 0.1020339969104352 0.0 0.1447382755034374 0.0 0.0 0.0 0.12920662715214792 0.13198055189222668 0.0 
0.0 0.29999977351974144 0.0 0.0 0.0 0.0 0.0 0.35 0.35 0.0 0.0 
0.1261221019382772 0.2098081035367352 0.10061318077389846 0.0 0.17084699822603183 0.0 0.0 0.0 0.17309701190601023 0.15470492239333702 0.0 
0.20214305579196057 0.20350863744732287 0.10126347579959452 0.0 0.14896316718695363 0.0 0.0 0.10304579963741044 0.24107586413675794 0.0 0.0 
0.16250181175880146 0.233833409257826 0.11079610755382054 0.0 0.13562133540296079 0.0 0.0 0.11200768086221179 0.2452396551643794 0.0 0.0 
0.0 0.30977098905556194 0.0 0.0 0.0 0.0 0.0 0.32897632118017994 0.35 0.0 0.0 
0.0 0.19757062231380537 0.10516235593632751 0.0 0.0 0.0 0.10612056067063727 0.26894506995519185 0.3222013911240381 0.0 0.0 
0.13250876638845585 0.23577658981953206 0.10583000981795182 0.0 0.1076521291040844 0.0 0.0 0.14888599047606238 0.2693465143939136 0.0 0.0 
0.0 0.27288772235911785 0.0 0.0 0.0 0.0 0.1132825867712423 0.2596497964836206 0.35 0.0 0.0 
0.0 0.2528448144842323 0.0 0.0 0.0 0.0 0.1491028299374067 0.25289192610409933 0.3451604294742617 0.0 0.0 
0.0 0.26160220248628135 0.10355564253146768 0.0 0.0 0.0 0.0 0.28101162732853413 0.35 0.0 0.0 
0.1586853118483492 0.2272646515563397 0.1073478542138582 0.0 0.1517176437524897 0.0 0.0 0.0 0.23922349151899222 0.11576104710997101 0.0 
0.0 0.19633646040748817 0.10585836795313289 0.0 0.0 0.0 0.10507571981300973 0.27975705762956043 0.31297239419680883 0.0 0.0 
0.17677840549903612 0.21859714674136188 0.10662991417282017 0.0 0.15171851025916208 0.0 0.0 0.0 0.21270641057055223 0.13298735730300348 0.0 
0.1635654659342805 0.26057697359841275 0.0 0.0 0.13681976272913274 0.0 0.0 0.1134245749099249 0.3256132228282492 0.0 0.0 
0.0 0.31329641643394696 0.0 0.0 0.0 0.0 0.0 0.33272031971621124 0.35 0.0 0.0 
0.20268508187612036 0.2595688487478155 0.0 0.0 0.15714720930074974 0.0 0.0 0.0 0.2544387470020631 0.12616011307325123 0.0 
0.12141862031919873 0.27047083998906407 0.0 0.0 0.10685216605693004 0.0 0.0 0.17043048445722306 0.330827889177584 0.0 0.0 
0.1650419609271204 0.2601692705104508 0.0 0.0 0.11149078857019808 0.0 0.0 0.1280419095424444 0.3352560704497864 0.0 0.0 
0.0 0.32946376796344445 0.0 0.0 0.0 0.0 0.0 0.3174651215254469 0.35 0.0 0.0 
0.0 0.2287789894325898 0.0 0.0 0.0 0.0 0.11419170200922608 0.32909293988578225 0.32793636867240183 0.0 0.0 
0.0 0.26437658506527795 0.0 0.0 0.0 0.0 0.10840223838521222 0.28036608627485043 0.34355188866492925 0.0 0.0 
0.0 0.24307220789595588 0.0 0.0 0.0 0.0 0.10093020835206294 0.3180904094152947 0.3379071743366865 0.0 0.0 
0.0 0.2592337600533939 0.0 0.0 0.0 0.0 0.10693793909628341 0.2863244982781532 0.3475038025721695 0.0 0.0 
0.0 0.25661076416781575 0.10353069384358188 0.0 0.0 0.0 0.0 0.2877197260488542 0.35 0.0 0.0 
0.0 0.1966399238822418 0.10442760159898742 0.0 0.0 0.0 0.1070317087507741 0.2925400012343061 0.2955672607389031 0.0 0.0 
0.19596061237579818 0.2554355779535627 0.0 0.0 0.15523880450568026 0.0 0.0 0.0 0.27176291708633893 0.12160208807861984 0.0 
0.0 0.2007709577191521 0.10361046513536291 0.0 0.0 0.0 0.10061111948006977 0.2487005919538211 0.3463068657115941 0.0 0.0 
0.13790394403555237 0.23378976948776542 0.11547512460798892 0.0 0.1283501322913174 0.0 0.0 0.1250929115632634 0.25938811801411243 0.0 0.0 
0.16638528970589012 0.2354611953592127 0.10537375979803117 0.0 0.14379327350904117 0.0 0.0 0.0 0.21793190909471669 0.1310545725331083 0.0 
0.0 0.21822416117565396 0.14421391390874416 0.0 0.0 0.0 0.10861268150829816 0.19993003220345357 0.32901921120385014 0.0 0.0 
0.20515639078548695 0.20062253114558917 0.10135843835735125 0.0 0.1460315430885823 0.0 0.0 0.10142854189604814 0.19841144367367652 0.0 0.0 
0.19615510556380758 0.20175484059568732 0.10818650801790865 0.0 0.15066040840273548 0.0 0.0 0.10138804308215307 0.15943574831544316 0.0 0.0 
0.11057435238035736 0.27481633711399633 0.0 0.0 0.12509036035248808 0.0 0.0 0.1712707172141786 0.3182482329389797 0.0 0.0 
0.0 0.271882166682044 0.10722063592105142 0.0 0.0 0.0 0.0 0.26282576418531656 0.34627183004712425 0.0 0.0 
0.15403943652639984 0.22147270437004504 0.12286828771540025 0.0 0.12238895412151207 0.0 0.0 0.11981264866683966 0.2594179685998032 0.0 0.0 
0.2606500868645213 0.18658161547353933 0.10337527015400375 0.0 0.1798381330648245 0.0 0.0 0.10068869967593058 0.16886619476718068 0.0 0.0 
0.0 0.3494778082349769 0.0 0.0 0.0 0.0 0.0 0.3079953490656924 0.34252684269933054 0.0 0.0 
0.2015050839854309 0.20617236164956534 0.1095374884852968 0.0 0.15511155998201454 0.0 0.0 0.10444566666807233 0.22322783922962008 0.0 0.0 
0.16212112339515877 0.23121972332984297 0.10144398448498913 0.0 0.17527987652442342 0.0 0.0 0.0 0.1906233011681526 0.13931199109743314 0.0 
0.1532726301555699 0.2243014752322538 0.1086766429208306 0.0 0.13941999661373863 0.0 0.0 0.0 0.25692010382192043 0.10166910140091658 0.0 
0.1299019818316388 0.22751923711397698 0.10468688039556628 0.0 0.10880295381139078 0.0 0.0 0.16302313773331464 0.26606580911411254 0.0 0.0 
0.18786117934577637 0.20900923092137103 0.10276826466089398 0.0 0.1754923664005751 0.0 0.0 0.0 0.1668428645218045 0.158026094149579 0.0 
0.1132614277295888 0.28191217131832386 0.0 0.0 0.15359477752955022 0.0 0.0 0.10724259113898425 0.3439890322835528 0.0 0.0 
0.0 0.24932431380945116 0.1208614589547741 0.0 0.0 0.0 0.10099170533918486 0.1880816893907132 0.3391204706776714 0.0 0.0 
0.10945048575954847 0.2560228552820848 0.0 0.0 0.10404263102219947 0.0 0.0 0.16965730443648233 0.35 0.0 0.0 
0.12356579118789307 0.2073282321668644 0.10842698421996916 0.0 0.10392874041529607 0.0 0.0 0.15060632106162491 0.3061439309483524 0.0 0.0 
0.13427756474129954 0.2352777767394914 0.10706165626494439 0.0 0.11936390984084158 0.0 0.0 0.13380345565461177 0.27021563675881133 0.0 0.0 
0.0 0.3083135275467035 0.0 0.0 0.0 0.0 0.0 0.34656675805998016 0.34511971439331635 0.0 0.0 
0.0 0.2744842374248047 0.10649520518394535 0.0 0.0 0.0 0.0 0.27533109450705656 0.3436894628841933 0.0 0.0 
0.19863012842421718 0.2403892745557739 0.0 0.0 0.16278490112179275 0.0 0.0 0.0 0.25290849367388707 0.126132494455241 0.0 
0.0 0.2733740084454166 0.0 0.0 0.0 0.0 0.10842992703625823 0.26425207911868726 0.35 0.0 0.0 
0.0 0.23798190698349866 0.0 0.0 0.0 0.0 0.10179580169965188 0.31078260095264254 0.3494396903642068 0.0 0.0 
0.0 0.2776774289193324 0.0 0.0 0.0 0.0 0.10780974053453608 0.2679240506000765 0.34658877994605497 0.0 0.0 
0.1383940953710665 0.2316883456564649 0.1090814572644887 0.0 0.12889433458747646 0.0 0.0 0.13233382926476894 0.25960793785573444 0.0 0.0 
0.0 0.23459881066133195 0.10436175483936061 0.0 0.0 0.0 0.10810489851984802 0.21042006745309297 0.3425144685263664 0.0 0.0 
0.21230228383570798 0.20487549096837643 0.11002006793446356 0.0 0.16055107333024005 0.0 0.0 0.10841648466421959 0.20383459926699238 0.0 0.0 
0.0 0.25195134232686367 0.0 0.0 0.0 0.0 0.11235876752713307 0.29642573286220386 0.3392641572837994 0.0 0.0 
0.19545001418964572 0.21091106335268464 0.10864716310928083 0.0 0.11979126700351919 0.0 0.0 0.11635988460991413 0.2488406077349555 0.0 0.0 
0.14626780260970035 0.2703530778756076 0.0 0.0 0.12280648104409587 0.0 0.0 0.15218172258501972 0.3083909158855763 0.0 0.0 
0.0 0.2803358788705286 0.0 0.0 0.0 0.0 0.102702546841695 0.27977158389135787 0.3289909963930791 0.0 0.0 
0.0 0.26963717826797723 0.0 0.0 0.0 0.0 0.10158077222426727 0.3033708568164477 0.3254111926913079 0.0 0.0 
0.0 0.2176652081044844 0.13207565366399815 0.0 0.0 0.0 0.10256423983023258 0.22950906804990237 0.31818583035138254 0.0 0.0 
0.0 0.3101630772735474 0.0 0.0 0.0 0.0 0.0 0.33722777927797365 0.35 0.0 0.0 
0.0 0.23666624128212416 0.0 0.0 0.0 0.0 0.10123303099772016 0.30906446189812314 0.34750783839638894 0.0 0.0 
0.0 0.19396465912710284 0.10109226303685352 0.0 0.0 0.0 0.11432318086988201 0.2442418350795936 0.34208532216035775 0.0 0.0 
0.0 0.22521421359379465 0.0 0.0 0.0 0.0 0.1123550359267727 0.3471886600677905 0.31393237558663906 0.0 0.0 
0.0 0.20233331911311242 0.10031396948307823 0.0 0.0 0.0 0.1324459971655935 0.24883846563984563 0.31606824859837024 0.0 0.0 
0.1871267537292115 0.2044921769515665 0.1024733168535809 0.0 0.17029740105834165 0.0 0.0 0.0 0.1834754088770202 0.15213494253027926 0.0 
0.22941923726982738 0.1891889281052604 0.1048198478901116 0.0 0.1823512115094237 0.0 0.0 0.10019070589901746 0.1712259501030411 0.0 0.0 
0.13276143966789403 0.23313337634763934 0.11527193123233448 0.0 0.10759835457774047 0.0 0.0 0.145456377789184 0.2657785203852075 0.0 0.0 
0.13883715929589263 0.2315312532132173 0.11035468631926446 0.0 0.10498148581975801 0.0 0.0 0.13401339873168255 0.2802820166201851 0.0 0.0 
0.0 0.29970978314733837 0.0 0.0 0.0 0.0 0.0 0.3445798304892099 0.3489321704351775 0.0 0.0 
0.13503136963308285 0.2847272652059682 0.0 0.0 0.1350568018041075 0.0 0.0 0.12278338258692666 0.3204061717487648 0.0 0.0 
0.0 0.27534208292598594 0.10671348372094887 0.0 0.0 0.0 0.0 0.264159377565547 0.35 0.0 0.0 
0.0 0.19568602775435984 0.12175467290901533 0.0 0.0 0.0 0.10645676142478476 0.22834975831596271 0.34775277959587747 0.0 0.0 
0.0 0.22066372623859326 0.11518857196630372 0.0 0.0 0.0 0.10102324145745593 0.24769202979873453 0.3154324305389125 0.0 0.0 
0.14775626335219016 0.2627553547799524 0.0 0.0 0.10699299801143446 0.0 0.0 0.153920032511716 0.32857535134470706 0.0 0.0 
0.14534977223398646 0.23379399856875363 0.10564369835733532 0.0 0.10706838962333971 0.0 0.0 0.13001245085142754 0.2652330351256412 0.0 0.0 
0.0 0.22168364953680847 0.13684954975684424 0.0 0.0 0.0 0.10719600862112305 0.2138163525878878 0.32045443949733643 0.0 0.0 
0.0 0.22791607372843756 0.11939834322962749 0.0 0.0 0.0 0.10163655026895636 0.23438271961375248 0.31666631315922616 0.0 0.0 
0.1484865663838064 0.2640540545969057 0.0 0.0 0.11550960481845556 0.0 0.0 0.15468080071077253 0.3172689734900599 0.0 0.0 
0.0 0.23599566294903315 0.11600900712643383 0.0 0.0 0.0 0.1012982092117086 0.20389532369026725 0.34280179702255725 0.0 0.0 
0.0 0.22095386526315006 0.0 0.0 0.0 0.0 0.1096045352449252 0.3315050421453958 0.33793655734652894 0.0 0.0 
0.0 0.24158064119515546 0.0 0.0 0.0 0.0 0.11102526424905855 0.2923990693170987 0.35 0.0 0.0 
0.2081734883570928 0.20089112968169381 0.10788042840333033 0.0 0.15742872092933188 0.0 0.0 0.10630803117233259 0.19987048095119428 0.0 0.0 
0.0 0.18938742599119204 0.10323515465768979 0.0 0.0 0.0 0.11674653335002294 0.24941912329262858 0.3412117627084666 0.0 0.0 
0.0 0.2523025755631627 0.12568304739001881 0.0 0.0 0.0 0.0 0.2764577973038253 0.3455565797429932 0.0 0.0 
0.0 0.3092600295488358 0.0 0.0 0.0 0.0 0.0 0.3394228530559723 0.35 0.0 0.0 
0.16322607315274384 0.25106030523811146 0.0 0.0 0.11391929854066389 0.0 0.0 0.14611797115632116 0.3256763519121596 0.0 0.0 
0.0 0.2244892159422127 0.0 0.0 0.0 0.0 0.11106227709235642 0.3327893380269854 0.33047806005819735 0.0 0.0 
0.14913859592097506 0.2539182978627801 0.0 0.0 0.10663307703321193 0.0 0.0 0.15594102862212258 0.33436900056091035 0.0 0.0 
0.13397727784173985 0.27229917693331146 0.0 0.0 0.11546127920706317 0.0 0.0 0.1712976949361931 0.30696457108169234 0.0 0.0 
0.0 0.22496817648672296 0.11785402895238484 0.0 0.0 0.0 0.10032196941779518 0.2442853167941024 0.31257050834899464 0.0 0.0 
0.0 0.23525576677025226 0.1232433866031408 0.0 0.0 0.0 0.1049096019173098 0.20420060343393676 0.3323906412753604 0.0 0.0 
0.0 0.21112526858615516 0.14244392468283917 0.0 0.0 0.0 0.10196475370203058 0.22516703403745175 0.3192990189915233 0.0 0.0 
0.14659108488938602 0.2606833148309838 0.0 0.0 0.11403508544816275 0.0 0.0 0.15270624770958355 0.3259842671218839 0.0 0.0 
0.15450380981481887 0.26264322262112566 0.0 0.0 0.11551864135333621 0.0 0.0 0.11529260829148581 0.3442982642559381 0.0 0.0 
0.0 0.24543706885536357 0.0 0.0 0.0 0.0 0.10546645277645973 0.3044191632375411 0.3446773151306356 0.0 0.0 
0.15348915267600313 0.22624890339752668 0.1064801343163858 0.0 0.12714368160347228 0.0 0.0 0.0 0.2697922143447597 0.11684591366185249 0.0 
