-0.0030039682725587734 3.649083183094232E-5 
-0.014805555974091101 6.591216371770218E-4 
-0.014217296400735591 3.164776265002148E-4 
-0.01426293698185729 5.409175091084782E-4 
-0.003928274853477638 4.1498902312322476E-5 
-0.006359798715168931 4.443057188231399E-5 
-0.007416839169856897 5.93626855666121E-5 
-0.006814307742349327 5.82360765839874E-5 
-0.014481881301927468 5.853152732890978E-4 
-0.006526142566519755 5.449316951436302E-5 
-0.01215704425153259 1.75231941219328E-4 
-0.014558646399316817 6.019379054307545E-4 
-0.012334129336355052 1.8575192356367395E-4 
-0.008755601479651752 8.158272688103019E-5 
-0.0140610343202168 3.0485387588843096E-4 
-0.00966480941717303 9.801856289967398E-5 
-0.008557146353338327 7.792646611520524E-5 
-0.012629711351469335 2.0206094285852698E-4 
-0.011958304299011008 1.6367345095980075E-4 
-0.012798797032736144 2.1309684132680737E-4 
-0.014754902178774485 6.469278171223889E-4 
-0.01417100489867655 3.130510881043607E-4 
-0.014329923118248652 5.540274482711265E-4 
-0.012515250789661413 1.9127437184981565E-4 
-0.008907508467462317 8.309965606952173E-5 
-0.006670996979265993 5.7551234626095575E-5 
-0.013397509287540658 2.666757638409827E-4 
-0.013696901143669246 2.806422537458777E-4 
-0.014004319440844971 2.998747102891381E-4 
-0.01287747479788966 2.2347061195738895E-4 
-0.013290710342938179 2.6122478396765734E-4 
-0.014621021415519006 6.158483083891083E-4 
-0.007543411774425737 6.162473546243202E-5 
-0.014573112151902962 6.051317040419641E-4 
-0.013600544914522686 2.759091583402016E-4 
-0.01391497760468698 2.94323172489087E-4 
-0.009517647067453113 9.47463920317778E-5 
-0.014657458309741436 6.24141696435463E-4 
-0.014444862952121402 5.774953258761227E-4 
-0.014298402307388049 5.446505184902837E-4 
-0.008060768810422827 6.914843935477589E-5 
-0.0109360361362726 1.2729719206031918E-4 
-0.009035312758848684 8.606144539121469E-5 
-0.00978609670968051 1.0234357997036781E-4 
-0.00921473383837965 9.022138225244696E-5 
-0.008196165863080354 7.148194905422632E-5 
-0.014721198399746505 6.389466299263047E-4 
-0.014364301508541247 5.609178130223387E-4 
-0.007862045657994298 6.845044582525464E-5 
-0.011230855411531359 1.3880352944623816E-4 
-0.011021853112949119 1.292228328849498E-4 
-0.012606321328922932 2.0107591591857118E-4 
-0.012108407406569464 1.6922504569550812E-4 
-0.007690178203654133 6.576247531015999E-5 
-0.014789663999182273 6.552702814715729E-4 
-0.010206695940537112 1.0888773471041396E-4 
-0.009357000300803182 9.180330700423779E-5 
-0.012801439119879833 2.132074313992217E-4 
-0.010821070309297565 1.2341037483624E-4 
-0.011283801378743475 1.4054716389048157E-4 
-0.013046597786075937 2.371857689000599E-4 
-0.014392620719283569 5.666763605077763E-4 
-0.01158587581075194 1.516853102842029E-4 
-0.012919043751207634 2.2521833061555236E-4 
-0.008281835014725547 7.345712340321836E-5 
-0.009129916717447938 8.770214713597457E-5 
-0.014418506578758199 5.720053813124499E-4 
-0.013090096753282527 2.471862987972256E-4 
-0.0134761742690741 2.701009017043863E-4 
-0.011877942909228006 1.6109656396486749E-4 
-0.01352995827710443 2.723913661199143E-4 
-0.010592441796582166 1.1741283290727751E-4 
-0.010110677738141729 1.0627745952289634E-4 
-0.013087005611880897 2.4029421303588418E-4 
-0.01469815639132422 6.335510249231139E-4 
-0.008371891442559185 7.586308558492291E-5 
-0.007672498154216824 6.348204066568141E-5 
-0.008442020503852276 7.690015682572046E-5 
-0.011399241965092791 1.4412740140433468E-4 
-0.009433786431208359 9.322670024958503E-5 
-0.011134388305618878 1.325944828396734E-4 
-0.009887806467712557 1.024196583322959E-4 
-0.007933588299619826 6.882298164003315E-5 
-0.01032060693751207 1.1154318369419237E-4 
-0.01244525291800366 1.901603306269031E-4 
-0.009969970913232446 1.0389358492943388E-4 
-0.013190233752598451 2.512731236535731E-4 
-0.011818125943124048 1.5861783386903968E-4 
-0.010470349390222887 1.147959970903474E-4 
-0.010708048503977285 1.2125037564009746E-4 
-0.012381138445029605 1.8724051765803127E-4 
-0.011694222067257422 1.547935400875492E-4 
-0.010622436361955317 1.1911236111024343E-4 
-0.013835909468969974 2.917250863086247E-4 
-0.01003863720552139 1.0543429426501072E-4 
-0.013798178091723321 2.9061324788282934E-4 
-0.013003374255279277 2.3051508724348434E-4 
-0.013156453071272636 2.4969872424512396E-4 
-0.011133873860964483 1.3257325709203438E-4 
-0.01300337425527928 2.305150872434844E-4 
