-0.010043500046012916 4.523169009695727E-4 
-0.010043500046012916 4.523169009695727E-4 
5.511371483916186E-4 1.3490625603467026E-4 
-0.009590766962151966 4.4189347673432504E-4 
-0.009521681333357151 3.6514090199123227E-4 
-0.0018408796738187624 1.4581684097357648E-4 
3.177760713112734E-4 1.3589810248768302E-4 
-0.0012912197201297645 1.4577806033930845E-4 
-3.6711184237232016E-4 1.3940716553332107E-4 
-0.009008234631815507 3.182783937577322E-4 
-0.007391239106836509 2.1884629679895805E-4 
-0.006602491924520698 1.9603257639731758E-4 
-0.006795473822967801 2.0112289082227538E-4 
-0.008182785037461584 2.6455967734570333E-4 
-0.008052129543204818 2.5168181514653444E-4 
-0.005863012236913536 1.8450464300862922E-4 
-0.004958033267224139 1.668646994035969E-4 
-1.3938895258871608E-5 1.3721298179654166E-4 
-5.73405844541242E-4 1.4047270576586176E-4 
-7.107686616613035E-5 1.3788828364442768E-4 
-7.341814184807015E-4 1.4202624794652948E-4 
-0.0069332025243393405 2.0559490282679225E-4 
-0.009963995995415927 4.499393164622966E-4 
-0.009135376562513458 3.2909227921921027E-4 
-0.008784079302929374 3.019212378310919E-4 
-0.008630335224754858 2.8975332499753834E-4 
-0.0012260258372490925 1.451920225448516E-4 
-0.0077896970780707495 2.3727758134268486E-4 
-9.433027383179311E-4 1.4422337050993173E-4 
-0.006061956239426707 1.9092392594075708E-4 
-0.005108620908592081 1.6993085654546432E-4 
-0.0031623099263046526 1.495084848270824E-4 
-0.002515826595897602 1.47401495427792E-4 
-0.007189280443532491 2.111652121738068E-4 
-0.0021574802348406216 1.461236466994234E-4 
-0.0043374743666286875 1.5956311618341414E-4 
-0.008425190222747233 2.745784994685353E-4 
-0.009776480869126367 4.437583388641435E-4 
-0.005217201846785172 1.7019833343591772E-4 
-0.0020304895718294756 1.4593246715991276E-4 
-0.0074584417535566196 2.2429479528831406E-4 
-0.004170488137522783 1.5754896297987022E-4 
-0.006259025527420769 1.9213060883995682E-4 
-0.0048032617926460075 1.6524403537055405E-4 
-0.009858803650362456 4.4576963504879555E-4 
-0.004441392148546106 1.617627136470401E-4 
-0.0034841424741116588 1.5223806074633823E-4 
-0.005469978301102249 1.7359512979724337E-4 
-0.0072881463693282265 2.1465146620651561E-4 
-0.009150874752584559 3.3614219555781755E-4 
-0.003268609979073702 1.5022861801640528E-4 
-0.008846150633000652 3.0495323494651955E-4 
-0.005335962944965137 1.7299261285976398E-4 
-0.008733662936586152 2.962977713354882E-4 
-0.002351569244451665 1.464512716748964E-4 
-0.003641142653773858 1.5327255782284803E-4 
-0.0038122501171779974 1.5440109500695022E-4 
-0.0075913972878209075 2.3077171550956013E-4 
-0.008917212626602737 3.1073222312923284E-4 
-0.00576433227782302 1.7933333714493418E-4 
-0.00831748281665705 2.6679159946082923E-4 
-0.003408096370321377 1.5102164245321963E-4 
-0.009096435956508888 3.2572403072762867E-4 
-0.0063371816469293745 1.923756384747928E-4 
-0.0059953182509226615 1.8795069738138695E-4 
-0.007692149694065707 2.3200545674193092E-4 
-0.005786577914551196 1.8002271660481423E-4 
-0.008733662936586152 2.962977713354882E-4 
-0.008539215654929076 2.8309094788459227E-4 
-0.0081588559160955 2.5712387862362123E-4 
-0.008882178772962187 3.077578955322564E-4 
-0.006462085452376549 1.9440194677935373E-4 
-0.009329758682280892 3.4654115708926566E-4 
-0.0027624762412666016 1.475412417530892E-4 
-0.005631359074532433 1.7611998440346757E-4 
-0.0056248196756294114 1.7597737022585E-4 
-0.009471271688794136 3.599963280875375E-4 
-0.004749533102522098 1.6350678987834714E-4 
-0.007088809103110259 2.085236445353496E-4 
-0.008615915341415434 2.878002187062247E-4 
-0.009279558090004216 3.440181014447979E-4 
-0.00854866119919975 2.849692660140227E-4 
-0.0027634042250602882 1.4754576544120032E-4 
-0.0029453561467826673 1.4903618361762055E-4 
-0.008135231911210681 2.556505311046744E-4 
-0.009267736143893361 3.4134921417685736E-4 
-0.0029453561467826664 1.4903618361762047E-4 
-0.009417566532834192 3.549668202026229E-4 
-0.007908703269646107 2.442336763976538E-4 
-0.0093582639004891 3.5029650823202737E-4 
-0.009471470069539202 3.607107276089569E-4 
-8.987665047230815E-4 1.4341910894959023E-4 
-0.009521681333357151 3.6514090199123227E-4 
-0.0072401794868572796 2.1417905262224E-4 
-0.009417566532834192 3.549668202026229E-4 
-0.0037071270887842006 1.5424084492341296E-4 
-0.007942334769879225 2.471252611364255E-4 
-0.00904882407108632 3.217502498950609E-4 
-0.008468881383690488 2.793013466088125E-4 
-0.004629025133946612 1.6311060496731415E-4 
