0.2999999999999998 0.0 0.0 0.0 0.0 0.0 0.0 0.35 0.35 0.0 0.0 
0.2999999999999998 0.0 0.0 0.0 0.0 0.0 0.0 0.35 0.35 0.0 0.0 
0.1830783398176403 0.0 0.0 0.21597775822757942 0.28776123277203447 0.10171297904361204 0.0 0.1114528674265549 0.10001682271257893 0.0 0.0 
0.1830783398176403 0.0 0.0 0.21597775822757942 0.28776123277203447 0.10171297904361204 0.0 0.1114528674265549 0.10001682271257893 0.0 0.0 
0.19766978962375958 0.0 0.0 0.10233021037624057 0.0 0.0 0.0 0.35 0.35 0.0 0.0 
0.35 0.0 0.0 0.0 0.0 0.0 0.0 0.35 0.2999999999999998 0.0 0.0 
0.14903843772497644 0.0 0.0 0.26673918272235664 0.18615066058505528 0.0 0.0 0.29117818903958675 0.10689352992802485 0.0 0.0 
0.1861963482180306 0.0 0.0 0.2179103212152399 0.16225793769466063 0.10193608306066486 0.0 0.21923200750936722 0.11246730230203685 0.0 0.0 
0.14244237462564838 0.0 0.0 0.3001694984006734 0.17802168967993506 0.0 0.0 0.27714081663877455 0.10222562065496868 0.0 0.0 
0.1815824211027482 0.0 0.0 0.25712284457665696 0.12048157824970938 0.1002272855552842 0.0 0.2110481453512422 0.1295377251643591 0.0 0.0 
0.13810595188970334 0.0 0.0 0.28359444070055784 0.11424868987953986 0.0 0.0 0.33073188450001867 0.13331903303018036 0.0 0.0 
0.19610102342011154 0.0 0.0 0.10945438464018842 0.0 0.0 0.0 0.34722229596985 0.34722229596985 0.0 0.0 
0.15092715785207558 0.0 0.0 0.27392769502887954 0.13586803791155258 0.0 0.0 0.31711596801021585 0.12216114119727652 0.0 0.0 
0.19731714826653624 0.0 0.0 0.1122309669705976 0.0 0.0 0.0 0.35 0.34045188476286614 0.0 0.0 
0.1460612427269779 0.0 0.0 0.2614107951419886 0.18243211103483362 0.0 0.0 0.30443285806677306 0.10566299302942679 0.0 0.0 
0.1823559374227925 0.0 0.0 0.1742128076982256 0.0 0.0 0.0 0.35 0.293431254878982 0.0 0.0 
0.18952461473394638 0.0 0.0 0.2248815292027281 0.22975369710340887 0.10022755144276929 0.0 0.147161472954796 0.10845113456235128 0.0 0.0 
0.1868437872451287 0.0 0.0 0.23641362213817646 0.16212870725644093 0.10132680604198431 0.0 0.2030355449446141 0.11025153237365547 0.0 0.0 
0.19883685983123228 0.0 0.0 0.18402552350736376 0.0 0.0 0.0 0.35 0.267137616661404 0.0 0.0 
0.152857344654491 0.0 0.0 0.25484016026159156 0.10683230141865031 0.0 0.0 0.35 0.13547019366526725 0.0 0.0 
0.13481996707733535 0.0 0.0 0.2479767654904637 0.10035130628995574 0.0 0.0 0.35 0.1668519611422454 0.0 0.0 
0.1799872633237295 0.0 0.0 0.22021604768962244 0.2607712599357209 0.10354883507636602 0.0 0.13225378628571305 0.10322280768884802 0.0 0.0 
0.15061934590497106 0.0 0.0 0.149380654095029 0.0 0.0 0.0 0.35 0.35 0.0 0.0 
0.1592957256807448 0.0 0.0 0.30547344591113085 0.0 0.0 0.0 0.35 0.1852308284081243 0.0 0.0 
0.15438962824552974 0.0 0.0 0.24776456972282926 0.19501984620498763 0.10516770274188152 0.0 0.18850080580733988 0.10915744727743201 0.0 0.0 
0.17646251513468364 0.0 0.0 0.26751868496845826 0.0 0.0 0.0 0.3499884798478568 0.20603032004900118 0.0 0.0 
0.15068628491745195 0.0 0.0 0.2742916341604954 0.0 0.0 0.0 0.35 0.22502208092205267 0.0 0.0 
0.1958650397001992 0.0 0.0 0.28928026878683566 0.0 0.0 0.0 0.34787806212000516 0.16697662939295999 0.0 0.0 
0.15204412875439113 0.0 0.0 0.2968004509822415 0.11219116531269861 0.0 0.0 0.33301091119922654 0.10595334375144229 0.0 0.0 
0.18428407646182157 0.0 0.0 0.21715658330928783 0.2836672932443805 0.10226813718496819 0.0 0.11206118671197086 0.10056272308757094 0.0 0.0 
0.19175059845207362 0.0 0.0 0.2061281064067457 0.2296009339320083 0.10103283618690675 0.0 0.167109324535356 0.10437820048690949 0.0 0.0 
0.190732423895969 0.0 0.0 0.2523046589991904 0.0 0.0 0.0 0.35 0.20696291710484063 0.0 0.0 
0.1753617338693372 0.0 0.0 0.21455667048643612 0.27976885036272003 0.10088771240707882 0.0 0.12885496921042272 0.10057006366400519 0.0 0.0 
0.21428581554711915 0.0 0.0 0.1951342833498422 0.0 0.0 0.0 0.35 0.24057990110303884 0.0 0.0 
0.18641506729583704 0.0 0.0 0.23841210400794233 0.18765835611221507 0.10117130091512676 0.0 0.18138539247155144 0.10495777919732745 0.0 0.0 
0.19392458667320503 0.0 0.0 0.2082865890969928 0.23293283471286863 0.1020186344901481 0.0 0.1521189005733123 0.11071845445347317 0.0 0.0 
0.18337103886118075 0.0 0.0 0.18262669514651567 0.0 0.0 0.0 0.3417806975116844 0.29222156848061925 0.0 0.0 
0.18136698219834402 0.0 0.0 0.2329243554212864 0.18382655504654502 0.10041412648579985 0.0 0.19774397349488312 0.10372400735314162 0.0 0.0 
0.1977323283864942 0.0 0.0 0.18890256378684356 0.0 0.0 0.0 0.35 0.26336510782666234 0.0 0.0 
0.13850672746627662 0.0 0.0 0.29829967604199803 0.13526141665580305 0.0 0.0 0.31173023701159736 0.11620194282432493 0.0 0.0 
0.17740424354909062 0.0 0.0 0.3211775904005667 0.0 0.0 0.0 0.34028608752529566 0.161132078525047 0.0 0.0 
0.17759940261880536 0.0 0.0 0.21377145900249064 0.24946441188887544 0.11106526592063595 0.0 0.14466447568812346 0.10343498488106911 0.0 0.0 
0.15204582710488443 0.0 0.0 0.33597482450125904 0.0 0.0 0.0 0.35 0.16197934839385664 0.0 0.0 
0.14225500039484362 0.0 0.0 0.28874978951944436 0.13665478206070203 0.0 0.0 0.31494145672710727 0.11739897129790271 0.0 0.0 
0.18565957331311467 0.0 0.0 0.22652814996032503 0.20677867407979594 0.10091161106850054 0.0 0.1737372826297914 0.10638470894847254 0.0 0.0 
0.18644846615117286 0.0 0.0 0.18547876449119508 0.0 0.0 0.0 0.35 0.2780727693576322 0.0 0.0 
0.18995110337867221 0.0 0.0 0.2666167911501098 0.0 0.0 0.0 0.35 0.19343210547121806 0.0 0.0 
0.1785171276529639 0.0 0.0 0.22049230188176364 0.2567068550578862 0.10121589183135038 0.0 0.1407541466376315 0.10231367693840446 0.0 0.0 
0.18523613779356768 0.0 0.0 0.13757288247804755 0.0 0.0 0.0 0.35 0.3271909797283848 0.0 0.0 
0.20423534253505188 0.0 0.0 0.20657011001288458 0.0 0.0 0.0 0.35 0.23919454745206348 0.0 0.0 
0.18809454425552632 0.0 0.0 0.27780373875226433 0.0 0.0 0.0 0.3446274888456796 0.18947422814652976 0.0 0.0 
0.19163501501189123 0.0 0.0 0.13792287526279814 0.0 0.0 0.0 0.3473664626988978 0.32307564702641295 0.0 0.0 
0.1880152656048515 0.0 0.0 0.14646844343059487 0.0 0.0 0.0 0.35 0.31551629096455364 0.0 0.0 
0.15217635147359093 0.0 0.0 0.27347656448195506 0.107000237788029 0.0 0.0 0.33576388229813625 0.13158296395828878 0.0 0.0 
0.18648111611249352 0.0 0.0 0.22449654479772244 0.20612944011027687 0.10140402062788721 0.0 0.1745850532468981 0.10690382510472177 0.0 0.0 
0.15292205457744942 0.0 0.0 0.24596077916231113 0.0 0.0 0.0 0.3497000056537341 0.25141716060650543 0.0 0.0 
0.20081923419256284 0.0 0.0 0.2220695933924374 0.0 0.0 0.0 0.35 0.22711117241499987 0.0 0.0 
0.17650316639145713 0.0 0.0 0.13819143223869818 0.0 0.0 0.0 0.35 0.33530540136984466 0.0 0.0 
0.2152424832109321 0.0 0.0 0.13557261139085627 0.0 0.0 0.0 0.34797701374050355 0.30120789165770817 0.0 0.0 
0.18990120445007252 0.0 0.0 0.2225241569079342 0.17539551793383146 0.10377667011771483 0.0 0.1942301287439221 0.11417232184652495 0.0 0.0 
0.18246848025359266 0.0 0.0 0.33034602577409816 0.0 0.0 0.0 0.35 0.13718549397230917 0.0 0.0 
0.19105066454944233 0.0 0.0 0.22936541510804345 0.1594595314010125 0.10019940697031067 0.0 0.21171418041236287 0.10821080155882809 0.0 0.0 
0.1444650139966722 0.0 0.0 0.25669684142351656 0.10250895849817628 0.0 0.0 0.34893276026296766 0.14739642581866738 0.0 0.0 
0.14800280158780274 0.0 0.0 0.29680238455028934 0.1093823328632864 0.0 0.0 0.3281297632853521 0.11768271771326944 0.0 0.0 
0.21469917918954315 0.0 0.0 0.11204727388952704 0.0 0.0 0.0 0.3496635350237231 0.3235900118972067 0.0 0.0 
0.13802892448571233 0.0 0.0 0.26050867452464177 0.17758840108944426 0.0 0.0 0.30007437878606286 0.12379962111413874 0.0 0.0 
0.18525482202724744 0.0 0.0 0.2444235296772241 0.0 0.0 0.0 0.3325130792021645 0.23780856909336395 0.0 0.0 
0.1479049067538389 0.0 0.0 0.27076685857236915 0.10790826431031372 0.0 0.0 0.3401270993481637 0.13329287101531456 0.0 0.0 
0.18210465379770102 0.0 0.0 0.18070847069667673 0.0 0.0 0.0 0.3469834284898143 0.2902034470158081 0.0 0.0 
0.17795960990148385 0.0 0.0 0.3456502627595341 0.0 0.0 0.0 0.3447827663667651 0.131607360972217 0.0 0.0 
0.18396292779926424 0.0 0.0 0.13655140860734633 0.0 0.0 0.0 0.3475942950262609 0.3318913685671286 0.0 0.0 
0.20173872787103392 0.0 0.0 0.2235472239776141 0.17255715058510618 0.10205514481333187 0.0 0.1911212017755845 0.1089805509773294 0.0 0.0 
0.17632554243948126 0.0 0.0 0.33771452059515994 0.0 0.0 0.0 0.34688749773396604 0.13907243923139273 0.0 0.0 
0.19385639082266126 0.0 0.0 0.21697830292095174 0.26021673472931733 0.10816096533571536 0.0 0.1168062893757894 0.10398131681556474 0.0 0.0 
0.19169447679113458 0.0 0.0 0.22551091023402067 0.21546269707711632 0.10150302671842026 0.0 0.15764040392547674 0.10818848525383132 0.0 0.0 
0.19745747090007343 0.0 0.0 0.19556640232919414 0.0 0.0 0.0 0.3476444605865695 0.25933166618416287 0.0 0.0 
0.3179665975076233 0.0 0.0 0.0 0.0 0.0 0.0 0.35 0.3320334024923767 0.0 0.0 
0.17739515901105987 0.0 0.0 0.1736477347176002 0.0 0.0 0.0 0.3485205863463866 0.3004365199249533 0.0 0.0 
0.19105066454944233 0.0 0.0 0.22936541510804345 0.1594595314010125 0.10019940697031067 0.0 0.21171418041236287 0.10821080155882809 0.0 0.0 
0.14568979113332892 0.0 0.0 0.27076291231039396 0.10183607897062538 0.0 0.0 0.338924552090481 0.14278666549517083 0.0 0.0 
0.17335742849247118 0.0 0.0 0.2441646696918415 0.0 0.0 0.0 0.35 0.23247790181568728 0.0 0.0 
0.17217785827764845 0.0 0.0 0.15468851228914574 0.0 0.0 0.0 0.35 0.32313362943320584 0.0 0.0 
0.1699397010353326 0.0 0.0 0.13768681171993122 0.0 0.0 0.0 0.3487219382655839 0.3436515489791524 0.0 0.0 
0.17703212556719572 0.0 0.0 0.17274145171277638 0.0 0.0 0.0 0.3474898302380324 0.30273659248199547 0.0 0.0 
0.17413623621610896 0.0 0.0 0.16660671176973418 0.0 0.0 0.0 0.3468007193784908 0.3124563326356662 0.0 0.0 
0.15210721421818627 0.0 0.0 0.284479102113152 0.14386935077278493 0.0 0.0 0.29878408973625925 0.12076024315961752 0.0 0.0 
0.1607053247355719 0.0 0.0 0.31997789937701804 0.0 0.0 0.0 0.35 0.16931677588741012 0.0 0.0 
0.1934290830276437 0.0 0.0 0.139089177007388 0.0 0.0 0.0 0.34545469089745345 0.322027049067515 0.0 0.0 
0.31117064235742214 0.0 0.0 0.0 0.0 0.0 0.0 0.3497928921551851 0.3390364654873928 0.0 0.0 
0.18282594659248977 0.0 0.0 0.2700223534145554 0.0 0.0 0.0 0.35 0.19715169999295476 0.0 0.0 
0.17413623621610896 0.0 0.0 0.16660671176973418 0.0 0.0 0.0 0.3468007193784908 0.3124563326356662 0.0 0.0 
0.17921368092319345 0.0 0.0 0.1663673444403974 0.0 0.0 0.0 0.35 0.3044189746364092 0.0 0.0 
0.21261907230191557 0.0 0.0 0.19201370787641323 0.0 0.0 0.0 0.35 0.24536721982167126 0.0 0.0 
0.21345820169637705 0.0 0.0 0.1354515583632876 0.0 0.0 0.0 0.35 0.3010902399403354 0.0 0.0 
0.17825366292618364 0.0 0.0 0.21455897392885484 0.25038341645981244 0.11158473781624904 0.0 0.14140317875905167 0.10381603010984845 0.0 0.0 
0.3414725137477208 0.0 0.0 0.0 0.0 0.0 0.0 0.35 0.3085274862522793 0.0 0.0 
0.17781454524499274 0.0 0.0 0.22457514039934268 0.0 0.0 0.0 0.35 0.2476103143556646 0.0 0.0 
0.15132849652801694 0.0 0.0 0.2846573268450595 0.14420700130888553 0.0 0.0 0.29897127647122823 0.12083589884680977 0.0 0.0 
0.18801501428947018 0.0 0.0 0.27806209711625496 0.0 0.0 0.0 0.3445121003723724 0.18941078822190238 0.0 0.0 
0.13618987987060785 0.0 0.0 0.25049647047811485 0.10137098120375661 0.0 0.0 0.35 0.16194266844752075 0.0 0.0 
