6.688769115180885E-4 4.2337479620884944E-5 
-0.010175001222557293 0.006884285364872157 
-0.0014008781044768338 4.617006081190694E-5 
3.8842671444807366E-4 4.432456445343789E-5 
-0.009327560476715735 0.003372122566155306 
-0.006563582925604633 2.737545480778223E-4 
-0.009391798707630834 0.0035455490637708747 
-0.0058441455964476086 2.260777445744489E-4 
-0.0026634582274407087 8.296592040630052E-5 
-0.0055149189919542745 1.9789271401453423E-4 
-0.0068585886546187694 3.0142462283896444E-4 
-0.009657409213830934 0.004315506944235026 
-0.008633349350835528 0.0013755200069216003 
-0.004657932269380605 1.4666284298699018E-4 
-0.007918387429914821 6.624556307837242E-4 
-0.009446161661089683 0.003696206343123766 
-0.009722382398027158 0.0045168166245727805 
-0.010146156571224503 0.006783744156869009 
-0.010042892250802953 0.006095022320013031 
-0.009163078619502125 0.002625674445253187 
-0.010127551382403146 0.006593691151710256 
-0.0037249405651512833 1.0136468194549789E-4 
-0.004952094679109624 1.6370876104824549E-4 
-0.009487838028103178 0.003814120790431451 
-0.010079245426415924 0.006329959502887429 
-0.009795462172674515 0.004752328601348896 
-0.009309733477837232 0.0031568183157855683 
-0.009113335009831056 0.00246486176460426 
-0.007815396700275468 5.365349899467984E-4 
-0.003010873021262537 8.483298417978657E-5 
-0.009799673217638784 0.004933720369996645 
-0.010016543789584925 0.005941435673882629 
-0.00824335046608082 7.217209752370982E-4 
-0.009004178470107314 0.002103633605855006 
-0.00924500599274157 0.00290284124170516 
-0.0034319481701836083 1.0129825504779359E-4 
-0.00408369899469668 1.17525756316744E-4 
-0.008081936336490137 6.987273637587344E-4 
-0.00831482837642327 8.211191257678537E-4 
-0.009954744786956179 0.005634527722839353 
-0.009896846833705283 0.005303669744958486 
-0.004300561037015149 1.2702039237040465E-4 
-0.010089788816863053 0.00651160874651199 
-0.006999848647557384 3.60330339124447E-4 
-0.006063898992423043 2.3820683421133185E-4 
-0.006301137738728557 2.541523729286666E-4 
-0.009037564299809887 0.002273561102608932 
-0.0016649876770290816 5.162388426417714E-5 
-0.004457768496574277 1.3823388224047802E-4 
-0.009921681013986489 0.005455311131921064 
-0.0039014760397011574 1.1199771021777017E-4 
-0.00985917092707872 0.005085960130566151 
-0.00988531826066556 0.005214830462425125 
-0.008375816046614975 9.89488747623223E-4 
-0.0024333401236604083 8.164520483739991E-5 
-0.005333039362635662 1.8577355422522658E-4 
-0.002097062964117691 6.78731602163875E-5 
-0.008802667482145388 0.001622578598603582 
-0.007431579614115992 4.7844862471568535E-4 
-0.002318001657251455 7.09089710141676E-5 
-0.009257834008105172 0.0030529918161750907 
-0.008534810115643342 0.0010948691000086713 
-0.008930855244769586 0.0019208528408986973 
-0.0033057589907747086 9.885028605553221E-5 
-0.00197701440867426 5.673525435747566E-5 
-0.008715935552488323 0.0015145987455525965 
-0.00834817366508635 9.194028115828572E-4 
-0.009987648286621314 0.0057977047597239945 
-0.008494667424408821 0.0010579671767260122 
-0.008899586348936105 0.0018367577394684874 
-0.00762363415464477 5.12811312140585E-4 
-0.0017774677733399806 5.4138310450518404E-5 
-0.009935801501540088 0.0055220713289557055 
-0.0031036875781467574 9.163200958694343E-5 
-0.009759173101599305 0.004663084090637427 
-0.00733605995812613 4.667647703186582E-4 
-0.008579760601166383 0.0012228701474928817 
-0.009499191544266828 0.003964867522087081 
-0.009810781910060571 0.005019546802435232 
-0.009191211524128162 0.0027243665353683796 
-0.010089321172787094 0.0063629008216628605 
-0.008869786827991787 0.0017537727519977594 
-0.00861886808125292 0.001234043504006001 
-0.009984342098852518 0.005755183073952992 
-0.00906720878210777 0.002395438117205542 
6.522145027258494E-4 4.3673248132214496E-5 
-0.008843645585597847 0.0016844219012055776 
-0.010033339767027798 0.006039230636732919 
-0.009744195916885526 0.004585545159365392 
-0.00962828610907105 0.004226927347263907 
-0.006213784784014784 2.4432909321125723E-4 
-0.007199027464439419 4.287888497095074E-4 
-0.00874244786680961 0.001520435860279859 
-0.005100963913113966 1.7250824813762206E-4 
-0.005176678863982673 1.8195700273397234E-4 
-0.007127569957998763 3.8514288384585587E-4 
-0.008962331848403948 0.002015051971836464 
-0.009612156275222578 0.004178308082516789 
-0.007685505729409957 5.21465785195397E-4 
-0.00904140440237019 0.0023297108782442087 
