-0.014879963159037292 6.763246056511912E-4 
-0.0071895819082105385 4.087686614314895E-5 
-0.014879963159037292 6.763246056511912E-4 
-0.01457355278150033 6.562519679254224E-4 
-0.014568759256696498 5.322842623669027E-4 
-0.013535289608551623 3.5524315805123626E-4 
-0.013665908222399662 3.767015889024275E-4 
-0.011632303441290192 1.9047606739692406E-4 
-0.012008072203454479 2.1610187050982203E-4 
-0.01216182774919198 2.2801697456133042E-4 
-0.010352309498642333 1.1974035842560573E-4 
-0.007435016214890507 4.1401374055399535E-5 
-0.011456671331047812 1.8432235738879293E-4 
-0.013812125377836068 3.857686747774214E-4 
-0.014080708007166457 4.5872874023493134E-4 
-0.010539161758895535 1.2860259311925265E-4 
-0.011772228480917434 2.0032110357747184E-4 
-0.013946693068206407 4.2991810472547205E-4 
-0.009964980104610674 1.04954643278704E-4 
-0.009611804605601692 9.144243532297341E-5 
-0.009860307001450293 9.999576729017792E-5 
-0.013902166336710889 4.208335356549002E-4 
-0.013823611102549394 4.0539959429659834E-4 
-0.00810443452790438 4.887209433235609E-5 
-0.00797183230109963 4.6934777538574685E-5 
-0.008588174342555707 5.846170748924669E-5 
-0.014662558888820029 6.618780588784655E-4 
-0.008242024559224459 5.163272787022488E-5 
-0.01087987940364243 1.452778458937643E-4 
-0.013107326410313674 2.9997145374869043E-4 
-0.014007612428584752 4.4274135397879763E-4 
-0.009221553211008962 7.780462768957291E-5 
-0.008469189750986036 5.5877386175100226E-5 
-0.010967690782118967 1.5082451919191055E-4 
-0.008705788690334186 6.237239808616494E-5 
-0.013022425186548049 2.92454079400626E-4 
-0.010271425211772723 1.1652052955468023E-4 
-0.009345576682174426 8.050739218130805E-5 
-0.014237778853219198 4.883068661215908E-4 
-0.01009031254333094 1.091512636886915E-4 
-0.012625942761924493 2.599426020337966E-4 
-0.012744386129901454 2.6879242824840057E-4 
-0.008357126974387969 5.371911127666878E-5 
-0.011247212840499466 1.6937846959262594E-4 
-0.014149998558121124 4.744892955454317E-4 
-0.008809303784627682 6.38255879423288E-5 
-0.014360787265149205 4.907793773028839E-4 
-0.009498723344730864 8.736905165045497E-5 
-0.010141836252355051 1.1354228462671795E-4 
-0.014528150794299614 5.207335395716231E-4 
-0.01384861521173261 4.102300496212747E-4 
-0.01315968858244867 3.05481539571218E-4 
-0.01104637963859038 1.5530390724686425E-4 
-0.011383392228116821 1.774963790724363E-4 
-0.014110522288947948 4.6543795844177654E-4 
-0.01370458338064813 3.834570307770092E-4 
-0.01418274763172462 4.821433249699756E-4 
-0.014423996125464163 5.032345614686577E-4 
-0.007577136133508977 4.2764490314792313E-5 
-0.011877040633341177 2.1025481699280132E-4 
-0.013405382678969747 3.463219472874509E-4 
-0.012245247714119523 2.3343203591953704E-4 
-0.011164295959249292 1.636810291846781E-4 
-0.01344407021774786 3.516593098566744E-4 
-0.00939500151588979 8.68298305216261E-5 
-0.014786742194166104 6.70007648560113E-4 
-0.009108640977106458 7.6196167836307E-5 
-0.011322634809965365 1.736072078544148E-4 
-0.012872529239474309 2.860221299845675E-4 
-0.013302269412643772 3.2440787896498275E-4 
-0.012436570144947846 2.463864271236314E-4 
-0.01294877940475895 2.8946098949862557E-4 
-0.013240557826452311 3.1297795351201444E-4 
-0.007642177759239535 4.48113305797679E-5 
-0.009064697909837986 7.133947911681804E-5 
-0.008919644397847797 6.73565920966049E-5 
-0.014750025781967156 6.675700713511699E-4 
-0.012846523840226743 2.766532511647603E-4 
-0.011085861784508887 1.6286656151728862E-4 
-0.007821233078916051 4.5988938589351376E-5 
-0.014000384231462179 4.411960371572969E-4 
-0.01441032434085028 4.966854694650745E-4 
-0.014488723367201018 5.111189922865663E-4 
-0.010650953486472391 1.3448473935476213E-4 
-0.012527895850441808 2.5435824213855974E-4 
-0.010759495707218014 1.424766686456394E-4 
-0.013353665142670036 3.3514015063571966E-4 
-0.007774644618605614 4.5157802931014436E-5 
-0.008979831510666662 6.827435968044174E-5 
-0.013366175580836507 3.379193592980737E-4 
-0.010574285246986906 1.316713961816432E-4 
-0.013311322976045377 3.262184215543512E-4 
-0.011790916211100153 2.0627403409548598E-4 
-0.014566031164318927 5.314558749859179E-4 
-0.009727327987806664 9.657136262001672E-5 
-0.009727327987806667 9.657136262001677E-5 
-0.013231925605587799 3.115058390851965E-4 
-0.012551004631869731 2.544908949700038E-4 
-0.014502725057854363 5.14352831877417E-4 
-0.012275319610015954 2.3855836198978652E-4 
