0.0 0.30000000000000027 0.0 0.0 0.0 0.0 0.0 0.35 0.35 0.0 0.0 
0.2100209068534852 0.0 0.1854910038392676 0.2709455927390289 0.0 0.11117586335344241 0.0 0.22236663321477604 0.0 0.0 0.0 
0.0 0.32274833321969687 0.0 0.0 0.0 0.0 0.0 0.32725166678030304 0.35 0.0 0.0 
0.10016702886929282 0.1998329711307073 0.0 0.0 0.0 0.0 0.0 0.35 0.35 0.0 0.0 
0.12463716320578723 0.0 0.0 0.1971496996715287 0.0 0.0 0.0 0.35 0.328213137122684 0.0 0.0 
0.10852878278758941 0.10296787009884317 0.0 0.11690023027359366 0.0 0.0 0.0 0.3305688795575367 0.34103423728243704 0.0 0.0 
0.12092923825672819 0.1790707617432719 0.0 0.0 0.0 0.0 0.0 0.35 0.35 0.0 0.0 
0.10561370214426485 0.0 0.0 0.24828954275431966 0.0 0.0 0.0 0.33820431422948216 0.3078924408719333 0.0 0.0 
0.1200491872646172 0.0 0.0 0.21590225889519407 0.0 0.0 0.0 0.31404855384018865 0.35 0.0 0.0 
0.10458233539588953 0.0 0.0 0.21638412056284148 0.0 0.0 0.0 0.343409458149249 0.33562408589202003 0.0 0.0 
0.0 0.10406966798179489 0.0 0.19593033201820514 0.0 0.0 0.0 0.35 0.35 0.0 0.0 
0.11454421419045954 0.10551632568743498 0.12009205189722234 0.24218816797979753 0.0 0.0 0.0 0.22456098575883632 0.19309825448624926 0.0 0.0 
0.20599606157005002 0.0 0.18628880447161986 0.2681901932902687 0.0 0.10335982943647115 0.0 0.23616511123159029 0.0 0.0 0.0 
0.10078894643683833 0.10071222205075502 0.0 0.10150895945194356 0.0 0.0 0.0 0.35 0.34698987206046317 0.0 0.0 
0.10635509706677561 0.118165913786097 0.0 0.3186049965411698 0.0 0.0 0.0 0.16185547575913944 0.2950185168468181 0.0 0.0 
0.138236988745762 0.0 0.0 0.16176301125423806 0.0 0.0 0.0 0.35 0.35 0.0 0.0 
0.1052732904243148 0.10577770093846098 0.0 0.10284892825264073 0.0 0.0 0.0 0.34223227242548115 0.34386780795910227 0.0 0.0 
0.0 0.0 0.0 0.3110344405014839 0.0 0.0 0.0 0.35 0.33896555949851614 0.0 0.0 
0.10260150063616615 0.11035166901651662 0.0 0.2743634644337035 0.0 0.0 0.0 0.20812065319659453 0.30456271271701923 0.0 0.0 
0.14244385750614286 0.1058584772290107 0.10992699076578469 0.2659810699098432 0.0 0.0 0.0 0.1756365473907493 0.20015305719846915 0.0 0.0 
0.1255413506602369 0.11572017970918053 0.10121771536566848 0.2787845672744425 0.0 0.0 0.0 0.19012576597484465 0.18861042101562694 0.0 0.0 
0.10581377914576051 0.10268597645906517 0.0 0.3149270454008134 0.0 0.0 0.0 0.22325589870893187 0.2533173002854291 0.0 0.0 
0.22112956527412161 0.0 0.16628213045145598 0.24419228618629116 0.0 0.10531172059570916 0.0 0.26308429749242207 0.0 0.0 0.0 
0.14561553013701034 0.0 0.11162872112234767 0.2961546298366427 0.0 0.10228403726146562 0.0 0.22913552257549463 0.11518155906703909 0.0 0.0 
0.10122466881688745 0.0 0.0 0.2767250604212869 0.0 0.0 0.0 0.3194064569906634 0.3026438137711622 0.0 0.0 
0.10542817332511537 0.10418297336633384 0.0 0.27973875677988563 0.0 0.0 0.0 0.22962806033892058 0.28102203618974453 0.0 0.0 
0.11274635085855113 0.0 0.0 0.3063931734716484 0.0 0.0 0.0 0.32849370619732426 0.2523667694724762 0.0 0.0 
0.13773445038339407 0.10624700456234458 0.10613633636186616 0.25533236062016507 0.0 0.0 0.0 0.190466081011085 0.20408376706114537 0.0 0.0 
0.0 0.15005894804787784 0.0 0.14994105195212226 0.0 0.0 0.0 0.35 0.35 0.0 0.0 
0.14967491269691147 0.0 0.11450944843508556 0.289785881187552 0.0 0.11074286119353022 0.0 0.22489636408097435 0.11039053240594633 0.0 0.0 
0.10584165666911587 0.11664637138899696 0.0 0.3012786579955825 0.0 0.0 0.0 0.16849855404802436 0.3077347598982804 0.0 0.0 
0.10071081603125454 0.10044711836851461 0.0 0.10344372613009506 0.0 0.0 0.0 0.3478171621419519 0.34758117732818383 0.0 0.0 
0.19821465833200885 0.0 0.16647585300834689 0.2569745362239483 0.0 0.11640421861381411 0.0 0.26193073382188203 0.0 0.0 0.0 
0.1376613799434033 0.1826402142724493 0.0 0.0 0.0 0.0 0.0 0.3296984057841474 0.35 0.0 0.0 
0.1623492141569632 0.14489952362671316 0.0 0.0 0.0 0.0 0.0 0.3427512622163237 0.35 0.0 0.0 
0.10336055045259573 0.19663944954740425 0.0 0.0 0.0 0.0 0.0 0.35 0.35 0.0 0.0 
0.21477253784024672 0.0 0.15878766383033913 0.2746476790091056 0.0 0.10056523838096906 0.0 0.2512268809393394 0.0 0.0 0.0 
0.127129818406808 0.0 0.0 0.17287018159319212 0.0 0.0 0.0 0.35 0.35 0.0 0.0 
0.0 0.18129594588680709 0.0 0.11970346780107781 0.0 0.0 0.0 0.34900058631211506 0.35 0.0 0.0 
0.0 0.18937348694924935 0.0 0.11062651305075064 0.0 0.0 0.0 0.35 0.35 0.0 0.0 
0.10577995119227113 0.11933181369527991 0.0 0.3198685342296715 0.0 0.0 0.0 0.22440872024015487 0.2306109806426226 0.0 0.0 
0.12978615352363482 0.11629653110440057 0.10251302823308792 0.2927064383857229 0.0 0.0 0.0 0.18507924220506436 0.17361860654808955 0.0 0.0 
0.0 0.31883124725473333 0.0 0.0 0.0 0.0 0.0 0.33457566413108464 0.3465930886141819 0.0 0.0 
0.10078086899564402 0.0 0.0 0.25410935123665 0.0 0.0 0.0 0.3279314432028957 0.3171783365648103 0.0 0.0 
0.0 0.18502899290319003 0.0 0.11497100709681 0.0 0.0 0.0 0.35 0.35 0.0 0.0 
0.10292088367857742 0.10026156938802328 0.0 0.22025778447288116 0.0 0.0 0.0 0.2843056549781412 0.29225410748237707 0.0 0.0 
0.1189149686303061 0.10553340713202579 0.10076196941572885 0.2675936565854874 0.0 0.0 0.0 0.2008019874350436 0.20639401080140823 0.0 0.0 
0.0 0.0 0.0 0.33474858047744305 0.0 0.0 0.0 0.3152514195225571 0.35 0.0 0.0 
0.15007149054050078 0.11152702364452748 0.11581339935378925 0.28022391639601546 0.0 0.0 0.0 0.18504159408334167 0.15732257598182545 0.0 0.0 
0.10287648699009252 0.0 0.0 0.26113620611974164 0.0 0.0 0.0 0.32898404357794603 0.3070032633122198 0.0 0.0 
0.10256831055593349 0.0 0.0 0.30559477797527873 0.0 0.0 0.0 0.33369506273572136 0.25814184873306656 0.0 0.0 
0.0 0.0 0.0 0.3045557621958004 0.0 0.0 0.0 0.35 0.3454442378041997 0.0 0.0 
0.11255863073085348 0.10816562595028562 0.0 0.2610641155774967 0.0 0.0 0.0 0.22056382665349672 0.29764780108786726 0.0 0.0 
0.10512748859744885 0.0 0.0 0.20055781104188783 0.0 0.0 0.0 0.349226948621794 0.3450877517388694 0.0 0.0 
0.14251017804958127 0.15748982195041872 0.0 0.0 0.0 0.0 0.0 0.35 0.35 0.0 0.0 
0.10149437878937424 0.11502586408393024 0.0 0.29777503333427563 0.0 0.0 0.0 0.1790568064416297 0.3066479173507903 0.0 0.0 
0.10114017868370083 0.10971149939485407 0.0 0.30751957994747203 0.0 0.0 0.0 0.17765895038918064 0.3039697915847925 0.0 0.0 
0.0 0.31019492817874134 0.0 0.0 0.0 0.0 0.0 0.34037679661092346 0.34942827521033526 0.0 0.0 
0.0 0.3049699257998853 0.0 0.0 0.0 0.0 0.0 0.3450300742001148 0.35 0.0 0.0 
0.11786654661265704 0.10772917280052545 0.11364425942040261 0.2581259630111613 0.0 0.0 0.0 0.22795779849820658 0.174676259657047 0.0 0.0 
0.13770423880369365 0.10865954285145375 0.1145885730226575 0.25870633893091355 0.0 0.0 0.0 0.2028875947965399 0.17745371159474166 0.0 0.0 
0.10572936070773473 0.11176440108076277 0.0 0.30225767763601774 0.0 0.0 0.0 0.22326632079172049 0.25698223978376417 0.0 0.0 
0.1478248893590505 0.0 0.11353319630780077 0.3035776612199766 0.0 0.10393857961290537 0.0 0.21451637381213295 0.11660929968813372 0.0 0.0 
0.10399520283359899 0.11212020087931511 0.0 0.272017065482791 0.0 0.0 0.0 0.2542317717683929 0.2576357590359021 0.0 0.0 
0.10811959934054578 0.11563061931220801 0.0 0.32112826770685365 0.0 0.0 0.0 0.18260235257887028 0.27251916106152235 0.0 0.0 
0.13168379265688507 0.10097323114482616 0.0 0.2820523972989676 0.0 0.0 0.0 0.21478236178163318 0.27050821711768813 0.0 0.0 
0.10747065434804456 0.10739560776756972 0.0 0.21207375992479252 0.0 0.0 0.0 0.2629895383063575 0.3100704396532358 0.0 0.0 
0.1189149686303061 0.10553340713202579 0.10076196941572885 0.2675936565854874 0.0 0.0 0.0 0.2008019874350436 0.20639401080140823 0.0 0.0 
0.10641181146969422 0.10245211060528392 0.0 0.25952107743597763 0.0 0.0 0.0 0.22430644006175032 0.3073085604272938 0.0 0.0 
0.11765200003349326 0.11467785609319162 0.1010861991131781 0.3108817493289371 0.0 0.0 0.0 0.18250321399849742 0.17319898143270251 0.0 0.0 
0.1142047692598639 0.10874069366619228 0.0 0.20813518517997082 0.0 0.0 0.0 0.22958470144835974 0.3393346504456131 0.0 0.0 
0.11408299588162689 0.0 0.0 0.3219989990705536 0.0 0.0 0.0 0.29026513429767803 0.27365287075014133 0.0 0.0 
0.10268946250829031 0.1107805475090038 0.0 0.25710400186399435 0.0 0.0 0.0 0.2511701353546999 0.2782558527640117 0.0 0.0 
0.11786654661265704 0.10772917280052545 0.11364425942040261 0.2581259630111613 0.0 0.0 0.0 0.22795779849820658 0.174676259657047 0.0 0.0 
0.0 0.16839057258382323 0.0 0.1316094274161768 0.0 0.0 0.0 0.35 0.34999999999999987 0.0 0.0 
0.0 0.10749657858338148 0.0 0.3139190649089821 0.0 0.0 0.0 0.24820363215240046 0.3303807243552361 0.0 0.0 
0.1218858458540632 0.0 0.0 0.3097550094133043 0.0 0.0 0.0 0.32845562918654453 0.23990351554608813 0.0 0.0 
0.0 0.16453807199157372 0.0 0.13546192800842632 0.0 0.0 0.0 0.35 0.35 0.0 0.0 
0.10653187480843031 0.10270062402465958 0.0 0.2592451200965273 0.0 0.0 0.0 0.21784905903364837 0.31367332203673437 0.0 0.0 
0.16860892042931927 0.13139107957068075 0.0 0.0 0.0 0.0 0.0 0.35 0.35 0.0 0.0 
0.0 0.3203618131503295 0.0 0.0 0.0 0.0 0.0 0.32963818684967056 0.35 0.0 0.0 
0.0 0.16006876040193835 0.0 0.13993123959806164 0.0 0.0 0.0 0.35 0.35 0.0 0.0 
0.10669658984652365 0.10306462620919385 0.0 0.2129846734277036 0.0 0.0 0.0 0.2775397723436082 0.2997143381729706 0.0 0.0 
0.14576642771556084 0.0 0.11079809971542635 0.272256526999948 0.0 0.10923182351710249 0.0 0.21913160434497764 0.14281551770698472 0.0 0.0 
0.11797477597037663 0.10427608717731299 0.0 0.10138889116908438 0.0 0.0 0.0 0.3373739640559126 0.3389862816273134 0.0 0.0 
0.10321659823247217 0.11085682289234652 0.0 0.26880062408202343 0.0 0.0 0.0 0.26049037917447254 0.2566355756186854 0.0 0.0 
0.11012221897146847 0.11020171610974604 0.0 0.323327510345313 0.0 0.0 0.0 0.18312429260830312 0.2732242619651693 0.0 0.0 
0.10958607500987044 0.0 0.0 0.2733073398531785 0.0 0.0 0.0 0.3274700585038 0.2896365266331511 0.0 0.0 
0.11282475845434398 0.10172537226356293 0.0 0.2431256753026312 0.0 0.0 0.0 0.22121893856507868 0.32110525541438323 0.0 0.0 
0.2204762329899901 0.0 0.19292865259840222 0.23429057723416705 0.0 0.10418670352208415 0.0 0.24811783365535653 0.0 0.0 0.0 
0.11268079638444621 0.10738619977719549 0.0 0.22212882910401482 0.0 0.0 0.0 0.2593096081470683 0.29849456658727513 0.0 0.0 
0.11652199603947594 0.0 0.0 0.18347800396052413 0.0 0.0 0.0 0.35 0.35 0.0 0.0 
0.10989788162028673 0.0 0.0 0.19544481822973098 0.0 0.0 0.0 0.35 0.34465730014998225 0.0 0.0 
0.14782488935905053 0.0 0.11353319630780079 0.30357766121997665 0.0 0.10393857961290538 0.0 0.21451637381213298 0.11660929968813373 0.0 0.0 
0.1040005223912131 0.0 0.0 0.22608324101862776 0.0 0.0 0.0 0.35 0.31991623659015916 0.0 0.0 
0.11610866724587983 0.11646970712017776 0.0 0.24091108444584602 0.0 0.0 0.0 0.25646823129666363 0.2700423098914328 0.0 0.0 
0.12138031343513286 0.11947207563943284 0.0 0.20164442236421204 0.0 0.0 0.0 0.20750318856122227 0.35 0.0 0.0 
0.1067701548139658 0.0 0.0 0.3181138655585713 0.0 0.0 0.0 0.3063990142820838 0.2687169653453791 0.0 0.0 
0.0 0.17396650805516117 0.0 0.12603349194483882 0.0 0.0 0.0 0.35 0.35 0.0 0.0 
0.14576642771556084 0.0 0.11079809971542635 0.272256526999948 0.0 0.10923182351710249 0.0 0.21913160434497764 0.14281551770698472 0.0 0.0 
