0.0 0.29999999999999993 0.0 0.0 0.0 0.0 0.0 0.35 0.35 0.0 0.0 
0.0 0.2027972197669163 0.0 0.0 0.23677432972689194 0.19308549802159927 0.0 0.0 0.18199361450971807 0.1853493379748743 0.0 
0.0 0.29999999999999993 0.0 0.0 0.0 0.0 0.0 0.35 0.35 0.0 0.0 
0.0 0.32794264608085205 0.0 0.0 0.0 0.0 0.0 0.322057353919148 0.35 0.0 0.0 
0.10004689190198515 0.1999531080980149 0.0 0.0 0.0 0.0 0.0 0.35 0.35 0.0 0.0 
0.10815168853329227 0.17189828652940392 0.0 0.0 0.13924441056104717 0.14714592556514547 0.0 0.10108035930763004 0.17132733735471334 0.16115199214876777 0.0 
0.0 0.20237534313128508 0.0 0.0 0.22455393416623554 0.19490225030457808 0.0 0.0 0.22235851802967332 0.15580995436822803 0.0 
0.11119406221830633 0.17272088224556845 0.0 0.0 0.10933898026587369 0.14659698118978803 0.0 0.13413854793769062 0.19507222887205053 0.13093831727072236 0.0 
0.13414313331819902 0.12912762570477443 0.0 0.11055998552789904 0.12176884029545104 0.10234105298117346 0.0 0.1351168617171822 0.26694250045532075 0.0 0.0 
0.10951962499008003 0.17408006328180034 0.0 0.0 0.13266659516950963 0.14163466758905507 0.0 0.10277757814849842 0.17975786858703807 0.15956360223401847 0.0 
0.11495576602815097 0.18161907965106797 0.0 0.0 0.13206363022859496 0.13979245577688307 0.0 0.117747410300671 0.17120369514515368 0.14261796286947842 0.0 
0.11302380315756087 0.17556307060530668 0.0 0.0 0.11113819512013483 0.1490092907385431 0.0 0.12046246096922096 0.19771022190999815 0.13309295749923536 0.0 
0.2483971007693179 0.11566685686006682 0.0 0.14400381949577382 0.0 0.0 0.0 0.25020411652415553 0.24172810635068598 0.0 0.0 
0.19845952171024805 0.13859698893883685 0.0 0.0 0.0 0.0 0.0 0.34954449635014484 0.3133989930007702 0.0 0.0 
0.24596009226823137 0.1141081724000035 0.0 0.14206628361616258 0.0 0.0 0.0 0.2572841659982724 0.24058128571733003 0.0 0.0 
0.12510790120872783 0.14250978243791154 0.0 0.10510840526690722 0.10193013640739039 0.10289911038434683 0.0 0.19252037780728348 0.2299242864874327 0.0 0.0 
0.1836726337115599 0.1251179949253105 0.0 0.12515216967847811 0.0 0.10224223536983341 0.0 0.1965989934352964 0.2672159728795216 0.0 0.0 
0.10843312623136019 0.14274380377529128 0.0 0.11949966833002493 0.10209752019279296 0.1030680853628738 0.0 0.17147211158497544 0.25268568452268136 0.0 0.0 
0.23046092152236622 0.12757108463201128 0.0 0.1284778871367793 0.0 0.0 0.0 0.25940030120073504 0.25408980550810834 0.0 0.0 
0.16983904268937552 0.10384791053620403 0.0 0.10665661277669344 0.0 0.0 0.0 0.35 0.26965643399772704 0.0 0.0 
0.20769203761736474 0.12069247035473658 0.0 0.12097285471633049 0.0 0.0 0.0 0.30423365537800073 0.2464089819335674 0.0 0.0 
0.18233878069273432 0.1547144137225053 0.0 0.0 0.0 0.0 0.0 0.35 0.3129468055847604 0.0 0.0 
0.19366254079598993 0.10900211086591606 0.0 0.10114668061866001 0.0 0.0 0.0 0.3348494800292882 0.2613391876901458 0.0 0.0 
0.21028007467255141 0.130617814884992 0.0 0.0 0.0 0.0 0.0 0.35 0.30910211044245656 0.0 0.0 
0.18427278124201496 0.12099697329678964 0.0 0.11143110909728114 0.0 0.10933624786508193 0.0 0.20356565904432133 0.27039722945451095 0.0 0.0 
0.2158747060655251 0.117336139502039 0.0 0.12608818838213467 0.0 0.0 0.0 0.2841628462740013 0.2565381197763 0.0 0.0 
0.1647707160269324 0.10986085323120486 0.0 0.10375809679508514 0.0 0.0 0.0 0.35 0.2716103339467776 0.0 0.0 
0.16734168876408667 0.10971377029813699 0.0 0.11900111530179242 0.0 0.0 0.0 0.3409958006952626 0.2629476249407213 0.0 0.0 
0.1950315885617174 0.11254827799465952 0.0 0.10618679923928745 0.0 0.0 0.0 0.33549590317643924 0.25073743102789636 0.0 0.0 
0.11996870136679524 0.1419263514527481 0.0 0.1025399104769217 0.11935550035328667 0.10118306331454754 0.0 0.13852528897988767 0.2765011840558131 0.0 0.0 
0.1882635636769715 0.1329733734203851 0.0 0.13549856766239637 0.0 0.10666164434085557 0.0 0.16713735161448215 0.26946549928490926 0.0 0.0 
0.20020480636066298 0.15790260128863834 0.0 0.0 0.0 0.0 0.0 0.35 0.29189259235069875 0.0 0.0 
0.18424033950368396 0.1264829552503364 0.0 0.0 0.0 0.0 0.0 0.35 0.33927670524597975 0.0 0.0 
0.13766133246112933 0.10913917239125458 0.0 0.10071626745213379 0.0 0.0 0.0 0.35 0.30248322769548236 0.0 0.0 
0.15922903143124553 0.18177978969453903 0.0 0.0 0.0 0.0 0.0 0.35 0.3089911788742153 0.0 0.0 
0.18131747664209774 0.1049596669087458 0.0 0.10351875058340824 0.0 0.0 0.0 0.35 0.26020410586574827 0.0 0.0 
0.17584924286452597 0.11835879953340839 0.0 0.11186955698084772 0.0 0.10490972410695085 0.0 0.2221817746615566 0.26683090185271063 0.0 0.0 
0.15517207266644542 0.14071340027416762 0.0 0.10868732300737746 0.0 0.10677400300096467 0.0 0.21987345614663792 0.268779744904407 0.0 0.0 
0.22056668463980197 0.11382632507217445 0.0 0.10774346560208145 0.0 0.0 0.0 0.3147876660714341 0.24307585861450803 0.0 0.0 
0.11436676440675468 0.1776491303026938 0.0 0.0 0.11245875136742031 0.15077983550558433 0.0 0.11001169927893364 0.20005943649291652 0.13467438264569678 0.0 
0.13284789979169762 0.10996067461088202 0.0 0.10129077613650794 0.0 0.0 0.0 0.35 0.30590064946091244 0.0 0.0 
0.1422878304873571 0.11172698260486248 0.0 0.11217361839641189 0.0 0.0 0.0 0.35 0.28381156851136863 0.0 0.0 
0.18630349006133126 0.11684462450514242 0.0 0.0 0.0 0.0 0.0 0.35 0.3468518854335263 0.0 0.0 
0.2204872640853397 0.1393443533445536 0.0 0.11245575380298667 0.0 0.0 0.0 0.2939740426059199 0.23373858616120025 0.0 0.0 
0.10674296918080133 0.19325703081919873 0.0 0.0 0.0 0.0 0.0 0.35 0.35 0.0 0.0 
0.2155435921075778 0.11301528269371527 0.0 0.10304765713081938 0.0 0.0 0.0 0.3116603473871491 0.2567331206807384 0.0 0.0 
0.22332805636767386 0.11753236496318949 0.0 0.12828103484206071 0.0 0.0 0.0 0.2846824296997576 0.2461761141273183 0.0 0.0 
0.19463270558635629 0.13157678037647724 0.0 0.13649548158210614 0.0 0.1082414066719296 0.0 0.1635887094366288 0.265464916346502 0.0 0.0 
0.12323314361208798 0.14037425546767468 0.0 0.11751597286049752 0.10040270052436431 0.10135715430470094 0.0 0.16862567313326343 0.24849110009741118 0.0 0.0 
0.16169821918150926 0.10107613384962703 0.0 0.1024803452251382 0.0 0.0 0.0 0.34479081880823376 0.28995448293549186 0.0 0.0 
0.10441206239310757 0.1712393041797269 0.0 0.0 0.1264235404632771 0.15213120768400337 0.0 0.11299001361505812 0.19753863688606277 0.13526523477876412 0.0 
0.0 0.20609713614563172 0.0 0.0 0.2401132503056284 0.19549182898690615 0.0 0.0 0.20834376122143444 0.1499540233403992 0.0 
0.1523976789220261 0.11635202314466869 0.0 0.10438383095756568 0.0 0.0 0.0 0.35 0.2768664669757396 0.0 0.0 
0.11092968336245222 0.18907031663754775 0.0 0.0 0.0 0.0 0.0 0.35 0.35 0.0 0.0 
0.21658570122309964 0.1060636345530303 0.0 0.1101131822169803 0.0 0.0 0.0 0.32559127571021407 0.24164620629667566 0.0 0.0 
0.12918242929512566 0.17081757070487424 0.0 0.0 0.0 0.0 0.0 0.35 0.35 0.0 0.0 
0.23914159152569658 0.13449830785182648 0.0 0.0 0.0 0.0 0.0 0.35 0.27636010062247685 0.0 0.0 
0.19518128567218618 0.1144716453477437 0.0 0.1005087890699059 0.0 0.0 0.0 0.35 0.2398382799101643 0.0 0.0 
0.14277412532115094 0.10860247639638915 0.0 0.1066666770794222 0.0 0.0 0.0 0.35 0.2919567212030377 0.0 0.0 
0.12002557267297023 0.13646636507124077 0.0 0.10071361165407132 0.1095743075065413 0.11111345765054505 0.0 0.15854993367456174 0.26355675177006965 0.0 0.0 
0.18647863650901664 0.12641513290957862 0.0 0.1044709823464447 0.0 0.0 0.0 0.3163556425023769 0.26627960573258325 0.0 0.0 
0.1564186362231356 0.1435813637768645 0.0 0.0 0.0 0.0 0.0 0.35 0.35 0.0 0.0 
0.2275626067384948 0.11411699004088537 0.0 0.1257004880210411 0.0 0.0 0.0 0.27569334165867254 0.25692657354090614 0.0 0.0 
0.22799492780282157 0.10481854467047208 0.0 0.10188451917189603 0.0 0.0 0.0 0.34068472568972935 0.22461728266508085 0.0 0.0 
0.19028626287893627 0.12527542035139444 0.0 0.13065831228831115 0.0 0.1031245779585801 0.0 0.17549548555811784 0.2751599409646602 0.0 0.0 
0.0 0.2056317015577068 0.0 0.0 0.23184916034435418 0.1900750658947148 0.0 0.0 0.19470626045050754 0.1777378117527167 0.0 
0.15032471100839875 0.14967528899160135 0.0 0.0 0.0 0.0 0.0 0.35 0.35 0.0 0.0 
0.0 0.3167027815598721 0.0 0.0 0.0 0.0 0.0 0.343301565439956 0.3399956530001718 0.0 0.0 
0.11850768500938769 0.13474056108278593 0.0 0.11366403744711054 0.1081885903972137 0.1097082758807792 0.0 0.15496713430872575 0.26022371587399706 0.0 0.0 
0.1828420034688781 0.10895835687347537 0.0 0.10195599945763334 0.0 0.0 0.0 0.3499717383507599 0.2562719018492534 0.0 0.0 
0.21589129821388756 0.12943064500009047 0.0 0.13450466595963398 0.0 0.0 0.0 0.2731838210912969 0.2469895697350911 0.0 0.0 
0.1877057357568818 0.1107180265679931 0.0 0.11677316697439842 0.0 0.10621336383361012 0.0 0.2146811128861996 0.26390859398091715 0.0 0.0 
0.2049362254109134 0.11978925521608787 0.0 0.10079171130779703 0.0 0.0 0.0 0.3372340621672371 0.2372487458979646 0.0 0.0 
0.2327511606338186 0.10282544736432543 0.0 0.1441659544587252 0.0 0.0 0.0 0.25829878588276356 0.2619586516603671 0.0 0.0 
0.13604281337170543 0.10516074684178836 0.0 0.11091385188867783 0.0 0.0 0.0 0.35 0.29788258789782845 0.0 0.0 
0.2181567918013541 0.11477079834728951 0.0 0.12084347213958173 0.0 0.0 0.0 0.2978941617964323 0.2483347759153423 0.0 0.0 
0.19729572058592124 0.12073071925070272 0.0 0.0 0.0 0.0 0.0 0.35 0.3319735601633761 0.0 0.0 
0.18860335482977506 0.12686732934673411 0.0 0.1266945379818381 0.0 0.10551112662822959 0.0 0.19182741166473483 0.26049623954868834 0.0 0.0 
0.23117915419879753 0.13912860693197668 0.0 0.0 0.0 0.0 0.0 0.35 0.2796922388692258 0.0 0.0 
0.18141713008990754 0.1320042502553129 0.0 0.13333837679858856 0.0 0.1049339697299297 0.0 0.17774404560680157 0.2705622275194597 0.0 0.0 
0.1396016954957644 0.10961778073951634 0.0 0.11005598486109039 0.0 0.0 0.0 0.34339263769897044 0.2973319012046584 0.0 0.0 
0.2359343416302743 0.12637465006313423 0.0 0.0 0.0 0.0 0.0 0.35 0.28769100830659156 0.0 0.0 
0.0 0.2078076801394805 0.0 0.0 0.23430257002432978 0.19208642537471235 0.0 0.0 0.19676662686905153 0.16903669759242576 0.0 
0.21589129821388756 0.12943064500009047 0.0 0.13450466595963398 0.0 0.0 0.0 0.2731838210912969 0.2469895697350911 0.0 0.0 
0.18283578115137974 0.1153446986182537 0.0 0.11404168298993514 0.0 0.10518057298986615 0.0 0.21950531779160873 0.2630919464589565 0.0 0.0 
0.19205177258222414 0.13068399042552623 0.0 0.0 0.0 0.0 0.0 0.35 0.3272642369922496 0.0 0.0 
0.0 0.20279721976691634 0.0 0.0 0.23677432972689197 0.1930854980215993 0.0 0.0 0.1819936145097181 0.18534933797487432 0.0 
0.2279484399941064 0.12209712302855424 0.0 0.0 0.0 0.0 0.0 0.35 0.29995443697733937 0.0 0.0 
0.10079540457670048 0.1992045954232995 0.0 0.0 0.0 0.0 0.0 0.35 0.35 0.0 0.0 
0.18737523874924233 0.12604121568928836 0.0 0.12586954947857637 0.0 0.10482407675361731 0.0 0.19057830170502568 0.26531161762425 0.0 0.0 
0.19321046834857075 0.12579732883196953 0.0 0.11252768734060226 0.0 0.0 0.0 0.3209823812723578 0.2474821342064997 0.0 0.0 
0.13545504865465954 0.1072824413670874 0.0 0.10932417294019944 0.0 0.0 0.0 0.3453579079037114 0.3025804291343422 0.0 0.0 
0.14293135277719712 0.15706864722280284 0.0 0.0 0.0 0.0 0.0 0.35 0.35 0.0 0.0 
0.12724758481770954 0.13144593654014994 0.0 0.1151843316543367 0.11040832776780822 0.10666160649367486 0.0 0.15481727722472682 0.25423493550159404 0.0 0.0 
0.16466476699460958 0.13533523300539044 0.0 0.0 0.0 0.0 0.0 0.35 0.35 0.0 0.0 
0.22122760346817977 0.14141961800333538 0.0 0.0 0.0 0.0 0.0 0.35 0.28735277852848484 0.0 0.0 
0.11649887485369746 0.18350112514630268 0.0 0.0 0.0 0.0 0.0 0.35 0.35 0.0 0.0 
0.2327511606338186 0.10282544736432543 0.0 0.1441659544587252 0.0 0.0 0.0 0.25829878588276356 0.2619586516603671 0.0 0.0 
0.0 0.32138383687467725 0.0 0.0 0.0 0.0 0.0 0.3286161631253227 0.35 0.0 0.0 
0.13521935112115954 0.16478064887884036 0.0 0.0 0.0 0.0 0.0 0.35 0.35 0.0 0.0 
