0.0 0.29999999999999993 0.0 0.0 0.0 0.0 0.0 0.35 0.35 0.0 0.0 
0.19538289682978952 0.12771169152370138 0.0 0.14714984941971937 0.0 0.10156583733372641 0.0 0.16182488229621542 0.266364842596848 0.0 0.0 
0.0 0.29999999999999993 0.0 0.0 0.0 0.0 0.0 0.35 0.35 0.0 0.0 
0.19538289682978952 0.12771169152370138 0.0 0.14714984941971937 0.0 0.10156583733372641 0.0 0.16182488229621542 0.266364842596848 0.0 0.0 
0.10000387613801258 0.19999612386198742 0.0 0.0 0.0 0.0 0.0 0.35 0.35 0.0 0.0 
0.0 0.3285495749499369 0.0 0.0 0.0 0.0 0.0 0.321450425050063 0.35 0.0 0.0 
0.18027547523800028 0.11722403603975734 0.0 0.11975701519761835 0.0 0.10071886153361999 0.0 0.2158485462931845 0.2661760656978197 0.0 0.0 
0.18178106562068472 0.1098552267155962 0.0 0.10241341346447502 0.0 0.0 0.0 0.35 0.25595029419924414 0.0 0.0 
0.17466663684532951 0.10794366352122077 0.0 0.10210161663561063 0.0 0.0 0.0 0.35 0.26528808299783924 0.0 0.0 
0.2236086808721169 0.11687586033730965 0.0 0.13904311520873822 0.0 0.0 0.0 0.27342533584407847 0.2470470077377566 0.0 0.0 
0.22130777307282037 0.125317402231987 0.0 0.14360136632926285 0.0 0.0 0.0 0.267734517999526 0.24203894036640372 0.0 0.0 
0.17549783238268238 0.12019642428864781 0.0 0.10536869153513036 0.0 0.10050890741803686 0.0 0.23339385402857643 0.26503429034692616 0.0 0.0 
0.18163559607645044 0.11966846203242422 0.0 0.12097716071349578 0.0 0.10141262751627718 0.0 0.2058752607872788 0.2704308928740735 0.0 0.0 
0.0 0.3067564666483624 0.0 0.0 0.0 0.0 0.0 0.3432435333516377 0.35 0.0 0.0 
0.14723464634709413 0.10494588075729451 0.0 0.10622713759021804 0.0 0.0 0.0 0.35 0.2915923353053933 0.0 0.0 
0.1975133996422717 0.10337033532885921 0.0 0.10849176317206115 0.0 0.0 0.0 0.33096351265318574 0.25966098920362235 0.0 0.0 
0.1759734320776125 0.13134804569870137 0.0 0.0 0.0 0.0 0.0 0.35 0.3426785222236861 0.0 0.0 
0.23353651271792322 0.11974400887475073 0.0 0.1409809918878953 0.0 0.0 0.0 0.2661609669809185 0.23957751953851233 0.0 0.0 
0.1807516229643521 0.14632643158865272 0.0 0.0 0.0 0.0 0.0 0.35 0.32292194544699515 0.0 0.0 
0.2223174325412007 0.10674558955565604 0.0 0.1286358721098901 0.0 0.0 0.0 0.2883485101472382 0.25395259564601497 0.0 0.0 
0.20012175968434576 0.10005140012220894 0.0 0.10541439885830298 0.0 0.0 0.0 0.34139254028961064 0.2530199010455316 0.0 0.0 
0.22269660843073058 0.11014425227389374 0.0 0.13323955587281636 0.0 0.0 0.0 0.2850953100200153 0.24882427340254398 0.0 0.0 
0.18753577060192517 0.11392894042426835 0.0 0.10042287566171224 0.0 0.0 0.0 0.35 0.24811241331209427 0.0 0.0 
0.18397184374743727 0.11395769864782992 0.0 0.10386700504582004 0.0 0.0 0.0 0.34262436898301885 0.25557908357589393 0.0 0.0 
0.13663380315755488 0.11429732116420517 0.0 0.10250178057792726 0.0 0.0 0.0 0.35 0.2965670951003127 0.0 0.0 
0.2191082639699713 0.11364797967056059 0.0 0.13666333246172774 0.0 0.0 0.0 0.30477850010969526 0.22580192378804503 0.0 0.0 
0.17261358287353726 0.1473965563330314 0.0 0.0 0.0 0.0 0.0 0.35 0.3299898607934314 0.0 0.0 
0.22253030238055477 0.11496610243391298 0.0 0.11366428780219337 0.0 0.0 0.0 0.30527214662096575 0.243567160762373 0.0 0.0 
0.17319015976869567 0.12733994258334558 0.0 0.10417580420373848 0.0 0.10239789241305185 0.0 0.22322232344443363 0.26967387758673494 0.0 0.0 
0.18869554443533457 0.12888733990915882 0.0 0.13151832600243424 0.0 0.10348700966844447 0.0 0.18414422215174228 0.2632675578328857 0.0 0.0 
0.20811843194577745 0.11175452006643714 0.0 0.10844786784109121 0.0 0.0 0.0 0.33518988581083425 0.2364892943358599 0.0 0.0 
0.1872589001362291 0.12143581541122722 0.0 0.12185678360838077 0.0 0.10232641999583987 0.0 0.1970502049201742 0.27007187592814874 0.0 0.0 
0.20530468945217456 0.10796408940239773 0.0 0.13139863536963298 0.0 0.0 0.0 0.3103618476994747 0.24497073807631983 0.0 0.0 
0.2113468115498358 0.1215866623607117 0.0 0.14284817718225098 0.0 0.0 0.0 0.2754744029168144 0.24874394599038704 0.0 0.0 
0.22195486524684618 0.11066805041528095 0.0 0.0 0.0 0.0 0.0 0.35 0.31737708433787304 0.0 0.0 
0.0 0.32002370734196367 0.0 0.0 0.0 0.0 0.0 0.32997629265803635 0.35 0.0 0.0 
0.2141200437788251 0.13562274733106558 0.0 0.0 0.0 0.0 0.0 0.34967708846829315 0.30058012042181614 0.0 0.0 
0.18578321538188902 0.11651890147767506 0.0 0.12109886411137757 0.0 0.1042942985855673 0.0 0.2037887840193828 0.2685159364241082 0.0 0.0 
0.19688158514914667 0.11141731156176156 0.0 0.12127519979730537 0.0 0.0 0.0 0.3123065461429025 0.2581193573488839 0.0 0.0 
0.2254886832959415 0.1168773352831737 0.0 0.11270185057088815 0.0 0.0 0.0 0.29380773859369297 0.2511243922563037 0.0 0.0 
0.19496435685350547 0.16168215747672685 0.0 0.0 0.0 0.0 0.0 0.35 0.29335348566976766 0.0 0.0 
0.1342620689066737 0.11144372996422607 0.0 0.10351860553171542 0.0 0.0 0.0 0.35 0.3007755955973848 0.0 0.0 
0.17717401635882513 0.1431147685116564 0.0 0.0 0.0 0.0 0.0 0.35 0.32971121512951856 0.0 0.0 
0.1609833728621569 0.10777141683795684 0.0 0.1000840256990431 0.0 0.0 0.0 0.34761938748128507 0.28354179711955807 0.0 0.0 
0.2184361614632027 0.11072155443544174 0.0 0.11334181975742882 0.0 0.0 0.0 0.2852698339805984 0.27223063036332834 0.0 0.0 
0.16350332167390763 0.10740696027467024 0.0 0.10296748903313643 0.0 0.0 0.0 0.35 0.2761222290182857 0.0 0.0 
0.1952335339720284 0.12783749883451695 0.0 0.1280127921368986 0.0 0.10148618074781805 0.0 0.19125925694411808 0.25617073736462 0.0 0.0 
0.13079637848639886 0.10756219570597546 0.0 0.10489954245954985 0.0 0.0 0.0 0.35 0.30674188334807584 0.0 0.0 
0.19215734940869392 0.11977734371583403 0.0 0.1336093792644747 0.0 0.10075242971766284 0.0 0.19938879126959555 0.254314706623739 0.0 0.0 
0.20028728528499604 0.1283261867042494 0.0 0.13966461327227897 0.0 0.10013868273135415 0.0 0.16656629770272366 0.2650169343043976 0.0 0.0 
0.1625588859514625 0.14987159900903155 0.0 0.0 0.0 0.0 0.0 0.35 0.33756951503950594 0.0 0.0 
0.2550846224997183 0.11175914507037346 0.0 0.13207641020375224 0.0 0.0 0.0 0.26075898735490316 0.24032083487125286 0.0 0.0 
0.24053398974731408 0.11573874776117057 0.0 0.14765928551119326 0.0 0.0 0.0 0.24744281858879408 0.24862515839152807 0.0 0.0 
0.19910277302772275 0.10948266603858367 0.0 0.1028815066771426 0.0 0.0 0.0 0.35 0.23853305425655108 0.0 0.0 
0.17628637972945022 0.12961647187666375 0.0 0.10603821489054688 0.0 0.10422851834960574 0.0 0.2272129971320018 0.25661741802173166 0.0 0.0 
0.19117890896827894 0.11916745292946707 0.0 0.13292905753702902 0.0 0.10023941133970758 0.0 0.2034654002886201 0.25301976893689726 0.0 0.0 
0.2077981310728152 0.10702820103488947 0.0 0.11059897210969753 0.0 0.0 0.0 0.32976922094409206 0.2448054748385059 0.0 0.0 
0.13844407450167587 0.1615559254983243 0.0 0.0 0.0 0.0 0.0 0.35 0.35 0.0 0.0 
0.13068685220197004 0.16931314779803008 0.0 0.0 0.0 0.0 0.0 0.35 0.35 0.0 0.0 
0.20786827540131456 0.11924685148397193 0.0 0.11020783318372 0.0 0.0 0.0 0.3498641141206911 0.21281292581030223 0.0 0.0 
0.19714979462649238 0.13384549829353434 0.0 0.0 0.0 0.0 0.0 0.35 0.3190047070799733 0.0 0.0 
0.1573134661719869 0.1074633761412199 0.0 0.10017259850902392 0.0 0.0 0.0 0.34918017523766576 0.28587038394010345 0.0 0.0 
0.13272495455646394 0.10540321350874497 0.0 0.10136209238034026 0.0 0.0 0.0 0.35 0.31050973955445077 0.0 0.0 
0.18947142057788904 0.15456126697427383 0.0 0.0 0.0 0.0 0.0 0.35 0.30596731244783726 0.0 0.0 
0.1885254473552516 0.12271694729661836 0.0 0.10158602550543809 0.0 0.10217603204077419 0.0 0.2166193124394258 0.2683762353624919 0.0 0.0 
0.22324524684137162 0.12092485074720247 0.0 0.10172037093676606 0.0 0.0 0.0 0.33602912394032336 0.2180804075343365 0.0 0.0 
0.2238856648581015 0.11451248531873003 0.0 0.10797722171027861 0.0 0.0 0.0 0.3142195052401795 0.23940512287271043 0.0 0.0 
0.2290305008225373 0.1441558779698349 0.0 0.0 0.0 0.0 0.0 0.35 0.27681362120762776 0.0 0.0 
0.14309941097934326 0.10956381786730393 0.0 0.10259733496330674 0.0 0.0 0.0 0.34721840405170734 0.29752103213833875 0.0 0.0 
0.14196002533164434 0.15803997466835568 0.0 0.0 0.0 0.0 0.0 0.35 0.35 0.0 0.0 
0.1704404992738817 0.12955950072611838 0.0 0.0 0.0 0.0 0.0 0.35 0.35 0.0 0.0 
0.1681067948693622 0.11406272954127127 0.0 0.10011847672295687 0.0 0.0 0.0 0.35 0.26771199886640973 0.0 0.0 
0.21822103684649805 0.10631853451048309 0.0 0.11178657675535272 0.0 0.0 0.0 0.3304811983135367 0.23319265357412955 0.0 0.0 
0.0 0.31452534431268436 0.0 0.0 0.0 0.0 0.0 0.3354746556873157 0.35 0.0 0.0 
0.1489490988948005 0.15105090110519945 0.0 0.0 0.0 0.0 0.0 0.35 0.35 0.0 0.0 
0.24082151663383844 0.10145731320539352 0.0 0.15070253837737865 0.0 0.0 0.0 0.2535055748512462 0.2535130569321432 0.0 0.0 
0.2167594766439946 0.13995791325309428 0.0 0.0 0.0 0.0 0.0 0.35 0.2932826101029111 0.0 0.0 
0.1975410506875462 0.12903345852160933 0.0 0.13584134802551928 0.0 0.10268255504495725 0.0 0.17236887527137465 0.2625327124489932 0.0 0.0 
0.0 0.32907524694289625 0.0 0.0 0.0 0.0 0.0 0.32301150144173435 0.3479132516153693 0.0 0.0 
0.1876785754930937 0.12806626909598404 0.0 0.13953118593500394 0.0 0.1035931483078963 0.0 0.17967021557227383 0.2614606055957482 0.0 0.0 
0.21851810838103994 0.1518651197132832 0.0 0.0 0.0 0.0 0.0 0.3456522710924248 0.28396450081325203 0.0 0.0 
0.18421732881862196 0.1248370789713354 0.0 0.1003501228881849 0.0 0.1013491560604248 0.0 0.21177568603159008 0.27747062722984295 0.0 0.0 
0.21684205317833122 0.1495417309995283 0.0 0.0 0.0 0.0 0.0 0.35 0.2836162158221405 0.0 0.0 
0.19773385843666144 0.129744680890602 0.0 0.1316168769776007 0.0 0.10326848808092771 0.0 0.17129470345486214 0.2663413921593461 0.0 0.0 
0.1584242767041646 0.14157572329583543 0.0 0.0 0.0 0.0 0.0 0.35 0.35 0.0 0.0 
0.21982664024138074 0.11601251994943591 0.0 0.16216585392536872 0.0 0.0 0.0 0.2475478893900688 0.2544470964937457 0.0 0.0 
0.18601224940912925 0.14491353277239113 0.0 0.0 0.0 0.0 0.0 0.35 0.31907421781847967 0.0 0.0 
0.2569266948304947 0.10949507466856553 0.0 0.13640393137403267 0.0 0.0 0.0 0.2623700706852776 0.23480422844162946 0.0 0.0 
0.16899951443328487 0.10944825022933151 0.0 0.10063411232660013 0.0 0.0 0.0 0.35 0.2709181230107834 0.0 0.0 
0.21998012119656896 0.12143371116359836 0.0 0.1358793408540411 0.0 0.0 0.0 0.2846734023622061 0.2380334244235854 0.0 0.0 
0.14237721315958612 0.16611068673039606 0.0 0.0 0.0 0.0 0.0 0.35 0.34151210011001776 0.0 0.0 
0.11208681446759071 0.18791318553240927 0.0 0.0 0.0 0.0 0.0 0.35 0.35 0.0 0.0 
0.2092908532473438 0.15435046236610986 0.0 0.0 0.0 0.0 0.0 0.3490924835922672 0.2872662007942791 0.0 0.0 
0.2185790207505597 0.11534336945950123 0.0 0.1069134298642479 0.0 0.0 0.0 0.3093358888163861 0.24982829110930502 0.0 0.0 
0.1033376985090985 0.19666230149090158 0.0 0.0 0.0 0.0 0.0 0.35 0.35 0.0 0.0 
0.10862103569099085 0.1913789643090091 0.0 0.0 0.0 0.0 0.0 0.35 0.35 0.0 0.0 
0.11305638622642718 0.18953866948135228 0.0 0.0 0.0 0.0 0.0 0.35 0.3474049442922206 0.0 0.0 
0.1576828155341855 0.10771568467146404 0.0 0.10040778934340955 0.0 0.0 0.0 0.35 0.28419371045094094 0.0 0.0 
0.2191241519449765 0.14926217969805913 0.0 0.0 0.0 0.0 0.0 0.35 0.28161366835696444 0.0 0.0 
0.18864334765951726 0.13926731645375634 0.0 0.0 0.0 0.0 0.0 0.35 0.3220893358867264 0.0 0.0 
