-0.010043500046012916 4.5231690096957274E-4 
-0.004376236670552619 1.2931122389353447E-4 
-0.010043500046012916 4.5231690096957274E-4 
-0.009590766962151966 4.4189347673432504E-4 
-0.009525708812172518 3.6558271654574227E-4 
-0.006160832252825798 1.909279123775124E-4 
-0.006395019936060057 1.9330929450244626E-4 
-0.005812950472838086 1.649735256897456E-4 
-0.008273667232444874 2.650118562661256E-4 
-0.00715862914090381 2.1037810820588923E-4 
-0.008182928281384023 2.5869718052370737E-4 
-0.009398126167411178 3.5476790751556365E-4 
-0.008834627784903352 3.0500322284216945E-4 
-0.008779681754152072 2.9965779863292064E-4 
-0.005696449815695874 1.5936620660112583E-4 
-0.005170668830715944 1.407795393558086E-4 
-0.00867597094915859 2.9275818331543505E-4 
-0.006030971932150372 1.747536351436052E-4 
-0.007900182170625566 2.436048776966871E-4 
-0.006674157158945539 1.973482726673387E-4 
-0.00983152328004101 4.449553188454121E-4 
-0.009909929940304837 4.4716908656409983E-4 
-0.006090996549802299 1.7788731279106478E-4 
-0.0074739634150900475 2.222794528854051E-4 
-0.008605064555123894 2.8842713376729505E-4 
-0.005468908777892598 1.502851527865321E-4 
-0.009024557608882489 3.2050772331653323E-4 
-0.007777440718129019 2.363101576500284E-4 
-0.00795462488899061 2.487326197897328E-4 
-0.008724063249761235 2.960394601230487E-4 
-0.009985220175741698 4.498574569178356E-4 
-0.005311503609381535 1.449372878875426E-4 
-0.006957866760737924 2.043761478124142E-4 
-0.009292799106255425 3.4622156472689715E-4 
-0.008488574623545738 2.7906148259719164E-4 
-0.008129384018570787 2.5543879343297766E-4 
-0.006585306712747785 1.9571303234098E-4 
-0.006763108975224001 1.993809887853908E-4 
-0.008083112364489175 2.5231561908667214E-4 
-0.00724985164071627 2.1348017206142736E-4 
-0.009740879331215781 4.4314102097382476E-4 
-0.009059092840788393 3.2466413969784054E-4 
-0.008973893235031784 3.1604523622346065E-4 
-0.005893017798813976 1.6793183621397753E-4 
-0.0047973866501767855 1.3234001280065116E-4 
-0.009468766539774562 3.6056032675259124E-4 
-0.006902636399687366 2.0254009666366757E-4 
-0.006825487446089508 2.006508862156059E-4 
-0.008030822710698111 2.492694245132027E-4 
-0.008347103008890928 2.6868797342747755E-4 
-0.008536217048247228 2.81632626863352E-4 
-0.005956322579977604 1.71203300411427E-4 
-0.008437125393982548 2.7512202880110694E-4 
-0.008562783619888827 2.856106007651023E-4 
-0.005551552898749822 1.5358467809112067E-4 
-0.0076166536661963005 2.3023392497088476E-4 
-0.007511802493261194 2.260080093697146E-4 
-0.00770238703333625 2.3299168262170172E-4 
-0.005578230259842415 1.547525084396449E-4 
-0.004531055697944103 1.297145329435786E-4 
-0.007550701226800446 2.2836652947195115E-4 
-0.009234475598022322 3.39566958749534E-4 
-0.0048560646103872045 1.3349352560442526E-4 
-0.007048397819198041 2.0698365613776027E-4 
-0.009099426969696033 3.2787941526642096E-4 
-0.009266689305138534 3.422170505977131E-4 
-0.00894412448822788 3.135465765810619E-4 
-0.007393876211766343 2.1906890989871456E-4 
-0.005054014133491944 1.379598130360409E-4 
-0.009673132747844941 4.423067125592762E-4 
-0.005200725764587128 1.4426263541425803E-4 
-0.009197514348814884 3.3600283114429614E-4 
-0.009134294682107247 3.30375772984458E-4 
-0.004697458662092521 1.307471658918002E-4 
-0.004658379589055212 1.3070013207645527E-4 
-0.009169219133769552 3.335145195517733E-4 
-0.004376236670552621 1.2931122389353453E-4 
-0.007282330007653324 2.1504085429905264E-4 
-0.008891764694152215 3.089106135795222E-4 
-0.006120228168630188 1.8332856251643392E-4 
-0.005372247063519289 1.4722954458530672E-4 
-0.007841149163433416 2.4097966614857033E-4 
-0.0049810188720657775 1.3602929135746124E-4 
-0.0065108289193971745 1.947285721072563E-4 
-0.008409303405755063 2.7285991632976844E-4 
-0.00566074519365827 1.5758446392383807E-4 
-0.005405967848822989 1.4835722604492584E-4 
-0.00783274092012503 2.387617388118099E-4 
-0.009484134075147869 3.611948988000544E-4 
-0.004547638940456943 1.2974455070907182E-4 
-0.0073423130252374584 2.17320148714755E-4 
-0.009525708812172518 3.6558271654574227E-4 
-0.006461280833623874 1.9412095557058348E-4 
-0.007045014154045604 2.0685281953700815E-4 
-0.008371231422050505 2.702807573377448E-4 
-0.007681741283046264 2.3143546698162833E-4 
-0.00889802298076256 3.1040752129637267E-4 
-0.009339983160203623 3.5036429512568543E-4 
-0.009339983160203623 3.5036429512568543E-4 
-0.006132009187399132 1.8454506697658342E-4 
