-0.01611301372473826 3.490790714687223E-4 
-0.01611301372473826 3.490790714687223E-4 
-0.00831849531995422 3.342998136444783E-5 
-0.00831849531995422 3.342998136444783E-5 
-0.011307560154227486 4.753350114618941E-5 
-0.014000681174977408 1.0727894277785051E-4 
-0.014606454825678492 1.6942959891263934E-4 
-0.009209206718755657 3.50658261132734E-5 
-0.01047257126774074 4.265683661775398E-5 
-0.013473714407289348 8.015427311392532E-5 
-0.013840606314667943 1.0103125017475059E-4 
-0.009409097247488809 3.6182034086165985E-5 
-0.015755772221910637 3.1004961634573233E-4 
-0.012790088640431954 5.9874754239149445E-5 
-0.011047821506105265 4.685394416015984E-5 
-0.015507391120074213 2.5091020070105085E-4 
-0.013568845172361212 8.411014248823076E-5 
-0.015536581202034428 2.5584864359997267E-4 
-0.01601394519008473 3.3098075593534013E-4 
-0.014782437637314128 1.821389025011427E-4 
-0.012242244438570683 5.376311741437797E-5 
-0.010953973063857602 4.646958950225482E-5 
-0.01364774268692795 8.799159794437264E-5 
-0.014273222478452056 1.2863158096734548E-4 
-0.015460554992581298 2.435543856994321E-4 
-0.012904468556630907 6.34646448093785E-5 
-0.014052361296076024 1.1343841850313703E-4 
-0.00880706002641339 3.3976113538581905E-5 
-0.014887714123304857 1.862142150316339E-4 
-0.015579315240266196 2.664760544351132E-4 
-0.013325053605593312 7.606068337296943E-5 
-0.014650470047542597 1.7454653302671828E-4 
-0.014307236848757081 1.3345849070549228E-4 
-0.015703586371520306 3.0009925134629595E-4 
-0.011978815557154849 5.2980721699031656E-5 
-0.015250446576204965 2.1410455364646505E-4 
-0.014221864054867361 1.2274640339864963E-4 
-0.013010385812251314 6.499620447039798E-5 
-0.013104006602778294 6.847403392395324E-5 
-0.011970290306418887 5.147984032910192E-5 
-0.014709431124265078 1.7867603551407362E-4 
-0.015291129059169828 2.187286423368897E-4 
-0.00957386315077998 3.6620172343612585E-5 
-0.01556322157308506 2.6349236111634726E-4 
-0.014497678779547909 1.6013796051815408E-4 
-0.015430085942610194 2.3990358988193892E-4 
-0.01570791624554797 3.012081371236418E-4 
-0.01567449376069259 2.892387611181811E-4 
-0.010579396591444435 4.434492000188035E-5 
-0.01264927414292869 5.790635744973078E-5 
-0.016064246903320756 3.396637133828522E-4 
-0.008459298051368063 3.3511374393124316E-5 
-0.011727335365176521 5.021221851769992E-5 
-0.013727750825272503 9.18757148613337E-5 
-0.009896091748197496 3.8571976364307865E-5 
-0.010717437155490356 4.584084875020233E-5 
-0.015863264243700534 3.112223717636211E-4 
-0.016068996663808306 3.4053758469625574E-4 
-0.01020736191128544 4.067448217351815E-5 
-0.014129490977777744 1.158891259420231E-4 
-0.015315932781814458 2.2406939852892457E-4 
-0.011529113403677953 4.8509378113767204E-5 
-0.014177527422801341 1.1926696334519518E-4 
-0.015345865646781566 2.2735698829394065E-4 
-0.016111514812407003 3.487750519188087E-4 
-0.012564721297746372 5.7187577164607895E-5 
-0.014417803672706741 1.4786320177761177E-4 
-0.010025718925112127 3.914315154593058E-5 
-0.015401445358901159 2.3384430767222286E-4 
-0.015613797028571949 2.749937386890508E-4 
-0.012440971067317074 5.604087415588452E-5 
-0.01594986022813546 3.2143184683660757E-4 
-0.014386751898937096 1.4680185059311323E-4 
-0.008979500058456585 3.433210816578761E-5 
-0.009760533342139893 3.8371477337927644E-5 
-0.015902467105386967 3.1546075382985373E-4 
-0.014385737236101266 1.3933778815428339E-4 
-0.013818548514954909 9.686190844407147E-5 
-0.009691619652690112 3.7263331307963694E-5 
-0.011727335365176521 5.021221851769992E-5 
-0.014497678779547909 1.6013796051815408E-4 
-0.014364923475716133 1.383295959420089E-4 
-0.011529113403677953 4.8509378113767204E-5 
-0.010096040209687664 4.0449155079276486E-5 
-0.015005951156199165 1.939619046241451E-4 
-0.015378489843443968 2.3203842818838194E-4 
-0.013740148033701348 9.576049260828097E-5 
-0.008650898201670951 3.393013346275792E-5 
-0.013192626841066177 7.057626438228867E-5 
-0.015072359208909005 1.9816731703089507E-4 
-0.01520043725934297 2.0915128631350977E-4 
-0.008604356844577265 3.36247917533873E-5 
-0.01598069771326199 3.258150990335302E-4 
-0.014920830425688036 1.9020731180289624E-4 
-0.015925097818792207 3.181963280113727E-4 
-0.014422895028534182 1.553192475629346E-4 
-0.008979500058456585 3.433210816578761E-5 
-0.01567449376069259 2.892387611181811E-4 
-0.01442289502853418 1.5531924756293452E-4 
-0.012372700119294724 5.508352111672816E-5 
