0.0 0.30000000000000027 0.0 0.0 0.0 0.0 0.0 0.35 0.35 0.0 0.0 
0.0 0.30000000000000027 0.0 0.0 0.0 0.0 0.0 0.35 0.35 0.0 0.0 
0.0 0.2044667456264616 0.0 0.12755314918128635 0.27358223750828914 0.0 0.10446158402339926 0.10118355234727118 0.1887527313132923 0.0 0.0 
0.0 0.1946729234093597 0.0 0.12600758172339926 0.2777084942296423 0.0 0.1010194829479927 0.11619749829215757 0.18439401939744854 0.0 0.0 
0.0 0.18415510481949643 0.0 0.0 0.30735996885428074 0.0 0.10181994424301682 0.2778644545008603 0.12880052758234573 0.0 0.0 
0.0 0.1864116178909833 0.0 0.0 0.29158873801964214 0.0 0.10005493238994913 0.28437856116473276 0.13756615053469265 0.0 0.0 
0.0 0.2591493200246975 0.0 0.0 0.0 0.0 0.10430262180199322 0.35 0.2865480581733092 0.0 0.0 
0.0 0.3093259954367884 0.0 0.0 0.0 0.0 0.0 0.35 0.3406740045632116 0.0 0.0 
0.0 0.19927243738217276 0.0 0.1129848237803102 0.27367207185353054 0.0 0.10263990979693828 0.1301375263963771 0.18129323079067114 0.0 0.0 
0.0 0.3124418775020708 0.0 0.0 0.0 0.0 0.12824552844108933 0.35 0.20931259405683988 0.0 0.0 
0.0 0.2273223466825727 0.0 0.0 0.1703020430367113 0.0 0.11403312038388298 0.35 0.13834248989683318 0.0 0.0 
0.0 0.31456420001757074 0.0 0.0 0.0 0.0 0.16607219770870282 0.35 0.1693636022737265 0.0 0.0 
0.0 0.2697875353524836 0.0 0.0 0.12481958411596362 0.0 0.0 0.3499999999999999 0.25539288053155285 0.0 0.0 
0.0 0.20211206585614214 0.0 0.0 0.22634773450908652 0.0 0.10548181219880007 0.349683539073148 0.11637484836282327 0.0 0.0 
0.0 0.26022348120104366 0.0 0.0 0.10256238654120843 0.0 0.1050193958495541 0.35 0.18219473640819384 0.0 0.0 
0.0 0.209100595607189 0.0 0.11004582073800358 0.20797788571972287 0.0 0.10464201031512366 0.20341832593100148 0.16481536168895933 0.0 0.0 
0.0 0.255496848870501 0.0 0.0 0.10108061447563854 0.0 0.10249420261674523 0.35 0.19092833403711523 0.0 0.0 
0.0 0.2018950071383723 0.0 0.0 0.21808918103516933 0.0 0.10355762655601453 0.35 0.12645818527044386 0.0 0.0 
0.0 0.19747578664932416 0.0 0.10240849501310446 0.26914646461085334 0.0 0.10698760173801011 0.1524767664006023 0.17150488558810578 0.0 0.0 
0.0 0.2660717976881323 0.0 0.0 0.12127126620923984 0.0 0.0 0.35 0.2626569361026278 0.0 0.0 
0.0 0.23787372064963824 0.0 0.0 0.0 0.0 0.10684244242872838 0.35 0.30528383692163336 0.0 0.0 
0.0 0.26749823463757016 0.0 0.0 0.10109772276388067 0.0 0.11564198047304396 0.35 0.16576206212550523 0.0 0.0 
0.0 0.21901782471893358 0.0 0.0 0.0 0.0 0.10553625244947926 0.3493311842877345 0.32611473854385264 0.0 0.0 
0.0 0.2085284883257388 0.0 0.10374368228513997 0.24658415726717514 0.0 0.10436517201714914 0.17266752802813246 0.16411097207666436 0.0 0.0 
0.0 0.1811687031678889 0.0 0.0 0.32861980815664477 0.0 0.10032189226429115 0.2506979355963358 0.13919166081483933 0.0 0.0 
0.0 0.27787510573190416 0.0 0.0 0.0 0.0 0.14298237026218485 0.35 0.22914252400591104 0.0 0.0 
0.0 0.24676959392658115 0.0 0.0 0.0 0.0 0.10418762701088889 0.35 0.2990427790625301 0.0 0.0 
0.0 0.2745262019934764 0.0 0.0 0.0 0.0 0.11406926943227307 0.35 0.26140452857425056 0.0 0.0 
0.0 0.2218861875010002 0.0 0.1031315418439183 0.2084565760860251 0.0 0.1000429261446686 0.21415580674843848 0.1523269616759494 0.0 0.0 
0.0 0.22521285562194598 0.0 0.0 0.1625996655668247 0.0 0.11187247869126342 0.35 0.15031500011996596 0.0 0.0 
0.0 0.18168296741466566 0.0 0.0 0.32480792191975466 0.0 0.10063694415616595 0.26146533722431936 0.13140682928509423 0.0 0.0 
0.0 0.20777271789153234 0.0 0.0 0.20644012516147892 0.0 0.10471352976599262 0.35 0.13107362718099613 0.0 0.0 
0.0 0.22717714671372014 0.0 0.0 0.0 0.0 0.10238283144938169 0.35 0.3204400218368982 0.0 0.0 
0.0 0.21260727491601322 0.0 0.10652186774043403 0.22583371780935116 0.0 0.10342422751845858 0.18621459748799227 0.16539831452775083 0.0 0.0 
0.0 0.2158016347528012 0.0 0.0 0.18747059919147716 0.0 0.10077659768849821 0.35 0.14595116836722352 0.0 0.0 
0.0 0.1930447614459142 0.0 0.0 0.2779661990237217 0.0 0.10356245380766954 0.30545668824361666 0.11996989747907787 0.0 0.0 
0.0 0.1876197819958892 0.0 0.0 0.27436213012364885 0.0 0.10070549533150805 0.31730399106395957 0.12000860148499444 0.0 0.0 
0.0 0.23949149360717578 0.0 0.0 0.0 0.0 0.1016471781025571 0.3480017553108645 0.3108595729794026 0.0 0.0 
0.0 0.3149387341443773 0.0 0.0 0.0 0.0 0.0 0.35 0.3350612658556226 0.0 0.0 
0.0 0.3042898595036677 0.0 0.0 0.0 0.0 0.1179806028214823 0.35 0.22772953767484994 0.0 0.0 
0.0 0.193967406329586 0.0 0.0 0.26517203596803074 0.0 0.10303445303009846 0.3315187239326533 0.10630738073963147 0.0 0.0 
0.0 0.1975563602237971 0.0 0.10150853476180359 0.2619496433306851 0.0 0.10535461046168122 0.16605408318065445 0.1675767680413785 0.0 0.0 
0.0 0.30803015534362976 0.0 0.0 0.0 0.0 0.10466175766042664 0.35 0.23730808699594372 0.0 0.0 
0.0 0.32803908363516504 0.0 0.0 0.0 0.0 0.1326525560006528 0.35 0.18930836036418214 0.0 0.0 
0.0 0.26123484885403053 0.0 0.0 0.13685259867194868 0.0 0.0 0.34889570948637183 0.2530168429876491 0.0 0.0 
0.0 0.2119013065576434 0.0 0.10082199250408334 0.22648887128016618 0.0 0.10023573738329047 0.2001592164881297 0.16039287578668676 0.0 0.0 
0.0 0.268440450459494 0.0 0.0 0.0 0.0 0.1036962357595005 0.35 0.27786331378100554 0.0 0.0 
0.0 0.18904960220962194 0.0 0.0 0.26407329753526354 0.0 0.10050889818375854 0.3409211924470841 0.10544700962427198 0.0 0.0 
0.0 0.20319833744115848 0.0 0.10743785767449461 0.26512300887152035 0.0 0.10772465119960277 0.13876517561859897 0.17775096919462485 0.0 0.0 
0.0 0.24494929520725267 0.0 0.0 0.10040867047157609 0.0 0.1018460855165176 0.3496849529034128 0.2031109959012409 0.0 0.0 
0.0 0.23535308806989447 0.0 0.0 0.0 0.0 0.1005948560248218 0.35 0.31405205590528384 0.0 0.0 
0.0 0.25524871497320917 0.0 0.0 0.11315144686914566 0.0 0.10847193733736275 0.35 0.17312790082028257 0.0 0.0 
0.0 0.2393560891094336 0.0 0.0 0.14616692699324332 0.0 0.10969504095837501 0.34831726242416955 0.15646468051477852 0.0 0.0 
0.0 0.28253420236593396 0.0 0.0 0.1323131899600127 0.0 0.0 0.35 0.23515260767405322 0.0 0.0 
0.0 0.32541827693923253 0.0 0.0 0.0 0.0 0.12825012613830444 0.35 0.19633159692246305 0.0 0.0 
0.0 0.20995176767044524 0.0 0.0 0.19354773506774406 0.0 0.106743663793741 0.35 0.13975683346806964 0.0 0.0 
0.0 0.22905202358163837 0.0 0.0 0.10049989329357936 0.0 0.10191834345612266 0.3495545394794515 0.21897520018920824 0.0 0.0 
0.0 0.24805174866980756 0.0 0.0 0.0 0.0 0.10692118708046042 0.35 0.2950270642497319 0.0 0.0 
0.0 0.21263108063305589 0.0 0.0 0.0 0.0 0.10357831881943906 0.35 0.3337906005475052 0.0 0.0 
0.0 0.324718930098742 0.0 0.0 0.0 0.0 0.0 0.35 0.3252810699012581 0.0 0.0 
0.0 0.25118683692717253 0.0 0.0 0.0 0.0 0.12798263006218283 0.35 0.27083053301064475 0.0 0.0 
0.0 0.2084914770455365 0.0 0.0 0.19916377830127754 0.0 0.10586785083890153 0.3499595231554131 0.13651737065887126 0.0 0.0 
0.0 0.35 0.0 0.0 0.0 0.0 0.0 0.35 0.29999999999999993 0.0 0.0 
0.0 0.19580900354252898 0.0 0.10541428561544461 0.24592730325901407 0.0 0.10287228571700678 0.18916869059839458 0.16080843126761113 0.0 0.0 
0.0 0.30898304516022146 0.0 0.0 0.0 0.0 0.15323168744651472 0.35 0.1877852673932638 0.0 0.0 
0.0 0.25741986791441945 0.0 0.0 0.0 0.0 0.12089155248781612 0.35 0.2716885795977645 0.0 0.0 
0.0 0.18435597642174875 0.0 0.0 0.2923006529116046 0.0 0.10255471574942981 0.29984717125014954 0.12094148366706728 0.0 0.0 
0.0 0.32104667071839404 0.0 0.0 0.0 0.0 0.0 0.35 0.3289533292816059 0.0 0.0 
0.0 0.26815456935035475 0.0 0.0 0.0 0.0 0.10157368912838198 0.35 0.2802717415212634 0.0 0.0 
0.0 0.22905202358163837 0.0 0.0 0.10049989329357936 0.0 0.10191834345612266 0.3495545394794515 0.21897520018920824 0.0 0.0 
0.0 0.24504058211866964 0.0 0.0 0.13242746525555582 0.0 0.11174030952775255 0.35 0.16079164309802205 0.0 0.0 
0.0 0.2046477405138863 0.0 0.10218194345520223 0.23362402366358595 0.0 0.10080444907708801 0.20132858599491518 0.15741325729532235 0.0 0.0 
0.0 0.18596561012115737 0.0 0.0 0.2766237731635172 0.0 0.10014137778866293 0.3146748677539453 0.12259437117271706 0.0 0.0 
0.0 0.24056674545066525 0.0 0.0 0.1524058892065722 0.0 0.10730887217218198 0.35 0.14971849317058064 0.0 0.0 
0.0 0.21749091178950694 0.0 0.0 0.0 0.0 0.10326203510804417 0.35 0.32924705310244884 0.0 0.0 
0.0 0.27398618461732593 0.0 0.0 0.0 0.0 0.11855688305395366 0.35 0.2574569323287204 0.0 0.0 
0.0 0.22715841261345607 0.0 0.0 0.0 0.0 0.10554253631393061 0.34976952602764116 0.3175295250449721 0.0 0.0 
0.0 0.2855857475369199 0.0 0.0 0.0 0.0 0.11351907378333781 0.34961349899834854 0.25128167968139364 0.0 0.0 
0.0 0.22993866221389656 0.0 0.0 0.12723763755225845 0.0 0.12035882313611548 0.35 0.1724648770977295 0.0 0.0 
0.0 0.23381403584017416 0.0 0.0 0.13050626493620732 0.0 0.11605140195082343 0.35 0.1696282972727952 0.0 0.0 
0.0 0.30000000000000004 0.0 0.0 0.0 0.0 0.0 0.35 0.35 0.0 0.0 
0.0 0.1855469575368561 0.0 0.0 0.2858497901552304 0.0 0.10126003364189035 0.29978346959040164 0.12755974907562145 0.0 0.0 
0.0 0.20039271585792065 0.0 0.0 0.10260061606537411 0.0 0.11040582884957369 0.35 0.23660083922713157 0.0 0.0 
0.0 0.1826060117912789 0.0 0.0 0.25277860688852244 0.0 0.10030296813006803 0.35 0.11431241319013058 0.0 0.0 
0.0 0.20039271585792065 0.0 0.0 0.10260061606537411 0.0 0.11040582884957369 0.35 0.23660083922713157 0.0 0.0 
0.0 0.21578452972433826 0.0 0.0 0.10137815407505424 0.0 0.10451819954817608 0.348106764459791 0.23021235219264044 0.0 0.0 
0.0 0.17956686970893848 0.0 0.0 0.3188298970938634 0.0 0.10108280082766274 0.2723345461650001 0.12818588620453544 0.0 0.0 
0.0 0.2018606256990172 0.0 0.11445229216043594 0.26423838658063353 0.0 0.10397301646672284 0.13182777734039586 0.18364790175279475 0.0 0.0 
0.0 0.24494929520725267 0.0 0.0 0.10040867047157609 0.0 0.1018460855165176 0.3496849529034128 0.2031109959012409 0.0 0.0 
0.0 0.24375412549341546 0.0 0.0 0.13621452368264805 0.0 0.11851299636810848 0.35 0.15151835445582804 0.0 0.0 
0.0 0.33188870378166685 0.0 0.0 0.0 0.0 0.0 0.35 0.31811129621833323 0.0 0.0 
0.0 0.17906167499763398 0.0 0.0 0.3207463059171875 0.0 0.10079841375523255 0.27156835821144787 0.12782524711849813 0.0 0.0 
0.0 0.30898304516022146 0.0 0.0 0.0 0.0 0.15323168744651472 0.35 0.1877852673932638 0.0 0.0 
0.0 0.21511128929136797 0.0 0.0 0.10146518611526538 0.0 0.10460792728319813 0.3484056103225772 0.2304099869875914 0.0 0.0 
0.0 0.21292913295162494 0.0 0.0 0.14727536302613609 0.0 0.11739373668299363 0.35 0.17240176733924542 0.0 0.0 
0.0 0.21402179578394737 0.0 0.0 0.0 0.0 0.10425577357749792 0.35 0.33172243063855483 0.0 0.0 
0.0 0.26246696041599243 0.0 0.0 0.13195481940124834 0.0 0.0 0.35 0.2555782201827592 0.0 0.0 
0.0 0.19025519444965172 0.0 0.0 0.2547402496087573 0.0 0.10119938333395984 0.3428802421126104 0.11092493049502061 0.0 0.0 
0.0 0.25617083536033036 0.0 0.0 0.11508471219472921 0.0 0.1143375527407542 0.3465849815415403 0.1678219181626459 0.0 0.0 
0.0 0.22775812914928167 0.0 0.0 0.1523140302317564 0.0 0.12562736058445773 0.35 0.14430048003450413 0.0 0.0 
