-0.011713528783177022 4.3029059305354806E-4 
-0.00762962327129049 5.677736502177947E-5 
-0.011713528783177022 4.3029059305354806E-4 
-0.010852031818987777 2.6436243302245516E-4 
-0.008665398689939804 8.425687789530615E-5 
-0.007767187967043067 5.8761316371686324E-5 
-0.011662889294242935 4.226100797599521E-4 
-0.010577529134294534 2.2834392587903804E-4 
-0.01147196150343869 3.682972762944598E-4 
-0.008764269675821775 8.901245850576722E-5 
-0.008554758391578867 8.135755505021856E-5 
-0.007910469266592075 6.091572549459212E-5 
-0.011574444125890745 3.993579590792803E-4 
-0.008872263759174171 1.0355631532166968E-4 
-0.011637592482004563 4.06927174112641E-4 
-0.008504572334967776 7.779916870270714E-5 
-0.011077466428824834 2.986417474935534E-4 
-0.010260449261555284 1.9410588494946345E-4 
-0.010902611657901297 2.7158698762664104E-4 
-0.01076785406028154 2.552667576140099E-4 
-0.010315233280455612 1.99316693159228E-4 
-0.01052951990070272 2.2376534332442527E-4 
-0.011662850892998726 4.1143227067180326E-4 
-0.011350167114818229 3.468258737371907E-4 
-0.011483424054605722 3.8090389200352913E-4 
-0.009227848781582535 1.198060544367767E-4 
-0.009287643176099617 1.2436326269268109E-4 
-0.009083682003318628 1.094726842000383E-4 
-0.01130290785570877 3.408440033698081E-4 
-0.011557742106575019 3.9344921502095577E-4 
-0.008950272042347685 1.0564612716670369E-4 
-0.008025673351688157 6.315184231957866E-5 
-0.008322167301094925 7.135193912343985E-5 
-0.00880917563993016 9.792386406732434E-5 
-0.011179707753910511 3.1999937021295796E-4 
-0.010212806999960793 1.893425718505027E-4 
-0.009007333543495859 1.0802275585314328E-4 
-0.009649218110244932 1.4509936070891748E-4 
-0.009149641618875527 1.119981412010192E-4 
-0.009554823704521645 1.383904935581995E-4 
-0.009912033408474307 1.661584059777801E-4 
-0.009605131825690146 1.4167658218454293E-4 
-0.010490672851180813 2.1798975334705176E-4 
-0.011519133935620941 3.875697467119219E-4 
-0.00917149205899638 1.1742863208042607E-4 
-0.011034701159596186 2.915844860252487E-4 
-0.009693773846458791 1.4959204983786364E-4 
-0.0076667727316418735 5.817640762126356E-5 
-0.010737215941350946 2.490123800106359E-4 
-0.009347065709352564 1.2620027925320908E-4 
-0.008256146293775746 6.974408588783392E-5 
-0.011102049622687443 3.0524616988649106E-4 
-0.009496846250078394 1.3569239733018603E-4 
-0.008412124073848682 7.427793301660986E-5 
-0.011436767638288377 3.6325410613921794E-4 
-0.008106332488130037 6.548979184149334E-5 
-0.010674521102532735 2.4084957702533188E-4 
-0.010152070404418847 1.8387415470068861E-4 
-0.010349830314622908 2.0429176853534032E-4 
-0.010705007648117524 2.4456999151249736E-4 
-0.011207419441089066 3.2400965736327904E-4 
-0.008204943953759666 6.764230228533596E-5 
-0.009461722617037597 1.3259252260962805E-4 
-0.01140802498646133 3.598879085793989E-4 
-0.008766711170066166 9.680817585356306E-5 
-0.011242677273887482 3.2783170251390143E-4 
-0.007968582527744947 6.148264660636129E-5 
-0.011283830190285393 3.3593665160419834E-4 
-0.01171352878317702 4.302905930535479E-4 
-0.011126258661822595 3.0857809525604686E-4 
-0.01126584001811773 3.315035634602079E-4 
-0.011019065167448694 2.891315615382554E-4 
-0.010984800271569912 2.84304777078077E-4 
-0.010093432180626659 1.7932063912577074E-4 
-0.010449365968617985 2.1576345576609885E-4 
-0.009786887775627048 1.5648539653435992E-4 
-0.00814912635170299 6.604757265171125E-5 
-0.011379411546039518 3.5174906634276103E-4 
-0.008390118175763808 7.397882195899711E-5 
-0.009877391765183758 1.617556737452943E-4 
-0.010162386542448453 1.869695910473557E-4 
-0.011159214139912457 3.1210554033812865E-4 
-0.010032509970159309 1.7413184515630256E-4 
-0.009979475253796721 1.701915440901133E-4 
-0.010642775579162003 2.362418607558038E-4 
-0.011381257270841195 3.551440197052029E-4 
-0.010642775579162003 2.362418607558038E-4 
-0.010386305009945907 2.0673835858722988E-4 
-0.010933484468729788 2.76126687952042E-4 
-0.010432716281638311 2.1189776913360588E-4 
-0.009975302937750629 1.68546308954709E-4 
-0.009815336883334696 1.5921064368442712E-4 
-0.011499447526496707 3.834940757757888E-4 
-0.009378440512017236 1.3056093460040463E-4 
-0.009399206812385688 1.31301166084088E-4 
-0.009731902989383017 1.5213827872132563E-4 
-0.010409934061025023 2.0914503249559456E-4 
-0.009752349535889247 1.537346841147669E-4 
-0.010045709218757843 1.750293326384455E-4 
-0.010759766158252446 2.540838265131989E-4 
