0.0 0.30000000000000043 0.0 0.0 0.0 0.0 0.0 0.35 0.35 0.0 0.0 
0.0 0.20878410720937754 0.0 0.0 0.21737904799017613 0.0 0.10152432490952609 0.34529724800309136 0.0 0.0 0.12701527188782868 
0.0 0.2227651703498966 0.0 0.0 0.2066772503155148 0.0 0.1174606404957697 0.35 0.0 0.0 0.10309693883881887 
0.0 0.2443910402183742 0.0 0.0 0.19732326480061382 0.10503098700779778 0.0 0.35 0.10325470797321418 0.0 0.0 
0.0 0.2388942857046717 0.0 0.0 0.10845056053307313 0.1088587629316645 0.0 0.3499999999999999 0.19379639083059064 0.0 0.0 
0.0 0.2621182904035252 0.0 0.0 0.0 0.14077428742767467 0.0 0.35 0.24710742216880024 0.0 0.0 
0.0 0.22189200192304584 0.0 0.0 0.0 0.0 0.10184356270680209 0.35 0.3262644353701521 0.0 0.0 
0.0 0.23541625058640578 0.0 0.0 0.1073487125642626 0.1037888683223602 0.0 0.35 0.20344616852697145 0.0 0.0 
0.0 0.26294740272502554 0.0 0.0 0.1725283007108233 0.10602143172606662 0.0 0.3484026525753696 0.11010021226271484 0.0 0.0 
0.0 0.19803348811291493 0.0 0.0 0.0 0.1162025359353661 0.0 0.3497838165831857 0.33598015936853326 0.0 0.0 
0.0 0.24648612541777426 0.0 0.0 0.18841533458589257 0.10680310455551159 0.0 0.35 0.10829543544082151 0.0 0.0 
0.0 0.27119400522694187 0.0 0.0 0.0 0.12796667305396597 0.0 0.35 0.2508393217190923 0.0 0.0 
0.0 0.21710386444106383 0.0 0.0 0.0 0.11275890974376702 0.0 0.35 0.3201372258151691 0.0 0.0 
0.0 0.24919466966988663 0.0 0.0 0.10902561918072223 0.1209265513961754 0.0 0.35 0.17085315975321572 0.0 0.0 
0.10763684466499175 0.20334002007657936 0.0 0.0 0.0 0.0 0.0 0.35 0.33902313525842903 0.0 0.0 
0.0 0.19426179898814525 0.0 0.0 0.0 0.0 0.1102566268387522 0.3494256265405838 0.34605594763251873 0.0 0.0 
0.0 0.2574545620125198 0.0 0.0 0.0 0.10909650430186894 0.0 0.35 0.2834489336856112 0.0 0.0 
0.0 0.20431105140077485 0.0 0.0 0.0 0.0 0.10621103339880565 0.35 0.33947791520041953 0.0 0.0 
0.0 0.24172199558275148 0.0 0.0 0.10734871256426258 0.1388214028201564 0.0 0.3499999999999999 0.16210788903282947 0.0 0.0 
0.10741444988021946 0.19712429421184366 0.0 0.0 0.0 0.0 0.0 0.35 0.3454612559079369 0.0 0.0 
0.0 0.2603425149432743 0.0 0.0 0.0 0.14951520258229983 0.0 0.35 0.24014228247442582 0.0 0.0 
0.0 0.24684375770244563 0.0 0.0 0.0 0.176783266917142 0.0 0.35 0.2263729753804124 0.0 0.0 
0.0 0.19852441483420458 0.0 0.0 0.0 0.0 0.10147558516579541 0.35 0.35 0.0 0.0 
0.0 0.25863482080926675 0.0 0.0 0.11306364372280593 0.14769279531960228 0.0 0.35 0.13060874014832513 0.0 0.0 
0.0 0.255500296184404 0.0 0.0 0.10962825076257027 0.11176959516555933 0.0 0.35 0.17310185788746643 0.0 0.0 
0.0 0.26300214011601547 0.0 0.0 0.1119613438702501 0.1293098216343084 0.0 0.35 0.14572669437942595 0.0 0.0 
0.0 0.25783133190802304 0.0 0.0 0.0 0.1268725789220398 0.0 0.35 0.26529608916993724 0.0 0.0 
0.0 0.23996642769714932 0.0 0.0 0.0 0.10783854318423816 0.0 0.35 0.30219502911861246 0.0 0.0 
0.0 0.2070857961972522 0.0 0.0 0.0 0.10291036686391335 0.10074899709038213 0.35 0.2392548398484524 0.0 0.0 
0.0 0.23339083798888843 0.0 0.0 0.0 0.14920851927182155 0.0 0.35 0.2674006427392901 0.0 0.0 
0.0 0.2217683325716495 0.0 0.0 0.21493750864924857 0.0 0.10607675023727631 0.35 0.0 0.0 0.10721740854182553 
0.0 0.2458364254161905 0.0 0.0 0.13963363057550804 0.14038430226636825 0.0 0.35 0.12414564174193325 0.0 0.0 
0.0 0.2771138244501334 0.0 0.0 0.0 0.13467579751065573 0.0 0.35 0.2382103780392108 0.0 0.0 
0.0 0.22108969541436324 0.0 0.0 0.0 0.0 0.11118826699467206 0.35 0.3177220375909647 0.0 0.0 
0.10791076890796052 0.21713543990756118 0.0 0.0 0.0 0.0 0.0 0.35 0.32495379118447826 0.0 0.0 
0.0 0.30671276746827225 0.0 0.0 0.0 0.0 0.0 0.35 0.34328723253172777 0.0 0.0 
0.0 0.27241001677600896 0.0 0.0 0.0 0.2246256698474798 0.0 0.3497504646240177 0.15321384875249355 0.0 0.0 
0.0 0.20316397699756944 0.0 0.0 0.0 0.0 0.11043786277387208 0.35 0.3363981602285585 0.0 0.0 
0.10898569140057196 0.2098951928489729 0.0 0.0 0.0 0.0 0.0 0.35 0.3311191157504553 0.0 0.0 
0.0 0.26838619274675013 0.0 0.0 0.11304426897728745 0.11619387589842178 0.0 0.34961421409397203 0.15276144828356852 0.0 0.0 
0.0 0.2049024389958683 0.0 0.0 0.0 0.11762487093092212 0.10453973683699279 0.35 0.2229329532362169 0.0 0.0 
0.0 0.21663783330351885 0.0 0.0 0.0 0.17343579435071493 0.10081758574376898 0.34847963360232875 0.16062915299966848 0.0 0.0 
0.0 0.24459662499935883 0.0 0.0 0.1732321763060249 0.10939286540413277 0.0 0.35 0.12277833329048346 0.0 0.0 
0.0 0.2580046776666193 0.0 0.0 0.14654512563410024 0.1151596743443553 0.0 0.35 0.13029052235492525 0.0 0.0 
0.0 0.24897652573836487 0.0 0.0 0.0 0.22442626811006577 0.0 0.35 0.17659720615156935 0.0 0.0 
0.0 0.20535978935575064 0.0 0.0 0.0 0.11599499298104014 0.0 0.35 0.32864521766320925 0.0 0.0 
0.0 0.2503764087810505 0.0 0.0 0.16922366904726605 0.10081847716934962 0.0 0.35 0.1295814450023339 0.0 0.0 
0.0 0.20196530084636877 0.0 0.0 0.0 0.10538389492911367 0.0 0.35 0.3426508042245176 0.0 0.0 
0.0 0.24205123414432464 0.0 0.0 0.10576921115138935 0.11842973951684432 0.0 0.35 0.1837498151874417 0.0 0.0 
0.0 0.26162326130339336 0.0 0.0 0.1199023481589429 0.12795222531295364 0.0 0.34632542442276404 0.14419674080194606 0.0 0.0 
0.0 0.2683191826693206 0.0 0.0 0.0 0.11015436818076223 0.0 0.35 0.27152644914991725 0.0 0.0 
0.0 0.23691715949154485 0.0 0.0 0.0 0.11516173141794796 0.0 0.35 0.2979211090905072 0.0 0.0 
0.0 0.19079631182620146 0.0 0.0 0.0 0.0 0.10927474876742917 0.35 0.3499289394063694 0.0 0.0 
0.0 0.2510811937535805 0.0 0.0 0.0 0.10413692478550247 0.0 0.3487831303428451 0.2959987511180719 0.0 0.0 
0.0 0.20464375443371485 0.0 0.0 0.0 0.13095877068523684 0.0 0.35 0.31439747488104824 0.0 0.0 
0.10159357493690971 0.19840642506309042 0.0 0.0 0.0 0.0 0.0 0.35 0.35 0.0 0.0 
0.0 0.22031088360013734 0.0 0.0 0.0 0.11420761969520407 0.0 0.35 0.3154814967046585 0.0 0.0 
0.10738780510343995 0.20138923406596776 0.0 0.0 0.0 0.0 0.0 0.35 0.3412229608305924 0.0 0.0 
0.0 0.25562327626387915 0.0 0.0 0.0 0.17653868661833513 0.0 0.35 0.21783803711778577 0.0 0.0 
0.0 0.21423961215230042 0.0 0.0 0.21694837534632486 0.0 0.10187741212565031 0.34512165889034563 0.0 0.0 0.12181294148537873 
0.0 0.2591654219174626 0.0 0.0 0.0 0.11279617433479061 0.0 0.35 0.27803840374774685 0.0 0.0 
0.0 0.2752200672537026 0.0 0.0 0.0 0.1902069731593516 0.0 0.35 0.18457295958694586 0.0 0.0 
0.0 0.20307372499706916 0.0 0.0 0.0 0.1397160524481017 0.11229376788391447 0.35 0.19491645467091467 0.0 0.0 
0.0 0.266095871370057 0.0 0.0 0.0 0.1859796243060302 0.0 0.35 0.19792450432391281 0.0 0.0 
0.0 0.26761129722266386 0.0 0.0 0.12784626808678898 0.12709011250548422 0.0 0.35 0.12745232218506292 0.0 0.0 
0.0 0.211957150310342 0.0 0.0 0.21948881156879282 0.0 0.10200011714671255 0.35 0.0 0.0 0.11655392097415253 
0.0 0.19932968838858459 0.0 0.0 0.0 0.16161826563407788 0.10991716044571861 0.35 0.17913488553161905 0.0 0.0 
0.0 0.1984663753502257 0.0 0.0 0.0 0.11974773432920019 0.11566821604001258 0.35 0.21611767428056144 0.0 0.0 
0.0 0.24717853907571957 0.0 0.0 0.0 0.1910570911877206 0.0 0.35 0.21176436973655993 0.0 0.0 
0.0 0.23775879088923046 0.0 0.0 0.0 0.10432546262095158 0.0 0.34994311202172457 0.3079726344680933 0.0 0.0 
0.0 0.2567664501476518 0.0 0.0 0.10195398502776172 0.1141578324930474 0.0 0.35 0.17712173233153902 0.0 0.0 
0.0 0.24019127456802275 0.0 0.0 0.0 0.1317608598456552 0.0 0.35 0.278047865586322 0.0 0.0 
0.0 0.2541525585867421 0.0 0.0 0.14938819505635423 0.10610664802732203 0.0 0.35 0.1403525983295816 0.0 0.0 
0.0 0.2152259347003484 0.0 0.0 0.0 0.16243400712255443 0.10018223700095313 0.3497679253516955 0.1723898958244485 0.0 0.0 
0.0 0.24470109047915217 0.0 0.0 0.0 0.11327186445625782 0.0 0.35 0.29202704506459004 0.0 0.0 
0.0 0.2716240222687165 0.0 0.0 0.0 0.18911991558641153 0.0 0.35 0.18925606214487203 0.0 0.0 
0.0 0.2594935404341407 0.0 0.0 0.12345018528320226 0.11935639206719967 0.0 0.35 0.14769988221545752 0.0 0.0 
0.0 0.22151640160311625 0.0 0.0 0.0 0.1261630236691331 0.12249202295599454 0.35 0.1798285517717562 0.0 0.0 
0.0 0.2284628312832273 0.0 0.0 0.0 0.14230251376728006 0.0 0.35 0.2792346549494925 0.0 0.0 
0.0 0.21829771894905287 0.0 0.0 0.2066103324234357 0.0 0.10505138832571426 0.35 0.0 0.0 0.12004056030179701 
0.0 0.2521270614723685 0.0 0.0 0.0 0.12863928699809823 0.0 0.35 0.26923365152953327 0.0 0.0 
0.12535082925256008 0.19803111002434345 0.0 0.0 0.0 0.0 0.0 0.35 0.32661806072309646 0.0 0.0 
0.0 0.2624683862098555 0.0 0.0 0.14934271180833242 0.12775463172656318 0.0 0.35 0.11043427025524895 0.0 0.0 
0.0 0.22271963266919056 0.0 0.0 0.0 0.16015859509946384 0.12038056879182218 0.35 0.14674120343952343 0.0 0.0 
0.0 0.24979318965062597 0.0 0.0 0.0 0.11104367007599071 0.0 0.35 0.2891631402733833 0.0 0.0 
0.0 0.20535978935575064 0.0 0.0 0.0 0.11599499298104016 0.0 0.35 0.32864521766320925 0.0 0.0 
0.0 0.25565810785175735 0.0 0.0 0.0 0.17253020165950064 0.0 0.35 0.2218116904887421 0.0 0.0 
0.0 0.20308131103541646 0.0 0.0 0.0 0.10384080222490967 0.10165989102978248 0.35 0.24141799570989136 0.0 0.0 
0.0 0.2660609502173909 0.0 0.0 0.0 0.18807958889933513 0.0 0.35 0.195859460883274 0.0 0.0 
0.0 0.22220645251589255 0.0 0.0 0.0 0.11057100170496365 0.0 0.35 0.3172225457791438 0.0 0.0 
0.0 0.23645636491545471 0.0 0.0 0.0 0.17024136298602505 0.0 0.35 0.2433022720985202 0.0 0.0 
0.0 0.22637823791540299 0.0 0.0 0.10883144228076652 0.10522242849861059 0.0 0.35 0.20956789130521983 0.0 0.0 
0.0 0.2295057139150254 0.0 0.0 0.0 0.1762456558911903 0.0 0.35 0.24424863019378437 0.0 0.0 
0.0 0.26535343315993754 0.0 0.0 0.0 0.20486919294750483 0.0 0.35 0.17977737389255768 0.0 0.0 
0.10537266715759037 0.19462733284240982 0.0 0.0 0.0 0.0 0.0 0.35 0.35 0.0 0.0 
0.0 0.24052058821621305 0.0 0.0 0.19488965424145063 0.10962953834388098 0.0 0.35 0.10496021919845538 0.0 0.0 
0.10898569140057195 0.20989519284897284 0.0 0.0 0.0 0.0 0.0 0.35 0.33111911575045516 0.0 0.0 
0.0 0.26963217533689776 0.0 0.0 0.0 0.12722970184128027 0.0 0.34857387360093056 0.2545642492208915 0.0 0.0 
0.0 0.30398588106627217 0.0 0.0 0.0 0.0 0.0 0.35 0.3460141189337279 0.0 0.0 
0.0 0.26697236476939284 0.0 0.0 0.0 0.10834971678498792 0.0 0.35 0.2746779184456193 0.0 0.0 
