0.003007504568926115 4.393699526592526E-5 
-0.010043500046012913 4.5231690096957116E-4 
-9.06788663570465E-5 6.869860976372485E-5 
-0.0038052320386332337 7.652863353861509E-5 
0.002849821064118694 6.859781229715765E-5 
-0.006351102367541779 1.3495325074514805E-4 
-0.003842318603836033 8.620291870020174E-5 
-0.00515934723548231 1.1211966782677645E-4 
-0.006937945279672392 1.622310503047662E-4 
-0.005486783871187986 1.2167007491408137E-4 
-0.0074964430723100835 1.8890251611921176E-4 
-0.007206664043540418 1.8215783636264433E-4 
-0.0071438859992874245 1.7353473712284143E-4 
-0.007054839676405237 1.6536002299069987E-4 
-0.00833801883914074 2.4309682475812523E-4 
0.0028803994601400975 6.009564350403458E-5 
-0.007637807041079246 1.9357807077169734E-4 
-0.007848270184076571 2.0855655549727571E-4 
0.002918975886767884 5.1922925707415306E-5 
-0.009144031066507446 3.05930119070697E-4 
-0.009729921927901505 3.673538016873948E-4 
-0.00774801010585694 2.0251627486716524E-4 
-0.008964958094120066 2.9438005443667295E-4 
-0.009170008187076657 3.136603786545552E-4 
-0.0070855260316747964 1.7140870701723573E-4 
-0.008659583936488621 2.703214832588509E-4 
-0.009442455714960116 3.384288579512789E-4 
-0.008853102585137785 2.884421583644001E-4 
0.002992306409587566 4.4241317563752196E-5 
-0.008549082744184387 2.605597430620706E-4 
-0.008438078826163067 2.5118201573283693E-4 
-0.00936796707142962 3.322900160158635E-4 
-0.00729884873027273 1.8694257020246364E-4 
-0.008280929751478391 2.3864015093796195E-4 
-0.008702971362462623 2.7427069206754754E-4 
-0.009541034189941441 3.4901294274096667E-4 
-0.009683860263305071 3.636668113445611E-4 
-0.009953740541665436 4.1656223778549533E-4 
-0.00797536316446561 2.1671688487706815E-4 
0.0028559233328776202 6.675815692606448E-5 
-0.009238035849478608 3.208951478463826E-4 
-0.008903886289023905 2.9341361062381526E-4 
0.0029042574855976206 5.470505139412935E-5 
-0.00921861724121549 3.14637796952676E-4 
-0.0077493607746506295 2.025953196606199E-4 
-0.009970226878933813 4.224418166799416E-4 
-0.007631903344374476 1.928830953966838E-4 
-0.009469368755250313 3.435967372679632E-4 
-0.009022026641708598 3.0532664700093007E-4 
-0.007892661881635217 2.1134286937897427E-4 
-0.008037806520491176 2.2093243984037454E-4 
-0.00881937454922446 2.851900305986938E-4 
-0.008143242065068121 2.2835881474747024E-4 
-0.0052502680413444415 1.1288981228007088E-4 
-0.009415949224975712 3.343452848209779E-4 
-0.008989661048025958 3.020145933232456E-4 
-0.008090110081522328 2.2456803065444434E-4 
-0.009917537053571459 4.0473659123661256E-4 
-0.009352487698251198 3.259646978137276E-4 
-0.009648168744664473 3.6014693234756064E-4 
-0.009624098537426622 3.574274742941073E-4 
-0.009894762718832028 3.980619959326402E-4 
-0.008612818808319177 2.661382895125747E-4 
-0.007939914743014633 2.1438422338645747E-4 
-0.005418846558898769 1.1814582052577958E-4 
-0.009779685560169853 3.733648161528947E-4 
-0.008404851080584051 2.484584060963176E-4 
-0.0072798309941441534 1.8533748939519084E-4 
-0.009480080049217406 3.463110903500214E-4 
-0.010031909558250188 4.4718428425501015E-4 
-0.008785597619962596 2.819729174279677E-4 
-0.009259541865365633 3.2279759379788927E-4 
-0.00849986445168115 2.5634874357541765E-4 
-0.008741879736198596 2.778680008007894E-4 
-0.00999610769263954 4.322958749831895E-4 
-0.008190655959898641 2.318246985713289E-4 
-0.009938128693661376 4.1127974995128886E-4 
-0.009580630138618663 3.531686106850616E-4 
-0.009922973901454772 4.064172967006612E-4 
-0.00930952007691133 3.259575752429701E-4 
-0.010009296526327198 4.376107768122455E-4 
-0.010026717225877236 4.4493456203737754E-4 
-0.008501004269154679 2.564453087790052E-4 
-0.010005524407675648 4.3607045212458234E-4 
-0.00823689560952445 2.3528020227068635E-4 
-0.005343279398545303 1.1517470827275553E-4 
-0.005449556333720406 1.1963885109939479E-4 
-0.00958889234491484 3.5398746315037184E-4 
-0.010042961144339278 4.520748692654547E-4 
-0.008758971594836493 2.794649214779906E-4 
-0.009782691781061803 3.7381823374938177E-4 
-0.008062670916877426 2.2264886213525906E-4 
-0.008591637289293016 2.642686556874466E-4 
-0.005338145796948446 1.1500912058042119E-4 
-0.009807224904908471 3.77903025046901E-4 
-0.008172975420225123 2.3052311801997823E-4 
-0.00824442668730793 2.3585005804242385E-4 
-0.0099447886717466 4.1349931337016235E-4 
-0.00989278384304814 3.975099163486885E-4 
-0.010019026264527626 4.416586357841951E-4 
