-0.0032936612625636104 8.205718588424226E-5 
-0.010043500046012743 4.523169009694943E-4 
-0.005814245741546866 1.4497537027171725E-4 
-0.006553330011921085 1.5310953180497385E-4 
-0.0053866840503363 1.1675911149469414E-4 
-0.004152771580968338 1.0826137580489617E-4 
-0.003449435187336521 8.290933841344274E-5 
-0.006910760312602455 1.6997868062299245E-4 
-0.0049888380278819856 1.1457608349131934E-4 
-0.007387402012762675 1.8368680538723787E-4 
-0.007169110780480263 1.7449040294501497E-4 
-0.004527186314453159 1.1052040010360547E-4 
-0.0074602746106431014 1.9956970294343434E-4 
-0.007918236340455869 2.129792678787494E-4 
-0.009251144676115479 3.164509271080979E-4 
-0.007981053362328874 2.1709540360056014E-4 
-0.007689513700839708 2.125930374133476E-4 
-0.009285013094988933 3.2842858752278305E-4 
-0.008260117578668662 2.3704369317781196E-4 
-0.008407988131484767 2.487138989045136E-4 
-0.009183320770688171 3.1415564031613235E-4 
-0.00846420148655848 2.533502504621114E-4 
-0.0042543386450756455 1.0848712054226364E-4 
-0.008194505538214611 2.321095354399764E-4 
-0.009341777964840101 3.3412278134372253E-4 
-0.007511257222775864 2.063753012479984E-4 
-0.008799449228525266 2.8328741697390377E-4 
-0.009129703066999222 3.095274306846984E-4 
-0.009473394558076652 3.4576517606870155E-4 
-0.00806296987393819 2.2266963061584957E-4 
-0.00830603077908595 2.4058567846716816E-4 
-0.008504843405920021 2.5677089305927965E-4 
-0.009432050461272722 3.390878023681348E-4 
-0.009415583590226081 3.3517987260825227E-4 
-0.008747306790711392 2.7837395645241857E-4 
-0.008569323904752187 2.62316025701925E-4 
-0.004403146843176155 1.0980983587333836E-4 
-0.008102450251454197 2.2543968835804157E-4 
-0.004378718711045454 1.0902454958334267E-4 
-0.008364033208821767 2.4516531199365974E-4 
-0.009519340428385956 3.5089781679632873E-4 
-0.008537006539324571 2.595187164828629E-4 
-0.009793979252195014 3.7561251286115935E-4 
-0.009453674107012552 3.431790372110427E-4 
-0.007642170421431137 2.107373105652259E-4 
-0.00760328286033426 2.0838084029736525E-4 
-0.008827669046802924 2.8598612763143397E-4 
-0.009289552546697784 3.2977047325856E-4 
-0.009644833199392579 3.616077317742949E-4 
-0.008858422069486931 2.889586933886365E-4 
-0.00973934388709721 3.6827555156118143E-4 
-0.010018921059026235 4.4161429086546843E-4 
-0.009014564897592017 3.045598298475811E-4 
-0.009649537689413679 3.6568997771810167E-4 
-0.010035073175366277 4.485700553184649E-4 
-0.010027444754231512 4.4524793507846785E-4 
-0.008885209288660437 2.915747839382295E-4 
-0.008337868621474832 2.4308494894600383E-4 
-0.008143200725057313 2.2835582703806191E-4 
-0.009927238564489932 4.0775919067047973E-4 
-0.009703756703936642 3.667005574938448E-4 
-0.009054624304372889 3.086993471527816E-4 
-0.009989619952129707 4.2975407155025413E-4 
-0.0075327397494374514 2.0779892702704712E-4 
-0.008979949307203524 3.010278864154334E-4 
-0.0033670612287978853 8.224955830748323E-5 
-0.009837668964469819 3.839246330860869E-4 
-0.010009197318892559 4.3757005858637563E-4 
-0.00816211456731265 2.2972898057075446E-4 
-0.00959543225250495 3.581956522567699E-4 
-0.009969163474477329 4.220532362219922E-4 
-0.008605149683973756 2.6545955158334454E-4 
-0.009622735818439539 3.584083700232607E-4 
-0.008636866864600901 2.682798965776116E-4 
-0.00955590324297869 3.5558213018666056E-4 
-0.008922045289063624 2.952130931718413E-4 
-0.00982194190913289 3.8068220096954713E-4 
-0.009867729851980124 3.909056811998398E-4 
-0.009978540492437253 4.2552407943386144E-4 
-0.00976886571938555 3.7181804382739185E-4 
-0.008909316875723806 2.939505551236406E-4 
-0.00996322654803648 4.1990746873184155E-4 
-0.009536984122181468 3.5145950559695356E-4 
-0.009000908038714752 3.0316138794310226E-4 
-0.008688933464949745 2.729857561884028E-4 
-0.008947464793837649 2.977513635108993E-4 
-0.003412627291647284 8.255650382332964E-5 
-0.009771656734237076 3.7220428469281793E-4 
-0.009937969958472766 4.112274645078532E-4 
-0.009555374379753567 3.544175387827831E-4 
-0.009917777151136224 4.048101029852346E-4 
-0.008955806202119759 2.985892035798905E-4 
-0.009949236054767368 4.1500960407148894E-4 
-0.009060616116641579 3.093233157097253E-4 
-0.008066701824185724 2.2292915048447532E-4 
-0.009812934820748298 3.78952019730088E-4 
-0.00998256365570209 4.2704391228290416E-4 
-0.008656163576568402 2.700129449725371E-4 
-0.008670036446329637 2.712668929444893E-4 
-0.008706705691825758 2.746136641637168E-4 
