0.0 0.0 0.14976328044737766 0.0 0.10047979612008569 0.16426504423301433 0.0 0.0 0.0 0.0 0.0 
0.0 0.30000864289125817 0.0 0.0 0.0 0.0 0.0 0.35 0.34999132142879236 0.0 0.0 
0.16953413579807317 0.0 0.18915085172805723 0.0 0.0 0.0 0.0 0.3163121578519059 0.0 0.0 0.0 
0.0 0.19316379618828144 0.0 0.0 0.0 0.0 0.10051427567833253 0.3452754133319172 0.34811001897803867 0.0 0.0 
0.10742037604112596 0.1925497550638968 0.0 0.0 0.0 0.0 0.0 0.35 0.35 0.0 0.0 
0.0 0.26685855035645106 0.0 0.0 0.0 0.0 0.0 0.35 0.35 0.0 0.0 
0.0 0.1958561260974817 0.0 0.0 0.0 0.0 0.1041200724017217 0.35 0.35 0.0 0.0 
0.18315588370687816 0.1428858993734539 0.0 0.0 0.0 0.0 0.0 0.3499220137556559 0.32112722106226854 0.0 0.0 
0.18945886551702912 0.0 0.220067703496076 0.0 0.0 0.0 0.0 0.3310562150277104 0.0 0.0 0.0 
0.1995067475513008 0.0 0.19521391051845863 0.0 0.0 0.0 0.0 0.28152151044832835 0.12348459575431282 0.10281439215784234 0.0 
0.16536817406656582 0.0 0.2597079708628105 0.0 0.0 0.0 0.0 0.35 0.0 0.0 0.0 
0.0 0.2790082407196874 0.0 0.0 0.0 0.0 0.0 0.35 0.35 0.0 0.0 
0.10079772755826738 0.10087022207555338 0.0 0.0 0.0 0.0 0.0 0.35 0.348073647535391 0.1002582008958901 0.0 
0.12787024919152493 0.17241738370025547 0.0 0.0 0.0 0.0 0.0 0.35 0.3497067831919756 0.0 0.0 
0.21156954474996797 0.10770749356609377 0.0 0.0 0.0 0.0 0.0 0.35 0.20569443181078365 0.10940239310844305 0.0 
0.0 0.28696868832018824 0.0 0.0 0.0 0.0 0.0 0.35 0.35 0.0 0.0 
0.1410792092571155 0.10200496623324136 0.0 0.0 0.0 0.0 0.0 0.35 0.29679378065412687 0.10739667441593924 0.0 
0.1865721883882239 0.0 0.2077080984409545 0.0 0.0 0.0 0.0 0.35 0.13431637769460653 0.10310621625859231 0.0 
0.2101386982817321 0.0 0.1744342461046567 0.0 0.0 0.0 0.0 0.3383087643260881 0.17540421365956288 0.10171407762796027 0.0 
0.19120474685742567 0.0 0.19161417541091066 0.0 0.0 0.0 0.0 0.29818896465368416 0.11600630981656344 0.10341852452339799 0.0 
0.18865125610697245 0.0 0.21293077215794035 0.0 0.0 0.0 0.0 0.3220415418295394 0.0 0.0 0.0 
0.19817206020366646 0.0 0.22773351385391302 0.0 0.0 0.0 0.0 0.34804538516499767 0.10460901319633485 0.10026341347192033 0.0 
0.23330166355762366 0.10222763705581928 0.0 0.0 0.0 0.0 0.0 0.35 0.19285741852191773 0.11695426655161602 0.0 
0.16627828158692542 0.10557502193056163 0.0 0.0 0.0 0.0 0.0 0.3477155930641145 0.2709182451007341 0.10951285831766454 0.0 
0.21524398499302494 0.0 0.29693439963125845 0.0 0.0 0.0 0.0 0.35 0.0 0.0 0.0 
0.20576531015461957 0.0 0.21077002767508896 0.0 0.0 0.0 0.0 0.33256688136511847 0.10569715037717121 0.1000152874067475 0.0 
0.2067479760328612 0.0 0.11231237709493014 0.0 0.0 0.0 0.0 0.35 0.22079514938545974 0.10689982577207137 0.0 
0.12275653593350272 0.10286969005334555 0.0 0.0 0.0 0.0 0.0 0.35 0.3198413543091069 0.10303974001499583 0.0 
0.18594451980986554 0.0 0.21749187271213022 0.0 0.0 0.0 0.0 0.3423930537684129 0.10582418065384738 0.10013548903551223 0.0 
0.13162235012371495 0.10582889735937115 0.0 0.0 0.0 0.0 0.0 0.35 0.3011998775239262 0.1036221662584152 0.0 
0.2192501956155777 0.0 0.21394884636043676 0.0 0.0 0.0 0.0 0.3492394125534319 0.115990884682501 0.10157066078805274 0.0 
0.20255395573218615 0.10364380551649854 0.0 0.0 0.0 0.0 0.0 0.35 0.23438126923384633 0.10938484066993481 0.0 
0.19127562454812083 0.0 0.18004457868209298 0.0 0.0 0.0 0.0 0.3483818507968267 0.17748943835212977 0.10280850762082969 0.0 
0.22461390761041056 0.10335228228265637 0.0 0.0 0.0 0.0 0.0 0.3460516136231988 0.19322585912932705 0.11494127985574641 0.0 
0.20909882084661938 0.0 0.2171009133372007 0.0 0.0 0.0 0.0 0.35 0.10926856646856117 0.10321490735000509 0.0 
0.1843024366169519 0.0 0.11037582329844571 0.0 0.0 0.0 0.0 0.35 0.24655055053879843 0.10712353012707038 0.0 
0.17139399793863636 0.0 0.11839073377619085 0.0 0.0 0.0 0.0 0.34855430011793465 0.255817550937118 0.1058434172301202 0.0 
0.10835288918697576 0.11071839215216552 0.0 0.0 0.0 0.0 0.0 0.34994330283743863 0.3302246519977253 0.10076076382569489 0.0 
0.10930401352531777 0.10466025998804661 0.0 0.0 0.0 0.0 0.0 0.35 0.3279317725885794 0.10742051859547491 0.0 
0.18356555726064866 0.0 0.1094525412283756 0.0 0.0 0.0 0.0 0.35 0.2409106121049164 0.10353023555988905 0.0 
0.134389678485882 0.1688440827775583 0.0 0.0 0.0 0.0 0.0 0.35 0.3450887538236576 0.0 0.0 
0.14854839256769314 0.10395607832054368 0.0 0.0 0.0 0.0 0.0 0.35 0.2893132513012891 0.10786734565987248 0.0 
0.10267492010851843 0.1027487647174293 0.0 0.0 0.0 0.0 0.0 0.35 0.3412244720907524 0.10212534564589991 0.0 
0.15803007381455464 0.10331843452572934 0.0 0.0 0.0 0.0 0.0 0.34851109167826555 0.2802722928515226 0.10422312882227841 0.0 
0.20097265018157282 0.1113434572042048 0.0 0.0 0.0 0.0 0.0 0.35 0.22356896168402243 0.1101304784403461 0.0 
0.0 0.29611760208078836 0.0 0.0 0.0 0.0 0.0 0.35 0.35 0.0 0.0 
0.17596288475264327 0.0 0.2129857695514278 0.0 0.0 0.0 0.0 0.31982491756179415 0.0 0.0 0.0 
0.18533521536726213 0.0 0.1822895233334708 0.0 0.0 0.0 0.0 0.3240968878221633 0.11384022341925586 0.10008623593745314 0.0 
0.13787708547474972 0.10245571004973653 0.0 0.0 0.0 0.0 0.0 0.3497080282667235 0.308419258924938 0.10153991728385224 0.0 
0.18286011149682613 0.14114014102363984 0.0 0.0 0.0 0.0 0.0 0.34935692945474817 0.32664281802478595 0.0 0.0 
0.1896240553438185 0.0 0.20404096211504388 0.0 0.0 0.0 0.0 0.29466888098295596 0.13088026678759349 0.10131991706617607 0.0 
0.18319202171141247 0.10359787353195032 0.0 0.0 0.0 0.0 0.0 0.34759921070383176 0.26192256838532235 0.10368832566748308 0.0 
0.17908948101350525 0.10485446207508275 0.0 0.0 0.0 0.0 0.0 0.3430212822950606 0.27207475061239833 0.10096002400395303 0.0 
0.1287793765980214 0.10350429919920097 0.0 0.0 0.0 0.0 0.0 0.35 0.3139597888812974 0.10138398197534478 0.0 
0.15071650762149674 0.10678138400785919 0.0 0.0 0.0 0.0 0.0 0.35 0.28435910839928447 0.10771640116653934 0.0 
0.10315634721338822 0.10323053806845386 0.0 0.0 0.0 0.0 0.0 0.35 0.33779663738259447 0.10158646886317221 0.0 
0.17307883991295403 0.10940436979306811 0.0 0.0 0.0 0.0 0.0 0.35 0.2508767484976793 0.11112597160696136 0.0 
0.17311638347547603 0.1329365198470446 0.0 0.0 0.0 0.0 0.0 0.3469777627375431 0.3469693339399362 0.0 0.0 
0.0 0.19732457123652186 0.0 0.0 0.0 0.0 0.10490071999871704 0.3451385690665992 0.35 0.0 0.0 
0.1771412900287938 0.0 0.19368844984223227 0.0 0.0 0.0 0.0 0.3100130955215674 0.12104887891140782 0.10000256256372231 0.0 
0.1988087929418473 0.0 0.207624778643437 0.0 0.0 0.0 0.0 0.34916397840165825 0.1438577352632123 0.1005447147498452 0.0 
0.18975495126152717 0.11295843128429225 0.0 0.0 0.0 0.0 0.0 0.35 0.2377901309457384 0.1092261996114351 0.0 
0.20781062485212604 0.0 0.1323194159440485 0.0 0.0 0.0 0.0 0.34924476069733706 0.1974532705867658 0.10524430894614832 0.0 
0.20116408519503615 0.0 0.13138852080393532 0.0 0.0 0.0 0.0 0.34806932071805885 0.20906715508888418 0.10342269736172233 0.0 
0.11672143889249662 0.18438214643522466 0.0 0.0 0.0 0.0 0.0 0.3498783210195375 0.3490180936527413 0.0 0.0 
0.1719941939200142 0.1425416351165033 0.0 0.0 0.0 0.0 0.0 0.34997282321811074 0.33549134774537187 0.0 0.0 
0.17961181066371795 0.0 0.11632037987369899 0.0 0.0 0.0 0.0 0.35 0.2320931166228915 0.11002646620705202 0.0 
0.10956830311294154 0.1906518408547209 0.0 0.0 0.0 0.0 0.0 0.35 0.3494361749272771 0.0 0.0 
0.17221679809195728 0.0 0.19267558670730786 0.0 0.0 0.0 0.0 0.3183241239810079 0.11791671264844966 0.10109844137533872 0.0 
0.0 0.27401193798816265 0.0 0.0 0.0 0.0 0.0 0.35 0.35 0.0 0.0 
0.11651049021268 0.18245548533146042 0.0 0.0 0.0 0.0 0.0 0.34907948760399865 0.3489721324874727 0.0 0.0 
0.21571102001967668 0.10911270472197966 0.0 0.0 0.0 0.0 0.0 0.35 0.2125087648193144 0.1081012180829801 0.0 
0.0 0.27186572539673326 0.0 0.0 0.0 0.0 0.0 0.35 0.35 0.0 0.0 
0.0 0.18435770835664828 0.0 0.0 0.0 0.0 0.10354260155129798 0.35 0.35 0.0 0.0 
0.15870520954941386 0.1037598313151777 0.0 0.0 0.0 0.0 0.0 0.35 0.2805868484978813 0.10466839064471689 0.0 
0.163414963918344 0.14328523631323287 0.0 0.0 0.0 0.0 0.0 0.35 0.34325520147251504 0.0 0.0 
0.17381369398549934 0.1438070027460279 0.0 0.0 0.0 0.0 0.0 0.35 0.329808653218455 0.0 0.0 
0.14677342909163366 0.16939538729642153 0.0 0.0 0.0 0.0 0.0 0.35 0.3337587572146291 0.0 0.0 
0.2014516094065217 0.0 0.19725639775569462 0.0 0.0 0.0 0.0 0.35 0.1457700731719063 0.1017164146127242 0.0 
0.20238935958004123 0.0 0.1569283279264549 0.0 0.0 0.0 0.0 0.35 0.18377598159721206 0.1031763620884809 0.0 
0.20216970874522502 0.0 0.15460848385124656 0.0 0.0 0.0 0.0 0.3496445388627908 0.19094161669851822 0.10263565184221951 0.0 
0.12859834612381843 0.10335879894239691 0.0 0.0 0.0 0.0 0.0 0.34821909925664596 0.3135184426738277 0.10122385102561161 0.0 
0.10062154836223569 0.1027956798710447 0.0 0.0 0.0 0.0 0.0 0.3493890304195439 0.3471107766362404 0.10008296471093533 0.0 
0.2078440438580609 0.0 0.18353725213049651 0.0 0.0 0.0 0.0 0.33466852773789585 0.17361511450039396 0.10033506177315267 0.0 
0.1394777059733145 0.17211389613986763 0.0 0.0 0.0 0.0 0.0 0.34929243048130165 0.33911596740551614 0.0 0.0 
0.0 0.2923876049894155 0.0 0.0 0.0 0.0 0.0 0.34944470027092706 0.35 0.0 0.0 
0.20846426732038437 0.0 0.13265438996893658 0.0 0.0 0.0 0.0 0.35 0.1978802618753071 0.10547189901318046 0.0 
0.20530014347326803 0.10903487144477714 0.0 0.0 0.0 0.0 0.0 0.35 0.21893350187207156 0.10784704247930844 0.0 
0.2213413970117198 0.0 0.1733254935141822 0.0 0.0 0.0 0.0 0.34395647564012416 0.1527718676805363 0.10860476615343753 0.0 
0.11853897633668721 0.10162630939011102 0.0 0.0 0.0 0.0 0.0 0.3493841344740344 0.32532953578572277 0.10320044937826167 0.0 
0.16798396127248252 0.0 0.3110760498364245 0.0 0.0 0.0 0.0 0.35 0.0 0.0 0.0 
0.177096446314582 0.10594028945542007 0.0 0.0 0.0 0.0 0.0 0.35 0.2473996202719632 0.11180853139132586 0.0 
0.17171441181945735 0.0 0.13927084456506225 0.0 0.0 0.0 0.0 0.35 0.22160961309164576 0.1056486253138406 0.0 
0.19921269418123194 0.0 0.165002994094173 0.0 0.0 0.0 0.0 0.34815409565945055 0.18126257649462937 0.10154998502788404 0.0 
0.16748722827916807 0.14523380626592447 0.0 0.0 0.0 0.0 0.0 0.35 0.332092931813036 0.0 0.0 
0.0 0.29042174058487547 0.0 0.0 0.0 0.0 0.0 0.35 0.35 0.0 0.0 
0.13592576623098115 0.1688507443669719 0.0 0.0 0.0 0.0 0.0 0.35 0.3434410172710979 0.0 0.0 
0.19334876158098438 0.0 0.26672939753163083 0.0 0.0 0.0 0.0 0.34973543885652253 0.0 0.0 0.0 
0.18792417044379964 0.0 0.12429931046320869 0.0 0.0 0.0 0.0 0.35 0.21650554566485025 0.11166204301215872 0.0 
0.18178380476114767 0.0 0.11772700885629679 0.0 0.0 0.0 0.0 0.35 0.2348997520968961 0.11135698469734326 0.0 
