0.0 0.30000000000000027 0.0 0.0 0.0 0.0 0.0 0.35 0.35 0.0 0.0 
0.0 0.30000000000000027 0.0 0.0 0.0 0.0 0.0 0.35 0.35 0.0 0.0 
0.0 0.0 0.16863004766213335 0.0 0.0 0.3007878431678241 0.0 0.12200971472843855 0.29245713167084825 0.0 0.11611526277075576 
0.0 0.29999999999999977 0.0 0.0 0.0 0.0 0.0 0.35 0.35 0.0 0.0 
0.0 0.0 0.0 0.0 0.0 0.0 0.2999999999999999 0.35 0.35 0.0 0.0 
0.0 0.0 0.10001650046964328 0.0 0.0 0.0 0.1999834995303568 0.35 0.35 0.0 0.0 
0.0 0.0 0.0 0.0 0.0 0.0 0.29999999999999993 0.35 0.35 0.0 0.0 
0.0 0.0 0.0 0.0 0.0 0.0 0.3202378203331031 0.32976217966689686 0.35 0.0 0.0 
0.0 0.0 0.2104372399018394 0.0 0.0 0.1511586036325641 0.0 0.2884041564655967 0.35 0.0 0.0 
0.0 0.0 0.20042589908270375 0.0 0.0 0.16920144323993866 0.0 0.28037265767735764 0.35 0.0 0.0 
0.0 0.0 0.19273440425644053 0.0 0.0 0.0 0.0 0.32973640824497263 0.34897011683814183 0.0 0.12855907066044492 
0.0 0.0 0.19384967909983084 0.0 0.0 0.11678642389863425 0.0 0.3393638970015352 0.35 0.0 0.0 
0.0 0.0 0.0 0.0 0.0 0.0 0.3073464617846001 0.34265353821540007 0.35 0.0 0.0 
0.0 0.0 0.16860835942853972 0.0 0.0 0.13139164057146022 0.0 0.35 0.35 0.0 0.0 
0.0 0.0 0.173607287158362 0.0 0.0 0.2877531816047976 0.0 0.12557659106086758 0.3034985437567951 0.0 0.10956439641917776 
0.0 0.0 0.21836444127410157 0.0 0.0 0.17324767186209142 0.0 0.25854853464851996 0.34983935221528717 0.0 0.0 
0.0 0.0 0.17208197925009158 0.0 0.0 0.28940273250671555 0.0 0.12240968269585811 0.2978434486074356 0.0 0.11826215693989905 
0.0 0.0 0.21240416323214445 0.0 0.0 0.1276001673132346 0.0 0.30999566945462087 0.35 0.0 0.0 
0.0 0.0 0.16657765358368906 0.0 0.0 0.2685724147912173 0.0 0.14762965432909872 0.30611373888858157 0.0 0.11110653840741327 
0.0 0.0 0.16079242376120267 0.0 0.0 0.19781858795004306 0.0 0.1958267877087748 0.34038357535602415 0.0 0.10517862522395523 
0.0 0.0 0.17040144332438711 0.0 0.0 0.24311313539712287 0.0 0.16268166092141156 0.317519878377402 0.0 0.1062838819796766 
0.0 0.0 0.22452141544952864 0.0 0.0 0.1817955198167515 0.0 0.24368306473371998 0.35 0.0 0.0 
0.0 0.0 0.19192221802881243 0.0 0.0 0.11562520822505996 0.0 0.3459326485029653 0.3465199252431621 0.0 0.0 
0.0 0.0 0.15898001330947747 0.0 0.0 0.1654812344352163 0.0 0.21579665354305524 0.34495954703522275 0.0 0.11478255167702826 
0.0 0.0 0.16272579257031733 0.0 0.0 0.2891023587671585 0.0 0.14373483081938335 0.2923046049116612 0.0 0.11213241293147974 
0.0 0.0 0.1744521744731967 0.0 0.0 0.23318824416200004 0.0 0.16656458353554257 0.31691070729867876 0.0 0.10888429053058205 
0.0 0.0 0.1735742974051807 0.0 0.0 0.2837996659107892 0.0 0.1353731180689091 0.2911559143432778 0.0 0.11609700427184316 
0.0 0.0 0.17683416021834494 0.0 0.0 0.28192502047392826 0.0 0.13411249625746893 0.3032856944354091 0.0 0.10384262861484884 
0.0 0.0 0.11410853230803185 0.0 0.0 0.0 0.18589146769196804 0.35 0.35 0.0 0.0 
0.0 0.0 0.17333689212213382 0.0 0.0 0.2473011642488467 0.0 0.14825745732414197 0.32298968735941447 0.0 0.10811479894546291 
0.0 0.0 0.17317363071169906 0.0 0.0 0.24706823785687598 0.0 0.1653282585074119 0.2969562245948594 0.0 0.11747364832915362 
0.0 0.0 0.17001297322962225 0.0 0.0 0.22709755640857368 0.0 0.16221405174634265 0.3346350974164311 0.0 0.10604032119903027 
0.0 0.0 0.20948368017434835 0.0 0.0 0.1258457095797345 0.0 0.31467061024591725 0.35 0.0 0.0 
0.0 0.0 0.21290363562680742 0.0 0.0 0.17346923889017313 0.0 0.2636271254830194 0.35 0.0 0.0 
0.0 0.0 0.0 0.0 0.0 0.0 0.3111296927286051 0.3388703072713949 0.35 0.0 0.0 
0.0 0.0 0.17733180695454281 0.0 0.0 0.21800884273801152 0.0 0.164253745804491 0.3338568021956285 0.0 0.10654880230732612 
0.0 0.0 0.21425804986961114 0.0 0.0 0.12871387545115834 0.0 0.3070280746792305 0.35 0.0 0.0 
0.0 0.0 0.21699218533090534 0.0 0.0 0.21354640581572037 0.0 0.21946140885337434 0.35 0.0 0.0 
0.0 0.0 0.14722324836553202 0.0 0.0 0.0 0.15277675163446797 0.35 0.35 0.0 0.0 
0.0 0.0 0.21252884933308636 0.0 0.0 0.20249129588450884 0.0 0.23497985478240488 0.35 0.0 0.0 
0.0 0.0 0.1933556035282937 0.0 0.0 0.0 0.0 0.3408015210843618 0.35 0.0 0.11584287538734443 
0.0 0.0 0.17139004354027884 0.0 0.0 0.0 0.12860995645972118 0.35 0.35 0.0 0.0 
0.0 0.0 0.21746347756737092 0.0 0.0 0.11337395771528844 0.0 0.31918778012489746 0.34997478459244324 0.0 0.0 
0.0 0.0 0.19108061079649646 0.0 0.0 0.20470890020184923 0.0 0.25421048900165427 0.35 0.0 0.0 
0.0 0.0 0.17632346416651096 0.0 0.0 0.21892253137525336 0.0 0.16989584024670212 0.3324879845152442 0.0 0.10237017969628942 
0.0 0.0 0.18006207467126067 0.0 0.0 0.15164747317693605 0.0 0.3182904521518031 0.35 0.0 0.0 
0.0 0.0 0.21937619923550303 0.0 0.0 0.13083835526138618 0.0 0.30005693374087283 0.349728511762238 0.0 0.0 
0.0 0.0 0.1929380449963418 0.0 0.0 0.20669881069388024 0.0 0.250363144309778 0.35 0.0 0.0 
0.0 0.0 0.1955805889280859 0.0 0.0 0.0 0.0 0.3382423908567639 0.3441597568977635 0.0 0.12201726331738667 
0.0 0.0 0.15700980311993565 0.0 0.0 0.16508771832162528 0.0 0.21310962825863294 0.34559953330450516 0.0 0.1191933169953009 
0.0 0.0 0.21599108125074448 0.0 0.0 0.16664973012260828 0.0 0.26735918862664737 0.35 0.0 0.0 
0.0 0.0 0.1952324208304636 0.0 0.0 0.0 0.0 0.335357773565395 0.34853999492662624 0.0 0.12086981067751516 
0.0 0.0 0.16481952420366844 0.0 0.0 0.26692119395860125 0.0 0.15502678863272054 0.3031489557130229 0.0 0.11008353749198677 
0.0 0.0 0.14708290425948156 0.0 0.0 0.2260734761103602 0.0 0.1754453638918779 0.3456842288238335 0.0 0.10571402691444683 
0.0 0.0 0.20332936667113682 0.0 0.0 0.20542658554880583 0.0 0.24124404778005742 0.35 0.0 0.0 
0.0 0.0 0.1871397048510517 0.0 0.0 0.13411015300546011 0.0 0.22020199934008414 0.3452419779761253 0.0 0.11330616482727865 
0.0 0.0 0.14446331615197214 0.0 0.0 0.22419650582185924 0.0 0.18356911287899413 0.339527494978118 0.0 0.10824357016905646 
0.0 0.0 0.17918372863356524 0.0 0.0 0.0 0.0 0.34839533658627236 0.34839533658627236 0.0 0.12402559819389011 
0.0 0.0 0.22578167559498938 0.0 0.0 0.13154475295226817 0.0 0.29267357145274253 0.35 0.0 0.0 
0.0 0.0 0.21226951266594268 0.0 0.0 0.11245046420318434 0.0 0.32680330382979933 0.3484767193010735 0.0 0.0 
0.0 0.0 0.20418963514637198 0.0 0.0 0.12127114392207987 0.0 0.3245392209315482 0.35 0.0 0.0 
0.0 0.0 0.19226899107062018 0.0 0.0 0.17843164836724662 0.0 0.19420071421119722 0.33049886299640574 0.0 0.10459978335453027 
0.0 0.0 0.16719293128687907 0.0 0.0 0.1783975051991181 0.0 0.20443719961390475 0.34424112962132813 0.0 0.10573123427876986 
0.0 0.0 0.15679591769379925 0.0 0.0 0.21562206088864147 0.0 0.18876385976557292 0.3382611167127623 0.0 0.100557044939224 
0.0 0.0 0.20449740367870894 0.0 0.0 0.12363460811527834 0.0 0.3218679882060126 0.35 0.0 0.0 
0.0 0.0 0.19071583324116115 0.0 0.0 0.1592976725854584 0.0 0.2999864941733805 0.35 0.0 0.0 
0.0 0.0 0.0 0.0 0.0 0.0 0.31552221567442407 0.33447778432557607 0.35 0.0 0.0 
0.0 0.0 0.15986384223625286 0.0 0.0 0.1966761791115839 0.0 0.18403224557755485 0.3420701794564205 0.0 0.11735755361818795 
0.0 0.0 0.18848015108269545 0.0 0.0 0.20365655221562456 0.0 0.1701066423766688 0.3352594564987091 0.0 0.102497197826302 
0.0 0.0 0.17404284689001803 0.0 0.0 0.0 0.12719928764222135 0.3493987174675651 0.3493591480001954 0.0 0.0 
0.0 0.0 0.19920098514038037 0.0 0.0 0.11687536392064829 0.0 0.33392365093897125 0.35 0.0 0.0 
0.0 0.0 0.1604489814178101 0.0 0.0 0.22040859680090713 0.0 0.17039094177893188 0.3459181729868426 0.0 0.10283330701550837 
0.0 0.0 0.1633498216320698 0.0 0.0 0.28093192659504485 0.0 0.13959707284031983 0.30776676542462966 0.0 0.10835441350793583 
0.0 0.0 0.21221661476152218 0.0 0.0 0.10896469291249652 0.0 0.3311625456806335 0.3476561466453478 0.0 0.0 
0.0 0.0 0.19907122236738933 0.0 0.0 0.0 0.0 0.35 0.3404619765981916 0.0 0.11046680103441898 
0.0 0.0 0.20124383563415651 0.0 0.0 0.2061736261529355 0.0 0.2425825382129081 0.35 0.0 0.0 
0.0 0.0 0.18145830031112417 0.0 0.0 0.19606930278858334 0.0 0.2724723969002925 0.35 0.0 0.0 
0.0 0.0 0.1715785915712858 0.0 0.0 0.2478066985136572 0.0 0.14980974022793242 0.3298472254889997 0.0 0.10095774419812499 
0.0 0.0 0.1400943391984535 0.0 0.0 0.0 0.15990566080154653 0.35 0.35 0.0 0.0 
0.0 0.0 0.16439732440229235 0.0 0.0 0.1893230768319727 0.0 0.20385451698862891 0.3384617629490103 0.0 0.10396331882809567 
0.0 0.0 0.2166783575157821 0.0 0.0 0.13016785665332237 0.0 0.3031537858308956 0.35 0.0 0.0 
0.0 0.0 0.19268766359425565 0.0 0.0 0.0 0.0 0.34441438836493743 0.34399984269469175 0.0 0.11889810534611518 
0.0 0.0 0.16891098928518272 0.0 0.0 0.2733190947579963 0.0 0.1423183570394197 0.3024425587324474 0.0 0.11300900018495391 
0.0 0.0 0.17635100599478948 0.0 0.0 0.2357263907332124 0.0 0.16630271086404352 0.31154541137870606 0.0 0.11007448102924854 
0.0 0.0 0.20374129363991997 0.0 0.0 0.1805376569879018 0.0 0.26572104937217816 0.35 0.0 0.0 
0.0 0.0 0.15717480502928396 0.0 0.0 0.17546004079760164 0.0 0.21284552227178483 0.34117637637591586 0.0 0.11334325552541358 
0.0 0.0 0.20375237239230826 0.0 0.0 0.17064270168967707 0.0 0.2756049259180147 0.35 0.0 0.0 
0.0 0.0 0.16773957203868153 0.0 0.0 0.20432755554119214 0.0 0.1976510423376344 0.32859430272373213 0.0 0.1016875273587598 
0.0 0.0 0.14551305787960175 0.0 0.0 0.0 0.0 0.35 0.35 0.0 0.1544869421203982 
0.0 0.0 0.12406304836974796 0.0 0.0 0.0 0.0 0.35 0.35 0.0 0.17593695163025208 
0.0 0.0 0.17873991415206977 0.0 0.0 0.16439594165401902 0.0 0.30686414419391117 0.35 0.0 0.0 
0.0 0.0 0.1434570192759393 0.0 0.0 0.22263480663458127 0.0 0.18229041438482468 0.33716242773042787 0.0 0.11445533197422694 
0.0 0.0 0.16607913087339796 0.0 0.0 0.2640332089834347 0.0 0.15621100166476992 0.3027522188374216 0.0 0.1109244396409757 
0.0 0.0 0.18152923950144642 0.0 0.0 0.0 0.0 0.3453920841982089 0.3498172712075817 0.0 0.12326140509276283 
0.0 0.0 0.17797709425316363 0.0 0.0 0.15960757608100937 0.0 0.20861104324270358 0.34532398598578323 0.0 0.10848030043734035 
0.0 0.0 0.1400943391984535 0.0 0.0 0.0 0.15990566080154653 0.35 0.35 0.0 0.0 
0.0 0.0 0.16439732440229235 0.0 0.0 0.1893230768319727 0.0 0.20385451698862891 0.3384617629490103 0.0 0.10396331882809567 
0.0 0.0 0.18604960282753183 0.0 0.0 0.21171268242556876 0.0 0.2522377147468993 0.35 0.0 0.0 
0.0 0.0 0.11372433597463763 0.0 0.0 0.0 0.18627566402536236 0.35 0.35 0.0 0.0 
0.0 0.0 0.18114593791427708 0.0 0.0 0.25815157726400834 0.0 0.13700980358155443 0.3192247691691739 0.0 0.10446791207098632 
