-0.006240447275198117 4.247225494564403E-5 
-0.014792454096347137 5.123216769488406E-4 
-0.014375090156358936 4.3027257787585263E-4 
-0.014332857104745824 3.6345603138865487E-4 
-0.007123376020629169 4.8227785642671156E-5 
-0.007698177301412772 5.259460569030587E-5 
-0.0144877931608229 4.6997478696997655E-4 
-0.0071238435790036405 4.8238883462718056E-5 
-0.014466873187814653 4.3883916986734247E-4 
-0.00924974009831046 7.44905430422799E-5 
-0.014048627737706564 3.214687533921603E-4 
-0.008894669269202907 7.054009203660048E-5 
-0.012735586793349074 1.847933129677656E-4 
-0.00903296149925377 7.157697536581891E-5 
-0.013778649574733836 2.795251721795789E-4 
-0.014549285834413115 4.780778550613833E-4 
-0.012604677304768918 1.7875921113553084E-4 
-0.008616627590437733 6.995138997742868E-5 
-0.014088282869164867 3.309206406123354E-4 
-0.013364649136670587 2.3609924490599843E-4 
-0.011915545120332802 1.4488343389192586E-4 
-0.011331470296555138 1.174124915014046E-4 
-0.013945530690528674 3.1385430226631313E-4 
-0.008492909364319847 6.473955795279989E-5 
-0.013801375064854161 2.978247711231081E-4 
-0.009875187713726178 8.134402300827143E-5 
-0.014604423887176334 4.8553459797298453E-4 
-0.009760861033646992 7.987565438536538E-5 
-0.008283638309788302 6.267410247801796E-5 
-0.014228758686723752 3.507785488491605E-4 
-0.010033699530617467 8.447643863868653E-5 
-0.014283131779180497 3.55941643230684E-4 
-0.01251395419372685 1.7527748593690407E-4 
-0.01318282588721994 2.1649186511965535E-4 
-0.0078499023576296 5.503287130595965E-5 
-0.009558364844481856 7.944577298404459E-5 
-0.01323459302026876 2.2182592738098875E-4 
-0.011961285416070609 1.5130324269761183E-4 
-0.011463225094910063 1.2205680287942206E-4 
-0.013844663714919395 3.044355571249728E-4 
-0.01124403182828778 1.1401446368585968E-4 
-0.013500021356333495 2.494257052677693E-4 
-0.01237994285758264 1.7292634007501262E-4 
-0.010274840580438278 8.647066341715833E-5 
-0.009434658074238786 7.570709663748656E-5 
-0.013099523112918477 2.1125298089680203E-4 
-0.008107485333551689 6.102234937673219E-5 
-0.012003035599145446 1.5733382595278474E-4 
-0.013913850673966218 3.088156526362203E-4 
-0.010381537519814233 8.801412325940105E-5 
-0.011059504663275748 1.0746167845429335E-4 
-0.013531638263346588 2.5555050257649795E-4 
-0.014168030738980406 3.360054932776775E-4 
-0.012827191582132642 1.9061096679238364E-4 
-0.010473414468186224 9.030168994378345E-5 
-0.010963562212469871 1.0340698827070356E-4 
-0.014212258371802294 3.4125623984968196E-4 
-0.010682636013773856 9.44583396793383E-5 
-0.011635651954122807 1.3066245253452925E-4 
-0.007970699678448611 5.90049084341041E-5 
-0.011571961113756718 1.26482338073618E-4 
-0.0121651532045985 1.6226727106485137E-4 
-0.010826580491083568 9.971178540379836E-5 
-0.013459551632960835 2.4246693646593395E-4 
-0.013706683766932399 2.727482674315782E-4 
-0.01285742345363175 1.9224537219965487E-4 
-0.013321891374408108 2.2914169571557112E-4 
-0.012903116590835251 1.9876512361525686E-4 
-0.013295395952924607 2.2758972910596966E-4 
-0.011805479597855996 1.39456974266847E-4 
-0.008562154724662494 6.726843875720436E-5 
-0.010826580491083568 9.971178540379836E-5 
-0.014709548364999525 5.002518842917656E-4 
-0.012254590296386937 1.6503152526221849E-4 
-0.008203977353625902 6.137385348700444E-5 
-0.01306698098505801 2.0763494014319905E-4 
-0.011673924983351949 1.339933136183647E-4 
-0.012315582232979103 1.7026322923740202E-4 
-0.013648252950193758 2.6599793683973564E-4 
-0.007936568922566743 5.736969037480261E-5 
-0.009471233195209724 7.792975916425821E-5 
-0.011510042685684539 1.2463069483553205E-4 
-0.014651243276666982 4.920081545595864E-4 
-0.014332698476409642 3.634472870641776E-4 
-0.01360125055457242 2.5892458368320843E-4 
-0.01468894158386861 4.973152230797245E-4 
-0.014405304057947935 4.3267478423717495E-4 
-0.014746924358792185 5.056426975699384E-4 
-0.013657387809048972 2.664699489033944E-4 
-0.014438565280212047 4.3696089874496226E-4 
-0.013467490668224445 2.4308746610953152E-4 
-0.014760404485341657 5.076073285716039E-4 
-0.011169381816846296 1.0949197587523363E-4 
-0.013803845406307646 2.979773431994292E-4 
-0.010140385116685942 8.542101130207071E-5 
-0.011177457148708447 1.0976611531934066E-4 
-0.012079493296856909 1.5985500593611256E-4 
-0.012295343631040588 1.665132838965993E-4 
-0.010638484635188865 9.367915977768592E-5 
-0.011733669850659701 1.3641042019313441E-4 
