0.0 0.3000000000000002 0.0 0.0 0.0 0.0 0.0 0.3499999999999999 0.3499999999999999 0.0 0.0 
0.20558233553870026 0.0 0.10462620836413343 0.23400257470295904 0.0 0.0 0.35 0.10578888139420733 0.0 0.0 0.0 
0.20558233553870026 0.0 0.10462620836413343 0.23400257470295904 0.0 0.0 0.35 0.10578888139420733 0.0 0.0 0.0 
0.0 0.3000000000000002 0.0 0.0 0.0 0.0 0.0 0.3499999999999999 0.3499999999999999 0.0 0.0 
0.0 0.3135311864020313 0.0 0.0 0.0 0.0 0.0 0.35 0.3364688135979687 0.0 0.0 
0.10275939391720133 0.31100488621680517 0.0 0.0 0.0 0.0 0.0 0.3499553566050029 0.23628036326099072 0.0 0.0 
0.1805127712423319 0.34464251036802346 0.0 0.0 0.0 0.0 0.0 0.35 0.1248447183896447 0.0 0.0 
0.1713205759385973 0.13012569177443709 0.11114468501813915 0.0 0.0 0.0 0.33959951010042944 0.2478095371683971 0.0 0.0 0.0 
0.1665332272217251 0.10025477012336596 0.11166101448566211 0.12345722217729883 0.0 0.0 0.34340368558847645 0.1546900804034716 0.0 0.0 0.0 
0.16696853186770536 0.34398125489962533 0.0 0.0 0.0 0.0 0.0 0.35 0.1390502132326693 0.0 0.0 
0.0 0.3192223448778843 0.0 0.0 0.0 0.0 0.0 0.35 0.3307776551221158 0.0 0.0 
0.12415419177757715 0.286378332228882 0.0 0.0 0.0 0.0 0.0 0.35 0.23946747599354085 0.0 0.0 
0.2526587292421673 0.34549232285036796 0.0 0.0 0.0 0.0 0.0 0.30182797534843214 0.10002097255903254 0.0 0.0 
0.2219944418815966 0.33953930828502893 0.0 0.0 0.0 0.0 0.0 0.3381792094567565 0.10028704037661791 0.0 0.0 
0.22379015224797572 0.11327495196687598 0.0 0.12278135284286502 0.0 0.0 0.3436018108934175 0.19655173204886575 0.0 0.0 0.0 
0.10529621904263244 0.29904135182969266 0.0 0.0 0.0 0.0 0.0 0.35 0.24566242912767494 0.0 0.0 
0.0 0.33352646992197 0.0 0.0 0.0 0.0 0.0 0.35 0.31647353007803003 0.0 0.0 
0.21763455616641347 0.1459654320325275 0.0 0.0 0.0 0.0 0.35 0.28640001180105906 0.0 0.0 0.0 
0.18483485397855934 0.11922977736733602 0.11297425378908138 0.10539134107637076 0.0 0.0 0.26713091995979915 0.21043885382885347 0.0 0.0 0.0 
0.1545117988749524 0.35 0.0 0.0 0.0 0.0 0.0 0.35 0.14548820112504765 0.0 0.0 
0.15769682569900842 0.33770297292178697 0.0 0.0 0.0 0.0 0.0 0.35 0.15460020137920458 0.0 0.0 
0.19688410885441207 0.0 0.10413212649745812 0.20767371176978075 0.0 0.0 0.3474008440583793 0.14390920881996963 0.0 0.0 0.0 
0.10464461261187924 0.32278915164473976 0.0 0.0 0.0 0.0 0.0 0.35 0.22256623574338105 0.0 0.0 
0.1733734334775368 0.1145483363825646 0.1028299640585145 0.12485663636469913 0.0 0.0 0.29436904824012566 0.1900225814765592 0.0 0.0 0.0 
0.10198122378509643 0.35 0.0 0.0 0.0 0.0 0.0 0.35 0.19801877621490363 0.0 0.0 
0.0 0.3397706696373639 0.0 0.0 0.0 0.0 0.0 0.35 0.3102293303626361 0.0 0.0 
0.1113004503246309 0.308579662654126 0.0 0.0 0.0 0.0 0.0 0.35 0.23011988702124306 0.0 0.0 
0.16495072623607995 0.15275723767971866 0.0 0.0 0.0 0.0 0.35 0.33229203608420127 0.0 0.0 0.0 
0.10355015293045057 0.2632214004895108 0.0 0.0 0.0 0.0 0.0 0.35 0.28322844658003865 0.0 0.0 
0.11027629883003673 0.2706654932577274 0.0 0.0 0.0 0.0 0.0 0.35 0.2690582079122359 0.0 0.0 
0.0 0.31157622973305654 0.0 0.0 0.0 0.0 0.0 0.348416105655234 0.3400076646117094 0.0 0.0 
0.19122697730691088 0.193469234245212 0.0 0.0 0.0 0.0 0.35 0.26530378844787694 0.0 0.0 0.0 
0.107515579699526 0.29190428853505274 0.0 0.0 0.0 0.0 0.0 0.35 0.25058013176542127 0.0 0.0 
0.10556502763195855 0.28606366623465546 0.0 0.0 0.0 0.0 0.0 0.35 0.2583713061333861 0.0 0.0 
0.10332329083691069 0.31895304669777447 0.0 0.0 0.0 0.0 0.0 0.35 0.22772366246531492 0.0 0.0 
0.0 0.3363881558944749 0.0 0.0 0.0 0.0 0.0 0.35 0.31361184410552506 0.0 0.0 
0.0 0.3079710357108457 0.0 0.0 0.0 0.0 0.0 0.34964499018983625 0.342383974099318 0.0 0.0 
0.14887136609948207 0.3095530928596486 0.0 0.0 0.0 0.0 0.103022158700995 0.32760893478559105 0.1109444475542832 0.0 0.0 
0.35 0.3092384624260394 0.0 0.0 0.0 0.0 0.0 0.34076153757396044 0.0 0.0 0.0 
0.0 0.32932204305128676 0.0 0.0 0.0 0.0 0.0 0.35 0.32067795694871326 0.0 0.0 
0.2016573302783092 0.0 0.10262867089512899 0.22953496646099864 0.0 0.0 0.3433177535047593 0.12286127886080388 0.0 0.0 0.0 
0.0 0.3026618265583824 0.0 0.0 0.0 0.0 0.0 0.35 0.3473381734416176 0.0 0.0 
0.184097201680087 0.13641062175598548 0.11200233734342653 0.0 0.0 0.0 0.35 0.21748983922050108 0.0 0.0 0.0 
0.0 0.3050644662872538 0.0 0.0 0.0 0.0 0.0 0.35 0.3449355337127461 0.0 0.0 
0.11055136810729087 0.35 0.0 0.0 0.0 0.0 0.0 0.35 0.18944863189270925 0.0 0.0 
0.14804170771881542 0.10770600620330964 0.12093314636955486 0.0 0.0 0.0 0.35 0.2733191397083202 0.0 0.0 0.0 
0.19977675574530254 0.0 0.10501445161039165 0.18571171662726524 0.0 0.0 0.35 0.1594970760170406 0.0 0.0 0.0 
0.1067992837740993 0.3410955349443671 0.0 0.0 0.0 0.0 0.0 0.35 0.2021051812815337 0.0 0.0 
0.11610077526679646 0.31851970573528265 0.0 0.0 0.0 0.0 0.0 0.3468955149684268 0.2184840040294942 0.0 0.0 
0.16067280620332453 0.11453498443345687 0.11475145982221174 0.1035048572969413 0.0 0.0 0.34857911660005986 0.15795677564400573 0.0 0.0 0.0 
0.17911854985108744 0.10234193623876756 0.10648694938456076 0.11282907709885198 0.0 0.0 0.32692731211530734 0.17229617531142505 0.0 0.0 0.0 
0.12065246218744126 0.34914920442167513 0.0 0.0 0.0 0.0 0.0 0.34914920442167513 0.1810491289692085 0.0 0.0 
0.0 0.35 0.0 0.0 0.0 0.0 0.0 0.35 0.30000000000000004 0.0 0.0 
0.13974494936079496 0.3439324933384851 0.0 0.0 0.0 0.0 0.0 0.35 0.16632255730071993 0.0 0.0 
0.16879450933830378 0.14119487952485565 0.12356360607423009 0.0 0.0 0.0 0.2857854354742611 0.2806615695883493 0.0 0.0 0.0 
0.1779863335115699 0.10135050883628403 0.1109077375098709 0.0 0.0 0.0 0.31153191125563173 0.2982235088866433 0.0 0.0 0.0 
0.13871778344348384 0.35 0.0 0.0 0.0 0.0 0.0 0.35 0.16128221655651617 0.0 0.0 
0.23831934786336728 0.34694283802071685 0.0 0.0 0.0 0.0 0.0 0.3079799931289621 0.10675782098695365 0.0 0.0 
0.14128316839367583 0.14196690476737006 0.12556491054479982 0.0 0.0 0.0 0.2981153555414518 0.2930696607527024 0.0 0.0 0.0 
0.20415357857351438 0.0 0.103953971556579 0.23149627267753345 0.0 0.0 0.34565278557268464 0.11474339161968863 0.0 0.0 0.0 
0.1838628562343816 0.10480262783770057 0.1116078329969026 0.12707804381070512 0.0 0.0 0.2717853535145659 0.20086328560574415 0.0 0.0 0.0 
0.10266704469644243 0.2721946204827437 0.0 0.0 0.0 0.0 0.0 0.35 0.275138334820814 0.0 0.0 
0.18181249213090991 0.11325978964832534 0.11365807379945776 0.1046025418355256 0.0 0.0 0.28232733346191985 0.20433976912386156 0.0 0.0 0.0 
0.19525730932393123 0.2290120400283307 0.0 0.0 0.0 0.0 0.2846684412238607 0.2910622094238773 0.0 0.0 0.0 
0.18286379682634848 0.35 0.0 0.0 0.0 0.0 0.0 0.35 0.11713620317365162 0.0 0.0 
0.11803239296708531 0.34156713715813436 0.0 0.0 0.0 0.0 0.0 0.35 0.19040046987478038 0.0 0.0 
0.10630754453391185 0.2698140225874522 0.0 0.0 0.0 0.0 0.0 0.35 0.27387843287863595 0.0 0.0 
0.10340958087863751 0.29325615557987594 0.0 0.0 0.0 0.0 0.0 0.34970203059271177 0.25363223294877474 0.0 0.0 
0.20856952052886352 0.34198569989293987 0.0 0.0 0.0 0.0 0.0 0.3449289275087922 0.10451585206940443 0.0 0.0 
0.218117547158654 0.18817181993906723 0.0 0.0 0.0 0.0 0.28544236325089145 0.30826826965138726 0.0 0.0 0.0 
0.0 0.32471773799315257 0.0 0.0 0.0 0.0 0.0 0.35 0.32528226200684734 0.0 0.0 
0.1270173588531293 0.31091736446756074 0.0 0.0 0.0 0.0 0.0 0.35 0.21206527667931002 0.0 0.0 
0.10413414972964663 0.2894379529130128 0.0 0.0 0.0 0.0 0.0 0.35 0.2564278973573407 0.0 0.0 
0.17275240466052502 0.3387312372359941 0.0 0.0 0.0 0.0 0.13851635810348095 0.35 0.0 0.0 0.0 
0.1109024172792162 0.32801426836528996 0.0 0.0 0.0 0.0 0.0 0.3498137186097813 0.21126959574571258 0.0 0.0 
0.10840376214233231 0.26289409294156835 0.0 0.0 0.0 0.0 0.0 0.35 0.27870214491609946 0.0 0.0 
0.17591871233221276 0.13973179875021802 0.12931243594814135 0.0 0.0 0.0 0.31735592395694845 0.23768112901247948 0.0 0.0 0.0 
0.19596314792449643 0.15867235606415184 0.0 0.0 0.0 0.0 0.35 0.29536449601135173 0.0 0.0 0.0 
0.1047819357867051 0.2781609111959497 0.0 0.0 0.0 0.0 0.0 0.35 0.2670571530173452 0.0 0.0 
0.106488199409629 0.33744677983618354 0.0 0.0 0.0 0.0 0.0 0.35 0.20606502075418753 0.0 0.0 
0.12094646423597265 0.35 0.0 0.0 0.0 0.0 0.0 0.35 0.1790535357640274 0.0 0.0 
0.2123350958527092 0.1884198923200642 0.0 0.0 0.0 0.0 0.3408653710203773 0.25837964080684933 0.0 0.0 0.0 
0.0 0.3466521612457463 0.0 0.0 0.0 0.0 0.0 0.35 0.3033478387542537 0.0 0.0 
0.0 0.3208191096207212 0.0 0.0 0.0 0.0 0.0 0.35 0.32918089037927883 0.0 0.0 
0.18109968949560973 0.13418955322765316 0.1101786900103168 0.0 0.0 0.0 0.3443012210126357 0.23023084625378462 0.0 0.0 0.0 
0.10650117686216955 0.2801762994584791 0.0 0.0 0.0 0.0 0.0 0.35 0.26332252367935133 0.0 0.0 
0.2016429345259594 0.26245715751027293 0.0 0.0 0.0 0.0 0.1858999079637677 0.35 0.0 0.0 0.0 
0.18513698022806227 0.19486188368937682 0.0 0.0 0.0 0.0 0.31194829452930667 0.30805284155325424 0.0 0.0 0.0 
0.1776629798321405 0.10151027556379015 0.11374789923645988 0.11191219483273786 0.0 0.0 0.3242706046202681 0.1708960459146036 0.0 0.0 0.0 
0.1748214959219868 0.10440317107274971 0.11138717471741498 0.0 0.0 0.0 0.3383714425456098 0.27101671574223873 0.0 0.0 0.0 
0.11284689204676304 0.3296709461561978 0.0 0.0 0.0 0.0 0.0 0.35 0.20748216179703932 0.0 0.0 
0.20856952052886352 0.34198569989293987 0.0 0.0 0.0 0.0 0.0 0.3449289275087922 0.10451585206940443 0.0 0.0 
0.21861431322281752 0.2949184954454826 0.0 0.0 0.0 0.0 0.13646719133169993 0.35 0.0 0.0 0.0 
0.20633261229389327 0.0 0.10440520372904542 0.20901868811500027 0.0 0.0 0.35 0.13024349586206097 0.0 0.0 0.0 
0.0 0.3431606227131049 0.0 0.0 0.0 0.0 0.0 0.35 0.30683937728689514 0.0 0.0 
0.10840376214233231 0.26289409294156835 0.0 0.0 0.0 0.0 0.0 0.35 0.27870214491609946 0.0 0.0 
0.23403784020625115 0.1079787616974361 0.0 0.1147617404665095 0.0 0.0 0.3401108569573996 0.2031108006724037 0.0 0.0 0.0 
0.18286379682634848 0.35 0.0 0.0 0.0 0.0 0.0 0.35 0.11713620317365162 0.0 0.0 
0.2063326122938933 0.0 0.10440520372904544 0.2090186881150003 0.0 0.0 0.35 0.13024349586206105 0.0 0.0 0.0 
0.19778954171253046 0.0 0.1049008745264414 0.19559251719211354 0.0 0.0 0.3486345037940871 0.15308256277482754 0.0 0.0 0.0 
