-0.01066835838195402 0.008605547393948892 
-0.0029479194666722774 7.933176771914984E-5 
-0.01066835838195402 0.008605547393948892 
-0.005282013827795498 1.5937725143357393E-4 
-0.0043083067475010225 1.504554185915081E-4 
-0.010655175015484238 0.00771591751209674 
-0.010658968022595215 0.008573362296863467 
-0.010631940305748011 0.006885740949383436 
-0.010628928771591741 0.006207838657328669 
-0.003196058206103143 1.0044225182381524E-4 
-0.0037205172288844127 1.0616015947710652E-4 
-0.010347959267109644 0.005282056005345356 
-0.004258570018111039 1.4158175771690284E-4 
-0.009487907533668374 0.0033822532102933734 
-0.01064369123828393 0.007012981340871393 
-0.005829648328910772 2.1080956379984511E-4 
-0.00851969516728917 0.0014882761723991065 
-0.006641446294670266 2.8168729438723364E-4 
-0.009246739704118852 0.0028137108677269655 
-0.009779798413253278 0.004153581765532843 
-0.0064495573510225425 2.7729857502394983E-4 
-0.003897903406966884 1.3593021895365776E-4 
-0.006300869408070228 2.4539993631846415E-4 
-0.01050805193510642 0.005799641642277139 
-0.005990986128108623 2.2800050330214439E-4 
-0.0061377334896446974 2.397423457246266E-4 
-0.0073631712986961155 4.909936168740996E-4 
-0.009725753353402259 0.004003273465018712 
-0.005618230358032779 1.8965423654526735E-4 
-0.010648898837771134 0.007323437212964595 
-0.010095190766490535 0.004518304197696945 
-0.008234828704037852 0.00114896192875634 
-0.007481635005585 5.5027524198894E-4 
-0.00918383551756197 0.00271248216344224 
-0.008860677697448086 0.0020318183970670536 
-0.00781898732124275 7.634689502777247E-4 
-0.007231434709507316 4.7052775355688116E-4 
-0.009686498621364753 0.003908700628510731 
-0.010570945880809982 0.006029361130799129 
-0.008618315299593334 0.0016200011631228766 
-0.005425558635372942 1.729533668256739E-4 
-0.007731913748606949 6.992558934833413E-4 
-0.010548973678897292 0.005936156940611458 
-0.010137797488788366 0.004642455487998422 
-0.006961254581283193 3.4969798988779705E-4 
-0.008154398360830494 0.0010642330280787062 
-0.0031297535343842993 9.16263737543141E-5 
-0.010056401026687237 0.004406892547607094 
-0.007653179879151744 6.461136566163075E-4 
-0.009139384438333845 0.002608499698073446 
-0.007565416557804354 5.923846738260353E-4 
-0.008875778065672477 0.002142708822156801 
-0.010407476529013596 0.005474603725858437 
-0.009307611486237126 0.003008616013449717 
-0.009449258791410849 0.0032940393409021163 
-0.009578487993883451 0.0036092883771155397 
-0.00878606795640664 0.0019185571314085722 
-0.009643056099730266 0.00377426246797022 
-0.00936130096623065 0.003119705264035666 
-0.008433304300994614 0.0013789100832656792 
-0.010371132214270044 0.005474456668316595 
-0.007904093415249395 8.317543774791108E-4 
-0.010288289411312919 0.0050958584404307665 
-0.010021444043506498 0.0043078098974912455 
-0.008294233658820638 0.001234813830476144 
-0.010169152967544726 0.004735009881467557 
-0.01060709485628087 0.006185388701866618 
-0.008346626629011339 0.001274835250387108 
-0.00871879141443014 0.001799046738697852 
-0.010462868683434665 0.005650902854708514 
-0.009618656958601507 0.003715824900491253 
-0.008938802901295173 0.0022285758735942976 
-0.005537952804256988 1.859156307300507E-4 
-0.008037197693789303 9.677816452480407E-4 
-0.008096060606345407 0.00100582881825067 
-0.0037379407303551274 1.2267915549942244E-4 
-0.01065188480169388 0.007507667016728917 
-0.006821333388775769 3.019664510494263E-4 
-0.010216067568769964 0.004875372354436347 
-0.009037594229293245 0.002378801528569509 
-0.009970151068991975 0.004164690478554765 
-0.00867667661501291 0.0017239333642202494 
-0.009087865132659878 0.002531929849874972 
-0.010652759094912118 0.0075624675587895925 
-0.009077393784479254 0.0024613632560654994 
-0.009578487993883451 0.0036092883771155397 
-0.006825179958734503 3.032812796470158E-4 
-0.008409563126118133 0.0013498405958578506 
-0.009992625524809543 0.004227067697935091 
-0.010462868683434667 0.005650902854708516 
-0.008735726921925702 0.0018986546815121523 
-0.007983674894338506 9.005471187481386E-4 
-0.010253317057442108 0.004988424011535047 
-0.010198984172811783 0.004823999967962295 
-0.01064920084236606 0.007341864440917138 
-0.006998089551020064 4.088057612051386E-4 
-0.009007000887281536 0.0023173530862409877 
-0.003897903406966884 1.3593021895365776E-4 
-0.007128589685668473 4.281944983162199E-4 
-0.009314995312790956 0.003015315676200237 
