4.7312573463794295E-4 1.0047534329451773E-4 
-0.01066835838195402 0.008605547393948892 
-0.01066835838195402 0.008605547393948892 
-0.0036779010586514326 1.1020615036847915E-4 
-6.387454693451512E-4 1.0939946416947021E-4 
-0.010628928771591741 0.006207838657328669 
-0.004226070642811609 1.5551205955803115E-4 
-0.01065658079818567 0.008565190774178177 
-0.010655189434339792 0.007716842249480446 
-0.010637476203594017 0.006909642601967149 
-0.005284762724846242 1.5777650097937928E-4 
5.628914941223416E-5 1.0672443449512219E-4 
-6.387454693451512E-4 1.0939946416947021E-4 
-0.00896430586855188 0.002368206841069717 
-0.009238385753565441 0.0027924391042572806 
-0.010089991829618738 0.004503282384665466 
-0.009316556604366814 0.002994532735967177 
-0.009360698590823394 0.0030801303445754744 
-0.01055331992070639 0.006018961316067358 
-0.01002025775897258 0.0043044694366712564 
-0.010422850078429559 0.005520912194951578 
-0.006247207473662756 2.397267276529713E-4 
-0.010283929968482987 0.005082397948699564 
-0.010333125959821719 0.005235428532724591 
-0.005990038136272179 2.1583639939351738E-4 
-0.01018573425501674 0.004784361320396502 
-0.00893623285915321 0.0021697810359756734 
-0.009076704336105535 0.002484079491739985 
-0.01047972753350309 0.0057061559072366826 
-0.010650360269356798 0.0074130391779211316 
-0.010647473146467707 0.007237072783876883 
-0.00850470956322541 0.0014689018909701944 
-0.007583287421757847 6.028544779077614E-4 
-0.008132932809512286 0.0011239039941605224 
-0.01053879423339314 0.0059116626551991005 
2.4591865778495733E-4 1.0235292416462506E-4 
-0.007819873493275002 7.659140421422482E-4 
-0.003953082764710211 1.312205212431526E-4 
-0.0065196473034605205 2.891167980687055E-4 
-0.008204744883642912 0.001228532652855902 
-0.0074226277486262385 5.17377422359134E-4 
-0.005554461261138462 1.8290719417609865E-4 
-0.009429695413454585 0.003281268157575569 
-0.006848193884091297 3.055733267833901E-4 
-0.009629034669986162 0.00374535586242215 
-0.009705067659797947 0.00395890109422202 
-0.009670931227112316 0.0038622610104734147 
-0.006996476781882046 3.8065938310772804E-4 
-0.005685447474197395 1.9422610622802248E-4 
-0.00772969938116949 6.976974161192445E-4 
-0.008584766589985516 0.0015743679515580586 
-0.00977497173728904 0.004147311361075851 
-0.006364340473934969 2.7644970871133637E-4 
-0.008673773390443023 0.0017203756482557086 
-0.005873061264516317 2.0728925782434639E-4 
-0.009128691780526565 0.0025537333213218245 
-0.010499831206920142 0.005772424165731543 
-0.008688203595052749 0.0018440881921863944 
-0.010228667537138083 0.004936858730374779 
-0.009750492246035063 0.004074458016417029 
-0.004125051074045181 1.4366513773447025E-4 
-0.0037869738096496927 1.2171203548272764E-4 
-0.00957558474588164 0.0035995302471428696 
-0.010389283542671858 0.005413144780049311 
-0.01012600458680983 0.004607906125831682 
-0.008893768333083214 0.002110090976459676 
-0.010151119714749326 0.004681656667219564 
-0.01036605107388677 0.005339231483827237 
-0.005344083574009418 1.7817937188683E-4 
-0.008422634977861807 0.001365793638629338 
-0.008629029493784596 0.00163475344603238 
-0.008768925589337173 0.0018952884386160952 
-0.01064414877552548 0.007039705421054815 
-0.008105632687291642 0.001015235858236683 
-0.008848672963457808 0.002014534653196392 
-0.0094638317249547 0.003408744328323827 
-0.007643241862956245 6.397380460016347E-4 
-0.007914255385584112 8.402728068272204E-4 
-0.009524735231930866 0.003470952509442845 
-0.01064544219990465 0.007115828105445465 
-0.010249721998821138 0.0049774510830130556 
-0.009590631732877806 0.0036491290958341888 
-0.009159969653260276 0.0026717643489055478 
-0.00832947801205068 0.0012549158260958823 
-0.010652315543307016 0.007534617260268025 
-0.010655189434339792 0.007716842249480446 
-0.0073648791644272465 4.914070616862607E-4 
-0.009186853777872992 0.0026955355329517775 
-0.00881846769129517 0.0019575689521715484 
-0.008017849683866377 9.315542218637529E-4 
-0.00669513888468186 3.0273608585707125E-4 
-0.00998937211454086 0.004218005915863501 
4.247705069823013E-4 1.0072320016078467E-4 
-0.007950931121579598 8.716642982753184E-4 
-0.007224655070941608 4.8530730808361546E-4 
-0.0071874881472981786 4.595694380822576E-4 
-0.009970151068991975 0.004164690478554762 
-0.00944236021572489 0.003293309627284481 
-0.008024982190293708 9.952188085989868E-4 
-0.007093364281937049 4.1863171663328205E-4 
