-0.014955806920304897 5.382172823917211E-4 
-0.003365925218293028 3.584199394608983E-5 
-0.003365925218293028 3.584199394608983E-5 
-0.014955806920304897 5.382172823917211E-4 
-0.00696456845787882 4.090799716563822E-5 
-0.003721840555967759 4.0549913465045874E-5 
-0.01337814818523091 2.603375609626944E-4 
-0.014451110526049122 4.341333349286286E-4 
-0.011518493652524652 1.2408254019949012E-4 
-0.013670506531051447 2.968239554862219E-4 
-0.007874188687817071 4.508783305449909E-5 
-0.01311073007202963 2.2359994631498243E-4 
-0.014134305266365034 3.5659084441672545E-4 
-0.0138524435268696 3.052644610610326E-4 
-0.010931119756031388 1.0313558470753816E-4 
-0.014033928603042905 3.3029784846353284E-4 
-0.00844874063781573 5.0345846972788555E-5 
-0.010687219356194577 9.600459209758563E-5 
-0.01486144398535582 5.040190781587183E-4 
-0.012247812073222043 1.6793189035114108E-4 
-0.012550348518355882 1.8927880768656612E-4 
-0.013460699300628305 2.716411994908199E-4 
-0.01301491975374685 2.150550913426417E-4 
-0.014203438214067842 3.672088295701229E-4 
-0.01206966777638072 1.521139246079166E-4 
-0.008064062902429335 4.7356514909794136E-5 
-0.00942512769242977 7.017521210622531E-5 
-0.011240957983580296 1.1389594426197922E-4 
-0.008269105821697636 4.812358869045734E-5 
-0.01483459557685937 4.949544830664073E-4 
-0.014487705733323423 4.481385501485818E-4 
-0.00898937917282551 5.951185405167624E-5 
-0.010353308965878995 8.790199422878934E-5 
-0.014096263610816593 3.404417059072465E-4 
-0.00916122275806638 6.31497237078179E-5 
-0.011661771805368624 1.310108771361802E-4 
-0.014511735878980008 4.587992264181514E-4 
-0.010135486998714215 8.228344403539161E-5 
-0.013276700490739389 2.4734209208596267E-4 
-0.012805717219597529 2.0209498372959924E-4 
-0.009282686618855045 6.577429225263446E-5 
-0.014347742828365947 4.122198116470609E-4 
-0.01360585045280805 2.8998718888917515E-4 
-0.013199836541135636 2.3262572826915725E-4 
-0.00728204093818451 4.181569910817588E-5 
-0.013585059645606568 2.8240049209473213E-4 
-0.014122219120751995 3.4556949698957774E-4 
-0.014341498275406277 4.0270908827859576E-4 
-0.014787898508819203 4.8120716489312193E-4 
-0.011985387047378167 1.4573232044799624E-4 
-0.010531653467194285 9.226090919799566E-5 
-0.009778426228129787 7.459056837498777E-5 
-0.014886276491224343 5.154806600040696E-4 
-0.00884122914845459 5.7749519819877876E-5 
-0.014314698827524277 3.959103337768476E-4 
-0.013534040602321181 2.7528659077779807E-4 
-0.008666159036677088 5.3993050050051014E-5 
-0.011063340137959643 1.0824559646645742E-4 
-0.014904537818777333 5.191849132077271E-4 
-0.013229114471203578 2.3657499266683198E-4 
-0.011367540800838157 1.1749787717495922E-4 
-0.014809797191369094 4.8684395932016225E-4 
-0.011852798242086914 1.3777749484626223E-4 
-0.010266528974213113 8.460085391794098E-5 
-0.011722461080035457 1.3416935989281976E-4 
-0.013983899507988257 3.21703006029195E-4 
-0.01427845443672722 3.891821067731316E-4 
-0.012686232943907418 1.9541422815522874E-4 
-0.014932703433929013 5.29507606263318E-4 
-0.014410553671126309 4.2280147218288794E-4 
-0.009973235588059072 7.854955008314089E-5 
-0.01232695857062771 1.7781110885634743E-4 
-0.01287712859227282 2.0821158020315793E-4 
-0.00735379875585155 4.186797781092958E-5 
-0.011895788926606749 1.421085482086133E-4 
-0.007578966900671761 4.266743907663779E-5 
-0.012257933017894868 1.7622074929865558E-4 
-0.013902201070155126 3.1102972464978787E-4 
-0.014265714206893442 3.8330766178544735E-4 
-0.003595144046894582 3.830126723206895E-5 
-0.014541400041200636 4.694950493599518E-4 
-0.009909417957265769 7.806036520532365E-5 
-0.003493081163569999 3.792270944057819E-5 
-0.014226391405469632 3.7341421716486413E-4 
-0.012144685636251564 1.5898758384069126E-4 
-0.007578966900671761 4.266743907663779E-5 
-0.014386383450425814 4.1920286740040864E-4 
-0.014536723051282549 4.686212375262475E-4 
-0.012741574942499253 1.9558983434617513E-4 
-0.012458916759625079 1.8352896002782224E-4 
-0.009593308097849217 7.217895311053781E-5 
-0.014493855712061689 4.5165868938478436E-4 
-0.013265552895291651 2.458161233984803E-4 
-0.014250203090076689 3.775498946948743E-4 
-0.012427310160042858 1.8285393096596704E-4 
-0.014760401119012383 4.714380987751533E-4 
-0.00868172679972534 5.638036261730176E-5 
-0.012144685636251564 1.5898758384069126E-4 
-0.014760401119012386 4.714380987751535E-4 
-0.010592775822233894 9.473599789483372E-5 
