0.0 0.30000000000000027 0.0 0.0 0.0 0.0 0.0 0.35 0.35 0.0 0.0 
0.0 0.0 0.0 0.18144675713815925 0.0 0.0 0.31140268866436904 0.18942969616844937 0.0 0.0 0.3177208580290223 
0.0 0.30000000000000027 0.0 0.0 0.0 0.0 0.0 0.35 0.35 0.0 0.0 
0.0 0.0 0.0 0.18144675713815925 0.0 0.0 0.31140268866436904 0.18942969616844937 0.0 0.0 0.3177208580290223 
0.0 0.20339017319470049 0.0 0.14809332872679534 0.0 0.0 0.12250057126765705 0.3499999999999999 0.17601592681084716 0.0 0.0 
0.0 0.0 0.0 0.1766038181169432 0.0 0.0 0.18260699670106564 0.3223419837195727 0.10639702166074497 0.0 0.2120501798016735 
0.0 0.22469275017528909 0.0 0.10996659466379713 0.0 0.0 0.14005608239490183 0.34236548942364126 0.18291908334237073 0.0 0.0 
0.0 0.2652884245339828 0.0 0.0 0.0 0.0 0.10501153714599187 0.35 0.2797000383200253 0.0 0.0 
0.0 0.3430407542552721 0.0 0.10673880748482564 0.0 0.0 0.0 0.34940499511254614 0.200815443147356 0.0 0.0 
0.0 0.23422673742809377 0.0 0.0 0.0 0.0 0.10089236857149428 0.35 0.31488089400041197 0.0 0.0 
0.0 0.25635467707652093 0.0 0.0 0.0 0.0 0.10205774105240546 0.35 0.29158758187107375 0.0 0.0 
0.0 0.3035103147538345 0.0 0.11256019942865521 0.0 0.0 0.0 0.34972250401687804 0.23420698180063235 0.0 0.0 
0.0 0.15950637750958688 0.0 0.11391644444047788 0.0 0.0 0.12368201913173256 0.3484583540412627 0.1414457327482671 0.0 0.1129910721286729 
0.0 0.0 0.0 0.18027034173065634 0.0 0.0 0.27435791548005983 0.23138290677923057 0.0 0.0 0.3139888360100532 
0.0 0.21354522642633758 0.0 0.0 0.0 0.0 0.10006884413580304 0.35 0.33638592943785944 0.0 0.0 
0.0 0.0 0.0 0.16961623259820774 0.0 0.0 0.17233040498826147 0.33599718298877523 0.10282096909568332 0.0 0.2192352103290722 
0.0 0.24930385100155938 0.0 0.10260632425128359 0.0 0.0 0.1026229198370321 0.34889448139724455 0.19657242351288043 0.0 0.0 
0.0 0.336023146266749 0.0 0.0 0.0 0.0 0.0 0.35 0.3139768537332509 0.0 0.0 
0.0 0.0 0.0 0.17989571588760597 0.0 0.0 0.29856146552304413 0.20527997638439266 0.0 0.0 0.31626284220495726 
0.0 0.0 0.0 0.17400818044838987 0.0 0.0 0.21439645582228378 0.27702351639738876 0.10050530068884132 0.0 0.23406654664309617 
0.0 0.2617613124266041 0.0 0.10339000534699724 0.0 0.0 0.1056956812022188 0.35 0.1791530010241799 0.0 0.0 
0.0 0.35 0.0 0.11469300471392434 0.0 0.0 0.0 0.35 0.18530699528607558 0.0 0.0 
0.0 0.24794332633317218 0.0 0.0 0.0 0.0 0.10240790551823535 0.35 0.29964876814859254 0.0 0.0 
0.0 0.24041361542061648 0.0 0.0 0.0 0.0 0.10164184138963914 0.35 0.30794454318974446 0.0 0.0 
0.0 0.3182668076210753 0.0 0.0 0.0 0.0 0.0 0.35 0.33173319237892473 0.0 0.0 
0.0 0.0 0.0 0.1557879393282526 0.0 0.0 0.2473481624064634 0.2832278007109239 0.0 0.0 0.31363609755436017 
0.0 0.0 0.0 0.16843196419198928 0.0 0.0 0.25268712609044136 0.27485468008663166 0.0 0.0 0.3040262296309378 
0.0 0.13843902901092578 0.0 0.1254186405689925 0.0 0.0 0.1366080069012416 0.35 0.12665198676644385 0.0 0.12288233675239628 
0.0 0.21999771058768133 0.0 0.0 0.0 0.0 0.10284730097352786 0.35 0.3271549884387909 0.0 0.0 
0.0 0.0 0.0 0.17446986798695197 0.0 0.0 0.2870066339323929 0.21884630494918067 0.0 0.0 0.3196771931314746 
0.0 0.1194636371092638 0.0 0.11763119637657907 0.0 0.0 0.1486809688665505 0.3431677282266644 0.10220327804218476 0.0 0.16885319137875748 
0.0 0.23099218043635783 0.0 0.1608657693411097 0.0 0.0 0.11568634056211091 0.3478354340525994 0.14462027560782204 0.0 0.0 
0.0 0.3262314129161221 0.0 0.0 0.0 0.0 0.0 0.35 0.3237685870838779 0.0 0.0 
0.0 0.23756938780139433 0.0 0.1170934854058653 0.0 0.0 0.10890474467512494 0.35 0.1864323821176154 0.0 0.0 
0.0 0.21577501652097442 0.0 0.10163735679287678 0.0 0.0 0.1152128441765275 0.35 0.21737478250962133 0.0 0.0 
0.0 0.1168923863174999 0.0 0.1326408806120403 0.0 0.0 0.14349814384066376 0.33710116538249457 0.10314232471113073 0.0 0.1667250991361707 
0.0 0.0 0.0 0.17134111657060616 0.0 0.0 0.19636899900443242 0.2835854004705602 0.10144658282513024 0.0 0.24725790112927093 
0.0 0.35 0.0 0.0 0.0 0.0 0.0 0.35 0.29999999999999993 0.0 0.0 
0.0 0.3011029303272295 0.0 0.0 0.0 0.0 0.10026558520880345 0.35 0.2486314844639671 0.0 0.0 
0.0 0.0 0.0 0.16871320154145766 0.0 0.0 0.2429236007502914 0.2697109496823888 0.0 0.0 0.3186522480258621 
0.0 0.0 0.0 0.17304136466057687 0.0 0.0 0.2700868766261353 0.24252264771530196 0.0 0.0 0.31434911099798585 
0.0 0.3465871430394711 0.0 0.0 0.0 0.0 0.13699697994010496 0.35 0.16641587702042404 0.0 0.0 
0.0 0.31423024759543483 0.0 0.0 0.0 0.0 0.10573623085844004 0.35 0.23003352154612505 0.0 0.0 
0.0 0.33782589636070187 0.0 0.11435985178052661 0.0 0.0 0.0 0.35 0.1978142518587715 0.0 0.0 
0.0 0.3084607206251637 0.0 0.0 0.0 0.0 0.0 0.35 0.3415392793748363 0.0 0.0 
0.0 0.0 0.0 0.14956968559643707 0.0 0.0 0.2520147915622423 0.294157899805187 0.0 0.0 0.30425762303613346 
0.0 0.35 0.0 0.0 0.0 0.0 0.12606800854598454 0.35 0.1739319914540155 0.0 0.0 
0.0 0.0 0.0 0.1747958835617487 0.0 0.0 0.2148664812178332 0.29440874234612935 0.0 0.0 0.3159288928742888 
0.0 0.1150336398528995 0.0 0.13053171186575896 0.0 0.0 0.1295231755848198 0.3317408025812299 0.10150222275541611 0.0 0.19166844735987584 
0.0 0.33873264280738624 0.0 0.0 0.0 0.0 0.14906823325168952 0.35 0.16219912394092426 0.0 0.0 
0.0 0.0 0.0 0.17482884642725946 0.0 0.0 0.16896982526091572 0.34413529424325534 0.10110724706149343 0.0 0.210958787007076 
0.0 0.0 0.0 0.19302711870742195 0.0 0.0 0.19089626794783945 0.29776014333168277 0.10569112848474989 0.0 0.21262534152830587 
0.0 0.0 0.0 0.1708696414585312 0.0 0.0 0.1985517607254717 0.2918419711216109 0.10083903359902706 0.0 0.23789759309535916 
0.0 0.2929805065935723 0.0 0.0 0.0 0.0 0.1001410502991331 0.35 0.2568784431072946 0.0 0.0 
0.0 0.0 0.0 0.17567144430872528 0.0 0.0 0.23338291336419764 0.259546117512877 0.10725103181303465 0.0 0.2241484930011654 
0.0 0.1223506076298159 0.0 0.11630029885358427 0.0 0.0 0.15227400842629757 0.35 0.10467313295327968 0.0 0.15440195213702257 
0.0 0.135065018009327 0.0 0.12664933929064923 0.0 0.0 0.11472632535200146 0.3497744245574582 0.14185355598523536 0.0 0.13193133680532873 
0.0 0.205884178595941 0.0 0.1077405208098015 0.0 0.0 0.10701612106159542 0.35 0.22935917953266213 0.0 0.0 
0.0 0.11202276479039751 0.0 0.13397304211207092 0.0 0.0 0.1416830016219543 0.33673627705318976 0.11694511722694727 0.0 0.15863979719544016 
0.0 0.0 0.0 0.16003856100788644 0.0 0.0 0.28769260003765906 0.2552166134137569 0.0 0.0 0.2970522255406976 
0.0 0.12184208930224656 0.0 0.11997316573022572 0.0 0.0 0.15164112130299448 0.35 0.10423808642967032 0.0 0.152305537234863 
0.0 0.2206792294025508 0.0 0.0 0.0 0.0 0.10084122827856679 0.35 0.32847954231888243 0.0 0.0 
0.0 0.30195841716960947 0.0 0.0 0.0 0.0 0.11814943410915114 0.35 0.2298921487212394 0.0 0.0 
0.0 0.23759794112688348 0.0 0.11853562601121871 0.0 0.0 0.11382505576221923 0.34643964353938805 0.18360173356029055 0.0 0.0 
0.0 0.0 0.0 0.17574425636258398 0.0 0.0 0.29208954024936595 0.2116509847970739 0.0 0.0 0.32051521859097615 
0.0 0.11171537053561384 0.0 0.11061486916011572 0.0 0.0 0.12230274075962323 0.35 0.16779856817803185 0.0 0.13756845136661544 
0.0 0.0 0.0 0.1420285545978149 0.0 0.0 0.15968360047776048 0.35 0.11997378438907423 0.0 0.22831406053535036 
0.0 0.0 0.0 0.1897586867374182 0.0 0.0 0.13503632103530103 0.35 0.10751091295960406 0.0 0.21769407926767678 
0.0 0.0 0.0 0.16367273178545563 0.0 0.0 0.17888412958248354 0.35 0.10273307188432547 0.0 0.20471006674773534 
0.0 0.31133966505351174 0.0 0.0 0.0 0.0 0.0 0.35 0.3386603349464883 0.0 0.0 
0.0 0.0 0.0 0.17615239195653745 0.0 0.0 0.28013030906973646 0.25431611849158725 0.0 0.0 0.28940118048213875 
0.0 0.34183479852802195 0.0 0.0 0.0 0.0 0.1140629572727899 0.35 0.19410224419918815 0.0 0.0 
0.0 0.127434616362886 0.0 0.11632924534691723 0.0 0.0 0.14632054993623303 0.3499999999999999 0.11761734469345281 0.0 0.14229824366051091 
0.0 0.1407506699366171 0.0 0.10632215812679129 0.0 0.0 0.11370831076882972 0.35 0.16920465320744635 0.0 0.12001420796031559 
0.0 0.35 0.0 0.0 0.0 0.0 0.0 0.35 0.2999999999999999 0.0 0.0 
0.0 0.3319067526778044 0.0 0.0 0.0 0.0 0.0 0.35 0.31809324732219557 0.0 0.0 
0.0 0.3377742252690252 0.0 0.0 0.0 0.0 0.11003461643400879 0.35 0.20219115829696618 0.0 0.0 
0.0 0.23510244353728116 0.0 0.15123860479295567 0.0 0.0 0.10995021721038344 0.3467075053097171 0.15700122914966255 0.0 0.0 
0.0 0.0 0.0 0.18531642597094847 0.0 0.0 0.15776928183624642 0.31847020341664095 0.10002655959023496 0.0 0.23841752918592923 
0.0 0.2796391817740231 0.0 0.0 0.0 0.0 0.10146878501002138 0.35 0.26889203321595556 0.0 0.0 
0.0 0.0 0.0 0.16686546048699008 0.0 0.0 0.16344282850114425 0.3460707093233554 0.12128667276132053 0.0 0.2023343289271899 
0.0 0.35 0.0 0.0 0.0 0.0 0.11650998111173613 0.35 0.18349001888826405 0.0 0.0 
0.0 0.3000000000000002 0.0 0.0 0.0 0.0 0.0 0.3499999999999999 0.3499999999999999 0.0 0.0 
0.0 0.1481703697698145 0.0 0.11932586246490634 0.0 0.0 0.11752057088123496 0.3434190430997534 0.16923499800469946 0.0 0.10232915577959138 
0.0 0.0 0.0 0.1873158079934174 0.0 0.0 0.16443438247352207 0.35 0.12393992459743448 0.0 0.17430988493562616 
0.0 0.13998727599680033 0.0 0.11116922740853445 0.0 0.0 0.11309158734302423 0.35 0.16828693248252524 0.0 0.1174649767691158 
0.0 0.20095388185529114 0.0 0.10104632438840382 0.0 0.0 0.11347291420846499 0.35 0.23452687954784018 0.0 0.0 
0.0 0.30977906602804534 0.0 0.0 0.0 0.0 0.10118017380172861 0.35 0.23904076017022605 0.0 0.0 
0.0 0.0 0.0 0.1832907126938596 0.0 0.0 0.18301961420672064 0.3061125324009503 0.10887426122178871 0.0 0.21870287947668077 
0.0 0.0 0.0 0.1512052284200565 0.0 0.0 0.238357952992189 0.30998040274287453 0.0 0.0 0.3004564158448801 
0.0 0.20095388185529114 0.0 0.10104632438840382 0.0 0.0 0.11347291420846499 0.35 0.23452687954784018 0.0 0.0 
0.0 0.32372851075194375 0.0 0.0 0.0 0.0 0.11111344679336621 0.35 0.2151580424546901 0.0 0.0 
0.0 0.31200003420020733 0.0 0.0 0.0 0.0 0.14341085680704674 0.35 0.19458910899274598 0.0 0.0 
0.0 0.0 0.0 0.1688165357495447 0.0 0.0 0.2557318178817241 0.3022743227880116 0.0 0.0 0.2731773235807194 
0.0 0.2768026388125206 0.0 0.0 0.0 0.0 0.1068464114759939 0.35 0.2663509497114855 0.0 0.0 
0.0 0.0 0.0 0.17189139681705023 0.0 0.0 0.26340127687769316 0.24844442128472766 0.0 0.0 0.316262905020529 
0.0 0.13506501800932696 0.0 0.1266493392906492 0.0 0.0 0.11472632535200143 0.34977442455745816 0.14185355598523533 0.0 0.1319313368053287 
0.0 0.30716537362499025 0.0 0.0 0.0 0.0 0.10228434478840824 0.35 0.24055028158660163 0.0 0.0 
0.0 0.32421539061015325 0.0 0.0 0.0 0.0 0.1099136313266455 0.35 0.21587097806320116 0.0 0.0 
0.0 0.2423922113342638 0.0 0.13982004764296888 0.0 0.0 0.12311600303392682 0.34291870411837583 0.15175303387046457 0.0 0.0 
