0.0 0.30000000000000027 0.0 0.0 0.0 0.0 0.0 0.35 0.35 0.0 0.0 
0.0 0.0 0.0 0.1848533272951346 0.0 0.0 0.31352189201895797 0.18737667200811872 0.0 0.0 0.31424810867778863 
0.0 0.30000000000000027 0.0 0.0 0.0 0.0 0.0 0.35 0.35 0.0 0.0 
0.0 0.21349672018975804 0.0 0.0 0.0 0.0 0.10159718735093863 0.35 0.3349060924593033 0.0 0.0 
0.0 0.21739097849918512 0.0 0.0 0.0 0.0 0.11297956564997426 0.35 0.3196294558508406 0.0 0.0 
0.0 0.14538003573442487 0.0 0.11192715470137449 0.0 0.0 0.13493459885529874 0.35 0.10006320127791918 0.0 0.15769500943098272 
0.0 0.1267031072552464 0.0 0.13204771983214883 0.0 0.0 0.1355446777713598 0.3469391928021148 0.11037246038323785 0.0 0.14839284195589236 
0.0 0.12715328722698516 0.0 0.12863958059098915 0.0 0.0 0.1310184401675595 0.35 0.1351178760139475 0.0 0.12807081600051867 
0.0 0.25878176321206514 0.0 0.0 0.0 0.0 0.10399015177109329 0.35 0.28722808501684166 0.0 0.0 
0.0 0.2669513435774454 0.0 0.0 0.0 0.0 0.1080568296307497 0.35 0.274991826791805 0.0 0.0 
0.0 0.23900284224089238 0.0 0.10074124098411773 0.0 0.0 0.10566025091891226 0.35 0.20459566585607777 0.0 0.0 
0.0 0.33411961969989806 0.0 0.0 0.0 0.0 0.1637465278773881 0.35 0.15213385242271388 0.0 0.0 
0.0 0.3082901915637317 0.0 0.0 0.0 0.0 0.1673201755040996 0.35 0.17438963293216866 0.0 0.0 
0.0 0.0 0.0 0.16059291711917292 0.0 0.0 0.1595339533557917 0.35 0.11242112784119285 0.0 0.21745200168384243 
0.0 0.0 0.0 0.18596003944610265 0.0 0.0 0.3022387137393877 0.2078832137423272 0.0 0.0 0.3039180330721825 
0.0 0.0 0.0 0.14159000702857827 0.0 0.0 0.24801624607280898 0.29846821934061774 0.0 0.0 0.3119255275579949 
0.0 0.2569550101876071 0.0 0.10247363779670565 0.0 0.0 0.12195980531413345 0.35 0.168611546701554 0.0 0.0 
0.0 0.35 0.0 0.0 0.0 0.0 0.0 0.35 0.2999999999999999 0.0 0.0 
0.0 0.25609033828236744 0.0 0.10249635567306489 0.0 0.0 0.10717749218230267 0.35 0.18423581386226515 0.0 0.0 
0.0 0.0 0.0 0.18312847626051632 0.0 0.0 0.310596445299998 0.1949591927479478 0.0 0.0 0.3113158856915379 
0.0 0.16746120264691827 0.0 0.11623064273366564 0.0 0.0 0.10926871613691214 0.35 0.133495403196889 0.0 0.12354403528561497 
0.0 0.23839158945617545 0.0 0.1303651569025611 0.0 0.0 0.10051431454895303 0.35 0.1807289390923105 0.0 0.0 
0.0 0.2569059099929598 0.0 0.0 0.0 0.0 0.10005736658175685 0.35 0.2930367234252833 0.0 0.0 
0.0 0.1272939827241398 0.0 0.12653768696408244 0.0 0.0 0.18512468612274033 0.3155929359667839 0.10580359440104233 0.0 0.13964711382121123 
0.0 0.0 0.0 0.1733074899205157 0.0 0.0 0.18413556426476424 0.3211283307441292 0.10117555461058438 0.0 0.22025306046000653 
0.0 0.34399250531667785 0.0 0.0 0.0 0.0 0.17111876466377524 0.35 0.13488873001954696 0.0 0.0 
0.0 0.26270034010478654 0.0 0.12185931208392836 0.0 0.0 0.13716904851669923 0.3407449357808468 0.13752636351373912 0.0 0.0 
0.0 0.0 0.0 0.1809716447277827 0.0 0.0 0.29160166319854286 0.21678956909037114 0.0 0.0 0.31063712298330315 
0.0 0.0 0.0 0.187232056263457 0.0 0.0 0.2023019331018308 0.29415676706898564 0.10344370488103499 0.0 0.2128655386846915 
0.0 0.0 0.0 0.16200082105108854 0.0 0.0 0.25845140630080926 0.265879061055531 0.0 0.0 0.3136687115925713 
0.0 0.0 0.0 0.18924220262124433 0.0 0.0 0.19716060863061022 0.284343224234856 0.10240475774853573 0.0 0.2268492067647537 
0.0 0.35 0.0 0.0 0.0 0.0 0.13047005327341746 0.3473812801371376 0.17214866658944514 0.0 0.0 
0.0 0.2365882730308178 0.0 0.0 0.0 0.0 0.10323468271818106 0.35 0.3101770442510012 0.0 0.0 
0.0 0.0 0.0 0.17242307232460508 0.0 0.0 0.2763579438947756 0.2536166494323992 0.0 0.0 0.2976023343482202 
0.0 0.1366421866592755 0.0 0.13484515093313504 0.0 0.0 0.15142273656849484 0.3370470125886283 0.10129774377584558 0.0 0.13874516947462093 
0.0 0.335007320298756 0.0 0.0 0.0 0.0 0.0 0.35 0.31499267970124395 0.0 0.0 
0.0 0.0 0.0 0.1640964951320127 0.0 0.0 0.2161219275768189 0.2706171846341881 0.1002671760965517 0.0 0.24889721656042874 
0.0 0.2270812084292399 0.0 0.1014654742815262 0.0 0.0 0.10117372564884596 0.35 0.2202795916403878 0.0 0.0 
0.0 0.15441429743502672 0.0 0.11660545308059542 0.0 0.0 0.1141021172324745 0.35 0.14857107677389114 0.0 0.11630705547801236 
0.0 0.2256832161841715 0.0 0.13489391506582518 0.0 0.0 0.12501640289460741 0.35 0.16440646585539595 0.0 0.0 
0.0 0.13609051297219735 0.0 0.10703843413395714 0.0 0.0 0.1184742974932927 0.35 0.16261982872019107 0.0 0.1257769266803618 
0.0 0.3274377145759166 0.0 0.12839582301842914 0.0 0.0 0.0 0.35 0.19416646240565427 0.0 0.0 
0.0 0.3204382622869148 0.0 0.0 0.0 0.0 0.0 0.35 0.3295617377130853 0.0 0.0 
0.0 0.0 0.0 0.1505836393298074 0.0 0.0 0.1848335515593911 0.32457028073706357 0.10227309107628967 0.0 0.23773943729744831 
0.0 0.3127829413141844 0.0 0.0 0.0 0.0 0.10724557789663854 0.35 0.22997148078917698 0.0 0.0 
0.0 0.0 0.0 0.14711102741439971 0.0 0.0 0.21869413696096635 0.3101063932349575 0.0 0.0 0.32408844238967655 
0.0 0.0 0.0 0.16532002268718296 0.0 0.0 0.18193620743485892 0.3471883447233216 0.10097564417900531 0.0 0.20457978097563123 
0.0 0.31772044696838636 0.0 0.11874169412257202 0.0 0.0 0.0 0.35 0.2135378589090416 0.0 0.0 
0.0 0.0 0.0 0.17266123906158792 0.0 0.0 0.17804174664331288 0.3402896657528028 0.10134195597264554 0.0 0.20766539256965086 
0.0 0.3341781487391245 0.0 0.0 0.0 0.0 0.10974312596635331 0.35 0.20607872529452215 0.0 0.0 
0.0 0.2799480759936879 0.0 0.0 0.0 0.0 0.10766853156797546 0.35 0.2623833924383367 0.0 0.0 
0.0 0.30433644105137114 0.0 0.0 0.0 0.0 0.0 0.35 0.3456635589486289 0.0 0.0 
0.0 0.3421857832778832 0.0 0.0 0.0 0.0 0.0 0.3499999999999999 0.30781421672211684 0.0 0.0 
0.0 0.3136757018326376 0.0 0.0 0.0 0.0 0.0 0.35 0.3363242981673624 0.0 0.0 
0.0 0.0 0.0 0.17206934038726637 0.0 0.0 0.17800004225614463 0.33885840623222385 0.10012653474421958 0.0 0.21094567638014566 
0.0 0.26066069006275044 0.0 0.10739269847325991 0.0 0.0 0.10148537163509785 0.35 0.18046123982889167 0.0 0.0 
0.0 0.0 0.0 0.18471250201270178 0.0 0.0 0.19957958573431864 0.2901983427070046 0.10205167815469204 0.0 0.22345789139128275 
0.0 0.1259763992804243 0.0 0.14245768150751514 0.0 0.0 0.1392472952451916 0.33418819998528626 0.10279115544705354 0.0 0.15533926853452906 
0.0 0.0 0.0 0.16491828603534878 0.0 0.0 0.2736574819871404 0.238492952264259 0.0 0.0 0.3229312797132519 
0.0 0.2381381023314216 0.0 0.14431385034663785 0.0 0.0 0.13247835654708 0.3366690530679524 0.1484006377069081 0.0 0.0 
0.0 0.2650252584530251 0.0 0.0 0.0 0.0 0.11477305505887567 0.35 0.2702016864880993 0.0 0.0 
0.0 0.32372301561744143 0.0 0.0 0.0 0.0 0.10944350570478528 0.35 0.21683347867777325 0.0 0.0 
0.0 0.0 0.0 0.1801311550940453 0.0 0.0 0.20502434213137818 0.30899481328949396 0.10397339190426856 0.0 0.20187629758081385 
0.0 0.29750910983333184 0.0 0.0 0.0 0.0 0.10175885550065676 0.35 0.25073203466601146 0.0 0.0 
0.0 0.3100893542124476 0.0 0.0 0.0 0.0 0.0 0.35 0.3399106457875525 0.0 0.0 
0.0 0.0 0.0 0.17678901007423534 0.0 0.0 0.20122033008450907 0.30326173798753736 0.10204427445779365 0.0 0.21668464739592455 
0.0 0.0 0.0 0.17230161141659783 0.0 0.0 0.2957492452077773 0.22374239374836266 0.0 0.0 0.3082067496272622 
0.0 0.32056231480824454 0.0 0.0 0.0 0.0 0.10776420033193507 0.35 0.2216734848598205 0.0 0.0 
0.0 0.22696447304962203 0.0 0.10441590855779088 0.0 0.0 0.10087276272094102 0.35 0.21774685567164623 0.0 0.0 
0.0 0.3288692212856403 0.0 0.0 0.0 0.0 0.0 0.35 0.3211307787143598 0.0 0.0 
0.0 0.1276981626374149 0.0 0.11950962469290387 0.0 0.0 0.13079132908677618 0.34844334435824786 0.14384573998012604 0.0 0.12971179924453113 
0.0 0.35 0.0 0.0 0.0 0.0 0.11381771848871355 0.35 0.18618228151128652 0.0 0.0 
0.0 0.0 0.0 0.17564123861747974 0.0 0.0 0.18661512318841328 0.32545262638637795 0.10253797881305454 0.0 0.20975303299467465 
0.0 0.3118372943973723 0.0 0.0 0.0 0.0 0.1443375550092368 0.35 0.193825150593391 0.0 0.0 
0.0 0.29696936076248664 0.0 0.0 0.0 0.0 0.10491574466687574 0.35 0.2481148945706376 0.0 0.0 
0.0 0.13770681150589958 0.0 0.13409145359859276 0.0 0.0 0.15157012489961938 0.33653959222119784 0.10021427345529486 0.0 0.13987774431939573 
0.0 0.0 0.0 0.1606970394073103 0.0 0.0 0.2879527282657801 0.23025182083968984 0.0 0.0 0.32109841148721974 
0.0 0.0 0.0 0.17863750271477086 0.0 0.0 0.19676438486549067 0.31986340535060903 0.0 0.0 0.3047347070691295 
0.0 0.2365882730308178 0.0 0.0 0.0 0.0 0.10323468271818106 0.35 0.3101770442510012 0.0 0.0 
0.0 0.35 0.0 0.0 0.0 0.0 0.12429274027597476 0.35 0.17570725972402534 0.0 0.0 
0.0 0.0 0.0 0.1846245549138149 0.0 0.0 0.15043869154910544 0.3470320091566346 0.11506975926593381 0.0 0.2028349851145112 
0.0 0.3255481161420848 0.0 0.0 0.0 0.0 0.0 0.35 0.3244518838579153 0.0 0.0 
0.0 0.22677680959104465 0.0 0.1646178222839537 0.0 0.0 0.11448848799219254 0.35 0.14411688013280913 0.0 0.0 
0.0 0.1352960286802081 0.0 0.10641355329030913 0.0 0.0 0.11778265509804277 0.35 0.15978924184797758 0.0 0.1307185210834624 
0.0 0.30125184188008747 0.0 0.135781542133122 0.0 0.0 0.0 0.35 0.21296661598679043 0.0 0.0 
0.0 0.24496408467752154 0.0 0.1309212940678003 0.0 0.0 0.1399453367811119 0.3430722692113362 0.14109701526223012 0.0 0.0 
0.0 0.2560942942989645 0.0 0.10851887904686285 0.0 0.0 0.1357460154393163 0.3491047609657431 0.15053605024911335 0.0 0.0 
0.0 0.3070961738378898 0.0 0.0 0.0 0.0 0.1050379774786758 0.35 0.2378658486834344 0.0 0.0 
0.0 0.0 0.0 0.14752343031770362 0.0 0.0 0.24824131104111832 0.26763183948753655 0.0 0.0 0.3366034191536414 
0.0 0.0 0.0 0.1657611383991771 0.0 0.0 0.23294187909142253 0.28222445169233856 0.0 0.0 0.3190725308170618 
0.0 0.35 0.0 0.11128150875197458 0.0 0.0 0.0 0.3489805009147916 0.18973799033323377 0.0 0.0 
0.0 0.15392855019205104 0.0 0.12176838943284046 0.0 0.0 0.1257814543424386 0.3443585777285324 0.13734315762004023 0.0 0.1168198706840973 
0.0 0.3259325585441222 0.0 0.12181080739535889 0.0 0.0 0.0 0.35 0.202256634060519 0.0 0.0 
0.0 0.30810439215489327 0.0 0.0 0.0 0.0 0.10269802142628984 0.35 0.23919758641881694 0.0 0.0 
0.0 0.3260168916593236 0.0 0.0 0.0 0.0 0.11960001543821545 0.35 0.20438309290246093 0.0 0.0 
0.0 0.0 0.0 0.15432169650614228 0.0 0.0 0.23470374277626369 0.29446191349549505 0.0 0.0 0.316512647222099 
0.0 0.2569059099929598 0.0 0.0 0.0 0.0 0.10005736658175685 0.35 0.2930367234252833 0.0 0.0 
0.0 0.0 0.0 0.13592000732487122 0.0 0.0 0.2605996167559089 0.2817161824735925 0.0 0.0 0.32176419344562757 
0.0 0.0 0.0 0.1642553672162408 0.0 0.0 0.25153294718171304 0.2866838326573062 0.0 0.0 0.2975278529447399 
0.0 0.3465204454982682 0.0 0.0 0.0 0.0 0.0 0.35 0.3034795545017317 0.0 0.0 
