-0.013716700458084229 4.153849936859849E-4 
-0.0069273776662718235 6.713277512053423E-5 
-0.013716700458084229 4.153849936859849E-4 
-0.01357286765965075 3.429083921736092E-4 
-0.013716700458084225 4.1538499368598466E-4 
-0.013329543394983 2.8654377975689425E-4 
-0.013354470295851278 3.320360660388251E-4 
-0.012801961635390298 2.1717369224153772E-4 
-0.012895625040717382 2.426719621534633E-4 
-0.0074123688130481495 6.994611712843527E-5 
-0.006987674101554904 6.790894116346895E-5 
-0.012061750812433995 1.7136406838660472E-4 
-0.012079401853975867 1.8989807359067848E-4 
-0.011885694174442393 1.6425186128516512E-4 
-0.011727022073050469 1.5847865037342768E-4 
-0.012710643321245288 2.138297267229978E-4 
-0.01252227147417516 2.0672874598574002E-4 
-0.010187670450603505 1.1402774772309551E-4 
-0.013268927747943585 2.7428545374800736E-4 
-0.011642805590969767 1.5756581630796624E-4 
-0.010328635986374686 1.1687176310453296E-4 
-0.01150297163860798 1.5393225096861732E-4 
-0.010507590328681513 1.2141027270590733E-4 
-0.010600615549288865 1.2445002056157912E-4 
-0.01228347011498647 1.9680441258095187E-4 
-0.008163041877348867 7.713461472601193E-5 
-0.012445272820342669 1.9850497509656508E-4 
-0.009330874300238046 9.668651108618581E-5 
-0.008637549325867955 8.544006446970518E-5 
-0.01109377330314326 1.3868042476089084E-4 
-0.010803227382046587 1.2963688870998291E-4 
-0.009259948675320408 9.398276231522347E-5 
-0.007769712137890737 7.342090890994276E-5 
-0.013120163558539233 2.53282734744588E-4 
-0.009519822353142934 1.0041913166129244E-4 
-0.01198236938260878 1.692539515713048E-4 
-0.010061802571103787 1.111735533286842E-4 
-0.013178344179873007 2.599601090468564E-4 
-0.007629428671360863 7.245448266226479E-5 
-0.011947436397443563 1.667142532068239E-4 
-0.010657912397068444 1.2843592030421496E-4 
-0.00844768760932633 8.109634594432842E-5 
-0.0087987538435795 8.697710217852675E-5 
-0.01127788620333388 1.442803728398963E-4 
-0.011010575992555385 1.347225204610092E-4 
-0.010103706538936951 1.11608282900021E-4 
-0.011225807691797193 1.4252062412116817E-4 
-0.011476668030582166 1.5050654428119332E-4 
-0.012482767964651973 1.9960248885695018E-4 
-0.012619198499124257 2.0948570095268064E-4 
-0.010992367307408102 1.3453588472689103E-4 
-0.008522877282818668 8.334666964005788E-5 
-0.009019728124223513 9.116325844742238E-5 
-0.01070753256271987 1.2871855731963635E-4 
-0.010888960574022935 1.3209280748404943E-4 
-0.00971935969602758 1.0566650447191997E-4 
-0.013005654230244464 2.4638354406350505E-4 
-0.012187753926443102 1.9344289205121243E-4 
-0.009857694412008079 1.0600627886475067E-4 
-0.012236576664392642 1.9504593150676655E-4 
-0.009424591546671244 9.761627066817197E-5 
-0.013430207804013956 3.338552747032213E-4 
-0.009130153054670933 9.180575645862337E-5 
-0.008568330655179295 8.358574602149243E-5 
-0.009950040548034481 1.0905415257919348E-4 
-0.010402578433299805 1.192314092028555E-4 
-0.013554947479628012 3.39093576931485E-4 
-0.00875538688814145 8.597934064902757E-5 
-0.009940264446998887 1.0889782792968875E-4 
-0.012619148606333938 2.094845408545946E-4 
-0.008312262275434995 8.037400289949615E-5 
-0.007909371439514956 7.536623087044701E-5 
-0.008393240798398892 8.04601244039116E-5 
-0.007603329710554743 7.164195549131397E-5 
-0.013498171745352873 3.346372727843538E-4 
-0.007930082100884911 7.567760805274042E-5 
-0.009654371109300688 1.0250591578980131E-4 
-0.009838823343039272 1.0582268222799834E-4 
-0.008266998109266175 7.840204277870163E-5 
-0.013716700458084225 4.1538499368598466E-4 
-0.012120998503576088 1.9263011917364332E-4 
-0.008041592202783419 7.613224919264365E-5 
-0.013068852052088516 2.4903183341638764E-4 
-0.009181918089227047 9.312546529037762E-5 
-0.011340788591198985 1.460320174825764E-4 
-0.011164209230773166 1.410075238847166E-4 
-0.010873774896104006 1.3205243397152664E-4 
-0.012922671344910496 2.438673075287423E-4 
-0.013225970820313293 2.668955038227657E-4 
-0.01297745609725845 2.4529822671029964E-4 
-0.00971439764766685 1.0366090554141108E-4 
-0.013211003896682266 2.6457349486807793E-4 
-0.007515593230917317 7.071257181079588E-5 
-0.008040978185978697 7.61134309425843E-5 
-0.01040029563510641 1.1915782133777868E-4 
-0.011126342529239875 1.4070395226837282E-4 
-0.009612975326495606 1.0139640714818432E-4 
-0.011416332566872618 1.4927470875918662E-4 
-0.013375107884681377 3.327784115036933E-4 
-0.013111692673312563 2.524751537636435E-4 
