0.0 0.3 0.0 0.0 0.0 0.0 0.0 0.35 0.35 0.0 0.0 
0.3115254882751721 0.0 0.0 0.0 0.12383139106842261 0.3296263696430501 0.0 0.10166242577381064 0.13335432523954455 0.0 0.0 
0.0 0.30000000000000004 0.0 0.0 0.0 0.0 0.0 0.35 0.35 0.0 0.0 
0.3115254882751721 0.0 0.0 0.0 0.12383139106842261 0.3296263696430501 0.0 0.10166242577381064 0.13335432523954455 0.0 0.0 
0.0 0.30099282631716545 0.0 0.0 0.0 0.0 0.0 0.3490071736828345 0.35 0.0 0.0 
0.10002594896096947 0.19997405103903068 0.0 0.0 0.0 0.0 0.0 0.35 0.35 0.0 0.0 
0.19683088295921133 0.10409862771477067 0.0 0.0 0.0 0.0 0.0 0.349070489326018 0.35 0.0 0.0 
0.3000000000000002 0.0 0.0 0.0 0.0 0.0 0.0 0.3499999999999999 0.35 0.0 0.0 
0.30695159890214047 0.0 0.0 0.0 0.10122267933384418 0.2569814408069065 0.0 0.10029916170391434 0.2345451192531945 0.0 0.0 
0.35 0.0 0.0 0.0 0.0 0.3427236605457647 0.0 0.10015063241030046 0.20712570704393485 0.0 0.0 
0.2931590127307089 0.0 0.0 0.0 0.11111198362018893 0.3279786570624299 0.0 0.10031382281467899 0.16743652377199322 0.0 0.0 
0.28119000730757654 0.10286114764629058 0.0 0.0 0.0 0.0 0.0 0.26594884504613286 0.35 0.0 0.0 
0.34920935703235534 0.14540917703507925 0.0 0.0 0.0 0.0 0.0 0.15538146593256527 0.35 0.0 0.0 
0.31317174377193185 0.0 0.0 0.0 0.11653966641659545 0.3313682791924302 0.0 0.10470181571148322 0.13421849490755927 0.0 0.0 
0.2777399941086728 0.10159911020608411 0.0 0.0 0.0 0.0 0.0 0.27066089568524304 0.35 0.0 0.0 
0.12256476156447435 0.17743523843552578 0.0 0.0 0.0 0.0 0.0 0.35 0.35 0.0 0.0 
0.2640274935695598 0.1012316580134779 0.0 0.0 0.0 0.0 0.0 0.2847408484169623 0.35 0.0 0.0 
0.32584215519182397 0.0 0.0 0.0 0.0 0.33459844042909437 0.0 0.10059844971735046 0.23896095466173123 0.0 0.0 
0.34332571509159004 0.0 0.0 0.0 0.0 0.0 0.0 0.30667571012601563 0.34999857478239427 0.0 0.0 
0.3451663720019567 0.19156460063144912 0.0 0.0 0.0 0.0 0.0 0.11326902736659432 0.35 0.0 0.0 
0.2685127345919167 0.10067916411051461 0.0 0.0 0.0 0.0 0.0 0.28117297068946157 0.3496351306081071 0.0 0.0 
0.35 0.12691662700219242 0.0 0.0 0.0 0.0 0.0 0.17308337299780768 0.35 0.0 0.0 
0.3040385525156774 0.0 0.0 0.0 0.0 0.0 0.0 0.34596144748432267 0.35 0.0 0.0 
0.33919041108041004 0.18638112808772275 0.0 0.0 0.0 0.0 0.0 0.1244284608318673 0.35 0.0 0.0 
0.35 0.1372925192677941 0.0 0.0 0.0 0.0 0.0 0.16270748073220592 0.35 0.0 0.0 
0.33551464689851246 0.10705455780374232 0.0 0.0 0.0 0.0 0.0 0.20743079529774525 0.35 0.0 0.0 
0.3018574410717634 0.11067592732161749 0.0 0.0 0.0 0.0 0.0 0.23746663160661916 0.35 0.0 0.0 
0.1620489489785633 0.13795105102143654 0.0 0.0 0.0 0.0 0.0 0.35 0.35 0.0 0.0 
0.3463207998334916 0.0 0.0 0.0 0.0 0.0 0.0 0.3036792001665085 0.35 0.0 0.0 
0.3411520045748795 0.0 0.0 0.0 0.0 0.3364154033945937 0.0 0.10190344498342051 0.22052914704710633 0.0 0.0 
0.3477831843579475 0.0 0.0 0.0 0.0 0.21148260401513827 0.0 0.10000666323462735 0.34072754839228686 0.0 0.0 
0.295421355822753 0.10379576600902943 0.0 0.0 0.0 0.0 0.0 0.2507828781682176 0.35 0.0 0.0 
0.33223607005669836 0.0 0.0 0.0 0.10108079248842482 0.2581380263147855 0.0 0.1017099725006967 0.20683513863939457 0.0 0.0 
0.27184817791931054 0.10509132487612817 0.0 0.0 0.0 0.0 0.0 0.27502724091603176 0.3480332562885296 0.0 0.0 
0.33533360100927506 0.0 0.0 0.0 0.0 0.0 0.0 0.31466639899072496 0.35 0.0 0.0 
0.27187491286145826 0.1007538458876995 0.0 0.0 0.0 0.0 0.0 0.27737124125084217 0.35 0.0 0.0 
0.3133888391142382 0.11061922413888471 0.0 0.0 0.0 0.0 0.0 0.2259919367468771 0.35 0.0 0.0 
0.3499829406776885 0.0 0.0 0.0 0.0 0.2736760078700022 0.0 0.1022890924343078 0.2740519590180017 0.0 0.0 
0.32945958484102716 0.10743519337333686 0.0 0.0 0.0 0.0 0.0 0.21310522178563596 0.35 0.0 0.0 
0.3225377085940659 0.18348185288362565 0.0 0.0 0.0 0.0 0.0 0.1439804385223086 0.35 0.0 0.0 
0.3165898675089014 0.0 0.0 0.0 0.0 0.0 0.0 0.3334101324910986 0.35 0.0 0.0 
0.315784153326268 0.11245391166037591 0.0 0.0 0.0 0.0 0.0 0.2217619350133562 0.35 0.0 0.0 
0.2796261959462488 0.1106617961305282 0.0 0.0 0.0 0.0 0.0 0.25971200792322285 0.35 0.0 0.0 
0.33054280296751337 0.10127010644789929 0.0 0.0 0.0 0.0 0.0 0.22080416646198348 0.34738292412260374 0.0 0.0 
0.3328819250108004 0.0 0.0 0.0 0.0 0.25863983734062945 0.0 0.10202547353946606 0.30645276410910405 0.0 0.0 
0.3087835679004125 0.10023149174172663 0.0 0.0 0.0 0.0 0.0 0.2412974195202339 0.349687520837627 0.0 0.0 
0.2857668253913966 0.10825068823294082 0.0 0.0 0.0 0.0 0.0 0.25598248637566273 0.35 0.0 0.0 
0.3395937768954891 0.21194977891658148 0.0 0.0 0.0 0.0 0.0 0.10002153943052351 0.34843490475740585 0.0 0.0 
0.32814836478299525 0.0 0.0 0.0 0.0 0.0 0.0 0.32185163521700483 0.35 0.0 0.0 
0.3342143391237585 0.0 0.0 0.0 0.10077075445365936 0.2620335628390549 0.0 0.10061731343848986 0.20236403014503745 0.0 0.0 
0.29499659251082705 0.10352047282736299 0.0 0.0 0.0 0.0 0.0 0.2520875260583863 0.34939540860342366 0.0 0.0 
0.3132848497673525 0.0 0.0 0.0 0.0 0.0 0.0 0.3412728667202421 0.3454422835124054 0.0 0.0 
0.33485599765274976 0.18124178105006483 0.0 0.0 0.0 0.0 0.0 0.13390222129718538 0.35 0.0 0.0 
0.3403836437454422 0.0 0.0 0.0 0.11166246115104057 0.2607100771296899 0.0 0.10013342909319264 0.1871103888806346 0.0 0.0 
0.3250426753134482 0.0 0.0 0.0 0.0 0.24337683114208897 0.0 0.10040112229271889 0.3311793712517439 0.0 0.0 
0.19348939257627135 0.1065106074237288 0.0 0.0 0.0 0.0 0.0 0.35 0.35 0.0 0.0 
0.33892384237981016 0.0 0.0 0.0 0.0 0.0 0.0 0.31107615762018964 0.35 0.0 0.0 
0.3221625888122227 0.11318440442308392 0.0 0.0 0.0 0.0 0.0 0.21465300676469348 0.35 0.0 0.0 
0.30695159890214047 0.0 0.0 0.0 0.10122267933384418 0.2569814408069065 0.0 0.10029916170391434 0.2345451192531945 0.0 0.0 
0.3306085197164825 0.0 0.0 0.0 0.0 0.0 0.0 0.3193914802835176 0.35 0.0 0.0 
0.3011363811566992 0.0 0.0 0.0 0.0 0.0 0.0 0.34886361884330075 0.35 0.0 0.0 
0.33277414132652616 0.17672966584118832 0.0 0.0 0.0 0.0 0.0 0.1426544577061922 0.3478417351260934 0.0 0.0 
0.3407994544794466 0.0 0.0 0.0 0.0 0.2676560392794864 0.0 0.10122203358142368 0.29032247265964334 0.0 0.0 
0.31913626414987656 0.0 0.0 0.0 0.0 0.0 0.0 0.33086373585012346 0.35 0.0 0.0 
0.29439636193288327 0.11204637628528417 0.0 0.0 0.0 0.0 0.0 0.2435572617818326 0.35 0.0 0.0 
0.35 0.11565671624556126 0.0 0.0 0.0 0.0 0.0 0.18434328375443876 0.35 0.0 0.0 
0.35 0.0 0.0 0.0 0.0 0.0 0.0 0.29999999999999977 0.35 0.0 0.0 
0.32906818393455095 0.12074725686926985 0.0 0.0 0.0 0.0 0.0 0.20018455919617936 0.35 0.0 0.0 
0.34503647826071465 0.10070985203188049 0.0 0.0 0.0 0.0 0.0 0.2042536697074049 0.35 0.0 0.0 
0.34988941165574633 0.0 0.0 0.0 0.0 0.29873995023464367 0.0 0.10048775996173548 0.2508828781478745 0.0 0.0 
0.29439636193288327 0.11204637628528417 0.0 0.0 0.0 0.0 0.0 0.2435572617818326 0.35 0.0 0.0 
0.31715248278382185 0.0 0.0 0.0 0.0 0.0 0.0 0.33725551511591345 0.3455920021002647 0.0 0.0 
0.3206068813808687 0.0 0.0 0.0 0.12321525548405403 0.27259581942818595 0.0 0.10053685171855527 0.1830451919883361 0.0 0.0 
0.17153948421125334 0.1284605157887467 0.0 0.0 0.0 0.0 0.0 0.35 0.35 0.0 0.0 
0.3203040105205403 0.0 0.0 0.0 0.0 0.25219081599139526 0.0 0.10032394614455578 0.3271812273435086 0.0 0.0 
0.30745559517741666 0.0 0.0 0.0 0.0 0.0 0.0 0.34254440482258347 0.35 0.0 0.0 
0.34927846716214456 0.0 0.0 0.0 0.0 0.18248995215146235 0.0 0.11823158068639318 0.35 0.0 0.0 
0.3293936502251907 0.0 0.0 0.0 0.0 0.2559295465276926 0.0 0.10084372635363521 0.3138330768934816 0.0 0.0 
0.35 0.0 0.0 0.0 0.0 0.18286693643602409 0.0 0.11713306356397588 0.35 0.0 0.0 
0.35 0.0 0.0 0.0 0.0 0.18983363476397144 0.0 0.11016636523602867 0.35 0.0 0.0 
0.3386050561017691 0.18293652689964687 0.0 0.0 0.0 0.0 0.0 0.1284584169985841 0.35 0.0 0.0 
0.34639446662005546 0.0 0.0 0.0 0.0 0.20082502601423963 0.0 0.10290702114220934 0.3498734862234954 0.0 0.0 
0.32330261240449887 0.0 0.0 0.0 0.0 0.0 0.0 0.32669738759550127 0.35 0.0 0.0 
0.33867622385889834 0.0 0.0 0.0 0.0 0.0 0.0 0.3113237761411016 0.35 0.0 0.0 
0.34364572614544214 0.0 0.0 0.0 0.11273258351430515 0.24944395174852949 0.0 0.10101777148789731 0.193159967103826 0.0 0.0 
0.3490589545934824 0.0 0.0 0.0 0.0 0.34180217904158905 0.0 0.10033888435312144 0.20879998201180705 0.0 0.0 
0.3489151903902902 0.0 0.0 0.0 0.0 0.19234470978817633 0.0 0.10982490943124329 0.3489151903902902 0.0 0.0 
0.3481440232563099 0.0 0.0 0.0 0.0 0.20221550431860238 0.0 0.10361953184421067 0.34602094058087707 0.0 0.0 
0.34994441613487354 0.0 0.0 0.0 0.0 0.0 0.0 0.3000555838651267 0.35 0.0 0.0 
0.322662674006317 0.0 0.0 0.0 0.0 0.3076927865938851 0.0 0.10043446173735375 0.2692100776624442 0.0 0.0 
0.3134897606576666 0.10389946498122733 0.0 0.0 0.0 0.0 0.0 0.23261077436110608 0.35 0.0 0.0 
0.3451721400484142 0.0 0.0 0.0 0.0 0.18034449083919932 0.0 0.12638722287773796 0.34809614623464846 0.0 0.0 
0.35 0.1943534623294792 0.0 0.0 0.0 0.0 0.0 0.10564653767052094 0.35 0.0 0.0 
0.3217927916462385 0.0 0.0 0.0 0.0 0.30686326229825434 0.0 0.1006224560083482 0.270721490047159 0.0 0.0 
0.3204683388678294 0.0 0.0 0.0 0.12338741170320693 0.27257934456219546 0.0 0.10053077557563185 0.1830341292911365 0.0 0.0 
0.3483160373228183 0.1933126399199061 0.0 0.0 0.0 0.0 0.0 0.10837132275727548 0.35 0.0 0.0 
0.35 0.10199528419330732 0.0 0.0 0.0 0.0 0.0 0.1980047158066927 0.35 0.0 0.0 
0.349775529171176 0.0 0.0 0.0 0.0 0.298563694785538 0.0 0.10042847256061031 0.25123230348267567 0.0 0.0 
0.34268849001619195 0.0 0.0 0.0 0.0 0.26696182060059276 0.0 0.10002496245758599 0.2903247269256294 0.0 0.0 
0.3180506019008138 0.10228549082112717 0.0 0.0 0.0 0.0 0.0 0.23046447448696508 0.3491994327910938 0.0 0.0 
