0.0 0.30000000000000027 0.0 0.0 0.0 0.0 0.0 0.35 0.35 0.0 0.0 
0.0 0.20631513420357142 0.0 0.12743793495828037 0.2722790433513006 0.0 0.10074523547848754 0.10431892493450917 0.18890372707385078 0.0 0.0 
0.0 0.30000000000000027 0.0 0.0 0.0 0.0 0.0 0.35 0.35 0.0 0.0 
0.0 0.208323869124629 0.0 0.0 0.20500476678418897 0.0 0.1117827818232358 0.3459423920159341 0.12894619025201215 0.0 0.0 
0.0 0.31971460139380614 0.0 0.0 0.0 0.0 0.0 0.35 0.33028539860619377 0.0 0.0 
0.0 0.21358967716982696 0.0 0.0 0.1951204037811688 0.0 0.10094557407897467 0.35 0.14034434497002957 0.0 0.0 
0.0 0.22777136510996746 0.0 0.0 0.0 0.0 0.10254740960254885 0.35 0.3196812252874837 0.0 0.0 
0.0 0.33520082441510063 0.0 0.0 0.0 0.0 0.0 0.35 0.31479917558489934 0.0 0.0 
0.0 0.19889816507346297 0.0 0.10606608639416841 0.2415167423671176 0.0 0.10474757683573464 0.1786432203080733 0.17012820902144304 0.0 0.0 
0.0 0.19905673384433054 0.0 0.10290791205717455 0.2522263562498875 0.0 0.10179648163301112 0.16242949372690704 0.18158302248868918 0.0 0.0 
0.0 0.26080920871917246 0.0 0.0 0.0 0.0 0.10481055485324395 0.35 0.2843802364275836 0.0 0.0 
0.0 0.2453594215588229 0.0 0.0 0.12357150062937236 0.0 0.1117358878003386 0.35 0.1693331900114662 0.0 0.0 
0.0 0.18468314658218352 0.0 0.0 0.2856749063146618 0.0 0.100253862062305 0.30427346300210034 0.12511462203874923 0.0 0.0 
0.0 0.31115648588145284 0.0 0.0 0.0 0.0 0.0 0.3482798370827646 0.3405636770357825 0.0 0.0 
0.0 0.24273632519466515 0.0 0.0 0.11674132984263835 0.0 0.1124714394269755 0.35 0.17805090553572106 0.0 0.0 
0.0 0.20360296879525025 0.0 0.10399419100606083 0.23547576623048308 0.0 0.10175687260580678 0.18532064572452744 0.16984955563787169 0.0 0.0 
0.0 0.2422933222200475 0.0 0.0 0.13230517752527854 0.0 0.10786260233985458 0.35 0.16753889791481943 0.0 0.0 
0.0 0.221443336346968 0.0 0.0 0.0 0.0 0.10313162156846004 0.35 0.32542504208457196 0.0 0.0 
0.0 0.18046000225531403 0.0 0.0 0.3088438343207542 0.0 0.10162831334922255 0.2895795244120182 0.11948832566269108 0.0 0.0 
0.0 0.20765177047697617 0.0 0.11727298588533776 0.2545432732971984 0.0 0.10251558868883659 0.13751682078808342 0.18049956086356778 0.0 0.0 
0.0 0.23819868635187347 0.0 0.0 0.15210759830437642 0.0 0.10815810897978341 0.35 0.1515356063639667 0.0 0.0 
0.0 0.22657814015169817 0.0 0.0 0.16697835116650486 0.0 0.11033778987855632 0.35 0.1461057188032407 0.0 0.0 
0.0 0.2551756875413236 0.0 0.0 0.10924537394382958 0.0 0.10829581822719805 0.35 0.17728312028764873 0.0 0.0 
0.0 0.35 0.0 0.0 0.0 0.0 0.0 0.35 0.3 0.0 0.0 
0.0 0.17914701092062763 0.0 0.0 0.3248057709500255 0.0 0.10059715929928124 0.25722269382724366 0.13822736500282193 0.0 0.0 
0.0 0.2123811702566663 0.0 0.0 0.10030689575438796 0.0 0.10591340227249064 0.35 0.23139853171645505 0.0 0.0 
0.0 0.20530830384422238 0.0 0.12125907383468636 0.2714790708310906 0.0 0.10085318190544493 0.11388312420658517 0.1872172453779706 0.0 0.0 
0.0 0.17401971370117603 0.0 0.0 0.3168689897174708 0.0 0.1035326745177821 0.25966181866994664 0.14591680339362442 0.0 0.0 
0.0 0.2720023877060098 0.0 0.0 0.1402621456814358 0.0 0.0 0.35 0.23773546661255443 0.0 0.0 
0.0 0.20673242532725644 0.0 0.11910718122567757 0.265595881201007 0.0 0.10058051906064085 0.12997474186881283 0.17800925131660533 0.0 0.0 
0.0 0.2144701910170325 0.0 0.0 0.0 0.0 0.10160239131459647 0.35 0.3339274176683711 0.0 0.0 
0.0 0.21963401033053728 0.0 0.0 0.0 0.0 0.10036033518644281 0.35 0.33000565448301983 0.0 0.0 
0.0 0.2772595774224798 0.0 0.0 0.0 0.0 0.10413117963715544 0.35 0.26860924294036476 0.0 0.0 
0.0 0.1938791206823053 0.0 0.10349758902129827 0.23326247941688286 0.0 0.10023897909636799 0.19276523937333517 0.1763565924098105 0.0 0.0 
0.0 0.3161581601829144 0.0 0.0 0.0 0.0 0.1423366469993992 0.35 0.1915051928176863 0.0 0.0 
0.0 0.30922722491229004 0.0 0.0 0.0 0.0 0.13267568710732205 0.35 0.2080970879803879 0.0 0.0 
0.0 0.3033836436059246 0.0 0.0 0.0 0.0 0.10997663428565879 0.35 0.23663972210841663 0.0 0.0 
0.0 0.24061488521559615 0.0 0.0 0.10301162843961231 0.0 0.1021162561493893 0.35 0.20425723019540226 0.0 0.0 
0.0 0.25251381991555555 0.0 0.0 0.10833328020687796 0.0 0.10069642831115654 0.35 0.18845647156641 0.0 0.0 
0.0 0.27939598056378584 0.0 0.0 0.13374307293861576 0.0 0.0 0.35 0.23686094649759853 0.0 0.0 
0.0 0.19328790070089516 0.0 0.0 0.27916797176023783 0.0 0.10357361408953347 0.3149681814036012 0.10900233204573216 0.0 0.0 
0.0 0.27060198291081855 0.0 0.0 0.1280672358705312 0.0 0.0 0.35 0.25133078121865043 0.0 0.0 
0.0 0.22881552251686066 0.0 0.0 0.1634954641220449 0.0 0.10060496069682315 0.3399507214563849 0.1671333312078865 0.0 0.0 
0.0 0.19550531169075033 0.0 0.10703131268363766 0.21714852669009052 0.0 0.10024541471621257 0.22376841369297595 0.15630102052633316 0.0 0.0 
0.0 0.21560332363231635 0.0 0.0 0.18306673697651382 0.0 0.10486176087220361 0.35 0.14646817851896624 0.0 0.0 
0.0 0.28413985135255065 0.0 0.0 0.0 0.0 0.10308549430526838 0.35 0.26277465434218095 0.0 0.0 
0.0 0.24087380050803103 0.0 0.0 0.0 0.0 0.10229811302242262 0.35 0.30682808646954646 0.0 0.0 
0.0 0.2956878088382968 0.0 0.0 0.0 0.0 0.10768922038191814 0.35 0.24662297077978512 0.0 0.0 
0.0 0.22921634817618763 0.0 0.0 0.0 0.0 0.10816835544730526 0.35 0.3126152963765072 0.0 0.0 
0.0 0.26900411027742915 0.0 0.0 0.0 0.0 0.12159775861326233 0.35 0.2593981311093085 0.0 0.0 
0.0 0.20006819742705526 0.0 0.0 0.23369859459355294 0.0 0.11309163180118594 0.3280429136232061 0.12509866255499982 0.0 0.0 
0.0 0.18257360234223363 0.0 0.0 0.2305419270395281 0.0 0.10022014603318342 0.3442648700017781 0.14239945458327669 0.0 0.0 
0.0 0.34030864667950217 0.0 0.0 0.0 0.0 0.0 0.35 0.3096913533204978 0.0 0.0 
0.0 0.19758414206913444 0.0 0.0 0.23661450596529893 0.0 0.10183197549718534 0.3415693801031987 0.12239999636518259 0.0 0.0 
0.0 0.2830730750235513 0.0 0.0 0.1116309493842903 0.0 0.0 0.35 0.2552959755921584 0.0 0.0 
0.0 0.19512745553161176 0.0 0.0 0.2917045438076639 0.0 0.10009356934322777 0.29332614520295325 0.11974828611454325 0.0 0.0 
0.0 0.3208459153818374 0.0 0.0 0.0 0.0 0.13237251654919208 0.35 0.19678156806897057 0.0 0.0 
0.0 0.2708861882439671 0.0 0.0 0.1347866947811916 0.0 0.10965517143993514 0.35 0.13467194553490627 0.0 0.0 
0.0 0.18264842887047703 0.0 0.0 0.26768722295382813 0.0 0.10149151849122517 0.31004689659049955 0.13812593309397023 0.0 0.0 
0.0 0.2852942257126912 0.0 0.0 0.0 0.0 0.12772472795276277 0.35 0.236981046334546 0.0 0.0 
0.0 0.22000754228866454 0.0 0.0 0.10359125970887405 0.0 0.11250959856727358 0.35 0.21389159943518776 0.0 0.0 
0.0 0.22890352186385104 0.0 0.0 0.10025324944151225 0.0 0.10498650441527556 0.35 0.21585672427936117 0.0 0.0 
0.0 0.20611031623800646 0.0 0.11616458544752005 0.25717842676847474 0.0 0.10045888041466548 0.1516936710867467 0.16839412004458668 0.0 0.0 
0.0 0.20900547060876384 0.0 0.12528399643268184 0.26049744111617484 0.0 0.10175658359311911 0.12192844369001853 0.18152806455924186 0.0 0.0 
0.0 0.18398508089734497 0.0 0.0 0.2593403174458705 0.0 0.10036690986427359 0.3278038129147456 0.1285038788777654 0.0 0.0 
0.0 0.2630068339758871 0.0 0.0 0.13287979920079612 0.0 0.10889354324089302 0.35 0.14521982358242377 0.0 0.0 
0.0 0.2729039879825798 0.0 0.0 0.0 0.0 0.10124410196215591 0.35 0.27585191005526427 0.0 0.0 
0.0 0.20557667088928486 0.0 0.10896730604880236 0.22091326659398097 0.0 0.10237193806307715 0.20860678285801582 0.15356403554683878 0.0 0.0 
0.0 0.2995307211859524 0.0 0.0 0.12341792069164759 0.0 0.0 0.3480346708975741 0.22901668722482582 0.0 0.0 
0.0 0.2486808113369591 0.0 0.0 0.0 0.0 0.10806259601840952 0.35 0.29325659264463144 0.0 0.0 
0.0 0.1927926469929673 0.0 0.1097776192902082 0.22238182116886332 0.0 0.10334988148661259 0.2169585698273758 0.15473946123397286 0.0 0.0 
0.0 0.3144459105191073 0.0 0.0 0.0 0.0 0.0 0.35 0.3355540894808927 0.0 0.0 
0.0 0.3175356336762077 0.0 0.0 0.0 0.0 0.11207732412436387 0.35 0.22038704219942834 0.0 0.0 
0.0 0.20323733966814558 0.0 0.0 0.24480166878648793 0.0 0.10140427537381508 0.3320478773461755 0.11850883882537586 0.0 0.0 
0.0 0.25382576877437896 0.0 0.0 0.10212917078740578 0.0 0.1008121068375215 0.35 0.19323295360069387 0.0 0.0 
0.0 0.1870803365758167 0.0 0.0 0.2335021599151224 0.0 0.1031162306665148 0.3487183318272267 0.12758294101531928 0.0 0.0 
0.0 0.24114895377099985 0.0 0.0 0.0 0.0 0.10930849789403371 0.35 0.2995425483349664 0.0 0.0 
0.0 0.21457726548144793 0.0 0.0 0.18740540077382647 0.0 0.102791377408851 0.34946892310059063 0.14575703323528388 0.0 0.0 
0.0 0.25562679984680453 0.0 0.0 0.12478936386115778 0.0 0.0 0.35 0.26958383629203775 0.0 0.0 
0.0 0.24555299015957063 0.0 0.0 0.0 0.0 0.10171093933382659 0.35 0.30273607050660284 0.0 0.0 
0.0 0.26552250573637665 0.0 0.0 0.0 0.0 0.10565635317703687 0.35 0.27882114108658645 0.0 0.0 
0.0 0.19429368353609117 0.0 0.0 0.2351768381434514 0.0 0.10192622676935975 0.34474062144314793 0.12386263010794979 0.0 0.0 
0.0 0.3 0.0 0.0 0.0 0.0 0.0 0.35 0.35 0.0 0.0 
0.0 0.2836618919019823 0.0 0.0 0.11670795629799535 0.0 0.0 0.35 0.2496301518000224 0.0 0.0 
0.0 0.18956537977015253 0.0 0.0 0.2906240808826642 0.0 0.1026592951591887 0.2893726793284658 0.12777856485952874 0.0 0.0 
0.0 0.17715233606140574 0.0 0.0 0.2750882294199803 0.0 0.10150378501687421 0.3127785783128734 0.13347707118886623 0.0 0.0 
0.0 0.24486115864101587 0.0 0.0 0.13485633540693517 0.0 0.0 0.35 0.270282505952049 0.0 0.0 
0.0 0.1833498423708197 0.0 0.0 0.30252799541928926 0.0 0.1007695098653938 0.2626756066696666 0.1506770456748307 0.0 0.0 
0.0 0.2486808113369591 0.0 0.0 0.0 0.0 0.10806259601840952 0.35 0.29325659264463144 0.0 0.0 
0.0 0.19926791702913116 0.0 0.10589553792333695 0.2605265815554602 0.0 0.10406226121224871 0.15492784772365645 0.17531985455616644 0.0 0.0 
0.0 0.28250633489026067 0.0 0.0 0.0 0.0 0.11449254817938116 0.35 0.2530011169303582 0.0 0.0 
0.0 0.1868306819690127 0.0 0.0 0.3041981902180545 0.0 0.10268258759534657 0.2676624211733079 0.13862611904427838 0.0 0.0 
0.0 0.22936685580173072 0.0 0.0 0.0 0.0 0.109232243744871 0.35 0.3114009004533982 0.0 0.0 
0.0 0.19903772437797346 0.0 0.10859155195458338 0.22573067631469212 0.0 0.10467541968293739 0.20448043846020617 0.15748418920960744 0.0 0.0 
0.0 0.32663564525927913 0.0 0.0 0.0 0.0 0.14705368512327108 0.35 0.17631066961744984 0.0 0.0 
0.0 0.22762534170694687 0.0 0.0 0.10842623228047181 0.0 0.11590895364628928 0.35 0.19803947236629207 0.0 0.0 
0.0 0.1944788494823257 0.0 0.0 0.25313694784806545 0.0 0.10388981164268825 0.3176477685161817 0.13084662251073892 0.0 0.0 
0.0 0.18951502732028427 0.0 0.10791131738389628 0.21860116333113605 0.0 0.1015928559464096 0.2132701113321235 0.16910952468615018 0.0 0.0 
0.0 0.28065342801549925 0.0 0.0 0.12687875523600833 0.0 0.0 0.35 0.24246781674849247 0.0 0.0 
0.0 0.21380933362833512 0.0 0.0 0.10248202124447313 0.0 0.10867505472878748 0.35 0.22503359039840423 0.0 0.0 
