0.0 0.30000000000000027 0.0 0.0 0.0 0.0 0.0 0.35 0.35 0.0 0.0 
0.0 0.30000000000000027 0.0 0.0 0.0 0.0 0.0 0.35 0.35 0.0 0.0 
0.0 0.18186117792206752 0.0 0.0 0.32501684326885805 0.0 0.10024762335485267 0.2539553548829225 0.13891900057129933 0.0 0.0 
0.0 0.19755641548803496 0.0 0.0 0.2656181646993305 0.0 0.1028912681339198 0.3082678385925719 0.12566631308614293 0.0 0.0 
0.0 0.21928533200968958 0.0 0.0 0.0 0.0 0.10014697844839437 0.35 0.33056768954191607 0.0 0.0 
0.0 0.22427941811612243 0.0 0.0 0.0 0.0 0.10270685672048578 0.35 0.32301372516339183 0.0 0.0 
0.0 0.31906213944295997 0.0 0.0 0.0 0.0 0.0 0.35 0.33093786055704005 0.0 0.0 
0.0 0.30918566048393925 0.0 0.0 0.0 0.0 0.0 0.35 0.34081433951606077 0.0 0.0 
0.0 0.31120270588620985 0.0 0.0 0.0 0.0 0.13554165525273276 0.35 0.2032556388610574 0.0 0.0 
0.0 0.21098396854353021 0.0 0.0 0.18036361454228655 0.0 0.10145661834909352 0.35 0.15719579856508978 0.0 0.0 
0.0 0.29035728447685333 0.0 0.0 0.11369437944958082 0.0 0.0 0.35 0.24594833607356587 0.0 0.0 
0.0 0.325661158979982 0.0 0.0 0.0 0.0 0.0 0.35 0.324338841020018 0.0 0.0 
0.0 0.31275168842420814 0.0 0.0 0.0 0.0 0.1021710082904189 0.35 0.23507730328537293 0.0 0.0 
0.0 0.1994841046801675 0.0 0.0 0.21288305804335955 0.0 0.10868020168879429 0.3469881204464495 0.1319645151412292 0.0 0.0 
0.0 0.18753257065140289 0.0 0.0 0.3170919426896491 0.0 0.10050946420639732 0.25843673139727263 0.13642929105527798 0.0 0.0 
0.0 0.2641746467751509 0.0 0.0 0.0 0.0 0.10382548748181263 0.35 0.2819998657430365 0.0 0.0 
0.0 0.2174032673036034 0.0 0.0 0.10248441994515459 0.0 0.1023847852015489 0.35 0.22772752754969305 0.0 0.0 
0.0 0.29221442315419843 0.0 0.0 0.0 0.0 0.11003399284691502 0.35 0.24775158399888658 0.0 0.0 
0.0 0.2792071040346986 0.0 0.0 0.13401442959052612 0.0 0.0 0.35 0.23677846637477523 0.0 0.0 
0.0 0.28632525821769544 0.0 0.0 0.12170565103865537 0.0 0.0 0.35 0.2419690907436492 0.0 0.0 
0.0 0.24327792327403244 0.0 0.0 0.0 0.0 0.10230778631857827 0.35 0.3044142904073894 0.0 0.0 
0.0 0.1820099156123638 0.0 0.0 0.31257572399146266 0.0 0.10029622661643882 0.26202488909831456 0.14309324468142018 0.0 0.0 
0.0 0.2509558010503267 0.0 0.0 0.0 0.0 0.11175852117254816 0.35 0.28728567777712516 0.0 0.0 
0.0 0.32777831789507156 0.0 0.0 0.0 0.0 0.15892056102188998 0.35 0.1633011210830386 0.0 0.0 
0.0 0.19456957823222024 0.0 0.0 0.24682430332184732 0.0 0.10326707086233411 0.33758300398427005 0.11775604359932819 0.0 0.0 
0.0 0.23384466739860163 0.0 0.0 0.11192518414788552 0.0 0.1065630088185836 0.35 0.1976671396349292 0.0 0.0 
0.0 0.26544612959457803 0.0 0.0 0.0 0.0 0.1087204634577602 0.35 0.2758334069476618 0.0 0.0 
0.0 0.34711908437971706 0.0 0.0 0.0 0.0 0.0 0.35 0.3028809156202829 0.0 0.0 
0.0 0.1929077250799978 0.0 0.0 0.25355091926397244 0.0 0.10122009632955364 0.3347215849830522 0.11759967434342398 0.0 0.0 
0.0 0.28324686120067555 0.0 0.0 0.1262399503286848 0.0 0.0 0.35 0.2405131884706397 0.0 0.0 
0.0 0.33649101566337836 0.0 0.0 0.0 0.0 0.13102733067503486 0.35 0.18248165366158686 0.0 0.0 
0.0 0.3159624879039422 0.0 0.0 0.10915821979652146 0.0 0.0 0.35 0.2248792922995363 0.0 0.0 
0.0 0.19097106119857687 0.0 0.0 0.2628681911173292 0.0 0.10002835226934578 0.32724539563662763 0.11888699977812049 0.0 0.0 
0.0 0.24644628443383557 0.0 0.0 0.14907354879416643 0.0 0.11093236135304636 0.35 0.14354780541895162 0.0 0.0 
0.0 0.23711817015557382 0.0 0.0 0.14732451747102238 0.0 0.10768097759310306 0.34741182283165045 0.16046451194865027 0.0 0.0 
0.0 0.20878276174061053 0.0 0.0 0.17136775530277393 0.0 0.10707270175488154 0.35 0.1627767812017339 0.0 0.0 
0.0 0.20805682524435512 0.0 0.0 0.23062905084983443 0.0 0.10264899150045377 0.35 0.10866513240535669 0.0 0.0 
0.0 0.23271407461063937 0.0 0.0 0.13131172088507423 0.0 0.11536182178503787 0.3464579484941106 0.17415443422513768 0.0 0.0 
0.0 0.22169913105554095 0.0 0.0 0.10432109081843205 0.0 0.10490880376229784 0.35 0.21907097436372908 0.0 0.0 
0.0 0.18777436173146356 0.0 0.0 0.2760265365434334 0.0 0.10845513817201023 0.28761462367122465 0.14012933988186813 0.0 0.0 
0.0 0.2079875417572149 0.0 0.0 0.10190234428931595 0.0 0.1022795430002191 0.35 0.23783057095325008 0.0 0.0 
0.0 0.21954432349527217 0.0 0.0 0.18009363171483647 0.0 0.11123038655216147 0.35 0.13913165823772994 0.0 0.0 
0.0 0.24245535099376758 0.0 0.0 0.10412317827609985 0.0 0.10071230555049632 0.35 0.20270916517963625 0.0 0.0 
0.0 0.19814023871449882 0.0 0.0 0.22686074805206022 0.0 0.10209726903984176 0.34624530482070026 0.12665643937289878 0.0 0.0 
0.0 0.17884497011758746 0.0 0.0 0.2673981729433998 0.0 0.10004807325399145 0.3344273321175856 0.11928145156743569 0.0 0.0 
0.0 0.2710592477357249 0.0 0.0 0.1341266664849614 0.0 0.0 0.35 0.2448140857793138 0.0 0.0 
0.0 0.20799855709403545 0.0 0.0 0.23314605712725492 0.0 0.10139930384235936 0.34172111845919995 0.11573496347715029 0.0 0.0 
0.0 0.20214844265596416 0.0 0.0 0.10475769731424085 0.0 0.10637779760479361 0.3498587520199303 0.2368573104050712 0.0 0.0 
0.0 0.18995192623162488 0.0 0.0 0.24469138625538236 0.0 0.10335444159790284 0.3424950892884441 0.11950715662664582 0.0 0.0 
0.0 0.24695287067963093 0.0 0.0 0.0 0.0 0.11012705172967487 0.35 0.2929200775906943 0.0 0.0 
0.0 0.25890047753637563 0.0 0.0 0.11791870804575542 0.0 0.10248204473478385 0.35 0.17069876968308517 0.0 0.0 
0.0 0.21863303700038655 0.0 0.0 0.2133455007244974 0.0 0.10134423561680556 0.3464677962079896 0.12020943045032088 0.0 0.0 
0.0 0.19222674383318378 0.0 0.0 0.29359058229458157 0.0 0.10229403310464415 0.27744661355227174 0.13444202721531884 0.0 0.0 
0.0 0.2634457529267894 0.0 0.0 0.0 0.0 0.11384916393881979 0.35 0.27270508313439096 0.0 0.0 
0.0 0.1880181509079099 0.0 0.0 0.3062981283174468 0.0 0.10126209019778447 0.2683588780333052 0.13606275254355357 0.0 0.0 
0.0 0.22077513782442007 0.0 0.0 0.10258100459116465 0.0 0.10458937564327259 0.35 0.22205448194114275 0.0 0.0 
0.0 0.19549383706792162 0.0 0.0 0.27157368035288676 0.0 0.10407734581715987 0.298912646285715 0.12994249047631684 0.0 0.0 
0.0 0.20771786456444552 0.0 0.0 0.20322561750267304 0.0 0.1057556370897913 0.35 0.13330088084309005 0.0 0.0 
0.0 0.21629013201508038 0.0 0.0 0.17742419734899717 0.0 0.10958167630316121 0.3448121317830763 0.15189186254968498 0.0 0.0 
0.0 0.21538586242864033 0.0 0.0 0.19137210525453385 0.0 0.10536029235004234 0.35 0.13788173996678352 0.0 0.0 
0.0 0.3133563671308102 0.0 0.0 0.0 0.0 0.15442837086802833 0.3486940172682618 0.1835212447328998 0.0 0.0 
0.0 0.25306009936034984 0.0 0.0 0.0 0.0 0.10200039063900507 0.35 0.29493951000064506 0.0 0.0 
0.0 0.29579337202462047 0.0 0.0 0.0 0.0 0.13342406996340125 0.35 0.22078255801197832 0.0 0.0 
0.0 0.21642441096598883 0.0 0.0 0.1924331388816165 0.0 0.10641815348794269 0.35 0.13472429666445201 0.0 0.0 
0.0 0.21263991552149372 0.0 0.0 0.0 0.0 0.10191812212061271 0.35 0.3354419623578936 0.0 0.0 
0.0 0.24897144054448012 0.0 0.0 0.1287745057645572 0.0 0.11828169313126556 0.35 0.15397236055969712 0.0 0.0 
0.0 0.2841390415629817 0.0 0.0 0.0 0.0 0.10117700838938547 0.35 0.2646839500476329 0.0 0.0 
0.0 0.3258034275509063 0.0 0.0 0.0 0.0 0.11851072933427542 0.35 0.2056858431148183 0.0 0.0 
0.0 0.2805675365485223 0.0 0.0 0.0 0.0 0.11356692456108108 0.35 0.25586553889039665 0.0 0.0 
0.0 0.23744058270266805 0.0 0.0 0.0 0.0 0.10308303469685852 0.35 0.30947638260047344 0.0 0.0 
0.0 0.33399299012363176 0.0 0.0 0.0 0.0 0.0 0.35 0.31600700987636826 0.0 0.0 
0.0 0.3418575353651054 0.0 0.0 0.0 0.0 0.0 0.35 0.30814246463489475 0.0 0.0 
0.0 0.19342461572911576 0.0 0.0 0.26416327084837554 0.0 0.10423672936908657 0.320193460298361 0.11798192375506114 0.0 0.0 
0.0 0.23525179271522767 0.0 0.0 0.14232995735397996 0.0 0.1138694750537337 0.35 0.15854877487705868 0.0 0.0 
0.0 0.23024984642972443 0.0 0.0 0.0 0.0 0.10064782653873042 0.35 0.3191023270315452 0.0 0.0 
0.0 0.1906830789309102 0.0 0.0 0.2866000210854856 0.0 0.10045931496083009 0.2918975407117827 0.13036004431099144 0.0 0.0 
0.0 0.19338680238195416 0.0 0.0 0.2953623558680073 0.0 0.10291136170952456 0.2730861160680138 0.13525336397250023 0.0 0.0 
0.0 0.268743186333048 0.0 0.0 0.0 0.0 0.11681489530274854 0.35 0.26444191836420355 0.0 0.0 
0.0 0.2377810815577785 0.0 0.0 0.11900613247076276 0.0 0.10622395984299969 0.3493944727680319 0.1875943533604271 0.0 0.0 
0.0 0.3320847004527035 0.0 0.0 0.0 0.0 0.1523524029993847 0.35 0.16556289654791181 0.0 0.0 
0.0 0.19109996124169112 0.0 0.0 0.29862458799594094 0.0 0.104191315695642 0.2683735718775659 0.13771056318916017 0.0 0.0 
0.0 0.1950371132340125 0.0 0.0 0.2724336891901129 0.0 0.10528889542648814 0.29765657225544906 0.12958372989393724 0.0 0.0 
0.0 0.23244464603984918 0.0 0.0 0.0 0.0 0.10267292904009477 0.35 0.314882424920056 0.0 0.0 
0.0 0.21300614653198877 0.0 0.0 0.0 0.0 0.10255092718496048 0.35 0.3344429262830509 0.0 0.0 
0.0 0.28978377420062623 0.0 0.0 0.0 0.0 0.10399778714896685 0.35 0.25621843865040694 0.0 0.0 
0.0 0.23544074270603588 0.0 0.0 0.0 0.0 0.10337268186796104 0.35 0.31118657542600303 0.0 0.0 
0.0 0.18744322057702822 0.0 0.0 0.29241650822877824 0.0 0.10002848993397971 0.2831662931480478 0.13694548811216609 0.0 0.0 
0.0 0.23616967551029133 0.0 0.0 0.12289159062472303 0.0 0.12333255636772673 0.35 0.16760617749725898 0.0 0.0 
0.0 0.3022684262607733 0.0 0.0 0.0 0.0 0.12188722762742367 0.35 0.22584434611180318 0.0 0.0 
0.0 0.23853894336799478 0.0 0.0 0.12618045363234448 0.0 0.10878391484696408 0.35 0.1764966881526967 0.0 0.0 
0.0 0.3144302262419511 0.0 0.0 0.0 0.0 0.10772852839309291 0.35 0.22784124536495598 0.0 0.0 
0.0 0.19417577212152393 0.0 0.0 0.26222408061282504 0.0 0.10645771910359389 0.32037311799834134 0.11676931016371582 0.0 0.0 
0.0 0.23644703472706674 0.0 0.0 0.10156535744476412 0.0 0.10410988873662845 0.35 0.20787771909154068 0.0 0.0 
0.0 0.22918062439160555 0.0 0.0 0.12113914712167 0.0 0.11266485480320514 0.35 0.18701537368351942 0.0 0.0 
0.0 0.24564632801308656 0.0 0.0 0.11435371045995558 0.0 0.10109912553991635 0.35 0.18890083598704166 0.0 0.0 
0.0 0.2457972802452554 0.0 0.0 0.10827588225567542 0.0 0.11115832641493308 0.35 0.18476851108413614 0.0 0.0 
0.0 0.30392275234138716 0.0 0.0 0.0 0.0 0.0 0.3497279265691853 0.34634932108942773 0.0 0.0 
0.0 0.20771786456444552 0.0 0.0 0.20322561750267304 0.0 0.1057556370897913 0.35 0.13330088084309005 0.0 0.0 
0.0 0.22462988399697176 0.0 0.0 0.1618400919023743 0.0 0.10802063128633596 0.35 0.15550939281431803 0.0 0.0 
0.0 0.2470723165335182 0.0 0.0 0.0 0.0 0.10304170986194432 0.35 0.2998859736045376 0.0 0.0 
