-0.01066835838195402 0.008605547393948894 
-0.005255386690376327 1.5544348605603934E-4 
-0.005255386690376327 1.5544348605603934E-4 
-0.01066835838195402 0.008605547393948894 
-0.01066610624110237 0.008597822207860609 
-0.010655215178499926 0.0077184935855883815 
-0.010628928771591741 0.006207838657328673 
-0.010629026851084567 0.006871594439553181 
-0.008980955913716074 0.0022524207745114105 
-0.009422910870996571 0.003218063346730898 
-0.006664517912523413 2.835015910032341E-4 
-0.01064799351702205 0.007268475643447303 
-0.005975717052004109 2.1362515989580688E-4 
-0.010652480445789023 0.0075449596933091405 
-0.010051117604670402 0.004391836818398967 
-0.007849232422104717 7.871108787226189E-4 
-0.006245931270310558 2.3937785082151264E-4 
-0.009787010702959177 0.004163937094321463 
-0.010201296451678759 0.004830935848322479 
-0.009523990919504517 0.0034670344199474383 
-0.00772435839572738 7.167676612857524E-4 
-0.008819616887364119 0.0019497660802400786 
-0.009612410972054763 0.003693405738074705 
-0.009676367949226501 0.0038621394019608224 
-0.010140974920273157 0.004651788694091923 
-0.005624356782709774 1.8334332110588568E-4 
-0.010536464170082471 0.005894243040779028 
-0.008401938500808039 0.0013405948928118777 
-0.005463326715892988 1.7067565475209585E-4 
-0.006369864702124485 2.5190602213653873E-4 
-0.010410366405105967 0.005480697776860956 
-0.008333475503253706 0.001259539400918689 
-0.005819319114859826 1.996986749056509E-4 
-0.00975136474276847 0.004065336995255312 
-0.01064478077008452 0.007076794323488736 
-0.007099158794912224 3.80000321643127E-4 
-0.008921222670903999 0.0021372586095428255 
-0.007193283200503903 4.6276182709461427E-4 
-0.009066776404330314 0.0024242764703837328 
-0.008878106823187851 0.0020564053677402756 
-0.009981119431605446 0.004229704889499398 
-0.00917028380166417 0.002641588852124252 
-0.009251398958964305 0.002819560432848828 
-0.009121997928988879 0.002538847422370902 
-0.01031981348698336 0.005193773635339914 
-0.006989271173453639 3.617432502882853E-4 
-0.0065305727402438386 2.6882284914016215E-4 
-0.009302101077098314 0.0029342275865721144 
-0.009703048853826581 0.003933768743813107 
-0.008118073305066123 0.0010275651978190186 
-0.009213192054513954 0.0027348923742579663 
-0.010280546240364166 0.00507196355703659 
-0.0073613266655011105 4.89891536307362E-4 
-0.008179012314044356 0.0010896446165610306 
-0.006820372016426699 3.012439923822276E-4 
-0.010092985047950673 0.004511927610473675 
-0.007928973861786565 8.527488291501835E-4 
-0.008468696636872497 0.0014230344999422832 
-0.009970151068991977 0.0041646904785547665 
-0.00691809523694638 3.3200591920626863E-4 
-0.009355216991470431 0.003057178531874572 
-0.007678250325407065 6.62528109136046E-4 
-0.01036399969628115 0.005332731665997997 
-0.008267891605958342 0.0011852062438990705 
-0.0064690841165703766 2.6226077341403643E-4 
-0.007608716123400377 6.181671234120018E-4 
-0.008701824317780684 0.0017456426915815838 
-0.010575383851678007 0.006025172430193884 
-0.007555527890292369 5.866947783288545E-4 
-0.007969238683255466 8.906247290509082E-4 
-0.007447278517165886 5.292288392120987E-4 
-0.008589439518891361 0.0015806732448863598 
-0.010236573050525754 0.004937430313327091 
-0.008543049126881544 0.0015188070546320036 
-0.006099978789865797 2.2520178276863687E-4 
-0.010455058540777225 0.005625404655022058 
-0.008762468447363874 0.0018489578969076255 
-0.008226885449487718 0.001157966807306952 
-0.005323834842879047 1.6031740438918294E-4 
-0.007163966017582309 4.46805384129362E-4 
-0.00539689224892515 1.656712153335781E-4 
-0.007486257425163647 5.489036925807043E-4 
-0.0086284192840171 0.0016339109294332868 
-0.010498754938369066 0.00576886594356842 
-0.005693775964712449 1.8903900983009025E-4 
-0.010116832229175705 0.004581132612659598 
-0.010441342705934775 0.005580777061500728 
-0.00948434072731005 0.003368124007671848 
-0.008504549524449137 0.001468695896936443 
-0.010490731150568859 0.0057423761205575 
-0.008051806168742397 9.690608448442376E-4 
-0.006099978789865797 2.2520178276863687E-4 
-0.010351832037652022 0.005294266901070712 
-0.008026992204697042 9.588544486448384E-4 
-0.005755029968404727 1.9418220747205185E-4 
-0.01025466403001932 0.004992538685164238 
-0.00907922605118983 0.002449833622030257 
-0.008748222481383705 0.0018243494356821543 
-0.00958460147291905 0.0036213449584567795 
-0.00948434072731005 0.003368124007671848 
