-0.01066835838195402 0.008605547393948894 
-9.709766748820774E-4 1.6574875855326205E-4 
-9.709766748820774E-4 1.6574875855326205E-4 
-0.01066835838195402 0.008605547393948894 
-0.005294471919598096 2.1114861096947475E-4 
-0.0037319760789301312 2.1111905059444455E-4 
-0.010663720980119942 0.008589644568787792 
-0.010655215178499926 0.0077184935855883815 
-0.0014072406163127735 1.6650426639927147E-4 
-0.010628928771591741 0.006207838657328673 
-0.010632276418680036 0.006883451061682842 
-0.006271668513352214 2.419424927243015E-4 
-0.005569797567522229 2.4116595775988935E-4 
-0.009213037779566885 0.0027345535263077563 
-0.002156071612098404 1.7337585483148636E-4 
-0.010066834894970185 0.00443670908222165 
-0.007053873942209363 3.9120016357046606E-4 
-0.0018571169296959069 1.731326463816615E-4 
-0.01044475979255385 0.0055918773041159706 
-0.010507211812345103 0.005796856957926626 
-0.0028067929977689185 1.849408976635283E-4 
-0.010198465297003216 0.004822444307632125 
-0.008559829076853851 0.0015409975025129107 
-0.010004538866528068 0.004260342700725592 
-0.006566220299294048 2.726779687993497E-4 
-0.008992322250894892 0.0022747483779072927 
-0.008914758387234014 0.002125015057240316 
-0.006843670686124825 3.0395755238811517E-4 
-0.010362070787374212 0.005326623824816661 
-0.007683880553638297 6.662795586297068E-4 
-0.01065274353939805 0.007561489146536217 
-0.010241711584644108 0.0049530491168028185 
-0.0034880376440062913 2.099331373059862E-4 
-0.01031996044014784 0.005194232462595115 
-0.0025794481770975717 1.7829970233569224E-4 
-0.010143141134553509 0.0046581575380443135 
-0.003011598209656632 1.8959421407387054E-4 
-0.008425223079725586 0.0013689674654630993 
-0.00956281669219259 0.003565449046655424 
-0.008203597924294107 0.0011154828739787894 
-0.010647138736398484 0.007216964760247654 
-0.010282134765416558 0.005076860625883267 
-0.003159341818789751 1.9469441232182347E-4 
-0.01053901504567175 0.005902776897654929 
-0.010644551030688142 0.0070632884671637235 
-0.003345349731294518 2.0572938777903619E-4 
-0.007939310459062958 8.645595078891555E-4 
-0.00953635833129041 0.003498215413760444 
-0.009474367397892498 0.003343498302980224 
-0.008815871897171961 0.0019430575775505347 
-0.008489984166901329 0.0014500289291596194 
-0.010115161670274264 0.004576265639168244 
-0.009263076049619276 0.0028457357318134855 
-0.009682113663893897 0.0038775031138260346 
-0.009338809064594923 0.0030188894769815817 
-0.005532085145486594 2.3249288171085499E-4 
-0.008288038970344589 0.0012473172669160994 
-0.008866409620306461 0.002034798559181459 
-0.0018600955634722766 1.7319632468604395E-4 
-0.0023615647145543072 1.7480370787858383E-4 
-0.009970151068991979 0.004164690478554769 
-0.007428221379586261 5.200265076882602E-4 
-0.009113637918224327 0.0025213017925433618 
-0.007176062394798936 4.2244712865662827E-4 
-0.00944894458456457 0.00328118637936299 
-0.00814859936270021 0.0010583125851255165 
-0.0077998178628285834 7.488416507563014E-4 
-0.008047367591624298 9.98610459792159E-4 
-0.009766217539236437 0.004106263032009178 
-0.008339004383872249 0.0012659540628108456 
-0.010579563188531163 0.0060393243743542165 
-0.00930226641063792 0.002934605810570381 
-0.008655884253593996 0.0016721098193257444 
-0.00780451301267317 8.100719926693461E-4 
-0.009786174351615863 0.0041616087539846965 
-0.006485365174165663 2.6398749101993536E-4 
-0.00723547961926743 4.865763415927289E-4 
-0.008000894237027115 9.40338533178938E-4 
-0.007548358042765328 5.826153805018301E-4 
-0.009682113663893897 0.0038775031138260346 
-0.009065446316338426 0.0024215553993483345 
-0.008717362933609757 0.0018722421586421208 
-0.006843670686124825 3.0395755238811517E-4 
-0.009626707165929636 0.0037307588035410885 
-0.0037086255848914136 2.1098022371360316E-4 
-0.009038688795934452 0.00236720031572499 
-0.006331793490717287 2.480095199575121E-4 
-0.005294471919598096 2.1114861096947475E-4 
-0.01040142443300011 0.005451990598959364 
-0.009626707165929636 0.0037307588035410885 
-0.00758792136902544 6.056086251598102E-4 
-0.01059573439381805 0.006094251401197591 
-0.009397623030190792 0.0031574136188630693 
-0.010650077806947213 0.0073956364523294245 
-0.002450399368913403 1.763541968422754E-4 
-0.00937808242167315 0.003142882609249768 
-0.009113637918224327 0.0025213017925433618 
-0.01064963937490117 0.0073687046562166784 
-0.010411939795289059 0.005485757441122407 
-0.008704012784586268 0.0018228596127714458 
