0.0 0.30000000000000004 0.0 0.0 0.0 0.0 0.0 0.35 0.35 0.0 0.0 
0.35 0.0 0.0 0.0 0.0 0.35 0.0 0.1 0.2 0.0 0.0 
0.35 0.0 0.0 0.0 0.0 0.35 0.0 0.1 0.2 0.0 0.0 
0.0 0.30000000000000004 0.0 0.0 0.0 0.0 0.0 0.35 0.35 0.0 0.0 
0.0 0.30067720419954824 0.0 0.0 0.0 0.0 0.0 0.3493227958004518 0.35 0.0 0.0 
0.1 0.2 0.0 0.0 0.0 0.0 0.0 0.35 0.35 0.0 0.0 
0.20049673519633726 0.1 0.0 0.0 0.0 0.0 0.0 0.3495032648036628 0.35 0.0 0.0 
0.30000000000000016 0.0 0.0 0.0 0.0 0.0 0.0 0.35 0.35 0.0 0.0 
0.2847232355335263 0.1 0.0 0.0 0.0 0.0 0.0 0.2652767644664738 0.35 0.0 0.0 
0.3133515873809346 0.1 0.0 0.0 0.0 0.0 0.0 0.2366484126190655 0.35 0.0 0.0 
0.290971605517485 0.1 0.0 0.0 0.0 0.0 0.0 0.259028394482515 0.35 0.0 0.0 
0.3047290619337901 0.1 0.0 0.0 0.0 0.0 0.0 0.24527093806620998 0.35 0.0 0.0 
0.35 0.0 0.0 0.0 0.0 0.21972009636442713 0.0 0.1 0.3302799036355729 0.0 0.0 
0.15861105544532997 0.1413889445546701 0.0 0.0 0.0 0.0 0.0 0.35 0.35 0.0 0.0 
0.26507745590202547 0.1 0.0 0.0 0.0 0.0 0.0 0.2849225440979746 0.35 0.0 0.0 
0.35 0.18331215604054588 0.0 0.0 0.0 0.0 0.0 0.11668784395945414 0.35 0.0 0.0 
0.3439576065821893 0.16013058893704205 0.0 0.0 0.0 0.0 0.0 0.1459118044807687 0.35 0.0 0.0 
0.35 0.10634857088667032 0.0 0.0 0.0 0.0 0.0 0.19365142911332975 0.35 0.0 0.0 
0.35 0.0 0.0 0.0 0.0 0.23989192222669084 0.0 0.1 0.3101080777733091 0.0 0.0 
0.27907373549100234 0.1 0.0 0.0 0.0 0.0 0.0 0.2709262645089977 0.35 0.0 0.0 
0.35 0.14483364113803607 0.0 0.0 0.0 0.0 0.0 0.15516635886196395 0.35 0.0 0.0 
0.33964474186240484 0.1 0.0 0.0 0.0 0.0 0.0 0.21035525813759512 0.35 0.0 0.0 
0.29531768842037587 0.1 0.0 0.0 0.0 0.0 0.0 0.2546823115796242 0.35 0.0 0.0 
0.33039721154051516 0.1 0.0 0.0 0.0 0.0 0.0 0.21960278845948486 0.35 0.0 0.0 
0.35 0.0 0.0 0.0 0.0 0.30319080382222563 0.0 0.1 0.2468091961777744 0.0 0.0 
0.3454419765601446 0.0 0.0 0.0 0.0 0.0 0.0 0.3045580234398555 0.35 0.0 0.0 
0.35 0.1736375210489017 0.0 0.0 0.0 0.0 0.0 0.1263624789510983 0.35 0.0 0.0 
0.2767329731407572 0.1 0.0 0.0 0.0 0.0 0.0 0.27326702685924287 0.35 0.0 0.0 
0.35 0.11301947709269251 0.0 0.0 0.0 0.0 0.0 0.18698052290730754 0.35 0.0 0.0 
0.3398278998567936 0.0 0.0 0.0 0.0 0.0 0.0 0.3101721001432064 0.35 0.0 0.0 
0.3033002708014106 0.0 0.0 0.0 0.0 0.0 0.0 0.3466997291985895 0.35 0.0 0.0 
0.35 0.0 0.0 0.0 0.0 0.18934666542935713 0.0 0.11065333457064296 0.35 0.0 0.0 
0.33472831427033645 0.0 0.0 0.0 0.0 0.35 0.0 0.1 0.21527168572966357 0.0 0.0 
0.32614316030077095 0.1 0.0 0.0 0.0 0.0 0.0 0.2238568396992291 0.35 0.0 0.0 
0.35 0.0 0.0 0.0 0.0 0.27756665911468237 0.0 0.1 0.2724333408853177 0.0 0.0 
0.29886807014391303 0.1 0.0 0.0 0.0 0.0 0.0 0.251131929856087 0.35 0.0 0.0 
0.30590137978154996 0.0 0.0 0.0 0.0 0.0 0.0 0.34409862021845 0.35 0.0 0.0 
0.336702749053709 0.0 0.0 0.0 0.0 0.0 0.0 0.313297250946291 0.35 0.0 0.0 
0.35 0.0 0.0 0.0 0.0 0.3135705734936798 0.0 0.1 0.23642942650632032 0.0 0.0 
0.35 0.0 0.0 0.0 0.0 0.21117592455290862 0.0 0.1 0.33882407544709137 0.0 0.0 
0.19231852119842402 0.10768147880157604 0.0 0.0 0.0 0.0 0.0 0.35 0.35 0.0 0.0 
0.35 0.12744873791559042 0.0 0.0 0.0 0.0 0.0 0.17255126208440957 0.35 0.0 0.0 
0.3431248279781608 0.0 0.0 0.0 0.0 0.0 0.0 0.3068751720218392 0.35 0.0 0.0 
0.35 0.0 0.0 0.0 0.0 0.19480724815602718 0.0 0.1051927518439729 0.35 0.0 0.0 
0.35 0.16376743275493674 0.0 0.0 0.0 0.0 0.0 0.1362325672450633 0.35 0.0 0.0 
0.35 0.13212550609331344 0.0 0.0 0.0 0.0 0.0 0.1678744939066866 0.35 0.0 0.0 
0.34179268500253557 0.16787192401346765 0.0 0.0 0.0 0.0 0.0 0.1403353909839968 0.35 0.0 0.0 
0.13101990448429957 0.16898009551570053 0.0 0.0 0.0 0.0 0.0 0.35 0.35 0.0 0.0 
0.35 0.1901702536055777 0.0 0.0 0.0 0.0 0.0 0.10982974639442229 0.35 0.0 0.0 
0.35 0.0 0.0 0.0 0.0 0.25402213619361236 0.0 0.1 0.2959778638063877 0.0 0.0 
0.3020906807728422 0.1 0.0 0.0 0.0 0.0 0.0 0.2479093192271579 0.35 0.0 0.0 
0.35 0.0 0.0 0.0 0.0 0.0 0.0 0.29999999999999993 0.35 0.0 0.0 
0.35 0.0 0.0 0.0 0.0 0.29052854491726104 0.0 0.1 0.25947145508273906 0.0 0.0 
0.35 0.1697266823352443 0.0 0.0 0.0 0.0 0.0 0.13027331766475564 0.35 0.0 0.0 
0.32401840966715123 0.0 0.0 0.0 0.0 0.0 0.0 0.3259815903328488 0.35 0.0 0.0 
0.3142799867366638 0.0 0.0 0.0 0.0 0.0 0.0 0.3357200132633362 0.35 0.0 0.0 
0.35 0.0 0.0 0.0 0.0 0.17673547892119182 0.0 0.12326452107880825 0.35 0.0 0.0 
0.35 0.10272955944225792 0.0 0.0 0.0 0.1 0.0 0.1064697528157783 0.3408006877419638 0.0 0.0 
0.35 0.11661655197155871 0.0 0.0 0.0 0.0 0.0 0.1833834480284413 0.35 0.0 0.0 
0.35 0.0 0.0 0.0 0.0 0.2660553012515343 0.0 0.1 0.2839446987484658 0.0 0.0 
0.3225863433660446 0.1 0.0 0.0 0.0 0.0 0.0 0.22741365663395544 0.35 0.0 0.0 
0.35 0.0 0.0 0.0 0.0 0.329030786248691 0.0 0.1 0.22096921375130907 0.0 0.0 
0.35 0.0 0.0 0.0 0.0 0.32248051338609474 0.0 0.1 0.22751948661390528 0.0 0.0 
0.34513945631748844 0.1 0.0 0.0 0.0 0.0 0.0 0.20486054368251158 0.35 0.0 0.0 
0.3341417521512019 0.0 0.0 0.0 0.0 0.0 0.0 0.3158582478487981 0.35 0.0 0.0 
0.12122443568332442 0.17877556431667557 0.0 0.0 0.0 0.0 0.0 0.35 0.35 0.0 0.0 
0.35 0.2077122444045436 0.0 0.0 0.0 0.0 0.0 0.1 0.34228775559545643 0.0 0.0 
0.35 0.19443098683353438 0.0 0.0 0.0 0.0 0.0 0.10556901316646568 0.35 0.0 0.0 
0.3221762094096746 0.0 0.0 0.0 0.0 0.0 0.0 0.32782379059032546 0.35 0.0 0.0 
0.31992528517696517 0.0 0.0 0.0 0.0 0.0 0.0 0.3300747148230348 0.35 0.0 0.0 
0.35 0.0 0.0 0.0 0.0 0.24482924839816442 0.0 0.1 0.3051707516018356 0.0 0.0 
0.35 0.10099523180643306 0.0 0.0 0.0 0.0 0.0 0.199004768193567 0.35 0.0 0.0 
0.34529452177826936 0.12789705488442635 0.0 0.0 0.0 0.0 0.0 0.17680842333730426 0.35 0.0 0.0 
0.3164210423022723 0.0 0.0 0.0 0.0 0.0 0.0 0.33357895769772766 0.35 0.0 0.0 
0.2721486234985536 0.1 0.0 0.0 0.0 0.0 0.0 0.2778513765014464 0.35 0.0 0.0 
0.35 0.14235494236425852 0.0 0.0 0.0 0.0 0.0 0.16043888197231698 0.3472061756634246 0.0 0.0 
0.33497524991208794 0.1 0.0 0.0 0.0 0.0 0.0 0.21502475008791216 0.35 0.0 0.0 
0.35 0.0 0.0 0.0 0.0 0.2862159382960716 0.0 0.1 0.2637840617039284 0.0 0.0 
0.2721486234985536 0.1 0.0 0.0 0.0 0.0 0.0 0.2778513765014464 0.35 0.0 0.0 
0.35 0.1206587525455719 0.0 0.0 0.0 0.0 0.0 0.1793412474544282 0.35 0.0 0.0 
0.31634929024569397 0.1 0.0 0.0 0.0 0.0 0.0 0.233650709754306 0.35 0.0 0.0 
0.31811089871240084 0.0 0.0 0.0 0.0 0.0 0.0 0.3318891012875992 0.35 0.0 0.0 
0.32034373854995757 0.1 0.0 0.0 0.0 0.0 0.0 0.2296562614500425 0.35 0.0 0.0 
0.30064292315584085 0.0 0.0 0.0 0.0 0.0 0.0 0.35 0.3493570768441592 0.0 0.0 
0.35 0.0 0.0 0.0 0.0 0.26200406830190476 0.0 0.1 0.2879959316980952 0.0 0.0 
0.3355282022125641 0.1 0.0 0.0 0.0 0.0 0.0 0.21447179778743597 0.35 0.0 0.0 
0.31187863350831097 0.0 0.0 0.0 0.0 0.0 0.0 0.338121366491689 0.35 0.0 0.0 
0.33029896077893056 0.0 0.0 0.0 0.0 0.0 0.0 0.3197010392210695 0.35 0.0 0.0 
0.3457305366639474 0.1 0.0 0.0 0.0 0.0 0.0 0.20426946333605273 0.35 0.0 0.0 
0.35 0.10190498943040685 0.0 0.0 0.0 0.1 0.0 0.1116009629221475 0.3364940476474457 0.0 0.0 
0.31102429944560916 0.0 0.0 0.0 0.0 0.0 0.0 0.33897570055439086 0.35 0.0 0.0 
0.3269653438970228 0.0 0.0 0.0 0.0 0.0 0.0 0.3230346561029772 0.35 0.0 0.0 
0.33228899655897026 0.0 0.0 0.0 0.0 0.0 0.0 0.31771100344102976 0.35 0.0 0.0 
0.327357662068573 0.0 0.0 0.0 0.0 0.0 0.0 0.32264233793142705 0.35 0.0 0.0 
0.2685072541357418 0.1 0.0 0.0 0.0 0.0 0.0 0.28149274586425826 0.35 0.0 0.0 
0.2685072541357418 0.1 0.0 0.0 0.0 0.0 0.0 0.28149274586425826 0.35 0.0 0.0 
0.35 0.0 0.0 0.0 0.0 0.20105035722671932 0.0 0.1 0.3489496427732806 0.0 0.0 
0.35 0.13681189863237625 0.0 0.0 0.0 0.0 0.0 0.16318810136762385 0.35 0.0 0.0 
0.3179895414653586 0.1 0.0 0.0 0.0 0.0 0.0 0.23201045853464147 0.35 0.0 0.0 
0.1 0.2 0.0 0.0 0.0 0.0 0.0 0.35 0.35 0.0 0.0 
