0.0 0.30000000000000004 0.0 0.0 0.0 0.0 0.0 0.35 0.35 0.0 0.0 
0.35 0.0 0.0 0.0 0.0 0.35 0.0 0.1 0.19999999999999996 0.0 0.0 
0.35 0.0 0.0 0.0 0.0 0.35 0.0 0.1 0.19999999999999996 0.0 0.0 
0.0 0.3 0.0 0.0 0.0 0.0 0.0 0.35 0.35 0.0 0.0 
0.0 0.3002858986814808 0.0 0.0 0.0 0.0 0.0 0.3497141013185192 0.35 0.0 0.0 
0.1 0.20000000000000004 0.0 0.0 0.0 0.0 0.0 0.35 0.35 0.0 0.0 
0.20075210297144302 0.1 0.0 0.0 0.0 0.0 0.0 0.34924789702855696 0.35 0.0 0.0 
0.30000000000000016 0.0 0.0 0.0 0.0 0.0 0.0 0.35 0.35 0.0 0.0 
0.31061496771432423 0.1 0.0 0.0 0.0 0.0 0.0 0.23938503228567581 0.35 0.0 0.0 
0.35 0.14850404603397738 0.0 0.0 0.0 0.0 0.0 0.1548598328075997 0.3466361211584229 0.0 0.0 
0.26527280514583385 0.1 0.0 0.0 0.0 0.0 0.0 0.2847271948541662 0.35 0.0 0.0 
0.35 0.0 0.0 0.0 0.0 0.28037915760850374 0.0 0.1 0.2696208423914963 0.0 0.0 
0.29349060118432263 0.1 0.0 0.0 0.0 0.0 0.0 0.25650939881567736 0.35 0.0 0.0 
0.35 0.0 0.0 0.0 0.0 0.26254089467360875 0.0 0.1 0.2874591053263913 0.0 0.0 
0.286902547221605 0.1 0.0 0.0 0.0 0.0 0.0 0.2630974527783951 0.35 0.0 0.0 
0.35 0.1390837177989956 0.0 0.0 0.0 0.0 0.0 0.16091628220100443 0.35 0.0 0.0 
0.3483967073413835 0.0 0.0 0.0 0.0 0.0 0.0 0.3016032926586165 0.35 0.0 0.0 
0.35 0.0 0.0 0.0 0.0 0.3044053911546797 0.0 0.1 0.24559460884532036 0.0 0.0 
0.33958202996146925 0.1 0.0 0.0 0.0 0.0 0.0 0.21041797003853077 0.35 0.0 0.0 
0.3164706995313712 0.1 0.0 0.0 0.0 0.0 0.0 0.2335293004686289 0.35 0.0 0.0 
0.27165426597517917 0.1 0.0 0.0 0.0 0.0 0.0 0.2783457340248209 0.35 0.0 0.0 
0.35 0.0 0.0 0.0 0.0 0.22962680154274423 0.0 0.1 0.32037319845725587 0.0 0.0 
0.34350784184230404 0.1 0.0 0.0 0.0 0.10226466935392642 0.0 0.10422748880376953 0.35 0.0 0.0 
0.32532628203335767 0.1 0.0 0.0 0.0 0.0 0.0 0.22467371796664237 0.35 0.0 0.0 
0.30627001088620737 0.1 0.0 0.0 0.0 0.0 0.0 0.24372998911379268 0.35 0.0 0.0 
0.35 0.0 0.0 0.0 0.0 0.17786847122474816 0.0 0.12213152877525188 0.35 0.0 0.0 
0.33186291664639533 0.0 0.0 0.0 0.0 0.0 0.0 0.3181370833536047 0.35 0.0 0.0 
0.3283743933122751 0.0 0.0 0.0 0.0 0.0 0.0 0.3216256066877249 0.35 0.0 0.0 
0.29912768658175237 0.1 0.0 0.0 0.0 0.0 0.0 0.25087231341824767 0.35 0.0 0.0 
0.35 0.10936415845456232 0.0 0.0 0.0 0.0 0.0 0.19063584154543767 0.35 0.0 0.0 
0.35 0.10432454304833406 0.0 0.0 0.0 0.0 0.0 0.19752658454930547 0.34814887240236053 0.0 0.0 
0.3145251227419675 0.0 0.0 0.0 0.0 0.0 0.0 0.33547487725803254 0.35 0.0 0.0 
0.35 0.0 0.0 0.0 0.0 0.19048678880614303 0.0 0.10951321119385704 0.35 0.0 0.0 
0.35 0.0 0.0 0.0 0.0 0.31605287353611994 0.0 0.1 0.2339471264638801 0.0 0.0 
0.3472305125253496 0.12879599563000754 0.0 0.0 0.0 0.0 0.0 0.17397349184464292 0.35 0.0 0.0 
0.2906167146154562 0.1 0.0 0.0 0.0 0.0 0.0 0.2593832853845438 0.35 0.0 0.0 
0.34270823622761204 0.0 0.0 0.0 0.0 0.0 0.0 0.307291763772388 0.35 0.0 0.0 
0.3228467883354831 0.0 0.0 0.0 0.0 0.0 0.0 0.32715321166451694 0.35 0.0 0.0 
0.17607679654281735 0.12392320345718266 0.0 0.0 0.0 0.0 0.0 0.35 0.35 0.0 0.0 
0.3257640924712383 0.0 0.0 0.0 0.0 0.0 0.0 0.3242359075287617 0.35 0.0 0.0 
0.35 0.0 0.0 0.0 0.0 0.3246162249955752 0.0 0.1 0.22538377500442486 0.0 0.0 
0.35 0.17283106332586873 0.0 0.0 0.0 0.0 0.0 0.12716893667413132 0.35 0.0 0.0 
0.3346514498609585 0.0 0.0 0.0 0.0 0.0 0.0 0.3153485501390415 0.35 0.0 0.0 
0.282450913426122 0.1 0.0 0.0 0.0 0.0 0.0 0.26754908657387805 0.35 0.0 0.0 
0.35 0.15995737449652536 0.0 0.0 0.0 0.0 0.0 0.14004262550347474 0.35 0.0 0.0 
0.33166069334359216 0.0 0.0 0.0 0.0 0.35 0.0 0.1 0.21833930665640783 0.0 0.0 
0.2756030448310218 0.1 0.0 0.0 0.0 0.0 0.0 0.2743969551689783 0.35 0.0 0.0 
0.35 0.11762809010092197 0.0 0.0 0.0 0.0 0.0 0.18237190989907803 0.35 0.0 0.0 
0.35 0.0 0.0 0.0 0.0 0.0 0.0 0.29999999999999993 0.35 0.0 0.0 
0.35 0.11264585474982348 0.0 0.0 0.0 0.0 0.0 0.18735414525017663 0.35 0.0 0.0 
0.30702126528814067 0.0 0.0 0.0 0.0 0.0 0.0 0.34297873471185936 0.35 0.0 0.0 
0.35 0.20225555915693455 0.0 0.0 0.0 0.0 0.0 0.1 0.34774444084306555 0.0 0.0 
0.3201825431667005 0.0 0.0 0.0 0.0 0.0 0.0 0.32981745683329955 0.35 0.0 0.0 
0.35 0.12107720781505968 0.0 0.0 0.0 0.0 0.0 0.17892279218494034 0.35 0.0 0.0 
0.35 0.0 0.0 0.0 0.0 0.2553408267180841 0.0 0.1 0.29465917328191593 0.0 0.0 
0.319379422537365 0.1 0.0 0.0 0.0 0.0 0.0 0.230620577462635 0.35 0.0 0.0 
0.33790351747266145 0.0 0.0 0.0 0.0 0.0 0.0 0.31209648252733857 0.35 0.0 0.0 
0.1566996827949058 0.1433003172050942 0.0 0.0 0.0 0.0 0.0 0.35 0.35 0.0 0.0 
0.35 0.19427493155852438 0.0 0.0 0.0 0.0 0.0 0.10572506844147572 0.35 0.0 0.0 
0.27729412253605523 0.1 0.0 0.0 0.0 0.0 0.0 0.2727058774639448 0.35 0.0 0.0 
0.35 0.0 0.0 0.0 0.0 0.2922961357246049 0.0 0.1 0.25770386427539516 0.0 0.0 
0.35 0.0 0.0 0.0 0.0 0.24477424780681356 0.0 0.1 0.30522575219318654 0.0 0.0 
0.3026611196057507 0.1 0.0 0.0 0.0 0.0 0.0 0.24733888039424934 0.35 0.0 0.0 
0.35 0.15421290040098598 0.0 0.0 0.0 0.0 0.0 0.14578709959901398 0.35 0.0 0.0 
0.34239415768183645 0.0 0.0 0.0 0.0 0.0 0.0 0.30760584231816357 0.35 0.0 0.0 
0.34543357175143574 0.1 0.0 0.0 0.0 0.0 0.0 0.20456642824856425 0.35 0.0 0.0 
0.35 0.13092859647730004 0.0 0.0 0.0 0.0 0.0 0.16907140352270006 0.35 0.0 0.0 
0.35 0.13383988049727258 0.0 0.0 0.0 0.0 0.0 0.16616011950272747 0.35 0.0 0.0 
0.14039841038224118 0.15960158961775886 0.0 0.0 0.0 0.0 0.0 0.35 0.35 0.0 0.0 
0.3108950463677147 0.0 0.0 0.0 0.0 0.0 0.0 0.3391049536322853 0.35 0.0 0.0 
0.3307878118000319 0.1 0.0 0.0 0.0 0.0 0.0 0.21921218819996807 0.35 0.0 0.0 
0.3359890032907167 0.1 0.0 0.0 0.0 0.0 0.0 0.21401099670928342 0.35 0.0 0.0 
0.327898053304677 0.1 0.0 0.0 0.0 0.0 0.0 0.22210194669532304 0.35 0.0 0.0 
0.35 0.0 0.0 0.0 0.0 0.3428861093552872 0.0 0.1 0.20711389064471286 0.0 0.0 
0.20000000000000012 0.1 0.0 0.0 0.0 0.0 0.0 0.35 0.35 0.0 0.0 
0.3337225115126744 0.1 0.0 0.0 0.0 0.0 0.0 0.2162774884873257 0.35 0.0 0.0 
0.35 0.0 0.0 0.0 0.0 0.19741831791885786 0.0 0.10258168208114224 0.35 0.0 0.0 
0.35 0.18749161334427633 0.0 0.0 0.0 0.0 0.0 0.11482801899230434 0.3476803676634193 0.0 0.0 
0.3112956702521854 0.0 0.0 0.0 0.0 0.0 0.0 0.3387043297478146 0.35 0.0 0.0 
0.35 0.17865331378835606 0.0 0.0 0.0 0.0 0.0 0.12134668621164403 0.35 0.0 0.0 
0.3168731321842475 0.0 0.0 0.0 0.0 0.0 0.0 0.3331268678157525 0.35 0.0 0.0 
0.35 0.16573202284842214 0.0 0.0 0.0 0.0 0.0 0.1342679771515779 0.35 0.0 0.0 
0.35 0.18895107900285324 0.0 0.0 0.0 0.0 0.0 0.11104892099714676 0.35 0.0 0.0 
0.3003751400204475 0.0 0.0 0.0 0.0 0.0 0.0 0.3496248599795525 0.35 0.0 0.0 
0.35 0.1806540765228657 0.0 0.0 0.0 0.0 0.0 0.11934592347713438 0.35 0.0 0.0 
0.35 0.0 0.0 0.0 0.0 0.19237386643514198 0.0 0.10762613356485803 0.35 0.0 0.0 
0.3033189460342804 0.0 0.0 0.0 0.0 0.0 0.0 0.3466810539657196 0.35 0.0 0.0 
0.3407738057872547 0.17707025040757066 0.0 0.0 0.0 0.0 0.0 0.13215594380517473 0.35 0.0 0.0 
0.35 0.0 0.0 0.0 0.0 0.2879474395742228 0.0 0.1 0.2620525604257773 0.0 0.0 
0.318081277754134 0.0 0.0 0.0 0.0 0.0 0.0 0.331918722245866 0.35 0.0 0.0 
0.26826082823346964 0.1 0.0 0.0 0.0 0.0 0.0 0.2817391717665304 0.35 0.0 0.0 
0.12353627439047163 0.17646372560952844 0.0 0.0 0.0 0.0 0.0 0.35 0.35 0.0 0.0 
0.1158035154833569 0.18419648451664317 0.0 0.0 0.0 0.0 0.0 0.35 0.35 0.0 0.0 
0.35 0.0 0.0 0.0 0.0 0.21356356659785036 0.0 0.1 0.3364364334021497 0.0 0.0 
0.35 0.0 0.0 0.0 0.0 0.2000000000000001 0.0 0.1 0.35 0.0 0.0 
0.33745657345302177 0.0 0.0 0.0 0.0 0.0 0.0 0.31254342654697825 0.35 0.0 0.0 
0.35 0.0 0.0 0.0 0.0 0.2458379792490708 0.0 0.1 0.30416202075092924 0.0 0.0 
0.35 0.15528483055384898 0.0 0.0 0.0 0.0 0.0 0.1447151694461511 0.35 0.0 0.0 
0.3006184028632788 0.1 0.0 0.0 0.0 0.0 0.0 0.24938159713672123 0.35 0.0 0.0 
0.3062095918101824 0.0 0.0 0.0 0.0 0.0 0.0 0.34379040818981765 0.35 0.0 0.0 
