-0.0018014304539015643 1.1850372391481546E-5 
-0.013716700458046491 4.153849936791443E-4 
-0.004866323239283398 3.7007137784567155E-5 
-0.0049021759148132164 4.248781256067103E-5 
-0.013345813614937002 3.5203590082055774E-4 
-0.006638475672799133 4.996787155105637E-5 
-0.013333653974655198 2.874526526797258E-4 
-0.012825417612095161 2.3713778199091799E-4 
-0.013616459204566743 3.9749699814063753E-4 
-0.012808911605722126 2.1706191992622447E-4 
-0.012045547260076853 1.6207500845985358E-4 
-0.013536539957242966 3.836421695221845E-4 
-0.012109695921220602 1.716380988519069E-4 
-0.010207516119304398 1.1370451906636729E-4 
-0.006901741336698984 5.1264425748045084E-5 
-0.011445798097659509 1.445767397775512E-4 
-0.012502976938882783 2.0613582054632292E-4 
-0.011223170948810632 1.3841885118652997E-4 
-0.0113461865590221 1.4205565200696484E-4 
-0.011787633638160065 1.5416236183774798E-4 
-0.010026999989756322 1.0942705610130613E-4 
-0.012486984870775271 1.9982881002830277E-4 
-0.007059292666573075 5.2618436515645235E-5 
-0.013645154651804825 4.0255969133141625E-4 
-0.013378104618969173 3.572424980772118E-4 
-0.011137108151269299 1.3536082967331077E-4 
-0.012325761696280692 1.7901559438952206E-4 
-0.009905035071006114 1.0452173966374575E-4 
-0.009511765604040214 9.367241983600715E-5 
-0.008458221678605507 7.17486402396399E-5 
-0.010430962938416936 1.1707579449058844E-4 
-0.013672465319547866 4.0742127645646686E-4 
-0.013193507973667928 2.639608712477872E-4 
-0.00746530603209401 5.7390897994302864E-5 
-0.009593046529408141 9.725530248718483E-5 
-0.007581143062534783 5.961879195216137E-5 
-0.013059345999222965 2.4790564835984366E-4 
-0.00883481771440077 7.908238301143211E-5 
-0.010338879870812454 1.1438652953183289E-4 
-0.013295559496862657 2.794084411620613E-4 
-0.012905880542934539 2.39226507496304E-4 
-0.012200523191585433 1.7554885873610337E-4 
-0.007862237883740198 6.227780360053643E-5 
-0.008945571908423296 8.182284779350028E-5 
-0.007953821556441493 6.446377833889779E-5 
-0.006660764806354392 5.063088499045321E-5 
-0.013165844593536674 2.594394215288115E-4 
-0.013481941575643103 3.74384437517759E-4 
-0.01065985318758175 1.2306062967995168E-4 
-0.013405694251254662 3.6173771409780985E-4 
-0.009815250735688915 1.0222386828607878E-4 
-0.012987061679428258 2.423505879859212E-4 
-0.009275046515418826 8.748914303293396E-5 
-0.012756036669104777 2.149480783440886E-4 
-0.011516457376083693 1.5077059877476642E-4 
-0.01325926694307419 2.763054534216279E-4 
-0.013689489884517216 4.1232026971079963E-4 
-0.013318413694863106 2.8638973706223694E-4 
-0.010502497513931536 1.2022044365368729E-4 
-0.008346509543838813 6.997175623562982E-5 
-0.007339830166789224 5.660668831839717E-5 
-0.009393047869360783 9.251654841047291E-5 
-0.010736091514735561 1.2594193861084117E-4 
-0.010874274746644066 1.300804201567384E-4 
-0.012639699192746854 2.1139316382771435E-4 
-0.009974423964908724 1.083911028560888E-4 
-0.009312959962520372 9.117792280368702E-5 
-0.013457696520380664 3.70327429402967E-4 
-0.010792752519410205 1.2775674953797132E-4 
-0.011909819395982927 1.5835965616242112E-4 
-0.008583018189890938 7.344189043404317E-5 
-0.008066492996512133 6.740399101836313E-5 
-0.011918980732049696 1.584912828309286E-4 
-0.008233494736751624 6.862381674403427E-5 
-0.012602392932790894 2.1004965975028174E-4 
-0.010587117419652878 1.2111214533044791E-4 
-0.009693671351283866 9.853774502279363E-5 
-0.012363965145772227 1.859817478020412E-4 
-0.011035308865845113 1.330807887482963E-4 
-0.01302446374691655 2.4492206613625414E-4 
-0.013091235066624081 2.5360754368731076E-4 
-0.0097448671287363 1.0022065705942002E-4 
-0.007183591716516234 5.424629893008733E-5 
-0.01323099012843204 2.6911253832206987E-4 
-0.007714012997908954 6.220191476268864E-5 
-0.00864339166745502 7.41835255030552E-5 
-0.01313225323534227 2.558381487566933E-4 
-0.012417863892999493 1.8876569336266397E-4 
-0.007668746561318176 6.147997361758578E-5 
-0.012427017415733524 1.9095540804757162E-4 
-0.012134922733660363 1.7502643569758573E-4 
-0.01168981124626119 1.525994876717606E-4 
-0.008700345867368679 7.674895086724515E-5 
-0.00874849833195738 7.755792173115556E-5 
-0.009180442475660168 8.599588615526595E-5 
-0.008038690809750986 6.658125446251377E-5 
-0.013507211077569168 3.786482133529465E-4 
-0.009137963966416562 8.533615985452619E-5 
-0.013222963713198106 2.6873274076588265E-4 
-0.012450035272228096 1.9521765659680018E-4 
