-0.004851483478722637 3.8635929752791804E-5 
-0.013716700420735192 4.15384986915314E-4 
-0.004898461479269354 4.754365907215632E-5 
-0.006643718981602868 4.794983772633619E-5 
-0.013351644201166128 3.5297166575654044E-4 
-0.013337009153540833 2.8820532743372486E-4 
-0.012736826691377734 2.159560793897331E-4 
-0.01278923679400244 2.330816557535512E-4 
-0.013610160277908671 3.9639191481301875E-4 
-0.007838410163133195 6.246353602504255E-5 
-0.009710150060626603 9.995484119456801E-5 
-0.013666637169495698 4.0638026797115576E-4 
-0.008589886637840086 7.319193925167688E-5 
-0.012633796691483182 2.1035607261238123E-4 
-0.01345878197063408 3.705083514070129E-4 
-0.0124716744572983 1.9884290696121917E-4 
-0.012436542101918554 1.9113087785166394E-4 
-0.01349181446871078 3.760460175023345E-4 
-0.011337642234507304 1.4143996364611325E-4 
-0.009807813273966017 1.0434969994302686E-4 
-0.00770728956132607 5.9815272576982757E-5 
-0.013414099237192213 3.6311569564748017E-4 
-0.006815685297185449 5.037751505296105E-5 
-0.009593828189345144 9.595456051904284E-5 
-0.011064626343008279 1.3447660983768428E-4 
-0.012848047561328693 2.3710959572837472E-4 
-0.013151472588465548 2.5674180082667873E-4 
-0.007450066537849798 5.712579756561002E-5 
-0.013153870674180973 2.658545455520541E-4 
-0.0075718441587264585 5.8945316002070735E-5 
-0.012089146434729334 1.7080814267044587E-4 
-0.013264140225329117 2.7375310787559453E-4 
-0.007996088787878752 6.548227743295316E-5 
-0.008479728645172624 7.210229065600485E-5 
-0.009952554328069185 1.0519189316408419E-4 
-0.01293773306733198 2.4064201196797823E-4 
-0.007109494837544104 5.45146723418439E-5 
-0.006972390807066083 5.1061971666419306E-5 
-0.010935273183349432 1.2949317562063826E-4 
-0.010427205960535845 1.1736394805628947E-4 
-0.008855503487803833 7.897589727826502E-5 
-0.011438631366500768 1.4416578122464604E-4 
-0.011925762715553567 1.5908337970811014E-4 
-0.00911392724218445 8.481625874562846E-5 
-0.010199833186068746 1.1118306656253507E-4 
-0.010084314898919887 1.0967081761083191E-4 
-0.010286089178914349 1.1648257438683549E-4 
-0.012047896427143863 1.6264215812770787E-4 
-0.004887772495139805 4.45363285431867E-5 
-0.010497051859782783 1.1939887355795623E-4 
-0.0135326480314534 3.829766778847228E-4 
-0.00835020042197569 7.062633382232244E-5 
-0.012369940069818555 1.8714227340251748E-4 
-0.008734347359711677 7.85642080031647E-5 
-0.012534402675626673 2.0821228661205507E-4 
-0.011014992815021803 1.3122420982161908E-4 
-0.007268517972128949 5.533538758649809E-5 
-0.008922932566574742 8.23250980820522E-5 
-0.012180536847811889 1.7700836600399757E-4 
-0.012090772614693882 1.74411467711093E-4 
-0.010004675506343833 1.0834205506561838E-4 
-0.01120739017905931 1.372292518285803E-4 
-0.01328032101750307 2.80816666000831E-4 
-0.01056219793433161 1.2248729611220882E-4 
-0.01329759865396422 2.8233192896390724E-4 
-0.011214957201892334 1.3810387608766911E-4 
-0.006704490623504255 4.812762570581252E-5 
-0.01223497051697838 1.7863583029223827E-4 
-0.008212252638129016 6.805718446839412E-5 
-0.007294967728897071 5.708546786651451E-5 
-0.009345980463515445 9.053134002131353E-5 
-0.0070446238441445085 5.2640833527897377E-5 
-0.009218561975870279 8.719969113043534E-5 
-0.010275026912803133 1.1285276303506913E-4 
-0.010721918566169112 1.254403365042368E-4 
-0.012034572562855875 1.6217009077511843E-4 
-0.009257239429258029 8.791509131403007E-5 
-0.011787779728166138 1.548221755056288E-4 
-0.008137321102551253 6.642814691581274E-5 
-0.011715097626374222 1.53598034110743E-4 
-0.010827085276632828 1.273178812270628E-4 
-0.008291905277829288 6.938379340637999E-5 
-0.011502972554034154 1.4598670911562412E-4 
-0.009519728040011966 9.384776939133532E-5 
-0.013038824047493621 2.486259500145985E-4 
-0.01155476462820066 1.4819218675003848E-4 
-0.011668128835926167 1.5074299094572217E-4 
-0.012473478771413108 2.0569656022098644E-4 
-0.013383293351213018 3.580846219482733E-4 
-0.009478508814596475 9.254685308616565E-5 
-0.012332752675622897 1.801949196599317E-4 
-0.00939974917095965 9.12752387164231E-5 
-0.013336997772006025 2.882042941223841E-4 
-0.013582476556965175 3.9156165874408154E-4 
-0.013552176777817938 3.8632458053928983E-4 
-0.008061628206936967 6.583929000106169E-5 
-0.01323314452235988 2.6943380269148784E-4 
-0.013060959288156784 2.509241833691252E-4 
-0.008734347359711677 7.85642080031647E-5 
-0.013575858355892957 3.9041332758815765E-4 
