0.0 0.0 0.1740866491671633 0.0 0.0 0.19297484580483046 0.0 0.0 0.35 0.0 0.0 
0.0 0.2999999999410793 0.0 0.0 0.0 0.0 0.0 0.35 0.35 0.0 0.0 
0.0 0.0 0.12689908120463167 0.0 0.10905735745636815 0.16156472910760114 0.0 0.10852905562215419 0.3352440202157598 0.10206329115583118 0.0 
0.0 0.0 0.16283564609034745 0.0 0.0 0.2740625939518253 0.0 0.0 0.35 0.0 0.0 
0.0 0.23830665985450936 0.0 0.0 0.0 0.0 0.0 0.35 0.35 0.0 0.0 
0.0 0.196175754036439 0.0 0.0 0.0 0.10381834594874335 0.0 0.35 0.35 0.0 0.0 
0.0 0.10507220801231239 0.0 0.0 0.0 0.16272240073342104 0.0 0.34425954449734597 0.34420611030840875 0.0 0.0 
0.0 0.10174954920888482 0.0 0.0 0.0 0.10062646900790995 0.0 0.34874549923124964 0.34869623092003077 0.10018225163192487 0.0 
0.0 0.0 0.10463511868454008 0.0 0.102587301655641 0.1496877665886674 0.0 0.1567665736028906 0.3376991541695758 0.1030461424023064 0.0 
0.0 0.0 0.0 0.0 0.10179526777707175 0.1124967466107475 0.0 0.31395260527516033 0.35 0.11702080754451541 0.0 
0.0 0.0 0.10911670753873144 0.0 0.10414940972172167 0.11305280296424505 0.0 0.23141781626208766 0.33543101592698377 0.1068322475862304 0.0 
0.0 0.0 0.0 0.0 0.10776372588381572 0.10585432572600546 0.0 0.3236600169451982 0.35 0.10661046077772494 0.0 
0.0 0.0 0.10340253348178335 0.0 0.10029637966239063 0.13706269702866403 0.0 0.17772298347789267 0.34743115825008675 0.10248380468871285 0.0 
0.0 0.2945513863755851 0.0 0.0 0.0 0.0 0.0 0.35 0.35 0.0 0.0 
0.0 0.0 0.0 0.0 0.10990301053413869 0.11209808179004825 0.0 0.295113096743893 0.35 0.11028859611898398 0.0 
0.0 0.0 0.0 0.0 0.10331232188419691 0.10984155622116784 0.0 0.23949625729194657 0.35 0.10493292065664953 0.0 
0.0 0.16492312998406516 0.0 0.0 0.0 0.12524444944094118 0.0 0.35 0.35 0.0 0.0 
0.0 0.0 0.0 0.0 0.10477402602836511 0.1080903821690719 0.0 0.2568135041749432 0.35 0.10478084629593117 0.0 
0.0 0.0 0.0 0.0 0.0 0.10054147163067637 0.0 0.3484509201503287 0.3484016934551704 0.10009762947715763 0.0 
0.0 0.0 0.0 0.0 0.0 0.19864377650611958 0.0 0.34996035219524146 0.35 0.10137873376728448 0.0 
0.0 0.0 0.12296089606410539 0.0 0.10584599471099546 0.1555347046651734 0.0 0.14675276120164935 0.3393817129699374 0.1019440993314874 0.0 
0.0 0.13591063911791118 0.0 0.0 0.0 0.15960209100350153 0.0 0.35 0.35 0.0 0.0 
0.0 0.17359840970717116 0.0 0.0 0.0 0.1218976440589766 0.0 0.35 0.35 0.0 0.0 
0.0 0.0 0.0 0.0 0.10854632509819584 0.10620087341109713 0.0 0.32687678891392774 0.35 0.10601104084180414 0.0 
0.0 0.0 0.11072440761525337 0.0 0.10712189575378465 0.1364703030113195 0.0 0.10819309609616791 0.35 0.10723899062689862 0.0 
0.0 0.0 0.0 0.0 0.10141658288532238 0.10163248917685737 0.0 0.3352167735662324 0.34473932845198935 0.10466948188084221 0.0 
0.0 0.10606857049970854 0.0 0.0 0.0 0.10931713270033251 0.0 0.3404455500763978 0.3404455500763978 0.1037231966471632 0.0 
0.0 0.0 0.11325745150494292 0.0 0.10794155613828432 0.13816411144279017 0.0 0.13299256277954638 0.35 0.10966063274190672 0.0 
0.0 0.0 0.10779878228100818 0.0 0.10323862164536234 0.11170044857125033 0.0 0.22862272289812496 0.33137963811248156 0.10778068707514546 0.0 
0.0 0.0 0.0 0.0 0.10933705482871911 0.11500274614869757 0.0 0.29928267214814414 0.35 0.11415287496450509 0.0 
0.0 0.0 0.10517826089614397 0.0 0.10005579737030008 0.1101628826202346 0.0 0.23393699652671918 0.3481072480219395 0.10255881456466269 0.0 
0.0 0.0 0.10774237890863543 0.0 0.10238483558395874 0.14189415239064382 0.0 0.18465685500869963 0.35 0.10862058608139785 0.0 
0.0 0.25787546289243457 0.0 0.0 0.0 0.0 0.0 0.35 0.35 0.0 0.0 
0.0 0.10034281396215437 0.0 0.0 0.0 0.1158483988911753 0.0 0.3368779640634227 0.34491740085602074 0.10201342222722685 0.0 
0.0 0.0 0.13344052763440756 0.0 0.10093104966141837 0.17023736752706872 0.0 0.11926253050081734 0.3442484134314986 0.10717010228705169 0.0 
0.0 0.0 0.0 0.0 0.10812798343609488 0.11609881079539684 0.0 0.2516930816683019 0.35 0.11228663218578833 0.0 
0.0 0.0 0.0 0.0 0.0 0.10091813010105376 0.0 0.343039525859321 0.3496424631879245 0.1029857388671996 0.0 
0.0 0.0 0.12348494139187983 0.0 0.0 0.16385536534968914 0.0 0.11098002788185998 0.3304859072751289 0.0 0.0 
0.0 0.0 0.0 0.0 0.11621860715684691 0.11329124230564774 0.0 0.28237046955093087 0.35 0.10503438577317903 0.0 
0.0 0.0 0.0 0.0 0.1020059435790852 0.10269879779297161 0.0 0.24997183251045021 0.3474421063110976 0.10241429636766484 0.0 
0.0 0.0 0.10398974028628971 0.0 0.10625305955804965 0.15279383716495668 0.0 0.15753088662784387 0.3479763133188189 0.10874556489977366 0.0 
0.0 0.2434975121481899 0.0 0.0 0.0 0.0 0.0 0.35 0.35 0.0 0.0 
0.0 0.15812373718376596 0.0 0.0 0.0 0.14401183486089805 0.0 0.3489312131295201 0.3489332148258159 0.0 0.0 
0.0 0.0 0.0 0.0 0.10005132732044011 0.10206818722968322 0.0 0.34884192302459177 0.3487721223228531 0.10026644010243187 0.0 
0.0 0.0 0.10710002114632217 0.0 0.10356067263304292 0.13231576692184263 0.0 0.19826261081832577 0.3385433095426092 0.10372869371096888 0.0 
0.0 0.0 0.0 0.0 0.0 0.11623533872237593 0.0 0.35 0.35 0.10132317684052287 0.0 
0.0 0.0 0.0 0.0 0.1034839717696666 0.10139476934534548 0.0 0.2502895496185868 0.3411087849446995 0.10211904904423541 0.0 
0.0 0.0 0.0 0.0 0.10028143190797284 0.10228433326265654 0.0 0.26927709962122415 0.3399777862750846 0.10063326098329511 0.0 
0.0 0.0 0.0 0.0 0.0 0.1003210696486652 0.0 0.33765043657349475 0.35 0.10091588715850737 0.0 
0.0 0.0 0.10284372780010442 0.0 0.10429203505668434 0.10607353997843054 0.0 0.2473789236803692 0.33511949416132886 0.10429227932308263 0.0 
0.0 0.0 0.10323569233936564 0.0 0.10097247311543552 0.10654904276049855 0.0 0.24848786533027478 0.33662175619417267 0.10413317026025276 0.0 
0.0 0.0 0.0 0.0 0.0 0.12515253245163155 0.0 0.35 0.35 0.11459242187804045 0.0 
0.0 0.0 0.0 0.0 0.10777806681611742 0.10706754265841045 0.0 0.2696599176993574 0.35 0.1082095267152944 0.0 
0.0 0.13182099111286708 0.0 0.0 0.0 0.1567773608013059 0.0 0.35 0.35 0.0 0.0 
0.0 0.0 0.0 0.0 0.10400639327962126 0.10608369255658698 0.0 0.27927941784977783 0.35 0.10668630379033395 0.0 
0.0 0.0 0.17548134712300223 0.0 0.0 0.2349437318671214 0.0 0.0 0.35 0.0 0.0 
0.0 0.0 0.17753121389667118 0.0 0.0 0.2546100164225442 0.0 0.0 0.35 0.0 0.0 
0.0 0.0 0.10864324855508593 0.0 0.1043007917313147 0.1548587586379988 0.0 0.17070574857697884 0.35 0.10331878792620011 0.0 
0.0 0.2805087948668171 0.0 0.0 0.0 0.0 0.0 0.35 0.35 0.0 0.0 
0.0 0.286469014229351 0.0 0.0 0.0 0.0 0.0 0.35 0.35 0.0 0.0 
0.0 0.0 0.0 0.0 0.10000442782086759 0.10498709608526695 0.0 0.34290401487118144 0.34818339768247447 0.10392106354020962 0.0 
0.0 0.11250475618744506 0.0 0.0 0.0 0.17874228630682407 0.0 0.35 0.35 0.0 0.0 
0.0 0.0 0.0 0.0 0.0 0.17505621202498214 0.0 0.35 0.35 0.1123865307646708 0.0 
0.0 0.0 0.0 0.0 0.10043662629640333 0.11099527459025706 0.0 0.30976234140724773 0.35 0.11545895376974588 0.0 
0.0 0.0 0.10371844846001614 0.0 0.10154580976449584 0.13144351005947208 0.0 0.2026640320269658 0.35 0.10432650224734658 0.0 
0.0 0.0 0.0 0.0 0.11397303114071046 0.11242944905353655 0.0 0.28660118256648054 0.35 0.11500774229316041 0.0 
0.0 0.0 0.0 0.0 0.1038535933411535 0.11560838324358018 0.0 0.3028381743638736 0.35 0.11356761933810817 0.0 
0.0 0.0 0.12107184134724713 0.0 0.10471834243826379 0.15456713074740708 0.0 0.14548975556718152 0.3364608751457865 0.10067346995617626 0.0 
0.0 0.0 0.13395193233625985 0.0 0.10865578279865037 0.17624476002904643 0.0 0.12343683404851091 0.35 0.10234227287743675 0.0 
0.0 0.10220975410442246 0.0 0.0 0.0 0.10118764271358988 0.0 0.3462273093725594 0.34151453143005717 0.10511009665881477 0.0 
0.0 0.25171416654668505 0.0 0.0 0.0 0.0 0.0 0.35 0.35 0.0 0.0 
0.0 0.0 0.10713745929711718 0.0 0.10306638113524587 0.10959662485751424 0.0 0.20876139702298338 0.35 0.10364604759383447 0.0 
0.0 0.0 0.0 0.0 0.1021639274519831 0.1033412062115048 0.0 0.3469498444450484 0.34683811347086013 0.10070690842060352 0.0 
0.0 0.10785270474968822 0.0 0.0 0.0 0.15801585463365794 0.0 0.3449919637359505 0.34949566931200976 0.0 0.0 
0.0 0.10088885111478404 0.0 0.0 0.0 0.10137101512371872 0.0 0.3457954656551957 0.34568089943035707 0.10626376867594449 0.0 
0.0 0.0 0.0 0.0 0.10803234101758333 0.11019004975844311 0.0 0.29008994886712425 0.35 0.11081598726336316 0.0 
0.0 0.0 0.10534006907269826 0.0 0.10020972505448342 0.11033235923078956 0.0 0.23429688951709626 0.3486427826330639 0.1011781744918686 0.0 
0.0 0.0 0.0 0.0 0.0 0.11158828206379377 0.0 0.3383607962908869 0.35 0.10662897300909326 0.0 
0.0 0.27290973816757785 0.0 0.0 0.0 0.0 0.0 0.35 0.35 0.0 0.0 
0.0 0.0 0.13077142396388508 0.0 0.10117864384616627 0.17358229629109037 0.0 0.12192751918153844 0.35 0.1007962264000761 0.0 
0.0 0.2515411607808049 0.0 0.0 0.0 0.0 0.0 0.35 0.34760034602476636 0.0 0.0 
0.0 0.0 0.10990821822565527 0.0 0.10573185498198545 0.11152637685783362 0.0 0.21416032573130192 0.35 0.10632651261197427 0.0 
0.0 0.0 0.0 0.0 0.10308246831187487 0.11104474280987144 0.0 0.26383281240140033 0.35 0.11111702703597454 0.0 
0.0 0.0 0.0 0.0 0.11240181114620804 0.11316527713425349 0.0 0.2743213500754717 0.35 0.11726012527121626 0.0 
0.0 0.0 0.10825128900538371 0.0 0.10286843987328646 0.14256437489317805 0.0 0.185529062759258 0.35 0.10913364429982103 0.0 
0.0 0.0 0.0 0.0 0.10198843238149898 0.10220555608640487 0.0 0.33710693331742964 0.3466831822644417 0.10525967323590203 0.0 
0.0 0.2633064992185287 0.0 0.0 0.0 0.0 0.0 0.35 0.35 0.0 0.0 
0.0 0.10205762318901315 0.0 0.0 0.0 0.1671631384494687 0.0 0.35 0.35 0.0 0.0 
0.0 0.15812373718376596 0.0 0.0 0.0 0.14401183486089805 0.0 0.3489312131295201 0.3489332148258159 0.0 0.0 
0.0 0.0 0.0 0.0 0.10261063662277659 0.10379306300369044 0.0 0.33912495970621875 0.35 0.10135886844192411 0.0 
0.0 0.0 0.0 0.0 0.0 0.17217467954566226 0.0 0.35 0.35 0.10416881111581293 0.0 
0.0 0.1017458000844679 0.0 0.0 0.0 0.10065960786003433 0.0 0.34873264914713015 0.34868338265128074 0.1001785602570868 0.0 
0.0 0.18868201888048966 0.0 0.0 0.0 0.11132723988821143 0.0 0.35 0.34970075645711535 0.0 0.0 
0.0 0.0 0.10587236687852397 0.0 0.10603533912516794 0.15313252268209582 0.0 0.16196170190224474 0.35 0.10659277417250558 0.0 
0.0 0.1900595774569343 0.0 0.0 0.0 0.105432611963536 0.0 0.35 0.35 0.0 0.0 
0.0 0.0 0.0 0.0 0.0 0.1512047623517825 0.0 0.35 0.35 0.11040596490907112 0.0 
0.0 0.0 0.10574272296190086 0.0 0.10359925992503895 0.13326785876626485 0.0 0.1955548999150588 0.35 0.10399536860977261 0.0 
0.0 0.11409494085196593 0.0 0.0 0.0 0.16716140434254773 0.0 0.34279074544486055 0.35 0.0 0.0 
0.0 0.0 0.10615098445684584 0.0 0.1111458807060769 0.15144299364337568 0.0 0.16681064165872964 0.35 0.1009612942331568 0.0 
0.0 0.1817781032364487 0.0 0.0 0.0 0.11686428535616848 0.0 0.35 0.35 0.0 0.0 
