0.0 0.3000000000000004 0.0 0.0 0.0 0.0 0.0 0.35 0.35 0.0 0.0 
0.15131161705953888 0.0 0.11002144306596445 0.18190578303759733 0.0 0.10230992520148843 0.34952266052373165 0.10492857111167932 0.0 0.0 0.0 
0.0 0.30925501911201025 0.0 0.0 0.0 0.0 0.0 0.35 0.3407449808879898 0.0 0.0 
0.0 0.3180281574915706 0.0 0.0 0.0 0.0 0.0 0.35 0.3319718425084293 0.0 0.0 
0.10534947606869148 0.3358983399705361 0.0 0.0 0.0 0.0 0.0 0.35 0.20875218396077236 0.0 0.0 
0.0 0.32723430201608894 0.0 0.0 0.0 0.0 0.0 0.35 0.3227656979839111 0.0 0.0 
0.0 0.30475980382686046 0.0 0.0 0.0 0.0 0.0 0.35 0.34524019617313956 0.0 0.0 
0.10733596316437877 0.3244322668258406 0.0 0.0 0.0 0.0 0.0 0.35 0.2182317700097806 0.0 0.0 
0.15876253822198844 0.0 0.11357855030854852 0.14067760235715585 0.0 0.10095615979660442 0.3326532688517883 0.1533718804639143 0.0 0.0 0.0 
0.10384594228805785 0.26457476868369567 0.0 0.0 0.0 0.0 0.0 0.3495485616560006 0.2820307273722459 0.0 0.0 
0.12908769399468087 0.29225413926012683 0.0 0.0 0.0 0.0 0.14513475445057872 0.33190654300958533 0.10161686928502835 0.0 0.0 
0.13113712698390922 0.2968940491981177 0.0 0.0 0.0 0.0 0.13156267037844413 0.33717598580103075 0.10323016763849822 0.0 0.0 
0.15007169407007642 0.0 0.1167619000367887 0.15568818072569 0.0 0.10990790922906996 0.3479139342843749 0.11965638165399994 0.0 0.0 0.0 
0.10953455466407215 0.3042618261862918 0.0 0.0 0.0 0.0 0.0 0.35 0.2362036191496362 0.0 0.0 
0.10336544817156293 0.30103081514996544 0.0 0.0 0.0 0.0 0.0 0.3493790178409483 0.2462247188375232 0.0 0.0 
0.0 0.32117671607279547 0.0 0.0 0.0 0.0 0.0 0.35 0.3288232839272046 0.0 0.0 
0.10280624760890399 0.34272566575479074 0.0 0.0 0.0 0.0 0.0 0.35 0.20446808663630522 0.0 0.0 
0.16287364977125685 0.35 0.0 0.0 0.0 0.0 0.13712635022874303 0.35 0.0 0.0 0.0 
0.10169660096081404 0.2970946407714829 0.0 0.0 0.0 0.0 0.0 0.35 0.25120875826770317 0.0 0.0 
0.19509679942682975 0.16341431390504657 0.0 0.0 0.0 0.0 0.33843913497815475 0.30304975168996906 0.0 0.0 0.0 
0.16325975536841655 0.13513922843854184 0.10609617207281889 0.0 0.0 0.0 0.2929100539915417 0.3025947901286812 0.0 0.0 0.0 
0.19115255178010562 0.34048101736072456 0.0 0.0 0.0 0.0 0.0 0.35 0.11836643085916997 0.0 0.0 
0.14062041580405307 0.35 0.0 0.0 0.0 0.0 0.0 0.35 0.159379584195947 0.0 0.0 
0.16160410610584097 0.22206577694187743 0.0 0.0 0.0 0.0 0.2663301169522818 0.35 0.0 0.0 0.0 
0.10422801856734241 0.26819505176560887 0.0 0.0 0.0 0.0 0.0 0.35 0.27757692966704883 0.0 0.0 
0.18657623392781342 0.10630274319974718 0.11344128059623873 0.10865854965778814 0.0 0.0 0.2970681283965235 0.18795306422188915 0.0 0.0 0.0 
0.203602022018429 0.1236719863467229 0.12449622602628373 0.0 0.0 0.0 0.35 0.1982297656085644 0.0 0.0 0.0 
0.23097077353979828 0.2484711754900458 0.0 0.0 0.0 0.0 0.17055805097015597 0.35 0.0 0.0 0.0 
0.14890727056199413 0.0 0.11412474622226927 0.1472064421695794 0.0 0.10144165500495182 0.31356425063446663 0.17475563540673875 0.0 0.0 0.0 
0.0 0.33236015408872543 0.0 0.0 0.0 0.0 0.0 0.35 0.3176398459112746 0.0 0.0 
0.18151249791132415 0.3413391276529333 0.0 0.0 0.0 0.0 0.0 0.35 0.12714837443574256 0.0 0.0 
0.17240752094855516 0.10313401034703548 0.10801977875805839 0.10965664285804923 0.0 0.0 0.28418855733714143 0.22259348975116033 0.0 0.0 0.0 
0.16731688882307258 0.15905087581251795 0.0 0.0 0.0 0.0 0.32363223536440966 0.35 0.0 0.0 0.0 
0.3154381679009527 0.3345618320990474 0.0 0.0 0.0 0.0 0.0 0.35 0.0 0.0 0.0 
0.19972273073674207 0.100741402749124 0.10674413533592379 0.11568266514595305 0.0 0.0 0.30378603749422545 0.1733230285380316 0.0 0.0 0.0 
0.1045889697604313 0.3202509032877247 0.0 0.0 0.0 0.0 0.0 0.35 0.22516012695184404 0.0 0.0 
0.18357663960014284 0.10459370931689395 0.11161748013335758 0.10828917845589804 0.0 0.0 0.2875564832280604 0.20436650926564726 0.0 0.0 0.0 
0.11136078547263056 0.3070937584713631 0.0 0.0 0.0 0.0 0.0 0.35 0.23154545605600627 0.0 0.0 
0.10737182779978471 0.2760428424566603 0.0 0.0 0.0 0.0 0.0 0.35 0.26658532974355503 0.0 0.0 
0.14971872091937227 0.0 0.1103833994228584 0.1716286516603106 0.0 0.10034452146429368 0.33525467039913925 0.13267003613402584 0.0 0.0 0.0 
0.30000000000000027 0.35 0.0 0.0 0.0 0.0 0.0 0.35 0.0 0.0 0.0 
0.11443259229902689 0.3073731170359045 0.0 0.0 0.0 0.0 0.0 0.35 0.2281942906650687 0.0 0.0 
0.0 0.30081815299009773 0.0 0.0 0.0 0.0 0.0 0.35 0.34918184700990235 0.0 0.0 
0.17355668232323634 0.10277153250147075 0.12372498682840755 0.13734578986521334 0.0 0.0 0.30712164374049306 0.15547936474117902 0.0 0.0 0.0 
0.1014144808648687 0.35 0.0 0.0 0.0 0.0 0.0 0.35 0.19858551913513123 0.0 0.0 
0.0 0.33032184364166756 0.0 0.0 0.0 0.0 0.0 0.35 0.3196781563583324 0.0 0.0 
0.17447365836110565 0.11952267094424772 0.11530135290762372 0.0 0.0 0.0 0.3472925623720606 0.24340975541496232 0.0 0.0 0.0 
0.0 0.34089372625944314 0.0 0.0 0.0 0.0 0.0 0.35 0.30910627374055705 0.0 0.0 
0.15008223563153503 0.0 0.11103029264250447 0.182447418358969 0.0 0.10134675854928883 0.3483301799184241 0.10676311489927869 0.0 0.0 0.0 
0.21231535093812884 0.35 0.0 0.0 0.0 0.0 0.0 0.3346383770224073 0.10304627203946398 0.0 0.0 
0.0 0.3364340106889532 0.0 0.0 0.0 0.0 0.0 0.35 0.31356598931104684 0.0 0.0 
0.13472753281160108 0.33953654826854957 0.0 0.0 0.0 0.0 0.0 0.35 0.17573591891984933 0.0 0.0 
0.1605373473149692 0.34269590275575645 0.0 0.0 0.0 0.0 0.0 0.348806429353539 0.14796032057573533 0.0 0.0 
0.17644804724065918 0.12892872834403601 0.11989362326083852 0.0 0.0 0.0 0.35 0.2247296011544663 0.0 0.0 0.0 
0.17624395692690312 0.11916133868310348 0.12073002880864728 0.0 0.0 0.0 0.35 0.23386467558134602 0.0 0.0 0.0 
0.14978803352327577 0.35 0.0 0.0 0.0 0.0 0.0 0.35 0.1502119664767242 0.0 0.0 
0.17917110327904515 0.14989375884287656 0.0 0.0 0.0 0.0 0.3331479038673914 0.3377872340106869 0.0 0.0 0.0 
0.16201902671127347 0.35 0.0 0.0 0.0 0.0 0.0 0.35 0.13798097328872658 0.0 0.0 
0.19285485191608276 0.14041050692156917 0.0 0.0 0.0 0.0 0.35 0.316734641162348 0.0 0.0 0.0 
0.19381758024026222 0.16718731167985915 0.0 0.0 0.0 0.0 0.35 0.2889951080798786 0.0 0.0 0.0 
0.20035372775475127 0.34293492018889216 0.0 0.0 0.0 0.0 0.0 0.3437583735917099 0.1129529784646468 0.0 0.0 
0.11290436655760573 0.31651689201714267 0.0 0.0 0.0 0.0 0.0 0.35 0.22057874142525166 0.0 0.0 
0.1751160112296899 0.10635825155737808 0.1158427263808375 0.112388432841204 0.0 0.0 0.27819183578615925 0.21210274220473135 0.0 0.0 0.0 
0.1604596693846038 0.15145878308676347 0.10224232752366243 0.0 0.0 0.0 0.31034649570845674 0.27549272429651367 0.0 0.0 0.0 
0.21638699504684294 0.33908302233430043 0.0 0.0 0.0 0.0 0.0 0.33842320190201813 0.10610678071683842 0.0 0.0 
0.17518878406432514 0.10560049568669687 0.11295454459160527 0.12545182912797045 0.0 0.0 0.3161908524560851 0.16461349407331716 0.0 0.0 0.0 
0.0 0.3473843790039106 0.0 0.0 0.0 0.0 0.0 0.35 0.3026156209960893 0.0 0.0 
0.10917233228382937 0.35 0.0 0.0 0.0 0.0 0.0 0.35 0.1908276677161707 0.0 0.0 
0.1349520570632163 0.35 0.0 0.0 0.0 0.0 0.0 0.35 0.16504794293678363 0.0 0.0 
0.20376822131076747 0.10278197366327235 0.10890629480440801 0.11802587930940728 0.0 0.0 0.30993938592216846 0.15657824498997638 0.0 0.0 0.0 
0.11372102140641581 0.3412996690170018 0.0 0.0 0.0 0.0 0.0 0.35 0.19497930957658235 0.0 0.0 
0.11828003203877309 0.2919171079163526 0.0 0.0 0.0 0.0 0.0 0.35 0.2398028600448743 0.0 0.0 
0.1063194881899466 0.26924206090883457 0.0 0.0 0.0 0.0 0.0 0.35 0.2744384509012189 0.0 0.0 
0.16107784769616793 0.13333314145350122 0.10467823504774189 0.0 0.0 0.0 0.2889954168990097 0.3119153589035793 0.0 0.0 0.0 
0.1529495843729192 0.13695724537232268 0.10445722952120094 0.0 0.0 0.0 0.3173541642499406 0.2882817764836165 0.0 0.0 0.0 
0.1322184014656802 0.0 0.10766191825590864 0.1649870411828028 0.0 0.10710786472609952 0.3448973929475191 0.14312738142198994 0.0 0.0 0.0 
0.1637509950544537 0.14774567039996975 0.10183502583003695 0.0 0.0 0.0 0.31876929707386176 0.2678990116416778 0.0 0.0 0.0 
0.10276008641504486 0.2919045705182057 0.0 0.0 0.0 0.0 0.0 0.3495749565322894 0.2557603865344601 0.0 0.0 
0.11094496956202335 0.27778454098829297 0.0 0.0 0.0 0.0 0.0 0.35 0.2612704894496836 0.0 0.0 
0.11205216767355902 0.35 0.0 0.0 0.0 0.0 0.0 0.35 0.18794783232644097 0.0 0.0 
0.1603871667088277 0.15369048534656204 0.11519236665667248 0.0 0.0 0.0 0.321996645866993 0.24873333542094478 0.0 0.0 0.0 
0.1758438299429977 0.33935081531924643 0.0 0.0 0.0 0.0 0.0 0.35 0.13480535473775593 0.0 0.0 
0.10674674685939355 0.2895003676466493 0.0 0.0 0.0 0.0 0.0 0.35 0.253752885493957 0.0 0.0 
0.13510756508429264 0.0 0.10080454140645466 0.16456181662172042 0.0 0.10414225388060844 0.35 0.14538382300692393 0.0 0.0 0.0 
0.2095994653463972 0.21248759680169702 0.0 0.0 0.0 0.0 0.3096862989246601 0.26822663892724574 0.0 0.0 0.0 
0.20244501874589396 0.10211454195925514 0.10819909381060688 0.10362912237654476 0.0 0.0 0.30792674338267223 0.175685479725027 0.0 0.0 0.0 
0.1729343885720787 0.12740640213595725 0.13748715788166063 0.0 0.0 0.0 0.3428579689733361 0.21931408243696734 0.0 0.0 0.0 
0.18040550853495785 0.1471828365415439 0.11649451519330047 0.0 0.0 0.0 0.3027726563255509 0.2531444834046468 0.0 0.0 0.0 
0.12654488047831905 0.35 0.0 0.0 0.0 0.0 0.0 0.35 0.17345511952168108 0.0 0.0 
0.0 0.3442061417229922 0.0 0.0 0.0 0.0 0.0 0.35 0.3057938582770078 0.0 0.0 
0.20235201578486464 0.3448143249614502 0.0 0.0 0.0 0.0 0.0 0.3418387731608834 0.11099488609280173 0.0 0.0 
0.1085486231751179 0.270838135218574 0.0 0.0 0.0 0.0 0.0 0.348251610606258 0.2723616310000502 0.0 0.0 
0.0 0.35 0.0 0.0 0.0 0.0 0.0 0.35 0.30000000000000004 0.0 0.0 
0.11094496956202335 0.27778454098829297 0.0 0.0 0.0 0.0 0.0 0.35 0.2612704894496836 0.0 0.0 
0.13202981827049953 0.3362168214934064 0.0 0.0 0.0 0.0 0.0 0.35 0.1817533602360941 0.0 0.0 
0.0 0.32061382612689693 0.0 0.0 0.0 0.0 0.0 0.35 0.32938617387310315 0.0 0.0 
0.10297663938361593 0.3046755630262774 0.0 0.0 0.0 0.0 0.0 0.35 0.24234779759010658 0.0 0.0 
0.0 0.3384263078605591 0.0 0.0 0.0 0.0 0.0 0.35 0.311573692139441 0.0 0.0 
0.10195324290241788 0.2792237668162645 0.0 0.0 0.0 0.0 0.0 0.3485664704047901 0.27025651987652743 0.0 0.0 
0.21537608441169637 0.14973452886757746 0.0 0.0 0.0 0.0 0.35 0.2848893867207262 0.0 0.0 0.0 
