-0.013896782101248402 3.938597041776102E-4 
-0.004653307624282501 1.4175442053236632E-5 
-0.013896782101248402 3.938597041776102E-4 
-0.013508633812095692 2.6156003835768957E-4 
-0.01353043197588225 3.9079113611025884E-4 
-0.005264368499630493 1.849582862101385E-5 
-0.006743766119028462 1.9445063915399148E-5 
-0.008029525216672344 2.543378631215422E-5 
-0.007483339958478527 2.5202090430211977E-5 
-0.009242252771918022 3.638414016540041E-5 
-0.011700936855167406 9.076795574020801E-5 
-0.007111327080441323 2.1320858098728893E-5 
-0.012564736960414283 1.5251395365653445E-4 
-0.012505771956188962 1.4546823884939423E-4 
-0.00900908775048089 3.481162340287146E-5 
-0.011832112308715361 9.784894027418034E-5 
-0.01237679900257298 1.3320334081741358E-4 
-0.005093053397476951 1.6985403697252562E-5 
-0.009411671836194305 3.791450227649816E-5 
-0.011418980156575765 8.023999870978532E-5 
-0.013115303204610053 2.0156202448642517E-4 
-0.013770085338476349 3.921064014420271E-4 
-0.013020280128487167 1.9349336331956325E-4 
-0.011503710534654417 8.385685358993371E-5 
-0.013331551476119839 2.2749058143095666E-4 
-0.01329222330390234 2.2215948271747522E-4 
-0.01082687905878307 6.202844306302374E-5 
-0.011322861102818474 7.676191250240636E-5 
-0.0106955329378974 6.000667251933224E-5 
-0.008706106438477409 3.143737660086514E-5 
-0.010394207164699968 5.3949763227499906E-5 
-0.004951588993576423 1.658284656377414E-5 
-0.01051001539900656 5.580122357138414E-5 
-0.013160168612517658 2.0637660838159974E-4 
-0.008471506262533074 2.6903002744565625E-5 
-0.012108020525441538 1.137117697559542E-4 
-0.011952674478259458 1.0184976372356135E-4 
-0.010275013171027504 5.258989546660494E-5 
-0.0133653555221732 2.3272216316673258E-4 
-0.012001099795073598 1.0631829915741761E-4 
-0.013062522497700093 1.9624568178027688E-4 
-0.012727753459231285 1.6752530053622158E-4 
-0.0097499190851203 4.351786478191563E-5 
-0.01296268392367747 1.8657524487510226E-4 
-0.010610122620712734 5.783270680513555E-5 
-0.012076910635549824 1.0879214451796161E-4 
-0.008235674923717084 2.5984036518851718E-5 
-0.012312334741532458 1.2766168117136123E-4 
-0.013436745601604877 2.4574304968322523E-4 
-0.011233107522520365 7.451240570740141E-5 
-0.00884915197350047 3.263989035561578E-5 
-0.013487755521934174 2.566866381631953E-4 
-0.01243416477456267 1.3772154218744283E-4 
-0.009900560675077469 4.436752759110862E-5 
-0.010047314231757913 4.74059220938313E-5 
-0.007289827343855498 2.27825252913186E-5 
-0.013624984964832491 3.9099734326640794E-4 
-0.012193919089260671 1.1651548689721266E-4 
-0.011163602576381302 7.177554934908217E-5 
-0.012437325176656874 1.4220694705304124E-4 
-0.00828532552245846 2.668062799194666E-5 
-0.009683160740359941 4.1444722384137776E-5 
-0.01340948025612157 2.4045412244578352E-4 
-0.01222509977422681 1.1971893815677647E-4 
-0.012832214059503144 1.7593390420537005E-4 
-0.01289015453379774 1.7976809582595014E-4 
-0.010917241812171723 6.431083620080254E-5 
-0.011074874107375204 7.021372575057139E-5 
-0.013392205912077473 2.3730532541529347E-4 
-0.011596041208862273 8.656101480116236E-5 
-0.008612815775708254 2.9282342427432704E-5 
-0.00951363904358718 3.9767353058434885E-5 
-0.009946354199877511 4.6659586974792226E-5 
-0.007338154265573096 2.298604552447279E-5 
-0.012577969721092139 1.5979248497617295E-4 
-0.011875880894356042 9.895086272118383E-5 
-0.012776506964951471 1.7085487405243935E-4 
-0.008918910709513051 3.421055002742741E-5 
-0.009580976492098133 4.00319494763329E-5 
-0.0069406285280002086 1.982448739061442E-5 
-0.011634667362906961 8.800948663631427E-5 
-0.006942691923101156 1.985629039368642E-5 
-0.010159143459848143 5.1129000470532174E-5 
-0.010137458408729927 4.986319046150909E-5 
-0.008544201387768142 2.860660525711679E-5 
-0.007462834532601808 2.4703650605182817E-5 
-0.013250174884306087 2.1735835010621525E-4 
-0.004804919591217628 1.4699205746389973E-5 
-0.012269354371700967 1.2363448277124381E-4 
-0.004834357484788714 1.4781597637533621E-5 
-0.012568991570660682 1.5845078653570465E-4 
-0.013465855067662597 2.518207100873049E-4 
-0.01280288797898126 1.7328773605935173E-4 
-0.01264551437697484 1.6432639878617928E-4 
-0.013458027221812757 2.5014260857684096E-4 
-0.013181456380867432 2.115111833243724E-4 
-0.012916619187743682 1.8233807732720366E-4 
-0.010956124975888467 6.643529694104614E-5 
-0.012645514376974844 1.643263987861793E-4 
-0.012946907508841012 1.8465720879991997E-4 
