0.0 0.0 0.18628844796651042 0.0 0.10671414297188328 0.2304550199038706 0.0 0.10247169051413094 0.10206093543929848 0.15519774987361848 0.0 
0.0 0.3000273000230212 0.0 0.0 0.0 0.0 0.0 0.34999991171286 0.3499727882641188 0.0 0.0 
0.0 0.3000273000230212 0.0 0.0 0.0 0.0 0.0 0.34999991171286 0.3499727882641188 0.0 0.0 
0.0 0.27692316787648263 0.0 0.0 0.0 0.0 0.0 0.34996226651367834 0.34996226651367834 0.0 0.0 
0.0 0.14944102507081605 0.0 0.0 0.0 0.0 0.1507113089739568 0.34992383297761365 0.34992383297761365 0.0 0.0 
0.0 0.10476262176782354 0.0 0.0 0.0 0.0 0.20496880589694752 0.33739917556599974 0.34940192577980084 0.0 0.0 
0.0 0.0 0.0 0.0 0.0 0.0 0.17346428242855993 0.35 0.35 0.12647309574312507 0.0 
0.0 0.0 0.1827530121199448 0.0 0.0 0.156340539311928 0.0 0.2215921136383969 0.3370099775063385 0.10230435742339175 0.0 
0.0 0.0 0.18477106732805 0.0 0.10589544779565897 0.22326414723637117 0.0 0.10829989713251002 0.10216741189834809 0.1608394869836678 0.0 
0.0 0.0 0.19829357397790776 0.0 0.11364542682491946 0.24530640539827558 0.0 0.1090753504332055 0.10863812476136601 0.1651992747360354 0.0 
0.0 0.0 0.18919537137915593 0.0 0.0 0.18618458667477825 0.0 0.1819274805108923 0.3409435442330902 0.10174901720208335 0.0 
0.0 0.0 0.1843253397702923 0.0 0.10721979002014768 0.2276567359400909 0.0 0.11935413524206012 0.1467262055754322 0.15603877961207896 0.0 
0.0 0.0 0.21426392373846526 0.0 0.0 0.12391995562948574 0.0 0.3124037378140842 0.34941238281796494 0.0 0.0 
0.0 0.0 0.2013438153243639 0.0 0.0 0.13029931286182905 0.0 0.20426687906240207 0.35 0.10901412434067065 0.0 
0.0 0.29561498211730014 0.0 0.0 0.0 0.0 0.0 0.35 0.35 0.0 0.0 
0.0 0.0 0.18798069159763225 0.0 0.0 0.21335358201628055 0.0 0.1665875016189055 0.31665373342308695 0.10120157529202715 0.0 
0.0 0.0 0.20296239169326394 0.0 0.0 0.12913961454040115 0.0 0.23920832190889454 0.32141577677568717 0.10727389508175314 0.0 
0.0 0.0 0.1936122858557584 0.0 0.0 0.1218956058533979 0.0 0.328532533408774 0.35 0.0 0.0 
0.0 0.14073367842013956 0.0 0.0 0.0 0.0 0.15877848218739313 0.35 0.35 0.0 0.0 
0.0 0.0 0.19825787628667557 0.0 0.108076019807816 0.23735128929831129 0.0 0.1301289480691012 0.15891167711184404 0.16722992779579918 0.0 
0.0 0.0 0.0 0.0 0.0 0.11463334553446121 0.1844276544322599 0.34863593595910625 0.3479553133184783 0.0 0.0 
0.0 0.0 0.2041676871917994 0.0 0.11701198122211333 0.24670163588528068 0.0 0.11966884123366023 0.11289258916615579 0.17193044673428035 0.0 
0.0 0.0 0.0 0.0 0.0 0.0 0.20393117585071516 0.32588822286648056 0.35 0.10421284200138642 0.0 
0.0 0.0 0.1817636379863476 0.0 0.0 0.2760473678023653 0.0 0.11170577430576566 0.29238662981897695 0.10328325217348183 0.0 
0.0 0.0 0.20248875643343245 0.0 0.11085557757306208 0.2502839522301938 0.0 0.12349764693824261 0.15181996916984208 0.16105409765522719 0.0 
0.0 0.0 0.21596357443344846 0.0 0.0 0.0 0.0 0.3405823866147036 0.3412779110828803 0.10217612786896763 0.0 
0.0 0.0 0.17078654092009987 0.0 0.0 0.0 0.0 0.35 0.35 0.12921345781177576 0.0 
0.0 0.0 0.21861451729482337 0.0 0.0 0.0 0.0 0.3361647370261892 0.3399512386984093 0.10157791569957739 0.0 
0.0 0.0 0.19182668438534362 0.0 0.10411124820875133 0.2177038580970786 0.0 0.15162037157777758 0.16912431406839648 0.16561352366265236 0.0 
0.0 0.0 0.17356801022999058 0.0 0.0 0.24484503007931374 0.0 0.15533486361312196 0.325822234144679 0.10042986193289476 0.0 
0.0 0.11495296964785677 0.0 0.0 0.0 0.0 0.18511709941219945 0.3499277573664478 0.35 0.0 0.0 
0.0 0.0 0.19266289549473273 0.0 0.0 0.17351396720410206 0.0 0.19510144399327842 0.3259884042143639 0.10730823219079287 0.0 
0.0 0.0 0.1898855118587626 0.0 0.10900663247816217 0.2273280229915188 0.0 0.12463364570703961 0.14392236116329188 0.16016786335233926 0.0 
0.0 0.0 0.20909858055338185 0.0 0.0 0.10336467725122996 0.0 0.24502640138736473 0.3410673979879498 0.10144294282007375 0.0 
0.0 0.0 0.1842855025266736 0.0 0.0 0.23775046823824078 0.0 0.1523462481060337 0.3163812992456239 0.10923648188342797 0.0 
0.0 0.0 0.19314901287501968 0.0 0.10131711058760466 0.23063883367285992 0.0 0.14755118413024781 0.16458535582210193 0.1627585029121659 0.0 
0.0 0.0 0.20225786840124152 0.0 0.0 0.2366168617191072 0.0 0.1493914392797133 0.3103354069962119 0.10139842360372613 0.0 
0.0 0.0 0.21829280212441113 0.0 0.0 0.12911051007081722 0.0 0.29469702613095256 0.35 0.0 0.0 
0.0 0.0 0.17945615589855687 0.0 0.0 0.17586460924645422 0.0 0.1975091338825403 0.34587096636649145 0.10129913460595724 0.0 
0.0 0.0 0.1916214744623445 0.0 0.0 0.23752911130791757 0.0 0.12788279446980705 0.34065670026173994 0.102309919498191 0.0 
0.0 0.0 0.18637741246986075 0.0 0.0 0.2114097419085704 0.0 0.16709524000924522 0.3348656059619812 0.10025199965034234 0.0 
0.0 0.0 0.19183508322653395 0.0 0.10605770440169253 0.2514943483589248 0.0 0.14851778753939535 0.14491340059497973 0.1571816758784737 0.0 
0.0 0.0 0.19082864678542139 0.0 0.0 0.26938760916147125 0.0 0.11442378436660694 0.29946951538682737 0.10379987222826137 0.0 
0.0 0.0 0.21433952258978212 0.0 0.0 0.11601136678096874 0.0 0.3208326069806897 0.3488165036485596 0.0 0.0 
0.0 0.0 0.0 0.0 0.0 0.0 0.19391045735578913 0.34597845155031276 0.34507207117789035 0.11136469040097682 0.0 
0.0 0.0 0.19032647416352266 0.0 0.0 0.20555433555585997 0.0 0.18796488804316275 0.31230528496496707 0.10294947075582489 0.0 
0.0 0.0 0.20687811521552704 0.0 0.0 0.0 0.0 0.35 0.33568442092082584 0.10044101513533107 0.0 
0.0 0.1279904505605212 0.0 0.0 0.0 0.0 0.17400510915948667 0.34999823118515766 0.3480062090948345 0.0 0.0 
0.0 0.0 0.18995163720132505 0.0 0.11049257362945063 0.2405071689025254 0.0 0.15472815169397408 0.14351875144478163 0.1608017171279432 0.0 
0.0 0.0 0.2174668177925377 0.0 0.0 0.13056639225571057 0.0 0.29802010300556 0.35 0.0 0.0 
0.0 0.0 0.0 0.0 0.0 0.11513391911831392 0.18523300135387574 0.35 0.3494747423938171 0.0 0.0 
0.0 0.0 0.17430006261375405 0.0 0.0 0.1258126754445247 0.0 0.25774850091924895 0.33497388829594793 0.10716487272652438 0.0 
0.0 0.0 0.20438329959594184 0.0 0.0 0.23770559175275366 0.0 0.1307146326185143 0.3207409826260604 0.10645549340672973 0.0 
0.0 0.0 0.0 0.0 0.0 0.0 0.18420049310887163 0.34339859278573304 0.35 0.10123719488162554 0.0 
0.0 0.0 0.2190656760309443 0.0 0.0 0.0 0.0 0.3270490072161111 0.34721103681743765 0.10354936860585322 0.0 
0.0 0.0 0.1783232370889322 0.0 0.0 0.2682594659655681 0.0 0.10879605148588355 0.342559631831859 0.10206161362775708 0.0 
0.0 0.28632925886892846 0.0 0.0 0.0 0.0 0.0 0.35 0.35 0.0 0.0 
0.0 0.10469011711760982 0.0 0.0 0.0 0.0 0.1961780832962882 0.35 0.3491074099142072 0.0 0.0 
0.0 0.0 0.1830160964590464 0.0 0.0 0.21444143065304824 0.0 0.18775387974922114 0.31195469286207245 0.10283390027661184 0.0 
0.0 0.0 0.21402012594612457 0.0 0.0 0.13184717401146037 0.0 0.3039903315592306 0.35 0.0 0.0 
0.0 0.0 0.1897943101744751 0.0 0.0 0.1111651199379754 0.0 0.35 0.34630250350248065 0.0 0.0 
0.0 0.0 0.2150667532119033 0.0 0.0 0.11640498069508909 0.0 0.3170199738152459 0.35 0.0 0.0 
0.0 0.0 0.18464300635483058 0.0 0.0 0.26122700908320884 0.0 0.11066169190810027 0.2897623211405193 0.1004352375302683 0.0 
0.0 0.0 0.19833826296474205 0.0 0.0 0.11268159620865469 0.0 0.34544675171360933 0.3390160086380275 0.0 0.0 
0.0 0.0 0.19513938748871193 0.0 0.0 0.2754729645383307 0.0 0.11700857062906109 0.3062344086621242 0.10614466868177218 0.0 
0.0 0.2814271539298797 0.0 0.0 0.0 0.0 0.0 0.35 0.35 0.0 0.0 
0.0 0.0 0.18893915278662432 0.0 0.0 0.11893084326905984 0.0 0.34469988516898026 0.34743011877533553 0.0 0.0 
0.0 0.0 0.1870479329321856 0.0 0.0 0.28407271174161614 0.0 0.11495332296359576 0.3008869943984925 0.1062763266212143 0.0 
0.0 0.0 0.0 0.0 0.0 0.0 0.20644614073524692 0.3290782885574888 0.35 0.1054486072086948 0.0 
0.0 0.0 0.19045191106342482 0.0 0.0 0.21603148595285745 0.0 0.17074820048008027 0.320296597322329 0.10247180518130843 0.0 
0.0 0.14933235643676598 0.0 0.0 0.0 0.0 0.15060171663092825 0.3499146362165998 0.35 0.0 0.0 
0.0 0.0 0.20149845874395383 0.0 0.11548220090617418 0.2409437856130509 0.0 0.11083826146426828 0.11141666457349406 0.1696826785110805 0.0 
0.0 0.2921852368562785 0.0 0.0 0.0 0.0 0.0 0.35 0.35 0.0 0.0 
0.0 0.3001914765310541 0.0 0.0 0.0 0.0 0.0 0.3495148027411444 0.3494877168862079 0.0 0.0 
0.0 0.2787012511302076 0.0 0.0 0.0 0.0 0.0 0.35 0.35 0.0 0.0 
0.0 0.0 0.17300231622053705 0.0 0.0 0.0 0.0 0.35 0.34377385555787343 0.12868294724247392 0.0 
0.0 0.1136575101356097 0.0 0.0 0.0 0.0 0.18513033969819617 0.34997157922852684 0.35 0.0 0.0 
0.0 0.0 0.21847814058261375 0.0 0.0 0.13281419890081983 0.0 0.2883102016564102 0.35 0.0 0.0 
0.0 0.0 0.2010924588556253 0.0 0.11524951545059252 0.2429857498325469 0.0 0.11786635712571637 0.11119217078005884 0.17331831235035872 0.0 
0.0 0.0 0.19995580483715156 0.0 0.11624044103552703 0.24159883751121758 0.0 0.11720012991246223 0.11054651196382193 0.1615389612504164 0.0 
0.0 0.0 0.20478538675851068 0.0 0.0 0.23817323449608724 0.0 0.12448036961450316 0.32137198247721566 0.107436397325329 0.0 
0.0 0.0 0.19854514430151335 0.0 0.0 0.0 0.0 0.3464356140317097 0.35 0.10468143657406521 0.0 
0.0 0.10374774060709036 0.0 0.0 0.0 0.0 0.19393743104779038 0.34687361697226027 0.34596489148162346 0.0 0.0 
0.0 0.0 0.19331773241369912 0.0 0.0 0.15772310376998605 0.0 0.20725100608803382 0.3382186142164091 0.1002499652967333 0.0 
0.0 0.0 0.1945133355666271 0.0 0.0 0.11624075105645813 0.0 0.23556449135987134 0.34993994459503924 0.1037414774220043 0.0 
0.0 0.0 0.1946221299337524 0.0 0.10418786549261777 0.2466624024982269 0.0 0.14356724675194646 0.137277030673633 0.17368332464982364 0.0 
0.0 0.13586290117268565 0.0 0.0 0.0 0.0 0.16118798628749617 0.35 0.35 0.0 0.0 
0.0 0.0 0.1728914208282217 0.0 0.0 0.12479589444557862 0.0 0.2578381444097788 0.33817574253789207 0.10629879777852877 0.0 
0.0 0.0 0.15051536099584606 0.0 0.0 0.13057607436782226 0.0 0.2615151367797594 0.3498228121079403 0.107570615748632 0.0 
0.0 0.12799118105114599 0.0 0.0 0.0 0.0 0.17400610227342878 0.35 0.3480026573674342 0.0 0.0 
0.0 0.0 0.21414909432629217 0.0 0.0 0.12665969070255123 0.0 0.28910298751228414 0.3433561816274864 0.0 0.0 
0.0 0.0 0.19162454002474466 0.0 0.0 0.12193107812656197 0.0 0.3355298020827254 0.35 0.0 0.0 
0.0 0.0 0.1907746456585514 0.0 0.0 0.12330086920689222 0.0 0.33372331350380036 0.35 0.0 0.0 
0.0 0.10444019880221517 0.0 0.0 0.0 0.0 0.1937872504315319 0.3491888045352809 0.34834097840814054 0.0 0.0 
0.0 0.0 0.1819842849352394 0.0 0.0 0.16425441621022566 0.0 0.2002915883148125 0.35 0.10272620899248819 0.0 
0.0 0.0 0.2140738288547341 0.0 0.0 0.1318802577072346 0.0 0.3037550243308835 0.35 0.0 0.0 
0.0 0.0 0.19105048423497964 0.0 0.1111317240942014 0.2359628344909698 0.0 0.12370879316896796 0.15207953860321827 0.1617318836437465 0.0 
0.0 0.0 0.21087170596337063 0.0 0.0 0.24696915874042916 0.0 0.11152495363115368 0.3247994444739747 0.10583473719107192 0.0 
0.0 0.0 0.19113947365553458 0.0 0.0 0.1744838222468677 0.0 0.1961281224441376 0.33765774473906335 0.10059083691439671 0.0 
0.0 0.0 0.20763750680360213 0.0 0.0 0.10264241784522854 0.0 0.24424950029621334 0.3386841937558262 0.10056957003417662 0.0 
