0.29999999999999977 0.0 0.0 0.0 0.0 0.0 0.0 0.35 0.35 0.0 0.0 
0.0 0.1341548672404043 0.0 0.2531418491897922 0.2890269329408138 0.0 0.0 0.19525124369464064 0.0 0.0 0.128425106934349 
0.0 0.1341548672404043 0.0 0.2531418491897922 0.2890269329408138 0.0 0.0 0.19525124369464064 0.0 0.0 0.128425106934349 
0.19960599372785107 0.0 0.0 0.10039400627214908 0.0 0.0 0.0 0.35 0.35 0.0 0.0 
0.3499999999999999 0.0 0.0 0.0 0.0 0.0 0.0 0.3499999999999999 0.3 0.0 0.0 
0.0 0.0 0.0 0.2717391060124361 0.11691465708481184 0.0 0.0 0.35 0.15231764217694282 0.0 0.10902859472580921 
0.20285538227457178 0.0 0.0 0.247786876997044 0.0 0.0 0.0 0.3261379063704253 0.22321983435795886 0.0 0.0 
0.0 0.0 0.0 0.35 0.0 0.0 0.0 0.35 0.14908661284427369 0.0 0.15091338715572644 
0.0 0.1046185897602129 0.0 0.33331234534247545 0.1077653269842466 0.0 0.0 0.330822660345406 0.0 0.0 0.12348107756765898 
0.16863775456360228 0.0 0.0 0.2179777384448617 0.0 0.0 0.0 0.35 0.2633845069915359 0.0 0.0 
0.19423733899232884 0.0 0.0 0.3180534793534336 0.0 0.0 0.0 0.34249035663888033 0.1452188250153573 0.0 0.0 
0.34906199011707656 0.0 0.0 0.0 0.0 0.0 0.0 0.35 0.3009380098829234 0.0 0.0 
0.3076102932129536 0.0 0.0 0.0 0.0 0.0 0.0 0.34965294326670276 0.3427367635203436 0.0 0.0 
0.21281257749478913 0.0 0.0 0.13387786659036338 0.0 0.0 0.0 0.35 0.3033095559148474 0.0 0.0 
0.18786173026915823 0.0 0.0 0.34393504101412214 0.0 0.0 0.0 0.3433967186743856 0.1248065100423341 0.0 0.0 
0.11125975027653087 0.0 0.0 0.29621024246322003 0.0 0.0 0.0 0.3458972126544308 0.14321777793927626 0.0 0.10341501666654208 
0.11496756742227818 0.0 0.0 0.2766523042563471 0.0 0.0 0.0 0.35 0.15151872631807853 0.0 0.1068614020032961 
0.17206991899277693 0.0 0.0 0.28218513235706777 0.0 0.0 0.0 0.35 0.19574494865015532 0.0 0.0 
0.0 0.0 0.0 0.3317690889803897 0.10146279280709622 0.0 0.0 0.35 0.10449597509955881 0.0 0.11227214311295532 
0.0 0.0 0.0 0.30814549219125525 0.1218439753176908 0.0 0.0 0.33655313997503783 0.13097878878411637 0.0 0.10247860373189972 
0.17444683075838718 0.0 0.0 0.16494930778479164 0.0 0.0 0.0 0.35 0.31060386145682123 0.0 0.0 
0.10807950456814223 0.0 0.0 0.3115950252542762 0.0 0.0 0.0 0.3319687640703652 0.1478977014946226 0.0 0.10045900461259373 
0.0 0.10122403519075199 0.0 0.30599790388347564 0.1586405129870556 0.0 0.0 0.30333684393601046 0.0 0.0 0.13080070400270624 
0.17218417968079605 0.0 0.0 0.30253385067798 0.0 0.0 0.0 0.35 0.17528196964122392 0.0 0.0 
0.0 0.12144236574797795 0.0 0.26207726434471423 0.2774929762729269 0.0 0.0 0.20750098240532286 0.0 0.0 0.13148641122905805 
0.21292979614236388 0.0 0.0 0.12365579837816555 0.0 0.0 0.0 0.35 0.3134144054794707 0.0 0.0 
0.1139499576256267 0.0 0.0 0.2742035780512999 0.0 0.0 0.0 0.35 0.15593092220009533 0.0 0.10591554212297828 
0.19956068777784494 0.0 0.0 0.24236810190099767 0.0 0.0 0.0 0.3453677725807522 0.21270343774040523 0.0 0.0 
0.0 0.0 0.0 0.3254115073735723 0.0 0.0 0.0 0.34845605889061937 0.22390502845887691 0.0 0.10222740527693147 
0.0 0.0 0.0 0.35 0.0 0.0 0.0 0.34986220559805914 0.1559585962740738 0.0 0.14417919812786711 
0.0 0.0 0.0 0.29727672999776356 0.11286457879454505 0.0 0.0 0.34143699581439 0.14121311601062447 0.0 0.10720857938267701 
0.0 0.0 0.0 0.3193447281253877 0.0 0.0 0.0 0.35 0.21994647125060235 0.0 0.11070880062400995 
0.19555857361470458 0.0 0.0 0.23843316205736137 0.0 0.0 0.0 0.35 0.21600826432793405 0.0 0.0 
0.0 0.10263594864398146 0.0 0.3000800439038246 0.1180760575930978 0.0 0.0 0.34578030969695644 0.0 0.0 0.13342764016213982 
0.0 0.11037165049497191 0.0 0.2968189861488678 0.11369142934007587 0.0 0.0 0.3490148655908019 0.0 0.0 0.13010306842528246 
0.0 0.0 0.0 0.32718468608559526 0.10006077454647919 0.0 0.0 0.34724435664827735 0.10305204416490472 0.0 0.12245813855474356 
0.2165128976847213 0.0 0.0 0.21501243722778007 0.0 0.0 0.0 0.3480955859357573 0.2203790791517414 0.0 0.0 
0.15039115815128376 0.0 0.0 0.2624840154989089 0.0 0.0 0.0 0.35 0.23712482634980742 0.0 0.0 
0.0 0.0 0.0 0.3223839919062163 0.11421241587383531 0.0 0.0 0.3257091381168518 0.10931857607889563 0.0 0.12837587802420097 
0.19450475709375878 0.0 0.0 0.16217406427331074 0.0 0.0 0.0 0.348149283382036 0.2951718952508945 0.0 0.0 
0.0 0.10168897042444666 0.0 0.31237916355741324 0.1528553900829929 0.0 0.0 0.30973144495596167 0.0 0.0 0.12334503097918549 
0.0 0.0 0.0 0.30585833412384805 0.11843820492987715 0.0 0.0 0.33478240725375624 0.1389742059878533 0.0 0.10194684770466514 
0.18803188096614104 0.0 0.0 0.35 0.0 0.0 0.0 0.3338728289651348 0.12809529006872417 0.0 0.0 
0.0 0.11401625689098499 0.0 0.28350085642162254 0.1692957109759036 0.0 0.0 0.3170276231207751 0.0 0.0 0.11615955259071367 
0.0 0.12705884518994548 0.0 0.25874448652431353 0.26335652792599085 0.0 0.0 0.22920247602809526 0.0 0.0 0.12163766433165492 
0.17172900969534385 0.0 0.0 0.18994452445868135 0.0 0.0 0.0 0.35 0.28832646584597477 0.0 0.0 
0.18154516845632676 0.0 0.0 0.13099456548420177 0.0 0.0 0.0 0.35 0.3374602660594715 0.0 0.0 
0.0 0.10728617808458851 0.0 0.27347463002286093 0.23487210196906605 0.0 0.0 0.24663258851338105 0.0 0.0 0.13773450141010346 
0.0 0.0 0.0 0.32873201802382246 0.12012468449897248 0.0 0.0 0.32196688989744665 0.1008557293147112 0.0 0.12832067826504712 
0.0 0.1081438039300832 0.0 0.2852813395574689 0.21131100743617834 0.0 0.0 0.2678787194424558 0.0 0.0 0.12738512963381357 
0.0 0.0 0.0 0.3307523483973367 0.0 0.0 0.0 0.35 0.20346505447033658 0.0 0.11578259713232665 
0.2105655791123585 0.0 0.0 0.1977458800780868 0.0 0.0 0.0 0.3467294037193886 0.24495913709016612 0.0 0.0 
0.1979578703561754 0.0 0.0 0.16411520914036368 0.0 0.0 0.0 0.3478462427506224 0.29008067775283836 0.0 0.0 
0.0 0.10616142655532161 0.0 0.2811460594189794 0.2207541759825778 0.0 0.0 0.26288158943057044 0.0 0.0 0.1290567486125507 
0.19227385835163077 0.0 0.0 0.10772614164836923 0.0 0.0 0.0 0.35 0.35 0.0 0.0 
0.0 0.1008003269052715 0.0 0.3062817935377657 0.14925750342141295 0.0 0.0 0.3258766761650611 0.0 0.0 0.11778369997048876 
0.1647029099409926 0.0 0.0 0.32862038187435016 0.0 0.0 0.0 0.35 0.15667670818465723 0.0 0.0 
0.0 0.0 0.0 0.35 0.0 0.0 0.0 0.35 0.16227866031633062 0.0 0.13772133968366937 
0.20635776594707902 0.0 0.0 0.29123779183717474 0.0 0.0 0.0 0.35 0.15240444221574637 0.0 0.0 
0.0 0.10246339066424927 0.0 0.2932593388630769 0.21624413438699563 0.0 0.0 0.2559596364439047 0.0 0.0 0.13207349964177353 
0.0 0.0 0.0 0.3256580961484214 0.0 0.0 0.0 0.35 0.21366993256266784 0.0 0.11067197128891072 
0.16395244704721054 0.0 0.0 0.13604755295278964 0.0 0.0 0.0 0.35 0.35 0.0 0.0 
0.20212530009688678 0.0 0.0 0.15259443475184176 0.0 0.0 0.0 0.35 0.2952802651512715 0.0 0.0 
0.0 0.0 0.0 0.32449721810695087 0.11490672245725275 0.0 0.0 0.3276891505099314 0.10374595575565675 0.0 0.1291609531702083 
0.0 0.10617662610031339 0.0 0.28095617635952275 0.23230070483228987 0.0 0.0 0.2439324367004487 0.0 0.0 0.1366340560074252 
0.1723373112013798 0.0 0.0 0.22879447198134062 0.0 0.0 0.0 0.35 0.24886821681727955 0.0 0.0 
0.0 0.0 0.0 0.26641725801085303 0.11615356084096529 0.0 0.0 0.34787715794970653 0.1466269034621371 0.0 0.12292511973633802 
0.0 0.1008003269052715 0.0 0.3062817935377657 0.14925750342141295 0.0 0.0 0.3258766761650611 0.0 0.0 0.11778369997048876 
0.0 0.0 0.0 0.31633120562395933 0.11201508062611598 0.0 0.0 0.34460793588940125 0.10113517599395981 0.0 0.12591060186656358 
0.18166887934899667 0.0 0.0 0.11930011012974563 0.0 0.0 0.0 0.34951550526062886 0.34951550526062886 0.0 0.0 
0.1749824312159548 0.0 0.0 0.22287593493412658 0.0 0.0 0.0 0.35 0.2521416338499187 0.0 0.0 
0.10775995188237575 0.0 0.0 0.3033901743541125 0.0 0.0 0.0 0.33665269623359745 0.1503207408763605 0.0 0.10187643665355374 
0.0 0.0 0.0 0.3289924501525102 0.0 0.0 0.0 0.35 0.20458668462312954 0.0 0.11642086522436026 
0.0 0.1038069862206314 0.0 0.27780001602628046 0.20918993567684832 0.0 0.0 0.2798194836122591 0.0 0.0 0.12938357846398074 
0.0 0.12915102223703392 0.0 0.2607072944928083 0.2653543223467028 0.0 0.0 0.22222696629510313 0.0 0.0 0.1225603946283518 
0.1861902599179849 0.0 0.0 0.30832970349978034 0.0 0.0 0.0 0.35 0.15548003658223475 0.0 0.0 
0.18537661767930808 0.0 0.0 0.28349417253785547 0.0 0.0 0.0 0.35 0.18112920978283656 0.0 0.0 
0.19059194815547137 0.0 0.0 0.193406762760934 0.0 0.0 0.0 0.3483141891295459 0.26768709995404877 0.0 0.0 
0.215633337964796 0.0 0.0 0.12728652874794394 0.0 0.0 0.0 0.35 0.3070801332872601 0.0 0.0 
0.1677684502000669 0.0 0.0 0.23764167889108417 0.0 0.0 0.0 0.35 0.244589870908849 0.0 0.0 
0.0 0.10301566443430815 0.0 0.2756823434791234 0.20759527851929616 0.0 0.0 0.27768641664170396 0.0 0.0 0.1360202969255684 
0.0 0.11395287047013984 0.0 0.28418789562891017 0.16972186343232884 0.0 0.0 0.2963350711481051 0.0 0.0 0.135802299320516 
0.0 0.10012605922888777 0.0 0.3299042924261167 0.15168799626048302 0.0 0.0 0.2844638464309538 0.0 0.0 0.13381780565355875 
0.18179537329778944 0.0 0.0 0.1182046267022106 0.0 0.0 0.0 0.35 0.35 0.0 0.0 
0.0 0.13080767427539303 0.0 0.2468259052796869 0.28181564842659146 0.0 0.0 0.21532989928959478 0.0 0.0 0.12522087272873375 
0.0 0.11087259696404404 0.0 0.2765059790431561 0.19216520984570556 0.0 0.0 0.28832480282560846 0.0 0.0 0.13213141132148581 
0.20073555716716965 0.0 0.0 0.176931524715834 0.0 0.0 0.0 0.3482281110026508 0.27410480711434565 0.0 0.0 
0.0 0.10988727167863344 0.0 0.29990497775661706 0.11319248128842845 0.0 0.0 0.34748317328828343 0.0 0.0 0.1295320959880377 
0.0 0.1028996960710194 0.0 0.3160984013783419 0.15467531155744482 0.0 0.0 0.292184452621005 0.0 0.0 0.1341421383721889 
0.21352753731567786 0.0 0.0 0.15906912507762397 0.0 0.0 0.0 0.35 0.2774033376066981 0.0 0.0 
0.18261175615569034 0.0 0.0 0.19366133696804777 0.0 0.0 0.0 0.35 0.27372690687626194 0.0 0.0 
0.21767354667114913 0.0 0.0 0.12668866729389894 0.0 0.0 0.0 0.35 0.30563778603495184 0.0 0.0 
0.2026909490786352 0.0 0.0 0.17656089681093873 0.0 0.0 0.0 0.34739916506294644 0.27334898904747973 0.0 0.0 
0.0 0.12548413067619427 0.0 0.26732726177326915 0.2577338931552576 0.0 0.0 0.21390823937659711 0.0 0.0 0.13554647501868183 
0.0 0.0 0.0 0.2677309284285049 0.11462316744869805 0.0 0.0 0.3467647533687805 0.14734990251613328 0.0 0.12353124823788336 
0.19636156893992793 0.0 0.0 0.17085565382724668 0.0 0.0 0.0 0.3450412648584067 0.28774151237441853 0.0 0.0 
0.0 0.0 0.0 0.33090545140816047 0.0 0.0 0.0 0.34727649382246767 0.21200727147327544 0.0 0.10981078329609638 
0.2066060773157047 0.0 0.0 0.11191609314206681 0.0 0.0 0.0 0.3483486747259779 0.33312915481625044 0.0 0.0 
0.20566804854361095 0.0 0.0 0.14840051587181272 0.0 0.0 0.0 0.35 0.2959314355845762 0.0 0.0 
0.0 0.0 0.0 0.32867084451498224 0.12013563161494771 0.0 0.0 0.32199623115148274 0.1008649204261816 0.0 0.12833237229240582 
