0.0 0.30000000000000004 0.0 0.0 0.0 0.0 0.0 0.35 0.35 0.0 0.0 
0.0 0.1 0.14974983886389714 0.0 0.22642134400164582 0.35 0.0 0.0 0.17382881713445714 0.0 0.0 
0.0 0.1 0.14974983886389714 0.0 0.22642134400164582 0.35 0.0 0.0 0.17382881713445714 0.0 0.0 
0.0 0.30000000000000016 0.0 0.0 0.0 0.0 0.0 0.35 0.35 0.0 0.0 
0.3372285750359333 0.10180147824084773 0.0 0.0 0.0 0.35 0.0 0.1 0.11096994672321905 0.0 0.0 
0.0 0.1 0.11523708398022886 0.0 0.17885860656661848 0.35 0.0 0.0 0.2559043094531527 0.0 0.0 
0.0 0.3013525442054395 0.0 0.0 0.0 0.0 0.0 0.35 0.34864745579456047 0.0 0.0 
0.1 0.2 0.0 0.0 0.0 0.0 0.0 0.35 0.35 0.0 0.0 
0.30000000000000016 0.0 0.0 0.0 0.0 0.0 0.0 0.35 0.35 0.0 0.0 
0.20068804139453278 0.1 0.0 0.0 0.0 0.0 0.0 0.34931195860546727 0.35 0.0 0.0 
0.35 0.0 0.0 0.0 0.0 0.35 0.0 0.1 0.19999999999999996 0.0 0.0 
0.33365805549787264 0.0 0.0 0.0 0.0 0.0 0.0 0.3163419445021274 0.35 0.0 0.0 
0.3390235914025834 0.0 0.0 0.0 0.0 0.0 0.0 0.3109764085974166 0.35 0.0 0.0 
0.2805096136820482 0.1 0.0 0.0 0.0 0.0 0.0 0.26949038631795186 0.35 0.0 0.0 
0.35 0.12718471426757888 0.0 0.0 0.0 0.0 0.0 0.17281528573242114 0.35 0.0 0.0 
0.35 0.11912466442437047 0.0 0.0 0.0 0.0 0.0 0.18087533557562957 0.35 0.0 0.0 
0.0 0.1394373832949028 0.1 0.0 0.22792483587796003 0.35 0.0 0.0 0.18263778082713722 0.0 0.0 
0.2866188179376663 0.1 0.0 0.0 0.0 0.0 0.0 0.2633811820623338 0.35 0.0 0.0 
0.35 0.0 0.0 0.0 0.0 0.25426444388087566 0.0 0.1 0.2957355561191244 0.0 0.0 
0.35 0.0 0.0 0.0 0.0 0.3258870308547378 0.0 0.1 0.22411296914526227 0.0 0.0 
0.35 0.11067750258530815 0.0 0.0 0.0 0.0 0.0 0.18932249741469193 0.35 0.0 0.0 
0.35 0.0 0.0 0.0 0.0 0.30196181951462053 0.0 0.1 0.24803818048537948 0.0 0.0 
0.3291042312297149 0.0 0.0 0.0 0.0 0.0 0.0 0.3208957687702852 0.35 0.0 0.0 
0.3069994872543067 0.0 0.0 0.0 0.0 0.0 0.0 0.3430005127456933 0.35 0.0 0.0 
0.3445741152171947 0.10531198602140371 0.0 0.0 0.0 0.10011389876140167 0.0 0.1 0.35 0.0 0.0 
0.3432685773527606 0.0 0.0 0.0 0.0 0.0 0.0 0.3067314226472394 0.35 0.0 0.0 
0.31081109877901736 0.0 0.0 0.0 0.0 0.0 0.0 0.33918890122098266 0.35 0.0 0.0 
0.35 0.13699247565727585 0.0 0.0 0.0 0.0 0.0 0.16300752434272414 0.35 0.0 0.0 
0.2657057654381692 0.1 0.0 0.0 0.0 0.0 0.0 0.2842942345618308 0.35 0.0 0.0 
0.11986087782619194 0.1801391221738081 0.0 0.0 0.0 0.0 0.0 0.35 0.35 0.0 0.0 
0.30420159584874146 0.0 0.0 0.0 0.0 0.0 0.0 0.3457984041512585 0.35 0.0 0.0 
0.35 0.0 0.0 0.0 0.0 0.17639429139104218 0.0 0.12360570860895781 0.35 0.0 0.0 
0.31955307437516545 0.1 0.0 0.0 0.0 0.0 0.0 0.23044692562483457 0.35 0.0 0.0 
0.35 0.1877865406941174 0.0 0.0 0.0 0.0 0.0 0.11221345930588271 0.35 0.0 0.0 
0.29672553019174547 0.1 0.0 0.0 0.0 0.0 0.0 0.25327446980825447 0.35 0.0 0.0 
0.2685471018232434 0.1 0.0 0.0 0.0 0.0 0.0 0.28145289817675667 0.35 0.0 0.0 
0.35 0.10507022147183395 0.0 0.0 0.0 0.0 0.0 0.19492977852816606 0.35 0.0 0.0 
0.13893985280813692 0.1610601471918631 0.0 0.0 0.0 0.0 0.0 0.35 0.35 0.0 0.0 
0.35 0.0 0.0 0.0 0.0 0.28644146095617795 0.0 0.1 0.2635585390438221 0.0 0.0 
0.35 0.0 0.0 0.0 0.0 0.19251725171125475 0.0 0.10748274828874531 0.35 0.0 0.0 
0.0 0.124094614619481 0.1 0.0 0.24517843707329054 0.35 0.0 0.0 0.18072694830722846 0.0 0.0 
0.35 0.0 0.0 0.0 0.0 0.20000000000000012 0.0 0.1 0.35 0.0 0.0 
0.3157703066331736 0.0 0.0 0.0 0.0 0.0 0.0 0.3342296933668264 0.35 0.0 0.0 
0.0 0.1 0.13051069748212327 0.0 0.17777973796808824 0.35 0.0 0.0 0.24170956454978854 0.0 0.0 
0.2924445910004782 0.1 0.0 0.0 0.0 0.0 0.0 0.2575554089995218 0.35 0.0 0.0 
0.0 0.1 0.1497646708807219 0.0 0.1896310576995905 0.35 0.0 0.0 0.21060427141968766 0.0 0.0 
0.32649796952461985 0.0 0.0 0.0 0.0 0.0 0.0 0.3235020304753802 0.35 0.0 0.0 
0.18298798084592613 0.11701201915407398 0.0 0.0 0.0 0.0 0.0 0.35 0.35 0.0 0.0 
0.3492871856026293 0.1521632809821921 0.0 0.0 0.0 0.0 0.0 0.14854953341517865 0.35 0.0 0.0 
0.31293426850341893 0.1 0.0 0.0 0.0 0.0 0.0 0.23706573149658106 0.35 0.0 0.0 
0.33071657210771993 0.1 0.0 0.0 0.0 0.0 0.0 0.21928342789228006 0.35 0.0 0.0 
0.3130667578072689 0.0 0.0 0.0 0.0 0.0 0.0 0.33693324219273113 0.35 0.0 0.0 
0.35 0.0 0.0 0.0 0.0 0.0 0.0 0.30579476656881677 0.34420523343118326 0.0 0.0 
0.3053762503113213 0.1 0.0 0.0 0.0 0.0 0.0 0.24462374968867878 0.35 0.0 0.0 
0.347607894112965 0.14872874421429422 0.0 0.0 0.0 0.0 0.0 0.15366336167274078 0.35 0.0 0.0 
0.31657628598006926 0.1 0.0 0.0 0.0 0.0 0.0 0.23342371401993084 0.35 0.0 0.0 
0.2900742646351401 0.1 0.0 0.0 0.0 0.0 0.0 0.25992573536486 0.35 0.0 0.0 
0.3228912947739311 0.0 0.0 0.0 0.0 0.0 0.0 0.32710870522606894 0.35 0.0 0.0 
0.35 0.15832482986042618 0.0 0.0 0.0 0.0 0.0 0.14167517013957392 0.35 0.0 0.0 
0.3251125105755562 0.1 0.0 0.0 0.0 0.0 0.0 0.22488748942444384 0.35 0.0 0.0 
0.30003121841562325 0.1 0.0 0.0 0.0 0.0 0.0 0.2499687815843768 0.35 0.0 0.0 
0.31899782581351943 0.0 0.0 0.0 0.0 0.0 0.0 0.3310021741864806 0.35 0.0 0.0 
0.30438589130196786 0.0 0.0 0.0 0.0 0.0 0.0 0.35 0.3456141086980323 0.0 0.0 
0.35 0.17613664506315968 0.0 0.0 0.0 0.0 0.0 0.12386335493684036 0.35 0.0 0.0 
0.0 0.1 0.12485539486920083 0.0 0.19488425581383237 0.35 0.0 0.0 0.23026034931696682 0.0 0.0 
0.35 0.0 0.0 0.0 0.0 0.34241896955088447 0.0 0.1 0.20758103044911555 0.0 0.0 
0.3364328260575975 0.1 0.0 0.0 0.0 0.0 0.0 0.21356717394240254 0.35 0.0 0.0 
0.35 0.16716945724203452 0.0 0.0 0.0 0.0 0.0 0.13283054275796546 0.35 0.0 0.0 
0.3024260637803143 0.1 0.0 0.0 0.0 0.0 0.0 0.2475739362196857 0.35 0.0 0.0 
0.35 0.14171431877371904 0.0 0.0 0.0 0.0 0.0 0.16024275945814523 0.3480429217681358 0.0 0.0 
0.35 0.0 0.0 0.0 0.0 0.21437071705726024 0.0 0.1 0.33562928294273975 0.0 0.0 
0.35 0.19361270400293834 0.0 0.0 0.0 0.0 0.0 0.10638729599706168 0.35 0.0 0.0 
0.0 0.1 0.1497646708807219 0.0 0.1896310576995905 0.35 0.0 0.0 0.21060427141968766 0.0 0.0 
0.1644904688269024 0.13550953117309764 0.0 0.0 0.0 0.0 0.0 0.35 0.35 0.0 0.0 
0.15691811142664128 0.1430818885733588 0.0 0.0 0.0 0.0 0.0 0.35 0.35 0.0 0.0 
0.0 0.1 0.14104800322566743 0.0 0.18128973281449423 0.35 0.0 0.0 0.2276622639598384 0.0 0.0 
0.33350425167585984 0.1 0.0 0.0 0.0 0.0 0.0 0.21649574832414017 0.35 0.0 0.0 
0.348716757901416 0.0 0.0 0.0 0.0 0.0 0.0 0.3012832420985841 0.35 0.0 0.0 
0.35 0.0 0.0 0.0 0.0 0.23642171903524037 0.0 0.1 0.3135782809647597 0.0 0.0 
0.35 0.0 0.0 0.0 0.0 0.0 0.0 0.29999999999999993 0.35 0.0 0.0 
0.27618152118039224 0.1 0.0 0.0 0.0 0.0 0.0 0.2738184788196078 0.35 0.0 0.0 
0.35 0.16243465516999697 0.0 0.0 0.0 0.0 0.0 0.13756534483000302 0.35 0.0 0.0 
0.3237190345087153 0.0 0.0 0.0 0.0 0.0 0.0 0.3262809654912847 0.35 0.0 0.0 
0.3401090804706015 0.1 0.0 0.0 0.0 0.0 0.0 0.20989091952939848 0.35 0.0 0.0 
0.34175274362669994 0.1 0.0 0.0 0.0 0.0 0.0 0.20824725637330005 0.35 0.0 0.0 
0.27618152118039224 0.1 0.0 0.0 0.0 0.0 0.0 0.2738184788196078 0.35 0.0 0.0 
0.27240021048185087 0.1 0.0 0.0 0.0 0.0 0.0 0.2775997895181492 0.35 0.0 0.0 
0.35 0.0 0.0 0.0 0.0 0.2450301355371627 0.0 0.1 0.30496986446283736 0.0 0.0 
0.27240021048185087 0.1 0.0 0.0 0.0 0.0 0.0 0.2775997895181492 0.35 0.0 0.0 
0.20000000000000012 0.1 0.0 0.0 0.0 0.0 0.0 0.35 0.35 0.0 0.0 
0.3183953500307729 0.0 0.0 0.0 0.0 0.0 0.0 0.3316046499692271 0.35 0.0 0.0 
0.35 0.0 0.0 0.0 0.0 0.28644146095617795 0.0 0.1 0.2635585390438221 0.0 0.0 
0.1 0.2002985418885364 0.0 0.0 0.0 0.0 0.0 0.35 0.3497014581114636 0.0 0.0 
0.0 0.1 0.1018325610648215 0.0 0.19277032208154854 0.35 0.0 0.0 0.25539711685363 0.0 0.0 
0.35 0.1735299068708878 0.0 0.0 0.0 0.0 0.0 0.12647009312911228 0.35 0.0 0.0 
0.35 0.2000000000000001 0.0 0.0 0.0 0.0 0.0 0.1 0.35 0.0 0.0 
0.3088815529264903 0.1 0.0 0.0 0.0 0.0 0.0 0.24111844707350974 0.35 0.0 0.0 
0.35 0.0 0.0 0.0 0.0 0.22557100663453997 0.0 0.1 0.3244289933654601 0.0 0.0 
0.3473579754848451 0.1 0.0 0.0 0.0 0.0 0.0 0.2026420245151549 0.35 0.0 0.0 
0.35 0.1 0.0 0.0 0.0 0.0 0.0 0.20000000000000004 0.35 0.0 0.0 
