-0.007227342419212956 1.1712403894208815E-5 
-0.014376760938540963 4.2232773937375917E-4 
-0.014161210428739416 3.8448052415159667E-4 
-0.01415286771330963 3.5942195251867305E-4 
-0.011436484973010523 9.492517861354258E-5 
-0.011218694838330804 8.601387170149727E-5 
-0.011912084043905886 1.2676253261652504E-4 
-0.010410700420463501 5.506535375372564E-5 
-0.010209945728591397 4.7338288576444736E-5 
-0.011685399419665142 1.1806093265547185E-4 
-0.013748733718321447 2.9326929056017355E-4 
-0.00919389698022442 2.627175649962326E-5 
-0.013956679487858833 3.2365427113906827E-4 
-0.009004802905731739 2.374089703934748E-5 
-0.0139090668483468 3.1752060745026496E-4 
-0.013807391122154185 3.057885725625885E-4 
-0.012912064199235702 2.0296275075098528E-4 
-0.012272771675852528 1.468915644240856E-4 
-0.009336557329881411 2.8201273305527942E-5 
-0.009598785808271523 3.1728277473986745E-5 
-0.012653662210056699 1.7849469903149552E-4 
-0.009479007807310001 2.9892053651491318E-5 
-0.007875765131139788 1.3733122635894514E-5 
-0.013391432785825049 2.4404275095936027E-4 
-0.013852489661170024 3.084172774503651E-4 
-0.008554872739574775 1.750904972675412E-5 
-0.011511231614863752 1.0014115009464361E-4 
-0.012338432005631565 1.530546359770695E-4 
-0.012992166314158985 2.090104589336386E-4 
-0.010533157185100745 5.612330516010885E-5 
-0.014189767753740812 3.9297230227151793E-4 
-0.014057754695801493 3.4343968232891084E-4 
-0.010633970391485247 5.955528418998469E-5 
-0.012413738267054527 1.5616088315298664E-4 
-0.012175967495390372 1.417704091792384E-4 
-0.008747598160210791 1.9468075114673766E-5 
-0.00972735849021643 3.493885338600017E-5 
-0.007701880804956745 1.3133406062225366E-5 
-0.010714631704798404 6.252525532720182E-5 
-0.013991463204036228 3.357091024006529E-4 
-0.012475548803232851 1.6174847787650591E-4 
-0.011586763731933873 1.1089258439531532E-4 
-0.012725132041769704 1.8669611538958933E-4 
-0.011568013362135926 1.0475596617397722E-4 
-0.013148487102377952 2.194664924463777E-4 
-0.014065777013642684 3.5063843839391027E-4 
-0.013271377327061191 2.310120469434906E-4 
-0.011957729779527837 1.3147325765233437E-4 
-0.014241583150495535 3.969940399884348E-4 
-0.008160773301993478 1.4636928176921346E-5 
-0.011029578547020566 7.788414096229223E-5 
-0.014299414630157563 4.08001418207077E-4 
-0.013682112630692661 2.787722246965406E-4 
-0.014269115633147988 4.0296739704552667E-4 
-0.010905640463901406 6.913645546837899E-5 
-0.013458577791173208 2.5135076829206724E-4 
-0.012129035494464866 1.3857866973753826E-4 
-0.010013636868642017 4.084794022887469E-5 
-0.01257595917596561 1.6878899378692662E-4 
-0.01410748796443815 3.555156230526888E-4 
-0.013549808504929421 2.6163741447147315E-4 
-0.013309991248740181 2.379806244379751E-4 
-0.01359395536115248 2.6706459209080864E-4 
-0.008644719033991466 1.8197338748585743E-5 
-0.013166732866357337 2.2650259007147829E-4 
-0.008380414180136679 1.5843711685620752E-5 
-0.01164968145196129 1.1532014695431192E-4 
-0.012483590926972456 1.6749190626937137E-4 
-0.007319840836882994 1.1758833508978497E-5 
-0.010772765947084949 6.763858423166801E-5 
-0.013082259073597053 2.1631067120956367E-4 
-0.013489919194467574 2.592788679874682E-4 
-0.013039468974911296 2.12997979461227E-4 
-0.012858411920017755 1.9574334818357029E-4 
-0.007438248749628449 1.2405954199274049E-5 
-0.01279655159089033 1.9402276765281438E-4 
-0.013644710551634314 2.746595199118653E-4 
-0.012744785396164277 1.8845030766588718E-4 
-0.014306004686850973 4.1520922605869546E-4 
-0.007607909684715955 1.2814878192216036E-5 
-0.014312630493709875 4.185686298664295E-4 
-0.009938463571779674 3.923580752631618E-5 
-0.010930285229104728 7.287098598839393E-5 
-0.013325563735062797 2.413998962877188E-4 
-0.011007905261319954 7.405281406077253E-5 
-0.011100482364724249 8.315283668280528E-5 
-0.013210597652684753 2.2887712883158431E-4 
-0.013624330853184452 2.705885335827417E-4 
-0.01369526032859668 2.860972393336344E-4 
-0.01371535740459822 2.8714433871510927E-4 
-0.008873861192512027 2.1459889253353007E-5 
-0.014008861498476362 3.3687738279790044E-4 
-0.007518066278739903 1.2485874101825314E-5 
-0.00801936555759962 1.4420117512745066E-5 
-0.008882882487501164 2.1903305746039184E-5 
-0.010121257357892195 4.437278072404548E-5 
-0.01348000647837841 2.531057545483035E-4 
-0.010096975463625122 4.406235608642133E-5 
-0.011112466205165733 8.365847312890176E-5 
-0.012041436913263951 1.3535793921599007E-4 
