-0.01611301372473826 3.490790714687223E-4 
-0.01611301372473826 3.490790714687223E-4 
-0.008654663609573442 3.384457632892201E-5 
-0.008654663609573442 3.384457632892201E-5 
-0.014229191463605587 1.2468118098423147E-4 
-0.012825874955417885 6.202206682891085E-5 
-0.010293011940406927 4.092696580172373E-5 
-0.012428456609941334 5.7560453198786344E-5 
-0.01546792866065301 2.500103875513314E-4 
-0.01064846260933766 4.47735879492504E-5 
-0.015258886338676789 2.147453461304067E-4 
-0.01133310119860261 4.7617036678975194E-5 
-0.01543263886783931 2.378903194716138E-4 
-0.014948342636833676 1.8968545856074432E-4 
-0.012279395887405505 5.441137097859442E-5 
-0.014370596300111008 1.4015975240257693E-4 
-0.014831726307394814 1.8458351370956265E-4 
-0.008943875939546214 3.429253391492102E-5 
-0.01517805277700035 2.0701133327435532E-4 
-0.015716937006451846 2.992742451632831E-4 
-0.009359332523680458 3.564982066571037E-5 
-0.01395236392708021 1.043288489245508E-4 
-0.013568534620602606 8.426892864444312E-5 
-0.012159935980731288 5.337247725359631E-5 
-0.012646378308033057 5.7842186097277365E-5 
-0.013882331504082569 1.0045354258720006E-4 
-0.014480711641674762 1.5916505798205653E-4 
-0.015988046141007534 3.269175349496324E-4 
-0.015346435681597949 2.2898108639974972E-4 
-0.01575138159851085 3.106402507560128E-4 
-0.014014779762626738 1.094846558179983E-4 
-0.010142667149005281 3.988483231160358E-5 
-0.011428668541540146 4.849293879688621E-5 
-0.014373434683147064 1.4574322076619045E-4 
-0.01573003985820273 3.0312689721471054E-4 
-0.00877314796559787 3.389670041156555E-5 
-0.011811736530946483 5.063436795287063E-5 
-0.013707767363215093 9.196506595716538E-5 
-0.015681671221586268 2.902844213549503E-4 
-0.015588444795764198 2.706587844750493E-4 
-0.01326884686176636 7.530633157851817E-5 
-0.011606620748488903 4.928644326728315E-5 
-0.015293873387774437 2.18497347675739E-4 
-0.014323513842026394 1.3231857028578577E-4 
-0.0127293580062645 5.8854290546139695E-5 
-0.010017321300564331 3.900990436667811E-5 
-0.00918752774987213 3.508964542416479E-5 
-0.0145099944368759 1.6136664462569495E-4 
-0.01538540482262861 2.3774543952992516E-4 
-0.015566245283820298 2.642464331794578E-4 
-0.011088858324764177 4.67047240128561E-5 
-0.009695356389731092 3.687765767168723E-5 
-0.013393019513179418 7.85884188257787E-5 
-0.009109093263626267 3.4705785808746267E-5 
-0.010519246253208983 4.3306544348311315E-5 
-0.011986964047860706 5.226100657373821E-5 
-0.01312195708582634 6.750206583457688E-5 
-0.00990304485901677 3.838907199483703E-5 
-0.010868677109626877 4.609154792316233E-5 
-0.01442848126146529 1.5085924894385613E-4 
-0.013461461192863932 8.06708900898739E-5 
-0.0153692129142354 2.2906547244901665E-4 
-0.015553728682484405 2.607515930959601E-4 
-0.013027093326348238 6.567199513072758E-5 
-0.009782216722940593 3.830713420139626E-5 
-0.013191505383315056 6.95972498800314E-5 
-0.01168376264318242 4.986871048146486E-5 
-0.010868677109626877 4.609154792316233E-5 
-0.011088858324764174 4.670472401285608E-5 
-0.01362865054634672 8.815371957301026E-5 
-0.014323513842026394 1.3231857028578577E-4 
-0.014681550230751761 1.7615258925209967E-4 
-0.014074428893831172 1.1273923009219423E-4 
-0.015630334764281936 2.7647813121658787E-4 
-0.014168779293101539 1.1780969391903392E-4 
-0.015533177640079054 2.5530388222314736E-4 
-0.00951036250802841 3.612406064546586E-5 
-0.015863264243700534 3.1122237176362124E-4 
-0.015079087219949026 1.9891762341038376E-4 
-0.015664300977188694 2.89002664491501E-4 
-0.014107999869442256 1.1506421974213224E-4 
-0.01609559214188226 3.4560277326314316E-4 
-0.011942437175512405 5.1550082810948494E-5 
-0.013249443878178974 7.234170219993504E-5 
-0.015942074592084576 3.2038727021045774E-4 
-0.014996178505497037 1.9336813998111003E-4 
-0.014574443836223385 1.6672103356489337E-4 
-0.009557803164914194 3.662382298925252E-5 
-0.01513400758555806 2.0373011148716558E-4 
-0.01596429541782347 3.2343479222703093E-4 
-0.013808147882466888 9.643569000035898E-5 
-0.015523209114189522 2.526441421744902E-4 
-0.010519246253208983 4.3306544348311315E-5 
-0.01603440133016192 3.343858093498518E-4 
-0.015655366087323402 2.8228166493102355E-4 
-0.014784855128695219 1.8144841974544266E-4 
-0.013027093326348238 6.567199513072758E-5 
-0.013808147882466888 9.643569000035898E-5 
-0.015889662965861678 3.1400666747995155E-4 
-0.01559822291872167 2.7524326420943346E-4 
