0.0 0.3000000000000002 0.0 0.0 0.0 0.0 0.0 0.35 0.35 0.0 0.0 
0.0 0.0 0.17624509683940304 0.0 0.0 0.2425942006495494 0.21353696909614842 0.0 0.0 0.22034843934839507 0.14727529406650403 
0.0 0.3000000000000002 0.0 0.0 0.0 0.0 0.0 0.35 0.35 0.0 0.0 
0.2010766932981032 0.21456333619803053 0.10330445908612493 0.0 0.17866846961502528 0.0 0.0 0.0 0.17352309517239156 0.1288639466303246 0.0 
0.0 0.0 0.16534253326338177 0.0 0.0 0.24484346701295026 0.25756363870441784 0.0 0.0 0.21157251917339828 0.12067784184585191 
0.0 0.28569334355737547 0.10756186275034153 0.0 0.0 0.0 0.0 0.2679181385846393 0.3388266551076437 0.0 0.0 
0.21265098172323937 0.21485708054683114 0.1000786311292913 0.0 0.15239429507057364 0.0 0.0 0.10179082970531825 0.2182281818247464 0.0 0.0 
0.22521494627891941 0.20188731772681798 0.10707749075570855 0.0 0.18110098865255858 0.0 0.0 0.10255274855881051 0.18216650802718493 0.0 0.0 
0.0 0.2469895456492012 0.11110888531086599 0.0 0.0 0.0 0.0 0.291901569039933 0.35 0.0 0.0 
0.0 0.2823872345508379 0.0 0.0 0.0 0.0 0.11449189899999461 0.2531208664491675 0.35 0.0 0.0 
0.23201371020416214 0.20798186977766286 0.11030993422086753 0.0 0.1563801557382511 0.0 0.0 0.10564859960624783 0.1876657304528086 0.0 0.0 
0.0 0.25455642504610604 0.0 0.0 0.0 0.0 0.13297037599796752 0.2624731989559265 0.35 0.0 0.0 
0.1967661214200159 0.27905277784831484 0.0 0.0 0.13696905385743458 0.0 0.0 0.0 0.27553231764182934 0.1116797292324054 0.0 
0.0 0.26400262812223446 0.10895604725159207 0.0 0.0 0.0 0.0 0.2770413246261734 0.35 0.0 0.0 
0.22754034364221512 0.26237141505371686 0.0 0.0 0.17896210573626395 0.0 0.0 0.0 0.21564420247596144 0.11548193309184249 0.0 
0.1705289835057393 0.25415856008986454 0.0 0.0 0.1782623073186516 0.0 0.0 0.0 0.2574129579184208 0.13963719116732393 0.0 
0.22208143023282517 0.22092070747379228 0.10837218271521781 0.0 0.12122406259267918 0.0 0.0 0.10112588640561167 0.22627573057987388 0.0 0.0 
0.0 0.257876531597517 0.0 0.0 0.0 0.0 0.12076890814922134 0.2713545602532617 0.35 0.0 0.0 
0.0 0.28964693902392297 0.10666582110734175 0.0 0.0 0.0 0.0 0.25368723986873526 0.35 0.0 0.0 
0.11795215431964896 0.23871805969877455 0.10946667575059388 0.0 0.11590008682305021 0.0 0.0 0.12584951110261114 0.29211351230532123 0.0 0.0 
0.10202218722765223 0.2212423843116201 0.10549517391041181 0.0 0.10484070021707517 0.0 0.0 0.17321690980115925 0.2931826445320814 0.0 0.0 
0.0 0.20544718594666922 0.0 0.0 0.0 0.0 0.12650574697883069 0.31850588006197494 0.3495411870125252 0.0 0.0 
0.0 0.22863040344318228 0.0 0.0 0.0 0.0 0.11255390830147148 0.3088156882553461 0.35 0.0 0.0 
0.17712597607634986 0.25391960469887703 0.0 0.0 0.12084331031920774 0.0 0.0 0.13345360660438646 0.3146575023011789 0.0 0.0 
0.0 0.23849041974888316 0.0 0.0 0.0 0.0 0.12355404409269197 0.28795553615842495 0.34999999999999987 0.0 0.0 
0.0 0.31698292247480814 0.0 0.0 0.0 0.0 0.0 0.333017077525192 0.35 0.0 0.0 
0.19053844831101666 0.22075347816300353 0.10224168321688623 0.0 0.12465433739093736 0.0 0.0 0.10399088844121024 0.2578211644769458 0.0 0.0 
0.0 0.22236249255752924 0.11876442095541259 0.0 0.0 0.0 0.10467764598604426 0.23519924979194887 0.31899619070906504 0.0 0.0 
0.14920502263054725 0.2199956367151432 0.10908795520369498 0.0 0.11549910868092354 0.0 0.0 0.12570437837595935 0.28050789839373164 0.0 0.0 
0.2041492730574687 0.22868433764542287 0.10036518713685652 0.0 0.12913270865805565 0.0 0.0 0.10772689808664015 0.22994159541555606 0.0 0.0 
0.0 0.23970506307601308 0.11959941525736084 0.0 0.0 0.0 0.10932157791956301 0.22531601308419408 0.30605793066286885 0.0 0.0 
0.0 0.20352004192294543 0.10115332432843643 0.0 0.0 0.0 0.10243195534704701 0.25360140275005105 0.33929327565152007 0.0 0.0 
0.0 0.24848899278363407 0.0 0.0 0.0 0.0 0.10493058893008922 0.3043065236069244 0.3422738946793524 0.0 0.0 
0.10853679604238882 0.2406100523153133 0.10333325210845082 0.0 0.10776473855533404 0.0 0.0 0.1657664343445547 0.2739887266339584 0.0 0.0 
0.0 0.20928353286771675 0.13054862717051297 0.0 0.0 0.0 0.11279835892867408 0.21579230754296647 0.33157717349012966 0.0 0.0 
0.12109739163649742 0.25695402350066465 0.0 0.0 0.10929048652290368 0.0 0.0 0.17119798259256025 0.34146011574737395 0.0 0.0 
0.19996800545339546 0.2424368737162673 0.0 0.0 0.16949945068006816 0.0 0.0 0.0 0.278364754853975 0.10973091529629411 0.0 
0.0 0.22098648299632315 0.12313563226915057 0.0 0.0 0.0 0.10879271384260884 0.2319779713954654 0.31510719949645194 0.0 0.0 
0.11732065318963181 0.20626699057975384 0.10403526196500731 0.0 0.11527957220659397 0.0 0.0 0.17630049764518405 0.280797024413829 0.0 0.0 
0.11962468623538697 0.27381341012803406 0.0 0.0 0.10796136879693805 0.0 0.0 0.1657053499213627 0.33289518491827824 0.0 0.0 
0.18615913099059975 0.26747707161981776 0.0 0.0 0.17797255724253525 0.0 0.0 0.0 0.25648299512816214 0.111908245018885 0.0 
0.10309908651109213 0.2989493793459761 0.0 0.0 0.10223122484870892 0.0 0.0 0.17537101183681575 0.320349297457407 0.0 0.0 
0.0 0.22180323972229404 0.10035684763732854 0.0 0.0 0.0 0.10819907845318173 0.25652315631920375 0.31311767786799194 0.0 0.0 
0.0 0.31258976125705135 0.0 0.0 0.0 0.0 0.0 0.3374102387429488 0.35 0.0 0.0 
0.1890223836818963 0.2140285584902915 0.10376465637589405 0.0 0.14866745506981896 0.0 0.0 0.0 0.21832154170699614 0.12619540467510318 0.0 
0.20009162721474782 0.2577587165482531 0.0 0.0 0.15929844587588265 0.0 0.0 0.0 0.2799938591161482 0.10285735124496839 0.0 
0.0 0.21095955984454537 0.0 0.0 0.0 0.0 0.12109907523635816 0.32851306808484626 0.3394282968342502 0.0 0.0 
0.18405116717084208 0.2028887537631552 0.10502315462863852 0.0 0.13452774086134156 0.0 0.0 0.12256886841191897 0.25094031516410387 0.0 0.0 
0.1424815770088124 0.2805855767746389 0.0 0.0 0.11073158452522362 0.0 0.0 0.15153818162883856 0.31466308006248656 0.0 0.0 
0.0 0.2723283667088881 0.10387757905698629 0.0 0.103233140640514 0.0 0.0 0.17056091359361164 0.35 0.0 0.0 
0.0 0.2166792792503567 0.10456652328672743 0.0 0.0 0.0 0.11455739279856404 0.25515387196620676 0.3090429326981452 0.0 0.0 
0.0 0.33081447110050155 0.0 0.0 0.0 0.0 0.0 0.31918552889949847 0.35 0.0 0.0 
0.0 0.23802471241184153 0.0 0.0 0.0 0.0 0.11339360819737646 0.29858167939078206 0.35 0.0 0.0 
0.12573453153256364 0.21545512551043952 0.10320742508952817 0.0 0.11436226129623957 0.0 0.0 0.16267801045322036 0.27856264611800874 0.0 0.0 
0.0 0.2637221664827369 0.10347907078002082 0.0 0.0 0.0 0.0 0.2827987627372424 0.35 0.0 0.0 
0.0 0.22618530553623145 0.0 0.0 0.0 0.0 0.10361259364107975 0.3370538274020078 0.33314827342068115 0.0 0.0 
0.0 0.30794024542548415 0.0 0.0 0.0 0.0 0.0 0.3420597545745159 0.35 0.0 0.0 
0.0 0.33398741924790853 0.0 0.0 0.0 0.0 0.0 0.3160125807520914 0.35 0.0 0.0 
0.0 0.20112957403767445 0.14762776403338418 0.0 0.0 0.0 0.10036931182040229 0.21441036028829422 0.3364629898202449 0.0 0.0 
0.0 0.24050328294237788 0.10984417888175693 0.0 0.11298299630109525 0.0 0.0 0.18666954187476997 0.35 0.0 0.0 
0.1475949141137066 0.26303219710292186 0.0 0.0 0.1251800996466815 0.0 0.0 0.13824295055156888 0.3259498385851213 0.0 0.0 
0.0 0.3043193299105374 0.0 0.0 0.0 0.0 0.0 0.3456806700894626 0.35 0.0 0.0 
0.0 0.17452948506014646 0.10565676627272275 0.0 0.0 0.0 0.10492177092256766 0.2648919777445632 0.35 0.0 0.0 
0.12290468171359752 0.24593425310638664 0.1152663605657943 0.0 0.10814280238079566 0.0 0.0 0.14367098331776362 0.2640809189156623 0.0 0.0 
0.0 0.25930860595646266 0.0 0.0 0.0 0.0 0.1106349868476762 0.28018237425537434 0.34987403294048697 0.0 0.0 
0.0 0.0 0.17199670125352265 0.0 0.0 0.24089608781986252 0.2534111842374011 0.0 0.0 0.20816153594316136 0.1255344907460523 
0.0 0.24400665412261016 0.11701113738466383 0.0 0.10040027656366071 0.0 0.0 0.19212544876510215 0.3464564831639631 0.0 0.0 
0.0 0.2088769147758913 0.0 0.0 0.0 0.0 0.1268061233396214 0.3160931115320597 0.34822385035242764 0.0 0.0 
0.17094654825772504 0.22972607501040204 0.10927948566648196 0.0 0.1272186193748916 0.0 0.0 0.15065626576263416 0.21217300592786528 0.0 0.0 
0.13046964824398496 0.2043343442357337 0.10766400020255243 0.0 0.11439412219977953 0.0 0.0 0.1565238894315877 0.2866139956863616 0.0 0.0 
0.1477063390011446 0.2319232213591715 0.10240974767775943 0.0 0.13921445126542256 0.0 0.0 0.13018920726070474 0.24855703343579716 0.0 0.0 
0.12420009802634321 0.2661418371671042 0.0 0.0 0.13714450145030962 0.0 0.0 0.12251356335624308 0.35 0.0 0.0 
0.0 0.22443199713896977 0.0 0.0 0.0 0.0 0.10000358618577475 0.3255644166752555 0.35 0.0 0.0 
0.0 0.23355450426839003 0.12474210529812019 0.0 0.0 0.0 0.10994631079667119 0.1841377618766985 0.3476193177601202 0.0 0.0 
0.0 0.21116780155936157 0.11809597747165448 0.0 0.0 0.0 0.10059912986048561 0.23641460666709305 0.33372248444140523 0.0 0.0 
0.0 0.19902249096699764 0.14608117913235744 0.0 0.0 0.0 0.11220566876430783 0.2097525406604022 0.33293812047593485 0.0 0.0 
0.0 0.322953892839884 0.0 0.0 0.0 0.0 0.0 0.32704610716011623 0.35 0.0 0.0 
0.0 0.324642353349261 0.0 0.0 0.0 0.0 0.0 0.32535764665073896 0.35 0.0 0.0 
0.0 0.2122225300130701 0.0 0.0 0.0 0.0 0.10367968813812553 0.3340977818488044 0.35 0.0 0.0 
0.19150021668443068 0.2123736405223511 0.11392039053634895 0.0 0.10933091044004357 0.0 0.0 0.12126808788071963 0.25160675393610604 0.0 0.0 
0.17823301257285457 0.21751189231810628 0.10194514952921772 0.0 0.14524910928690615 0.0 0.0 0.0 0.23356136720655293 0.12349946908636225 0.0 
0.0 0.25099757996558925 0.1149075199993131 0.0 0.0 0.0 0.0 0.2840949000350976 0.35 0.0 0.0 
0.1946711551178344 0.2427818205409884 0.10989136348997308 0.0 0.15311025415685867 0.0 0.0 0.0 0.18449346308656606 0.11505194360777948 0.0 
0.15701891542745403 0.23402298325768656 0.10156234213837427 0.0 0.1641395707717224 0.0 0.0 0.0 0.2370195531480604 0.1062366352567022 0.0 
0.0 0.29357499806026 0.10916825890374601 0.0 0.0 0.0 0.0 0.24725674303599388 0.35 0.0 0.0 
0.0 0.2728849171260488 0.11649280525817245 0.0 0.1078282676265804 0.0 0.0 0.1647180806695383 0.33807592931966013 0.0 0.0 
0.0 0.20828369091000204 0.10793900798276618 0.0 0.0 0.0 0.11089053931842331 0.23408293922764536 0.3388038225611631 0.0 0.0 
0.1946711551178344 0.2427818205409884 0.10989136348997308 0.0 0.15311025415685867 0.0 0.0 0.0 0.18449346308656606 0.11505194360777948 0.0 
0.12674306053746287 0.21591690305929595 0.10130997040522945 0.0 0.12351838149191964 0.0 0.0 0.15205311780015068 0.2804585667059413 0.0 0.0 
0.0 0.26824596444600574 0.11451246637814372 0.0 0.10599522299971424 0.0 0.0 0.16191792817367667 0.3493284180024596 0.0 0.0 
0.16149450331599655 0.24069345621731292 0.10445722386118513 0.0 0.14031462711202425 0.0 0.0 0.0 0.24377543882291294 0.10926475067056826 0.0 
0.0 0.1901793439071536 0.1031042073929289 0.0 0.0 0.0 0.10238696877500998 0.25849245981655145 0.3458370201083559 0.0 0.0 
0.13036899922611117 0.21613600592523063 0.1042083045600178 0.0 0.11880337389982103 0.0 0.0 0.14742938036407294 0.2830539360247466 0.0 0.0 
0.1760515149735268 0.23531352130412547 0.11082904880592605 0.0 0.12644367723299665 0.0 0.0 0.0 0.242557104864981 0.10880513281844416 0.0 
0.0 0.28126624864267824 0.0 0.0 0.0 0.0 0.10037653746546685 0.27569997698924814 0.34265723690260685 0.0 0.0 
0.0 0.2290225746363733 0.0 0.0 0.0 0.0 0.12676022914033086 0.29421719622329595 0.35 0.0 0.0 
0.0 0.16804466079513516 0.11059310035637411 0.0 0.0 0.0 0.1148526155263542 0.2891665735293634 0.3173430497927731 0.0 0.0 
0.0 0.19001662846247555 0.10213196392047415 0.0 0.0 0.0 0.10055790125415012 0.2572935063629003 0.35 0.0 0.0 
0.0 0.24473838548672358 0.0 0.0 0.0 0.0 0.12938175954992745 0.27587985496334894 0.35 0.0 0.0 
0.0 0.2574205391001371 0.0 0.0 0.0 0.0 0.10593445143166708 0.2948206831044662 0.34182432636372956 0.0 0.0 
