0.0 0.3000000000000002 0.0 0.0 0.0 0.0 0.0 0.35 0.35 0.0 0.0 
0.0 0.0 0.21060083649595127 0.0 0.0 0.19579961634227722 0.2206635254150659 0.0 0.0 0.184409448807094 0.1885265729396117 
0.0 0.3000000000000002 0.0 0.0 0.0 0.0 0.0 0.35 0.35 0.0 0.0 
0.0 0.11320754716981138 0.15894402754411413 0.0 0.0 0.14777329535266204 0.1665385097472195 0.0 0.13207547169811318 0.13917694249592 0.14228420599215974 
0.0 0.0 0.1942180523505453 0.0 0.0 0.19291676922790715 0.26030118356615606 0.0 0.0 0.16681318469271472 0.18575081016267672 
0.11383953294034412 0.30699894530085153 0.0 0.0 0.10130743017579152 0.0 0.0 0.17431628948781117 0.3035378020952016 0.0 0.0 
0.20675203265835662 0.20646408358036264 0.10229522558028335 0.0 0.1883349346083158 0.0 0.0 0.0 0.1628481859920558 0.1333055375806256 0.0 
0.0 0.23683253971174323 0.11642879431267779 0.0 0.10015164973423035 0.0 0.0 0.19658701624134856 0.35 0.0 0.0 
0.17046770202305755 0.2498382390752287 0.10362895593498682 0.0 0.10780616817750718 0.0 0.0 0.13017153508009732 0.23808739970912246 0.0 0.0 
0.17088813475166803 0.22053097238978064 0.11357752005892603 0.0 0.11946776292573394 0.0 0.0 0.12180029104285192 0.2537353188310394 0.0 0.0 
0.0 0.23735288176236144 0.1179348423462762 0.0 0.0 0.0 0.11611161613755173 0.18330462924267601 0.34529603051113467 0.0 0.0 
0.1265476298028861 0.2590555098745163 0.0 0.0 0.11754791231668114 0.0 0.0 0.1550962254384868 0.3417527225674296 0.0 0.0 
0.0 0.3410564817135824 0.0 0.0 0.0 0.0 0.0 0.3089435182864178 0.35 0.0 0.0 
0.0 0.24077916451423742 0.14002243624089245 0.0 0.0 0.0 0.0 0.26919839924487005 0.35 0.0 0.0 
0.0 0.2762789831530863 0.11196544353194836 0.0 0.0 0.0 0.0 0.26592361442041834 0.3458319588945471 0.0 0.0 
0.14005291245706092 0.2837258363928609 0.0 0.0 0.10886056658428786 0.0 0.0 0.13421970493457464 0.3331409796312156 0.0 0.0 
0.2594073454757843 0.19960185301327626 0.1042008311915001 0.0 0.17240508312554365 0.0 0.0 0.10161327680396597 0.16277161038992974 0.0 0.0 
0.0 0.24069557783887832 0.12259484366240948 0.0 0.0 0.0 0.0 0.2867095784987122 0.35 0.0 0.0 
0.21100887137015387 0.24883252960298105 0.0 0.0 0.15170744120903348 0.0 0.0 0.0 0.2845359281258492 0.10391522969198226 0.0 
0.19036364750090717 0.22168011231568424 0.10276893928083675 0.0 0.1617277909402273 0.0 0.0 0.0 0.21745226973270684 0.10600724022963778 0.0 
0.14861247324570484 0.26132944735185587 0.0 0.0 0.13139691632034212 0.0 0.0 0.14779381161510258 0.3108673514669947 0.0 0.0 
0.0 0.3027420566548939 0.0 0.0 0.0 0.0 0.0 0.34725794334510623 0.35 0.0 0.0 
0.16331361174562992 0.21774738033699761 0.10103488240378707 0.0 0.1117488784980832 0.0 0.0 0.12878376580489412 0.27737148121060823 0.0 0.0 
0.23801346375113697 0.21028393030505832 0.10095632981456765 0.0 0.17255937883172 0.0 0.0 0.10422684728102706 0.1739600500164901 0.0 0.0 
0.15914514535698182 0.24044312519344446 0.10712479451607226 0.0 0.16667511605732077 0.0 0.0 0.1096778336966199 0.21693398517956075 0.0 0.0 
0.16453429654894686 0.21465390219860117 0.10687833124645321 0.0 0.1330050010770083 0.0 0.0 0.10389207375917377 0.27703639516981665 0.0 0.0 
0.1252063409512829 0.25311231200092993 0.11170672395634902 0.0 0.11630201221910383 0.0 0.0 0.0 0.26620715873419126 0.12746545213814306 0.0 
0.0 0.20687251217703084 0.0 0.0 0.0 0.0 0.10233208269579111 0.3427191182583617 0.3480762868688163 0.0 0.0 
0.13696446169888313 0.23338108466609692 0.10844369744619405 0.0 0.11139195084975986 0.0 0.0 0.13866272745197317 0.2711560778870929 0.0 0.0 
0.0 0.19248442240832556 0.11193716789577561 0.0 0.0 0.0 0.11525101196150728 0.23032739773439165 0.3499999999999999 0.0 0.0 
0.15607739216816371 0.21791813209556823 0.10728705756324415 0.0 0.15677012363296305 0.0 0.0 0.0 0.24181087607934224 0.12013641846071871 0.0 
0.1626569022480462 0.21077475901650514 0.10911667654332485 0.0 0.15176148925039498 0.0 0.0 0.0 0.2566833318758106 0.10900684106591825 0.0 
0.0 0.22951288577216666 0.0 0.0 0.0 0.0 0.10959514784822302 0.31089196637961025 0.35 0.0 0.0 
0.0 0.19259394219087372 0.14276515812839646 0.0 0.0 0.0 0.11621489334335304 0.24232510940039076 0.306100896936986 0.0 0.0 
0.2578866271747398 0.2182666280862877 0.0 0.0 0.19137127141247237 0.0 0.0 0.0 0.22616682155155513 0.10630865177494515 0.0 
0.0 0.21653444457360896 0.10576897607974448 0.0 0.0 0.0 0.10928738985534368 0.21840918949130295 0.35 0.0 0.0 
0.17613141933507015 0.23402458957518868 0.10523348451452733 0.0 0.15559343533665995 0.0 0.0 0.0 0.19501576526257816 0.13400130597597584 0.0 
0.0 0.2670894360944508 0.0 0.0 0.0 0.0 0.10114623565168036 0.281764328253869 0.35 0.0 0.0 
0.12410889170155606 0.22574740941032032 0.11398580527031513 0.0 0.11572905889184604 0.0 0.0 0.1506452514836975 0.26978358324226503 0.0 0.0 
0.20160831998515547 0.21396850570519466 0.11725271709293485 0.0 0.1610066682933355 0.0 0.0 0.10155842916654985 0.20460535975682967 0.0 0.0 
0.0 0.3351138603867107 0.0 0.0 0.0 0.0 0.0 0.3148861396132893 0.35 0.0 0.0 
0.0 0.2364164371409642 0.10584734691202033 0.0 0.0 0.0 0.1089809048627131 0.21779668388639922 0.33095862719790325 0.0 0.0 
0.0 0.20631116137835293 0.10576621477663371 0.0 0.0 0.0 0.1052352386381781 0.23347876409041698 0.34920862111641826 0.0 0.0 
0.0 0.24491517695048173 0.0 0.0 0.0 0.0 0.11084085560476745 0.297641013816688 0.3466029536280628 0.0 0.0 
0.0 0.26811160125067324 0.0 0.0 0.0 0.0 0.12802649611603967 0.25386190263328723 0.35 0.0 0.0 
0.0 0.24881332063578274 0.0 0.0 0.0 0.0 0.12201500219749925 0.2791716771667179 0.35 0.0 0.0 
0.11961184471128498 0.2210090373318539 0.10024074373480492 0.0 0.10548681723304605 0.0 0.0 0.15829270311998028 0.29535885386902977 0.0 0.0 
0.0 0.2059752183021664 0.10478149706729835 0.0 0.0 0.0 0.10100772197224109 0.23823556265829424 0.35 0.0 0.0 
0.17014988474455092 0.27607595857670897 0.0 0.0 0.10892343946051948 0.0 0.0 0.12891283609267476 0.31593788112554577 0.0 0.0 
0.0 0.30156029412105717 0.10487333685584675 0.0 0.0 0.0 0.0 0.24356636902309606 0.35 0.0 0.0 
0.19220408119144042 0.2589644875925444 0.0 0.0 0.17106320890575222 0.0 0.0 0.0 0.2658578636064966 0.11191035870376624 0.0 
0.11317268188827848 0.22878553075226196 0.10097052145316357 0.0 0.10512415371167708 0.0 0.0 0.13697362496479862 0.3149734872298203 0.0 0.0 
0.0 0.26442592478150057 0.11504647990990138 0.0 0.0 0.0 0.0 0.2769776743071105 0.34354992100148757 0.0 0.0 
0.0 0.22637202253560687 0.0 0.0 0.0 0.0 0.11073984520336116 0.32001184369850055 0.3428762885625315 0.0 0.0 
0.1863859744018853 0.23999027330608722 0.10071140741771652 0.0 0.16788152950939478 0.0 0.0 0.0 0.1615651724239578 0.14346564294095832 0.0 
0.17715713696181923 0.259262383371249 0.0 0.0 0.16529043996953915 0.0 0.0 0.0 0.2795656596951163 0.11872438000227627 0.0 
0.0 0.31868328273552315 0.0 0.0 0.0 0.0 0.0 0.3406583586322384 0.3406583586322384 0.0 0.0 
0.0 0.2658629481853472 0.10157568771792069 0.0 0.0 0.0 0.0 0.2825613640967321 0.35 0.0 0.0 
0.19161635440354888 0.19130580968887553 0.11348412130022431 0.0 0.16779245095534728 0.0 0.0 0.11196173122960072 0.22383953242240323 0.0 0.0 
0.0 0.21831137705626272 0.1032511377903841 0.0 0.0 0.0 0.11398223983177219 0.2621509617401688 0.30230428358141226 0.0 0.0 
0.0 0.25114076712115707 0.11794898084948051 0.0 0.10713334936981561 0.0 0.0 0.17377690265954673 0.35 0.0 0.0 
0.1775381326695714 0.2534803550999817 0.0 0.0 0.1274503786137761 0.0 0.0 0.1400007571614319 0.30153037645523884 0.0 0.0 
0.0 0.3238516317785922 0.0 0.0 0.0 0.0 0.0 0.32614836822140775 0.35 0.0 0.0 
0.20105302961088256 0.21337917163592413 0.11010407856507655 0.0 0.16279487377568297 0.0 0.0 0.10862703178512055 0.2040418146273133 0.0 0.0 
0.19423891568190835 0.22060824555424197 0.12312243309703824 0.0 0.11705501523588098 0.0 0.0 0.10981374330521705 0.23516164712571352 0.0 0.0 
0.0 0.22932771953226017 0.0 0.0 0.0 0.0 0.11290505437211518 0.30776722609562474 0.35 0.0 0.0 
0.0 0.20427187410568634 0.10386109568694528 0.0 0.0 0.0 0.10017242285985618 0.2745676670983566 0.31712694024915555 0.0 0.0 
0.0 0.27483915949184035 0.0 0.0 0.0 0.0 0.11273427164630034 0.26242656886185944 0.35 0.0 0.0 
0.16159030770693794 0.22518104368096506 0.11410479146390545 0.0 0.16378376508090095 0.0 0.0 0.0 0.19414454643918858 0.141195545628102 0.0 
0.0 0.20569726690540213 0.10472715321617168 0.0 0.0 0.0 0.10127105938836536 0.27023170445816697 0.31807281603189375 0.0 0.0 
0.16881440577041198 0.27055634494641884 0.0 0.0 0.12501398242889641 0.0 0.0 0.12745479676999666 0.3081604700842763 0.0 0.0 
0.12431401954895117 0.2214926793812384 0.11502511458819982 0.0 0.10447759445422086 0.0 0.0 0.14707812892666458 0.28761246310072525 0.0 0.0 
0.0 0.2551607735787601 0.10334444872957672 0.0 0.0 0.0 0.0 0.2914947776916632 0.35 0.0 0.0 
0.0 0.27193110042100066 0.0 0.0 0.0 0.0 0.10927609830220351 0.26879280127679583 0.35 0.0 0.0 
0.0 0.23974214179245332 0.11641111634765478 0.0 0.0 0.0 0.12754962850191048 0.22254967182109947 0.2937474415368821 0.0 0.0 
0.11871240854880646 0.2969480617548637 0.0 0.0 0.11026991033125522 0.0 0.0 0.14367839178083755 0.3303912275842373 0.0 0.0 
0.11190045660566399 0.23258800486536524 0.10291392108167426 0.0 0.10394240557304522 0.0 0.0 0.17440178888391858 0.2742534229903328 0.0 0.0 
0.0 0.20950374051823967 0.10154147350779387 0.0 0.0 0.0 0.1031451028363184 0.2618508589958697 0.32395882414177857 0.0 0.0 
0.18866824685157194 0.2242546712397537 0.11609513652952008 0.0 0.11737829486460906 0.0 0.0 0.10476149132428404 0.248842159190261 0.0 0.0 
0.0 0.2578337429580202 0.11803414847488423 0.0 0.0 0.0 0.0 0.2741321085670956 0.35 0.0 0.0 
0.0 0.2504846137152106 0.11159858595287987 0.0 0.0 0.0 0.0 0.29297995031734886 0.3449368500145607 0.0 0.0 
0.0 0.20653106843286226 0.0 0.0 0.0 0.0 0.1182989021463664 0.3251700294207713 0.35 0.0 0.0 
0.0 0.3172958643416297 0.0 0.0 0.0 0.0 0.0 0.33270413565837026 0.35 0.0 0.0 
0.0 0.2500088790414912 0.0 0.0 0.0 0.0 0.10957897860372692 0.2913514776291844 0.34906066472559766 0.0 0.0 
0.0 0.2418650567788078 0.0 0.0 0.0 0.0 0.11796631308649598 0.2901686301346962 0.35 0.0 0.0 
0.0 0.1789382292618608 0.1054862837069437 0.0 0.0 0.0 0.13915499155735536 0.27047473447809905 0.305945760995741 0.0 0.0 
0.0 0.2689497760240292 0.0 0.0 0.0 0.0 0.11361622715277055 0.27378862809663257 0.3436453687265677 0.0 0.0 
0.0 0.23020265147061744 0.0 0.0 0.0 0.0 0.11261376606400049 0.32542702979034516 0.33175655267503684 0.0 0.0 
0.0 0.22755930261804083 0.10762497688814347 0.0 0.0 0.0 0.12208342952676199 0.19273229096705372 0.35 0.0 0.0 
0.0 0.0 0.1974528802668457 0.0 0.0 0.19906078623497966 0.2243388198765383 0.0 0.0 0.18748090805514614 0.19166660556649018 
0.0 0.31437795094502313 0.0 0.0 0.0 0.0 0.0 0.3356220490549769 0.35 0.0 0.0 
0.11133100870903616 0.21521597351388677 0.11176550883668936 0.0 0.10866035302728937 0.0 0.0 0.17356511493788526 0.27946204097521327 0.0 0.0 
0.0 0.2680804807423859 0.0 0.0 0.0 0.0 0.12668431841782907 0.26265510156884236 0.34258009927094296 0.0 0.0 
0.2038170244156076 0.25319125974736606 0.0 0.0 0.1746140324887679 0.0 0.0 0.0 0.2516167456854988 0.11676093766275966 0.0 
0.20111786846180035 0.26308127390780156 0.0 0.0 0.17230161277426312 0.0 0.0 0.0 0.24828457635792714 0.11521466849820787 0.0 
0.0 0.19199011405600633 0.1595573614891533 0.0 0.0 0.0 0.10015640564268172 0.22206007705190856 0.32623604176025023 0.0 0.0 
0.116758113439501 0.208057109180604 0.11224207559482446 0.0 0.10845459928586162 0.0 0.0 0.13917280807655344 0.3153152944226556 0.0 0.0 
0.0 0.2568507706920844 0.0 0.0 0.0 0.0 0.1048198745960372 0.30490331897583267 0.3334260357360458 0.0 0.0 
0.0 0.2303562812941477 0.0 0.0 0.0 0.0 0.12207876740127502 0.30659711712415305 0.3409678341804241 0.0 0.0 
0.0 0.35 0.0 0.0 0.0 0.0 0.0 0.30000000000000016 0.35 0.0 0.0 
