0.1299485576885593 0.14946560358549624 0.14434229671147852 0.0 0.0 0.13110330321804625 0.0 0.0 0.15085622495811027 0.17290857421062572 0.0 
0.0 0.29999999949878536 0.0 0.0 0.0 0.0 0.0 0.35 0.35 0.0 0.0 
0.17713536427224114 0.11618992711837231 0.0 0.11863662904962342 0.0 0.1016805214975378 0.0 0.13551025152658042 0.2534252832529649 0.0 0.0 
0.1184037027519426 0.18725840330331697 0.14288623244370466 0.0 0.0 0.16813434497574123 0.0 0.0 0.21969201414723374 0.15517243984593768 0.0 
0.0 0.24986175682830322 0.0 0.0 0.0 0.0 0.0 0.35 0.35 0.0 0.0 
0.10203097614674754 0.1980666272761898 0.0 0.0 0.0 0.0 0.0 0.34994867982566896 0.3499537167513937 0.0 0.0 
0.18540291200234715 0.12160286976707244 0.0 0.12416355625413478 0.0 0.10647937810722523 0.0 0.1467373695618082 0.2596553168925697 0.0 0.0 
0.22981261113327292 0.1269531712070248 0.0 0.11051841568486793 0.0 0.0 0.0 0.27291061270196926 0.2575477811885455 0.0 0.0 
0.17843352422995729 0.12769522261975116 0.0 0.11893345485036037 0.0 0.10471056751443081 0.0 0.22239946000351785 0.24782777078198262 0.0 0.0 
0.13373083121212276 0.1107875533207908 0.0 0.10403062919653375 0.0 0.0 0.0 0.35 0.3013990242319441 0.0 0.0 
0.19860529559212656 0.15377899414590357 0.0 0.0 0.0 0.0 0.0 0.3482563568271579 0.295272956654 0.0 0.0 
0.19258954330419548 0.10363261981858009 0.0 0.11881342839815322 0.0 0.0 0.0 0.35 0.2347766865797656 0.0 0.0 
0.14506034736727336 0.1176926036181662 0.0 0.10348135968036963 0.0 0.0 0.0 0.35 0.28361288849622585 0.0 0.0 
0.1891294532744877 0.1108742907603449 0.0 0.13945920482528693 0.0 0.10048294871998535 0.0 0.17007770854092338 0.2376240518929281 0.0 0.0 
0.22888041283730579 0.11109652191628767 0.0 0.1165326626178987 0.0 0.0 0.0 0.29262756318687155 0.25086283944163634 0.0 0.0 
0.0 0.27123506913022555 0.0 0.0 0.0 0.0 0.0 0.35 0.35 0.0 0.0 
0.2242830098529464 0.10000089505016417 0.0 0.10328788130589131 0.0 0.0 0.0 0.3496477674066897 0.22278044638430847 0.0 0.0 
0.1517844005472624 0.14884876501853514 0.0 0.0 0.0 0.0 0.0 0.3481233371276471 0.3458360654627684 0.0 0.0 
0.1797069349338399 0.12415041758848963 0.0 0.10252650349458901 0.0 0.10299683757716424 0.0 0.24092425725761368 0.24969504914830354 0.0 0.0 
0.20429799706295537 0.15796299336807842 0.0 0.0 0.0 0.0 0.0 0.3470811400416135 0.2861732667591965 0.0 0.0 
0.12679938736947258 0.17320006267126858 0.0 0.0 0.0 0.0 0.0 0.35 0.35 0.0 0.0 
0.13663936981869473 0.15749767869518375 0.15312936802415877 0.0 0.0 0.13844353537824372 0.0 0.0 0.15948103231012442 0.18648892112190324 0.0 
0.16207988714505137 0.14860087152979398 0.0 0.0 0.0 0.0 0.0 0.35 0.3373847286485812 0.0 0.0 
0.0 0.292270494563728 0.0 0.0 0.0 0.0 0.0 0.35 0.34554139104353243 0.0 0.0 
0.12434501849564784 0.16460413941714344 0.16697036407842936 0.0 0.0 0.1621948821460841 0.0 0.0 0.20137117693875226 0.1732496475529114 0.0 
0.1770621554007017 0.13746352565221376 0.0 0.12287084186984781 0.0 0.11130516481791584 0.0 0.20146561775807084 0.24983269450125017 0.0 0.0 
0.22162150268197447 0.10766978648927304 0.0 0.1527892697438555 0.0 0.0 0.0 0.263300404964701 0.25461903612019604 0.0 0.0 
0.11423114202863542 0.19222779149718539 0.0 0.0 0.0 0.0 0.0 0.34835482617351854 0.34518624030066075 0.0 0.0 
0.1318230268773685 0.12330551628643978 0.0 0.10507683432761439 0.0 0.0 0.0 0.34653398106356376 0.29326064144501374 0.0 0.0 
0.0 0.2986026229440145 0.0 0.0 0.0 0.0 0.0 0.3483697275994836 0.35 0.0 0.0 
0.17396373342250268 0.14865735910176578 0.0 0.0 0.0 0.0 0.0 0.3441335088265784 0.3332453986491532 0.0 0.0 
0.17736890517370382 0.12253519126924894 0.0 0.11828155710671019 0.0 0.1016568243409251 0.0 0.2337110646533673 0.24644645745604468 0.0 0.0 
0.15261207229962895 0.14966042891638168 0.0 0.0 0.0 0.0 0.0 0.35 0.3477218899697736 0.0 0.0 
0.1610788185656821 0.1217903765790254 0.0 0.1036357725119282 0.0 0.0 0.0 0.33920400682242435 0.27429102552094 0.0 0.0 
0.17291520562399215 0.12112051322222889 0.0 0.10457917646731327 0.0 0.0 0.0 0.34922910125417983 0.252156003432286 0.0 0.0 
0.22070662843660718 0.11499310562588821 0.0 0.10164086908023212 0.0 0.0 0.0 0.34407233938636095 0.21858705747091156 0.0 0.0 
0.1795063584645688 0.11210416119128652 0.0 0.11974587789213093 0.0 0.10288187962056163 0.0 0.23652749115025343 0.24923423168119868 0.0 0.0 
0.11309749116569247 0.1482691227603046 0.14329299101380785 0.0 0.0 0.1405433153995166 0.0 0.0 0.16035187337136497 0.19270805374431613 0.0 
0.14488191427846164 0.12402543297068074 0.0 0.10387722613885661 0.0 0.0 0.0 0.35 0.27526490338011395 0.0 0.0 
0.20001459122813117 0.14612214077189412 0.0 0.0 0.0 0.0 0.0 0.3485788069180499 0.30528446108192486 0.0 0.0 
0.0 0.2815749072471351 0.0 0.0 0.0 0.0 0.0 0.35 0.35 0.0 0.0 
0.1942269617427395 0.11768542368097926 0.0 0.13665678716501603 0.0 0.10373619879750463 0.0 0.18917157097504678 0.2585230576387138 0.0 0.0 
0.19529243631672624 0.12168515391106156 0.0 0.13898698069003082 0.0 0.10327087964019475 0.0 0.17924771699149655 0.2615168324504902 0.0 0.0 
0.1891634166105657 0.11718975340404514 0.0 0.13385240080595304 0.0 0.10138468392363706 0.0 0.170108250618186 0.25198461472780775 0.0 0.0 
0.1257407649351375 0.10899643768578006 0.0 0.1075668673461973 0.0 0.0 0.0 0.3476331161716213 0.3100628138612638 0.0 0.0 
0.18897722485255966 0.14564263180849604 0.0 0.0 0.0 0.0 0.0 0.34845167755228484 0.31331398187244297 0.0 0.0 
0.22603516407913743 0.11030955205514686 0.0 0.15583211573852812 0.0 0.0 0.0 0.2462431867049237 0.25968985369478487 0.0 0.0 
0.23751014614665933 0.10239957964623972 0.0 0.11524790161878656 0.0 0.0 0.0 0.30591468259373544 0.2389276899945789 0.0 0.0 
0.2168078442068437 0.11485435901429035 0.0 0.13971346381181882 0.0 0.0 0.0 0.2773140273423867 0.2513103056246604 0.0 0.0 
0.0 0.26408166099852326 0.0 0.0 0.0 0.0 0.0 0.35 0.35 0.0 0.0 
0.22408097439306515 0.10063807490484643 0.0 0.1228139037166234 0.0 0.0 0.0 0.33787353285220323 0.2145935141332619 0.0 0.0 
0.12066578724666661 0.15819104595374042 0.15288191974373036 0.0 0.0 0.14994824040874558 0.0 0.0 0.1713893645438211 0.19832547688397095 0.0 
0.21136833859643844 0.10921267625984174 0.0 0.11248789836577494 0.0 0.0 0.0 0.32331873279398765 0.24361235398395706 0.0 0.0 
0.1336932099698643 0.17058176202135622 0.16585055494901402 0.0 0.0 0.15236895144304416 0.0 0.0 0.17272988228033978 0.20172660944225207 0.0 
0.16984567171211698 0.1329665359256675 0.0 0.1200248036105895 0.0 0.10677250475614049 0.0 0.2024735921790074 0.2679168918164782 0.0 0.0 
0.21513197209014773 0.11060075893123726 0.0 0.10218352165157696 0.0 0.0 0.0 0.32742808296924675 0.2446556643577914 0.0 0.0 
0.19169536823975664 0.11562577705641087 0.0 0.1320951829866767 0.0 0.10016758536058072 0.0 0.18697740532843665 0.24867655411389986 0.0 0.0 
0.15219511025127436 0.1215934957648021 0.0 0.10329146284789605 0.0 0.0 0.0 0.3495401841104861 0.2733797470255413 0.0 0.0 
0.11027604879580238 0.19386289698423864 0.0 0.0 0.0 0.0 0.0 0.3483724670332692 0.34748858718668973 0.0 0.0 
0.21952520441195963 0.15069483000569986 0.0 0.0 0.0 0.0 0.0 0.35 0.27921192208411005 0.0 0.0 
0.17274301986559878 0.16469971245397108 0.0 0.0 0.0 0.0 0.0 0.3490238152115824 0.3100857548239826 0.0 0.0 
0.22168895820706125 0.1511194025216786 0.0 0.0 0.0 0.0 0.0 0.34778781262660624 0.2794038266446538 0.0 0.0 
0.10849961304507445 0.19424996645727732 0.0 0.0 0.0 0.0 0.0 0.3490680325557772 0.3481823879418711 0.0 0.0 
0.16794088916318797 0.15142362545669602 0.0 0.0 0.0 0.0 0.0 0.34986154572211065 0.3307739396580055 0.0 0.0 
0.20465877909619937 0.10064373267229176 0.0 0.14109490742714223 0.0 0.0 0.0 0.3184718717513378 0.2351307090530289 0.0 0.0 
0.18852637062450936 0.12952032250136297 0.0 0.1342230357439631 0.0 0.10016253578618525 0.0 0.16953537674969127 0.25531407944192963 0.0 0.0 
0.17207893280738124 0.14006518046596206 0.0 0.0 0.0 0.0 0.0 0.35 0.33256831001927684 0.0 0.0 
0.16110548463278357 0.1477075030490137 0.0 0.0 0.0 0.0 0.0 0.3498187296553346 0.33535641697471047 0.0 0.0 
0.15442822093794414 0.12006896157886689 0.0 0.10455802375530111 0.0 0.0 0.0 0.3440120819471537 0.2769327117807342 0.0 0.0 
0.19355915940397586 0.11589825724686088 0.0 0.12377399502675354 0.0 0.10026736840857431 0.0 0.18871670909534372 0.23767016776592412 0.0 0.0 
0.10161946012343129 0.19908453901018122 0.0 0.0 0.0 0.0 0.0 0.34830613812434175 0.3485422673337663 0.0 0.0 
0.1217673125774367 0.15963512922038214 0.15427753743335954 0.0 0.0 0.15131707733330804 0.0 0.0 0.17264411867972135 0.20748065739226373 0.0 
0.2267225654063366 0.155638122559857 0.0 0.0 0.0 0.0 0.0 0.35 0.2672215809265967 0.0 0.0 
0.0 0.2528736205417999 0.0 0.0 0.0 0.0 0.0 0.35 0.35 0.0 0.0 
0.10604810797635517 0.1677177226002268 0.13984810271396117 0.0 0.0 0.15058928695731705 0.0 0.0 0.19965359133557345 0.1389799750621945 0.0 
0.21962080940994005 0.11634453256641931 0.0 0.14152617088219474 0.0 0.0 0.0 0.2679375654284338 0.25457092171301204 0.0 0.0 
0.24648998185361531 0.11671247434742849 0.0 0.11337703019536055 0.0 0.0 0.0 0.26685273021778805 0.25656778338580766 0.0 0.0 
0.19938572668741755 0.11978996424604191 0.0 0.12174556851423442 0.0 0.10334770636775342 0.0 0.19256732193932952 0.2631637122452233 0.0 0.0 
0.11934171516620998 0.18123118514962783 0.15111603593730047 0.0 0.0 0.1627226659353354 0.0 0.0 0.21479589469869664 0.15657384569841104 0.0 
0.12380911783135097 0.18738817716626313 0.1605586180622822 0.0 0.0 0.16039251722184475 0.0 0.0 0.19870749234613194 0.1635566064080216 0.0 
0.1834257249789684 0.13963366158546245 0.0 0.0 0.0 0.0 0.0 0.35 0.32450515935048485 0.0 0.0 
0.1318230268773685 0.12330551628643978 0.0 0.10507683432761439 0.0 0.0 0.0 0.34653398106356376 0.29326064144501374 0.0 0.0 
0.2265475854374311 0.11001566057191808 0.0 0.15618538689763223 0.0 0.0 0.0 0.2521251747126935 0.25512619238032513 0.0 0.0 
0.13046009687398832 0.17277990572612248 0.0 0.0 0.0 0.0 0.0 0.3477543542997502 0.34900564310013904 0.0 0.0 
0.19716024020526926 0.14664350513354585 0.0 0.0 0.0 0.0 0.0 0.34982253744508784 0.30637371721609713 0.0 0.0 
0.1710160045433962 0.13307628684111966 0.0 0.1201238723874176 0.0 0.10686063505193653 0.0 0.20078517007872482 0.2681380310974052 0.0 0.0 
0.14344855048812302 0.15883726119554567 0.0 0.0 0.0 0.0 0.0 0.35 0.34735973080832827 0.0 0.0 
0.14316390219113215 0.15873633019065087 0.0 0.0 0.0 0.0 0.0 0.35 0.34803926159077136 0.0 0.0 
0.1311982651004491 0.1720274067714164 0.0 0.0 0.0 0.0 0.0 0.3476752952993903 0.34763058826546384 0.0 0.0 
0.17960404651122774 0.1217532693774965 0.0 0.10141283747226008 0.0 0.0 0.0 0.3388628512128122 0.2583669954262035 0.0 0.0 
0.218768143840195 0.11488350793486794 0.0 0.11499968464055413 0.0 0.0 0.0 0.3042740329365793 0.2470746306478036 0.0 0.0 
0.19273610016331244 0.1168693845785563 0.0 0.13560782696029366 0.0 0.10293993286307758 0.0 0.1953080880710691 0.25653866736369074 0.0 0.0 
0.15474161727063426 0.12122827176784529 0.0 0.10298121170596164 0.0 0.0 0.0 0.3484902886178457 0.2725586106377131 0.0 0.0 
0.2332120166329549 0.11587165685106145 0.0 0.11862204602057216 0.0 0.0 0.0 0.3101802961182605 0.22005404856638727 0.0 0.0 
0.22890170181256542 0.10749234925549776 0.0 0.15260313004283968 0.0 0.0 0.0 0.26172274984615423 0.24928006904294286 0.0 0.0 
0.2142856303316209 0.1107200223455689 0.0 0.10229370855986186 0.0 0.0 0.0 0.3277811564155804 0.244919482347368 0.0 0.0 
0.15934700453257994 0.11900842182651226 0.0 0.10681648072482962 0.0 0.0 0.0 0.35 0.2633901796615174 0.0 0.0 
0.17812279520097266 0.12312424790839838 0.0 0.10630926262500748 0.0 0.0 0.0 0.3361472313409747 0.2562964629246467 0.0 0.0 
0.0 0.2597903214307337 0.0 0.0 0.0 0.0 0.0 0.35 0.35 0.0 0.0 
0.19030855831364335 0.14488168456947864 0.0 0.0 0.0 0.0 0.0 0.3481351558076537 0.3123803537121398 0.0 0.0 
