-0.00733723262954786 1.2188583180098599E-5 
-0.014376639884278657 4.223277371436596E-4 
-0.014159828615002843 3.611162395580885E-4 
-0.014168336937172354 3.859147258552919E-4 
-0.013144890987173485 2.2146196918477825E-4 
-0.014078914781674851 3.505706155377933E-4 
-0.012276248613669664 1.4786458296201646E-4 
-0.008774516037966106 2.2482801105532652E-5 
-0.013856891770965142 3.0868581232218717E-4 
-0.013582957364648759 2.6555350220652026E-4 
-0.008623186013848655 1.8636996483620306E-5 
-0.01353894241196305 2.5965305689795357E-4 
-0.013463952760823279 2.503211002847841E-4 
-0.009573318845942681 3.135779171202403E-5 
-0.007779256557558925 1.3701396589202301E-5 
-0.013654905176226622 2.7566058097407934E-4 
-0.011358929185369404 9.196430844092714E-5 
-0.013926807533971044 3.2235172837923184E-4 
-0.011463780528697108 9.538075416830144E-5 
-0.013226721120409134 2.3182961474516376E-4 
-0.009211063928611854 2.7195672331099797E-5 
-0.009063591066657134 2.324249436682384E-5 
-0.007617054612606755 1.3238032222852602E-5 
-0.012766303333402063 1.879986686747339E-4 
-0.014330127947486958 4.132559044594857E-4 
-0.012714674540525292 1.80722105931016E-4 
-0.009459035129621502 3.0132261689248188E-5 
-0.012349267741589317 1.549182847785893E-4 
-0.008960425128139292 2.2556431719498193E-5 
-0.012996015248572116 2.1136045083733053E-4 
-0.014208693197078973 3.9319044543738876E-4 
-0.00932102726960903 2.822205467670584E-5 
-0.009946854922445682 3.994203652590313E-5 
-0.007482898116944956 1.2721658830604481E-5 
-0.012667413399256424 1.756901389619151E-4 
-0.009816896279033743 3.812611360102714E-5 
-0.00797327755145135 1.4090998807363002E-5 
-0.008237709608170166 1.5218350554222399E-5 
-0.011697150116126752 1.2035470706551698E-4 
-0.012147533545339175 1.401417813589188E-4 
-0.011074992657923255 7.877251940257679E-5 
-0.01029296380827804 5.154459166307081E-5 
-0.011684343659383974 1.1219441504490432E-4 
-0.011623789421284546 1.0909335667901642E-4 
-0.01041853065899915 5.355513074231534E-5 
-0.012173473725067687 1.4121782837770537E-4 
-0.011160150380728746 8.025456648158154E-5 
-0.013688991415593698 2.809420381691348E-4 
-0.011265827679906706 8.53739289563422E-5 
-0.014004952805062773 3.346564751420151E-4 
-0.010679252965833093 6.316033533635632E-5 
-0.014293527130600999 4.070770203983036E-4 
-0.012600387842565348 1.704151368727667E-4 
-0.013961430646129596 3.3074584821697763E-4 
-0.010048772579737757 4.198162615253403E-5 
-0.01383526929992649 3.041654988369595E-4 
-0.010249843331924979 4.732320667582757E-5 
-0.011521725747450088 1.0270180244645885E-4 
-0.012930959986969748 2.0555108734273444E-4 
-0.01186193124236771 1.2423269624773302E-4 
-0.0124217581778842 1.5704868191956345E-4 
-0.011813466022461893 1.2113401963294663E-4 
-0.008460707538856267 1.8265551005083867E-5 
-0.010497980954574732 5.500524993429356E-5 
-0.013403850418707087 2.4559977639138726E-4 
-0.014225640119684434 4.000710699293755E-4 
-0.012790572996133103 1.9449125082306108E-4 
-0.013771558278462156 2.920995206571035E-4 
-0.012556350512089687 1.6772441694649177E-4 
-0.008309907433585196 1.5772664512046836E-5 
-0.011931276617637642 1.2815037055002605E-4 
-0.011566367699805274 1.0362092975647283E-4 
-0.009737471264978237 3.557164224271925E-5 
-0.014049138238639774 3.434692126425673E-4 
-0.010595821044772418 6.0334412851485314E-5 
-0.013272554289866418 2.3405004614978345E-4 
-0.014360362685772825 4.2135569882704885E-4 
-0.0080460515545679 1.4657309888036661E-5 
-0.01283733881456862 1.9646737107626471E-4 
-0.0140294922546031 3.4135817076327596E-4 
-0.01204597978445403 1.3243614303115793E-4 
-0.00842533421878087 1.6835240094095352E-5 
-0.011242994549133533 8.410546736247219E-5 
-0.012477194390448601 1.6132131439361614E-4 
-0.010573002029379261 5.743860712333632E-5 
-0.012502315631725276 1.6354010329456368E-4 
-0.011983649536397656 1.296144477187866E-4 
-0.014269720613441249 4.0233762124485E-4 
-0.013095055838402416 2.1522549522677705E-4 
-0.013385198798773422 2.4209260129404067E-4 
-0.013692608462241723 2.8814193425026553E-4 
-0.010763481974886841 6.50228751478346E-5 
-0.013957498960386134 3.230502934722789E-4 
-0.012845023925677067 2.028280792026747E-4 
-0.011001434327771148 7.341821746669131E-5 
-0.013078108761977484 2.144851857117054E-4 
-0.010134280801584267 4.651059624030183E-5 
-0.010928357080348053 7.080296488417227E-5 
-0.010851809783724515 6.820134310662717E-5 
-0.009737471264978237 3.557164224271925E-5 
