0.10860747225597438 0.0 0.0 0.0 0.1562420672337711 0.0 0.0 0.10743539918081005 0.14026740721064937 0.0 0.12198217475439001 
0.10844344813664104 0.19161802567571215 0.0 0.0 0.0 0.0 0.0 0.35 0.34976737136630226 0.0 0.0 
0.1895465070576285 0.0 0.0 0.22140131878312985 0.1668684636220507 0.0 0.0 0.15020882052373705 0.15616838759454857 0.0 0.0 
0.19399135414878013 0.0 0.0 0.2219028698822192 0.18171988892981386 0.0 0.0 0.17493056482940647 0.17408347718549516 0.0 0.0 
0.17021051942478227 0.10340864579043904 0.0 0.15238051632568866 0.12012320344922785 0.0 0.0 0.2860667237312518 0.16781039127861033 0.0 0.0 
0.12182465809242292 0.22756441368777672 0.0 0.0 0.0 0.0 0.0 0.35 0.30003496506707766 0.0 0.0 
0.12432213757708009 0.2156009934944275 0.0 0.13299716274389686 0.0 0.0 0.0 0.34923836096391 0.17784134522068554 0.0 0.0 
0.10767399362129056 0.19532508681617075 0.0 0.0 0.0 0.0 0.0 0.34825664230739345 0.3487442772551452 0.0 0.0 
0.11333629766493386 0.19931671408327425 0.0 0.0 0.0 0.0 0.0 0.35 0.3372518048681948 0.0 0.0 
0.15327391516147038 0.11204108971527445 0.0 0.1689712962870973 0.11637637547527946 0.0 0.0 0.3194022951466266 0.1299350282142517 0.0 0.0 
0.12386332338448544 0.18931685041048332 0.0 0.0 0.0 0.0 0.0 0.3499942402958591 0.3368255859091722 0.0 0.0 
0.19492878425585697 0.0 0.0 0.2408412991773137 0.17160124761660336 0.0 0.0 0.2256779928538151 0.1654629895818184 0.0 0.0 
0.11840461887736568 0.2551635906646737 0.0 0.0 0.0 0.0 0.0 0.35 0.27617026770742287 0.0 0.0 
0.15286010775252099 0.3293807570693026 0.0 0.0 0.0 0.0 0.0 0.33693202858900073 0.18082710658917572 0.0 0.0 
0.12363247817112027 0.20471537622978828 0.0 0.10495520272531866 0.0 0.0 0.0 0.3496203096989134 0.2170766331748595 0.0 0.0 
0.14700302619171787 0.19163442663537156 0.0 0.10124858656344653 0.0 0.0 0.0 0.3480994477788408 0.2120145128306234 0.0 0.0 
0.13542856624848587 0.2394505656945064 0.0 0.12609127720547358 0.0 0.0 0.0 0.35 0.14425046292783614 0.0 0.0 
0.19358288815531766 0.0 0.0 0.2256501008772257 0.1743961891385567 0.0 0.0 0.22170850379339407 0.18466231803550584 0.0 0.0 
0.13292364902075093 0.2529172741762541 0.0 0.0 0.0 0.0 0.0 0.3487159079198398 0.2654431688831551 0.0 0.0 
0.12604474081240394 0.28664976378688317 0.0 0.0 0.0 0.0 0.0 0.34293282067776154 0.2443726747229515 0.0 0.0 
0.175942840691338 0.1041576789351591 0.0 0.18770111984718005 0.1591069242236761 0.0 0.0 0.22627762776261848 0.1468138085400283 0.0 0.0 
0.17162275604895239 0.10505101417474404 0.0 0.18260061545443837 0.15513960781596497 0.0 0.0 0.23877890883609007 0.14680709766981032 0.0 0.0 
0.10367446756560382 0.2351573277430811 0.0 0.0 0.0 0.0 0.0 0.35 0.31116253278831507 0.0 0.0 
0.10113410662485067 0.24362081483193068 0.0 0.0 0.0 0.0 0.0 0.34784473969529034 0.30740033884792844 0.0 0.0 
0.14731106602788907 0.14833274512096722 0.0 0.12889418496815355 0.10382708648505681 0.0 0.0 0.3414672832039992 0.13016763419393407 0.0 0.0 
0.12546458863298232 0.3243204057992511 0.0 0.0 0.0 0.0 0.0 0.35 0.1999241158443006 0.0 0.0 
0.10547918389009209 0.2275974837417657 0.0 0.0 0.0 0.0 0.0 0.35 0.3168465160945073 0.0 0.0 
0.14165542489642377 0.34760389375182843 0.0 0.0 0.0 0.0 0.0 0.34830183394569014 0.16243884740605766 0.0 0.0 
0.11273674667298579 0.2335613956265629 0.0 0.0 0.0 0.0 0.0 0.35 0.30295408269241636 0.0 0.0 
0.11584199123563936 0.24925556104795496 0.0 0.0 0.0 0.0 0.0 0.35 0.283314593917718 0.0 0.0 
0.12768777611069942 0.23218209658314257 0.0 0.10253313165594914 0.0 0.0 0.0 0.3443306334519121 0.19326636219829676 0.0 0.0 
0.14856985087762917 0.19978845353970517 0.0 0.18168318725183052 0.0 0.0 0.0 0.3345336727392552 0.13542483559157995 0.0 0.0 
0.12364190264607065 0.27339791399033664 0.0 0.0 0.0 0.0 0.0 0.34778734024685853 0.25517284311673427 0.0 0.0 
0.12555447888196844 0.22628764562541936 0.0 0.10979584639116563 0.0 0.0 0.0 0.35 0.17994401179197522 0.0 0.0 
0.16758797471647457 0.1058425105153914 0.0 0.17678340437228 0.14302894291043738 0.0 0.0 0.27884127623020105 0.12791589125521577 0.0 0.0 
0.16213569830506533 0.10570244543200082 0.0 0.17308971335656637 0.12465923235983604 0.0 0.0 0.30867658175577184 0.12573632879075958 0.0 0.0 
0.1732946345146157 0.20628308314858285 0.0 0.162643323868336 0.0 0.0 0.0 0.34535300461716106 0.1124259538513045 0.0 0.0 
0.1395643895792718 0.22128439782644685 0.0 0.12091105477917997 0.0 0.0 0.0 0.35 0.1635347666068224 0.0 0.0 
0.173186933496508 0.10144864827575188 0.0 0.17563245055695628 0.1339814646327575 0.0 0.0 0.2929152727724401 0.12283523026558611 0.0 0.0 
0.11397425904607111 0.2111561179519822 0.0 0.0 0.0 0.0 0.0 0.3487689399514967 0.32610068305045004 0.0 0.0 
0.200950454550645 0.0 0.0 0.229863247074019 0.18823877198842903 0.0 0.0 0.1812058927652542 0.1803284173342736 0.0 0.0 
0.15685135742377496 0.1664348663699753 0.0 0.18485585233530066 0.0 0.0 0.0 0.35 0.13878373730961777 0.0 0.0 
0.15027978825590974 0.11951379965149891 0.0 0.15303931276682725 0.10109386305862182 0.0 0.0 0.3312230626891419 0.1448501735780004 0.0 0.0 
0.1557225797137979 0.1981279591114295 0.0 0.14381071175410182 0.0 0.0 0.0 0.35 0.15161118424688447 0.0 0.0 
0.14883662512698423 0.11448040968081578 0.0 0.15247193792314467 0.10322977822205705 0.0 0.0 0.3353954419928197 0.14558580705417856 0.0 0.0 
0.17020735353526686 0.10630506114634866 0.0 0.18615000321180952 0.15846446375725273 0.0 0.0 0.23272174524590317 0.14615137310341908 0.0 0.0 
0.20492878130564043 0.0 0.0 0.2344139762966505 0.19196543856703246 0.0 0.0 0.1847933255628703 0.18389847826780642 0.0 0.0 
0.19672883345834735 0.0 0.0 0.24555729559806064 0.17494475261708672 0.0 0.0 0.2088426731936372 0.17392644513286803 0.0 0.0 
0.12851372739684194 0.13348093576078687 0.0 0.10621638185869654 0.10444100402898576 0.0 0.0 0.34185301852923344 0.18549493242545548 0.0 0.0 
0.13781205446545344 0.26288047107195883 0.0 0.0 0.0 0.0 0.0 0.3482742797313998 0.25103319473118807 0.0 0.0 
0.17420887033444551 0.2043902192054051 0.0 0.14314794535721806 0.0 0.0 0.0 0.32591115968424267 0.15234180541868875 0.0 0.0 
0.18388797399005474 0.10367024379816558 0.0 0.1535985214940507 0.10980772050507191 0.0 0.0 0.31808598861932347 0.12888167927130312 0.0 0.0 
0.11037870709338228 0.25435928898689153 0.0 0.0 0.0 0.0 0.0 0.35 0.2852101029985377 0.0 0.0 
0.1242642214392567 0.27989332734307015 0.0 0.0 0.0 0.0 0.0 0.35 0.24138754659935974 0.0 0.0 
0.19680808296792993 0.0 0.0 0.22512487022028538 0.1717332434662608 0.0 0.0 0.17747053350722314 0.176611146262696 0.0 0.0 
0.12993102122276995 0.31254447350294573 0.0 0.0 0.0 0.0 0.0 0.35 0.19850920965511495 0.0 0.0 
0.12342644718338913 0.2123750108463616 0.0 0.10376195967380446 0.0 0.0 0.0 0.3489460395289174 0.2114905427675274 0.0 0.0 
0.1499810821837594 0.14335826441596197 0.0 0.152435566724417 0.10126765351898323 0.0 0.0 0.3375691006025698 0.11538833255430876 0.0 0.0 
0.1697157712464718 0.10492178623412557 0.0 0.18309015983585755 0.1523580905443455 0.0 0.0 0.25056123265000635 0.13935295948919343 0.0 0.0 
0.13857955856523255 0.21858436017758834 0.0 0.12938508934490195 0.0 0.0 0.0 0.3441892748722914 0.1692617170399857 0.0 0.0 
0.1380051572403023 0.20660487753808493 0.0 0.15572721473407963 0.0 0.0 0.0 0.3384304830057017 0.1612322674818315 0.0 0.0 
0.14177140060468285 0.23279281575483068 0.0 0.0 0.0 0.0 0.0 0.3495164477159957 0.27591933592449064 0.0 0.0 
0.1423082961313838 0.3167347205869252 0.0 0.0 0.0 0.0 0.0 0.35 0.18887213368629982 0.0 0.0 
0.14806855110705855 0.32022684217505815 0.0 0.0 0.0 0.0 0.0 0.35 0.17942576586348075 0.0 0.0 
0.14795006268565844 0.12061389649355175 0.0 0.12421300769241299 0.10648918868089736 0.0 0.0 0.349425093538214 0.15130875090926552 0.0 0.0 
0.14642454289681206 0.12121869134516682 0.0 0.12305874408544117 0.1045725856294804 0.0 0.0 0.34992215266097304 0.15480328338212654 0.0 0.0 
0.13416572201545324 0.21671053421742606 0.0 0.1654629330507319 0.0 0.0 0.0 0.34658890305639817 0.13707190765999072 0.0 0.0 
0.12818774733548258 0.15345273641982787 0.0 0.12583279497145353 0.10471186425889326 0.0 0.0 0.34507018606682593 0.14274467094751675 0.0 0.0 
0.12400248602826518 0.21220085545512682 0.0 0.11409145954770794 0.0 0.0 0.0 0.3479903582531677 0.20171484071573248 0.0 0.0 
0.13410695582075746 0.34466761180071365 0.0 0.0 0.0 0.0 0.0 0.3469485109919521 0.17427692138657677 0.0 0.0 
0.1199499456312113 0.306103160105879 0.0 0.0 0.0 0.0 0.0 0.34740248736094254 0.22654440690196717 0.0 0.0 
0.1961340658044496 0.0 0.0 0.24481490550692403 0.17441584448376107 0.0 0.0 0.2082112819299086 0.17340061563495482 0.0 0.0 
0.1246876787639621 0.1336545321919787 0.0 0.11390420307322524 0.10499201435124075 0.0 0.0 0.3452570378549822 0.1775045337646109 0.0 0.0 
0.14421068050895425 0.12185579852126653 0.0 0.11735909457024098 0.10042801684384964 0.0 0.0 0.34922707929756125 0.1669193302581273 0.0 0.0 
0.1309671588798912 0.21300785088371516 0.0 0.16002907728693674 0.0 0.0 0.0 0.34958530430037976 0.146410608649077 0.0 0.0 
0.14624661219851712 0.14726090874897754 0.0 0.1279628095292768 0.10307684318846273 0.0 0.0 0.3462257693860727 0.1292270569486931 0.0 0.0 
0.12251123779239835 0.30401779131881007 0.0 0.0 0.0 0.0 0.0 0.3400513461551324 0.2334196247336592 0.0 0.0 
0.2129785723294044 0.0 0.0 0.22796776779595487 0.1879260610991649 0.0 0.0 0.1957637868377568 0.17536381193771894 0.0 0.0 
0.14470587076636948 0.2421085219498171 0.0 0.0 0.0 0.0 0.0 0.35 0.2626105128401039 0.0 0.0 
0.14421068050895425 0.12185579852126653 0.0 0.11735909457024098 0.10042801684384964 0.0 0.0 0.34922707929756125 0.1669193302581273 0.0 0.0 
0.16150829174540376 0.11496974815232179 0.0 0.1553746352177167 0.10230098298498165 0.0 0.0 0.32804935832332854 0.13779698357624745 0.0 0.0 
0.17040950355061665 0.10527630494921787 0.0 0.18284696585519003 0.14389877101405876 0.0 0.0 0.27604312525707936 0.12152532937383734 0.0 0.0 
0.1466640406940201 0.10646472959648065 0.0 0.1813145505501646 0.1062105747733528 0.0 0.0 0.3249815569449368 0.13436454744104498 0.0 0.0 
0.14094065672681858 0.21058723353678818 0.0 0.15975479384481292 0.0 0.0 0.0 0.3433180534271476 0.1453992624644326 0.0 0.0 
0.11397425904607111 0.2111561179519822 0.0 0.0 0.0 0.0 0.0 0.3487689399514967 0.32610068305045004 0.0 0.0 
0.1769525816788181 0.11188727855876744 0.0 0.20630860346455568 0.1122330329969699 0.0 0.0 0.2439168675751303 0.14870163572575854 0.0 0.0 
0.12417546344666512 0.31594698059709697 0.0 0.0 0.0 0.0 0.0 0.34936130212120015 0.21051625383503778 0.0 0.0 
0.15995822082129346 0.11992894170205959 0.0 0.1804788654144682 0.15890284199900956 0.0 0.0 0.261923642794159 0.11880748726901029 0.0 0.0 
0.12662037135980697 0.2282087105005854 0.0 0.1107279562434655 0.0 0.0 0.0 0.35 0.18147164322582843 0.0 0.0 
0.1515729402626433 0.29869760546174273 0.0 0.0 0.0 0.0 0.0 0.35 0.1961029547928539 0.0 0.0 
0.1694969958536538 0.10677682961826289 0.0 0.16378232330926437 0.1446994983705265 0.0 0.0 0.2837324453294622 0.1300382008563236 0.0 0.0 
0.14698472079998373 0.11864341346079549 0.0 0.16741074876515308 0.11203850448683154 0.0 0.0 0.34033544528095705 0.11458716720627907 0.0 0.0 
0.14642454289681206 0.12121869134516682 0.0 0.12305874408544117 0.1045725856294804 0.0 0.0 0.34992215266097304 0.15480328338212654 0.0 0.0 
0.18386477525255643 0.10531405325053657 0.0 0.18342214995942635 0.1441579522843092 0.0 0.0 0.2667103671598292 0.11653070209334215 0.0 0.0 
0.16675262855797296 0.1080858986978554 0.0 0.19279814106163157 0.10546072380690796 0.0 0.0 0.2928121690695822 0.13409043880604987 0.0 0.0 
0.14177140060468285 0.23279281575483068 0.0 0.0 0.0 0.0 0.0 0.3495164477159957 0.27591933592449064 0.0 0.0 
0.15848019801390464 0.1041693004261701 0.0 0.18705513890449865 0.14363386520060872 0.0 0.0 0.2648229796379906 0.14183851781682733 0.0 0.0 
0.12300386752204628 0.21457258965211715 0.0 0.11345355643454487 0.0 0.0 0.0 0.3471279169807149 0.20184206941057672 0.0 0.0 
0.1612241550827649 0.11472524224901365 0.0 0.19621701887714 0.10904196427126929 0.0 0.0 0.2834614083712737 0.1353302111485385 0.0 0.0 
0.15483052061255254 0.1426942224687648 0.0 0.14649122808584297 0.10016147522940791 0.0 0.0 0.31320783604468627 0.14261471755874558 0.0 0.0 
