0.0013701831474222258 6.900762192209345E-5 
-0.010043500046012916 4.523169009695726E-4 
-0.00951728289574751 3.6466249891280053E-4 
-0.009590766962151966 4.4189347673432504E-4 
-0.004202287168764362 1.276738130411711E-4 
-0.005823480125251419 1.7842113171909777E-4 
-0.009098886240208555 3.2635321931102944E-4 
-0.0012767116747842782 8.345214021738992E-5 
-0.0023131378577524097 1.0025932667666372E-4 
-0.0019419246973538854 9.134903253495106E-5 
-0.008369404634331584 2.714511888619241E-4 
-0.008479591715598318 2.7760716521099503E-4 
-0.003123020093777086 1.0417942761146176E-4 
-0.0055013291181275625 1.5699205281859567E-4 
-0.002693627481525925 1.0129494980509656E-4 
-0.006681264253259535 1.9764640582353634E-4 
-0.006844249694947282 2.0135272825626835E-4 
-0.008995271759769028 3.170635213244827E-4 
-0.004636174485054518 1.3166722109043434E-4 
-0.005929333776473871 1.8958619588114136E-4 
4.455552319333181E-4 7.141736125665974E-5 
-0.007347507304681358 2.189449738665933E-4 
-0.008808166553775509 3.0448405208116994E-4 
-0.009896714118253033 4.4675405905705585E-4 
-0.00974104441430389 4.4433000038943615E-4 
-0.008900658323590748 3.093314387570318E-4 
-0.007909895122953451 2.426297034823807E-4 
-0.007828283510784522 2.383357786087761E-4 
-8.397886100240193E-4 7.905785429495171E-5 
-0.008550650896890163 2.8263895430241594E-4 
-0.0028849532046089374 1.0295890295322364E-4 
7.43229503868272E-4 7.108687509566382E-5 
-0.003279435053751505 1.0682741230316574E-4 
-6.490138616162223E-4 7.837560798894616E-5 
-0.005268076598293899 1.5216170382166793E-4 
-0.006971657444860022 2.0441912673059494E-4 
-0.008616097642264162 2.8773200318820747E-4 
-0.0051404239607193885 1.4710261590164623E-4 
-0.005600679706147211 1.6248075387412665E-4 
-0.005754844583667905 1.6896804627557972E-4 
-0.004769848420424144 1.33203663885944E-4 
9.94491748666291E-4 6.939961912556932E-5 
-0.004911767459150329 1.4637854906259396E-4 
0.0011944393167426831 6.9173410713898E-5 
-0.005321127620576734 1.5488460890345342E-4 
-0.007637572982477822 2.2983295127817292E-4 
-0.00652844430798812 1.9538248036375964E-4 
-0.006337269589665494 1.9232632680294336E-4 
-0.003609801866001546 1.1077174528588178E-4 
-0.004016214809188777 1.250413285290197E-4 
-0.005822504223024709 1.7306718322984287E-4 
-0.00872846754003931 2.997468912054111E-4 
-0.005722333088767062 1.6305341196953398E-4 
-0.001001029404235125 8.129660739956455E-5 
-0.00867394661503993 2.9216792551074993E-4 
-0.0017115649039749518 8.875025688040175E-5 
-0.008243653625250705 2.624174154745358E-4 
-0.009158458210276854 3.3102283929727165E-4 
-0.0022931054802676656 9.685839307236436E-5 
-0.0034026989282246577 1.0906867678482261E-4 
-0.008157973806270187 2.597526493082154E-4 
-0.007251598915058159 2.1355218052422108E-4 
-0.008957338178843557 3.146033684889129E-4 
-4.690102215470788E-4 7.762630325277258E-5 
-0.007188101302805904 2.1104761524674877E-4 
-0.004875034891592841 1.369743781333254E-4 
-3.970123003930949E-4 7.605071752237479E-5 
-0.007530905877087657 2.2588395279151554E-4 
-0.009978311539495091 4.5170022296548573E-4 
-0.0014486219500726481 8.676879489005992E-5 
-0.006064403557606068 1.9063130421975E-4 
-0.0020987309193716336 9.337632950181679E-5 
-0.008107955488214549 2.538512359263796E-4 
8.251149200076452E-4 6.98279286901008E-5 
-0.007530905877087657 2.2588395279151554E-4 
-0.0021557794288638568 9.436941442040681E-5 
-0.008018686232554743 2.4876207083277105E-4 
-0.007734906636439322 2.3367093789426624E-4 
-0.007996004921938051 2.476397813163947E-4 
-0.0017115649039749518 8.875025688040175E-5 
-0.00936449474038004 3.507048136942985E-4 
-0.0039457424672103055 1.2006297718777341E-4 
-0.009443332790070496 3.5726105426318893E-4 
-0.008721410322491784 2.956741822001957E-4 
3.0264930697834974E-4 7.195361416796264E-5 
-0.009413390997933006 3.5440842022165344E-4 
-0.003767829540601949 1.1337070272547039E-4 
-0.0014228029999322866 8.518554059218424E-5 
-0.003865407785994385 1.1916451112426582E-4 
-0.0037902413979324797 1.1384456071505996E-4 
-0.0092466342433333 3.405917519052596E-4 
7.071150176011739E-5 7.272300412544205E-5 
-0.004117853321614546 1.2604248658886985E-4 
-0.0035284611380863974 1.0956994291166634E-4 
-0.007345508260176197 2.1670022930816128E-4 
-2.49600738215595E-4 7.437147892848237E-5 
1.9848105893051902E-4 7.239891371395845E-5 
-0.004636174485054518 1.3166722109043434E-4 
-0.005019965740268119 1.4697056183040307E-4 
-0.006434331698339265 1.9377792690009044E-4 
