-0.010043500046012916 4.523169009695727E-4 
-2.635357029196841E-4 8.880676964371886E-5 
-0.010043500046012916 4.523169009695727E-4 
-2.635357029196841E-4 8.880676964371886E-5 
-0.00950862100783183 3.6373290728022064E-4 
-0.009590766962151966 4.4189347673432504E-4 
-0.009420337539759037 3.5559233913319056E-4 
-0.0051426715329392575 1.4421004689866798E-4 
-0.004494134996134155 1.3208421046804385E-4 
-0.002996250636724422 1.0374536050542986E-4 
-0.007030559959573617 2.0743880386345578E-4 
-0.003289131046213417 1.057578202621641E-4 
-0.006667212937803124 1.9720896812010848E-4 
-0.009327066491657229 3.46289897081896E-4 
-0.004934143604332681 1.3837376238777423E-4 
-0.0010870667914846535 9.096927364579305E-5 
-0.008751925975522188 2.97643170156597E-4 
-0.008478488059296697 2.775494373660464E-4 
-0.0013711850269432571 9.241174735035904E-5 
-0.004169256802138729 1.317393999934788E-4 
-0.008309547163264009 2.663308781018805E-4 
-0.008400156158056398 2.7378974555720124E-4 
-0.0055673753627734105 1.5711680073221337E-4 
-0.009108171375181523 3.274271853916548E-4 
-0.008583961610113 2.8534259081074143E-4 
-0.007395975481618194 2.2229785219813258E-4 
-0.00884826393998579 3.055441367192951E-4 
-0.00903166594256681 3.20084279577198E-4 
-0.005703147706790421 1.6365714483191032E-4 
-0.009159308799951657 3.324829589195646E-4 
-0.0052690974231572605 1.4689177486325712E-4 
-0.006137420969843357 1.9047651882326083E-4 
-0.006901101827071369 2.037699279651142E-4 
-0.00819397132837289 2.6389462956206435E-4 
-0.006789759560480532 2.0089892798586472E-4 
-0.006390128342603842 1.9403068326875444E-4 
-0.007326475381262608 2.1682603188063394E-4 
-0.00752793881655974 2.2601569241831207E-4 
-0.002422667437752349 1.002584463810491E-4 
-0.006087545822111469 1.8204507119334225E-4 
-5.385798526738794E-4 8.909348639437777E-5 
-0.005895456977248156 1.7550321602138324E-4 
-0.006003523461913764 1.787714090894683E-4 
-0.009957641635509096 4.4880874506722984E-4 
-0.007218314333818786 2.1209909969036045E-4 
-0.00196012539654283 9.919472094749909E-5 
-0.006444140796251924 1.9418393315038076E-4 
-0.008682373572240014 2.932601669111733E-4 
-0.005388631782487368 1.5175061161465487E-4 
-0.00812660173658392 2.5486312645044465E-4 
-0.0026672211514308553 1.0123165875982727E-4 
-0.0057935226902803855 1.695027076295172E-4 
-0.003406573983395348 1.0844123036428396E-4 
-0.008890768720384273 3.0860217672071326E-4 
-0.004692024071262238 1.3290934322632443E-4 
-0.007723599962373023 2.340936460481124E-4 
-0.005587142452247579 1.6156064574599465E-4 
-0.008628954774756066 2.889285886574724E-4 
-0.008148579956893262 2.568736489508747E-4 
-9.248258777961439E-4 9.041345401871523E-5 
-0.0036165298651731495 1.1005836157567948E-4 
-0.009790470617935452 4.4403464528186223E-4 
-0.008955595292239386 3.137487139270341E-4 
-0.008014426072168858 2.4913675993129406E-4 
-0.00369571661104606 1.143659684007902E-4 
-0.009857743471438874 4.4562910619142546E-4 
-0.0077615348647990376 2.3999951264670256E-4 
-7.217234860450836E-4 8.952593821735455E-5 
-0.0075802115374972515 2.302706227484051E-4 
-3.6977923988557905E-4 8.888760347836708E-5 
-0.00484198143391186 1.3666170635632456E-4 
-0.009251811521860326 3.430565727201476E-4 
-0.006099487779249802 1.8928844562961578E-4 
-0.0038993377873523492 1.1808420608998284E-4 
-0.0025155417379104407 1.0112336359108224E-4 
-0.0018394858693941895 9.833776236542184E-5 
-0.00587973633550919 1.696833032376202E-4 
-0.009174200763683103 3.4055340050283305E-4 
-0.009620277445795859 4.432608661250278E-4 
-0.007933242723068563 2.455354453852036E-4 
-0.0015175471386996054 9.32185168910813E-5 
-0.0015947193737472758 9.357300778689355E-5 
-0.003525995613575113 1.092906921187558E-4 
-0.004729320305832502 1.3551863927940846E-4 
-0.005367422773569118 1.5140424312507132E-4 
-0.0018394858693941895 9.833776236542184E-5 
-0.0021792913411378106 9.920985515834676E-5 
-0.00897775442669089 3.164422999698714E-4 
-0.00765683417197233 2.317916031285797E-4 
-0.0021792913411378106 9.920985515834676E-5 
-0.007235375682645052 2.1335542679626573E-4 
-0.004029390954648104 1.2145956234110323E-4 
-0.003790414473676806 1.1464111799803806E-4 
-8.101218732956964E-4 8.987134225615299E-5 
-0.007904653822204228 2.4248998991072634E-4 
-0.004016515876979497 1.2128078378676247E-4 
-0.004130315848605489 1.256665674925623E-4 
-0.002836097813935637 1.0231385546408177E-4 
-0.00785489287361692 2.4011010822522363E-4 
-0.0015947193737472758 9.357300778689355E-5 
