-0.010043500046012916 4.523169009695727E-4 
-0.010043500046012916 4.523169009695727E-4 
0.0012561848110829049 6.910058871003115E-5 
-0.009508321210928117 3.637010307876114E-4 
-0.009590766962151966 4.4189347673432493E-4 
-0.007970688761352786 2.459804001006542E-4 
-0.00811370619997653 2.542083097733351E-4 
-0.008935796269858538 3.12590926935859E-4 
-0.009844712600639523 4.4528589261095424E-4 
-0.001981158721230867 9.211010634274888E-5 
3.2408746056380435E-4 7.171711268169747E-5 
-0.0038532825956272337 1.198341558062209E-4 
-0.0022276762499829636 9.568878342957289E-5 
-0.008611192442979974 2.877082019144854E-4 
-0.003500073519465554 1.1003485132994137E-4 
-6.372579532530605E-4 7.715370876721297E-5 
-0.00938445122468272 3.5223423603244716E-4 
-0.009246346628564281 3.3893699423726703E-4 
-9.250851087188054E-4 7.955480857813842E-5 
-0.002754131196239012 1.020212077335965E-4 
-0.005899655047604777 1.7630813519516585E-4 
-0.006808469710439244 2.0174974951949094E-4 
-0.00930764575444933 3.445782589204539E-4 
-0.0066696724866356985 1.9799513725727243E-4 
-0.0030895368883931155 1.0399203683294508E-4 
-0.0048937669651891265 1.381215847744694E-4 
-0.00851203786695229 2.801440850387752E-4 
-0.00532895989165682 1.4915050663771547E-4 
-0.005824063877595738 1.6784243432518448E-4 
-0.002292140262325748 1.0054326915729795E-4 
-0.0040310456850190714 1.2133393460135036E-4 
-0.007875262406037135 2.4148180097207647E-4 
-0.0018101614025006578 9.011254043812475E-5 
-0.008452983379927694 2.772950429371907E-4 
0.0010102514451522427 6.970024267564676E-5 
-0.0076699033801924665 2.3071296203320011E-4 
-0.008690326352080242 2.928304017026958E-4 
-0.0025321967123563705 1.0101328745869883E-4 
-0.006506374313807262 1.9589347226681E-4 
-0.004466501177083873 1.3080510684127707E-4 
-0.009169498356818307 3.3202230256558106E-4 
-0.0071922440591617644 2.132041306760704E-4 
-0.0016465377481758138 8.8127601889265E-5 
-0.006084706106455654 1.8158184743002974E-4 
6.348833863926912E-4 7.065995433957273E-5 
-0.0036969071710186503 1.1332961119463211E-4 
-0.004331187730752436 1.3038119973431253E-4 
-0.007566845073138007 2.262249851653989E-4 
-0.00465620438355591 1.360538769542986E-4 
-0.0015211042384777195 8.630254168738318E-5 
-0.006265484675162394 1.9245991874374376E-4 
-0.008751348324268368 2.975411558236475E-4 
-0.00138201258767952 8.485253151084561E-5 
-0.00514267977081072 1.4696784962881686E-4 
7.318210433146022E-4 7.013105436940852E-5 
-0.008278511696001741 2.642351918412933E-4 
-0.007126337827850566 2.0956457550265584E-4 
-0.003381379696467713 1.0632164489654823E-4 
-0.008361357656375804 2.7028385080126176E-4 
-0.0057558655787902134 1.655180963615483E-4 
-0.004641792877413595 1.3379880179916173E-4 
-0.009045236528905622 3.2123319907623237E-4 
-0.006393993082901697 1.933668969449427E-4 
-0.006965927611406504 2.0435557369439053E-4 
-0.0059762287756299284 1.7910164215450403E-4 
-0.005121273098658797 1.4166615658659128E-4 
-0.0041618075108966575 1.279866241536947E-4 
-0.004980864374525312 1.4105155262901563E-4 
1.2285998438794975E-4 7.272842215233605E-5 
-0.0074250997073646175 2.2263436772629124E-4 
-0.004080301530273081 1.275466569558649E-4 
-0.007795000348833606 2.3660101168066644E-4 
-0.008193551433888526 2.590014488477488E-4 
-0.009072331011327353 3.291446377095828E-4 
-0.0011307002890957672 8.303643335991994E-5 
-0.00551545291269952 1.5872913776429016E-4 
-0.0010153966803466909 8.080792535339272E-5 
-0.0073203766422628175 2.1663175401871992E-4 
-0.0012170814143217 8.452688326819548E-5 
-0.008870579390668262 3.068489701872229E-4 
-0.009369615701649505 3.5108885690351857E-4 
4.171694483198697E-5 7.334755668541118E-5 
-0.007748430437708684 2.347059853717545E-4 
-0.006134659874188672 1.871084586985161E-4 
-0.006196871083543812 1.8785748953826137E-4 
-0.009045236528905622 3.2123319907623237E-4 
-0.0032734887422249132 1.0594002452694214E-4 
-1.458773591511708E-4 7.386948954947094E-5 
-5.035984288162658E-4 7.64837760752155E-5 
-0.005664322094492419 1.6152238903679273E-4 
0.00114783826585816 6.950863682171662E-5 
-0.008351639804660171 2.6896224535943094E-4 
-0.0036969071710186503 1.1332961119463211E-4 
-0.005491376802421644 1.5688034126138965E-4 
-0.0026693179132089373 1.0177670127236804E-4 
-0.005289643528956409 1.4796145917550188E-4 
-3.3244750247308726E-4 7.504209695289613E-5 
-0.003151275267476949 1.046081639392149E-4 
-0.00822884024509406 2.6118344363270496E-4 
-2.0647574696051755E-4 7.435738873723888E-5 
