0.0 0.30000000000000016 0.0 0.0 0.0 0.0 0.0 0.35 0.35 0.0 0.0 
0.0 0.20094304249173933 0.0 0.1022195984141168 0.2442008628628256 0.0 0.0 0.3499999999999999 0.10263649623131828 0.0 0.0 
0.0 0.30000000000000016 0.0 0.0 0.0 0.0 0.0 0.35 0.35 0.0 0.0 
0.0 0.19879730991580286 0.0 0.0 0.0 0.1012026900841972 0.0 0.35 0.35 0.0 0.0 
0.0 0.24020462543239954 0.0 0.0 0.0 0.19440363899366672 0.0 0.35 0.21539173557393373 0.0 0.0 
0.0 0.2561917086956581 0.0 0.0 0.0 0.17488912679320018 0.0 0.3492003237711266 0.21971884074001505 0.0 0.0 
0.0 0.21190833450088978 0.0 0.0 0.0 0.1019758675535176 0.0 0.35 0.3361157979455927 0.0 0.0 
0.0 0.23882957694811555 0.0 0.0 0.12141071236041658 0.1430840873924121 0.0 0.35 0.14667562329905579 0.0 0.0 
0.10930542671736128 0.20888852453252504 0.0 0.0 0.0 0.0 0.0 0.35 0.33180604875011366 0.0 0.0 
0.0 0.2237482683605434 0.0 0.0 0.0 0.149781724404832 0.0 0.35 0.2764700072346247 0.0 0.0 
0.0 0.21855079110712342 0.0 0.11164771257118679 0.0 0.1377032665942229 0.0 0.3490524156134172 0.1830458141140498 0.0 0.0 
0.0 0.2226443868056057 0.0 0.0 0.0 0.12098522879138113 0.0 0.35 0.30637038440301323 0.0 0.0 
0.0 0.20210763401362655 0.0 0.0 0.0 0.10300976537061249 0.0 0.34887922567179974 0.3460033749439613 0.0 0.0 
0.0 0.2041494441537466 0.0 0.0 0.0 0.10405043058096729 0.0 0.34983711036760984 0.3419630148976763 0.0 0.0 
0.0 0.19703810960847318 0.0 0.11436250843819395 0.19120201931345135 0.0 0.0 0.34938332238504216 0.14801404025483944 0.0 0.0 
0.0 0.21101961584527223 0.0 0.0 0.0 0.10747907127206904 0.0 0.34764606823387123 0.33385524464878746 0.0 0.0 
0.0 0.2123154070378497 0.0 0.10350341311832763 0.0 0.14425039600913403 0.0 0.35 0.18993078383468862 0.0 0.0 
0.10768198291355 0.22891846708643862 0.0 0.0 0.0 0.0 0.0 0.3499923405984922 0.3134072094015192 0.0 0.0 
0.0 0.2816758300495387 0.0 0.0 0.0 0.18942473582195962 0.0 0.35 0.17889943412850168 0.0 0.0 
0.0 0.22037565418458938 0.0 0.1030539791579745 0.19872565828046235 0.0 0.0 0.3499939766951163 0.12785073168185768 0.0 0.0 
0.0 0.21876061101736513 0.0 0.0 0.0 0.11205732524121258 0.0 0.35 0.3191820637414224 0.0 0.0 
0.0 0.2473469267685059 0.0 0.0 0.1681618938007983 0.11549555073007262 0.0 0.35 0.11899562870062318 0.0 0.0 
0.0 0.24860920265094932 0.0 0.0 0.0 0.16711273684503955 0.0 0.35 0.2342780605040111 0.0 0.0 
0.0 0.30657696638481446 0.0 0.0 0.0 0.0 0.0 0.34997426412592414 0.3434487694892614 0.0 0.0 
0.0 0.2022892065221284 0.0 0.11695555723228349 0.1808151339585939 0.0 0.0 0.35 0.14994010228699425 0.0 0.0 
0.0 0.2100701274827624 0.0 0.1029529246490907 0.21600643800209712 0.0 0.0 0.35 0.12097050986604968 0.0 0.0 
0.0 0.21347291712222788 0.0 0.0 0.0 0.1793416967707624 0.0 0.35 0.25718538610700975 0.0 0.0 
0.0 0.21429137946824162 0.0 0.10897805605064892 0.2015261378943094 0.0 0.0 0.35 0.1252044265867999 0.0 0.0 
0.0 0.24743158616010258 0.0 0.0 0.0 0.12712117256487626 0.0 0.35 0.2754472412750211 0.0 0.0 
0.0 0.240850288253139 0.0 0.0 0.11384149942103314 0.12311378271952932 0.0 0.35 0.17219442960629852 0.0 0.0 
0.0 0.20807460037112271 0.0 0.0 0.0 0.11191501913300354 0.0 0.34914301529590464 0.3308673651999691 0.0 0.0 
0.0 0.2054141668179763 0.0 0.10435430115985773 0.23531130140836234 0.0 0.0 0.35 0.10492023061380353 0.0 0.0 
0.0 0.21919215583616072 0.0 0.1052818578613279 0.0 0.11747661428373886 0.0 0.35 0.20804937201877252 0.0 0.0 
0.11333261927568607 0.21050241064097278 0.0 0.0 0.0 0.0 0.0 0.3483607734981972 0.3278041965851439 0.0 0.0 
0.0 0.22712996342384678 0.0 0.10492088808812225 0.0 0.12887503069626974 0.0 0.35 0.18907411779176134 0.0 0.0 
0.10009198665591527 0.19990801334408487 0.0 0.0 0.0 0.0 0.0 0.35 0.35 0.0 0.0 
0.0 0.2493366607921266 0.0 0.0 0.15997379455613528 0.10961241158316579 0.0 0.3487409718021133 0.1323361612664591 0.0 0.0 
0.0 0.22979935427516007 0.0 0.0 0.0 0.21347756069493384 0.0 0.35 0.20672308502990608 0.0 0.0 
0.0 0.24920388977124708 0.0 0.0 0.1666757060758272 0.1074065089093785 0.0 0.34972142605950957 0.1269924691840375 0.0 0.0 
0.0 0.2280865346561155 0.0 0.0 0.0 0.19147805380361055 0.0 0.35 0.23043541154027405 0.0 0.0 
0.0 0.24539330619334085 0.0 0.0 0.1425258224462526 0.11412052586854703 0.0 0.35 0.1479603454918595 0.0 0.0 
0.0 0.235457171219631 0.0 0.0 0.0 0.1030583441142309 0.0 0.35 0.31148448466613815 0.0 0.0 
0.0 0.2607023941109932 0.0 0.0 0.0 0.1270882563057957 0.0 0.35 0.2622093495832112 0.0 0.0 
0.0 0.24532723446543248 0.0 0.0 0.0 0.16639431411743147 0.0 0.3499999999999999 0.23827845141713597 0.0 0.0 
0.0 0.24212085539118777 0.0 0.0 0.0 0.16503117282576055 0.0 0.35 0.2428479717830517 0.0 0.0 
0.0 0.2281483224625109 0.0 0.10327495046691541 0.20429871576959727 0.0 0.0 0.35 0.11427801130097644 0.0 0.0 
0.0 0.2588616349856532 0.0 0.0 0.0 0.135171111825615 0.0 0.35 0.2559672531887319 0.0 0.0 
0.0 0.2379265458575277 0.0 0.0 0.13843947836312465 0.13269425170290988 0.0 0.35 0.14093972407643784 0.0 0.0 
0.10228563975116116 0.2317935726614276 0.0 0.0 0.0 0.0 0.0 0.35 0.31592078758741127 0.0 0.0 
0.0 0.23113462219551587 0.0 0.0 0.0 0.2160952576347435 0.0 0.35 0.20277012016974064 0.0 0.0 
0.0 0.2298835183706635 0.0 0.0 0.0 0.12319779423007052 0.0 0.35 0.2969186873992661 0.0 0.0 
0.0 0.23354451833904044 0.0 0.0 0.0 0.10821573480813731 0.0 0.35 0.30823974685282235 0.0 0.0 
0.0 0.2544753163879099 0.0 0.0 0.10790628244216904 0.11634406718255037 0.0 0.34931023885642865 0.17196409513094196 0.0 0.0 
0.0 0.24200408733899115 0.0 0.0 0.0 0.1991897923402442 0.0 0.3499999999999999 0.2088061203207648 0.0 0.0 
0.0 0.25020345703600333 0.0 0.0 0.15705262083171562 0.10999346917149119 0.0 0.3499542370551517 0.13279621590563817 0.0 0.0 
0.0 0.24688217338910554 0.0 0.0 0.0 0.2180717978097992 0.0 0.35 0.18504602880109527 0.0 0.0 
0.0 0.2274489741525584 0.0 0.0 0.11381389965437047 0.11828218896151738 0.0 0.34983753110631416 0.19061740612523953 0.0 0.0 
0.0 0.21899381449545424 0.0 0.0 0.0 0.10586828795498775 0.0 0.35 0.325137897549558 0.0 0.0 
0.0 0.18915151473536845 0.0 0.10379425203224321 0.0 0.14454905733398327 0.0 0.35 0.21250517589840504 0.0 0.0 
0.0 0.23730364015418615 0.0 0.0 0.0 0.11471981602079295 0.0 0.35 0.2979765438250208 0.0 0.0 
0.0 0.20880439814116206 0.0 0.10258700589390884 0.0 0.17433606882439032 0.0 0.35 0.1642725271405387 0.0 0.0 
0.0 0.23941264374626345 0.0 0.0 0.0 0.12644933504598307 0.0 0.35 0.28413802120775344 0.0 0.0 
0.0 0.24547796662992663 0.0 0.0 0.13110657041934828 0.11551077768821251 0.0 0.35 0.15790468526251253 0.0 0.0 
0.0 0.25226288857096446 0.0 0.0 0.12860709433003817 0.10798870885320862 0.0 0.34990559187661463 0.16123571636917405 0.0 0.0 
0.10518710637814901 0.20728563112762344 0.0 0.0 0.0 0.0 0.0 0.35 0.3375272624942275 0.0 0.0 
0.0 0.25346448742768896 0.0 0.0 0.0 0.16892143679153546 0.0 0.35 0.22761407578077564 0.0 0.0 
0.0 0.2634614698940055 0.0 0.0 0.14191245940884406 0.11765381428444789 0.0 0.35 0.12697225641270254 0.0 0.0 
0.0 0.20520520770861833 0.0 0.1148733066609045 0.17666439503590536 0.0 0.0 0.35 0.1532570905945719 0.0 0.0 
0.0 0.19779769677915515 0.0 0.11287443186622029 0.1909232086787558 0.0 0.0 0.35 0.14840466267586885 0.0 0.0 
0.0 0.23189947091580299 0.0 0.0 0.1687730128842478 0.12073708066251486 0.0 0.35 0.1285904355374343 0.0 0.0 
0.0 0.24292480846715936 0.0 0.0 0.0 0.1962990295314001 0.0 0.35 0.21077616200144045 0.0 0.0 
0.0 0.23034412804562568 0.0 0.0 0.12095813964494925 0.13251015288263235 0.0 0.35 0.16618757942679283 0.0 0.0 
0.0 0.20558243343214033 0.0 0.10022569328890937 0.0 0.16612396414377917 0.0 0.3487615923638127 0.17930631677135844 0.0 0.0 
0.0 0.20607426511235624 0.0 0.10203214802477012 0.23064276909918066 0.0 0.0 0.35 0.11125081776369303 0.0 0.0 
0.0 0.21117829875522376 0.0 0.101208253785746 0.0 0.13830482663472737 0.0 0.34703726326325285 0.20227135756105014 0.0 0.0 
0.0 0.2062248107185785 0.0 0.11697714277756603 0.0 0.10763448408704153 0.0 0.35 0.21916356241681395 0.0 0.0 
0.0 0.22883746107707886 0.0 0.0 0.13995852669080666 0.14322756311313134 0.0 0.35 0.13797644911898313 0.0 0.0 
0.0 0.2130422259517934 0.0 0.0 0.0 0.11326926847051527 0.0 0.35 0.32368850557769135 0.0 0.0 
0.10412353954251413 0.19935621328690095 0.0 0.0 0.0 0.0 0.0 0.34983821211377925 0.3466820350568055 0.0 0.0 
0.0 0.2183064848867109 0.0 0.10579221039308036 0.21654270382408763 0.0 0.0 0.35 0.10935860089612105 0.0 0.0 
0.0 0.21585131671378374 0.0 0.10605057567496251 0.2166534564829102 0.0 0.0 0.35 0.11144465112834355 0.0 0.0 
0.0 0.240421932840715 0.0 0.0 0.0 0.12933136941989404 0.0 0.35 0.2802466977393909 0.0 0.0 
0.0 0.2266963826012137 0.0 0.0 0.0 0.11133585667550677 0.0 0.35 0.3119677607232796 0.0 0.0 
0.0 0.30436629268672877 0.0 0.0 0.0 0.0 0.0 0.35 0.34563370731327137 0.0 0.0 
0.11143356634196495 0.21447426803783284 0.0 0.0 0.0 0.0 0.0 0.35 0.3240921656202022 0.0 0.0 
0.10385833968677109 0.20158430842876726 0.0 0.0 0.0 0.0 0.0 0.34894533605693095 0.3456120158275307 0.0 0.0 
0.0 0.24310547399320298 0.0 0.0 0.0 0.2175787948203483 0.0 0.35 0.18931573118644873 0.0 0.0 
0.0 0.2596056554122136 0.0 0.0 0.110521844573821 0.13512285063395005 0.0 0.35 0.14474964938001544 0.0 0.0 
0.0 0.2466170551491455 0.0 0.0 0.0 0.1471002405169355 0.0 0.35 0.2562827043339191 0.0 0.0 
0.0 0.23261910126996996 0.0 0.0 0.11573310492374016 0.1338188775821482 0.0 0.35 0.16782891622414173 0.0 0.0 
0.0 0.2459402470060403 0.0 0.0 0.13331441411192316 0.130022558418528 0.0 0.35 0.14072278046350853 0.0 0.0 
0.0 0.2056992334743839 0.0 0.10184646116290648 0.2318621692185477 0.0 0.0 0.3495437821688945 0.11104835397526737 0.0 0.0 
0.0 0.205633223013815 0.0 0.11664157578558072 0.0 0.11019437232517139 0.0 0.34899597097000234 0.21853485790543056 0.0 0.0 
0.0 0.21458097336654836 0.0 0.10028549540822936 0.0 0.16675756711851278 0.0 0.35 0.1683759641067096 0.0 0.0 
0.0 0.24212085539118777 0.0 0.0 0.0 0.16503117282576055 0.0 0.35 0.2428479717830517 0.0 0.0 
0.0 0.23891681378175547 0.0 0.0 0.1138015763017284 0.1224530969495989 0.0 0.3471903041101076 0.17763820885680964 0.0 0.0 
0.0 0.2164661247527758 0.0 0.0 0.0 0.14010381534712932 0.0 0.34939475528121344 0.29403530461888144 0.0 0.0 
0.0 0.20584206636534014 0.0 0.10035226972005748 0.0 0.1663337644237222 0.0 0.3491783019587113 0.17829359753216875 0.0 0.0 
0.0 0.25602983248101163 0.0 0.0 0.0 0.14561156612800077 0.0 0.35 0.24835860139098762 0.0 0.0 
0.10987959969728929 0.21906234635124258 0.0 0.0 0.0 0.0 0.0 0.35 0.32105805395146814 0.0 0.0 
