0.0 0.30000000000000004 0.0 0.0 0.0 0.0 0.0 0.35 0.35 0.0 0.0 
0.2538811094635936 0.0 0.0 0.2961188905364064 0.0 0.0 0.35 0.1 0.0 0.0 0.0 
0.2538811094635936 0.0 0.0 0.2961188905364064 0.0 0.0 0.35 0.1 0.0 0.0 0.0 
0.0 0.30000000000000004 0.0 0.0 0.0 0.0 0.0 0.35 0.35 0.0 0.0 
0.1 0.2701182666577142 0.0 0.0 0.0 0.0 0.0 0.35 0.2798817333422858 0.0 0.0 
0.17723154417296516 0.0 0.0 0.23014508729261193 0.0 0.1 0.35 0.14262336853442287 0.0 0.0 0.0 
0.18266636689243973 0.35 0.0 0.0 0.0 0.0 0.0 0.35 0.11733363310756023 0.0 0.0 
0.0 0.33245884523053504 0.0 0.0 0.0 0.0 0.0 0.35 0.31754115476946504 0.0 0.0 
0.0 0.3269515691435353 0.0 0.0 0.0 0.0 0.0 0.35 0.32304843085646473 0.0 0.0 
0.1 0.34413930171919815 0.0 0.0 0.0 0.0 0.0 0.35 0.2058606982808019 0.0 0.0 
0.250695603380128 0.0 0.0 0.27252286864747866 0.0 0.0 0.35 0.1267815279723934 0.0 0.0 0.0 
0.20548947182018332 0.17962834276911827 0.0 0.0 0.0 0.0 0.35 0.2648821854106984 0.0 0.0 0.0 
0.1976418928437521 0.16715703902283138 0.0 0.0 0.0 0.0 0.35 0.2852010681334165 0.0 0.0 0.0 
0.1 0.2888873874015485 0.0 0.0 0.0 0.0 0.0 0.35 0.26111261259845153 0.0 0.0 
0.17170537120386153 0.35 0.0 0.0 0.0 0.0 0.0 0.35 0.12829462879613848 0.0 0.0 
0.0 0.3121742532968817 0.0 0.0 0.0 0.0 0.0 0.35 0.33782574670311827 0.0 0.0 
0.1 0.28520985789358566 0.0 0.0 0.0 0.0 0.0 0.35 0.2647901421064144 0.0 0.0 
0.23393937373679985 0.1 0.0 0.12395475186636215 0.0 0.0 0.35 0.19210587439683796 0.0 0.0 0.0 
0.1 0.28043010454957784 0.0 0.0 0.0 0.0 0.0 0.35 0.2695698954504222 0.0 0.0 
0.0 0.34166728944487895 0.0 0.0 0.0 0.0 0.0 0.35 0.308332710555121 0.0 0.0 
0.13719284975503782 0.35 0.0 0.0 0.0 0.0 0.0 0.35 0.16280715024496223 0.0 0.0 
0.1 0.29433601736003634 0.0 0.0 0.0 0.0 0.0 0.35 0.25566398263996376 0.0 0.0 
0.0 0.35 0.0 0.0 0.0 0.0 0.21189378712211748 0.33810621287788256 0.1 0.0 0.0 
0.1 0.3299303405930718 0.0 0.0 0.0 0.0 0.11204101958934759 0.35 0.10802863981758065 0.0 0.0 
0.35 0.3 0.0 0.0 0.0 0.0 0.0 0.35 0.0 0.0 0.0 
0.11544827499520653 0.35 0.0 0.0 0.0 0.0 0.0 0.35 0.18455172500479355 0.0 0.0 
0.1 0.30329446241923597 0.0 0.0 0.0 0.0 0.0 0.35 0.24670553758076413 0.0 0.0 
0.0 0.3162282685879137 0.0 0.0 0.0 0.0 0.0 0.35 0.33377173141208627 0.0 0.0 
0.14568165409803316 0.35 0.0 0.0 0.0 0.0 0.0 0.35 0.15431834590196694 0.0 0.0 
0.16634459776024224 0.1 0.0 0.13120500498823934 0.0 0.0 0.35 0.2524503972515184 0.0 0.0 0.0 
0.0 0.34612343520884514 0.0 0.0 0.0 0.0 0.0 0.35 0.3038765647911549 0.0 0.0 
0.21951118647659829 0.1748641631192172 0.0 0.0 0.0 0.0 0.2556246504041845 0.35 0.0 0.0 0.0 
0.1 0.3365935210627241 0.0 0.0 0.0 0.0 0.0 0.35 0.2134064789372759 0.0 0.0 
0.1 0.30679546908793337 0.0 0.0 0.0 0.0 0.0 0.35 0.2432045309120666 0.0 0.0 
0.22591582948520628 0.24174456846064604 0.0 0.0 0.0 0.0 0.1823396020541477 0.35 0.0 0.0 0.0 
0.1 0.32590163837312525 0.0 0.0 0.0 0.0 0.0 0.35 0.2240983616268748 0.0 0.0 
0.20000000000000007 0.35 0.0 0.0 0.0 0.0 0.1 0.35 0.0 0.0 0.0 
0.20000000000000004 0.35 0.0 0.0 0.0 0.0 0.0 0.35 0.1 0.0 0.0 
0.26211047983923674 0.1 0.0 0.17082326776216486 0.0 0.0 0.35 0.1170662523985985 0.0 0.0 0.0 
0.0 0.3358725031971228 0.0 0.0 0.0 0.0 0.0 0.35 0.3141274968028772 0.0 0.0 
0.23586933049835707 0.16240969136151617 0.0 0.0 0.0 0.0 0.35 0.25172097814012684 0.0 0.0 0.0 
0.190592220214009 0.1 0.0 0.10516041501369712 0.0 0.0 0.35 0.2542473647722939 0.0 0.0 0.0 
0.0 0.30933506566528046 0.0 0.0 0.0 0.0 0.0 0.35 0.34066493433471956 0.0 0.0 
0.1619494089971853 0.35 0.0 0.0 0.0 0.0 0.0 0.35 0.13805059100281464 0.0 0.0 
0.14922694248953774 0.1661770361650391 0.0 0.0 0.0 0.0 0.3345960213454232 0.35 0.0 0.0 0.0 
0.1 0.3314856643358634 0.0 0.0 0.0 0.0 0.0 0.35 0.21851433566413658 0.0 0.0 
0.1 0.2772342752765258 0.0 0.0 0.0 0.0 0.0 0.35 0.27276572472347427 0.0 0.0 
0.23285261388891546 0.1 0.0 0.13795119138995543 0.0 0.0 0.35 0.1791961947211292 0.0 0.0 0.0 
0.24903937005483331 0.1 0.0 0.1375225883243476 0.0 0.0 0.35 0.16343804162081915 0.0 0.0 0.0 
0.12256338269925854 0.3499396976431264 0.0 0.0 0.0 0.0 0.0 0.35 0.1774969196576151 0.0 0.0 
0.2065017564429968 0.1 0.0 0.11507366823675481 0.0 0.0 0.35 0.2284245753202484 0.0 0.0 0.0 
0.2600044946640375 0.1765060082597793 0.0 0.0 0.0 0.0 0.35 0.21348949707618323 0.0 0.0 0.0 
0.0 0.3387857779730721 0.0 0.0 0.0 0.0 0.0 0.35 0.31121422202692794 0.0 0.0 
0.0 0.31845270517786795 0.0 0.0 0.0 0.0 0.0 0.35 0.331547294822132 0.0 0.0 
0.31370653343213645 0.22033501963692204 0.0 0.0 0.0 0.0 0.11595844693094155 0.35 0.0 0.0 0.0 
0.0 0.323731550646972 0.0 0.0 0.0 0.0 0.0 0.35 0.326268449353028 0.0 0.0 
0.10936902594211596 0.35 0.0 0.0 0.0 0.0 0.0 0.35 0.19063097405788407 0.0 0.0 
0.0 0.32157643268381186 0.0 0.0 0.0 0.0 0.0 0.35 0.32842356731618816 0.0 0.0 
0.1 0.2660959593892305 0.0 0.0 0.0 0.0 0.0 0.35 0.2839040406107696 0.0 0.0 
0.0 0.3017221600176403 0.0 0.0 0.0 0.0 0.0 0.35 0.3482778399823597 0.0 0.0 
0.0 0.30486229166351486 0.0 0.0 0.0 0.0 0.0 0.35 0.34513770833648516 0.0 0.0 
0.21260199604565555 0.19911367530010413 0.0 0.0 0.0 0.0 0.35 0.23828432865424037 0.0 0.0 0.0 
0.1915968756053931 0.14016097753881035 0.0 0.0 0.0 0.0 0.35 0.3182421468557965 0.0 0.0 0.0 
0.2857575797561457 0.0 0.0 0.26424242024385436 0.0 0.0 0.35 0.1 0.0 0.0 0.0 
0.1531416233608506 0.19288773755657895 0.0 0.0 0.0 0.0 0.35 0.30397063908257044 0.0 0.0 0.0 
0.10502069842033794 0.35 0.0 0.0 0.0 0.0 0.0 0.35 0.1949793015796621 0.0 0.0 
0.1 0.298434013409922 0.0 0.0 0.0 0.0 0.0 0.35 0.251565986590078 0.0 0.0 
0.19260955932422694 0.1 0.0 0.1382448678231131 0.0 0.0 0.35 0.21914557285266006 0.0 0.0 0.0 
0.1 0.3201244460509103 0.0 0.0 0.0 0.0 0.0 0.35 0.22987555394908973 0.0 0.0 
0.24467639463975607 0.1 0.0 0.16800019864178675 0.0 0.0 0.35 0.13732340671845716 0.0 0.0 0.0 
0.0 0.30651718476393697 0.0 0.0 0.0 0.0 0.0 0.35 0.34348281523606305 0.0 0.0 
0.13026829563772344 0.35 0.0 0.0 0.0 0.0 0.0 0.35 0.16973170436227655 0.0 0.0 
0.262475096490543 0.1 0.0 0.1704586511108585 0.0 0.0 0.35 0.1170662523985985 0.0 0.0 0.0 
0.26190804985654514 0.1 0.0 0.13531414334193648 0.0 0.0 0.35 0.1527778068015184 0.0 0.0 0.0 
0.19557040795491823 0.15686818831307886 0.0 0.0 0.0 0.0 0.35 0.29756140373200285 0.0 0.0 0.0 
0.18143993524844113 0.1428656887775791 0.0 0.0 0.0 0.0 0.35 0.32569437597397977 0.0 0.0 0.0 
0.19260955932422694 0.1 0.0 0.1382448678231131 0.0 0.0 0.35 0.21914557285266006 0.0 0.0 0.0 
0.25155947462842865 0.1 0.0 0.15371292227973388 0.0 0.0 0.35 0.14472760309183752 0.0 0.0 0.0 
0.2519337517018486 0.1 0.0 0.11892308777485162 0.0 0.0 0.35 0.1791431605232998 0.0 0.0 0.0 
0.1 0.3159602798589198 0.0 0.0 0.0 0.0 0.0 0.35 0.2340397201410802 0.0 0.0 
0.15241358107664849 0.35 0.0 0.0 0.0 0.0 0.0 0.35 0.14758641892335156 0.0 0.0 
0.1 0.3226067611778014 0.0 0.0 0.0 0.0 0.0 0.35 0.22739323882219864 0.0 0.0 
0.20156361327903932 0.12394986675913333 0.0 0.1 0.0 0.0 0.35 0.22448651996182734 0.0 0.0 0.0 
0.2698669518541981 0.1 0.0 0.13773189568069574 0.0 0.0 0.35 0.14240115246510604 0.0 0.0 0.0 
0.1758431452820871 0.13385301597625582 0.0 0.0 0.0 0.0 0.35 0.34030383874165704 0.0 0.0 0.0 
0.15590612701065434 0.35 0.0 0.0 0.0 0.0 0.0 0.35 0.14409387298934567 0.0 0.0 
0.1268390801399805 0.35 0.0 0.0 0.0 0.0 0.0 0.35 0.1731609198600196 0.0 0.0 
0.14160411897517827 0.17176088148903995 0.0 0.0 0.0 0.0 0.35 0.33663499953578185 0.0 0.0 0.0 
0.258144264216575 0.16619416392294833 0.0 0.0 0.0 0.0 0.35 0.2256615718604766 0.0 0.0 0.0 
0.1 0.35 0.0 0.0 0.0 0.0 0.0 0.35 0.2 0.0 0.0 
0.0 0.34846147298410174 0.0 0.0 0.0 0.0 0.0 0.35 0.30153852701589834 0.0 0.0 
0.1 0.35 0.0 0.0 0.0 0.0 0.10396667933990805 0.3442472843038811 0.10178603635621086 0.0 0.0 
0.25706962617588447 0.0 0.0 0.29293037382411563 0.0 0.0 0.35 0.1 0.0 0.0 0.0 
0.1 0.33455482413972243 0.0 0.0 0.0 0.0 0.0 0.35 0.21544517586027762 0.0 0.0 
0.1 0.31433223046593234 0.0 0.0 0.0 0.0 0.0 0.35 0.2356677695340677 0.0 0.0 
0.0 0.35 0.0 0.0 0.0 0.0 0.19817189742631 0.35 0.10182810257368999 0.0 0.0 
0.1 0.29715264791027846 0.0 0.0 0.0 0.0 0.0 0.35 0.25284735208972153 0.0 0.0 
0.1 0.3113773904259319 0.0 0.0 0.0 0.0 0.0 0.35 0.23862260957406806 0.0 0.0 
0.0 0.35 0.0 0.0 0.0 0.0 0.20000000000000012 0.35 0.1 0.0 0.0 
0.1 0.2772342752765258 0.0 0.0 0.0 0.0 0.0 0.35 0.27276572472347427 0.0 0.0 
