-0.01611301372473826 3.490790714687223E-4 
-0.010722734981214548 4.58621106500483E-5 
-0.01611301372473826 3.490790714687223E-4 
-0.010722734981214548 4.58621106500483E-5 
-0.01319951436553575 7.002618009068043E-5 
-0.012827184000416283 6.071785160031874E-5 
-0.01259178888376783 5.790255967173757E-5 
-0.014353769536396648 1.3855075531578917E-4 
-0.015930895626572697 3.1893118580987123E-4 
-0.013319424605724835 7.424305848349271E-5 
-0.013859423191481507 9.925174993051179E-5 
-0.015431217588788211 2.363316941198188E-4 
-0.014005640314726614 1.0747596845034659E-4 
-0.01556524179504975 2.6520336388578575E-4 
-0.016071779404086793 3.410538864560336E-4 
-0.013920808207979174 1.023422552875114E-4 
-0.015736424046405614 3.05834840586006E-4 
-0.01090536078403063 4.6128908417443186E-5 
-0.011215848920619295 4.7134375701930666E-5 
-0.011727148791839751 4.984069185492087E-5 
-0.01559576685295262 2.725949720914646E-4 
-0.015543796427671912 2.5874651179085245E-4 
-0.016015261700469345 3.320932336291724E-4 
-0.013735267268215414 9.396669522164586E-5 
-0.013473154422483449 8.361927002894102E-5 
-0.014514817619974321 1.6204919287928843E-4 
-0.013067612426773333 6.599037032063468E-5 
-0.014980673746916362 1.934896622506329E-4 
-0.011337241827039966 4.796972909362724E-5 
-0.014176760196449254 1.186549174213889E-4 
-0.014570961978301537 1.6633566613893252E-4 
-0.015665243255708377 2.890300427509573E-4 
-0.015694929012916945 2.935766411377003E-4 
-0.015460460838564831 2.4400614582028576E-4 
-0.015379754955737015 2.302989298097668E-4 
-0.014285667338725286 1.2892492963174681E-4 
-0.015478833822264504 2.4668240599088313E-4 
-0.015863264243700534 3.112223717636212E-4 
-0.015175481480822248 2.0777571652395087E-4 
-0.014821886265967098 1.830132245574521E-4 
-0.01365078737435644 8.81256862319437E-5 
-0.014603977108106035 1.7032424456945618E-4 
-0.012449614264026847 5.581651395445728E-5 
-0.015863264243700537 3.1122237176362135E-4 
-0.015714418325032214 2.9940379560122965E-4 
-0.0114949639100791 4.883708221790719E-5 
-0.014680802698224199 1.760689729074133E-4 
-0.011089630771257722 4.661016394122199E-5 
-0.01372682017024118 9.255004481420714E-5 
-0.010826077914542664 4.6047541157205074E-5 
-0.015970190097879575 3.242774437404811E-4 
-0.016089933240083946 3.4450056020484256E-4 
-0.012514909896092791 5.6393893747093715E-5 
-0.011887121046021527 5.092383812391645E-5 
-0.014649610543614584 1.7375616208374623E-4 
-0.013406042054738112 7.734923949182876E-5 
-0.014063071588862618 1.1128624022134319E-4 
-0.0144468502123517 1.560704617215751E-4 
-0.014470323797102943 1.5786775274436354E-4 
-0.015367475357766463 2.272123817389824E-4 
-0.011437700017232651 4.831897018292495E-5 
-0.014231977748288884 1.2530057902135434E-4 
-0.012108069682318506 5.2899553528500524E-5 
-0.011979275066592536 5.202207047294501E-5 
-0.011618358769905903 4.944203615058363E-5 
-0.01521801168406841 2.1082637817858177E-4 
-0.014428582551566206 1.5024706651814643E-4 
-0.015084814141833876 1.995058973485284E-4 
-0.012335015557722682 5.468219531978089E-5 
-0.015286798878323599 2.1791946727332527E-4 
-0.014933449758078018 1.8948378690032127E-4 
-0.015130858018059756 2.0330827839031495E-4 
-0.015622395362414977 2.7674896704072186E-4 
-0.015984014062998368 3.263098685776879E-4 
-0.015516657650065721 2.533746916479728E-4 
-0.01533268515603569 2.2319581999064817E-4 
-0.012315619071784285 5.444939466188408E-5 
-0.012053306930739088 5.234437429003126E-5 
-0.01439384017708742 1.43036116967933E-4 
-0.015220412766235415 2.143162028486502E-4 
-0.01340604205473811 7.734923949182869E-5 
-0.015313540657517458 2.2211297546428823E-4 
-0.01474133834290612 1.8029708124413186E-4 
-0.014427981829858175 1.4812802406874556E-4 
-0.01504568116858284 1.9709576000366934E-4 
-0.0157297580262126 3.0291660504551876E-4 
-0.012914177854191519 6.21579676545485E-5 
-0.014736771161979328 1.8000495056958964E-4 
-0.011089630771257722 4.661016394122199E-5 
-0.016010068434335813 3.30354919262336E-4 
-0.015516657650065721 2.533746916479728E-4 
-0.014285667338725286 1.2892492963174681E-4 
-0.01484375072169518 1.8673234601528782E-4 
-0.015261278511273261 2.163714330117638E-4 
-0.013609833695990264 8.727448560102738E-5 
-0.013573837602423455 8.518024048039786E-5 
-0.013532129484741508 8.440784214347603E-5 
-0.012205204626577804 5.3859078683508074E-5 
-0.014401439475805184 1.4398087115498565E-4 
-0.015645742016407872 2.830710883756942E-4 
