-0.005909874232386528 2.9051884260439858E-5 
-0.01612148079168696 3.7424822910320666E-4 
-0.007593425635935455 3.274297703957244E-5 
-0.006003382339902305 3.0141658149657977E-5 
-0.015800581853958967 3.5629830991337915E-4 
-0.0157863332806047 3.0921475196336114E-4 
-0.015079573143413218 2.371633516736744E-4 
-0.013668835848823726 1.654214182542114E-4 
-0.01107641662857536 7.337187300475539E-5 
-0.014119920219506463 1.8498021021871308E-4 
-0.014660227523900345 2.085771771317311E-4 
-0.014045655409363287 1.809804046512568E-4 
-0.007929863193128432 3.5572762282287217E-5 
-0.01384758723633811 1.72035050179717E-4 
-0.012902199209672881 1.2745802858528114E-4 
-0.01146827787643605 8.180166694686931E-5 
-0.008149378790588632 3.7569482224987886E-5 
-0.010542753533195136 6.419192442992205E-5 
-0.015648454186194247 2.97288532614517E-4 
-0.01554686203616966 2.6664896394701317E-4 
-0.014791299584782515 2.1543535719211517E-4 
-0.008874152497528692 4.4863759660606407E-5 
-0.011297885020104884 7.799113175129608E-5 
-0.014914978516763171 2.2258200136461592E-4 
-0.01074203955774134 6.629026834187989E-5 
-0.007736655094932721 3.4793102070427126E-5 
-0.01355366221607314 1.5844478053537124E-4 
-0.010295567958315627 5.920940910573931E-5 
-0.013471494212372382 1.5172225165755812E-4 
-0.01564038882156651 2.8666329595205636E-4 
-0.009196864553932926 4.7028025179734475E-5 
-0.012956944770555048 1.3197342220657652E-4 
-0.010402115723373921 6.186430056951215E-5 
-0.008719445874575066 4.188882800860179E-5 
-0.012067648290906223 9.918013916194105E-5 
-0.009020727985930729 4.6336554351753003E-5 
-0.015600528149197674 2.7732662861718017E-4 
-0.012749126988195367 1.229524747533363E-4 
-0.011921855179834961 9.745573150187377E-5 
-0.015015612648079865 2.2698981886179226E-4 
-0.015562774989602053 2.737135888984761E-4 
-0.015459527323877661 2.555014606659194E-4 
-0.014547476453014536 2.062754874457107E-4 
-0.01184378972935142 9.40087021852011E-5 
-0.015175643050610222 2.4190316603774648E-4 
-0.014271520185861255 1.909068063012936E-4 
-0.008435408441350899 3.982288088636605E-5 
-0.008288447694322059 3.9412663186061414E-5 
-0.013896058956864311 1.7560504759097468E-4 
-0.015734630659083745 3.0152620770596336E-4 
-0.00859706767669086 4.102566000868425E-5 
-0.013053622878942111 1.358086425395544E-4 
-0.013175568728915564 1.409841917152704E-4 
-0.010125587864543324 5.743933338847804E-5 
-0.014825714674473332 2.1801997197294702E-4 
-0.012561831856865912 1.147891316882447E-4 
-0.013409775745874557 1.4966035690496142E-4 
-0.01160200264716335 8.607866941960876E-5 
-0.010976390064286827 7.129167184010498E-5 
-0.01363861723805329 1.5989930133360135E-4 
-0.015292423793251768 2.476348547713888E-4 
-0.015604244825895041 2.8524217812707684E-4 
-0.012420580833183028 1.1114598516115707E-4 
-0.009357653877541052 4.84857820903247E-5 
-0.012180048263496227 1.019283656007733E-4 
-0.01592333534854049 3.610629939148787E-4 
-0.009739522830631196 5.2714718114868796E-5 
-0.011768549204129128 9.038573896932091E-5 
-0.014365868521468636 1.9399682962366294E-4 
-0.01330290706794096 1.4629643949553244E-4 
-0.00960410319693322 5.1598390518045645E-5 
-0.015227293654215872 2.4432307729498856E-4 
-0.015960489557719972 3.6335603923206915E-4 
-0.013280652518245839 1.4424946297059786E-4 
-0.011330865125367656 7.924522782242648E-5 
-0.015785101071149353 3.0913589746491986E-4 
-0.01311074924697607 1.3838708911875932E-4 
-0.014504457240672862 2.0145668907509319E-4 
-0.00984697212614437 5.369855139741353E-5 
-0.01222448693147171 1.0428265405696099E-4 
-0.014398686827559485 1.9760066109330023E-4 
-0.016093505266865912 3.7305891866446487E-4 
-0.015810701368020666 3.58042079800191E-4 
-0.012454448359824863 1.1237516344740658E-4 
-0.012670162167378521 1.225333090290183E-4 
-0.016045819929010732 3.6778437122979854E-4 
-0.01550374071525241 2.6042346521870045E-4 
-0.00952525530896088 5.0257860387269876E-5 
-0.011667818694242849 8.991027198553365E-5 
-0.009948034082848731 5.4894929263839035E-5 
-0.015000668323047577 2.2638069519286132E-4 
-0.010836709476362798 7.05413257880385E-5 
-0.01231196286275828 1.0662396032653631E-4 
-0.015374335384866012 2.521914907556865E-4 
-0.010787564078261638 7.016238563420345E-5 
-0.009427574162232343 4.974166953637487E-5 
-0.01445520540052673 2.0012445863759566E-4 
-0.0160325635617875 3.670270023366428E-4 
-0.015704604272276372 3.0004499114040685E-4 
-0.015501359844919384 2.603309915051899E-4 
