-0.01629184845854211 4.219992654028731E-4 
-0.005753050747694086 2.896251126838269E-5 
-0.01629184845854211 4.219992654028731E-4 
-0.0075685534182696485 3.231562370427676E-5 
-0.006185326847212033 3.165949457077069E-5 
-0.01592804114964189 3.6140945278071454E-4 
-0.016145468287774984 3.7817151024762297E-4 
-0.016147980716790265 4.066536898441611E-4 
-0.015923318384567856 3.3343234582542764E-4 
-0.016057695689668684 3.7036403687824024E-4 
-0.010778052660177952 6.712141928800309E-5 
-0.009304745578940357 4.803319482558616E-5 
-0.015588530641837225 2.883355595669815E-4 
-0.012395162758978723 1.0987430572250315E-4 
-0.01256974947822869 1.1801095348637909E-4 
-0.01294009812074278 1.2945077012829726E-4 
-0.006052169014487748 3.0773044975577026E-5 
-0.01575645898779149 3.057142235436646E-4 
-0.009545885452273735 5.087235442628691E-5 
-0.014096376513420873 1.8162786415875425E-4 
-0.011488518468009547 8.244081354133299E-5 
-0.014850088142998609 2.1811693261937194E-4 
-0.015014306456577402 2.2689202667914194E-4 
-0.008343899730387232 3.952352341352959E-5 
-0.010959011431245991 7.182879433444385E-5 
-0.013981360151886718 1.783200514692957E-4 
-0.01135153690406593 7.940481628622773E-5 
-0.012153195053327275 1.025016349028642E-4 
-0.015674038603358507 2.939383841218462E-4 
-0.015800809049959282 3.147906560857088E-4 
-0.01389321901833077 1.7319080306210758E-4 
-0.010285852434557614 5.950930073517681E-5 
-0.01501622009241265 2.3658902490502246E-4 
-0.01010750194936555 5.742181200479455E-5 
-0.014941360454517348 2.2316884828095838E-4 
-0.014199402050666615 1.8655667064736132E-4 
-0.01570509470990642 2.9987703223309845E-4 
-0.013322874011009638 1.458091736483476E-4 
-0.015844596943316795 3.26401910673937E-4 
-0.014764420365792867 2.135157058811993E-4 
-0.010565723533707206 6.492537135236866E-5 
-0.008731354942430531 4.375602091615645E-5 
-0.012024015394924505 9.815489295910013E-5 
-0.009112004843825615 4.613860200909508E-5 
-0.015833070343593533 3.186841412954058E-4 
-0.00863154795209782 4.132127558150123E-5 
-0.01322474868403856 1.4165198443230194E-4 
-0.011211316841457934 7.685830709059204E-5 
-0.011623474282479767 8.561514450888102E-5 
-0.014429768594787545 1.9726980732160537E-4 
-0.009646303800502536 5.325603437237809E-5 
-0.012644500559191826 1.2025697653668158E-4 
-0.008117417265904512 3.730706470073015E-5 
-0.012810640488553482 1.2569924215862123E-4 
-0.007770567632829346 3.398587021986808E-5 
-0.008461618378169621 4.059524631346684E-5 
-0.014539672421645075 2.0223063874505174E-4 
-0.015569474603938042 2.7696285342498407E-4 
-0.010416835910505932 6.0990314325498285E-5 
-0.013539978851734469 1.5964253126755262E-4 
-0.008912028801306074 4.439215349871945E-5 
-0.012718179903762524 1.2512253169040568E-4 
-0.00999243421812218 5.54613313943515E-5 
-0.013067147266422557 1.351079569904086E-4 
-0.01521050002470645 2.4401083377753032E-4 
-0.0131581923992323 1.3878102446234685E-4 
-0.007809174692335379 3.588998149597527E-5 
-0.013499152439016254 1.5617928911359073E-4 
-0.016237740698096935 4.1608184660880786E-4 
-0.011816112167798175 9.227655794773765E-5 
-0.015562616580939166 2.6942101783042084E-4 
-0.00801621880934205 3.6168627712211335E-5 
-0.012263917206778881 1.0510138168606236E-4 
-0.013365121347820813 1.5084914916700881E-4 
-0.014580187811603714 2.0413408177775928E-4 
-0.015511447934783451 2.676523047555334E-4 
-0.016215303746567475 4.1367970499896537E-4 
-0.013636313784189327 1.6330806703295544E-4 
-0.013455404787627615 1.5161591104152352E-4 
-0.013658911984114855 1.6555323866702175E-4 
-0.014385745113644006 1.9498231792206661E-4 
-0.014659414389632246 2.0846417023180337E-4 
-0.015265522048045009 2.4666830446119477E-4 
-0.01590124362686914 3.302562696036389E-4 
-0.015365473595521909 2.5085251931874537E-4 
-0.011096328504958522 7.578113354636118E-5 
-0.009812764979608495 5.35792357911541E-5 
-0.012317337150968565 1.0731252144767338E-4 
-0.01616451514849588 4.0835401628601994E-4 
-0.010511020039719656 6.352952209478194E-5 
-0.01509940269989425 2.4142873947393247E-4 
-0.011949657498254693 9.50516347564035E-5 
-0.014297549453585256 1.9192231238966616E-4 
-0.009001388681143611 4.592256861761407E-5 
-0.013755312743880747 1.6916426104827511E-4 
-0.013789903933773624 1.6986380479748367E-4 
-0.01106086003217131 7.269908253291377E-5 
-0.014239640551029102 1.9117680809729257E-4 
-0.014684228503616606 2.1038851621030204E-4 
-0.0098831740934577 5.415223761405214E-5 
