-0.006167160969871278 3.0142756922634695E-5 
-0.016723055176122152 0.0015954537344476203 
-0.01653396892156432 0.0014674987785076028 
-0.01653153741655645 8.028745284206377E-4 
-0.0073685615584052795 3.130404550862589E-5 
-0.016309134673509654 5.638001971640856E-4 
-0.016291663290753187 4.220034398789787E-4 
-0.016440136094202286 5.785465318203015E-4 
-0.008655386035125515 4.277860544340997E-5 
-0.016466737809812587 6.477910113695717E-4 
-0.01248839904002582 1.1312627181460617E-4 
-0.016506831506505167 7.508064241934626E-4 
-0.01649358594367882 7.006528253174337E-4 
-0.012260094062450088 1.0520692660248835E-4 
-0.008916928688526095 4.491959259428791E-5 
-0.016199248668657767 4.1197940192232445E-4 
-0.015896507842092147 3.66120939752854E-4 
-0.016598978985103506 0.0015108138980092919 
-0.01587338741274846 3.311334351094368E-4 
-0.012658976488882053 1.1998729031178731E-4 
-0.015550180939529295 2.89142529197625E-4 
-0.013634283028427974 1.6337414612029022E-4 
-0.009310963441668376 4.824126874164662E-5 
-0.013312360105383537 1.4642543969454195E-4 
-0.015775528501795442 3.0832877023297177E-4 
-0.008448301330229379 4.0314901164763126E-5 
-0.016555378086661375 0.0014816849685075155 
-0.015639265628305032 2.9576055710817025E-4 
-0.009495727165422114 5.0189708798130855E-5 
-0.01458285593772501 2.0565319071888597E-4 
-0.016513926344571828 7.635417247030163E-4 
-0.007770623117388554 3.447025645252029E-5 
-0.014488754715446084 2.0061708489870349E-4 
-0.013772106478144659 1.685980038930162E-4 
-0.01499206515754575 2.26065797737158E-4 
-0.010782257884940971 6.753514644529127E-5 
-0.011229485074722217 7.659079841165218E-5 
-0.01479229748219944 2.1649560167395928E-4 
-0.016623162830223172 0.001527108309802151 
-0.016480234632637522 6.725462824108004E-4 
-0.00976650897409946 5.3262501955354986E-5 
-0.009631019568566117 5.1519967438808526E-5 
-0.01090650968695157 7.172629221117253E-5 
-0.013109460922974842 1.4536223233551246E-4 
-0.014178641923298024 1.8758354650410131E-4 
-0.007627885807825467 3.3546205254549475E-5 
-0.01652362755509936 7.965919997212395E-4 
-0.013472265466434935 1.58460688080583E-4 
-0.009146497263226536 4.7607773374846206E-5 
-0.01669775064449839 0.0015779821276884615 
-0.016652361240657575 0.0015469122746142995 
-0.011366907125039169 7.940983893324095E-5 
-0.007504620834488361 3.187029535393479E-5 
-0.007937465070231462 3.565268426173239E-5 
-0.013873336277997042 1.7429574649861605E-4 
-0.015138643784997099 2.5510801976645885E-4 
-0.008188323169466877 3.746952795139946E-5 
-0.008031879251751318 3.607648410764999E-5 
-0.015461830568112362 2.6726516450486403E-4 
-0.016673186189850885 0.0015611243689278172 
-0.015304776549496595 2.5645589084817517E-4 
-0.012985331958803071 1.3378405884353981E-4 
-0.01044842020496553 6.178728923499972E-5 
-0.01618305832690219 3.7887834769734756E-4 
-0.015825553838555703 3.215008714676545E-4 
-0.010224806134655486 5.9366085180993444E-5 
-0.015019042843934927 2.4182102350885442E-4 
-0.01473671044459035 2.1269165502304106E-4 
-0.009990133727700764 5.622599189266213E-5 
-0.009038557048181996 4.6777862140986155E-5 
-0.010132385908790394 5.751771965041419E-5 
-0.014343236550055765 1.9327723218527125E-4 
-0.009898557516923229 5.5354004367220756E-5 
-0.013435175778446194 1.509910310798113E-4 
-0.011715092743660676 8.937978341521695E-5 
-0.012778392378693737 1.2513820556796866E-4 
-0.016418639542238964 5.719163417807658E-4 
-0.014069725572933955 1.8414389519891565E-4 
-0.016049988646510322 3.717160329489468E-4 
-0.010652338515443657 6.496761827682823E-5 
-0.011105408934356086 7.387035986430846E-5 
-0.01163876002834733 8.799016126980718E-5 
-0.011037297782643816 7.270859589370235E-5 
-0.010583829001732877 6.3877202162786E-5 
-0.011519481388663586 8.656517314768557E-5 
-0.015107705652390568 2.460421253885631E-4 
-0.015345558317880748 2.621946303110154E-4 
-0.014306979706822796 1.91300888511686E-4 
-0.016483863381875838 6.89985421260592E-4 
-0.01303704404042501 1.4488431253451608E-4 
-0.01145767748710103 8.355706154360334E-5 
-0.015998020804255098 3.7057264146102503E-4 
-0.00832524357984627 3.8603685194762145E-5 
-0.016171874169401346 3.7843666527735166E-4 
-0.0128615988123665 1.3329435375064472E-4 
-0.016470056681388855 6.48052162285993E-4 
-0.012008231103671265 9.794329106693453E-5 
-0.013985890310485537 1.7709953984608679E-4 
-0.012141369872802692 1.0176522090028615E-4 
-0.011832097006168333 9.478566774053914E-5 
