0.0 0.0 0.1135360831017404 0.0 0.15275892263608454 0.2445503103762555 0.10862625220089689 0.10502888085421944 0.0 0.18160837394136833 0.0 
0.0 0.0 0.0 0.0 0.0 0.0 0.0 0.35 0.35 0.2999985124343575 0.0 
0.0 0.0 0.0 0.0 0.0 0.0 0.0 0.35 0.35 0.19881696993477518 0.10112229060384385 
0.0 0.0 0.0 0.0 0.0 0.0 0.0 0.35 0.35 0.2934918133439749 0.0 
0.0 0.0 0.0 0.0 0.0 0.0 0.0 0.35 0.35 0.18766088168516398 0.11037139932934086 
0.0 0.0 0.0 0.0 0.0 0.0 0.0 0.349795176539602 0.349795176539602 0.10720019964987552 0.19320944727092054 
0.0 0.0 0.12488795549116918 0.0 0.11020647199558094 0.24479018611664224 0.11429068014472402 0.13476722806310723 0.10182571629374947 0.16923176189502692 0.0 
0.0 0.0 0.19047470256547414 0.0 0.0 0.2658594292241462 0.0 0.12546097959015975 0.29186530668940897 0.12633958193081085 0.0 
0.0 0.0 0.12927979868461567 0.0 0.17498020601575415 0.2500870106351841 0.1032979635992037 0.1402892018774561 0.0 0.20206581918778632 0.0 
0.0 0.0 0.11776083900527554 0.0 0.10831861909015131 0.2577810736060513 0.10763009326035018 0.1187274844759678 0.10754056707258178 0.1822413234896222 0.0 
0.0 0.0 0.12531443381406196 0.0 0.17257981616172532 0.24739413500777288 0.11049380930942858 0.11736787464243482 0.0 0.19784823016332403 0.0 
0.0 0.0 0.19326193646001397 0.0 0.0 0.0 0.0 0.3491083103644722 0.35 0.10118776338928408 0.0 
0.0 0.0 0.20732141344082886 0.0 0.0 0.0 0.0 0.3404820186190942 0.35 0.10213809902898538 0.0 
0.0 0.0 0.18532734855125577 0.0 0.0 0.286324863249962 0.0 0.11853385248993473 0.2879509329500016 0.1218630027588459 0.0 
0.0 0.0 0.0 0.0 0.0 0.0 0.0 0.35 0.35 0.0 0.2999977403045044 
0.0 0.0 0.17831997526090662 0.0 0.0 0.2690596573021377 0.0 0.12945186914326606 0.3155545120765193 0.1076139862171702 0.0 
0.0 0.0 0.1561764490179381 0.0 0.0 0.0 0.0 0.3499080597410602 0.3499080597410602 0.1440074314999416 0.0 
0.0 0.0 0.0 0.0 0.0 0.0 0.0 0.35 0.35 0.1032184650780447 0.1933225815569993 
0.0 0.0 0.12200086459711304 0.0 0.1764050897740008 0.2540052658597747 0.11193576565461275 0.12265286325028334 0.0 0.21300015086421545 0.0 
0.0 0.0 0.17413804436464095 0.0 0.0 0.1480032429726491 0.0 0.2231300482241731 0.3465261338962932 0.10820253054224373 0.0 
0.0 0.0 0.11543247958957507 0.0 0.0 0.0 0.0 0.35 0.35 0.18097078207191733 0.0 
0.0 0.0 0.1969437656696215 0.0 0.0 0.11420137962096448 0.0 0.32091556745748934 0.3447168822063455 0.0 0.0 
0.0 0.0 0.11420457314165407 0.0 0.16513217381028017 0.2377734211888066 0.1047826700088138 0.11481490674969974 0.0 0.19938867965310528 0.0 
0.0 0.0 0.2059027165439455 0.0 0.0 0.0 0.0 0.3376740528181206 0.35 0.10129576294846919 0.0 
0.0 0.0 0.1927090052786979 0.0 0.0 0.12201473981471357 0.0 0.3262429578630653 0.35 0.0 0.0 
0.0 0.0 0.18709600701902593 0.0 0.0 0.13052971298851385 0.0 0.24888282974178566 0.3311511347608824 0.10234031548979206 0.0 
0.0 0.0 0.13061459380073867 0.0 0.0 0.0 0.0 0.35 0.35 0.16737459645174077 0.0 
0.0 0.0 0.1898233946596641 0.0 0.0 0.20208760648521243 0.0 0.15551803404276793 0.3492699980153821 0.10330096679697334 0.0 
0.0 0.0 0.17410012075910783 0.0 0.0 0.0 0.0 0.3350115973400663 0.3426354454656189 0.0 0.13112946533194145 
0.0 0.0 0.11110924538580387 0.0 0.0 0.0 0.0 0.35 0.35 0.1879469487847812 0.0 
0.0 0.0 0.19692074385212022 0.0 0.0 0.1242967083085588 0.0 0.2308581005087767 0.3461200836024347 0.1018043637281094 0.0 
0.0 0.0 0.17046669588212018 0.0 0.0 0.2843478313706854 0.0 0.12239917164856573 0.27170249410646036 0.12725562568363685 0.0 
0.0 0.0 0.10400627087438837 0.0 0.0 0.0 0.0 0.35 0.35 0.19540537961687973 0.0 
0.0 0.0 0.13665814868510834 0.0 0.15531364884337268 0.256051104377438 0.10767328017456355 0.10242899398450342 0.0 0.1938930517673253 0.0 
0.0 0.0 0.16372918161230007 0.0 0.0 0.27805030110177253 0.0 0.10785431139547988 0.25757588572710816 0.12699883543296606 0.0 
0.0 0.0 0.11615848711102922 0.0 0.12259880405878942 0.26811142378189506 0.10875505705985522 0.1057185696069923 0.10227790269162036 0.17283918659964248 0.0 
0.0 0.0 0.20044489937630905 0.0 0.0 0.12543180243076313 0.0 0.31251194257520376 0.34690795903622357 0.0 0.0 
0.0 0.0 0.19667292470154737 0.0 0.0 0.23888618151632826 0.0 0.1345532704974562 0.32370252914139297 0.10618509414327518 0.0 
0.0 0.0 0.12601111495169526 0.0 0.0 0.0 0.0 0.35 0.35 0.17185177593384 0.0 
0.0 0.0 0.19059404785760808 0.0 0.0 0.22288601678603895 0.0 0.1699195193608775 0.3136973501788679 0.10290306581660745 0.0 
0.0 0.0 0.1176728977330792 0.0 0.17354641078996633 0.2553136399792499 0.11413696302123653 0.12870343917662844 0.0 0.2106266492998396 0.0 
0.0 0.0 0.20519219645293624 0.0 0.0 0.10799599774125003 0.0 0.33205731104159275 0.35 0.0 0.0 
0.0 0.0 0.1847266857507331 0.0 0.0 0.12603803314644876 0.0 0.23268240118021138 0.35 0.10238558652765391 0.0 
0.0 0.0 0.17605961719344465 0.0 0.0 0.17704196690940863 0.0 0.2118565241815277 0.32474194895003294 0.11029994276558605 0.0 
0.0 0.0 0.1710651818448822 0.0 0.0 0.1983813506939557 0.0 0.1799278830204638 0.3345908033252104 0.1019204263557161 0.0 
0.0 0.0 0.17629915891059011 0.0 0.0 0.2384072158623504 0.0 0.16012281272054013 0.32245166428361616 0.10271914822290298 0.0 
0.0 0.0 0.18682947967580563 0.0 0.0 0.1913142807373381 0.0 0.19724782200290072 0.3230525028217848 0.10155591476217064 0.0 
0.0 0.0 0.11273985781971557 0.0 0.10451335308759452 0.27744442640480843 0.11190324838326658 0.11568966747925119 0.10212002067472126 0.17558942615064238 0.0 
0.0 0.0 0.18324197261593803 0.0 0.0 0.0 0.0 0.35 0.34959095274812574 0.1171583421180911 0.0 
0.0 0.0 0.18519778418301644 0.0 0.0 0.15977320772311523 0.0 0.21244792147445152 0.33704785904666307 0.10553322757275369 0.0 
0.0 0.0 0.17223611392073385 0.0 0.0 0.12215727023954592 0.0 0.2622110175246677 0.34235667306927103 0.10103892524578151 0.0 
0.0 0.0 0.19785208030730358 0.0 0.0 0.0 0.0 0.3323230000330138 0.339840996935207 0.0 0.12674090865655413 
0.0 0.0 0.18369603486948904 0.0 0.0 0.1450866664346904 0.0 0.21851189331432935 0.3486020697243664 0.10410333565712478 0.0 
0.0 0.0 0.18104753072865373 0.0 0.0 0.1565022157351489 0.0 0.21869236406359543 0.34031152927323355 0.10344636019936836 0.0 
0.0 0.0 0.18094393261315647 0.0 0.0 0.15103366956599176 0.0 0.30720390925960406 0.35 0.0 0.0 
0.0 0.0 0.1764565370483514 0.0 0.0 0.2639970761732759 0.0 0.1380892637588325 0.30535250847531087 0.11610461454422945 0.0 
0.0 0.0 0.10825518534956902 0.0 0.1006548505090806 0.24776739820365734 0.11015162310106744 0.13858321923120867 0.11216007932893667 0.1824276442764804 0.0 
0.0 0.0 0.16606843732415566 0.0 0.0 0.2820229023731553 0.0 0.11058934415213398 0.2612559619113901 0.1288133119255503 0.0 
0.0 0.0 0.1440309331609398 0.0 0.0 0.0 0.0 0.35 0.35 0.15508421522906043 0.0 
0.0 0.0 0.17391532717179448 0.0 0.0 0.19943877055140838 0.0 0.2106526185801655 0.3007513716447767 0.11524191205185486 0.0 
0.0 0.0 0.20223149384238434 0.0 0.0 0.12654979428184007 0.0 0.3152974068545372 0.35 0.0 0.0 
0.0 0.0 0.17228030567757502 0.0 0.0 0.2615158214226798 0.0 0.1556810076541163 0.29863418628718696 0.111888678958442 0.0 
0.0 0.0 0.17079378958301483 0.0 0.0 0.1094918264092401 0.0 0.2827554346196151 0.3354634688559365 0.1014954805321935 0.0 
0.0 0.0 0.19438158049170048 0.0 0.0 0.12398789220074953 0.0 0.32820011859773035 0.35 0.0 0.0 
0.0 0.0 0.17644820748982634 0.0 0.0 0.12688046301062522 0.0 0.34304666421503416 0.35 0.0 0.0 
0.0 0.0 0.19336006163046565 0.0 0.0 0.10662016000261519 0.0 0.35 0.35 0.0 0.0 
0.0 0.0 0.19083769603687795 0.0 0.0 0.1071414199215265 0.0 0.2418915234738384 0.35 0.104586075925061 0.0 
0.0 0.0 0.17374828164128758 0.0 0.0 0.23693180707507125 0.0 0.14377363431420165 0.34085118256827296 0.10469509440116644 0.0 
0.0 0.0 0.1658772376573273 0.0 0.0 0.0 0.0 0.348828855801758 0.34963170363484025 0.13245086370034004 0.0 
0.0 0.0 0.16612033822046304 0.0 0.0 0.0 0.0 0.3499515009614014 0.35 0.13310112372310873 0.0 
0.0 0.0 0.17956136655581773 0.0 0.0 0.2671282896552138 0.0 0.12219428016996182 0.2657827382264 0.11746821308251952 0.0 
0.0 0.0 0.18137103645754116 0.0 0.0 0.12374849151837079 0.0 0.25071268774580807 0.34364208128433593 0.10052570299394417 0.0 
0.0 0.0 0.18743916408657918 0.0 0.0 0.0 0.0 0.35 0.35 0.10837619041937094 0.0 
0.0 0.0 0.16873644053621 0.0 0.0 0.10322790889549101 0.0 0.2710019432200253 0.34518053690178624 0.10779926253429518 0.0 
0.0 0.0 0.17395944143721964 0.0 0.0 0.12320704359253074 0.0 0.25681495393604464 0.3447685745864923 0.10124998644771276 0.0 
0.0 0.0 0.16857272908410526 0.0 0.0 0.28627577330944026 0.0 0.11104493063719739 0.26519566992089777 0.13075580094287814 0.0 
0.0 0.0 0.1727459288837593 0.0 0.0 0.20033048414210328 0.0 0.18169570773696453 0.3423060658490343 0.1029218133881386 0.0 
0.0 0.0 0.0 0.0 0.0 0.0 0.0 0.35 0.35 0.0 0.2771800475598536 
0.0 0.0 0.17079378958301483 0.0 0.0 0.1094918264092401 0.0 0.2827554346196151 0.3354634688559365 0.1014954805321935 0.0 
0.0 0.0 0.17828627269592154 0.0 0.0 0.11879580944605014 0.0 0.34662018953745505 0.35 0.0 0.0 
0.0 0.0 0.17296188890389091 0.0 0.0 0.12250052546713179 0.0 0.255342274984106 0.3427915346388502 0.1006693788092543 0.0 
0.0 0.0 0.19034339436104136 0.0 0.0 0.14687723898975344 0.0 0.21907525959130764 0.3298272320865943 0.10390409573540173 0.0 
0.0 0.0 0.1329502476498515 0.0 0.12860549535928528 0.24323481748328418 0.11466007752420644 0.10679292029338777 0.10271255407935535 0.1710438876106297 0.0 
0.0 0.0 0.17569940688957902 0.0 0.0 0.22497862350505926 0.0 0.18355181814768498 0.3156787599637799 0.10009139149389677 0.0 
0.0 0.0 0.19213391850363123 0.0 0.0 0.18482161077539594 0.0 0.2135851860893049 0.3058513632546348 0.10360792137703304 0.0 
0.0 0.0 0.20081344512934116 0.0 0.0 0.15632835094239608 0.0 0.2857251748624695 0.35 0.0 0.0 
0.0 0.0 0.17209303484737576 0.0 0.0 0.1131812190722652 0.0 0.2675704443395234 0.34165350033619435 0.1055018014046413 0.0 
0.0 0.0 0.14384909729616902 0.0 0.0 0.0 0.0 0.35 0.35 0.15488842484035995 0.0 
0.0 0.0 0.11435846833818741 0.0 0.10601385535804139 0.24223471858384968 0.11350984766755845 0.14410010056180184 0.10358616177873957 0.17619684771182165 0.0 
0.0 0.0 0.20559441165176726 0.0 0.0 0.14394067829484974 0.0 0.30087036439738235 0.3495945456560006 0.0 0.0 
0.0 0.0 0.0 0.0 0.0 0.0 0.0 0.35 0.34418072837377023 0.0 0.2950088784382074 
0.0 0.0 0.18812393478628933 0.0 0.0 0.19583895655147185 0.0 0.19135122633091767 0.3190436956165493 0.10209816342688027 0.0 
0.0 0.0 0.0 0.0 0.0 0.0 0.0 0.35 0.34794211949215426 0.0 0.2982328932761238 
0.0 0.0 0.1677772795149821 0.0 0.0 0.2892800874483062 0.0 0.11786253191502175 0.26816352324721066 0.1176707302196501 0.0 
0.0 0.0 0.1907460554441138 0.0 0.0 0.12622669751505414 0.0 0.3391876363393122 0.34383961070151986 0.0 0.0 
0.0 0.0 0.0 0.0 0.0 0.0 0.0 0.35 0.35 0.29711704130632327 0.0 
0.0 0.0 0.18449809767523714 0.0 0.0 0.23384924363579923 0.0 0.14190309040479823 0.336416592689487 0.10333297559467833 0.0 
0.0 0.0 0.18676641021843993 0.0 0.0 0.1081481854374958 0.0 0.2699092678420858 0.33169672143515155 0.10347941506682695 0.0 
0.0 0.0 0.20885294737407373 0.0 0.0 0.14073914040489677 0.0 0.30382249553896606 0.3465854166820635 0.0 0.0 
0.0 0.0 0.20559441165176726 0.0 0.0 0.14394067829484974 0.0 0.30087036439738235 0.3495945456560006 0.0 0.0 
