-0.016723060783871913 0.0015954576182566178 
-0.009721619230193887 5.6381841502556535E-5 
-0.016723060783871913 0.0015954576182566178 
-0.009721619230193887 5.6381841502556535E-5 
-0.01657933485606918 9.5987616410102E-4 
-0.01672306078387191 0.0015954576182566165 
-0.016291883000463712 4.220030992684774E-4 
-0.01647868850072464 6.603139912017085E-4 
-0.016323698787024485 5.579123291306727E-4 
-0.01650256718188569 7.762862005678147E-4 
-0.012298734148994659 1.0527178156459968E-4 
-0.011921933462917589 1.0349485618200524E-4 
-0.013281174767343884 1.4947450916461905E-4 
-0.01593514102284098 3.3567099755275334E-4 
-0.016205008109507615 3.791391928812899E-4 
-0.016463218152638702 6.248962358557695E-4 
-0.016550881586492212 8.630353589183662E-4 
-0.01653798476105725 8.222960700147215E-4 
-0.016206654336050053 4.198937869943684E-4 
-0.01346682826486257 1.5083351324047658E-4 
-0.014378664438420492 1.9438578223628734E-4 
-0.01645035766493331 5.97609098854602E-4 
-0.014516350343084667 2.0129551737389483E-4 
-0.012475299680760955 1.1222941357701745E-4 
-0.009878443324561286 5.875443891352471E-5 
-0.010829242611214368 7.061560445680122E-5 
-0.01600735822094066 3.6660897155660577E-4 
-0.01657933485606918 9.5987616410102E-4 
-0.014027796523365084 1.8175179639856598E-4 
-0.010006237295453621 5.912068593408547E-5 
-0.015384618621349568 2.530714686176934E-4 
-0.01586998250502472 3.233807313448323E-4 
-0.013047246018187568 1.3369231225769809E-4 
-0.01605867481681806 3.6923233609395734E-4 
-0.013812590305201045 1.6764022467005826E-4 
-0.016561958272644457 8.99596149941159E-4 
-0.012666272524996533 1.1904849155907029E-4 
-0.015762129185421372 3.0037471136318695E-4 
-0.014133200937771552 1.8339251989155466E-4 
-0.015842899867692255 3.0540126248855E-4 
-0.010483176975094636 6.440422775867131E-5 
-0.011141449895792747 7.515186417972375E-5 
-0.012444599849281592 1.1102813757172297E-4 
-0.011406928240011237 8.971880249424288E-5 
-0.015256346022809644 2.447243969709409E-4 
-0.014211249462898567 1.8860834951257353E-4 
-0.015672681219235526 2.9541130989364117E-4 
-0.012899611339940845 1.2690008960772922E-4 
-0.01502476427023066 2.2707234701013865E-4 
-0.010761684937782998 6.934041821315386E-5 
-0.014299833550848287 1.9085319974436135E-4 
-0.014854520548506946 2.1782133049534793E-4 
-0.016571156852585117 9.310613020795567E-4 
-0.016531412313552495 8.022916780988451E-4 
-0.01487558501143713 2.1931887927739615E-4 
-0.010992327670439927 7.353639990872247E-5 
-0.011530585245546883 9.226295814584507E-5 
-0.011697250980493455 9.232790244844837E-5 
-0.016557616174177447 8.850911886285968E-4 
-0.01500476144435111 2.259515262823139E-4 
-0.010645973277828154 6.780891866591661E-5 
-0.010159643574470374 6.057070774196562E-5 
-0.009765921362202203 5.640008914344518E-5 
-0.010302213948522512 6.175927829139659E-5 
-0.014720240824446878 2.1098545471637833E-4 
-0.013909886658538444 1.8066760419278619E-4 
-0.016380986170799375 5.634065092419998E-4 
-0.010105944391522532 6.024001533094725E-5 
-0.010424888892551425 6.386407986163962E-5 
-0.011189642649599062 7.722785038038302E-5 
-0.01563316882332302 2.847990347384681E-4 
-0.01170491611013557 9.302937381735232E-5 
-0.015447169143415521 2.5413049126659867E-4 
-0.010994968260193614 7.358599728466645E-5 
-0.0146298885789734 2.096616496215359E-4 
-0.012298734148994659 1.0527178156459968E-4 
-0.014592798961963839 2.0487359614558724E-4 
-0.010268999091691537 6.13936331705117E-5 
-0.011284906733108476 7.824394435422382E-5 
-0.016525082040364118 7.835076205059509E-4 
-0.016437683996558657 5.726329514099379E-4 
-0.015551842426440686 2.791112915264042E-4 
-0.01672306078387191 0.0015954576182566165 
-0.015151970358009926 2.39926748944138E-4 
-0.013088659295628415 1.3559689684169564E-4 
-0.01277121092780642 1.257919294940512E-4 
-0.011816365799354718 1.006302715817188E-4 
-0.016573564185615917 9.394612523600225E-4 
-0.013531054286471396 1.5348952411266907E-4 
-0.012666272524996533 1.1904849155907029E-4 
-0.012881626267603708 1.2618889038624927E-4 
-0.013643275491644277 1.5873007286273887E-4 
-0.015151970358009926 2.39926748944138E-4 
-0.010645973277828154 6.780891866591661E-5 
-0.013165240309812767 1.3895249795368926E-4 
-0.015502861498675767 2.664786900925093E-4 
-0.011338860283372906 8.920970817339745E-5 
-0.015226110416382041 2.4330934677145507E-4 
-0.011816365799354718 1.006302715817188E-4 
-0.013165240309812767 1.3895249795368926E-4 
