-0.004801362365047045 2.4216277455363745E-5 
-0.014879962230956906 6.763244609296963E-4 
-0.01454057673390769 6.259919049675194E-4 
-0.006130481025795738 2.9919754607038744E-5 
-0.01452797894885486 5.252157885735954E-4 
-0.009623482348958944 9.272138108545121E-5 
-0.013824382639428092 4.057978257592181E-4 
-0.014643459154564968 6.407027521442364E-4 
-0.013744337658076006 3.9094846082638943E-4 
-0.01243351240725521 2.555097350045822E-4 
-0.010589232037590286 1.3248051839064243E-4 
-0.009367199195765018 8.706917842623947E-5 
-0.013113521555768278 3.015369359710583E-4 
-0.012359391551243132 2.417065551845959E-4 
-0.011864856668982866 2.08292483775463E-4 
-0.011988834853822237 2.14205076998273E-4 
-0.013199452343492497 3.1185709853672004E-4 
-0.010777978995256045 1.4063242346329028E-4 
-0.013862750922164612 4.1957371832397746E-4 
-0.01302405602800798 2.931589963826688E-4 
-0.006603481951762361 3.20854413548478E-5 
-0.010252201382830199 1.1644578078771073E-4 
-0.007795724776994778 4.3580483346330136E-5 
-0.007054630287930387 3.576398616325112E-5 
-0.012291684379809606 2.3555246195451458E-4 
-0.014465712408398551 5.116583935107375E-4 
-0.010381477162927848 1.2250273275484348E-4 
-0.008230253583266183 5.1954266243506304E-5 
-0.01217541112972755 2.268099427322179E-4 
-0.01405950105440488 4.583411145383943E-4 
-0.011205767645042013 1.68089552722601E-4 
-0.01482318216022798 6.675428774762019E-4 
-0.00929957440089524 8.210161735354332E-5 
-0.013363465878673013 3.376058314173357E-4 
-0.008431542444243167 5.670008152355809E-5 
-0.013536428627337081 3.556788449516091E-4 
-0.012111713083809079 2.2103101851554704E-4 
-0.013262465876718935 3.201746921756906E-4 
-0.01399611746166209 4.4165830014953516E-4 
-0.007977712994547146 4.787789837358378E-5 
-0.011470140493693815 1.8234187763895655E-4 
-0.013321460161838057 3.284058522746904E-4 
-0.009797722308680656 9.824296507733032E-5 
-0.010114881678151923 1.1217142527086115E-4 
-0.009133934182739722 7.639399911758393E-5 
-0.010498618287127287 1.2696470569388375E-4 
-0.012607229517071904 2.58140664360933E-4 
-0.013693269694880704 3.815848364633384E-4 
-0.012940856879715572 2.849997709209414E-4 
-0.014339751224331622 4.94026761901126E-4 
-0.011086782463932248 1.5969497531895818E-4 
-0.014761238926631727 6.58128124961928E-4 
-0.013553863737959752 3.668551748035396E-4 
-0.007629420399859997 4.294945039660549E-5 
-0.01418327227314679 4.822610467763117E-4 
-0.006791611637568911 3.39209290422799E-5 
-0.011591872584343446 1.9124421648226747E-4 
-0.011033140630723064 1.5815339050560088E-4 
-0.01172925995528328 1.992126207521837E-4 
-0.01266904684783238 2.6318677367995387E-4 
-0.010824793752476192 1.4517912037295385E-4 
-0.00637607702358128 3.0169111266154644E-5 
-0.0068691522357956294 3.536291818382443E-5 
-0.014118902737573592 4.731019986057166E-4 
-0.00875336278677635 6.581511100873276E-5 
-0.011766941553168339 1.9967891813959154E-4 
-0.011309951152780818 1.7113775441692923E-4 
-0.01000448806767382 1.0856627284447957E-4 
-0.014498772239019912 5.241621495438688E-4 
-0.014709549713621026 6.504039536590527E-4 
-0.008906257508360195 6.915823393903315E-5 
-0.01158546677282739 1.8842467848475728E-4 
-0.009867802554324123 1.008424413618158E-4 
-0.013425228827564077 3.471167470432366E-4 
-0.006412265224997267 3.081518420709665E-5 
-0.00995972781037982 1.0448253031163256E-4 
-0.007379199232580541 3.9174860398368005E-5 
-0.013963830045123972 4.4040258691042987E-4 
-0.008648154361125348 6.232941189026843E-5 
-0.01394074684162234 4.2921056692800115E-4 
-0.013651426019110409 3.743852560788429E-4 
-0.01283032281701841 2.790296053731768E-4 
-0.010937452504336826 1.4954983757853112E-4 
-0.013915984498934782 4.2768911736893085E-4 
-0.014292553432022969 4.885551941385031E-4 
-0.009040066777070721 7.231352292075391E-5 
-0.007255154180093472 3.779533247947951E-5 
-0.013618564065604414 3.711283727294741E-4 
-0.014433231194756079 5.014258219908329E-4 
-0.00852047211677164 5.836030208799705E-5 
-0.011366476023952438 1.7862664095623376E-4 
-0.014086723178041497 4.69791477128952E-4 
-0.014264866495847198 4.8420349290886693E-4 
-0.008856718645667193 6.69349433877234E-5 
-0.012768532985258863 2.723572600217024E-4 
-0.01408102080863394 4.6209994268248876E-4 
-0.01283159381011239 2.8323252164159083E-4 
-0.01271825077283676 2.705250374963645E-4 
-0.007506639899746383 4.15782000022047E-5 
-0.013452784717533684 3.4854315510267196E-4 
