0.17669180654220534 0.10867447819136533 0.16016998084806505 0.2286059565006755 0.0 0.0 0.0 0.1555541139622026 0.0 0.0 0.0 
0.0 0.2999996598456483 0.0 0.0 0.0 0.0 0.0 0.35 0.35 0.0 0.0 
0.0 0.2999996598456483 0.0 0.0 0.0 0.0 0.0 0.35 0.35 0.0 0.0 
0.10804607227718575 0.19186053616268658 0.0 0.0 0.0 0.0 0.0 0.35 0.35 0.0 0.0 
0.0 0.2604289476256274 0.0 0.0 0.0 0.0 0.0 0.35 0.35 0.0 0.0 
0.19730659469494544 0.11690832412060892 0.1682038982653966 0.23816796070279603 0.0 0.0 0.0 0.19739798968900293 0.0 0.0 0.0 
0.14839963664106187 0.12084935702200912 0.11958396678269984 0.28418000601556054 0.0 0.0 0.0 0.15738073667653352 0.1154115103679175 0.0 0.0 
0.19685086469075505 0.10641410765716235 0.16039762071258168 0.2501949137071705 0.0 0.0 0.0 0.16914891593153616 0.0 0.0 0.0 
0.0 0.14515259718572468 0.0 0.15346610464896973 0.0 0.0 0.0 0.35 0.35 0.0 0.0 
0.10464250854506632 0.10437405844008604 0.0 0.19695339711259066 0.0 0.0 0.0 0.24456767699284138 0.33725084407345546 0.0 0.0 
0.0 0.15553487987721892 0.0 0.14473675412991494 0.0 0.0 0.0 0.3497043488105797 0.35 0.0 0.0 
0.12175380423754051 0.17453830540561976 0.0 0.0 0.0 0.0 0.0 0.35 0.35 0.0 0.0 
0.11227300760162233 0.0 0.0 0.20447643839758375 0.0 0.0 0.0 0.3401815666091225 0.3430689873916714 0.0 0.0 
0.1076313393096564 0.10486455433196575 0.0 0.2705545260742807 0.0 0.0 0.0 0.2177162574067349 0.2992333228773622 0.0 0.0 
0.11442686517331327 0.12139063575274411 0.0 0.3184581414713319 0.0 0.0 0.0 0.21722677326495618 0.22849758433765452 0.0 0.0 
0.11592971983581778 0.11318887759021502 0.0 0.2720340053645133 0.0 0.0 0.0 0.26287643719051446 0.22509134958132895 0.0 0.0 
0.11060357469804934 0.11295715703832186 0.0 0.2856486176524861 0.0 0.0 0.0 0.20748854259835928 0.28330210801278344 0.0 0.0 
0.10202981139549272 0.0 0.0 0.23614628054882073 0.0 0.0 0.0 0.3319967248962318 0.3298271831594547 0.0 0.0 
0.14553944016832218 0.12933084991802823 0.10530091042844018 0.24681354936935185 0.0 0.0 0.0 0.18041431904050761 0.19260093107534978 0.0 0.0 
0.17024689855900974 0.11963932582917834 0.0 0.0 0.0 0.0 0.0 0.35 0.35 0.0 0.0 
0.10558140361384244 0.0 0.0 0.23180132836551307 0.0 0.0 0.0 0.34752931933980197 0.31508794868084244 0.0 0.0 
0.1068793974592021 0.0 0.0 0.25549456807195264 0.0 0.0 0.0 0.3155990479094743 0.32202698655937095 0.0 0.0 
0.11317766282121598 0.0 0.0 0.28064050737860435 0.0 0.0 0.0 0.31440673866514224 0.2872716928647687 0.0 0.0 
0.11025546127915689 0.0 0.0 0.2754678633096313 0.0 0.0 0.0 0.3291889822143496 0.2850876931968621 0.0 0.0 
0.13528377957203339 0.10329396965698784 0.10318719034438119 0.24586071781955013 0.0 0.0 0.0 0.23635545660634283 0.1760188860007046 0.0 0.0 
0.0 0.0 0.0 0.2999994402344617 0.0 0.0 0.0 0.35 0.35 0.0 0.0 
0.12589564382557508 0.0 0.0 0.17369107530113925 0.0 0.0 0.0 0.35 0.35 0.0 0.0 
0.14028544034039053 0.12466198309794359 0.10149952872302608 0.23470648543173417 0.0 0.0 0.0 0.20971367896264725 0.18564800300609907 0.0 0.0 
0.0 0.18531982638585226 0.0 0.11767107918263142 0.0 0.0 0.0 0.35 0.34476957926842183 0.0 0.0 
0.0 0.29301347157346797 0.0 0.0 0.0 0.0 0.0 0.35 0.35 0.0 0.0 
0.21261595430807714 0.1149364372207028 0.17324329893152954 0.270232139566392 0.0 0.0 0.0 0.18269545443682922 0.0 0.0 0.0 
0.16644268942951493 0.11696595545110823 0.0 0.0 0.0 0.0 0.0 0.35 0.3442461073545478 0.0 0.0 
0.10216445490344564 0.10259130419113172 0.0 0.28526148772537935 0.0 0.0 0.0 0.22067020158443837 0.2893125515956051 0.0 0.0 
0.14022708316245416 0.10140231282389872 0.1014102177126594 0.2515754302830389 0.0 0.0 0.0 0.23124404534627857 0.17414091067167026 0.0 0.0 
0.10274739879210062 0.11030100167286395 0.0 0.29485145747848057 0.0 0.0 0.0 0.22479420024030453 0.2673059418162502 0.0 0.0 
0.11012398600606062 0.10056550783859655 0.0 0.25494422037466485 0.0 0.0 0.0 0.2402602794619019 0.29410600631877604 0.0 0.0 
0.13152933239296674 0.11667463738925866 0.10312436240071488 0.2769281002575829 0.0 0.0 0.0 0.16084100458956938 0.19714508367215194 0.0 0.0 
0.0 0.18730272434190529 0.0 0.11253884146470607 0.0 0.0 0.0 0.35 0.35 0.0 0.0 
0.13946249303869354 0.15640919650076168 0.0 0.0 0.0 0.0 0.0 0.35 0.35 0.0 0.0 
0.10442398531232416 0.10528083907100637 0.0 0.24178395256898386 0.0 0.0 0.0 0.20274926252000558 0.34576196052768 0.0 0.0 
0.15899999194694817 0.14234352610354395 0.0 0.0 0.0 0.0 0.0 0.34932824097475396 0.34932824097475396 0.0 0.0 
0.15698098211120753 0.12364868544260851 0.1217928815107155 0.29421782406592 0.0 0.0 0.0 0.17291036944691984 0.13044925742262858 0.0 0.0 
0.11150701073453488 0.0 0.0 0.17982449340118808 0.0 0.0 0.0 0.35 0.34884081844003845 0.0 0.0 
0.10331893529748014 0.0 0.0 0.23529634059893978 0.0 0.0 0.0 0.32378572132801625 0.337599002775564 0.0 0.0 
0.10790547308732641 0.0 0.0 0.2799549006177478 0.0 0.0 0.0 0.3152400346633907 0.2968995916315351 0.0 0.0 
0.15177451190540528 0.12359768926160795 0.12230352176707725 0.2906427716572488 0.0 0.0 0.0 0.1609598583463423 0.11803617617153593 0.0 0.0 
0.10718286266430671 0.0 0.0 0.19604633735295862 0.0 0.0 0.0 0.34967077253728557 0.34710002744544904 0.0 0.0 
0.10740972137276071 0.0 0.0 0.19772408495671284 0.0 0.0 0.0 0.35 0.33980148611226463 0.0 0.0 
0.0 0.1021145060226531 0.0 0.20267651091726077 0.0 0.0 0.0 0.3483754425587988 0.34683354050128734 0.0 0.0 
0.0 0.13284568745474468 0.0 0.16706577127682964 0.0 0.0 0.0 0.35 0.35 0.0 0.0 
0.14957584668874108 0.14531695108267284 0.10438652566724191 0.2896637032931427 0.0 0.0 0.0 0.1755934898894745 0.13546348337872693 0.0 0.0 
0.11396816114430285 0.11362960188535322 0.0 0.29644929573125817 0.0 0.0 0.0 0.20596565396896144 0.26998728727012444 0.0 0.0 
0.16453850801739292 0.10702329560173181 0.12271743624108321 0.2697031308807694 0.0 0.0 0.0 0.17973143315808143 0.0 0.0 0.0 
0.1016597855345294 0.10801339266681521 0.0 0.10407213610836863 0.0 0.0 0.0 0.34303516635080417 0.3432195193394826 0.0 0.0 
0.10306689027868329 0.0 0.0 0.20921457383884706 0.0 0.0 0.0 0.34800418056112337 0.3397143553213463 0.0 0.0 
0.0 0.11064284285311865 0.0 0.20551639248941653 0.0 0.0 0.0 0.3416781717378217 0.34216259291964307 0.0 0.0 
0.14632847583558625 0.12404136711007198 0.10550086687447653 0.2425337985469392 0.0 0.0 0.0 0.1945683195492813 0.1870271720836447 0.0 0.0 
0.10649513192382977 0.10755629425067952 0.10024377556419323 0.2458693073149188 0.0 0.0 0.0 0.23524935271368733 0.20458613823269145 0.0 0.0 
0.14079873943354182 0.11039110208178948 0.1120296382050627 0.24454098554916112 0.0 0.0 0.0 0.21041801363005122 0.18182152110039368 0.0 0.0 
0.20110756865743376 0.1071276948359323 0.16705630857181808 0.255116136505509 0.0 0.0 0.0 0.18046204891969103 0.0 0.0 0.0 
0.16120134511518647 0.1336111834323308 0.1235941236081658 0.2949139204763635 0.0 0.0 0.0 0.16411183529584464 0.12256759207210889 0.0 0.0 
0.0 0.16514819710791415 0.0 0.13402663309271265 0.0 0.0 0.0 0.3497903351370367 0.3497903351370367 0.0 0.0 
0.1314040505640772 0.101775882706511 0.10001953118547743 0.23811662281276705 0.0 0.0 0.0 0.2553730101327183 0.173310902598449 0.0 0.0 
0.1024697256323182 0.10479046174509075 0.0 0.2504373757439694 0.0 0.0 0.0 0.24529537412760935 0.2970070627510123 0.0 0.0 
0.0 0.28531916371757066 0.0 0.0 0.0 0.0 0.0 0.35 0.35 0.0 0.0 
0.0 0.10633637402321307 0.0 0.2052407229354694 0.0 0.0 0.0 0.3442832602244522 0.3441396428168654 0.0 0.0 
0.0 0.26627084534970935 0.0 0.0 0.0 0.0 0.0 0.35 0.35 0.0 0.0 
0.10103483829525027 0.10357425147033941 0.0 0.2502836255798403 0.0 0.0 0.0 0.25674361306467386 0.2883636715898963 0.0 0.0 
0.10113347308792649 0.10196332646198411 0.0 0.23416507986256616 0.0 0.0 0.0 0.24973299985382225 0.313005120733701 0.0 0.0 
0.11396816114430285 0.11362960188535322 0.0 0.29644929573125817 0.0 0.0 0.0 0.20596565396896144 0.26998728727012444 0.0 0.0 
0.13878315758916707 0.14365421739962114 0.10168276953551982 0.26022876082049007 0.0 0.0 0.0 0.18007855419643917 0.17557254045876286 0.0 0.0 
0.11007201792553753 0.10666086102216733 0.0 0.22985158777674047 0.0 0.0 0.0 0.2666140722485152 0.2868014610270396 0.0 0.0 
0.13828822200981616 0.12288719309005076 0.10111710318516125 0.2742375260648973 0.0 0.0 0.0 0.18046498953888523 0.18300496611118933 0.0 0.0 
0.1014584801075425 0.0 0.0 0.2509494930568064 0.0 0.0 0.0 0.3338891792104693 0.3137028476251819 0.0 0.0 
0.15307502801001127 0.12325537602556484 0.12373473933399157 0.2980725093537809 0.0 0.0 0.0 0.16525882157912508 0.11907191786536361 0.0 0.0 
0.0 0.11603876924431833 0.0 0.1724534024436864 0.0 0.0 0.0 0.35 0.35 0.0 0.0 
0.0 0.11310722511062539 0.0 0.18685526999680532 0.0 0.0 0.0 0.35 0.35 0.0 0.0 
0.2182891035382794 0.12650679688051109 0.16342796860507788 0.25789096798567757 0.0 0.0 0.0 0.17057499572669 0.0 0.0 0.0 
0.10226327948364941 0.10365431428979881 0.0 0.254536828423997 0.0 0.0 0.0 0.24622828863700102 0.2933172891655538 0.0 0.0 
0.13235650617363595 0.12118835585333736 0.105187931109394 0.2828535465013209 0.0 0.0 0.0 0.1751357610867733 0.18327789927553836 0.0 0.0 
0.11562759472978688 0.12093799516906684 0.0 0.30883149531972137 0.0 0.0 0.0 0.16665048068199215 0.2879524340994328 0.0 0.0 
0.0 0.27556543450645204 0.0 0.0 0.0 0.0 0.0 0.35 0.35 0.0 0.0 
0.10211280028243111 0.0 0.0 0.2620076381679397 0.0 0.0 0.0 0.33864633539294353 0.29453067807225847 0.0 0.0 
0.0 0.2711589943945983 0.0 0.0 0.0 0.0 0.0 0.35 0.35 0.0 0.0 
0.14586354034083593 0.13005751656075226 0.11707160471159272 0.3026096104918461 0.0 0.0 0.0 0.18227399595745838 0.12212373193751462 0.0 0.0 
0.11007201792553753 0.10666086102216733 0.0 0.22985158777674047 0.0 0.0 0.0 0.2666140722485152 0.2868014610270396 0.0 0.0 
0.0 0.16524718719036366 0.0 0.1341069688619951 0.0 0.0 0.0 0.35 0.35 0.0 0.0 
0.1122492164356364 0.0 0.0 0.24076628924478802 0.0 0.0 0.0 0.3186996558443999 0.32828483847517564 0.0 0.0 
0.0 0.16963997484372095 0.0 0.11656708336462365 0.0 0.0 0.0 0.3499143849433586 0.3499143849433586 0.0 0.0 
0.0 0.13275786888445748 0.0 0.16695533128093246 0.0 0.0 0.0 0.3498128714222904 0.3498128714222904 0.0 0.0 
0.10113347308792649 0.10196332646198411 0.0 0.23416507986256616 0.0 0.0 0.0 0.24973299985382225 0.313005120733701 0.0 0.0 
0.10102270102188755 0.10368193872498195 0.0 0.2502535591113515 0.0 0.0 0.0 0.2567127705605587 0.28832903058122034 0.0 0.0 
0.1046602806964902 0.0 0.0 0.2745063559708495 0.0 0.0 0.0 0.34923938741086824 0.2715939759217922 0.0 0.0 
0.0 0.10269426661355147 0.0 0.1979550380529484 0.0 0.0 0.0 0.3492664163789451 0.35 0.0 0.0 
0.0 0.16968148138554903 0.0 0.11659560433396421 0.0 0.0 0.0 0.35 0.35 0.0 0.0 
0.0 0.10574935120058565 0.0 0.1848633058573647 0.0 0.0 0.0 0.35 0.35 0.0 0.0 
0.10769103659418942 0.0 0.0 0.26051632552604503 0.0 0.0 0.0 0.2920755225453909 0.3397171153343746 0.0 0.0 
0.15743364161572884 0.12789441358236744 0.11833648542807514 0.2571600416723225 0.0 0.0 0.0 0.18301742983733488 0.1561579878641712 0.0 0.0 
0.11389953905096895 0.13146995834599098 0.0 0.32426798204013446 0.0 0.0 0.0 0.19566120658147382 0.23470131398143176 0.0 0.0 
0.13719468839284718 0.12101925811109636 0.11120260273288031 0.2683699182739337 0.0 0.0 0.0 0.17347542198092086 0.15440000907234797 0.0 0.0 
