0.0 0.3000000000000001 0.0 0.0 0.0 0.0 0.0 0.35 0.35 0.0 0.0 
0.20272964173188235 0.0 0.24721255856001798 0.0 0.0 0.0 0.0 0.35 0.10005779970809964 0.1 0.0 
0.0 0.3000000000000001 0.0 0.0 0.0 0.0 0.0 0.35 0.35 0.0 0.0 
0.0 0.2 0.0 0.0 0.0 0.0 0.1 0.35 0.3499999999999999 0.0 0.0 
0.0 0.29999999999999993 0.0 0.0 0.0 0.0 0.0 0.35 0.35 0.0 0.0 
0.0 0.22640917036311684 0.0 0.0 0.0 0.0 0.1 0.35 0.32359082963688324 0.0 0.0 
0.1 0.19999999999999998 0.0 0.0 0.0 0.0 0.0 0.35 0.35 0.0 0.0 
0.0 0.2 0.0 0.0 0.0 0.0 0.1 0.35 0.3499999999999999 0.0 0.0 
0.0 0.29999999999999993 0.0 0.0 0.0 0.0 0.0 0.35 0.35 0.0 0.0 
0.0 0.21214224934032244 0.0 0.0 0.0 0.0 0.1 0.35 0.3378577506596776 0.0 0.0 
0.18434954627670083 0.0 0.1725530285835012 0.0 0.0 0.0 0.0 0.35 0.19309742513979794 0.1 0.0 
0.1 0.10043389521171067 0.0 0.0 0.0 0.0 0.0 0.35 0.34955318105486466 0.10001292373342459 0.0 
0.17287864947283443 0.0 0.12947533370218806 0.0 0.0 0.0 0.0 0.35 0.2476460168249776 0.1 0.0 
0.23330480980328974 0.10501300219306914 0.0 0.0 0.0 0.0 0.0 0.35 0.2116821880036411 0.1 0.0 
0.21759356734181434 0.0 0.13307778566070633 0.0 0.0 0.0 0.0 0.35 0.19932864699747943 0.1 0.0 
0.20263053173916548 0.0 0.16672626254998063 0.0 0.0 0.0 0.0 0.35 0.18064320571085393 0.1 0.0 
0.1398675715061874 0.17461713515300392 0.0 0.0 0.0 0.0 0.0 0.35 0.33551529334080876 0.0 0.0 
0.180538852592784 0.0 0.20493506129314248 0.0 0.0 0.0 0.0 0.35 0.1645260861140736 0.1 0.0 
0.15598550600255473 0.10738131116348638 0.0 0.0 0.0 0.0 0.0 0.35 0.2866331828339589 0.1 0.0 
0.2450058229153589 0.1 0.0 0.0 0.0 0.0 0.0 0.35 0.20137552512546167 0.10361865195917944 0.0 
0.2225665819293968 0.0 0.12212635885207462 0.0 0.0 0.0 0.0 0.35 0.20530705921852868 0.1 0.0 
0.23189942574351774 0.1 0.0 0.0 0.0 0.0 0.0 0.35 0.1899711477742656 0.12812942648221667 0.0 
0.19965596234269894 0.0 0.1 0.0 0.0 0.0 0.0 0.35 0.24876860815049184 0.10157542950680921 0.0 
0.21322016036653554 0.10943985059347315 0.0 0.0 0.0 0.0 0.0 0.35 0.22267370758956795 0.10466628145042331 0.0 
0.16858433298526881 0.10619587136474014 0.0 0.0 0.0 0.0 0.0 0.35 0.27521979564999105 0.1 0.0 
0.17284678239967474 0.1 0.0 0.0 0.0 0.0 0.0 0.35 0.27099897141347196 0.10615424618685328 0.0 
0.21603242788502902 0.0 0.16945668780074902 0.0 0.0 0.0 0.0 0.35 0.164510884314222 0.1 0.0 
0.12234592316903457 0.1 0.0 0.0 0.0 0.0 0.0 0.35 0.3272389159928527 0.10041516083811274 0.0 
0.18252323810937982 0.15061773571615977 0.0 0.0 0.0 0.0 0.0 0.35 0.3168590261744604 0.0 0.0 
0.2453037657335873 0.11207063115222536 0.0 0.0 0.0 0.0 0.0 0.35 0.1926256031141874 0.1 0.0 
0.20745263225836208 0.0 0.10662606327008327 0.0 0.0 0.0 0.0 0.35 0.2359213044715547 0.1 0.0 
0.11764696087363592 0.1 0.0 0.0 0.0 0.0 0.0 0.35 0.3308066383214121 0.10154640080495199 0.0 
0.167198105531762 0.13280189446823798 0.0 0.0 0.0 0.0 0.0 0.35 0.35 0.0 0.0 
0.13072681682107584 0.16927318317892426 0.0 0.0 0.0 0.0 0.0 0.35 0.35 0.0 0.0 
0.19483484871720758 0.0 0.24543178822694534 0.0 0.0 0.0 0.0 0.35 0.1097333630558471 0.1 0.0 
0.1939929519288882 0.12172206121732389 0.0 0.0 0.0 0.0 0.0 0.35 0.33428498685378794 0.0 0.0 
0.14445298546273183 0.11598555100578482 0.0 0.0 0.0 0.0 0.0 0.35 0.2895614635314833 0.1 0.0 
0.1436088564352694 0.15639114356473063 0.0 0.0 0.0 0.0 0.0 0.35 0.35 0.0 0.0 
0.18493525244121176 0.0 0.24456048019148166 0.0 0.0 0.0 0.0 0.35 0.12050426736730672 0.1 0.0 
0.1762270405729019 0.0 0.17487524284060285 0.0 0.0 0.0 0.0 0.35 0.1988977165864953 0.1 0.0 
0.10745932157978247 0.1 0.0 0.0 0.0 0.0 0.0 0.35 0.34247368789535493 0.1000669905248626 0.0 
0.21099766833060943 0.1 0.0 0.0 0.0 0.0 0.0 0.35 0.23603336207340544 0.10296896959598528 0.0 
0.1 0.10287307640710452 0.0 0.0 0.0 0.0 0.0 0.35 0.3447818973167842 0.10234502627611135 0.0 
0.20777519228798622 0.0 0.16672769877193097 0.0 0.0 0.0 0.0 0.35 0.17549710894008289 0.1 0.0 
0.21518295211727106 0.0 0.18257136451901665 0.0 0.0 0.0 0.0 0.35 0.15224568336371233 0.1 0.0 
0.20082427119628468 0.10346673579194118 0.0 0.0 0.0 0.0 0.0 0.35 0.24570899301177418 0.1 0.0 
0.1142231907731524 0.10077316708819382 0.0 0.0 0.0 0.0 0.0 0.35 0.33500364213865386 0.1 0.0 
0.16881795017191537 0.13524897564444993 0.0 0.0 0.0 0.0 0.0 0.35 0.3459330741836347 0.0 0.0 
0.1409960967856662 0.10062056276566009 0.0 0.0 0.0 0.0 0.0 0.35 0.30838334044867377 0.1 0.0 
0.1133884776187295 0.18661152238127046 0.0 0.0 0.0 0.0 0.0 0.35 0.35 0.0 0.0 
0.16551521409485506 0.10472300570636366 0.0 0.0 0.0 0.0 0.0 0.35 0.27976178019878134 0.1 0.0 
0.18932433687313888 0.0 0.10086775696927044 0.0 0.0 0.0 0.0 0.35 0.25980790615759075 0.1 0.0 
0.18723341858408385 0.0 0.2327071351793221 0.0 0.0 0.0 0.0 0.35 0.13005944623659416 0.1 0.0 
0.16091079560716226 0.10482383269591941 0.0 0.0 0.0 0.0 0.0 0.35 0.28426537169691835 0.1 0.0 
0.17710297657155122 0.14160366448658865 0.0 0.0 0.0 0.0 0.0 0.35 0.3312933589418602 0.0 0.0 
0.1229983837511037 0.17700161624889643 0.0 0.0 0.0 0.0 0.0 0.35 0.35 0.0 0.0 
0.18585906705859379 0.10351289137247845 0.0 0.0 0.0 0.0 0.0 0.35 0.2606280415689278 0.1 0.0 
0.17704056458893502 0.11165409333150687 0.0 0.0 0.0 0.0 0.0 0.35 0.2613053420795582 0.1 0.0 
0.1296958376649278 0.10697104891324184 0.0 0.0 0.0 0.0 0.0 0.35 0.31333311342183034 0.1 0.0 
0.1379185392541153 0.16208146074588478 0.0 0.0 0.0 0.0 0.0 0.35 0.35 0.0 0.0 
0.2012720039410494 0.0 0.21545657293228132 0.0 0.0 0.0 0.0 0.35 0.13327142312666934 0.1 0.0 
0.20548229470066057 0.0 0.19650483454347334 0.0 0.0 0.0 0.0 0.35 0.1480128707558661 0.1 0.0 
0.19803714905995418 0.1 0.0 0.0 0.0 0.0 0.0 0.35 0.24371305645543911 0.10824979448460686 0.0 
0.19652327879324483 0.1 0.0 0.0 0.0 0.0 0.0 0.35 0.2531838380252561 0.10029288318149913 0.0 
0.16080643171170608 0.15826538689048306 0.0 0.0 0.0 0.0 0.0 0.35 0.3309281813978109 0.0 0.0 
0.19539472686483472 0.0 0.21093695859920336 0.0 0.0 0.0 0.0 0.35 0.1436683145359619 0.1 0.0 
0.1339894840042307 0.10617556601646581 0.0 0.0 0.0 0.0 0.0 0.35 0.30983494997930344 0.1 0.0 
0.21222991377093559 0.0 0.11329967943663038 0.0 0.0 0.0 0.0 0.35 0.224470406792434 0.1 0.0 
0.19542410479027628 0.0 0.1 0.0 0.0 0.0 0.0 0.35 0.2530673657969979 0.1015085294127258 0.0 
0.10708390855506908 0.1929160914449309 0.0 0.0 0.0 0.0 0.0 0.35 0.35 0.0 0.0 
0.1961845423107131 0.0 0.21656817036051929 0.0 0.0 0.0 0.0 0.35 0.13724728732876773 0.1 0.0 
0.11860541651845022 0.18139458348154985 0.0 0.0 0.0 0.0 0.0 0.35 0.35 0.0 0.0 
0.22539466775310152 0.10505775870088198 0.0 0.0 0.0 0.0 0.0 0.35 0.21954757354601662 0.1 0.0 
0.1442423746296799 0.10139435519606452 0.0 0.0 0.0 0.0 0.0 0.35 0.30436327017425574 0.1 0.0 
0.20011977861128102 0.0 0.24390689910028884 0.0 0.0 0.0 0.0 0.35 0.10597332228843014 0.1 0.0 
0.2205287470822924 0.0 0.12066977961172043 0.0 0.0 0.0 0.0 0.35 0.20880147330598722 0.1 0.0 
0.14493066697421325 0.10444116382707452 0.0 0.0 0.0 0.0 0.0 0.35 0.30062816919871227 0.1 0.0 
0.12672232439631553 0.10244498491597137 0.0 0.0 0.0 0.0 0.0 0.35 0.32083269068771314 0.1 0.0 
0.19506179205129645 0.0 0.23019674069404428 0.0 0.0 0.0 0.0 0.35 0.12474146725465929 0.1 0.0 
0.2111864467275844 0.0 0.19037557953056627 0.0 0.0 0.0 0.0 0.35 0.14843797374184944 0.1 0.0 
0.19048577081703988 0.10252834600086458 0.0 0.0 0.0 0.0 0.0 0.35 0.2569858831820956 0.1 0.0 
0.19249914137582452 0.1307966467974115 0.0 0.0 0.0 0.0 0.0 0.35 0.326704211826764 0.0 0.0 
0.19053210554842254 0.0 0.1243880403068916 0.0 0.0 0.0 0.0 0.35 0.23507985414468593 0.1 0.0 
0.12672232439631553 0.10244498491597137 0.0 0.0 0.0 0.0 0.0 0.35 0.32083269068771314 0.1 0.0 
0.23181996397835655 0.10054384008056298 0.0 0.0 0.0 0.0 0.0 0.35 0.21763619594108055 0.1 0.0 
0.16382046519339616 0.16089525048501727 0.0 0.0 0.0 0.0 0.0 0.35 0.3252842843215866 0.0 0.0 
0.173588089096682 0.0 0.17221576268930622 0.0 0.0 0.0 0.0 0.35 0.20419614821401194 0.1 0.0 
0.20007820909117438 0.0 0.12341109551213857 0.0 0.0 0.0 0.0 0.35 0.22651069539668717 0.1 0.0 
0.1873242756614549 0.0 0.13734502613981525 0.0 0.0 0.0 0.0 0.35 0.22533069819872992 0.1 0.0 
0.14904674743696264 0.10340513200624173 0.0 0.0 0.0 0.0 0.0 0.35 0.2975481205567957 0.1 0.0 
0.10417225424383855 0.19582774575616155 0.0 0.0 0.0 0.0 0.0 0.35 0.35 0.0 0.0 
0.19515307047380898 0.0 0.21253488441660653 0.0 0.0 0.0 0.0 0.35 0.14231204510958453 0.1 0.0 
0.19053210554842254 0.0 0.1243880403068916 0.0 0.0 0.0 0.0 0.35 0.23507985414468593 0.1 0.0 
0.10730104706700544 0.1 0.0 0.0 0.0 0.0 0.0 0.35 0.33859102613159775 0.10410792680139683 0.0 
0.17905034869866013 0.0 0.16686462909770322 0.0 0.0 0.0 0.0 0.35 0.20408502220363667 0.1 0.0 
0.18745671748369613 0.0 0.24001501307160886 0.0 0.0 0.0 0.0 0.35 0.12252826944469512 0.1 0.0 
0.1793508590589338 0.12866938807562459 0.0 0.0 0.0 0.0 0.0 0.35 0.3419797528654416 0.0 0.0 
0.178432781661925 0.0 0.1454894627903826 0.0 0.0 0.0 0.0 0.35 0.2260777555476924 0.1 0.0 
0.21430446798779648 0.0 0.167179251778985 0.0 0.0 0.0 0.0 0.35 0.1685162802332186 0.1 0.0 
0.19102440386991743 0.1 0.0 0.0 0.0 0.0 0.0 0.35 0.25580314929702386 0.10317244683305868 0.0 
