-0.014217296404181977 3.164776265598369E-4 
-0.005487129158330518 5.021563573636056E-5 
-0.014217296404181977 3.164776265598369E-4 
-0.01299099518104185 2.311454234619135E-4 
-0.013101191527476425 2.3868737995808337E-4 
-0.011713572293278265 1.5632656834897455E-4 
-0.012906548454619892 2.254154965017739E-4 
-0.008069885413301161 7.584631154674208E-5 
-0.012661205329211332 2.0159456997444525E-4 
-0.011571704549200852 1.516556021206914E-4 
-0.012534278053943986 1.920593278459929E-4 
-0.007909796724461033 7.200859777676886E-5 
-0.014111066640376996 3.117739622586199E-4 
-0.012728296877530323 2.0919615512179516E-4 
-0.011393833027090829 1.462900501603586E-4 
-0.012541924557790981 2.0060154963354426E-4 
-0.011340949716018456 1.399451980868861E-4 
-0.010988753998910325 1.2891598762245404E-4 
-0.005691047311338469 5.160678818198607E-5 
-0.013541015475754859 2.754187889929013E-4 
-0.006980872305070928 6.295566732005995E-5 
-0.012227775834659284 1.757559064080197E-4 
-0.00615483187013268 5.4226307535970626E-5 
-0.010020619238780386 1.060264265866142E-4 
-0.008376039491243392 7.893501716879349E-5 
-0.010862670745640816 1.2503217982259352E-4 
-0.008593087402297781 8.347693967786162E-5 
-0.012311559699977055 1.8088941253279048E-4 
-0.013295841798345231 2.5933723221149347E-4 
-0.006837941803463794 6.11773438026566E-5 
-0.008451538119038983 8.189762454232895E-5 
-0.007588245758404368 6.836556161092321E-5 
-0.012361608314185708 1.8311927849459038E-4 
-0.013605498806894155 2.8250238731691065E-4 
-0.007457642213893666 6.691600416583306E-5 
-0.013127692742757577 2.498666747636232E-4 
-0.006450011179486095 5.6233244318163453E-5 
-0.005989930904174727 5.2610174323036745E-5 
-0.009245165751320023 9.152645348313713E-5 
-0.008869328169214786 8.71675146199567E-5 
-0.011898156564469412 1.6218660100918885E-4 
-0.011996753272165456 1.6457529203102363E-4 
-0.005855198366256624 5.1745110666092E-5 
-0.012801921357954162 2.1387088111034954E-4 
-0.014096178741380229 3.066074668683055E-4 
-0.013768720697378736 2.84294378012717E-4 
-0.009010761707104837 8.945632703082048E-5 
-0.013861050284908884 2.899395577938001E-4 
-0.010626445214774601 1.1847377863752802E-4 
-0.014015637591630605 3.0052742573354556E-4 
-0.01071293746489925 1.2101675440920834E-4 
-0.00910808410157895 8.982409825486739E-5 
-0.011024308748304922 1.3303932224575775E-4 
-0.013386254728180228 2.6512816302863703E-4 
-0.012428631065325412 1.8835498779334772E-4 
-0.006632652191378226 5.773284382360309E-5 
-0.010134328571556106 1.0907293544885058E-4 
-0.01393894434010631 2.955590537003569E-4 
-0.013476593898995332 2.738566076048601E-4 
-0.010789806130862953 1.229300602138771E-4 
-0.007738400833072268 6.948610531891538E-5 
-0.013319332646290042 2.617229245133601E-4 
-0.014054394321260755 3.034049634489767E-4 
-0.0071721298681534495 6.483128056598501E-5 
-0.008719121997074156 8.573587505538387E-5 
-0.01114468855264217 1.3335546070898676E-4 
-0.010289000400127922 1.1193412898655053E-4 
-0.009668145734093617 9.831697619294478E-5 
-0.009785032755192036 1.0230450015220386E-4 
-0.013229551612379785 2.532152427530565E-4 
-0.011246967078238019 1.3768509021385973E-4 
-0.012877112181472533 2.186137045115787E-4 
-0.013872861158139363 2.906983047256578E-4 
-0.012185040330038862 1.7240068100998047E-4 
-0.010472874665994766 1.1559207311065025E-4 
-0.006632652191378226 5.773284382360309E-5 
-0.013452587773685513 2.6948180238540304E-4 
-0.007797463894409874 7.056299479194574E-5 
-0.012888416616889553 2.1925999878119146E-4 
-0.005490688051709692 5.023174637309731E-5 
-0.01019645154103422 1.0960198777396437E-4 
-0.006450011179486095 5.6233244318163453E-5 
-0.010547040921351112 1.1654822675360717E-4 
-0.011184512318784248 1.3656570028544886E-4 
-0.011847630678112321 1.5886203660527907E-4 
-0.013108164225529944 2.455739567853515E-4 
-0.013962864701603486 2.967530173351311E-4 
-0.011515127197569128 1.4810177299922364E-4 
-0.009465239798850252 9.489196121330388E-5 
-0.012458024161545055 1.8932143871801336E-4 
-0.012789443291401473 2.1117400135972929E-4 
-0.012141382214295487 1.7050288877779583E-4 
-0.013733964394461479 2.8381698408120194E-4 
-0.01206111025019106 1.6742761041343708E-4 
-0.008218185461456468 7.691294555283442E-5 
-0.013229514784267118 2.531785604579909E-4 
-0.01343616861545439 2.673342536087143E-4 
-0.006868060956488061 6.173983647748605E-5 
-0.01038537758277622 1.1368251399583351E-4 
-0.008765740833302504 8.664409153205394E-5 
