-0.014805555974249724 6.591216372155806E-4 
-0.002558580923002983 8.035975317935866E-5 
-0.002558580923002983 8.035975317935866E-5 
-0.014805555974249724 6.591216372155806E-4 
-0.014608837289780303 4.983488619550105E-4 
-0.01480555597424972 6.591216372155804E-4 
-0.014426635887351009 3.9084287376832936E-4 
-0.014452502290123223 4.714134222202559E-4 
-0.014366928462006729 3.822257945593619E-4 
-0.014217296404181977 3.164776265598369E-4 
-0.003653443014293568 8.122270798907901E-5 
-0.0025955540216161905 8.098727324681054E-5 
-0.0037154794082768948 8.187416815797403E-5 
-0.004482575544609507 8.191682151170937E-5 
-0.005455203179263287 8.94134621007411E-5 
-0.01397542133312957 2.984295500786264E-4 
-0.0051317836365845195 8.596216659002146E-5 
-0.014106218663304703 3.103776416278562E-4 
-0.009482184109945271 1.430144005817151E-4 
-0.010092631083102923 1.5579220577239397E-4 
-0.010702674046879237 1.7287490128477316E-4 
-0.014572477230446367 4.7371498101323015E-4 
-0.004911389458056115 8.566219605229733E-5 
-0.014594338058886346 4.883355769372488E-4 
-0.013861894767815398 2.899935328958259E-4 
-0.01120246697477936 1.8560072538628252E-4 
-0.01242314989538799 2.167296881430355E-4 
-0.010292010281461228 1.605956709133887E-4 
-0.009613693207447909 1.4526799131680084E-4 
-0.008989003779031918 1.343686197599164E-4 
-0.012035041362929872 2.0747568668021775E-4 
-0.011085384479871011 1.8200166677517676E-4 
-0.012274737432744997 2.1256638066992456E-4 
-0.007716329198777491 1.1406071933471445E-4 
-0.010363190323485835 1.6458477863923773E-4 
-0.006391901113744079 9.636315342721177E-5 
-0.011634156320392485 1.9690079212706697E-4 
-0.011385407745720317 1.8989036744947453E-4 
-0.013669024329583248 2.83063926789141E-4 
-0.01352722563082915 2.797196768384782E-4 
-0.010853751890924962 1.7690030342708138E-4 
-0.012764950817582641 2.2919207219936893E-4 
-0.008254255186340745 1.216552396578243E-4 
-0.013403753984278604 2.6532880628105565E-4 
-0.006963587620938004 1.0574764302949719E-4 
-0.006096321688435212 9.43355520988769E-5 
-0.012139344601155446 2.1148407730558748E-4 
-0.013207927334776316 2.5609788827314823E-4 
-0.009230816738737112 1.3808742991926572E-4 
-0.006544068246583731 9.843353962256575E-5 
-0.00867396416974453 1.2979453403090492E-4 
-0.010931032695473995 1.7935242606327488E-4 
-0.006205212704741263 9.61374714683687E-5 
-0.009230816738737112 1.3808742991926572E-4 
-0.007607500990558661 1.1138178084266182E-4 
-0.009788846348182743 1.48864241326998E-4 
-0.007418150693067024 1.0989503000198849E-4 
-0.008415901743557988 1.2383199728275703E-4 
-0.01291126969942415 2.3451776729482485E-4 
-0.012706622530644007 2.270335147374893E-4 
-0.011861510294012657 2.051900376507691E-4 
-0.013036873386326801 2.4103350327643526E-4 
-0.005723918403152217 9.074696248059009E-5 
-0.006856467241457709 1.0214678917861438E-4 
-0.011462966835336244 1.9198356882509963E-4 
-0.008724885121406642 1.3058799513229134E-4 
-0.01050117652489502 1.6912373680422514E-4 
-0.006659022025953061 9.987625298246765E-5 
-0.00843375968876048 1.2821460345076243E-4 
-0.01260936890489789 2.221973558305343E-4 
-0.007217008075389757 1.073975012603171E-4 
-0.007999436843408462 1.1716155710844385E-4 
-0.007119137605068784 1.065112885369964E-4 
-0.013135880205527396 2.4672099719173573E-4 
-0.014608837289780303 4.983488619550105E-4 
-0.004697121295316604 8.333071917545464E-5 
-0.008911738444596912 1.3222373730728283E-4 
-0.006769524758802849 1.0104401854782104E-4 
-0.0059397449645721585 9.200055673036264E-5 
-0.005723918403152217 9.074696248059009E-5 
-0.004492463194698138 8.196649066338965E-5 
-0.014196923574484793 3.147563051792186E-4 
-0.010501145392897263 1.691235614646501E-4 
-0.00469695424906986 8.32281202055244E-5 
-0.007907253059439881 1.1571828591847327E-4 
-0.009943591087087197 1.520769047108085E-4 
-0.014604139268815715 4.950767577046948E-4 
-0.013508435052569354 2.733229603367074E-4 
-0.007470776338704322 1.1043376496349636E-4 
-0.01305916697839917 2.450421629242573E-4 
-0.009804843511285185 1.5145883143545194E-4 
-0.012932036239138897 2.3691781538405046E-4 
-0.013331033012417805 2.612651751846492E-4 
-0.005941655515095291 9.202172392710711E-5 
-0.013469635152685507 2.7165315535022884E-4 
-0.008096590257651547 1.1980171203436643E-4 
-0.00813185598438529 1.2021004952918834E-4 
-0.01480555597424972 6.591216372155804E-4 
-0.011759129740959754 2.0398845544288252E-4 
-0.01376886137648628 2.859041085915419E-4 
