-0.004083347878068599 1.525065219707299E-5 
-0.014955806323651295 5.382172453978322E-4 
-0.005852333625034238 3.19386614716165E-5 
-0.006771114710533822 3.290183345755746E-5 
-0.009492980767825152 7.080507396675466E-5 
-0.008558711989091508 5.1803085737355494E-5 
-0.014817328007606195 4.985797342974551E-4 
-0.014462480499187847 4.327470485201379E-4 
-0.013836983929770013 3.039808748058653E-4 
-0.011848620458951525 1.4365837093844507E-4 
-0.013886204667905515 3.177598047264338E-4 
-0.009193917239818602 6.576844324323332E-5 
-0.010248841866042633 8.473331674139164E-5 
-0.013327654196724424 2.6103718607775616E-4 
-0.012311842332484103 1.802457563585404E-4 
-0.01328848107260518 2.479964086918604E-4 
-0.008770201764703445 5.5657770873146945E-5 
-0.008262423629286858 4.868987025855251E-5 
-0.012206602401142342 1.5845534540670758E-4 
-0.014798929687970822 4.8336892193276025E-4 
-0.012485377828120339 1.8431517858999685E-4 
-0.014273895979367606 3.839918483460005E-4 
-0.011459893242944191 1.2003087208856543E-4 
-0.01487415957568502 5.086800188517217E-4 
-0.01202914307759574 1.4760303028994414E-4 
-0.014078144517538208 3.398990933593806E-4 
-0.01402295425483749 3.315945967512394E-4 
-0.014545037990065032 4.4313209597742495E-4 
-0.013973885053516138 3.241063354554942E-4 
-0.00693149010596657 3.509769859506329E-5 
-0.013212021645562807 2.3767117724933116E-4 
-0.007281445461372484 3.743020701877201E-5 
-0.014643008291825287 4.557908982881912E-4 
-0.012093610803481925 1.5367391749214373E-4 
-0.014219850751988347 3.7006606962749E-4 
-0.007115985495051278 3.633874006752063E-5 
-0.01353255164636861 2.7793186073338407E-4 
-0.012929119796301774 2.0763046157160577E-4 
-0.00987362520444398 7.654065460401593E-5 
-0.011726859017949069 1.3511062256952515E-4 
-0.01114642089178357 1.1020150937408382E-4 
-0.013628881202850437 2.8471829116413116E-4 
-0.00890874594677882 5.858106031702526E-5 
-0.010038365397669866 8.157680145605688E-5 
-0.010847087234522872 1.0038518083632929E-4 
-0.01437049981468213 4.2271338711290756E-4 
-0.013136530320200856 2.251351648755208E-4 
-0.014917364086208338 5.322781721390896E-4 
-0.010569764384279022 9.288828476529382E-5 
-0.01258972734010251 1.8941427824689335E-4 
-0.014914595953836925 5.229333025951691E-4 
-0.01130917674842429 1.1722991892128596E-4 
-0.014309665186517388 3.973873507029324E-4 
-0.014879648235086656 5.176266493545552E-4 
-0.013142800218102609 2.2634987116743795E-4 
-0.010993167690827243 1.0776911821982522E-4 
-0.007444424944281713 4.040813399866291E-5 
-0.014744652177523323 4.706865086626333E-4 
-0.007924102522163594 4.398945343828906E-5 
-0.014762702392828758 4.784020775958392E-4 
-0.012270503595539014 1.682409696482728E-4 
-0.011695801138265287 1.3261664014666024E-4 
-0.011269997487047188 1.1275756145525396E-4 
-0.01273146631317745 1.9606591657147306E-4 
-0.008029285643903015 4.545631130849662E-5 
-0.013019857526378107 2.1476538177635148E-4 
-0.014104066673379918 3.519511982222884E-4 
-0.008171613332161331 4.6866419573194176E-5 
-0.010954432806953709 1.0339220588256764E-4 
-0.009023998532822765 6.140659400130836E-5 
-0.014325379172134976 4.083640562622207E-4 
-0.007516194706203575 4.205887168564898E-5 
-0.01324846304478899 2.411407060199215E-4 
-0.012300433802924294 1.6908554880716456E-4 
-0.012805130569437755 2.002695534815974E-4 
-0.010729469346858509 9.643039682760121E-5 
-0.009728030481340503 7.330483090235907E-5 
-0.012660157702007374 1.9243710772713163E-4 
-0.014174504197079309 3.6005700641705005E-4 
-0.014345777734364738 4.1105649976209E-4 
-0.010419710689494807 8.781948028797898E-5 
-0.012861925252137932 2.0375307012697702E-4 
-0.014085792573115874 3.498200578126177E-4 
-0.011558074980524547 1.2734160634885085E-4 
-0.010006535758964008 7.849594699119638E-5 
-0.014359112288836077 4.2010815833152615E-4 
-0.013019857526378107 2.1476538177635148E-4 
-0.00769579921922795 4.250178932844053E-5 
-0.00911956931578748 6.271416359940302E-5 
-0.014692163773902586 4.6227927116459E-4 
-0.007755433903180068 4.3163033449851944E-5 
-0.013633255436573732 2.913897563286688E-4 
-0.0104467239799115 8.857486002541222E-5 
-0.014194460363586757 3.6107156263359556E-4 
-0.01156803958464742 1.2779764870212345E-4 
-0.014321006377315369 3.9804372429609456E-4 
-0.013763527252246159 2.9655206587989404E-4 
-0.01066575864942645 9.528860548595292E-5 
-0.014582382681354604 4.479145489187896E-4 
-0.014712384616581442 4.649749280500871E-4 
