-0.006864951265056722 3.411329095745117E-5 
-0.014938588820299765 5.321881972656892E-4 
-0.014938588820299765 5.321881972656892E-4 
-0.01027539145362039 8.521752427601172E-5 
-0.008223420864133777 4.735558048088348E-5 
-0.0070203165406021615 3.640481191555872E-5 
-0.007277935519288238 3.721166910620205E-5 
-0.014185549949021693 3.7232909350797254E-4 
-0.010098634617600693 8.102621298567787E-5 
-0.01097759441718089 1.0694815775960697E-4 
-0.007941352030676866 4.56496653213455E-5 
-0.013818176996454313 3.0676581191585667E-4 
-0.01232016719662764 1.7801554120190887E-4 
-0.011516274658521938 1.2164705527535052E-4 
-0.014901270972936564 5.194147821654862E-4 
-0.013388521433687416 2.701629859099786E-4 
-0.011624433815660383 1.2672368138065378E-4 
-0.01172696205559947 1.3225188635989851E-4 
-0.010478351220502039 9.048540244777537E-5 
-0.01464169088399265 4.556182637718444E-4 
-0.014124933087186183 3.505665890183577E-4 
-0.014326060773178342 4.1641793300292826E-4 
-0.008867779048154603 5.8402282306470844E-5 
-0.012662745317188064 1.9378803380734082E-4 
-0.009644815485756101 7.175014183582429E-5 
-0.014871760803142007 5.099514012859622E-4 
-0.011813412490284564 1.3842420693357696E-4 
-0.013348902042217994 2.606198250331133E-4 
-0.009237866568340938 6.546647404300773E-5 
-0.014816718379041829 4.903494032443397E-4 
-0.013224708622661084 2.4433370361231035E-4 
-0.012069682694557049 1.5007326773444448E-4 
-0.008383734903719322 4.9378491484404946E-5 
-0.008749030886356734 5.522287362201664E-5 
-0.009428668559156276 7.012303854789015E-5 
-0.009029603962134262 6.055325555520455E-5 
-0.014577345816151182 4.4845761293287755E-4 
-0.013725106911340119 2.934820640848406E-4 
-0.0147741003092697 4.7591610152075903E-4 
-0.008614448220584478 5.3537000145652776E-5 
-0.01242692600592047 1.823257207307636E-4 
-0.013295132810982078 2.548045003632889E-4 
-0.014449185719841379 4.3109880941209495E-4 
-0.014293870795383478 3.996851250221245E-4 
-0.013644526301468987 2.889247344243766E-4 
-0.01416797851224378 3.626147752469477E-4 
-0.011210659855424026 1.1115955172270357E-4 
-0.014319620597177968 3.9974776586494546E-4 
-0.00993912747852675 7.954079351715621E-5 
-0.010810808629410506 9.952620509157584E-5 
-0.008493896588613499 5.137335711194017E-5 
-0.013553060828523216 2.84289503967693E-4 
-0.007865027656746501 4.341908474916233E-5 
-0.012157163089280458 1.5701602159008367E-4 
-0.011362960817135413 1.1803829252873155E-4 
-0.013852080662414909 3.116309357424331E-4 
-0.009117194605587794 6.296306093801104E-5 
-0.010923359405739803 1.0256238286496626E-4 
-0.014270013655380272 3.8357541316959553E-4 
-0.014046132594355488 3.392085697254025E-4 
-0.011899556656521235 1.431650326793132E-4 
-0.011969628627994475 1.4626076864642908E-4 
-0.00768558968556084 4.3225339385218856E-5 
-0.012521606712784572 1.8721931808437307E-4 
-0.007627657422865584 4.074257641155756E-5 
-0.014789477572950842 4.8173731107381464E-4 
-0.013077270230064802 2.2105303538249308E-4 
-0.013169269796310886 2.3119509847005764E-4 
-0.012283839423220779 1.6566155143790532E-4 
-0.012976376248574001 2.1094870474923323E-4 
-0.014722169331120728 4.662848964860046E-4 
-0.014382601704152684 4.2294468836837393E-4 
-0.013986997148612009 3.2659448438428955E-4 
-0.014269704546829924 3.835508032679193E-4 
-0.009349524198878635 6.96667751830588E-5 
-0.012857097551334882 2.086666415455536E-4 
-0.013501119991141041 2.75049000151428E-4 
-0.014035762657493261 3.3852871357289234E-4 
-0.011332545446913906 1.149766976175862E-4 
-0.014695960336119992 4.64057577270405E-4 
-0.009870737210247877 7.662068405724938E-5 
-0.012826078854768476 2.0348442315891284E-4 
-0.014923558110096349 5.30835491850892E-4 
-0.01326902379630748 2.459739411813087E-4 
-0.01315743996887685 2.307164877482383E-4 
-0.0144880801978581 4.359396641377692E-4 
-0.0141545015523654 3.553571191123045E-4 
-0.01308449593215074 2.2131788437103155E-4 
-0.012288392593772221 1.6577655961836488E-4 
-0.007433017931939423 3.9231025320442226E-5 
-0.010537652281298356 9.224858567251061E-5 
-0.007449298252974608 4.050307296799577E-5 
-0.014837217094796545 4.997602595366126E-4 
-0.010627170527090127 9.493741846915579E-5 
-0.013538967807095023 2.7720464716607157E-4 
-0.012144891603554218 1.5619421133491565E-4 
-0.014848569949747419 5.010282748206245E-4 
-0.009778115336540869 7.437681363242957E-5 
-0.013973429873383488 3.257630269750904E-4 
-0.012730298308889908 1.9676225742580898E-4 
