-0.006499181997642014 2.9982519221872032E-5 
-0.014954449666020784 5.377495464131488E-4 
-0.014954449666020784 5.377495464131488E-4 
-0.0071363171293766445 3.36818295947767E-5 
-0.0065148087568115045 3.213035509538813E-5 
-0.014175703119386096 3.626555406048354E-4 
-0.014050723643163687 3.342093947875765E-4 
-0.014332604862805806 3.995263980538104E-4 
-0.010737077764580443 9.929187739015612E-5 
-0.009612567348079045 7.519891738329905E-5 
-0.013260327113890398 2.512853181832292E-4 
-0.009390902059563904 6.904075203714691E-5 
-0.014873118325687806 5.080751426159177E-4 
-0.011815298688970178 1.390049676411288E-4 
-0.014363991965289116 4.138302346505105E-4 
-0.010547015155812928 9.162683134965365E-5 
-0.014115408649620874 3.4803067443618874E-4 
-0.009208073522061341 6.400472097998008E-5 
-0.01335551744794958 2.602812036540918E-4 
-0.012757472216736305 1.971086555711824E-4 
-0.013071766157511627 2.2282798398235473E-4 
-0.012541510207553142 1.8758423699997533E-4 
-0.012252473691378874 1.6580829883566155E-4 
-0.012663357073731387 1.918317116420835E-4 
-0.008740105075962479 5.38854698826992E-5 
-0.013077471513935462 2.3877349156039464E-4 
-0.01356856132903818 2.8538745420065117E-4 
-0.014573237859985334 4.467385567379817E-4 
-0.014237826308301834 3.7787704453615134E-4 
-0.011025845526789837 1.0833893663052609E-4 
-0.012830926850095443 2.050759555987513E-4 
-0.008019550552400024 4.2599282810323916E-5 
-0.013678649729996238 2.906444973777546E-4 
-0.014843091640132741 4.989038076852312E-4 
-0.01212416351729257 1.5540363701593667E-4 
-0.010290923878700684 8.482451965870876E-5 
-0.009889226048300273 7.684169919117969E-5 
-0.014410066085324752 4.297810927343284E-4 
-0.013898984775484954 3.1559187516541675E-4 
-0.009517888449131802 7.197068568521358E-5 
-0.0083858357244259 4.7486602789252635E-5 
-0.01148924399004316 1.2381659848505335E-4 
-0.014638644636559237 4.5521933202855724E-4 
-0.014916982192761906 5.33816883654987E-4 
-0.011884698348914261 1.4371994091453728E-4 
-0.011653591587834057 1.3015824128920916E-4 
-0.014373553271674427 4.218495449541388E-4 
-0.011684747334509743 1.3085512480330412E-4 
-0.008488769656040916 5.1112283745818936E-5 
-0.011314172423063524 1.2007194616500435E-4 
-0.012922992558424055 2.080068558923241E-4 
-0.012416719667408415 1.8414603169085344E-4 
-0.01110855009261699 1.1215763970867331E-4 
-0.014151807216677808 3.525215252360649E-4 
-0.007569499194698083 3.716860985638712E-5 
-0.014001620137677771 3.2567959395629143E-4 
-0.008259539283087858 4.549676510363595E-5 
-0.012171326104208118 1.6215763178461452E-4 
-0.008623874106353745 5.1717655677933246E-5 
-0.014783732603896538 4.7877629496967465E-4 
-0.010895617015596281 1.0384660167054048E-4 
-0.007849772528754078 4.0898863054210496E-5 
-0.007299739017009988 3.595042086242385E-5 
-0.014481359349934036 4.3509908398852354E-4 
-0.01228426174316324 1.7786924067761167E-4 
-0.013173382048303326 2.4447878211426876E-4 
-0.010114733418672 8.153538435224645E-5 
-0.013462037648557074 2.685411212410431E-4 
-0.00738975839705874 3.624579007101883E-5 
-0.014686906533671218 4.6914423575385037E-4 
-0.008139068556974882 4.4179244605563E-5 
-0.01452524350106231 4.406185851562806E-4 
-0.009026986184615627 6.018835702370517E-5 
-0.01300894780612921 2.1284876941973395E-4 
-0.014674371202870913 4.5992013823162537E-4 
-0.010082826115077726 7.979033572269947E-5 
-0.01035568857427957 8.722001165190315E-5 
-0.013965094195008536 3.211758611548876E-4 
-0.012016776219852907 1.5113227363496823E-4 
-0.013737451691723735 2.9577794610614037E-4 
-0.010462246467308454 9.102365819004402E-5 
-0.013796792018811769 2.996434486680743E-4 
-0.01491033830579628 5.213467785013648E-4 
-0.014749074356530549 4.728254765328195E-4 
-0.011981115282260249 1.478643597320216E-4 
-0.009098000945172196 6.248365234674043E-5 
-0.007650026857594696 3.8832424231352565E-5 
-0.013424168230824724 2.647611620951465E-4 
-0.01427934829457836 3.9074460535689157E-4 
-0.009910686794322988 7.717557153428936E-5 
-0.011453128100241397 1.229265425009295E-4 
-0.014800887827525804 4.875705788412502E-4 
-0.01081912957060365 1.0290912844729398E-4 
-0.007780618696013012 3.9152363794506354E-5 
-0.01387021462242262 3.0740009542871847E-4 
-0.014812511087737217 4.912304467786662E-4 
-0.013040274611196475 2.1783080227006334E-4 
-0.013501970385102405 2.775412795543588E-4 
-0.014270427944100602 3.8860949334826994E-4 
-0.011227638779937049 1.1448634620496433E-4 
