0.0 0.11847523462644742 0.12037466403812999 0.10106871220529379 0.0 0.12273767877373469 0.0 0.0 0.0 0.11413435253372983 0.10200894711579064 
0.0 0.30074395014464783 0.0 0.0 0.0 0.0 0.0 0.35 0.34925604982061365 0.0 0.0 
0.0 0.14589412136608595 0.14348303679347146 0.10452890102207327 0.0 0.1593841570446746 0.15618573548635237 0.0 0.0 0.11034363052800607 0.18018041775933627 
0.0 0.0 0.0 0.10569047157418242 0.0 0.0 0.17422905407247255 0.1931335023344396 0.0 0.0 0.26043319591600994 
0.0 0.20648173144171753 0.0 0.11134819884664113 0.0 0.0 0.11511702024420482 0.3496117705242075 0.21744127894322907 0.0 0.0 
0.0 0.27184648833457703 0.0 0.0 0.0 0.0 0.1021570867327762 0.35 0.2759964137491998 0.0 0.0 
0.0 0.10123811819822305 0.0 0.1486444576228419 0.0 0.0 0.1483906238178062 0.33584645815655756 0.10318693175783884 0.0 0.16269341044673233 
0.0 0.2315809044853585 0.0 0.15922844581296283 0.0 0.0 0.12547136530042582 0.3339185325446969 0.1498007518565558 0.0 0.0 
0.0 0.2804661282703111 0.0 0.10392063877079466 0.0 0.0 0.11125552808217626 0.3495550978308617 0.15480260704585644 0.0 0.0 
0.0 0.10117061379684832 0.0 0.16005827470185474 0.0 0.0 0.15678211017265573 0.32673333018677375 0.10183437556281681 0.0 0.1534212955790507 
0.0 0.10793883685554752 0.0 0.13363476584827122 0.0 0.0 0.14072567889414764 0.3487500148195702 0.13278854512822233 0.0 0.13616215845424112 
0.0 0.35 0.0 0.0 0.0 0.0 0.0 0.35 0.29085528691487084 0.0 0.0 
0.0 0.12621924484249755 0.0 0.14133801672934493 0.0 0.0 0.13972173028118312 0.3390890142054661 0.10050216112805625 0.0 0.1531298328134522 
0.0 0.34984512185235195 0.0 0.0 0.0 0.0 0.10659976815507735 0.35 0.19277512282741965 0.0 0.0 
0.0 0.1172850787465682 0.0 0.10830354633989084 0.0 0.0 0.15635838452870016 0.34205616087954194 0.14442059128755425 0.0 0.13157623821774464 
0.0 0.31107748593896634 0.0 0.12494579151907492 0.0 0.0 0.0 0.35 0.19226343337997254 0.0 0.0 
0.0 0.0 0.0 0.1868664148793092 0.0 0.0 0.17455050943880715 0.3066394072690605 0.10049508265986959 0.0 0.23144858575295343 
0.0 0.265967035557089 0.0 0.11641332663843926 0.0 0.0 0.11293963501283572 0.35 0.1520887438393532 0.0 0.0 
0.0 0.0 0.0 0.15289197996107007 0.0 0.0 0.2536105783052267 0.3119565122491175 0.0 0.0 0.2815409294845857 
0.0 0.34894775896330554 0.0 0.0 0.0 0.0 0.0 0.35 0.298355240747876 0.0 0.0 
0.0 0.0 0.0 0.17594457288437745 0.0 0.0 0.20264412539204857 0.28902160387328385 0.10288324354899835 0.0 0.22950645430129174 
0.0 0.29764378364007 0.0 0.0 0.0 0.0 0.10411229534099636 0.35 0.24597347354925916 0.0 0.0 
0.0 0.0 0.0 0.1578725194191808 0.0 0.0 0.2606328915754512 0.1747033706267724 0.0 0.0 0.2775959417149069 
0.0 0.0 0.0 0.12300633847825489 0.0 0.0 0.21445210108790697 0.2041176089804192 0.0 0.0 0.2575327784438021 
0.0 0.12834250404103995 0.0 0.14371560379618878 0.0 0.0 0.14207212818940998 0.3447931670819537 0.10219280773551152 0.0 0.13888378915589603 
0.0 0.2676850021237277 0.0 0.12940056699105726 0.0 0.0 0.12649082131093806 0.33069572686361237 0.14572788271066467 0.0 0.0 
0.0 0.2886099359468848 0.0 0.0 0.0 0.0 0.1073451305703349 0.35 0.25404491455425027 0.0 0.0 
0.0 0.15590094497452656 0.0 0.10507004557967564 0.0 0.0 0.14608894900757718 0.34148854536290585 0.14207523353734614 0.0 0.1093762815379686 
0.0 0.10832865717358578 0.0 0.15950935184832146 0.0 0.0 0.14285067845893484 0.3131651122311179 0.10519708693238825 0.0 0.17094911335565183 
0.0 0.0 0.0 0.1688811936823254 0.0 0.0 0.22993127138242186 0.27884182746509223 0.10034070215022656 0.0 0.22200500531993408 
0.0 0.0 0.0 0.13501679217521212 0.0 0.0 0.23214704170715134 0.21233776803066973 0.0 0.0 0.2753598927409234 
0.0 0.2600564039666999 0.0 0.0 0.0 0.0 0.10311930226918553 0.34599220065068825 0.2908320931134262 0.0 0.0 
0.0 0.3068875196936834 0.0 0.0 0.0 0.0 0.11565140853162834 0.35 0.22548883201086695 0.0 0.0 
0.0 0.35 0.0 0.0 0.0 0.0 0.0 0.35 0.2719197615817848 0.0 0.0 
0.0 0.27501590231496387 0.0 0.0 0.0 0.0 0.10334811958690657 0.35 0.2675553737263128 0.0 0.0 
0.0 0.0 0.0 0.15871749320462972 0.0 0.0 0.2447010351199779 0.20457653724095765 0.0 0.0 0.24005866721683963 
0.0 0.25818315376257833 0.0 0.10535341535340915 0.0 0.0 0.10681881040094321 0.34872217945200895 0.18092244103106034 0.0 0.0 
0.0 0.12401480485187132 0.0 0.12272091986047627 0.0 0.0 0.15122362334144976 0.34912934745399193 0.10191265141939947 0.0 0.15099865307281124 
0.0 0.2629735646019752 0.0 0.12635813441318233 0.0 0.0 0.11166849433788725 0.3486228284643093 0.15037697818264598 0.0 0.0 
0.0 0.31316741438268375 0.0 0.0 0.0 0.0 0.0 0.35 0.3351891160174758 0.0 0.0 
0.0 0.255619204836379 0.0 0.0 0.0 0.0 0.10354074347833636 0.3493953593319697 0.291444692353315 0.0 0.0 
0.0 0.0 0.0 0.15432707703162638 0.0 0.0 0.26239955095129663 0.20773776733297675 0.0 0.0 0.29988024502696636 
0.0 0.29533268066066615 0.0 0.0 0.0 0.0 0.0 0.35 0.35 0.0 0.0 
0.0 0.27539174529942534 0.0 0.11608995555454191 0.0 0.0 0.1276769105040195 0.33802208882161805 0.14281929982039526 0.0 0.0 
0.0 0.35 0.0 0.0 0.0 0.0 0.0 0.35 0.28361084167403416 0.0 0.0 
0.0 0.0 0.0 0.1659844694364946 0.0 0.0 0.23820773633559744 0.22417048209321622 0.0 0.0 0.28114497002839217 
0.0 0.0 0.0 0.17249736150601022 0.0 0.0 0.2540495584979081 0.2726468909528714 0.0 0.0 0.30080618904321027 
0.0 0.10704167679470022 0.0 0.15761432784051352 0.0 0.0 0.14115356501652834 0.3094446068236973 0.10394731064668243 0.0 0.16891818118666846 
0.0 0.35 0.0 0.0 0.0 0.0 0.11562178288360768 0.35 0.167580402288278 0.0 0.0 
0.0 0.11913432695880419 0.0 0.16677685062315392 0.0 0.0 0.19153309748504715 0.27162325925736075 0.10214028748432606 0.0 0.14879217819130786 
0.0 0.34229560665540754 0.0 0.0 0.0 0.0 0.12187641131179823 0.35 0.18559150658571216 0.0 0.0 
0.0 0.315843204879613 0.0 0.12685996580719222 0.0 0.0 0.0 0.35 0.1952089165070686 0.0 0.0 
0.0 0.35 0.0 0.0 0.0 0.0 0.0 0.35 0.2869864130654543 0.0 0.0 
0.0 0.34538475353133624 0.0 0.0 0.0 0.0 0.15157667856193752 0.35 0.1365536747433691 0.0 0.0 
0.0 0.2991563235313286 0.0 0.0 0.0 0.0 0.10635795724547102 0.35 0.2387314062048458 0.0 0.0 
0.0 0.32054288372029166 0.0 0.0 0.0 0.0 0.0 0.35 0.32585019388887393 0.0 0.0 
0.0 0.35 0.0 0.0 0.0 0.0 0.1589354376434148 0.35 0.1408895092387035 0.0 0.0 
0.0 0.31196417627541534 0.0 0.0 0.0 0.0 0.0 0.3494981898684828 0.338537633856102 0.0 0.0 
0.0 0.0 0.0 0.15971720332896908 0.0 0.0 0.26611627075725336 0.2781636029911756 0.0 0.0 0.2960029229226019 
0.0 0.35 0.0 0.0 0.0 0.0 0.12120143074529782 0.34548853955057807 0.17758678507977804 0.0 0.0 
0.0 0.0 0.0 0.13744593517303447 0.0 0.0 0.276232171827031 0.2773981165288897 0.0 0.0 0.3089237764710449 
0.0 0.35 0.0 0.0 0.0 0.0 0.0 0.35 0.2771225483586833 0.0 0.0 
0.0 0.11937459251657292 0.0 0.10695507059661158 0.0 0.0 0.1571038475813178 0.35 0.15940493353612775 0.0 0.10633799784761383 
0.0 0.269265848440488 0.0 0.0 0.0 0.0 0.114030683973279 0.3495746812193091 0.26642236260354885 0.0 0.0 
0.0 0.1330457339986482 0.0 0.11941535028187673 0.0 0.0 0.15017785081287624 0.34833236259474876 0.10653951262308012 0.0 0.14248918968877008 
0.0 0.34333399168559064 0.0 0.0 0.0 0.0 0.0 0.35 0.3030375225513946 0.0 0.0 
0.0 0.34370388989523476 0.0 0.0 0.0 0.0 0.0 0.35 0.28191035695456335 0.0 0.0 
0.0 0.0 0.0 0.15656221368195267 0.0 0.0 0.2175956549748162 0.30848563960348263 0.0 0.0 0.31735649173974845 
0.0 0.32432350544584737 0.0 0.12015295151204501 0.0 0.0 0.0 0.35 0.20412355666748425 0.0 0.0 
0.0 0.0 0.0 0.16541523514816056 0.0 0.0 0.28125254659287996 0.2226633996670343 0.0 0.0 0.3214261696750604 
0.0 0.3394476713769888 0.0 0.0 0.0 0.0 0.10352559770713168 0.3470248938302529 0.20855782455186764 0.0 0.0 
0.0 0.0 0.0 0.15488602975883714 0.0 0.0 0.2663100865529311 0.24358565574157776 0.0 0.0 0.31588219401712986 
0.0 0.33264028123757744 0.0 0.0 0.0 0.0 0.0 0.35 0.31667935315459633 0.0 0.0 
0.0 0.0 0.0 0.18021524724628182 0.0 0.0 0.14876891432861247 0.32988561487561247 0.10053744509314101 0.0 0.24059277845635232 
0.0 0.0 0.0 0.18565764259955225 0.0 0.0 0.24333181840589727 0.26873629232300983 0.0 0.0 0.294571522391963 
0.0 0.0 0.0 0.15389814663192397 0.0 0.0 0.24997386352722814 0.30193527921741636 0.0 0.0 0.2941927106234314 
0.0 0.11439935964827434 0.0 0.16424234746347896 0.0 0.0 0.19224206957506976 0.2801100083228885 0.10173009567626583 0.0 0.1472761193140225 
0.0 0.33199491574430423 0.0 0.0 0.0 0.0 0.0 0.35 0.31606495394173584 0.0 0.0 
0.0 0.0 0.0 0.16177273219678714 0.0 0.0 0.25281868334668106 0.22875336278234204 0.0 0.0 0.28382372675928813 
0.0 0.35 0.0 0.0 0.0 0.0 0.1601474741099935 0.35 0.1345143487082216 0.0 0.0 
0.0 0.25818315376257833 0.0 0.10535341535340915 0.0 0.0 0.10681881040094321 0.34872217945200895 0.18092244103106034 0.0 0.0 
0.0 0.11947298544016803 0.0 0.10704322689409054 0.0 0.0 0.15723333834267406 0.35 0.15953632093704329 0.0 0.10642564553106895 
0.0 0.35 0.0 0.0 0.0 0.0 0.12121151567116652 0.35 0.1582661903411052 0.0 0.0 
0.0 0.0 0.0 0.1423901048732412 0.0 0.0 0.24482181021377883 0.29052878055704856 0.0 0.0 0.3222593043559315 
0.0 0.3231413507470935 0.0 0.0 0.0 0.0 0.0 0.35 0.3268369129609757 0.0 0.0 
0.0 0.3399385468994194 0.0 0.0 0.0 0.0 0.10367530614865166 0.34752672677953883 0.20885942017239023 0.0 0.0 
0.0 0.2756728991122372 0.0 0.12022523576371011 0.0 0.0 0.12704854368567223 0.33359782526602033 0.14345549617236011 0.0 0.0 
0.0 0.35 0.0 0.0 0.0 0.0 0.0 0.35 0.27234359012803844 0.0 0.0 
0.0 0.0 0.0 0.15257228599392078 0.0 0.0 0.2659980591566467 0.25317955642799034 0.0 0.0 0.319433658554782 
0.0 0.3418968857961899 0.0 0.0 0.0 0.0 0.0 0.35 0.3078816120355493 0.0 0.0 
0.0 0.35 0.0 0.0 0.0 0.0 0.12273962369579318 0.35 0.16026144495159486 0.0 0.0 
0.0 0.0 0.0 0.15477999374321577 0.0 0.0 0.26984702800883364 0.23162736493706457 0.0 0.0 0.3240558358970363 
0.0 0.0 0.0 0.157442925771122 0.0 0.0 0.22595627099610402 0.29711083303554253 0.0 0.0 0.31948997019723135 
0.0 0.0 0.0 0.1764413722142084 0.0 0.0 0.15981038925799204 0.3311180844282188 0.1092417208982136 0.0 0.2233884332013672 
0.0 0.3208022506249968 0.0 0.0 0.0 0.0 0.1030785666100176 0.3467437314486361 0.2293754513163495 0.0 0.0 
0.0 0.33006390278823466 0.0 0.1223105901893541 0.0 0.0 0.0 0.34599379633702243 0.20163171068538877 0.0 0.0 
0.0 0.34245656738892005 0.0 0.0 0.0 0.0 0.0 0.35 0.3071875877757394 0.0 0.0 
0.0 0.10192420895762251 0.0 0.15280691316482534 0.0 0.0 0.18141375524954648 0.28793184870551675 0.10131005822033445 0.0 0.17373111120036558 
0.0 0.33773957383575015 0.0 0.0 0.0 0.0 0.1287943999663317 0.34764685750561375 0.1839760158045745 0.0 0.0 
0.0 0.0 0.0 0.1627508775282929 0.0 0.0 0.2667106274022115 0.25318632497516036 0.0 0.0 0.27758559077152695 
