-0.010043500046012916 4.523169009695727E-4 
-0.010043500046012916 4.523169009695727E-4 
-0.00418910042375287 1.2893855107214884E-4 
-0.00418910042375287 1.2893855107214884E-4 
-0.009521753929061733 3.6514883393606737E-4 
-0.009590766962151966 4.4189347673432504E-4 
-0.005710298333046142 1.6375169100222567E-4 
-0.004556671612817677 1.3035150294205168E-4 
-0.006798896291684088 2.001705084100858E-4 
-0.007016766188411797 2.0567196655669508E-4 
-0.006916851273777455 2.031532012947288E-4 
-0.006200505891757597 1.8601241165168902E-4 
-0.005840724371417147 1.6706397150821563E-4 
-0.009063581233692657 3.2331070680908814E-4 
-0.006049711653054925 1.788331971138057E-4 
-0.004846507923936247 1.357939191495882E-4 
-0.009139429169260622 3.293545617229602E-4 
-0.006451265094779389 1.9383585529122804E-4 
-0.004746661966463708 1.3196132093320665E-4 
-0.008009082628730586 2.491756704908315E-4 
-0.00810664916761936 2.537357758580276E-4 
-0.006673378934834788 1.9817493213097057E-4 
-0.009356039456821404 3.500834318688259E-4 
-0.005267105187537983 1.4557428642643762E-4 
-0.009483091448221348 3.61089781930014E-4 
-0.004952074510034431 1.3671002543030585E-4 
-0.005983402914457196 1.7342572137238834E-4 
-0.008462665224236022 2.799024924983756E-4 
-0.005444105207448513 1.526321573339933E-4 
-0.006309658172866418 1.924994591886596E-4 
-0.006262359116507289 1.916473509046443E-4 
-0.008712521352548255 2.948069023664954E-4 
-0.007573908370456893 2.2611932477012745E-4 
-0.007133142215157935 2.093030535374764E-4 
-0.007671212248576939 2.3075006735393439E-4 
-0.00866598298656909 2.9133788929771405E-4 
-0.004283908185186124 1.2930151331456963E-4 
-0.005028224050120439 1.3924442818117873E-4 
-0.009020720797761303 3.197369867140995E-4 
-0.0066194371151124705 1.9633427869276181E-4 
-0.00931168208420422 3.448386301430043E-4 
-0.0050937062901360896 1.4058396237928234E-4 
-0.007485842191022881 2.2380615479063022E-4 
-0.005150268357038742 1.4332313331865068E-4 
-0.009401438417052186 3.5360562140569567E-4 
-0.0078048741058963905 2.3711379508802052E-4 
-0.00887064710084176 3.06829860876678E-4 
-0.00563925556882286 1.5842862783458934E-4 
-0.008965427965215104 3.1737070856715073E-4 
-0.005890205880183122 1.7077003349843172E-4 
-0.007621356089624454 2.2861761218391808E-4 
-0.004431327163746419 1.3009540882166673E-4 
-0.008388771772838338 2.71683436888379E-4 
-0.008185739276577113 2.589532724800699E-4 
-0.008114611269248223 2.576227439125109E-4 
-0.009721756905711768 4.4357088426995274E-4 
-0.009205142854345908 3.351666716000355E-4 
-0.009165059763404867 3.327066152181343E-4 
-0.008951270028514022 3.1350233695433705E-4 
-0.007364889490277116 2.175992300468811E-4 
-0.00835866711981252 2.697383278099186E-4 
-0.009982053985021005 4.5173315151633415E-4 
-0.00742283298802625 2.1980722715006685E-4 
-0.005551945394701233 1.5539421953517828E-4 
-0.007201400571960409 2.1200584438081595E-4 
-0.004393734959155329 1.2940139405517116E-4 
-0.009632501880497912 4.4222917981981435E-4 
-0.007905346355119039 2.4286571790517515E-4 
-0.00825012920463143 2.625699742461687E-4 
-0.005226914376514789 1.4392382139534306E-4 
-0.008541646725083693 2.82337324009838E-4 
-0.0060706260314206065 1.8474875755865916E-4 
-0.008818963529412341 3.029432046843786E-4 
-0.0077397780803425955 2.3398883474373073E-4 
-0.008762472207427346 2.9834099579338234E-4 
-0.006513048118906129 1.9585572870338552E-4 
-0.008551566512020436 2.83513194465917E-4 
-0.005937470209785471 1.7176962398168777E-4 
-0.00797795463903753 2.463397098308427E-4 
-0.005551945394701233 1.5539421953517828E-4 
-0.008917631801323076 3.106231806675535E-4 
-0.007319556807133719 2.1621592332844318E-4 
-0.009924570781843401 4.4764869346434946E-4 
-0.007443109604173144 2.2253336892182345E-4 
-0.008301931699942523 2.6575145448867385E-4 
-0.008605727492692627 2.8663380538568035E-4 
-0.009946460325782131 4.484046304595147E-4 
-0.008218295994002273 2.6163377356200974E-4 
-0.004746661966463708 1.3196132093320665E-4 
-0.008304757877772713 2.6703036931628136E-4 
-0.006070626031420605 1.8474875755865907E-4 
-0.007241095277717434 2.1422340212448894E-4 
-0.0054044362974891395 1.5074527009006932E-4 
-0.007848183590915901 2.3933669234306194E-4 
-0.00563925556882286 1.5842862783458934E-4 
-0.00861048989417075 2.8863767678349113E-4 
-0.005370232807667543 1.4965549889974248E-4 
-0.00923816343242894 3.3813173002712505E-4 
-0.00774979358431001 2.3434794285363055E-4 
-0.009851090631956869 4.4546719359881684E-4 
