0.0 0.3000000000000002 0.0 0.0 0.0 0.0 0.0 0.3499999999999999 0.3499999999999999 0.0 0.0 
0.21438712487375872 0.0 0.0 0.20935596547255 0.0 0.10201918008823084 0.33205074121609024 0.0 0.0 0.14218698834937044 0.0 
0.0 0.3000000000000002 0.0 0.0 0.0 0.0 0.0 0.3499999999999999 0.3499999999999999 0.0 0.0 
0.1649808692634877 0.10023396790838714 0.10833456380585359 0.1475456274480029 0.0 0.0 0.33804930598994876 0.14085566558431972 0.0 0.0 0.0 
0.22770430463361685 0.0 0.0 0.14034010702126057 0.0 0.12609943357287284 0.3441041097364571 0.0 0.0 0.16175204503579266 0.0 
0.0 0.3478362655726942 0.0 0.0 0.0 0.0 0.0 0.35 0.3021637344273058 0.0 0.0 
0.20303915248467144 0.3477150806307537 0.0 0.0 0.0 0.0 0.0 0.3477150806307537 0.10153068625382115 0.0 0.0 
0.10859644409154333 0.35 0.0 0.0 0.0 0.0 0.0 0.35 0.19140355590845673 0.0 0.0 
0.1034670495692289 0.29262022959096 0.0 0.0 0.0 0.0 0.0 0.35 0.2539127208398111 0.0 0.0 
0.10992498273388226 0.2681898438479321 0.0 0.0 0.0 0.0 0.0 0.35 0.27188517341818563 0.0 0.0 
0.10739220843337434 0.3411184749753634 0.0 0.0 0.0 0.0 0.0 0.35 0.20148931659126235 0.0 0.0 
0.18949811257329843 0.34496004289019094 0.0 0.0 0.0 0.0 0.0 0.34863271698063997 0.1169091275558706 0.0 0.0 
0.0 0.34288067166175473 0.0 0.0 0.0 0.0 0.0 0.34977536485627775 0.3073439634819675 0.0 0.0 
0.10154353655390586 0.26537411958245466 0.0 0.0 0.0 0.0 0.0 0.3499999999999999 0.2830823438636395 0.0 0.0 
0.16228901342795204 0.13521909214277422 0.1132883213568782 0.0 0.0 0.0 0.33302854036913626 0.2561750327032593 0.0 0.0 0.0 
0.1078023514387783 0.29609094256392354 0.0 0.0 0.0 0.0 0.0 0.35 0.24610670599729817 0.0 0.0 
0.17051169396863353 0.34257328060464265 0.0 0.0 0.0 0.0 0.0 0.35 0.13691502542672396 0.0 0.0 
0.17976207314166037 0.10204949769837172 0.10678658535071336 0.10343987114737659 0.0 0.0 0.3280886387514459 0.17987333391043192 0.0 0.0 0.0 
0.1658565829356617 0.13819158855395552 0.11577871767093208 0.0 0.0 0.0 0.34034944546753 0.23982366537192085 0.0 0.0 0.0 
0.19231280851109378 0.1765536055269235 0.0 0.0 0.0 0.0 0.3292949722429123 0.30183861371907045 0.0 0.0 0.0 
0.12653119213557945 0.14467791265613872 0.1141041422859438 0.0 0.0 0.0 0.3072124573452069 0.30747429557713124 0.0 0.0 0.0 
0.16910306770537245 0.33356138843572153 0.0 0.0 0.0 0.0 0.0 0.34860120183871307 0.14873434202019303 0.0 0.0 
0.1171176650097154 0.29228079130238377 0.0 0.0 0.0 0.0 0.0 0.35 0.2406015436879007 0.0 0.0 
0.0 0.3293148162950533 0.0 0.0 0.0 0.0 0.0 0.35 0.3206851837049466 0.0 0.0 
0.10667076748323731 0.3117428350068313 0.0 0.0 0.0 0.0 0.0 0.35 0.23158639750993149 0.0 0.0 
0.1092595580342351 0.27732718514205423 0.0 0.0 0.0 0.0 0.0 0.35 0.2634132568237107 0.0 0.0 
0.10313544131698192 0.3313396279766099 0.0 0.0 0.0 0.0 0.0 0.35 0.21552493070640832 0.0 0.0 
0.14893727645663646 0.1401735800874085 0.12024128200476653 0.0 0.0 0.0 0.31738676153626766 0.2732610999149209 0.0 0.0 0.0 
0.13724646042556507 0.35 0.0 0.0 0.0 0.0 0.0 0.35 0.16275353957443509 0.0 0.0 
0.10394107618138365 0.2865853326455309 0.0 0.0 0.0 0.0 0.0 0.3481583236567142 0.2613152675163714 0.0 0.0 
0.10621243036159385 0.33100390673788155 0.0 0.0 0.0 0.0 0.13321685351624857 0.3190092662478263 0.11055754313644985 0.0 0.0 
0.0 0.3067565303021986 0.0 0.0 0.0 0.0 0.0 0.35 0.3432434696978015 0.0 0.0 
0.0 0.31164805709705184 0.0 0.0 0.0 0.0 0.0 0.35 0.33835194290294823 0.0 0.0 
0.10760109498926976 0.28561352583673905 0.0 0.0 0.0 0.0 0.0 0.35 0.25678537917399136 0.0 0.0 
0.10457037493989893 0.3390520067157395 0.0 0.0 0.0 0.0 0.1059349524152956 0.34132296775453097 0.10911969817453512 0.0 0.0 
0.1750027557354992 0.35 0.0 0.0 0.0 0.0 0.0 0.35 0.12499724426450078 0.0 0.0 
0.1461220440033104 0.35 0.0 0.0 0.0 0.0 0.0 0.35 0.15387795599668974 0.0 0.0 
0.16533048074089912 0.16589775624598457 0.0 0.0 0.0 0.0 0.35 0.31877176301311627 0.0 0.0 0.0 
0.0 0.3089561972052255 0.0 0.0 0.0 0.0 0.0 0.35 0.34104380279477453 0.0 0.0 
0.35 0.3126683177257607 0.0 0.0 0.0 0.0 0.0 0.3373316822742394 0.0 0.0 0.0 
0.17055942003296037 0.14886623113701236 0.1190616048431087 0.0 0.0 0.0 0.35 0.21151274398691866 0.0 0.0 0.0 
0.11842830635157187 0.3313570628343461 0.0 0.0 0.0 0.0 0.10524245534050987 0.33754953471956844 0.1074226407540036 0.0 0.0 
0.18975073379731244 0.26508857585393863 0.0 0.0 0.0 0.0 0.195160690348749 0.35 0.0 0.0 0.0 
0.10143847905767574 0.26811869349535783 0.0 0.0 0.0 0.0 0.0 0.3496452923910031 0.28079753505596333 0.0 0.0 
0.16521982537438504 0.15438667894043662 0.1419653881917184 0.0 0.0 0.0 0.336272265521018 0.20215584197244202 0.0 0.0 0.0 
0.1642932460488579 0.10129776911401847 0.10843286483441347 0.11139334568254163 0.0 0.0 0.34886352243951907 0.16571925188064954 0.0 0.0 0.0 
0.1703920454231089 0.3480319292829645 0.0 0.0 0.0 0.0 0.0 0.3479362916938361 0.13363973360009065 0.0 0.0 
0.10520855519063278 0.27744620133672115 0.0 0.0 0.0 0.0 0.0 0.35 0.2673452434726461 0.0 0.0 
0.16864935415497068 0.10205003551029876 0.11583471369520205 0.11579601084990286 0.0 0.0 0.3499289710464187 0.14774091474320697 0.0 0.0 0.0 
0.0 0.3260384274820682 0.0 0.0 0.0 0.0 0.0 0.35 0.3239615725179319 0.0 0.0 
0.16698143243825667 0.10192193910097572 0.10654531052203023 0.0 0.0 0.0 0.3414111166224367 0.28314020131630074 0.0 0.0 0.0 
0.10871965020593674 0.3314642074560256 0.0 0.0 0.0 0.0 0.0 0.35 0.20981614233803758 0.0 0.0 
0.144120481547142 0.10202939417087152 0.11073196046519089 0.10411858627541078 0.0 0.0 0.3189690056585171 0.2200305718828677 0.0 0.0 0.0 
0.14694312489755867 0.10402767080658516 0.11290067950172447 0.10615778037225357 0.0 0.0 0.32521611039440107 0.20475463402747698 0.0 0.0 0.0 
0.0 0.30317393695032135 0.0 0.0 0.0 0.0 0.0 0.35 0.3468260630496787 0.0 0.0 
0.1642932460488579 0.10129776911401847 0.10843286483441347 0.11139334568254163 0.0 0.0 0.34886352243951907 0.16571925188064954 0.0 0.0 0.0 
0.11855661926849245 0.29610257553278774 0.0 0.0 0.0 0.0 0.0 0.35 0.2353408051987199 0.0 0.0 
0.16256149594955632 0.10141555656086285 0.11342257251448638 0.10592866527783823 0.0 0.0 0.32138339761481277 0.1952883120824434 0.0 0.0 0.0 
0.14536023529460299 0.23182744448029502 0.0 0.0 0.0 0.0 0.2979210680048002 0.3248912522203017 0.0 0.0 0.0 
0.10533778151737817 0.33139859293570856 0.0 0.0 0.0 0.0 0.1372342562914645 0.3163822565365539 0.109647112718895 0.0 0.0 
0.10135659270220439 0.3428777339114176 0.0 0.0 0.0 0.0 0.0 0.35 0.20576567338637797 0.0 0.0 
0.0 0.3227442917962216 0.0 0.0 0.0 0.0 0.0 0.35 0.32725570820377825 0.0 0.0 
0.1142395405802211 0.35 0.0 0.0 0.0 0.0 0.0 0.35 0.18576045941977903 0.0 0.0 
0.12225153512033667 0.3448896635491045 0.0 0.0 0.0 0.0 0.0 0.35 0.18285880133055887 0.0 0.0 
0.0 0.3166279302729255 0.0 0.0 0.0 0.0 0.0 0.35 0.3333720697270746 0.0 0.0 
0.0 0.30383447899694965 0.0 0.0 0.0 0.0 0.0 0.35 0.34616552100305037 0.0 0.0 
0.11380032271983992 0.31812883228122146 0.0 0.0 0.0 0.0 0.0 0.35 0.2180708449989387 0.0 0.0 
0.11855661926849245 0.29610257553278774 0.0 0.0 0.0 0.0 0.0 0.35 0.2353408051987199 0.0 0.0 
0.1898113577787294 0.17478412049862535 0.0 0.0 0.0 0.0 0.3483387037408866 0.2870658179817586 0.0 0.0 0.0 
0.11549004229599753 0.3072175299192296 0.0 0.0 0.0 0.0 0.0 0.35 0.2272924277847728 0.0 0.0 
0.10667097006093712 0.32280088108279914 0.0 0.0 0.0 0.0 0.0 0.35 0.2205281488562638 0.0 0.0 
0.0 0.34083579342752685 0.0 0.0 0.0 0.0 0.0 0.34875473835894283 0.3104094682135303 0.0 0.0 
0.14502859800869736 0.1026722908043995 0.11142969277248856 0.10477464710129447 0.0 0.0 0.3209788588150908 0.21511591249802925 0.0 0.0 0.0 
0.22594255903136362 0.0 0.0 0.13925429721734722 0.0 0.12512380369665646 0.3414417801725918 0.0 0.0 0.1682375598820408 0.0 
0.17675637470434735 0.11426398288878957 0.14519375222819114 0.0 0.0 0.0 0.35 0.21378589017867194 0.0 0.0 0.0 
0.10144152066894463 0.27098834738094263 0.0 0.0 0.0 0.0 0.0 0.35 0.2775701319501127 0.0 0.0 
0.10849484805059761 0.3175359951867535 0.0 0.0 0.0 0.0 0.0 0.35 0.22396915676264892 0.0 0.0 
0.2302042500655561 0.17824053190213315 0.0 0.0 0.0 0.0 0.24155521803231075 0.35 0.0 0.0 0.0 
0.1281936581537454 0.35 0.0 0.0 0.0 0.0 0.0 0.35 0.1718063418462546 0.0 0.0 
0.0 0.3185635064505811 0.0 0.0 0.0 0.0 0.0 0.35 0.3314364935494189 0.0 0.0 
0.1769674917191506 0.19183759102477047 0.0 0.0 0.0 0.0 0.2902256412152506 0.3409692760408284 0.0 0.0 0.0 
0.10998569568790245 0.2953663626934126 0.0 0.0 0.0 0.0 0.0 0.34995229163678776 0.2446956499818973 0.0 0.0 
0.13492874276251432 0.33885365456095734 0.0 0.0 0.0 0.0 0.0 0.35 0.17621760267652847 0.0 0.0 
0.13511518775185388 0.35 0.0 0.0 0.0 0.0 0.16488481224814625 0.35 0.0 0.0 0.0 
0.19235972224158737 0.1323208555371632 0.10516812500851414 0.0 0.0 0.0 0.35 0.2201512972127354 0.0 0.0 0.0 
0.16864935415497065 0.10205003551029874 0.11583471369520204 0.11579601084990285 0.0 0.0 0.3499289710464186 0.14774091474320694 0.0 0.0 0.0 
0.18302617497360443 0.35 0.0 0.0 0.0 0.0 0.12526515574517422 0.34170866928122134 0.0 0.0 0.0 
0.19394153387676666 0.16875804462537566 0.0 0.0 0.0 0.0 0.35 0.2873004214978578 0.0 0.0 0.0 
0.17864802458455564 0.12644401548804365 0.11735773316791129 0.0 0.0 0.0 0.35 0.22755022675948935 0.0 0.0 0.0 
0.16880512801819875 0.1324676677660069 0.10269429633847146 0.0 0.0 0.0 0.31015590459975134 0.2858770032775716 0.0 0.0 0.0 
0.0 0.33492476265640964 0.0 0.0 0.0 0.0 0.0 0.35 0.31507523734359044 0.0 0.0 
0.19890526391184107 0.1791604231960204 0.0 0.0 0.0 0.0 0.35 0.27193431289213854 0.0 0.0 0.0 
0.19890526391184107 0.1791604231960204 0.0 0.0 0.0 0.0 0.35 0.27193431289213854 0.0 0.0 0.0 
0.0 0.3323439153949816 0.0 0.0 0.0 0.0 0.0 0.35 0.3176560846050185 0.0 0.0 
0.13272911089300082 0.35 0.0 0.0 0.0 0.0 0.0 0.35 0.1672708891069992 0.0 0.0 
0.10520855519063278 0.27744620133672115 0.0 0.0 0.0 0.0 0.0 0.35 0.2673452434726461 0.0 0.0 
0.0 0.3363209368679801 0.0 0.0 0.0 0.0 0.0 0.3497923649539393 0.31388669817808057 0.0 0.0 
0.0 0.3209323524977327 0.0 0.0 0.0 0.0 0.0 0.34900651516526515 0.33006113233700196 0.0 0.0 
0.10311703582787263 0.2691510794783764 0.0 0.0 0.0 0.0 0.0 0.35 0.27773188469375093 0.0 0.0 
0.0 0.31415287995112523 0.0 0.0 0.0 0.0 0.0 0.35 0.33584712004887485 0.0 0.0 
