-0.014955806920304893 5.38217282391721E-4 
-0.006818175098426939 4.337769837271021E-5 
-0.014955806920304893 5.38217282391721E-4 
-0.01022405205833005 9.732101719959557E-5 
-0.010780198050441938 9.919000330698707E-5 
-0.007255511342249861 4.404843061270013E-5 
-0.014510729945889823 4.546608426504395E-4 
-0.014287768144763256 3.8411015636771083E-4 
-0.013144652168766605 2.2418927948905112E-4 
-0.008879263330602537 6.334643594573257E-5 
-0.012288434594539452 1.6584165772166545E-4 
-0.014356758882005547 4.037680251197937E-4 
-0.00862543642048159 5.8438248471993115E-5 
-0.010073062415605736 9.004759464701145E-5 
-0.012352856945973342 1.6827281700813721E-4 
-0.012151005319445147 1.5395811681489488E-4 
-0.0074323736795895885 4.602333872349477E-5 
-0.014398565940960917 4.166276764127184E-4 
-0.014848222288363383 4.995183034488253E-4 
-0.014307276035905035 3.9651350238343236E-4 
-0.0114349529716143 1.2239222044449434E-4 
-0.01326714715532838 2.5130461936955726E-4 
-0.013038307225618636 2.1480273824844967E-4 
-0.013489916286683858 2.7056689938252887E-4 
-0.00805753218578535 5.547435497688815E-5 
-0.014822366195882387 4.909233226471733E-4 
-0.013211903635713635 2.3233012313941942E-4 
-0.013258561196655234 2.3970517880392327E-4 
-0.007904893146417145 4.884380468412735E-5 
-0.008347002512003928 5.603126813157481E-5 
-0.013416884908556163 2.637326229898838E-4 
-0.009308547209386895 7.221194784701743E-5 
-0.013346383427236805 2.576210996460619E-4 
-0.012744569339294977 1.961526289062042E-4 
-0.00915833168893622 7.081592878141635E-5 
-0.013645577183227887 2.882202893644126E-4 
-0.014882371790519574 5.112892404858664E-4 
-0.009660041094862884 8.172234508203799E-5 
-0.007620752626296091 4.666700999292537E-5 
-0.01423073678644362 3.693298573018656E-4 
-0.009431476323494349 7.579381544516452E-5 
-0.012094412462648665 1.5271113344540014E-4 
-0.009984062910963733 8.656110256596436E-5 
-0.009545414971724241 7.846058573705915E-5 
-0.011634389497194305 1.2932229468416034E-4 
-0.012527226596067049 1.8559540560807012E-4 
-0.007746199941558214 4.770573496350975E-5 
-0.01454821180915939 4.68517543237921E-4 
-0.012840110328950754 2.014670861578811E-4 
-0.013748286184475335 2.9490839541571864E-4 
-0.011250469110878382 1.192726964913258E-4 
-0.014470667041136157 4.4048532922606406E-4 
-0.011912198306313886 1.435694700279071E-4 
-0.014440835479749035 4.3035642204568097E-4 
-0.00899022362006019 7.049196414526559E-5 
-0.011783073989844602 1.3700708676643277E-4 
-0.01493530150269698 5.30476144479065E-4 
-0.010893932440550393 1.025870475606893E-4 
-0.011177410244022195 1.1465623094801118E-4 
-0.010967038095154827 1.0502317097975556E-4 
-0.014123535439753868 3.4514822267213516E-4 
-0.014080598439183984 3.367812659243475E-4 
-0.014421775540556113 4.2407546037312167E-4 
-0.011634389497194305 1.2932229468416034E-4 
-0.013957006422983285 3.1782826923187457E-4 
-0.008022263299325292 5.31286221660645E-5 
-0.014555139293594395 4.7114149003804644E-4 
-0.014150819940061657 3.508568920496858E-4 
-0.008550259999057406 5.7890230415565645E-5 
-0.014915950441719318 5.233285342957569E-4 
-0.013602985658145602 2.82887412179342E-4 
-0.013825775016425073 3.023339390667858E-4 
-0.012900282542398592 2.0574874477485877E-4 
-0.012472251686942382 1.797151620062777E-4 
-0.014018574517336676 3.26026359627028E-4 
-0.011788986994774658 1.3728378850333124E-4 
-0.011376479048695569 1.2119985087683129E-4 
-0.008379819445727651 5.7859892008939765E-5 
-0.014899154926091684 5.172490177555376E-4 
-0.009797067189966813 8.636323826781078E-5 
-0.008927957425799209 6.715486954544766E-5 
-0.014222560926196347 3.67320028380554E-4 
-0.012616977123363283 1.9061599055219766E-4 
-0.012648630571183367 1.92012722231554E-4 
-0.012472251686942382 1.797151620062777E-4 
-0.009776931095712328 8.520120122191996E-5 
-0.014760401119012384 4.714380987751534E-4 
-0.014789687253074144 4.80451534618504E-4 
-0.014184547038322266 3.58334379391348E-4 
-0.013877961417856417 3.081727461737573E-4 
-0.011079463976652904 1.1255105870951938E-4 
-0.013788916644818794 2.9846690042597965E-4 
-0.014463397075291998 4.392338819885934E-4 
-0.013987409088565743 3.2301672246165677E-4 
-0.013563421861121798 2.779628705811973E-4 
-0.01197040837783849 1.443345665738983E-4 
-0.014082322117367695 3.385749348845191E-4 
-0.013908906810268504 3.118363262057492E-4 
-0.011015392568119503 1.1200556678645238E-4 
-0.014769816669132938 4.742976721848933E-4 
