-0.00478512404444806 3.357445274086021E-5 
-0.013716698672292138 4.153846699558838E-4 
-0.006572017746315626 5.0045508309037635E-5 
-0.004940014564806385 4.478657595809959E-5 
-0.013369639057538952 2.958513209924948E-4 
-0.01337207204583828 3.5626533219951494E-4 
-0.012528467356284871 2.162170197202028E-4 
-0.012588506628743286 2.2965167267116843E-4 
-0.010805763491497004 1.284545738622509E-4 
-0.00976323426651032 1.0322449426078178E-4 
-0.013217461309397688 2.7119927517323377E-4 
-0.01223582256868434 1.7626802576135107E-4 
-0.01248679921947363 2.086820525325987E-4 
-0.012055181926084046 1.7160191636597877E-4 
-0.006851401703396731 5.297926350941366E-5 
-0.012486666282979174 1.9989341748004704E-4 
-0.01366696250347196 4.064383276806447E-4 
-0.013294148911546667 2.794320499360976E-4 
-0.011696224001863308 1.5146282029268807E-4 
-0.012752530552950024 2.3177404860387876E-4 
-0.010999353494061188 1.3119330870338226E-4 
-0.009609219485739425 9.63818611239344E-5 
-0.009451213742961732 9.343816630056218E-5 
-0.007165314572943967 5.6257795241829514E-5 
-0.013618749993997741 3.978994499389149E-4 
-0.012813457477661324 2.3613503254954393E-4 
-0.008823621637718762 7.859818658785734E-5 
-0.008093043333038098 6.8982526180871E-5 
-0.010680567881197573 1.23276205294524E-4 
-0.008272768104898342 6.9430088460977E-5 
-0.013313834547756788 2.8618546238129807E-4 
-0.007033342036127811 5.544704788359634E-5 
-0.013528561238844442 3.8227878648457734E-4 
-0.01012970531151858 1.0999425291618732E-4 
-0.01197139488325085 1.6179677417921343E-4 
-0.012928724782005383 2.386234657168404E-4 
-0.011998149497123634 1.6842448081806535E-4 
-0.011056789610106116 1.3336546708856136E-4 
-0.007346895490829659 5.666565658456512E-5 
-0.009124152325195537 8.453340487584109E-5 
-0.011568338653149466 1.479081997602204E-4 
-0.010236516843444466 1.1224356782574884E-4 
-0.01302601500726389 2.465823396973112E-4 
-0.010372802706116346 1.1797469569242391E-4 
-0.008556093180127339 7.383493209242231E-5 
-0.011187977442056555 1.3648025447701874E-4 
-0.012444269791537106 1.9312427633018584E-4 
-0.010022443649733754 1.076918997726932E-4 
-0.011922177131112942 1.581503943670128E-4 
-0.012980271909081381 2.4240892182704954E-4 
-0.008020614905734332 6.585324153305909E-5 
-0.009002315975090951 8.146831707251463E-5 
-0.007421255458912269 5.837728441314071E-5 
-0.013072701817958287 2.513548769346667E-4 
-0.00836433142478733 7.153315143159451E-5 
-0.010317922334770017 1.1487921202270169E-4 
-0.009297544537255995 9.214880784036538E-5 
-0.009197499589287457 8.609121384798355E-5 
-0.0048330022126115615 3.906186813754704E-5 
-0.007572470240174253 5.893667906301268E-5 
-0.013152244803051234 2.574392782809376E-4 
-0.013696467289464748 4.117286684800176E-4 
-0.013559346544380759 3.8755913374417117E-4 
-0.011370427774769825 1.4193630360561296E-4 
-0.013494543969277208 3.7650635639478367E-4 
-0.010498733305530408 1.1982716102558135E-4 
-0.008939051905783424 8.042225857197454E-5 
-0.011456125817411794 1.4421627955532254E-4 
-0.008485389110483351 7.193842624413318E-5 
-0.013413780148324918 3.630633087490881E-4 
-0.009224386812871441 9.164861408947819E-5 
-0.004906434876564536 4.1747384333091196E-5 
-0.007794735272389334 6.19213794767766E-5 
-0.006889609375420613 5.417511281457529E-5 
-0.00989350977298914 1.0397500809680162E-4 
-0.013191467606553799 2.640810573574452E-4 
-0.011786597580329619 1.551607319153524E-4 
-0.009571071765976007 9.587547748830837E-5 
-0.011292917175923595 1.4013847158632863E-4 
-0.013089608257688075 2.5555791825910895E-4 
-0.009910909425462137 1.0694806672666542E-4 
-0.013580067687888647 3.911434068683816E-4 
-0.013458367851696244 3.7043931853140256E-4 
-0.01182755083230664 1.5579418559615935E-4 
-0.008690975404118024 7.575587534704837E-5 
-0.008691401895618343 7.664492710099162E-5 
-0.011514512266235373 1.4627851290572582E-4 
-0.013601298664625953 3.9484102886024085E-4 
-0.012302160445287638 1.793600225896023E-4 
-0.0131774168580952 2.62953265028923E-4 
-0.007693740700463812 6.185548320675164E-5 
-0.011244048145695488 1.3782203716214831E-4 
-0.007613515977052714 6.14411948391561E-5 
-0.007895799012539279 6.348005607846564E-5 
-0.007926672985835022 6.404011392958459E-5 
-0.013476421862340174 3.734578853668787E-4 
-0.010570159712793993 1.2043336658769093E-4 
-0.013295749374864628 2.8495097380613394E-4 
-0.01060154945113331 1.2303387245433402E-4 
-0.004815258210641646 3.4303782617341125E-5 
