-0.0035814750505482676 7.67087752186763E-5 
-0.010043500010853872 4.5231688516814725E-4 
-0.0038562292737463807 1.0651738927865668E-4 
-0.005155641582771025 1.1211896353573414E-4 
-0.005478495521022161 1.2119685346518475E-4 
-0.006210849596423697 1.3113013004022875E-4 
-0.0038375064165939734 9.473658667981013E-5 
-0.0038203735332094195 8.199056952376325E-5 
-0.0037899155925890295 7.737537480441905E-5 
-0.007819070256126982 2.0222944655522916E-4 
-0.009926746477637294 4.076032968635851E-4 
-0.006406695669255403 1.3168469125033195E-4 
-0.0075427772948105706 1.893955098105602E-4 
-0.007662952088917941 1.9271724467558474E-4 
-0.00807048146739502 2.1864828142664072E-4 
-0.006536731239325246 1.3641966301598072E-4 
-0.009539213536895411 3.4653720907027786E-4 
-0.006728217685591837 1.4498662088660645E-4 
-0.009891866710794762 3.9725556058592263E-4 
-0.009481750713363858 3.408279457732267E-4 
-0.0090496550088525 2.963051493147457E-4 
-0.007097643319584957 1.6364613727069778E-4 
-0.008509855280233392 2.5235534692526527E-4 
-0.008710970534538079 2.7046620191258514E-4 
-0.007916454932329611 2.0766762556217707E-4 
-0.00878330877619712 2.7372318718032725E-4 
-0.009265654656236773 3.2092019747760847E-4 
-0.00920723955557098 3.1184913634717525E-4 
-0.00844218865745083 2.495456161572177E-4 
-0.007481805301722679 1.819253960484758E-4 
-0.009079443861208323 3.0168457634010605E-4 
-0.00881845652997912 2.7808234993091944E-4 
-0.008561722067540472 2.567007542889272E-4 
-0.007717286784573991 2.0073543305212872E-4 
-0.006643127840010455 1.3946131736509426E-4 
-0.008114651458032331 2.2296209702026945E-4 
-0.00682020532509068 1.5098482426121807E-4 
-0.009246343523850873 3.1518219072635626E-4 
-0.007265762302766331 1.7069451018867694E-4 
-0.00966535512040133 3.598807115665262E-4 
-0.0064422785537139645 1.3578089120766203E-4 
-0.008992110190185844 2.9239158265557713E-4 
-0.00741391834059742 1.7728830626158565E-4 
-0.0054483146228704185 1.1957528036163532E-4 
-0.0062109680530398415 1.3116306697435578E-4 
-0.007039776535570503 1.5690841618356847E-4 
-0.007340694300747122 1.7285415135616584E-4 
-0.009839954731319473 3.844193220607615E-4 
-0.008610207875574831 2.5965284597290075E-4 
-0.008343126371220255 2.3952068602253978E-4 
-0.009157922897301763 3.067702960496438E-4 
-0.006816113280922595 1.4816422282132094E-4 
-0.009695596024758897 3.638988807030393E-4 
-0.00994164973451016 4.124469126059987E-4 
-0.009627387957797514 3.5552728912935556E-4 
-0.007691406169302105 1.965312482543503E-4 
-0.008012520689003086 2.1353719713544634E-4 
-0.006954522442567407 1.5264153613138925E-4 
-0.007515215940926297 1.8479033087668938E-4 
-0.007210060515090223 1.655674248167653E-4 
-0.009876818774630713 3.93218932464862E-4 
-0.00839479576005003 2.4559305803029797E-4 
-0.008216031047441072 2.3261159776873224E-4 
-0.009456308612343296 3.368456550974107E-4 
-0.008871515050597276 2.8506299528888277E-4 
-0.009773304105335119 3.72436421443903E-4 
-0.00866608777641065 2.6643512466897136E-4 
-0.006645642009337887 1.4304308161013004E-4 
-0.009813274617888086 3.7901561544547173E-4 
-0.009331088093775482 3.240238218224669E-4 
-0.007080148172306747 1.5887020390014384E-4 
-0.008870582949081484 2.818363836009424E-4 
-0.008656353487919556 2.6285265792148747E-4 
-0.008285105481658658 2.362726470823387E-4 
-0.009962764012879204 4.1974198061922076E-4 
-0.005272712347550043 1.1330257860295601E-4 
-0.009134803172147559 3.0470650253693694E-4 
-0.00536347188171438 1.1587078065228815E-4 
-0.008158634304209019 2.2947537598765844E-4 
-0.009574789994781015 3.507034328744306E-4 
-0.008948074800906532 2.8818246893222394E-4 
-0.006957600428082174 1.5415410861628322E-4 
-0.008377628535021359 2.4234265567672645E-4 
-0.008123345621820259 2.2849586081917273E-4 
-0.009978908094028476 4.256621836640461E-4 
-0.009371485740358879 3.2801231219717174E-4 
-0.007936108433570677 2.094388928881189E-4 
-0.010013638496778094 4.432486304646509E-4 
-0.007372344632524869 1.7626735078591372E-4 
-0.007977631864384317 2.128824284340988E-4 
-0.009955726524280263 4.1725411485744705E-4 
-0.00723161878266881 1.6685010610842016E-4 
-0.009390349502739587 3.3287209338427005E-4 
-0.00959485513375332 3.5278432797637515E-4 
-0.0053531990124791136 1.1550773860433235E-4 
-0.009417211494860052 3.3370933585323456E-4 
-0.008240916887307975 2.355842352868937E-4 
-0.010033245109747799 4.4776791126363883E-4 
-0.00998356730641931 4.274259335960477E-4 
-0.008965452092317697 2.890796425716841E-4 
