-0.003043020918886843 5.901920149141503E-5 
-0.010043499593096819 4.5231669741693467E-4 
-0.004943401743401757 1.0282364047246039E-4 
-0.004049343325731332 9.354643665888211E-5 
-0.005487249519948915 1.2169701772526338E-4 
-0.006391680503149037 1.3089370547220204E-4 
-0.0036196573958584754 7.66229489374998E-5 
-0.00399847709148269 8.40242065640799E-5 
-0.003779218551310491 7.956562478754657E-5 
-0.005191429100937414 1.0835937740901539E-4 
-0.009651428499618062 3.584252480411806E-4 
-0.008086962872862135 2.1944919663694428E-4 
-0.008615085177833263 2.602371432570522E-4 
-0.007829266997671336 2.0085277366771567E-4 
-0.005353014184922245 1.1550137595809181E-4 
-0.007148615284402693 1.6418094253019014E-4 
-0.009239515809303663 3.147294647948591E-4 
-0.009283005517382597 3.2010938658840013E-4 
-0.008541908806635768 2.5553450755261135E-4 
-0.010025308040600691 4.4432928824841513E-4 
-0.00968835007911842 3.635781591922383E-4 
-0.008678056449623304 2.6447699230231815E-4 
-0.009936987444617382 4.109044745842967E-4 
-0.008017086833804976 2.1234091070432864E-4 
-0.008372179984020277 2.416500487134901E-4 
-0.006995271500653881 1.551468454067259E-4 
-0.009926019162732301 4.07373387271435E-4 
-0.00670914427045529 1.418344189150975E-4 
-0.009878324592247231 3.93611263431353E-4 
-0.00724132602754931 1.6943804986177316E-4 
-0.008386916728570228 2.4717669661288033E-4 
-0.006508793933787336 1.3429443091612456E-4 
-0.0067666358969690225 1.4416358825206687E-4 
-0.006595412293199207 1.4116105367675187E-4 
-0.009079360617012994 2.99464684379328E-4 
-0.009026099810678812 2.959847991557934E-4 
-0.009178328720884175 3.1188452996283545E-4 
-0.0088879447216899 2.8278600173122116E-4 
-0.007319922358964554 1.7231205987902685E-4 
-0.009582845065316486 3.509050405417133E-4 
-0.00883046405501585 2.7800023282211015E-4 
-0.00916088610878958 3.069163333069416E-4 
-0.006822447897293051 1.4790772588438615E-4 
-0.009111656156407931 3.035267812182518E-4 
-0.008448643151997014 2.4990783072154353E-4 
-0.007743587760128164 1.9566828445582762E-4 
-0.009960091467319708 4.18790552963128E-4 
-0.007086093783768009 1.587826588385422E-4 
-0.006933011428771892 1.5145715603237314E-4 
-0.006573032595141898 1.3709968725672046E-4 
-0.00947107748829607 3.3873768415823514E-4 
-0.009430587734910208 3.3494421941087504E-4 
-0.00950656937347914 3.422886628102158E-4 
-0.007623146632164781 1.9337603495265886E-4 
-0.008990535065080015 2.921786915785566E-4 
-0.007854947712068787 2.0439266694294325E-4 
-0.009901338111109504 3.9992845606402495E-4 
-0.009981925751993633 4.2680170189866634E-4 
-0.008953878925962515 2.886806703855266E-4 
-0.00850517075474818 2.525214233048385E-4 
-0.007587419995412842 1.911584431486226E-4 
-0.005251814030730825 1.1291541688136433E-4 
-0.007539772593759316 1.873044636045494E-4 
-0.007436339134163174 1.7961135572198722E-4 
-0.007214832737029944 1.6566005545801566E-4 
-0.008247069357909219 2.338455977718376E-4 
-0.008714252317729517 2.680971385184641E-4 
-0.008125279341551085 2.2705036355262747E-4 
-0.008296087559632386 2.391862855254753E-4 
-0.009321416842561197 3.242152813014369E-4 
-0.0064309135302516186 1.3261375407758885E-4 
-0.006864097862499847 1.507654548762372E-4 
-0.008120154744111178 2.2322153693008938E-4 
-0.008897106794007128 2.864476052051645E-4 
-0.009542984503585442 3.4623355085776526E-4 
-0.007472164520794121 1.8334516318280897E-4 
-0.009966348487662584 4.210308210359666E-4 
-0.008000385349773775 2.1102266498000238E-4 
-0.009396626646759438 3.313294749526796E-4 
-0.009853656644919724 3.875093939347871E-4 
-0.008748890239136676 2.7079863154516495E-4 
-0.0077298357357908735 1.9456810449549903E-4 
-0.007363407961853918 1.7474571326716866E-4 
-0.010039436703913775 4.505001224928483E-4 
-0.007381182658156239 1.7792562098120393E-4 
-0.0070541372883585855 1.5771854776365667E-4 
-0.007882625440822301 2.1070690864827412E-4 
-0.008212147055941624 2.281944788333221E-4 
-0.0082669170122956 2.375636032005669E-4 
-0.009732170041248952 3.6756455513163686E-4 
-0.005218654601625859 1.1245796374965283E-4 
-0.00788084690442855 2.0929906942745112E-4 
-0.009996677640784648 4.325214619743116E-4 
-0.005417604265884703 1.1808889689401301E-4 
-0.010011098111411546 4.383521598891085E-4 
-0.007533090502674728 1.8363322299808698E-4 
-0.009324296392707166 3.277830954101031E-4 
-0.008775732461805328 2.737702661501204E-4 
-0.008214954930825044 2.3010966886250834E-4 
-0.009894000515934191 3.978488238085367E-4 
