0.0 0.0 0.0 0.0 0.35 0.0 0.0 0.0 0.0 0.0 0.0 
0.29999991665250647 0.0 0.0 0.0 0.0 0.0 0.0 0.35 0.35 0.0 0.0 
0.0 0.0 0.0 0.0 0.35 0.0 0.0 0.0 0.0 0.0 0.0 
0.0 0.0 0.0 0.35 0.0 0.0 0.0 0.24227302541073706 0.0 0.0 0.11596789361316984 
0.0 0.0 0.0 0.35 0.0 0.0 0.0 0.3212119145241019 0.0 0.0 0.1043271944048806 
0.0 0.0 0.0 0.35 0.0 0.0 0.0 0.2791211597747769 0.0 0.0 0.1516537689187756 
0.0 0.0 0.0 0.16014892797401237 0.0 0.0 0.0 0.35 0.0 0.0 0.10180385148359451 
0.0 0.0 0.0 0.29117443940553067 0.0 0.0 0.0 0.35 0.10525349721157191 0.0 0.11784093719657063 
0.0 0.0 0.0 0.19744904432693863 0.0 0.0 0.0 0.35 0.10029229084183297 0.0 0.0 
0.0 0.0 0.0 0.17602371341713036 0.0 0.0 0.0 0.35 0.13797003330559043 0.0 0.10860962376382453 
0.0 0.0 0.0 0.2763914133789674 0.0 0.0 0.0 0.35 0.0 0.0 0.1102676708052115 
0.0 0.0 0.0 0.0 0.0 0.0 0.0 0.35 0.22846643537155184 0.0 0.0 
0.0 0.0 0.0 0.2095148692421598 0.0 0.0 0.0 0.35 0.0 0.0 0.10209011556199618 
0.13453144850743845 0.0 0.0 0.0 0.0 0.0 0.0 0.35 0.3121944089074671 0.0 0.0 
0.0 0.0 0.0 0.24471671609311801 0.0 0.0 0.0 0.35 0.11248018915901177 0.0 0.1085079178718635 
0.12654074605418592 0.0 0.0 0.1153470716515499 0.0 0.0 0.0 0.35 0.2431374840073648 0.0 0.0 
0.0 0.0 0.0 0.1181389597194527 0.0 0.0 0.0 0.35 0.1474373668020637 0.0 0.0 
0.11853289217668375 0.0 0.0 0.0 0.0 0.0 0.0 0.35 0.3245154365975059 0.0 0.0 
0.10537049622932321 0.0 0.0 0.12156261729924774 0.0 0.0 0.0 0.35 0.23139281548561544 0.0 0.0 
0.10796402191078243 0.0 0.0 0.11219914316424713 0.0 0.0 0.0 0.35 0.2627766247875112 0.0 0.0 
0.0 0.0 0.0 0.23735480532193712 0.0 0.0 0.0 0.35 0.11736259461660542 0.0 0.10955760258744568 
0.0 0.0 0.0 0.11870066106413145 0.0 0.0 0.0 0.35 0.13512774754234064 0.0 0.0 
0.12141781694576588 0.0 0.0 0.0 0.0 0.0 0.0 0.35 0.28857230608759576 0.0 0.0 
0.10064522572662273 0.0 0.0 0.0 0.0 0.0 0.0 0.35 0.2668050677958603 0.0 0.0 
0.10521643028828144 0.0 0.0 0.0 0.0 0.0 0.0 0.35 0.2979035762352985 0.0 0.0 
0.0 0.0 0.0 0.0 0.0 0.0 0.0 0.35 0.2094680055450212 0.0 0.0 
0.0 0.0 0.0 0.11837288724446192 0.0 0.0 0.0 0.35 0.12171830459127196 0.0 0.0 
0.10681835646199173 0.0 0.0 0.0 0.0 0.0 0.0 0.35 0.35 0.0 0.0 
0.0 0.0 0.0 0.1927494432290416 0.0 0.0 0.0 0.35 0.0 0.0 0.0 
0.12503213884199632 0.0 0.0 0.15858691062484132 0.0 0.0 0.0 0.35 0.1708092925733144 0.0 0.0 
0.11114571967458964 0.0 0.0 0.0 0.0 0.0 0.0 0.35 0.24498127874378195 0.0 0.0 
0.12399920261439133 0.0 0.0 0.0 0.0 0.0 0.0 0.35 0.2519584887888354 0.0 0.0 
0.12567267982474087 0.0 0.0 0.0 0.0 0.0 0.0 0.35 0.2829113707653876 0.0 0.0 
0.10198307695959752 0.0 0.0 0.0 0.0 0.0 0.0 0.35 0.25234629690367205 0.0 0.0 
0.10806650294917852 0.0 0.0 0.1072212288535651 0.0 0.0 0.0 0.35 0.23924849694195327 0.0 0.0 
0.12609284184461822 0.0 0.0 0.0 0.0 0.0 0.0 0.35 0.2679144501892652 0.0 0.0 
0.23365345081239974 0.0 0.0 0.0 0.0 0.0 0.0 0.35 0.35 0.0 0.0 
0.0 0.0 0.0 0.12781373598863593 0.0 0.0 0.0 0.35 0.18750102517318626 0.0 0.0 
0.0 0.0 0.0 0.25098102112941756 0.0 0.0 0.0 0.35 0.0 0.0 0.10383481678282215 
0.10762950370140147 0.0 0.0 0.0 0.0 0.0 0.0 0.35 0.2611915901365901 0.0 0.0 
0.0 0.0 0.0 0.1218478074323047 0.0 0.0 0.0 0.35 0.20371223811653263 0.0 0.0 
0.10386433517060299 0.0 0.0 0.0 0.0 0.0 0.0 0.35 0.282945122122185 0.0 0.0 
0.0 0.0 0.0 0.0 0.0 0.0 0.0 0.35 0.16604031979965292 0.0 0.0 
0.11199150952251732 0.0 0.0 0.0 0.0 0.0 0.0 0.35 0.23233552307066072 0.0 0.0 
0.0 0.0 0.0 0.1700292940900083 0.0 0.0 0.0 0.35 0.11740496004935624 0.0 0.0 
0.0 0.0 0.0 0.16327824207364294 0.0 0.0 0.0 0.35 0.1403463260771492 0.0 0.0 
0.11886197000996798 0.0 0.0 0.0 0.0 0.0 0.0 0.35 0.33104391172447173 0.0 0.0 
0.11694489899031829 0.0 0.0 0.0 0.0 0.0 0.0 0.35 0.3419195457800804 0.0 0.0 
0.1083641961297428 0.0 0.0 0.14535044071216888 0.0 0.0 0.0 0.35 0.1855838515095292 0.0 0.0 
0.25025714906220387 0.0 0.0 0.0 0.0 0.0 0.0 0.35 0.35 0.0 0.0 
0.0 0.0 0.0 0.0 0.0 0.0 0.0 0.35 0.17685066826192666 0.0 0.0 
0.0 0.0 0.0 0.13980128434513545 0.0 0.0 0.0 0.35 0.10300638998821188 0.0 0.0 
0.10743977338729453 0.0 0.0 0.0 0.0 0.0 0.0 0.35 0.3460675678027606 0.0 0.0 
0.12232359489500508 0.0 0.0 0.11490884533827167 0.0 0.0 0.0 0.35 0.2126226444115556 0.0 0.0 
0.10926042815401692 0.0 0.0 0.0 0.0 0.0 0.0 0.35 0.3009954646111199 0.0 0.0 
0.0 0.0 0.0 0.13954202391503934 0.0 0.0 0.0 0.35 0.17734038621654766 0.0 0.0 
0.0 0.0 0.0 0.10440029082610004 0.0 0.0 0.0 0.35 0.2099359916804495 0.0 0.0 
0.2441577862951474 0.0 0.0 0.0 0.0 0.0 0.0 0.35 0.35 0.0 0.0 
0.12785123674492088 0.0 0.0 0.14854569155814237 0.0 0.0 0.0 0.35 0.21438746236539874 0.0 0.0 
0.10203903543935045 0.0 0.0 0.0 0.0 0.0 0.0 0.35 0.30933781862781695 0.0 0.0 
0.12578627771687417 0.0 0.0 0.0 0.0 0.0 0.0 0.35 0.3013200641467217 0.0 0.0 
0.0 0.0 0.0 0.10816609594120329 0.0 0.0 0.0 0.35 0.0 0.0 0.0 
0.0 0.0 0.0 0.17035661050479511 0.0 0.0 0.0 0.35 0.10352992116655906 0.0 0.0 
0.2717323150687535 0.0 0.0 0.0 0.0 0.0 0.0 0.35 0.35 0.0 0.0 
0.10682599463979713 0.0 0.0 0.0 0.0 0.0 0.0 0.35 0.27854912331535775 0.0 0.0 
0.0 0.0 0.0 0.0 0.0 0.0 0.0 0.35 0.2408738135257757 0.0 0.0 
0.0 0.0 0.0 0.14101631138206117 0.0 0.0 0.0 0.35 0.0 0.0 0.0 
0.22386439622477036 0.0 0.0 0.0 0.0 0.0 0.0 0.35 0.35 0.0 0.0 
0.20072595680051417 0.0 0.0 0.0 0.0 0.0 0.0 0.35 0.35 0.0 0.0 
0.0 0.0 0.0 0.22023616276476216 0.0 0.0 0.0 0.35 0.0 0.0 0.10335901644220599 
0.19405857248368297 0.0 0.0 0.0 0.0 0.0 0.0 0.35 0.35 0.0 0.0 
0.2829304961266357 0.0 0.0 0.0 0.0 0.0 0.0 0.35 0.35 0.0 0.0 
0.0 0.0 0.0 0.126749706187667 0.0 0.0 0.0 0.35 0.0 0.0 0.0 
0.0 0.0 0.0 0.17099326017997354 0.0 0.0 0.0 0.35 0.0 0.0 0.0 
0.1197526007886824 0.0 0.0 0.10752237644629277 0.0 0.0 0.0 0.35 0.2187929622038278 0.0 0.0 
0.11171931806676548 0.0 0.0 0.0 0.0 0.0 0.0 0.35 0.2393364064488916 0.0 0.0 
0.11940426696491967 0.0 0.0 0.0 0.0 0.0 0.0 0.35 0.335256189760374 0.0 0.0 
0.26057696694031357 0.0 0.0 0.0 0.0 0.0 0.0 0.35 0.35 0.0 0.0 
0.0 0.0 0.0 0.13938676118631466 0.0 0.0 0.0 0.35 0.15814847052433884 0.0 0.0 
0.2127634915884221 0.0 0.0 0.0 0.0 0.0 0.0 0.35 0.35 0.0 0.0 
0.1446270240726358 0.0 0.0 0.0 0.0 0.0 0.0 0.35 0.30415211686919846 0.0 0.0 
0.0 0.0 0.0 0.10734237988489487 0.0 0.0 0.0 0.35 0.19553937424467208 0.0 0.0 
0.13621719166007012 0.0 0.0 0.124103252745838 0.0 0.0 0.0 0.35 0.21629181211541132 0.0 0.0 
0.10114517927528081 0.0 0.0 0.0 0.0 0.0 0.0 0.35 0.2761326455868414 0.0 0.0 
0.2774011298826029 0.0 0.0 0.0 0.0 0.0 0.0 0.35 0.35 0.0 0.0 
0.13243074916691813 0.0 0.0 0.0 0.0 0.0 0.0 0.35 0.30936483039784035 0.0 0.0 
0.0 0.0 0.0 0.0 0.0 0.0 0.0 0.35 0.24972899133449894 0.0 0.0 
0.0 0.0 0.0 0.14546491233191977 0.0 0.0 0.0 0.35 0.1207861794038724 0.0 0.0 
0.0 0.0 0.0 0.13452603214123166 0.0 0.0 0.0 0.35 0.1650218878792726 0.0 0.0 
0.1337049226561844 0.0 0.0 0.0 0.0 0.0 0.0 0.35 0.32549316420796454 0.0 0.0 
0.0 0.0 0.0 0.14777384223479462 0.0 0.0 0.0 0.35 0.1750896317522066 0.0 0.0 
0.2634103552945314 0.0 0.0 0.0 0.0 0.0 0.0 0.35 0.35 0.0 0.0 
0.1377275977007804 0.0 0.0 0.0 0.0 0.0 0.0 0.35 0.33397071092526986 0.0 0.0 
0.10706212969245844 0.0 0.0 0.15960558809754252 0.0 0.0 0.0 0.35 0.16089271945520564 0.0 0.0 
0.0 0.0 0.0 0.13044355732276933 0.0 0.0 0.0 0.35 0.15975039837184757 0.0 0.0 
0.11389355720002449 0.0 0.0 0.1126786782552884 0.0 0.0 0.0 0.35 0.1804343458291527 0.0 0.0 
0.13324416455158775 0.0 0.0 0.0 0.0 0.0 0.0 0.35 0.35 0.0 0.0 
0.2979212013583833 0.0 0.0 0.0 0.0 0.0 0.0 0.35 0.35 0.0 0.0 
0.18124253104930674 0.0 0.0 0.0 0.0 0.0 0.0 0.35 0.35 0.0 0.0 
0.0 0.0 0.0 0.10410700987490347 0.0 0.0 0.0 0.35 0.1060406776363288 0.0 0.0 
