0.0 0.30000000000000027 0.0 0.0 0.0 0.0 0.0 0.35 0.35 0.0 0.0 
0.0 0.0 0.14036239916274865 0.0 0.17656609575195342 0.27233444687299413 0.10053218265825498 0.10146447630683877 0.0 0.20874039924720983 0.0 
0.0 0.30000000000000027 0.0 0.0 0.0 0.0 0.0 0.35 0.35 0.0 0.0 
0.0 0.19989761770827746 0.0 0.0 0.0 0.0 0.10010238229172269 0.35 0.35 0.0 0.0 
0.0 0.2999999999999997 0.0 0.0 0.0 0.0 0.0 0.35 0.35 0.0 0.0 
0.0 0.10046334321022415 0.0 0.0 0.0 0.0 0.20784728980919873 0.34182848875010385 0.34986087823047335 0.0 0.0 
0.0 0.0 0.0 0.0 0.0 0.0 0.29999999999999993 0.35 0.35 0.0 0.0 
0.0 0.0 0.13145607894261457 0.0 0.1749347225164082 0.2611405097222527 0.10767014084965176 0.13107317409224725 0.0 0.1937253738768256 0.0 
0.0 0.0 0.16835149091580565 0.0 0.0 0.3022487444493075 0.0 0.10043211323128248 0.3077960044595979 0.12117164694400638 0.0 
0.0 0.0 0.18236745579100289 0.0 0.0 0.11273615279629272 0.0 0.25160938919902 0.3478833972937065 0.10540360491997794 0.0 
0.0 0.0 0.1729452272739304 0.0 0.0 0.31968915342953597 0.0 0.10644399184513159 0.27275811331747013 0.12816351413393198 0.0 
0.0 0.0 0.14056167062545996 0.0 0.13262958229991137 0.25149512933786705 0.10094521885953507 0.10040137366864758 0.10008356507485178 0.17388346013372702 0.0 
0.0 0.0 0.10501209885121547 0.0 0.0 0.0 0.20008488694857288 0.3449030142002116 0.35 0.0 0.0 
0.0 0.1949457078208217 0.0 0.0 0.0 0.0 0.10505429217917825 0.3499999999999999 0.3499999999999999 0.0 0.0 
0.0 0.0 0.18798260831742133 0.0 0.0 0.0 0.0 0.3337518282051423 0.3485273352879378 0.0 0.12973822818949857 
0.0 0.0 0.16918858147174345 0.0 0.0 0.126717755606989 0.0 0.268087170681064 0.3349581169203252 0.10104837531987813 0.0 
0.0 0.0 0.0 0.0 0.0 0.0 0.1971736839301699 0.3499999999999999 0.3499999999999999 0.10282631606983027 0.0 
0.0 0.0 0.17876168772914633 0.0 0.0 0.2552829599222111 0.0 0.13566865997638078 0.32653002665306097 0.1037566657192008 0.0 
0.0 0.0 0.207288022138698 0.0 0.0 0.13309599242994452 0.0 0.19876115634073493 0.35 0.1108548290906226 0.0 
0.0 0.11618764830678938 0.0 0.0 0.0 0.0 0.1838123516932107 0.35 0.35 0.0 0.0 
0.0 0.0 0.20688665951507457 0.0 0.0 0.15106440251199899 0.0 0.29914491160239964 0.34290402637052675 0.0 0.0 
0.0 0.0 0.13994165884107174 0.0 0.11070876138489803 0.2554356789042833 0.10608517742862533 0.11200812193940837 0.1068869996214322 0.16893360188028106 0.0 
0.0 0.0 0.13005672692919945 0.0 0.11572652786515764 0.2217115509209673 0.10134743783526323 0.13830509820045137 0.11065242279799117 0.18220023545096978 0.0 
0.0 0.0 0.18435948421297446 0.0 0.0 0.27107415484912983 0.0 0.14379297079622497 0.2903210434240188 0.11045234671765188 0.0 
0.0 0.16538480784476933 0.0 0.0 0.0 0.0 0.13461519215523068 0.35 0.35 0.0 0.0 
0.0 0.0 0.0 0.0 0.0 0.0 0.3051273163921568 0.3448726836078431 0.3499999999999999 0.0 0.0 
0.0 0.0 0.0 0.0 0.0 0.0 0.20065294302824804 0.3445860101528028 0.34716940861807094 0.10759163820087843 0.0 
0.0 0.0 0.14733856354616146 0.0 0.0 0.17188178466756118 0.0 0.22723508703944306 0.35 0.1035445647468344 0.0 
0.0 0.0 0.14624445357406643 0.0 0.0 0.0 0.0 0.34999999999999987 0.34999999999999987 0.0 0.1537555464259337 
0.0 0.10121044507183184 0.0 0.0 0.0 0.0 0.20208771799919686 0.34704998289720834 0.3496518540317631 0.0 0.0 
0.0 0.0 0.19689638691932138 0.0 0.0 0.11648243839321559 0.0 0.33662117468746316 0.35 0.0 0.0 
0.0 0.15017700450426058 0.0 0.0 0.0 0.0 0.14982299549573944 0.35 0.35 0.0 0.0 
0.0 0.0 0.14190786034217895 0.0 0.12917524020542015 0.24538200919840958 0.10190978055716454 0.10759960443243939 0.10268004390304797 0.17134546136133944 0.0 
0.0 0.0 0.21112871783784187 0.0 0.0 0.1269999011893873 0.0 0.312748184514188 0.3491231964585827 0.0 0.0 
0.0 0.0 0.23800626281927237 0.0 0.0 0.11067896640025905 0.0 0.3013147707804687 0.35 0.0 0.0 
0.0 0.17205510918424277 0.0 0.0 0.0 0.0 0.12794489081575722 0.35 0.35 0.0 0.0 
0.0 0.0 0.1820468350371318 0.0 0.0 0.17526154230748814 0.0 0.1887641629473442 0.3453217556242958 0.10860570408374016 0.0 
0.0 0.0 0.18636472691991107 0.0 0.0 0.2070664242446719 0.0 0.18303303141921035 0.3150794405385088 0.10845637687769788 0.0 
0.0 0.0 0.16066048202789274 0.0 0.0 0.0 0.13933951797210725 0.35 0.35 0.0 0.0 
0.0 0.18001659867551417 0.0 0.0 0.0 0.0 0.11998340132448605 0.35 0.35 0.0 0.0 
0.0 0.0 0.16121722289469012 0.0 0.0 0.1231948504226122 0.0 0.2715322484447104 0.3411527116325937 0.10290296660539355 0.0 
0.0 0.18760666567761985 0.0 0.0 0.0 0.0 0.11239333432238012 0.35 0.35 0.0 0.0 
0.0 0.0 0.186383227046235 0.0 0.0 0.20708697939515175 0.0 0.15753410271419224 0.3408530960179808 0.1081425948264403 0.0 
0.0 0.0 0.1925639733460238 0.0 0.0 0.2002094551945461 0.0 0.16158083813900126 0.3395601993684934 0.10608553395193554 0.0 
0.0 0.0 0.1742926156006156 0.0 0.0 0.25564702561999275 0.0 0.14711391641933083 0.31592943286216896 0.10701700949789186 0.0 
0.0 0.15951993316159 0.0 0.0 0.0 0.0 0.14048006683841008 0.35 0.35 0.0 0.0 
0.0 0.0 0.17637733672289643 0.0 0.0 0.12898086399810643 0.0 0.23611250523169444 0.35 0.10852929404730263 0.0 
0.0 0.0 0.1753491407331338 0.0 0.0 0.2761154501482227 0.0 0.13072921701263585 0.30517686460725907 0.11262932749874849 0.0 
0.0 0.0 0.19965150135817877 0.0 0.0 0.10170914654908626 0.0 0.3486393520927351 0.35 0.0 0.0 
0.0 0.0 0.1736320376913457 0.0 0.0 0.29449941933337387 0.0 0.11367936706133343 0.3062982114915782 0.11189096442236865 0.0 
0.0 0.0 0.18891449037894661 0.0 0.0 0.20989941958052807 0.0 0.14609260624127968 0.345482208612847 0.10961127518639861 0.0 
0.0 0.0 0.13678328707403759 0.0 0.10681415673086742 0.2475621608927314 0.10437874803115733 0.11158006272814375 0.12971040645855103 0.16317117808451143 0.0 
0.0 0.0 0.21510688697828423 0.0 0.0 0.1053074399109556 0.0 0.32958567311076026 0.35 0.0 0.0 
0.0 0.15521615107678868 0.0 0.0 0.0 0.0 0.14478384892321136 0.35 0.35 0.0 0.0 
0.0 0.0 0.17067555955981326 0.0 0.0 0.12578038832441965 0.0 0.2403366217517162 0.35 0.11320743036405109 0.0 
0.0 0.0 0.20634343673687144 0.0 0.0 0.15239931670750248 0.0 0.29125724655562607 0.35 0.0 0.0 
0.0 0.0 0.20087872086258063 0.0 0.0 0.12961599519561393 0.0 0.31950528394180544 0.35 0.0 0.0 
0.0 0.1762379755429624 0.0 0.0 0.0 0.0 0.12376202445703768 0.35 0.35 0.0 0.0 
0.0 0.0 0.17914091416819516 0.0 0.0 0.16584557470215264 0.0 0.23475182546550943 0.31640810695939986 0.10385357870474286 0.0 
0.0 0.0 0.13520882232352885 0.0 0.11027005401845749 0.24471255913053364 0.10317728063705722 0.11066737016985166 0.12821735517201038 0.16774655854856083 0.0 
0.0 0.0 0.18286146389971905 0.0 0.0 0.0 0.0 0.35 0.3428478195964861 0.0 0.12429071650379485 
0.0 0.0 0.20845793648240332 0.0 0.0 0.1342844090818021 0.0 0.30725765443579467 0.35 0.0 0.0 
0.0 0.0 0.14377949383371155 0.0 0.18588747195868094 0.2432285125693556 0.1030917136602854 0.10950331850944116 0.0 0.2145094894685254 0.0 
0.0 0.0 0.13061680164445078 0.0 0.18057174851763869 0.25125260652180564 0.10446973162672749 0.11987183754529177 0.0 0.21321727414408567 0.0 
0.0 0.0 0.174819746205705 0.0 0.0 0.16184511178472635 0.0 0.2290892325729376 0.33210486080192536 0.1021410486347056 0.0 
0.0 0.0 0.14444951220783653 0.0 0.12720951974444242 0.1906647120415663 0.10552585619458867 0.155100154840633 0.1071036555040719 0.16994658946686117 0.0 
0.0 0.0 0.16584079366393092 0.0 0.0 0.18114454564379293 0.0 0.19360212292683843 0.35 0.10941253776543768 0.0 
0.0 0.0 0.12359277073922609 0.0 0.10076941786111585 0.246181367366604 0.10150237711917667 0.12351080467081003 0.12181522998055871 0.18262803226250862 0.0 
0.0 0.0 0.17470620803940579 0.0 0.0 0.24880167102947673 0.0 0.1671893163460216 0.3079957796435221 0.10130702494157386 0.0 
0.0 0.0 0.19003198442873287 0.0 0.0 0.1916464054882241 0.0 0.18657944420125366 0.3211843591240814 0.11055780675770807 0.0 
0.0 0.0 0.17931196936477875 0.0 0.0 0.16583143209846712 0.0 0.22015544272104534 0.3308564333014768 0.10384472251423202 0.0 
0.0 0.0 0.12357599666068078 0.0 0.10075574138052514 0.24614795549657392 0.10148860116095397 0.12349404171674444 0.12193441769859013 0.18260324588593155 0.0 
0.0 0.0 0.1741278999667859 0.0 0.0 0.2957166530446086 0.0 0.1319576720743727 0.28739235931039914 0.11080541560383371 0.0 
0.0 0.0 0.1790177419733286 0.0 0.0 0.18986459538302258 0.0 0.1847431412736562 0.33957591700793893 0.10679860436205361 0.0 
0.0 0.0 0.13642853793401216 0.0 0.12872968796870712 0.1925618450190371 0.10657584903080342 0.15664341691261432 0.10816934760141264 0.17089131553341314 0.0 
0.0 0.0 0.2042541919491503 0.0 0.0 0.16525142746938976 0.0 0.2933994439589861 0.33709493662247403 0.0 0.0 
0.0 0.1337610188634678 0.0 0.0 0.0 0.0 0.1662389811365323 0.35 0.35 0.0 0.0 
0.0 0.0 0.12263904956065075 0.0 0.1191788838923777 0.22129822287160694 0.10115849982723381 0.1468018460560892 0.11156916362085648 0.17735433417118518 0.0 
0.0 0.0 0.1848400683998697 0.0 0.0 0.24543861775302825 0.0 0.16605661936777863 0.2862236580704777 0.11744103640884575 0.0 
0.0 0.0 0.0 0.0 0.0 0.0 0.10889378113684614 0.34439473046613966 0.349927527802612 0.0 0.19678396059440237 
0.0 0.0 0.17348444027391707 0.0 0.0 0.2946238830360081 0.0 0.13516537313681432 0.2863303502969671 0.1103959532562935 0.0 
0.0 0.0 0.14377949383371155 0.0 0.18588747195868094 0.2432285125693556 0.1030917136602854 0.10950331850944116 0.0 0.2145094894685254 0.0 
0.0 0.0 0.1925785764888058 0.0 0.0 0.17602200310879554 0.0 0.18745668923964884 0.3357880326384358 0.10815469852431389 0.0 
0.0 0.1250122796196651 0.0 0.0 0.0 0.0 0.17498772038033497 0.35 0.35 0.0 0.0 
0.0 0.14209117765935575 0.0 0.0 0.0 0.0 0.15790882234064454 0.35 0.35 0.0 0.0 
0.0 0.0 0.20564725554500124 0.0 0.0 0.1171401693734194 0.0 0.3273638280967885 0.34984874698479085 0.0 0.0 
0.0 0.10669937682425323 0.0 0.0 0.0 0.0 0.19330062317574695 0.35 0.35 0.0 0.0 
0.0 0.0 0.18755682022485118 0.0 0.0 0.12350775086700004 0.0 0.23035549379742556 0.347293044136366 0.11128689097435711 0.0 
0.0 0.0 0.14003764432112617 0.0 0.13019989430939743 0.25204050161924135 0.10231483934603398 0.10066019082152385 0.10043190903272325 0.1743150205499541 0.0 
0.0 0.14226022536025026 0.0 0.0 0.0 0.0 0.15773977463974975 0.35 0.35 0.0 0.0 
0.0 0.10722384866593608 0.0 0.0 0.0 0.0 0.19277615133406384 0.35 0.35 0.0 0.0 
0.0 0.0 0.13238761908560365 0.0 0.17555337491032688 0.25237918736728504 0.10509718288705287 0.12040932576465967 0.0 0.21417330998507192 0.0 
0.0 0.18605728721481127 0.0 0.0 0.0 0.0 0.11394271278518893 0.3499999999999999 0.3499999999999999 0.0 0.0 
0.0 0.1336421685646509 0.0 0.0 0.0 0.0 0.1669798004505281 0.3496890154924105 0.3496890154924105 0.0 0.0 
0.0 0.12567130781741173 0.0 0.0 0.0 0.0 0.17432869218258829 0.35 0.35 0.0 0.0 
0.0 0.0 0.16584079366393092 0.0 0.0 0.18114454564379293 0.0 0.19360212292683843 0.35 0.10941253776543768 0.0 
0.0 0.0 0.0 0.0 0.0 0.0 0.10897524255570279 0.34436324725707124 0.3498955388070148 0.0 0.19676597138021112 
0.0 0.0 0.10033043221829328 0.0 0.0 0.0 0.19966956778170686 0.35 0.35 0.0 0.0 
0.0 0.0 0.17397849099190082 0.0 0.0 0.29309171250711413 0.0 0.11390619496963356 0.3069093776550142 0.11211422387633725 0.0 
0.0 0.0 0.12951190531264678 0.0 0.11729472106841864 0.21984212290810518 0.10049289625394263 0.14583591799796702 0.11083505987176986 0.17618737658714992 0.0 
