0.0 0.29999999999999993 0.0 0.0 0.0 0.0 0.0 0.35 0.35 0.0 0.0 
0.27819137460048804 0.0 0.0 0.10678980131781976 0.0 0.0 0.18872195082457885 0.0 0.10441712836194841 0.18797591063462493 0.13390383426053995 
0.27819137460048804 0.0 0.0 0.10678980131781976 0.0 0.0 0.18872195082457885 0.0 0.10441712836194841 0.18797591063462493 0.13390383426053995 
0.0 0.2999999999999999 0.0 0.0 0.0 0.0 0.0 0.35 0.35 0.0 0.0 
0.0 0.2999999999999998 0.0 0.0 0.0 0.0 0.0 0.35 0.35 0.0 0.0 
0.10040486724713162 0.19959513275286855 0.0 0.0 0.0 0.0 0.0 0.3499999999999999 0.35 0.0 0.0 
0.2576317899525255 0.0 0.0 0.10884507556597248 0.0 0.0 0.12954004511316275 0.10039995146860412 0.10914085814223064 0.165632470124825 0.1288098096326796 
0.2875175781560306 0.0 0.0 0.10429821040971429 0.0 0.0 0.1789723400554515 0.0 0.14951968588536604 0.14343864678753446 0.13625353870590315 
0.30000000000000016 0.0 0.0 0.0 0.0 0.0 0.0 0.35 0.35 0.0 0.0 
0.2155522108979337 0.10490898358050584 0.0 0.0 0.0 0.0 0.0 0.35 0.32953880552156034 0.0 0.0 
0.34949830805069826 0.0 0.0 0.0 0.0 0.0 0.0 0.3306629220498545 0.2069621627655519 0.0 0.11287660713389537 
0.3243069251280146 0.0 0.0 0.0 0.0 0.0 0.0 0.3400899923226939 0.21765043965053113 0.0 0.11795264289876034 
0.17143564206474582 0.12856435793525425 0.0 0.0 0.0 0.0 0.0 0.35 0.35 0.0 0.0 
0.29165716799884395 0.0 0.0 0.10219484259296688 0.0 0.0 0.0 0.3326204020189029 0.16172736255472944 0.0 0.11180022483455689 
0.3473498308905261 0.0 0.0 0.10509655767942702 0.0 0.0 0.10545552175677911 0.1670033501766809 0.1567057158924475 0.0 0.11838902360413933 
0.1890986878305823 0.11090131216941784 0.0 0.0 0.0 0.0 0.0 0.35 0.35 0.0 0.0 
0.33709122574345873 0.0 0.0 0.12026368171926746 0.0 0.0 0.11721872672052384 0.16494762636718 0.1381874305596457 0.0 0.12229130888992427 
0.1366033076061127 0.16339669239388735 0.0 0.0 0.0 0.0 0.0 0.35 0.35 0.0 0.0 
0.31751958766270205 0.0 0.0 0.10023364621343679 0.0 0.0 0.0 0.3287841283063951 0.1477904121157711 0.0 0.10567222570169493 
0.2077552219226119 0.10268545294082007 0.0 0.0 0.0 0.0 0.0 0.35 0.3395593251365681 0.0 0.0 
0.16022851548358372 0.13977148451641638 0.0 0.0 0.0 0.0 0.0 0.35 0.35 0.0 0.0 
0.12470445074360842 0.17529554925639154 0.0 0.0 0.0 0.0 0.0 0.35 0.35 0.0 0.0 
0.3321576058255269 0.0 0.0 0.10373748713698873 0.0 0.0 0.0 0.32264017884554735 0.13895976193601625 0.0 0.10250496625592065 
0.34086487377355335 0.0 0.0 0.0 0.0 0.0 0.0 0.35 0.30913512622644673 0.0 0.0 
0.27996154004020957 0.0 0.0 0.0 0.0 0.0 0.0 0.35 0.26126736756173286 0.0 0.1087710923980575 
0.35 0.0 0.0 0.11617052139342969 0.0 0.0 0.11501633678267108 0.18418462922808337 0.12932893489176983 0.0 0.10529957770404601 
0.33148191643857683 0.0 0.0 0.10786917009904995 0.0 0.0 0.10182371896737664 0.18747888598436602 0.1544556063192027 0.0 0.11689070219142783 
0.30048508001366414 0.0 0.0 0.0 0.0 0.0 0.0 0.35 0.24706903886355205 0.0 0.10244588112278367 
0.2797471731611761 0.0 0.0 0.10303295531334643 0.0 0.0 0.12590910563135269 0.11360821714238954 0.10810121712691288 0.1456799079924374 0.12392142363238506 
0.2820694073239508 0.0 0.0 0.0 0.0 0.0 0.0 0.35 0.26769184783184286 0.0 0.1002387448442066 
0.25869800416149985 0.0 0.0 0.10849996611228237 0.0 0.0 0.0 0.35 0.2828020297262178 0.0 0.0 
0.272382419173629 0.0 0.0 0.10032046188609188 0.0 0.0 0.12259436404777023 0.11061731446136239 0.1315817586581348 0.14184467108487928 0.12065901068813238 
0.23394349431165937 0.0 0.0 0.0 0.0 0.0 0.0 0.3472476318792713 0.3083772712673115 0.0 0.11043160254175786 
0.3432300903919672 0.0 0.0 0.1034702106727751 0.0 0.0 0.10200444503738879 0.21128300016563262 0.13088491809831626 0.0 0.10912733563392006 
0.35 0.0 0.0 0.0 0.0 0.0 0.0 0.3274650067228397 0.19864987087508326 0.0 0.12388512240207716 
0.35 0.0 0.0 0.0 0.0 0.0 0.0 0.3113013440467215 0.21217735063194873 0.0 0.12652130532132982 
0.35 0.0 0.0 0.10543639702500592 0.0 0.0 0.0 0.286377852117195 0.14972707789643236 0.0 0.10845867296136658 
0.2682754627918612 0.0 0.0 0.10053553908626693 0.0 0.0 0.12447339403021722 0.10161386887996496 0.12021196799094638 0.1570029125223353 0.127886854698408 
0.35 0.0 0.0 0.0 0.0 0.0 0.0 0.3172877642340665 0.19387966180110638 0.0 0.13883257396482718 
0.3116451215147208 0.0 0.0 0.0 0.0 0.0 0.0 0.35 0.23671710813415256 0.0 0.10163777035112678 
0.25047329720803335 0.0 0.0 0.10213939158541059 0.0 0.0 0.0 0.3485279917323709 0.2988593194741851 0.0 0.0 
0.2377099651160307 0.0 0.0 0.10282024298212865 0.0 0.0 0.0 0.347480358605162 0.31198943329667866 0.0 0.0 
0.32916029033848343 0.0 0.0 0.10723115459426033 0.0 0.0 0.0 0.278884128773009 0.14624153916845006 0.0 0.1384828871257971 
0.23916629638420403 0.0 0.0 0.0 0.0 0.0 0.0 0.35 0.3104143955646369 0.0 0.10041930805115916 
0.278241619970707 0.0 0.0 0.1075696978457872 0.0 0.0 0.18943095515501196 0.0 0.11621019041973546 0.1760328100782406 0.13251472653051777 
0.3209218486456309 0.0 0.0 0.12590865729589976 0.0 0.0 0.0 0.32028974404015664 0.131592010421571 0.0 0.10128773959674174 
0.3365210248295341 0.0 0.0 0.10194623868376361 0.0 0.0 0.0 0.2548266180416706 0.1703664535516468 0.0 0.13633966489338484 
0.30803515269785064 0.0 0.0 0.0 0.0 0.0 0.0 0.3419181771568666 0.24341982284352776 0.0 0.10662684730175498 
0.3178962501445729 0.0 0.0 0.10195511390026507 0.0 0.0 0.0 0.2990152151002866 0.15765377995356564 0.0 0.12347964090130976 
0.2727575642537977 0.0 0.0 0.10917504724193881 0.0 0.0 0.0 0.35 0.2680673885042636 0.0 0.0 
0.35 0.0 0.0 0.0 0.0 0.0 0.0 0.33078285386612666 0.19752212585369544 0.0 0.12169502028017802 
0.32070551464426744 0.0 0.0 0.1135659719234124 0.0 0.0 0.10484506387470227 0.22133883677829483 0.13156057833629695 0.0 0.10798403444302605 
0.3317278946543897 0.0 0.0 0.1244091460867838 0.0 0.0 0.0 0.2899938024824561 0.14001746425614273 0.0 0.11385169252022755 
0.22596077140551482 0.0 0.0 0.1069530190005055 0.0 0.0 0.0 0.35 0.31708620959397965 0.0 0.0 
0.35 0.0 0.0 0.10175314357387229 0.0 0.0 0.10583994000823582 0.13817884980826872 0.17003354645037677 0.0 0.13419452015924643 
0.25205361365241563 0.0 0.0 0.0 0.0 0.0 0.0 0.34889351074723 0.2935206812692787 0.0 0.1055321943310758 
0.2760249161639378 0.0 0.0 0.10325091061774867 0.0 0.0 0.11009150168236785 0.12574937787039678 0.1220411161390643 0.1383782499880416 0.12446392753844299 
0.2828749781788485 0.0 0.0 0.11883337598529735 0.0 0.0 0.10987725418138701 0.13299737743739504 0.12471633534424625 0.11513185682688283 0.115568822045943 
0.25693733956397147 0.0 0.0 0.1050150269871647 0.0 0.0 0.10646806748364157 0.14418700900025758 0.1471860114568453 0.11102031417453509 0.12918623133358445 
0.326861252300179 0.0 0.0 0.0 0.0 0.0 0.0 0.35 0.323138747699821 0.0 0.0 
0.3065630178614069 0.0 0.0 0.0 0.0 0.0 0.0 0.35 0.34343698213859314 0.0 0.0 
0.27494083178516127 0.0 0.0 0.12396614178550777 0.0 0.0 0.10795680897112235 0.13227233781824976 0.11939388193927764 0.11668956239563126 0.12478043530504992 
0.35 0.0 0.0 0.10669106369498897 0.0 0.0 0.0 0.2559629185467608 0.14383321531288534 0.0 0.14351280244536488 
0.26632454746666884 0.0 0.0 0.0 0.0 0.0 0.0 0.3478015811948093 0.2839579236504502 0.0 0.1019159476880719 
0.22852436219741656 0.0 0.0 0.10375840637747694 0.0 0.0 0.11059396273640451 0.14202692481754528 0.13525122191249844 0.17090642261111869 0.10893869934753958 
0.35 0.0 0.0 0.1228826314833754 0.0 0.0 0.11539354294059581 0.1615492667884237 0.12743119279254492 0.0 0.12274336599506026 
0.22028159462913063 0.0 0.0 0.0 0.0 0.0 0.0 0.35 0.3246831452536878 0.0 0.10503526011718158 
0.33951036366532533 0.0 0.0 0.10555062185071186 0.0 0.0 0.0 0.27037133707096217 0.13831694020794838 0.0 0.14625073720505238 
0.32694236961365647 0.0 0.0 0.1051655925984062 0.0 0.0 0.0 0.31073895420434566 0.14483684542977465 0.0 0.11231623815381696 
0.35 0.0 0.0 0.11060317067590446 0.0 0.0 0.0 0.24092727528188318 0.15435640335683487 0.0 0.1441131506853774 
0.2528529825315642 0.0 0.0 0.0 0.0 0.0 0.0 0.35 0.2944515598017988 0.0 0.10269545766663704 
0.3283900564805192 0.0 0.0 0.12315734422242827 0.0 0.0 0.0 0.28707589174986525 0.13860861186617532 0.0 0.12276809568101205 
0.262016902086105 0.0 0.0 0.0 0.0 0.0 0.0 0.34295271135488525 0.2899220813891387 0.0 0.10510830516987113 
0.35 0.0 0.0 0.10201446594185913 0.0 0.0 0.0 0.2358674621679425 0.16217191096191133 0.0 0.14994616092828694 
0.1098762826182664 0.19012371738173361 0.0 0.0 0.0 0.0 0.0 0.35 0.35 0.0 0.0 
0.24492326148939933 0.0 0.0 0.10409328735596261 0.0 0.0 0.0 0.3474121274220938 0.3035713237325441 0.0 0.0 
0.35 0.0 0.0 0.1039528899641109 0.0 0.0 0.0 0.2469193137301205 0.1621717209186928 0.0 0.1369560753870759 
0.10064339705825237 0.19935660294174773 0.0 0.0 0.0 0.0 0.0 0.35 0.35 0.0 0.0 
0.27165636562780443 0.0 0.0 0.10502380331002988 0.0 0.0 0.18494761790213782 0.0 0.13400311545166435 0.1749906495623502 0.1293784481460133 
0.2724735999437226 0.0 0.0 0.10614101239711628 0.0 0.0 0.18169312260488873 0.0 0.1369027786098089 0.17589142635519892 0.12689806008926463 
0.2697218811986439 0.0 0.0 0.1063806693271836 0.0 0.0 0.11160305973656692 0.14571789777983243 0.15070927900867997 0.10274117129488522 0.11312604165420811 
0.26633279589972797 0.0 0.0 0.10761276847666634 0.0 0.0 0.11439220225708299 0.14701595893013242 0.15368840188971844 0.10372043266105485 0.10723743988561696 
0.3139425631448954 0.0 0.0 0.10694924151816151 0.0 0.0 0.0 0.29554014480059093 0.16729491397922946 0.0 0.1162731365571227 
0.19769801261927397 0.10230198738072607 0.0 0.0 0.0 0.0 0.0 0.35 0.35 0.0 0.0 
0.26645140337392775 0.0 0.0 0.10509076426472862 0.0 0.0 0.11024983125389111 0.14395101423580803 0.1488818731164089 0.10149539649562889 0.12387971725960677 
0.32451682122153025 0.0 0.0 0.0 0.0 0.0 0.0 0.32781422213172273 0.24496026644872168 0.0 0.10270869019802532 
0.3158626044242714 0.0 0.0 0.0 0.0 0.0 0.0 0.35 0.22070176692945115 0.0 0.11343562864627758 
0.3191250511249012 0.0 0.0 0.0 0.0 0.0 0.0 0.35 0.22189775072562315 0.0 0.10897719814947575 
0.29195275964929823 0.0 0.0 0.10281353732738785 0.0 0.0 0.10423611691060303 0.1411643348316644 0.12466229202489712 0.10869293226841714 0.12647802698773225 
0.3387227809665569 0.0 0.0 0.11353170093160972 0.0 0.0 0.0 0.2890732488081526 0.12990357261117155 0.0 0.1287686966825092 
0.11027123828510063 0.1897287617148994 0.0 0.0 0.0 0.0 0.0 0.35 0.35 0.0 0.0 
0.21555221089793375 0.10490898358050586 0.0 0.0 0.0 0.0 0.0 0.35 0.32953880552156045 0.0 0.0 
0.34405971473663427 0.0 0.0 0.11072780030586797 0.0 0.0 0.10462087428716427 0.2038783684791424 0.13000906462229603 0.0 0.10670417756889485 
0.15068503626114407 0.14931496373885603 0.0 0.0 0.0 0.0 0.0 0.3499999999999999 0.35 0.0 0.0 
0.11823722045140078 0.18176277954859937 0.0 0.0 0.0 0.0 0.0 0.3499999999999999 0.3499999999999999 0.0 0.0 
0.14515413283568915 0.15484586716431092 0.0 0.0 0.0 0.0 0.0 0.35 0.35 0.0 0.0 
0.35 0.0 0.0 0.10499505107910344 0.0 0.0 0.0 0.23175823721900024 0.15663940417643465 0.0 0.15660730752546173 
0.19769801261927397 0.10230198738072607 0.0 0.0 0.0 0.0 0.0 0.35 0.35 0.0 0.0 
0.3373759505552577 0.0 0.0 0.0 0.0 0.0 0.0 0.34042256426400275 0.21886805463845693 0.0 0.10333343054228267 
0.35 0.0 0.0 0.0 0.0 0.0 0.0 0.33374826637501737 0.3162517336249827 0.0 0.0 
