0.0 0.3 0.0 0.0 0.0 0.0 0.0 0.35 0.35 0.0 0.0 
0.35 0.0 0.0 0.11181239437195772 0.0 0.0 0.1339183089657038 0.10767186229232494 0.14598274583990645 0.0 0.15061468853010718 
0.35 0.0 0.0 0.11181239437195771 0.0 0.0 0.13391830896570378 0.10767186229232492 0.14598274583990645 0.0 0.15061468853010715 
0.0 0.3 0.0 0.0 0.0 0.0 0.0 0.35 0.35 0.0 0.0 
0.10011287911846224 0.19988712088153776 0.0 0.0 0.0 0.0 0.0 0.35 0.35 0.0 0.0 
0.0 0.2999999999999998 0.0 0.0 0.0 0.0 0.0 0.35 0.35 0.0 0.0 
0.3000000000000001 0.0 0.0 0.0 0.0 0.0 0.0 0.35 0.35 0.0 0.0 
0.2188818312663809 0.10098643604519854 0.0 0.0 0.0 0.0 0.0 0.3485983177956695 0.33153341489275095 0.0 0.0 
0.3401515780328553 0.0 0.0 0.10549153117911902 0.0 0.0 0.10035174901894363 0.1808847945130559 0.14552462938611016 0.0 0.12759571786991594 
0.20565317588291135 0.1007367931271897 0.0 0.0 0.0 0.0 0.0 0.35 0.34361003098989895 0.0 0.0 
0.23959876308977457 0.0 0.0 0.10995025336023886 0.0 0.0 0.0 0.34829080003904217 0.30216018351094454 0.0 0.0 
0.35 0.0 0.0 0.0 0.0 0.0 0.0 0.3143966353784062 0.22056001238691372 0.0 0.11504335223467992 
0.34169335845000953 0.0 0.0 0.10609113103646498 0.0 0.0 0.10574505886167468 0.16938428444893358 0.1464011982895085 0.0 0.1306849689134088 
0.2394317997425534 0.0 0.0 0.11831402061932528 0.0 0.0 0.0 0.34864941848068565 0.29360476115743567 0.0 0.0 
0.23706079158105284 0.0 0.0 0.0 0.0 0.0 0.0 0.3475077126297436 0.31457933471973454 0.0 0.10085216106946902 
0.2650938600412909 0.0 0.0 0.0 0.0 0.0 0.0 0.34977302279745937 0.2848509482853841 0.0 0.10028216887586565 
0.35 0.0 0.0 0.10338770473068784 0.0 0.0 0.0 0.26792613209974914 0.14843244649602685 0.0 0.13025371667353616 
0.22452864128577357 0.0 0.0 0.0 0.0 0.0 0.0 0.35 0.32391851551215756 0.0 0.10155284320206888 
0.1661936941589682 0.1338063058410318 0.0 0.0 0.0 0.0 0.0 0.35 0.35 0.0 0.0 
0.19296079548785583 0.10703920451214417 0.0 0.0 0.0 0.0 0.0 0.35 0.35 0.0 0.0 
0.3144571257037295 0.0 0.0 0.10848230764252208 0.0 0.0 0.0 0.32256856659554395 0.14053446590851007 0.0 0.11395753414969445 
0.35 0.0 0.0 0.10305285743938811 0.0 0.0 0.0 0.26214093186353793 0.1445447157667969 0.0 0.14026149493027706 
0.3328539454309551 0.0 0.0 0.10529489102727556 0.0 0.0 0.0 0.30277546034017677 0.15327658540155986 0.0 0.10579911780003279 
0.34185342298710414 0.0 0.0 0.11034055429215305 0.0 0.0 0.10192288033427101 0.19896326526034913 0.14613810974079464 0.0 0.10078176738532796 
0.3363432631904453 0.0 0.0 0.10860204351508553 0.0 0.0 0.0 0.279573794183774 0.16086850988598886 0.0 0.1146123892247065 
0.35 0.0 0.0 0.10836737085190479 0.0 0.0 0.11616843920805593 0.1277174873108829 0.15076127590036076 0.0 0.1469854267287955 
0.10776008038392794 0.19223991961607204 0.0 0.0 0.0 0.0 0.0 0.3499999999999999 0.3499999999999999 0.0 0.0 
0.3269097230881536 0.0 0.0 0.11043046930452145 0.0 0.0 0.0 0.29232281301458524 0.1532796357418641 0.0 0.1170573588508756 
0.32829518680903574 0.0 0.0 0.1036021111357575 0.0 0.0 0.10158917095557726 0.19719724925557341 0.1482101102502211 0.0 0.12110617159383506 
0.17654643276091808 0.12345356723908191 0.0 0.0 0.0 0.0 0.0 0.35 0.35 0.0 0.0 
0.27898742642143665 0.0 0.0 0.0 0.0 0.0 0.0 0.34942838002599413 0.271159102293686 0.0 0.10042509125888326 
0.34874552325449754 0.0 0.0 0.1080302220346782 0.0 0.0 0.110046142733558 0.1484343087587322 0.15255030410037326 0.0 0.13219349911816083 
0.35 0.0 0.0 0.10746111848241 0.0 0.0 0.0 0.23473934136578917 0.16009876836861733 0.0 0.1477007717831836 
0.34503542381660207 0.0 0.0 0.0 0.0 0.0 0.0 0.35 0.1875282162323192 0.0 0.11743635995107882 
0.3441798483276908 0.0 0.0 0.10511679629015913 0.0 0.0 0.10887919281848288 0.14907099638066323 0.1456850817954543 0.0 0.14706808438754979 
0.2962486503738136 0.0 0.0 0.0 0.0 0.0 0.0 0.35 0.245705097539949 0.0 0.10804625208623753 
0.21646631537186364 0.10283835151616659 0.0 0.0 0.0 0.0 0.0 0.35 0.33069533311196986 0.0 0.0 
0.15580793847587734 0.14419206152412267 0.0 0.0 0.0 0.0 0.0 0.35 0.35 0.0 0.0 
0.31410767961748187 0.0 0.0 0.0 0.0 0.0 0.0 0.35 0.23059119474931303 0.0 0.10530112563320501 
0.3183669047515582 0.0 0.0 0.0 0.0 0.0 0.0 0.35 0.2231917912657238 0.0 0.10844130398271801 
0.23834343754340964 0.0 0.0 0.0 0.0 0.0 0.0 0.35 0.3018610108741982 0.0 0.10979555158239221 
0.3396125777512643 0.0 0.0 0.0 0.0 0.0 0.0 0.32127846234981533 0.225878986963601 0.0 0.11322997293531939 
0.35 0.0 0.0 0.0 0.0 0.0 0.0 0.33296896457510766 0.20038177176212313 0.0 0.1166492636627693 
0.23242492812397078 0.0 0.0 0.0 0.0 0.0 0.0 0.35 0.31727240908834875 0.0 0.10030266278768059 
0.22283199079074625 0.0 0.0 0.11334372605120184 0.0 0.0 0.0 0.35 0.31382428315805183 0.0 0.0 
0.35 0.0 0.0 0.11305032397579223 0.0 0.0 0.0 0.22932814754442135 0.14477195480491845 0.0 0.16284957367486794 
0.3280209723193457 0.0 0.0 0.11379814278188802 0.0 0.0 0.0 0.27292198134237877 0.16134275060133824 0.0 0.1239161529550494 
0.3471318383211557 0.0 0.0 0.0 0.0 0.0 0.0 0.3156234920098412 0.20991249541193818 0.0 0.1273321742570649 
0.11543827804320789 0.18456172195679213 0.0 0.0 0.0 0.0 0.0 0.3499999999999999 0.35 0.0 0.0 
0.27898742642143665 0.0 0.0 0.0 0.0 0.0 0.0 0.34942838002599413 0.271159102293686 0.0 0.10042509125888326 
0.35 0.0 0.0 0.10832776035624295 0.0 0.0 0.0 0.24653987155970628 0.15021514612668177 0.0 0.14491722195736914 
0.2875995230358807 0.0 0.0 0.0 0.0 0.0 0.0 0.35 0.2565268748472145 0.0 0.10587360211690484 
0.35 0.0 0.0 0.11781804508787316 0.0 0.0 0.0 0.23239600650885694 0.14650743457068305 0.0 0.15327851383258664 
0.18560588936302339 0.11439411063697663 0.0 0.0 0.0 0.0 0.0 0.35 0.35 0.0 0.0 
0.35 0.0 0.0 0.11360981946977877 0.0 0.0 0.0 0.2238343900085773 0.16721073695439834 0.0 0.14534505356724559 
0.1494261532602995 0.15057384673970056 0.0 0.0 0.0 0.0 0.0 0.35 0.35 0.0 0.0 
0.28955239886594053 0.0 0.0 0.10159628118843314 0.0 0.0 0.0 0.32736377925657784 0.17916435014322374 0.0 0.10232319054582475 
0.3485975169211924 0.0 0.0 0.10594748987362655 0.0 0.0 0.10973961903046298 0.14064870353504566 0.14683636938150624 0.0 0.1482303012581663 
0.2875995230358807 0.0 0.0 0.0 0.0 0.0 0.0 0.35 0.2565268748472145 0.0 0.10587360211690484 
0.34729829079321867 0.0 0.0 0.10912615043651785 0.0 0.0 0.10560809605985433 0.16264669204112375 0.14468586930330352 0.0 0.13063490136598171 
0.2600614255946496 0.0 0.0 0.0 0.0 0.0 0.0 0.3486623906834374 0.29091170622008655 0.0 0.10036447750182645 
0.30854859561847264 0.0 0.0 0.11153930911183343 0.0 0.0 0.0 0.32891365212137164 0.13777547971896004 0.0 0.11322296342936229 
0.3202191236094078 0.0 0.0 0.0 0.0 0.0 0.0 0.35 0.32978087639059206 0.0 0.0 
0.29487127700156895 0.0 0.0 0.10163237726685777 0.0 0.0 0.0 0.31947463685194183 0.17351180069303573 0.0 0.11050990818659565 
0.35 0.0 0.0 0.10921177244487028 0.0 0.0 0.122413955605104 0.11111344528129918 0.1553674148151181 0.0 0.1518934118536085 
0.3394601946354836 0.0 0.0 0.1071071432655873 0.0 0.0 0.0 0.31425831855175973 0.12647684002449577 0.0 0.11269750352267359 
0.14166244149728688 0.15833755850271314 0.0 0.0 0.0 0.0 0.0 0.35 0.35 0.0 0.0 
0.286060000470298 0.0 0.0 0.11367314302833786 0.0 0.0 0.0 0.34147731839844614 0.14945908322324453 0.0 0.10933045487967358 
0.3089234701654056 0.0 0.0 0.0 0.0 0.0 0.0 0.35 0.2379148594161795 0.0 0.103161670418415 
0.35 0.0 0.0 0.11009776960255815 0.0 0.0 0.10320542655490253 0.18192328163778224 0.14715615852106756 0.0 0.10761736368368946 
0.12865640923231972 0.1713435907676804 0.0 0.0 0.0 0.0 0.0 0.35 0.35 0.0 0.0 
0.35 0.0 0.0 0.10698130104565465 0.0 0.0 0.12008564911372956 0.12348274317085176 0.14999118011790538 0.0 0.1494591265518587 
0.35 0.0 0.0 0.10860453331959635 0.0 0.0 0.10099957899345444 0.19018203180289933 0.14181296167778198 0.0 0.10840089420626794 
0.34112917843748836 0.0 0.0 0.0 0.0 0.0 0.0 0.35 0.30887082156251167 0.0 0.0 
0.34598970309809535 0.0 0.0 0.0 0.0 0.0 0.0 0.35 0.19125575719825202 0.0 0.11275453970365258 
0.3251118293222039 0.0 0.0 0.0 0.0 0.0 0.0 0.3436960038989798 0.2246589073833495 0.0 0.10653325939546672 
0.2859963202367639 0.0 0.0 0.10080730039851794 0.0 0.0 0.0 0.3398541572408272 0.16975575981622504 0.0 0.10358646230766586 
0.3476780587483282 0.0 0.0 0.10769955563202603 0.0 0.0 0.1055222074681539 0.1552279385316845 0.15208336754011909 0.0 0.13178887207968845 
0.2823537705391463 0.0 0.0 0.11358815384257999 0.0 0.0 0.0 0.3386887651240518 0.15136341974711087 0.0 0.11400589074711101 
0.35 0.0 0.0 0.10640192787038875 0.0 0.0 0.12610421322510185 0.11378649160979806 0.15527933332536253 0.0 0.14842803396934887 
0.24830295714951517 0.0 0.0 0.0 0.0 0.0 0.0 0.3419535028337002 0.30930246747074475 0.0 0.10044107254604 
0.31195852297180326 0.0 0.0 0.0 0.0 0.0 0.0 0.34507428425743925 0.3429671927707575 0.0 0.0 
0.35 0.0 0.0 0.0 0.0 0.0 0.0 0.3318638981265615 0.3181361018734385 0.0 0.0 
0.32770228347772673 0.0 0.0 0.0 0.0 0.0 0.0 0.35 0.322297716522273 0.0 0.0 
0.0 0.2999999999999998 0.0 0.0 0.0 0.0 0.0 0.35 0.35 0.0 0.0 
0.35 0.0 0.0 0.1077851996499198 0.0 0.0 0.0 0.263499956345125 0.1592538121304701 0.0 0.1194610318744852 
0.35 0.0 0.0 0.1083502276011332 0.0 0.0 0.0 0.2580074140293475 0.14523463245436413 0.0 0.13840772591515524 
0.35 0.0 0.0 0.0 0.0 0.0 0.0 0.34975444047838167 0.30024555952161835 0.0 0.0 
0.2936780428698952 0.0 0.0 0.10593489944518443 0.0 0.0 0.0 0.35 0.14632941560688825 0.0 0.1040576420780322 
0.335463691682114 0.0 0.0 0.0 0.0 0.0 0.0 0.35 0.20068537509420728 0.0 0.11385093322367876 
0.35 0.0 0.0 0.0 0.0 0.0 0.0 0.3141181774184863 0.2099217456016704 0.0 0.1259600769798433 
0.3051910880023562 0.0 0.0 0.10388595166976643 0.0 0.0 0.0 0.31257843773048616 0.17201527039246536 0.0 0.10632925220492592 
0.34957748051730625 0.0 0.0 0.11028281950495712 0.0 0.0 0.10138198673969828 0.13452826247062774 0.16036166111205236 0.0 0.14386778965535837 
0.12096896927838224 0.17903103072161783 0.0 0.0 0.0 0.0 0.0 0.35 0.35 0.0 0.0 
0.3324868397339578 0.0 0.0 0.0 0.0 0.0 0.0 0.3428982695596379 0.3246148907064043 0.0 0.0 
0.3148852625971062 0.0 0.0 0.10725967055473538 0.0 0.0 0.0 0.27670030049887717 0.18915883800748232 0.0 0.11199592834179896 
0.307219613768216 0.0 0.0 0.10340308654828358 0.0 0.0 0.0 0.3146686842627961 0.17014721788130888 0.0 0.10456139753939547 
0.3313020172944392 0.0 0.0 0.0 0.0 0.0 0.0 0.3499999999999999 0.3186979827055607 0.0 0.0 
0.35 0.0 0.0 0.0 0.0 0.0 0.0 0.32737918909530084 0.32262081090469924 0.0 0.0 
0.22234053891505717 0.0 0.0 0.11309374853869215 0.0 0.0 0.0 0.35 0.31456571254625054 0.0 0.0 
