-0.013896782101248405 3.938597041776106E-4 
-0.007813791875645903 2.444011147236422E-5 
-0.007813791875645903 2.444011147236422E-5 
-0.013510037026696311 2.618957878031082E-4 
-0.013530538950875456 3.9079113911782114E-4 
-0.013429795498587232 2.4533519616627236E-4 
-0.012139883526011672 1.1329691949234959E-4 
-0.012614085314136079 1.5850256986970756E-4 
-0.012237206133194648 1.2249002392512005E-4 
-0.011871125274218294 9.865949924349606E-5 
-0.012843754306545848 1.7629191770754304E-4 
-0.012718220282788115 1.7207787165472282E-4 
-0.01206322081862662 1.0785836696698102E-4 
-0.011080300574763169 7.067180411671642E-5 
-0.013825676211652031 3.9358076952439737E-4 
-0.012698496687435697 1.6585536155804968E-4 
-0.01175981891419276 9.395355047500535E-5 
-0.00893293293834493 3.352418406433432E-5 
-0.009102536884906708 3.580395303720666E-5 
-0.009485546235328097 3.829092056026804E-5 
-0.010211466147304457 5.119824535834974E-5 
-0.00937555917420475 3.716201125543247E-5 
-0.01118796930104746 7.210740441365798E-5 
-0.01315003357279482 2.0505390625415867E-4 
-0.008411226131274941 2.6559450531149918E-5 
-0.010318332534767178 5.323495352427462E-5 
-0.009569464283041049 3.959307988295691E-5 
-0.0110134381197857 6.690311393621907E-5 
-0.008988788195547966 3.527617127285795E-5 
-0.013312136309421015 2.2475723186459248E-4 
-0.011306205666324842 7.713252088777949E-5 
-0.011246806057541301 7.402486633842458E-5 
-0.012556992463176684 1.522419817402871E-4 
-0.01084487414776945 6.256021907624756E-5 
-0.009222289404739598 3.618140095803858E-5 
-0.009659783231098909 4.036798787585656E-5 
-0.008080662326329197 2.514907376647222E-5 
-0.009870461580924531 4.4104925876280866E-5 
-0.008682649825151392 2.8650739922148378E-5 
-0.013255010697205478 2.203835513589591E-4 
-0.009724439179136084 4.188227052642077E-5 
-0.009796963012563439 4.32868841461537E-5 
-0.008626631321265885 2.8224238336587438E-5 
-0.013009543291419297 1.906235473379353E-4 
-0.010791685591270287 6.146775882127063E-5 
-0.010135913840695086 5.0208400635030994E-5 
-0.013360914033987377 2.3200053714878205E-4 
-0.009283167063960379 3.671684173521768E-5 
-0.013335392356482897 2.2805477728206114E-4 
-0.008521392790825087 2.7462056465787005E-5 
-0.008795585735786034 3.19219581215424E-5 
-0.012423521642922205 1.4067983450673487E-4 
-0.008769508490734124 3.093189489422595E-5 
-0.013089552397730755 2.0360118913355537E-4 
-0.013590702661888741 3.908754820477581E-4 
-0.010931690051839162 6.501202837290531E-5 
-0.0115245893528561 8.616513798905665E-5 
-0.013039282321122222 1.9518629506852403E-4 
-0.00998436487555937 4.6384038158055466E-5 
-0.013197786286069903 2.1267598047714707E-4 
-0.00995005366365271 4.54628189419069E-5 
-0.010701687668804378 6.064709573971088E-5 
-0.012381298007620797 1.3444617044426128E-4 
-0.008011872511117794 2.49485469264258E-5 
-0.01368359009550402 3.9132974351703206E-4 
-0.013179689814803854 2.1139357218106526E-4 
-0.010503351666336754 5.663192842894887E-5 
-0.010678940072688537 5.914923532140479E-5 
-0.01060232867402834 5.7854784094104896E-5 
-0.00793825845810445 2.465835775416396E-5 
-0.012284970616168492 1.275539992001107E-4 
-0.013382011044329716 2.355205398402638E-4 
-0.012874405732866537 1.8045828548686216E-4 
-0.008279751855356787 2.6094978990491943E-5 
-0.010063450681460742 4.80660647072765E-5 
-0.012524593398498167 1.4679246241298898E-4 
-0.013076412604341593 1.9967527505873823E-4 
-0.012272695279881198 1.247223855496089E-4 
-0.01368359009550402 3.9132974351703206E-4 
-0.011993923632886011 1.0474027739497181E-4 
-0.007874733414644532 2.4605786931228824E-5 
-0.012343252343300165 1.2953105352651943E-4 
-0.013248710676278717 2.1720789881002304E-4 
-0.008479578522698839 2.6988281588749883E-5 
-0.011592527031903724 8.657234884400232E-5 
-0.012714105146342816 1.677531001034222E-4 
-0.012537365537622722 1.5102401223212364E-4 
-0.012003295439586665 1.055362699819884E-4 
-0.010380673975233201 5.379129392874526E-5 
-0.01057695258183912 5.663981324554053E-5 
-0.011942543071297242 1.0142788680362472E-4 
-0.012495137304405473 1.454168278061569E-4 
-0.013397844955940326 2.383159873438561E-4 
-0.012385041574642281 1.3820866862369294E-4 
-0.010957651694422978 6.550601378751326E-5 
-0.008188618900253323 2.583696385572386E-5 
-0.011434796719559341 8.228129999105472E-5 
-0.013070009295338865 1.9664956818840932E-4 
-0.010082957962778924 4.8600953800018386E-5 
-0.011676307092058125 8.984710813220014E-5 
