-0.013896782101248402 3.938597041776102E-4 
-0.007834733867042639 2.445982006160527E-5 
-0.007834733867042639 2.445982006160527E-5 
-0.013896782101248402 3.938597041776102E-4 
-0.013510162436181621 2.619258450852043E-4 
-0.013529699801535604 3.907911295298156E-4 
-0.008191694440093197 2.6066610851433595E-5 
-0.013380211352042419 2.35211142582203E-4 
-0.009756660184774018 4.259254618966469E-5 
-0.013437115737090024 2.4581753506492716E-4 
-0.009044973945886268 3.549902556546841E-5 
-0.013079325586708783 1.9747964626266952E-4 
-0.00878361730696034 3.183341100347644E-5 
-0.011181870532833765 7.237582662318582E-5 
-0.008680723050571808 2.9926741392811453E-5 
-0.01347038347563886 2.5280618770366934E-4 
-0.012617762425946012 1.593175636495419E-4 
-0.012951962308042648 1.8529715994074458E-4 
-0.012870770069214525 1.7799188291962528E-4 
-0.01137137014979573 7.848732493041574E-5 
-0.00890934965196833 3.1875302379717364E-5 
-0.013556640094066194 3.908074650590019E-4 
-0.013738075932427988 3.917792295460136E-4 
-0.009393830239468687 3.777216962395551E-5 
-0.01156493270071144 8.617883935915178E-5 
-0.010983290597312997 6.680036123643378E-5 
-0.012365718900638789 1.3358447202262516E-4 
-0.009641336165379613 4.100297568183498E-5 
-0.009232723252668756 3.6652739328017035E-5 
-0.012265734824253317 1.283497363611567E-4 
-0.009866349251680992 4.444114657625018E-5 
-0.009212178110638378 3.6116623815578286E-5 
-0.010555439234355198 5.717979712579805E-5 
-0.01291184764439746 1.8146092915844188E-4 
-0.010087945405916255 4.9460247444132964E-5 
-0.00794536654992471 2.4717106156460047E-5 
-0.00897062790901092 3.441180493189701E-5 
-0.012994883039394382 1.9089838908573916E-4 
-0.012258304613397211 1.22169154841411E-4 
-0.01315330399628281 2.080514767210402E-4 
-0.010902383849022935 6.503459904206715E-5 
-0.011527272512467192 8.432314451252411E-5 
-0.013357887880479948 2.315148014209601E-4 
-0.013030370947567423 1.924057163560108E-4 
-0.011745959423205797 9.745467033879582E-5 
-0.01349869791766576 2.592122513720263E-4 
-0.011073433416175213 6.88210919454022E-5 
-0.012048254762352112 1.0707064877002065E-4 
-0.00803893989174825 2.6045682103640415E-5 
-0.008354224459277321 2.6168443027417212E-5 
-0.012208950509157547 1.1994857950661741E-4 
-0.011300876522077683 7.612710470450814E-5 
-0.012471875193332151 1.4266254290041917E-4 
-0.013187273448626562 2.1191004767281242E-4 
-0.012769096402392004 1.7150213698381676E-4 
-0.011661445578894971 8.92378408931377E-5 
-0.012564870035636435 1.5361848937262956E-4 
-0.013261404858151788 2.1979821741912312E-4 
-0.010291250117048463 5.285798398006514E-5 
-0.012517541757660147 1.488713414375616E-4 
-0.011880332475066306 9.86154498494806E-5 
-0.01072143282201602 6.116512199947477E-5 
-0.008552831952972618 2.7687595136986534E-5 
-0.010835386704364913 6.330477173820869E-5 
-0.010041984209793502 4.890083225160258E-5 
-0.012112660900626912 1.1537309902616488E-4 
-0.011818931489831161 9.798590846328763E-5 
-0.010636774285657367 5.800086613833861E-5 
-0.013120226759046828 2.029060017286374E-4 
-0.010375998690304136 5.4192621662892055E-5 
-0.01344615670938161 2.476592709274212E-4 
-0.01247862060739341 1.4661614911641309E-4 
-0.012652779256659308 1.629876816652443E-4 
-0.010208928120249936 5.072193769391008E-5 
-0.012809119487613698 1.7323511435125377E-4 
-0.009911010413716165 4.580814355481966E-5 
-0.012407066705465855 1.386017153552412E-4 
-0.013294798373380323 2.224836870025628E-4 
-0.012678339101664497 1.6459678532197946E-4 
-0.009482432733965512 3.940909845029874E-5 
-0.011925563950431992 1.0179554209859034E-4 
-0.012416212341525986 1.3934675258618092E-4 
-0.008448312029316143 2.7535727202481242E-5 
-0.011427405371283636 8.282168005253601E-5 
-0.011425181409790878 8.275553568875716E-5 
-0.009576879504286515 4.081474247946396E-5 
-0.01048550047231106 5.485182290752491E-5 
-0.01254437928297252 1.529224537997611E-4 
-0.012173893370305729 1.1614797865516519E-4 
-0.011057936557221742 6.841662750513522E-5 
-0.010471586850164779 5.465215951205086E-5 
-0.01323153716797651 2.1552734089865525E-4 
-0.013326465411609544 2.2675540245492914E-4 
-0.012098256116150619 1.1079744877564451E-4 
-0.013132929941208144 2.0342493762749448E-4 
-0.009528321452373343 4.023072133654338E-5 
-0.010212905883033146 5.081513326798083E-5 
-0.010675734717833594 5.9093855315216945E-5 
-0.008428148662144135 2.745199951505695E-5 
-0.009415240638889651 3.878919067548178E-5 
