-0.016113013724738258 3.490790714687222E-4 
-0.012223741888668802 5.813864290451126E-5 
-0.016113013724738258 3.490790714687222E-4 
-0.012987646639419025 7.663182444654476E-5 
-0.013555901849294283 8.590795631187932E-5 
-0.012832648241967446 7.593195914276051E-5 
-0.015353227441417257 2.2511477139760308E-4 
-0.012726412861750361 7.173412867019387E-5 
-0.014401303125706436 1.425247009004088E-4 
-0.01607676096798808 3.419861363756793E-4 
-0.01576151836919027 3.1117312475916663E-4 
-0.012596452357760208 6.986121873522122E-5 
-0.0156322663610549 2.800256752040257E-4 
-0.014040477308207502 1.0980573841124187E-4 
-0.015088344533189971 1.9946287795131302E-4 
-0.015019922329469616 1.9584862540915614E-4 
-0.012320315434247348 6.393111310569666E-5 
-0.015576424560729829 2.636311944720863E-4 
-0.014445772004437491 1.4798834505261833E-4 
-0.01434645046504721 1.336491813041707E-4 
-0.015738342268465093 3.0475991623966166E-4 
-0.014938780929968937 1.889944577706088E-4 
-0.012511065246631845 6.692742279534412E-5 
-0.015659499702321986 2.832197101901116E-4 
-0.015433317631542522 2.3656961434672942E-4 
-0.0157257656279947 3.008876806409825E-4 
-0.014177904441474336 1.1860230371501184E-4 
-0.012763245434919995 7.491788980245641E-5 
-0.01545185160928516 2.3959776907991645E-4 
-0.01596594365030785 3.236689641384629E-4 
-0.014080908643783325 1.1222427926564676E-4 
-0.016044555696640928 3.3614023448182037E-4 
-0.013613641607825659 8.878323865783608E-5 
-0.01599100209800908 3.2736728551673413E-4 
-0.014235284176237258 1.224599507695447E-4 
-0.014727960730913342 1.794255796812536E-4 
-0.015520684122607833 2.52085338269382E-4 
-0.015589563542460397 2.6653957825132035E-4 
-0.01462165198663524 1.7186577768834823E-4 
-0.014652560415106689 1.7508734747145323E-4 
-0.014486487105460766 1.5526787135019835E-4 
-0.01593724065376265 3.1975130758093507E-4 
-0.015126550466825837 2.0248945011609753E-4 
-0.014471505648247843 1.5339043052507668E-4 
-0.013968398486346047 1.0558052020057984E-4 
-0.015483254210596606 2.450521721906612E-4 
-0.014685114012614103 1.7771423082027016E-4 
-0.015611693843025005 2.715993665740788E-4 
-0.014776324358197685 1.8166087233032353E-4 
-0.016105139663329927 3.4749236379444804E-4 
-0.012431100538935674 6.545877730139543E-5 
-0.01601548895384233 3.31231697958622E-4 
-0.014550593705949886 1.6471100829017763E-4 
-0.014873384089908624 1.8545182999154695E-4 
-0.012562251610552664 6.85736835756338E-5 
-0.015306650835730764 2.1967154543650936E-4 
-0.013771804381666483 9.370209185340455E-5 
-0.014513374580846942 1.608424458595556E-4 
-0.014333993610920767 1.321376422204261E-4 
-0.013670683932024096 9.00482181855663E-5 
-0.014418391753758043 1.4416768314846472E-4 
-0.0142956546050573 1.278937674217388E-4 
-0.015398026202744745 2.3119570334556258E-4 
-0.015398026202744745 2.3119570334556258E-4 
-0.015127062127862518 2.0706635980422713E-4 
-0.01396548220296407 1.0538082086565764E-4 
-0.015878151777817207 3.127571949154873E-4 
-0.014993697686524662 1.9256668362519906E-4 
-0.014593761491273786 1.6887947128339543E-4 
-0.0142956546050573 1.278937674217388E-4 
-0.012320315434247348 6.393111310569666E-5 
-0.01385670173989542 9.874737576910838E-5 
-0.013670683932024096 9.00482181855663E-5 
-0.015687140310328463 2.9036891372006917E-4 
-0.015542263399973295 2.564030055796028E-4 
-0.015482672223069004 2.449473839571273E-4 
-0.014969956182979317 1.9116919099904664E-4 
-0.013803136062685075 9.546409738304646E-5 
-0.015863264243700534 3.112223717636212E-4 
-0.012431100538935674 6.545877730139543E-5 
-0.014123382258243701 1.1618733610654889E-4 
-0.013909453030782889 1.0134441375009445E-4 
-0.014575475667311707 1.6700264045960654E-4 
-0.014218974641815868 1.2125284029846086E-4 
-0.013574589672632555 8.594872480530909E-5 
-0.015704536561131695 2.950301666239531E-4 
-0.0141224954083468 1.1525745488871476E-4 
-0.016031347944833654 3.3386658461864613E-4 
-0.015910016185725514 3.1634977448660864E-4 
-0.01223047943198161 5.8306032792251804E-5 
-0.01527723651104635 2.1665435661961772E-4 
-0.015611693834430514 2.715993645698023E-4 
-0.014521236583422324 1.6161384999476428E-4 
-0.015178331153761644 2.0728431356530313E-4 
-0.01386343013064583 9.901627769876335E-5 
-0.013909453030782889 1.0134441375009445E-4 
-0.015704536561131695 2.950301666239531E-4 
-0.01223047943198161 5.8306032792251804E-5 
-0.015681640141237144 2.8892116379702887E-4 
-0.014829051690048532 1.8351505110082315E-4 
