-0.016113013724738258 3.490790714687222E-4 
-0.012402850365096443 5.621707732250178E-5 
-0.012402850365096443 5.621707732250178E-5 
-0.016113013724738258 3.490790714687222E-4 
-0.015683823378630106 2.894943387798661E-4 
-0.014590109754099828 1.6940886419842041E-4 
-0.013186095939282095 6.916821451329526E-5 
-0.013913530775291992 1.0249795398937188E-4 
-0.015390395606373349 2.3010138637824483E-4 
-0.01552313006499996 2.5256507106563635E-4 
-0.013799460335856394 9.54260469464088E-5 
-0.015710832824371263 2.9674801920176675E-4 
-0.015012520803063126 1.9372410019694836E-4 
-0.01555260454831909 2.585402470667772E-4 
-0.014655838051391354 1.738048463334813E-4 
-0.015651857622133444 2.812987593645195E-4 
-0.01486800390235189 1.851248980954308E-4 
-0.01301093089053043 6.496390833594142E-5 
-0.012526773112803778 5.670523289045246E-5 
-0.01576139395759655 3.111364186519099E-4 
-0.014349679760722095 1.4173771404347443E-4 
-0.01295318248775838 6.35977567078635E-5 
-0.016002738401080355 3.291885673133956E-4 
-0.015073872066344708 1.982042138626645E-4 
-0.013838927310221214 9.769940336312366E-5 
-0.016030546221205116 3.337308904610123E-4 
-0.013314559543458844 7.331267681029735E-5 
-0.014767848434474328 1.8087728492862922E-4 
-0.012579019182459968 5.716485371200069E-5 
-0.012757440393956128 5.9243398211346955E-5 
-0.015482141021697253 2.4485185878115164E-4 
-0.015441601383782056 2.3790551799015409E-4 
-0.01359691199927728 8.714882158078729E-5 
-0.01346412340596054 7.978450890465966E-5 
-0.015730931495134243 3.0234119247599854E-4 
-0.015616227102396778 2.7266078648621435E-4 
-0.01496409033420434 1.9084306385066456E-4 
-0.013472827211852592 8.030019264492048E-5 
-0.014684433991327791 1.7700287342978872E-4 
-0.015431692959061796 2.363109299756675E-4 
-0.015592149434974894 2.671203736801136E-4 
-0.012832602526023387 6.0624808767262276E-5 
-0.015577827498465834 2.639383432617055E-4 
-0.013958245992587503 1.0615427033219685E-4 
-0.014374639001945591 1.4524057502132926E-4 
-0.01605626915273802 3.3821691036370745E-4 
-0.01574498931795197 3.0635240793856473E-4 
-0.015491549905757384 2.465610588420573E-4 
-0.0160742005546361 3.41505700862118E-4 
-0.014533872692009156 1.6420877380540658E-4 
-0.016097158292411345 3.459101563007735E-4 
-0.01267399085746028 5.804497448968223E-5 
-0.013986878984516 1.0828311714868204E-4 
-0.01510222471046284 2.0043780491421214E-4 
-0.014900624028663455 1.9050986725849918E-4 
-0.01240586920994417 5.6357918569013905E-5 
-0.013646079657129917 8.977469668066517E-5 
-0.014202957393588438 1.2012446325064806E-4 
-0.014293016611381522 1.2788887573806745E-4 
-0.0143035299279212 1.2871501512888616E-4 
-0.013314559543458844 7.331267681029735E-5 
-0.014454392817188194 1.5071700413941524E-4 
-0.01355814664252236 8.435915813465272E-5 
-0.014733198370068578 1.7956853759189685E-4 
-0.014501151041656009 1.5776031014619248E-4 
-0.013686319531304449 9.01512843573697E-5 
-0.014501151041656009 1.5776031014619248E-4 
-0.013097450953601698 6.684043297046238E-5 
-0.014320744893574912 1.3549331320278214E-4 
-0.014528542120297971 1.6353514448187118E-4 
-0.013097450953601698 6.684043297046238E-5 
-0.015972022397896902 3.245422959674946E-4 
-0.015964279198776125 3.234324934858856E-4 
-0.015157742344923904 2.053841651308507E-4 
-0.013686319531304449 9.01512843573697E-5 
-0.014088321815265894 1.1530239626623127E-4 
-0.013274084049352416 7.187332044619345E-5 
-0.01518590214210009 2.097294434093702E-4 
-0.012868769340718263 6.218783812120938E-5 
-0.015863264243700534 3.112223717636212E-4 
-0.01523605410399773 2.1312772551458452E-4 
-0.014044705231111726 1.097983480115325E-4 
-0.014889885896738949 1.862671898063822E-4 
-0.012696168010348872 5.848043251807838E-5 
-0.014127778240523201 1.1709685487833874E-4 
-0.015356038739941598 2.254720061348512E-4 
-0.014320744893574912 1.3549331320278214E-4 
-0.014246284843175312 1.2331323592176113E-4 
-0.015931484198086907 3.1900656175729307E-4 
-0.015313479361565551 2.204131597311612E-4 
-0.01532303826640804 2.2148426458114357E-4 
-0.01346412340596054 7.978450890465966E-5 
-0.015631303853562456 2.7625189968333394E-4 
-0.01442213197644948 1.4732986086453414E-4 
-0.015891820050091356 3.1424689294334634E-4 
-0.01355814664252236 8.435915813465272E-5 
-0.014454392817188194 1.5071700413941524E-4 
-0.014082629185526219 1.1227095580614949E-4 
-0.015277533816963004 2.1672301547195143E-4 
-0.01563864246055191 2.780338319975266E-4 
