0.0 0.30000000000000027 0.0 0.0 0.0 0.0 0.0 0.35 0.35 0.0 0.0 
0.0 0.30000000000000027 0.0 0.0 0.0 0.0 0.0 0.35 0.35 0.0 0.0 
0.217744847851299 0.1834021811136172 0.1570690762100469 0.1337666317334493 0.0 0.0 0.0 0.1019837023684684 0.0 0.10125691791934803 0.10477664280377125 
0.217744847851299 0.1834021811136172 0.1570690762100469 0.1337666317334493 0.0 0.0 0.0 0.1019837023684684 0.0 0.10125691791934803 0.10477664280377125 
0.10016449418493306 0.19983550581506712 0.0 0.0 0.0 0.0 0.0 0.35 0.35 0.0 0.0 
0.0 0.1726987720890642 0.0 0.0 0.0 0.0 0.12730122791093573 0.35 0.35 0.0 0.0 
0.0 0.3190876487089049 0.0 0.0 0.0 0.0 0.0 0.33131885412185813 0.34959349716923704 0.0 0.0 
0.0 0.18370037164699557 0.0 0.0 0.0 0.0 0.11629962835300457 0.35 0.35 0.0 0.0 
0.10524321702895456 0.10866199144668033 0.0 0.2964365618548221 0.0 0.0 0.0 0.20173545643543275 0.2879227732341102 0.0 0.0 
0.0 0.1588627057942008 0.0 0.14113729420579943 0.0 0.0 0.0 0.35 0.35 0.0 0.0 
0.10621240245636954 0.11953739759145841 0.0 0.27111799872916836 0.0 0.0 0.0 0.2037307229073691 0.29940147831563463 0.0 0.0 
0.10279964153620862 0.1314394042965754 0.0 0.30232804050057294 0.0 0.0 0.0 0.19359441276618417 0.2698385009004591 0.0 0.0 
0.15267519183864098 0.11245462672540993 0.10273126727215408 0.2121536963905125 0.0 0.0 0.0 0.21915034913062623 0.2008348686426563 0.0 0.0 
0.100782035393635 0.11307753510310373 0.0 0.11412033821722842 0.0 0.0 0.0 0.3295564612678439 0.3424636300181891 0.0 0.0 
0.10169344485660127 0.0 0.0 0.30128399908507547 0.0 0.0 0.0 0.325625049923255 0.2713975061350682 0.0 0.0 
0.1016920205903881 0.10197027748043931 0.0 0.11148038043183982 0.0 0.0 0.0 0.3481818024917037 0.33667551900562903 0.0 0.0 
0.17748278809361331 0.1480428427876314 0.13746961488645107 0.3019191916467223 0.0 0.0 0.0 0.1277421194221679 0.10734344316341395 0.0 0.0 
0.13587085414228695 0.10044357933748718 0.10340109486472222 0.29138308675588187 0.0 0.0 0.0 0.22604239475067328 0.1428589901489486 0.0 0.0 
0.14471101154622495 0.13538524129297247 0.1373719849383356 0.3040554051420775 0.0 0.0 0.0 0.1635395308366274 0.11493682624376199 0.0 0.0 
0.10132596374789539 0.11377372594941158 0.0 0.254001258113073 0.0 0.0 0.0 0.24583797831843665 0.28506107387118335 0.0 0.0 
0.22086178995654676 0.16492673722108597 0.1481368434250551 0.111105783149176 0.0 0.0 0.0 0.14761360980256275 0.0 0.10239021230544405 0.10496502414012945 
0.2283142693894755 0.18908138976669245 0.1560668707622895 0.10619020656111144 0.0 0.0 0.0 0.11434063452064383 0.0 0.10290124407983058 0.1031053849199567 
0.10727698645632566 0.10095886459245526 0.0 0.3200472853758043 0.0 0.0 0.0 0.18678927573983542 0.2849275878355793 0.0 0.0 
0.11555712805405771 0.0 0.0 0.18444287194594236 0.0 0.0 0.0 0.35 0.35 0.0 0.0 
0.1638649282284878 0.1288129017179964 0.1242489336900523 0.285320590680553 0.0 0.0 0.0 0.1943752665523229 0.1033773791305875 0.0 0.0 
0.18604262326464743 0.15483635825095363 0.1432832812410884 0.27297349719305375 0.0 0.0 0.0 0.1311481637845918 0.1117160762656651 0.0 0.0 
0.21826128739696396 0.18202997465380943 0.15689564480072707 0.12632965625208856 0.0 0.0 0.0 0.11061638592061833 0.0 0.10117508531033693 0.10469196566545577 
0.10097197132676443 0.0 0.0 0.2856912531358006 0.0 0.0 0.0 0.34154873203923986 0.2717880434981951 0.0 0.0 
0.13665946383981306 0.10108890547723669 0.10372276899812995 0.28335653330050575 0.0 0.0 0.0 0.2308872415577204 0.14428508682659413 0.0 0.0 
0.21991355203581547 0.16415895930476113 0.1477466323059844 0.11975922621713027 0.0 0.0 0.0 0.14161259352183625 0.0 0.10212050357936467 0.10468853303510788 
0.0 0.14493294872968562 0.0 0.15506705127031445 0.0 0.0 0.0 0.35 0.35 0.0 0.0 
0.1277123304356852 0.0 0.0 0.2616863008692945 0.0 0.0 0.0 0.3053006843475101 0.3053006843475101 0.0 0.0 
0.10374737022725175 0.10612090389876666 0.0 0.2798326176105708 0.0 0.0 0.0 0.23095001174688895 0.27934909651652184 0.0 0.0 
0.12028193971916622 0.1038363375974817 0.0 0.24242252800375796 0.0 0.0 0.0 0.2573672629349126 0.27609193174468155 0.0 0.0 
0.14425306996047402 0.10854148775233229 0.10944206331543535 0.2784382423810027 0.0 0.0 0.0 0.20708414109405904 0.1522409954966966 0.0 0.0 
0.10063950114774901 0.10271336518262933 0.0 0.2715186944692307 0.0 0.0 0.0 0.23691876370877576 0.2882096754916152 0.0 0.0 
0.10789746915794657 0.0 0.0 0.19409116244488714 0.0 0.0 0.0 0.3480113683971663 0.35 0.0 0.0 
0.13066720477306598 0.0 0.0 0.2113397047581255 0.0 0.0 0.0 0.33403289167314193 0.32396019879566657 0.0 0.0 
0.12668315468629912 0.0 0.0 0.2730112418933124 0.0 0.0 0.0 0.3282967346838234 0.2720088687365652 0.0 0.0 
0.1307550729080227 0.0 0.0 0.16924492709197733 0.0 0.0 0.0 0.35 0.35 0.0 0.0 
0.0 0.0 0.0 0.30000000000000016 0.0 0.0 0.0 0.35 0.35 0.0 0.0 
0.0 0.1319482384446238 0.0 0.16805176155537635 0.0 0.0 0.0 0.35 0.35 0.0 0.0 
0.18583432213559836 0.13010228172167912 0.11843612412901114 0.27769090210166997 0.0 0.0 0.0 0.16379005494961735 0.12414631496242415 0.0 0.0 
0.1773670648169776 0.15736974958392375 0.13088441493479902 0.28721497827412973 0.0 0.0 0.0 0.14499299811751312 0.10217079427265681 0.0 0.0 
0.15441471025039563 0.11429024127400801 0.10767054171852289 0.2161860547965283 0.0 0.0 0.0 0.20332532418812949 0.20411312777241555 0.0 0.0 
0.0 0.14531883377726587 0.0 0.15547991844083742 0.0 0.0 0.0 0.35 0.3492012477818967 0.0 0.0 
0.14299893772608874 0.10588251336328737 0.10864127396249926 0.29675466410766727 0.0 0.0 0.0 0.194595565177864 0.15112704566259336 0.0 0.0 
0.17361782381069416 0.13130612676595046 0.1331042073622378 0.29489431189225523 0.0 0.0 0.0 0.15675952026791642 0.11031800990094577 0.0 0.0 
0.0 0.0 0.0 0.31069635883858593 0.0 0.0 0.0 0.34470924487365495 0.34459439628775895 0.0 0.0 
0.10715978962543668 0.1030609985612862 0.0 0.11218580402277915 0.0 0.0 0.0 0.3385759393021979 0.33901746848829994 0.0 0.0 
0.10021452169127056 0.14276404651940652 0.0 0.24695409846245492 0.0 0.0 0.0 0.2113535033376753 0.2987138299891927 0.0 0.0 
0.15198296474238726 0.10259414387442997 0.12032342314555744 0.22004326876234287 0.0 0.0 0.0 0.1928883995146058 0.2121677999606766 0.0 0.0 
0.14307224419458758 0.10372649986422848 0.1266306294021914 0.2734697470186799 0.0 0.0 0.0 0.20349701401018538 0.14960386551012733 0.0 0.0 
0.1407772519753386 0.10335092578077991 0.10935955522670575 0.31026448605063645 0.0 0.0 0.0 0.1986764802885066 0.13757130067803272 0.0 0.0 
0.13775569519970676 0.10431537644136615 0.12234210166522873 0.22373495744968552 0.0 0.0 0.0 0.19612450815093396 0.215727361093079 0.0 0.0 
0.10723598017994347 0.0 0.0 0.2539232147620089 0.0 0.0 0.0 0.31153482952914746 0.3273059755289003 0.0 0.0 
0.18583432213559833 0.1301022817216791 0.11843612412901111 0.2776909021016699 0.0 0.0 0.0 0.16379005494961732 0.12414631496242412 0.0 0.0 
0.0 0.1715720517153908 0.0 0.1286840953184864 0.0 0.0 0.0 0.34974385296612265 0.35 0.0 0.0 
0.10429805707434787 0.0 0.0 0.29533863948894246 0.0 0.0 0.0 0.30559951593857115 0.2947637874981386 0.0 0.0 
0.16825210084799042 0.11079246889857897 0.10121282748066712 0.209017916767966 0.0 0.0 0.0 0.21285829681501497 0.1978663891897826 0.0 0.0 
0.0 0.0 0.0 0.3419607541368366 0.0 0.0 0.0 0.35 0.3080392458631634 0.0 0.0 
0.16895364146312383 0.10032807266354554 0.10603592328343617 0.30118973454996145 0.0 0.0 0.0 0.1910670735586037 0.13242555448132923 0.0 0.0 
0.12753435123226425 0.0 0.0 0.20627266178040687 0.0 0.0 0.0 0.35 0.3161929869873289 0.0 0.0 
0.10134174241121592 0.10337839468880528 0.0 0.2557315522412525 0.0 0.0 0.0 0.22961689640389754 0.3099314142548287 0.0 0.0 
0.11661560248462095 0.18338439751537916 0.0 0.0 0.0 0.0 0.0 0.35 0.35 0.0 0.0 
0.0 0.18879188730729143 0.0 0.11230880095646793 0.0 0.0 0.0 0.35 0.34889931173624067 0.0 0.0 
0.0 0.31018449175656976 0.0 0.0 0.0 0.0 0.0 0.3398155082434303 0.35 0.0 0.0 
0.0 0.0 0.0 0.32128756123807595 0.0 0.0 0.0 0.35 0.328712438761924 0.0 0.0 
0.0 0.13107447020393986 0.0 0.16892552979606007 0.0 0.0 0.0 0.35 0.35 0.0 0.0 
0.10688418947870819 0.12366115888829819 0.0 0.26394294021753056 0.0 0.0 0.0 0.1805379788081567 0.3249737326073062 0.0 0.0 
0.14916677614567952 0.15083322385432038 0.0 0.0 0.0 0.0 0.0 0.35 0.35 0.0 0.0 
0.18955412283969508 0.11044587716030492 0.0 0.0 0.0 0.0 0.0 0.35 0.35 0.0 0.0 
0.10283159439126065 0.10356060433353884 0.0 0.11272964384615572 0.0 0.0 0.0 0.3402172439274451 0.3406609135015996 0.0 0.0 
0.15474672994020466 0.11400826698661445 0.10415057244052486 0.21565268547237465 0.0 0.0 0.0 0.20783220066067837 0.20360954449960303 0.0 0.0 
0.10852620566699288 0.10213451052829063 0.0 0.2925285145986628 0.0 0.0 0.0 0.20856525617392552 0.2882455130321282 0.0 0.0 
0.0 0.17534768926804098 0.0 0.1298693200167175 0.0 0.0 0.0 0.3458023579605349 0.3489806327547066 0.0 0.0 
0.12011722306056172 0.0 0.0 0.19192982014548962 0.0 0.0 0.0 0.3453031628227675 0.3426497939711814 0.0 0.0 
0.11648662527981567 0.12160367115033749 0.0 0.2306933369017507 0.0 0.0 0.0 0.26771971351551266 0.2634966531525836 0.0 0.0 
0.15155835988691435 0.15325152567144704 0.0 0.0 0.0 0.0 0.0 0.3451901144416386 0.35 0.0 0.0 
0.21095487535969376 0.16566896677152876 0.15046888138933165 0.13413187437107432 0.0 0.0 0.0 0.1353917293866547 0.0 0.10190833572456315 0.10147533699715369 
0.1677595840999539 0.1434952619016482 0.0 0.0 0.0 0.0 0.0 0.33874515399839783 0.35 0.0 0.0 
0.10388784447543187 0.10535726376589802 0.0 0.21198312243339296 0.0 0.0 0.0 0.23148441625898325 0.34728735306629394 0.0 0.0 
0.16880885294626946 0.14439276715426963 0.0 0.0 0.0 0.0 0.0 0.3408638689370276 0.3459345109624334 0.0 0.0 
0.0 0.18283332537175037 0.0 0.12044043722025582 0.0 0.0 0.0 0.34836311870399694 0.34836311870399694 0.0 0.0 
0.0 0.17899363978622612 0.0 0.12100636021377391 0.0 0.0 0.0 0.35 0.35 0.0 0.0 
0.1013380311180715 0.19940898853099542 0.0 0.0 0.0 0.0 0.0 0.349252980350933 0.35 0.0 0.0 
0.10783918781369123 0.0 0.0 0.24639411856298513 0.0 0.0 0.0 0.31211656093655177 0.33365013268677185 0.0 0.0 
0.10278093393848253 0.0 0.0 0.2778406400089845 0.0 0.0 0.0 0.33872733095955365 0.28065109509297925 0.0 0.0 
0.20994182736728173 0.1661921284552722 0.1508172718351978 0.13444243867570344 0.0 0.0 0.0 0.13570521071603042 0.0 0.1011908334663453 0.10171028948416913 
0.0 0.18810174934762633 0.0 0.11189825065237372 0.0 0.0 0.0 0.35 0.35 0.0 0.0 
0.10426718362452353 0.0 0.0 0.246893425282194 0.0 0.0 0.0 0.3407089550789703 0.30813043601431217 0.0 0.0 
0.10212818111006512 0.10236976011303647 0.0 0.2550519224200503 0.0 0.0 0.0 0.23139889311879652 0.3090512432380516 0.0 0.0 
0.14115350312069597 0.15884649687930416 0.0 0.0 0.0 0.0 0.0 0.35 0.35 0.0 0.0 
0.0 0.0 0.0 0.3224561267681002 0.0 0.0 0.0 0.33435275302251416 0.34319112020938564 0.0 0.0 
0.14808682462607883 0.1092749016760539 0.10928905588001434 0.2784879187103917 0.0 0.0 0.0 0.20323036914606166 0.15163092996139954 0.0 0.0 
0.12138790271926457 0.10479108731066943 0.0 0.23510750691345345 0.0 0.0 0.0 0.25973369193420515 0.2789798111224074 0.0 0.0 
0.0 0.3111080831322531 0.0 0.0 0.0 0.0 0.0 0.340827327599581 0.34806458926816586 0.0 0.0 
0.10686728332010599 0.10131599978909735 0.0 0.3171911155999417 0.0 0.0 0.0 0.18745003024605209 0.28717557104480285 0.0 0.0 
0.11117917232154961 0.0 0.0 0.2930697382865657 0.0 0.0 0.0 0.3032517868694639 0.2924993025224208 0.0 0.0 
0.0 0.3038916823772802 0.0 0.0 0.0 0.0 0.0 0.3467954834684011 0.34931283415431874 0.0 0.0 
