0.0 0.30000000000000027 0.0 0.0 0.0 0.0 0.0 0.35 0.35 0.0 0.0 
0.0 0.30000000000000027 0.0 0.0 0.0 0.0 0.0 0.35 0.35 0.0 0.0 
0.143543333381295 0.10638004088481612 0.17621507720390087 0.28725483365131044 0.10352056144440505 0.0 0.0 0.18308615343427245 0.0 0.0 0.0 
0.0 0.17371199341288424 0.0 0.0 0.0 0.0 0.1262880065871158 0.35 0.35 0.0 0.0 
0.10002366879573663 0.1999763312042634 0.0 0.0 0.0 0.0 0.0 0.35 0.35 0.0 0.0 
0.0 0.1997981371212931 0.0 0.0 0.0 0.0 0.10020186287870715 0.35 0.35 0.0 0.0 
0.14693307905776204 0.10710297478276012 0.18514348576278117 0.250314955141152 0.11188638749050585 0.0 0.0 0.19861911776503877 0.0 0.0 0.0 
0.0 0.3180877023082474 0.0 0.0 0.0 0.0 0.0 0.3319122976917525 0.35 0.0 0.0 
0.10358529057740302 0.0 0.0 0.2551797145190681 0.0 0.0 0.0 0.34897529418854256 0.29225970071498636 0.0 0.0 
0.10953737520827504 0.10357421063174735 0.0 0.10877731739000425 0.0 0.0 0.0 0.34156936944703176 0.3365417273229417 0.0 0.0 
0.15983248540158573 0.10879049987632866 0.12395855729521502 0.31348185339930246 0.0 0.0 0.0 0.1732107202417259 0.12072588378584234 0.0 0.0 
0.1414295168808329 0.10470955877291363 0.10304524603089608 0.2576430746559127 0.0 0.0 0.0 0.23350413887995314 0.15966846477949154 0.0 0.0 
0.1400278430749866 0.10383069167826581 0.10218034814518491 0.27784028168508296 0.0 0.0 0.0 0.21768458032913476 0.1584362550873449 0.0 0.0 
0.14337771074970423 0.1076461105511217 0.10368939744104409 0.24669821866203068 0.0 0.0 0.0 0.23672066214719517 0.16186790044890415 0.0 0.0 
0.0 0.30864073156411864 0.0 0.0 0.0 0.0 0.0 0.3413592684358814 0.35 0.0 0.0 
0.12538880791288035 0.17461119208711967 0.0 0.0 0.0 0.0 0.0 0.35 0.35 0.0 0.0 
0.15362207848981443 0.11400360189262992 0.11968250336629996 0.26299892469078245 0.0 0.0 0.0 0.1985420079336744 0.15115088362679877 0.0 0.0 
0.1270880790178107 0.10225388409152252 0.0 0.22743922819656015 0.0 0.0 0.0 0.2614222020017494 0.28179660669235723 0.0 0.0 
0.10006643615921486 0.0 0.0 0.2012827425179735 0.0 0.0 0.0 0.34930558278960117 0.3493452385332103 0.0 0.0 
0.1650789286454028 0.13975930242917722 0.13073123190835298 0.2970023717146434 0.0 0.0 0.0 0.16461664864672765 0.10281151665569599 0.0 0.0 
0.10850519015683427 0.10316282534192019 0.0 0.3008415192010765 0.0 0.0 0.0 0.21354150516486886 0.27394896013530035 0.0 0.0 
0.0 0.0 0.0 0.30356088958360183 0.0 0.0 0.0 0.34643911041639813 0.35 0.0 0.0 
0.10220708742693821 0.0 0.0 0.21612730354628423 0.0 0.0 0.0 0.340467861777215 0.3411977472495626 0.0 0.0 
0.16320693190993107 0.1582489153735251 0.0 0.0 0.0 0.0 0.0 0.3294003155288149 0.3491438371877289 0.0 0.0 
0.10351624426316262 0.10524756913302143 0.0 0.10115582986300185 0.0 0.0 0.0 0.34531814349188944 0.34476221324892475 0.0 0.0 
0.12549513862424275 0.1094858744582272 0.0 0.30255538200956855 0.0 0.0 0.0 0.19217248289332634 0.2702911220146351 0.0 0.0 
0.1280273432699866 0.11825793182779677 0.0 0.25777187780398647 0.0 0.0 0.0 0.2173556169795623 0.27858723011866776 0.0 0.0 
0.14231046949982015 0.11151805403267537 0.0 0.28876280005463223 0.0 0.0 0.0 0.2049678618930056 0.2524408145198666 0.0 0.0 
0.11780826070882272 0.0 0.0 0.2586985144922015 0.0 0.0 0.0 0.35 0.2734932247989759 0.0 0.0 
0.1401647444175278 0.10698510559402268 0.10315323637176158 0.2731810434713121 0.0 0.0 0.0 0.23502084081609645 0.14149502932927951 0.0 0.0 
0.14351540573137447 0.10638350976381043 0.176220823289113 0.28726420056121366 0.10352393708045565 0.0 0.0 0.18309212357403284 0.0 0.0 0.0 
0.14875601654207204 0.15124398345792806 0.0 0.0 0.0 0.0 0.0 0.35 0.35 0.0 0.0 
0.14298726296070768 0.10422677668870065 0.1724115562488655 0.2434378629104737 0.1054667134968246 0.0 0.0 0.23146982769442775 0.0 0.0 0.0 
0.18320859818407573 0.1167914018159243 0.0 0.0 0.0 0.0 0.0 0.35 0.35 0.0 0.0 
0.12060595911745868 0.0 0.0 0.2250031800454588 0.0 0.0 0.0 0.33092506169749974 0.32346579913958284 0.0 0.0 
0.11232463350950928 0.0 0.0 0.23318490673610204 0.0 0.0 0.0 0.3434563607632587 0.31103409899113 0.0 0.0 
0.10618751137440828 0.12386004197340517 0.0 0.3087086513818689 0.0 0.0 0.0 0.1709201490553083 0.29032364621500933 0.0 0.0 
0.10063104850731838 0.1016186589003397 0.0 0.23844794042534437 0.0 0.0 0.0 0.23142297616805318 0.3278793759989444 0.0 0.0 
0.13839702364195447 0.10088392522355161 0.16659827886672318 0.28213366204472495 0.1007483306059895 0.0 0.0 0.21123877961705625 0.0 0.0 0.0 
0.0 0.15684426461182285 0.0 0.14315573538817716 0.0 0.0 0.0 0.35 0.35 0.0 0.0 
0.0 0.0 0.0 0.30000000000000016 0.0 0.0 0.0 0.35 0.35 0.0 0.0 
0.10641124958509462 0.10884959644988902 0.0 0.28786854814876284 0.0 0.0 0.0 0.2166502608987416 0.2802203449175119 0.0 0.0 
0.16235451347104052 0.10776138898231717 0.10013070163534145 0.2751360842233213 0.0 0.0 0.0 0.21170016221880042 0.1429171494691791 0.0 0.0 
0.1145321947468459 0.10353718150936428 0.0 0.23915759668064332 0.0 0.0 0.0 0.22562604972138647 0.3171469773417601 0.0 0.0 
0.0 0.0 0.0 0.3310215006235979 0.0 0.0 0.0 0.318978499376402 0.35 0.0 0.0 
0.11202897643403248 0.0 0.0 0.27598051871021295 0.0 0.0 0.0 0.29590744961201026 0.31608305524374436 0.0 0.0 
0.10428143408704704 0.0 0.0 0.28515375800414033 0.0 0.0 0.0 0.29242622130235846 0.31813858660645417 0.0 0.0 
0.11000808745913823 0.11571805724793689 0.0 0.29963821120843537 0.0 0.0 0.0 0.2126873803731583 0.26194826371133134 0.0 0.0 
0.1406753837182157 0.10254472616794551 0.16934090191854373 0.27031579225642305 0.10240689932489849 0.0 0.0 0.21471629661397343 0.0 0.0 0.0 
0.11349742485511896 0.1113156409761747 0.0 0.2588137701884265 0.0 0.0 0.0 0.2421623550992708 0.27421080888100896 0.0 0.0 
0.14565268283620986 0.105290733158133 0.17556135432090766 0.24617930090407214 0.1058768991172864 0.0 0.0 0.22143902966339102 0.0 0.0 0.0 
0.11616166844759666 0.11407888033478042 0.0 0.24484687132954697 0.0 0.0 0.0 0.24668212248720506 0.2782304574008708 0.0 0.0 
0.12879445992507307 0.11899663106594294 0.0 0.25938205216443944 0.0 0.0 0.0 0.21871333080211922 0.27411352604242545 0.0 0.0 
0.11339071325812096 0.0 0.0 0.25303934911211984 0.0 0.0 0.0 0.31237830812290257 0.32119162950685665 0.0 0.0 
0.0 0.18215195907247053 0.0 0.12501194940439803 0.0 0.0 0.0 0.3428655968774902 0.34997049464564134 0.0 0.0 
0.11491153288258893 0.10389195408550413 0.0 0.23106654849870895 0.0 0.0 0.0 0.2668079943662582 0.2833219701669399 0.0 0.0 
0.11741799237376224 0.0 0.0 0.2613300665484185 0.0 0.0 0.0 0.3487418479123687 0.27251009316545066 0.0 0.0 
0.15591127038170047 0.1054144674579663 0.12006822783628686 0.2998184869773778 0.0 0.0 0.0 0.16659233293941872 0.15219521440724976 0.0 0.0 
0.1147519541762487 0.11254605422725265 0.0 0.2616745352130778 0.0 0.0 0.0 0.2337856932728243 0.2772417631105966 0.0 0.0 
0.13054694453583363 0.0 0.0 0.16945305546416645 0.0 0.0 0.0 0.35 0.35 0.0 0.0 
0.1414244725657556 0.10308762203860654 0.17052717075532323 0.24077718988235441 0.10431400686109234 0.0 0.0 0.23986953789686796 0.0 0.0 0.0 
0.15041888900156564 0.10709688691672124 0.10500294116552818 0.26191765450463567 0.0 0.0 0.0 0.22466735068262017 0.150896277728929 0.0 0.0 
0.10284528686492256 0.0 0.0 0.2073161837046398 0.0 0.0 0.0 0.35 0.33983852943043763 0.0 0.0 
0.16148482766051678 0.15284623455085306 0.0 0.0 0.0 0.0 0.0 0.33566893778863016 0.35 0.0 0.0 
0.0 0.31807818955685785 0.0 0.0 0.0 0.0 0.0 0.33193227756576965 0.3499895328773726 0.0 0.0 
0.16269823514797654 0.10798953124050308 0.100342688921331 0.2780798156736959 0.0 0.0 0.0 0.21214835385332773 0.13874137516316581 0.0 0.0 
0.1052109188629603 0.0 0.0 0.28594111655994525 0.0 0.0 0.0 0.3415882490371795 0.26725971553991484 0.0 0.0 
0.1469354222200405 0.11202606541387126 0.11822648715278906 0.30568596079474813 0.0 0.0 0.0 0.205535372247375 0.11159069217117604 0.0 0.0 
0.0 0.13808782368755865 0.0 0.1619121763124413 0.0 0.0 0.0 0.35 0.35 0.0 0.0 
0.10344723305865113 0.0 0.0 0.29087218214587324 0.0 0.0 0.0 0.2900869529879552 0.31559363180752037 0.0 0.0 
0.10978922865995519 0.10485664081273963 0.0 0.10547695879509915 0.0 0.0 0.0 0.3424589539326999 0.33741821779950615 0.0 0.0 
0.16148482766051678 0.15284623455085306 0.0 0.0 0.0 0.0 0.0 0.33566893778863016 0.35 0.0 0.0 
0.0 0.17943794195776994 0.0 0.12198015193271346 0.0 0.0 0.0 0.3492909530547584 0.3492909530547584 0.0 0.0 
0.11108428748359357 0.11131178726428827 0.0 0.3076011447555632 0.0 0.0 0.0 0.195377373014758 0.2746254074817971 0.0 0.0 
0.1703868143559633 0.1257356435670283 0.12657327184079392 0.30993681901839254 0.0 0.0 0.0 0.1537305676538736 0.11363688356394845 0.0 0.0 
0.11363343520938547 0.0 0.0 0.1873870339560612 0.0 0.0 0.0 0.35 0.34897953083455346 0.0 0.0 
0.0 0.3023732175451244 0.0 0.0 0.0 0.0 0.0 0.3476267824548757 0.35 0.0 0.0 
0.1147519541762487 0.11254605422725265 0.0 0.2616745352130778 0.0 0.0 0.0 0.2337856932728243 0.2772417631105966 0.0 0.0 
0.10641124958509462 0.10884959644988902 0.0 0.28786854814876284 0.0 0.0 0.0 0.2166502608987416 0.2802203449175119 0.0 0.0 
0.0 0.15776884385127954 0.0 0.1439004143379234 0.0 0.0 0.0 0.3491653709053985 0.3491653709053985 0.0 0.0 
0.10562115277836617 0.0 0.0 0.28399016182201525 0.0 0.0 0.0 0.34245265552063836 0.2679360298789802 0.0 0.0 
0.11330376832021005 0.0 0.0 0.2905928871233936 0.0 0.0 0.0 0.33054876810685746 0.265554576449539 0.0 0.0 
0.12454116914986683 0.0 0.0 0.1756032173696498 0.0 0.0 0.0 0.3499278067402417 0.3499278067402417 0.0 0.0 
0.0 0.14801496677608236 0.0 0.15198503322391776 0.0 0.0 0.0 0.35 0.35 0.0 0.0 
0.11462214084132599 0.0 0.0 0.2823687129167997 0.0 0.0 0.0 0.27960963275047895 0.3233995134913953 0.0 0.0 
0.11552119294407462 0.18447880705592543 0.0 0.0 0.0 0.0 0.0 0.35 0.35 0.0 0.0 
0.0 0.1464344266295423 0.0 0.15356557337045773 0.0 0.0 0.0 0.35 0.35 0.0 0.0 
0.10001483574698432 0.10724527891743105 0.0 0.25734137834741655 0.0 0.0 0.0 0.22170547777385877 0.31369302921430936 0.0 0.0 
0.10286287145573585 0.1038394625854059 0.0 0.24650155182213457 0.0 0.0 0.0 0.25409703252132976 0.2926990816153939 0.0 0.0 
0.14066440279406917 0.10764576657165748 0.10363723479347686 0.24658719325139658 0.0 0.0 0.0 0.25134956566268796 0.15011583692671188 0.0 0.0 
0.14903294529698727 0.10092861326615797 0.11694853445838355 0.28781979477481645 0.0 0.0 0.0 0.19881350080257476 0.14645661140108004 0.0 0.0 
0.12244751358824167 0.0 0.0 0.2793234065399792 0.0 0.0 0.0 0.334706424353056 0.26352265551872306 0.0 0.0 
0.0 0.13939898564515502 0.0 0.16060101435484508 0.0 0.0 0.0 0.35 0.35 0.0 0.0 
0.14355425093555382 0.0 0.0 0.15644574906444622 0.0 0.0 0.0 0.35 0.35 0.0 0.0 
0.1103753780539526 0.11170925303699909 0.10677687450762821 0.2560099346943525 0.0 0.0 0.0 0.24715089514270674 0.16797766456436075 0.0 0.0 
0.15874067253915616 0.0 0.0 0.14258713557374816 0.0 0.0 0.0 0.34933609594354786 0.34933609594354786 0.0 0.0 
0.15821452274744371 0.14178547725255633 0.0 0.0 0.0 0.0 0.0 0.35 0.35 0.0 0.0 
0.1469002381993346 0.10073480837738492 0.11545163399489423 0.29563790203497115 0.0 0.0 0.0 0.19649386974143918 0.1447815476519758 0.0 0.0 
0.10300752280169356 0.0 0.0 0.21007499510634484 0.0 0.0 0.0 0.34313423773405466 0.3437832443579068 0.0 0.0 
0.159042355009552 0.0 0.0 0.14095764499044794 0.0 0.0 0.0 0.35 0.35 0.0 0.0 
