-0.013896782101248402 3.938597041776102E-4 
-0.007527549164400344 2.8956463943209922E-5 
-0.013896782101248402 3.938597041776102E-4 
-0.013529273842954881 3.907911369458774E-4 
-0.013510166462495594 2.619268102212969E-4 
-0.008252814018522363 3.460173534651133E-5 
-0.008929520770547405 3.555037136966528E-5 
-0.00788093130016353 2.9255645199505625E-5 
-0.008066220667226946 3.123050923595467E-5 
-0.012985689720781051 1.8809095105645535E-4 
-0.010444998294004472 5.423803225906904E-5 
-0.01319402790513002 2.101760243005254E-4 
-0.01058233892505867 5.733328291517943E-5 
-0.01304850649096849 1.963812127524407E-4 
-0.011823084832682903 9.602585646074857E-5 
-0.012330583699938702 1.2994966469212922E-4 
-0.010791274891782138 6.108015750874013E-5 
-0.012483332979873439 1.43198858613404E-4 
-0.008205829713215458 3.282753378617679E-5 
-0.012931038338457723 1.8310448574296003E-4 
-0.009105518970050644 3.574478371583289E-5 
-0.009916983702528588 4.47557678320133E-5 
-0.010104211063735807 4.901613025022671E-5 
-0.01328405616109455 2.211542724759467E-4 
-0.012274013657146005 1.2358066250992103E-4 
-0.012432925710011537 1.3747707370415687E-4 
-0.011075015288224894 6.855032967407263E-5 
-0.01099223407038427 6.630447276054455E-5 
-0.012564603584788916 1.5944631905803291E-4 
-0.013492350974487463 2.577396535002507E-4 
-0.011442943534660955 8.145183204904234E-5 
-0.011569933156500761 8.584028351050101E-5 
-0.00971115479319453 4.1805037139358595E-5 
-0.01308767266923246 1.9826015277879956E-4 
-0.01324144697053362 2.1763045750357361E-4 
-0.011134235094455353 7.10813007806145E-5 
-0.012885752689517298 1.799521661801042E-4 
-0.010352928266334709 5.313598359394182E-5 
-0.010279539906493527 5.21202624263256E-5 
-0.013131396932260135 2.0345131100803825E-4 
-0.0125508144281755 1.5166194636036576E-4 
-0.008929520770547405 3.555037136966528E-5 
-0.010870380452706344 6.305636582744412E-5 
-0.013360241161554529 2.3189211676677635E-4 
-0.00954201826386028 3.899994444150727E-5 
-0.01315618979818341 2.057566363008484E-4 
-0.01092264658863314 6.439480333520208E-5 
-0.011250811724903251 7.655700905020365E-5 
-0.01344472126137599 2.4736398852766967E-4 
-0.011747400819557371 9.289533288777625E-5 
-0.012841712208286237 1.765671125038867E-4 
-0.012030033731494971 1.1025132037938815E-4 
-0.011356582097707044 7.803684742556929E-5 
-0.012508883042689415 1.4721267172800918E-4 
-0.013683218607139936 3.913271433929989E-4 
-0.012180667265607872 1.1678951146763617E-4 
-0.010670711627078392 5.9385749963699115E-5 
-0.011182799120059848 7.409964102013787E-5 
-0.009320698702490249 3.6981911250451484E-5 
-0.011990071071800095 1.089465474980228E-4 
-0.013619090165857151 3.909725751610855E-4 
-0.01346707470885062 2.520850699709136E-4 
-0.009646581765526662 4.055083962941024E-5 
-0.012383696970697126 1.3267550449625116E-4 
-0.013420618529753927 2.425675446255252E-4 
-0.013397750616944398 2.3829894198071258E-4 
-0.01222376727189679 1.2033759835967702E-4 
-0.009814051769568961 4.31038998916235E-5 
-0.009248320495328739 3.661188007375723E-5 
-0.01190035443156228 1.000138254090224E-4 
-0.011979723869944463 1.036605627928155E-4 
-0.011380518478376515 7.883867931577847E-5 
-0.011952653593405846 1.0268635048977903E-4 
-0.01166101592284026 8.994612985826293E-5 
-0.013338780113510525 2.2855884466843054E-4 
-0.01170885679826514 9.269304704174077E-5 
-0.012788775515438082 1.7183000162993784E-4 
-0.012102321709535088 1.1232933361193976E-4 
-0.012818558516172758 1.739748759168124E-4 
-0.010007962048219545 4.6961138693595427E-5 
-0.012400188441295416 1.349793296391465E-4 
-0.009390029289597163 3.798693192050717E-5 
-0.012753976824264308 1.6983397281718609E-4 
-0.009828498258825192 4.358121056776734E-5 
-0.013860352657575011 3.932806189121678E-4 
-0.009588459452651008 3.976528275631245E-5 
-0.010007154805232543 4.6931049056117555E-5 
-0.012140795622409294 1.1550498632109587E-4 
-0.010196559874875576 5.055105903001991E-5 
-0.013767207010516876 3.9207507051228853E-4 
-0.012650167295231865 1.6142767865631285E-4 
-0.012610949301896934 1.6062075603710157E-4 
-0.012538424812857113 1.4974354015689066E-4 
-0.010183836048919415 5.037016602531342E-5 
-0.013791476094310591 3.9235107511759865E-4 
-0.012698651262724577 1.6942226840851494E-4 
-0.01124577380027515 7.420086934853974E-5 
-0.010657521126919058 5.8617070494005176E-5 
-0.00943535383826826 3.8013066878510654E-5 
-0.01224271374548074 1.2195216370152305E-4 
