-0.013896782101248402 3.938597041776102E-4 
-0.0045692953703942605 1.411837154549571E-5 
-0.013896782101248402 3.938597041776102E-4 
-0.013510036858827925 2.6189574757510566E-4 
-0.013529961354699957 3.907911290748345E-4 
-0.0066178311011410645 1.677834973438218E-5 
-0.005111468335050809 1.6691882200113458E-5 
-0.007352192720243626 2.454103042047438E-5 
-0.007818564943007464 2.4629057715830078E-5 
-0.009723628664470824 4.150392076030569E-5 
-0.011733001529102142 9.326186469248622E-5 
-0.009607430572664766 3.995620040587919E-5 
-0.009922698206725237 4.5611038498794783E-5 
-0.012120543669540365 1.1135019806164912E-4 
-0.008996160495682826 3.3667720246729785E-5 
-0.011871170354744205 9.815294847017996E-5 
-0.010368353865112492 5.295774745432868E-5 
-0.008479192576092785 2.7968212985911718E-5 
-0.012608750371622953 1.5782127460907492E-4 
-0.012220767286348301 1.2173235479342158E-4 
-0.010473316065381818 5.464385308765971E-5 
-0.012187574885085041 1.1711815716023414E-4 
-0.011076429710827096 6.888300261031173E-5 
-0.008879872387529015 3.2325473251885495E-5 
-0.010172455948466094 5.1602648185603354E-5 
-0.01058978836095609 5.844264658595508E-5 
-0.00670215865179977 1.917655509125941E-5 
-0.012366583904608828 1.315071940502825E-4 
-0.012509650209653677 1.5025286199550492E-4 
-0.009169791765282506 3.6131804796615726E-5 
-0.008721104593438002 2.939982098399179E-5 
-0.007095140808174412 2.424757696015569E-5 
-0.008273744906701559 2.6259752087345886E-5 
-0.011425779191775431 8.02091621421279E-5 
-0.012485693154136675 1.4322440260417787E-4 
-0.004758566776536906 1.4378412529749134E-5 
-0.012403633120914918 1.359683166387047E-4 
-0.010005607696707663 4.6878326531225874E-5 
-0.011143004791342167 7.217016752818076E-5 
-0.010132978170393329 4.9014643094883175E-5 
-0.012041972519824922 1.069453545667602E-4 
-0.013193043013729944 2.1034195718124972E-4 
-0.012785260676884559 1.7306090929952703E-4 
-0.010933682587862693 6.639689731768103E-5 
-0.010757714212470498 6.11382947807318E-5 
-0.01337103622774101 2.3366023209408813E-4 
-0.00813550317149881 2.5601835173592123E-5 
-0.012439192636903273 1.4065596441603976E-4 
-0.012838498509208613 1.7574602981899402E-4 
-0.013137020494005475 2.079424683511109E-4 
-0.013726400885378343 3.9168727144858826E-4 
-0.013323106432101686 2.2627732003725878E-4 
-0.013123780640138123 2.0271223878492854E-4 
-0.008417211278687595 2.6639777433465817E-5 
-0.013453084413907235 2.4909956858109087E-4 
-0.006852877072444962 2.031290967502504E-5 
-0.013482703045341764 2.5554170188275794E-4 
-0.012849286964100468 1.8103932433200494E-4 
-0.006945343817578086 2.179596879840499E-5 
-0.01064789680676468 6.067720429424798E-5 
-0.010859347859628795 6.29966113280995E-5 
-0.009382047733830954 3.738300390209966E-5 
-0.008751324374776583 2.961193033737403E-5 
-0.011648707633498031 8.885371181243034E-5 
-0.013287684790924936 2.2158621067303052E-4 
-0.012947680890063665 1.8458230182483095E-4 
-0.012658283313979193 1.6388631028555715E-4 
-0.013224962475024523 2.158208511939623E-4 
-0.013097235133686519 1.9933685653252735E-4 
-0.007070940660503314 2.336576278699458E-5 
-0.011524202569251489 8.374268796604532E-5 
-0.012986787340715063 1.8835745732987482E-4 
-0.004843970586993344 1.529214995596212E-5 
-0.01305655541798276 1.9524633797248197E-4 
-0.005008387757525757 1.6098574767955704E-5 
-0.012302193819263257 1.2716652469838094E-4 
-0.012670270282952771 1.6400844568941028E-4 
-0.013415917415295436 2.4166758758039448E-4 
-0.011313626645628311 7.708876219531948E-5 
-0.011351576903165158 7.826779462133285E-5 
-0.012302193819263257 1.2716652469838094E-4 
-0.012873542153108432 1.838608525539459E-4 
-0.004929976570904575 1.5865237646602766E-5 
-0.013489959238981667 2.5719021995942423E-4 
-0.009240561105164729 3.651758200143109E-5 
-0.012738588251883221 1.6858656266683988E-4 
-0.01256435171658572 1.5288535034933362E-4 
-0.011234332114595135 7.438622578682171E-5 
-0.013435400401031701 2.454729500488355E-4 
-0.009327941806179383 3.7113376057888926E-5 
-0.011940036137599712 1.0188427202764032E-4 
-0.011922182782243426 1.010699758038836E-4 
-0.013261423606186876 2.1855174573246999E-4 
-0.011612444117066452 8.75514444380383E-5 
-0.011549343180145319 8.489130201975022E-5 
-0.010891130096236743 6.523813556016128E-5 
-0.012738588251883223 1.6858656266683996E-4 
-0.013318004961110002 2.2556256534480716E-4 
-0.011239330682504996 7.509232546243662E-5 
-0.01360784877649843 3.909297331547071E-4 
