-0.013896782101248402 3.938597041776102E-4 
-0.004647867847545171 1.4392361134844922E-5 
-0.004647867847545171 1.4392361134844922E-5 
-0.013896782101248402 3.938597041776102E-4 
-0.013530276280513898 3.9079113266511417E-4 
-0.01350972977912283 2.6182218373397686E-4 
-0.006700609609163897 1.8801735624032624E-5 
-0.005293298549264968 1.8674071147664123E-5 
-0.00887332156673653 3.5275279494936225E-5 
-0.00852717436851217 2.9786316645089397E-5 
-0.005103267745044248 1.6737201880293508E-5 
-0.008199065279008436 2.6150820764316265E-5 
-0.009332628723435663 3.728463408526809E-5 
-0.011887292634188664 1.0165074988533612E-4 
-0.011819669163545802 9.572031640819606E-5 
-0.01060552584987314 5.808100926114527E-5 
-0.012677325988117244 1.6496690949826745E-4 
-0.012144337210544753 1.1447455533155604E-4 
-0.013136480825522743 2.090272951312314E-4 
-0.009565552725116047 3.921038595032065E-5 
-0.009771358035860921 4.281473089305803E-5 
-0.01243286020447176 1.3904884213853974E-4 
-0.010029483705605574 4.877086357939457E-5 
-0.00968632694311295 4.100694171635955E-5 
-0.01158378231070244 8.98346596659336E-5 
-0.011075570920454431 6.943320828544095E-5 
-0.011481391217585905 8.236068331908527E-5 
-0.007314968610027685 2.2481766704771696E-5 
-0.011539698633362197 8.544189004594397E-5 
-0.011400615808960637 7.92475733133122E-5 
-0.009125331232144363 3.601455815576641E-5 
-0.004753876535224782 1.471774827666066E-5 
-0.012341943664492568 1.2950775973292054E-4 
-0.009440770691268884 3.801952784345455E-5 
-0.012242901602334596 1.258292646690789E-4 
-0.010548299776490532 5.664521016403943E-5 
-0.01304341946512116 1.9403976015174116E-4 
-0.012823343847203933 1.742545057536132E-4 
-0.00752501424791248 2.4539132565189203E-5 
-0.013281966545120129 2.20902712161486E-4 
-0.007720423535041475 2.4856894441627853E-5 
-0.013791898630708822 3.9235611829660657E-4 
-0.012896568114016056 1.818821443807971E-4 
-0.011966789477739489 1.0454412682206773E-4 
-0.012604228912260195 1.5905783723291165E-4 
-0.012856826598167226 1.7865694129654496E-4 
-0.013463285526410896 2.5126631365682956E-4 
-0.007981439311076803 2.5635683623986705E-5 
-0.0071887321683718084 2.1324663211420787E-5 
-0.0077787055081937825 2.519798516959019E-5 
-0.006847792127210539 1.927402151948885E-5 
-0.013246488492103126 2.1702353568543495E-4 
-0.011183698339977934 7.201843532284468E-5 
-0.012763197015063212 1.713249960847257E-4 
-0.010373680784379865 5.630632281232844E-5 
-0.00835525142304432 2.67538108059326E-5 
-0.008391954792208039 2.8368615618525324E-5 
-0.010877329251954377 6.421586267058069E-5 
-0.010208658577081635 5.401805267516871E-5 
-0.01019718095246339 5.0975697646094654E-5 
-0.010990564720287631 6.797058574177041E-5 
-0.011728492158565695 9.361114741064487E-5 
-0.012460140149492023 1.432756631257583E-4 
-0.0052590210050193495 1.8176563675894603E-5 
-0.011700276462507294 9.082920918632803E-5 
-0.012940921464975549 1.8602268295924356E-4 
-0.01238345961112721 1.3358527179975943E-4 
-0.011327873252252147 7.702651085667833E-5 
-0.01340466103015335 2.3955990067401397E-4 
-0.012554933288743596 1.5258875025478657E-4 
-0.010773278018126704 6.184877802424579E-5 
-0.009125331232144363 3.601455815576641E-5 
-0.010364409020887004 5.405346366103269E-5 
-0.006937590174480041 1.9352406317862786E-5 
-0.013446617470400574 2.4775428239067203E-4 
-0.012205374035822105 1.1960674807502655E-4 
-0.013117626215718277 2.0184298755691521E-4 
-0.013380989906154411 2.353447802730718E-4 
-0.004906005337257424 1.539813291021621E-5 
-0.007959934424682055 2.540706853788184E-5 
-0.009961976244243881 4.789393527746302E-5 
-0.012999912223978064 1.8943327533024897E-4 
-0.013316302375485294 2.2532706282103957E-4 
-0.012569794944563655 1.587426513239921E-4 
-0.010932106648455526 6.540077137456919E-5 
-0.007043285654446317 2.021755337104346E-5 
-0.010773278018126704 6.184877802424579E-5 
-0.009961976244243881 4.789393527746302E-5 
-0.007416238058966872 2.372515931961894E-5 
-0.012238767953490281 1.2229115772908973E-4 
-0.01125930176056976 7.564332347300109E-5 
-0.01217157798963116 1.1619916091073313E-4 
-0.013156152079670386 2.135174461035267E-4 
-0.004906005337257424 1.539813291021621E-5 
-0.013065719299625796 1.9794986172703353E-4 
-0.013209618729779066 2.136074988332935E-4 
-0.007097107836375482 2.093444192919085E-5 
-0.013665070515550212 3.912077818989641E-4 
-0.012015197396743992 1.0909132524786617E-4 
-0.013487580147920345 2.566466722020897E-4 
