-0.013896782101248402 3.938597041776102E-4 
-0.008569430298007363 3.88044958853628E-5 
-0.013896782101248402 3.938597041776102E-4 
-0.013510076939497698 2.619053529323243E-4 
-0.013533196180379188 3.907913812454686E-4 
-0.009313278529286163 4.227489331080244E-5 
-0.009143946147463064 4.054222747476888E-5 
-0.01333519412602958 2.3099181120555179E-4 
-0.009595738107817373 4.5616062123233985E-5 
-0.012156830190927642 1.1471722106894392E-4 
-0.012063490320803076 1.0900627278172357E-4 
-0.009716842280143408 4.71776164007285E-5 
-0.010868245771998093 6.356630718404587E-5 
-0.013418114367532083 2.4208671580995268E-4 
-0.012822399264800536 1.745505883238111E-4 
-0.01187288710365139 9.885599816565582E-5 
-0.00878426860902906 3.908247253764054E-5 
-0.01248398355001279 1.4438359294166155E-4 
-0.0109512438001669 6.681529251808682E-5 
-0.009399373364945193 4.36865393855167E-5 
-0.012959376995952452 1.8564091958598445E-4 
-0.012916069865246066 1.818221160686581E-4 
-0.012427180969986523 1.392548774516138E-4 
-0.010515928403466119 5.542451063637412E-5 
-0.012861000879819557 1.7848496134866522E-4 
-0.011772554594142916 9.61397786119151E-5 
-0.011278387310082972 7.575476332480738E-5 
-0.009068155061018674 4.013755429680822E-5 
-0.011651497207756555 8.958131029934802E-5 
-0.011181009836689808 7.232017610663645E-5 
-0.012358124569337672 1.305775491980797E-4 
-0.01191658027280672 1.0103370183088358E-4 
-0.009831923736416571 4.736637410807322E-5 
-0.012248685508815194 1.2269776933966907E-4 
-0.010708607584996442 5.9450116774913966E-5 
-0.008897917486402814 3.9371961327344903E-5 
-0.011424218292815492 8.091967898079297E-5 
-0.008957373019382445 3.975418134376075E-5 
-0.012554314010370623 1.5089295467471216E-4 
-0.0125901883368656 1.5992844194472427E-4 
-0.010402256309003552 5.341368425631903E-5 
-0.011342233914388895 7.82434667113662E-5 
-0.012583595015664258 1.5503335791099916E-4 
-0.013138214881267003 2.0374645033839148E-4 
-0.012516093922374289 1.4753726647132034E-4 
-0.011504853125524227 8.43275393024129E-5 
-0.009983885190518063 4.8498877666859405E-5 
-0.01276538581554704 1.7025844752613083E-4 
-0.013587491425178793 3.9099553558971813E-4 
-0.011975815127055554 1.04588090526309E-4 
-0.013449526023028107 2.48356615857746E-4 
-0.011014804989654235 6.800369940605116E-5 
-0.013304112728465614 2.2368546120205135E-4 
-0.013685414420556877 3.9134260365377484E-4 
-0.012646049776306935 1.628055205893546E-4 
-0.013104198536964358 2.0070480145368107E-4 
-0.013478889203954937 2.5468633265907266E-4 
-0.013386476693023005 2.3629560816487282E-4 
-0.010178088950514058 5.070402594402154E-5 
-0.013080740873428809 1.975643903090017E-4 
-0.012288164662161163 1.2762857638872526E-4 
-0.010228220862797774 5.1015410036233095E-5 
-0.011718135024573455 9.1694652431583E-5 
-0.012988459221164927 1.9094722126831602E-4 
-0.012192152026268154 1.1998099268392013E-4 
-0.013832509599850839 3.9287881333058207E-4 
-0.011077642349970891 6.864472266500611E-5 
-0.013163155914167227 2.0817629365261944E-4 
-0.011456877159658463 8.272707617976964E-5 
-0.011588975555504942 8.714723231662203E-5 
-0.012392033531167811 1.333119053503845E-4 
-0.012407942741261871 1.357549701126286E-4 
-0.013771099077721685 3.922079549650773E-4 
-0.010076595354746663 4.9268415327436956E-5 
-0.008681811614254 3.8891013719061895E-5 
-0.010376298537013315 5.3186590174732085E-5 
-0.01339140499763455 2.3716313559910517E-4 
-0.00981431791678427 4.727105701534461E-5 
-0.010655111576378083 5.812555703034416E-5 
-0.010787807801902517 6.150780912712306E-5 
-0.00949442651547339 4.430241120624531E-5 
-0.013456604837666364 2.498411394121336E-4 
-0.012191793068110923 1.1741582082611782E-4 
-0.012285767004306619 1.2609741603675237E-4 
-0.01110513449625747 7.094704452466702E-5 
-0.010792514841243259 6.15520638104871E-5 
-0.012036697156415173 1.0636239333684699E-4 
-0.00949442651547339 4.430241120624531E-5 
-0.009983885190518063 4.8498877666859405E-5 
-0.008689156632737999 3.890727133588005E-5 
-0.010094096215831653 5.049991268651994E-5 
-0.011315853851547621 7.664855531061378E-5 
-0.012698641358223996 1.6843312924800204E-4 
-0.013207752461635369 2.117715346137626E-4 
-0.013727593873174824 3.9168224333851874E-4 
-0.0131802677327627 2.099043289268188E-4 
-0.010299668723031487 5.221671346791397E-5 
-0.013236022661225595 2.1595133275166529E-4 
-0.011140784542392874 7.196068669798928E-5 
-0.013476646210859707 2.541868417976124E-4 
