0.0 0.29999999999999993 0.0 0.0 0.0 0.0 0.0 0.35 0.35 0.0 0.0 
0.12354374699264985 0.13464850235954692 0.0 0.1046172503871574 0.1440457386535436 0.10426636722406951 0.0 0.11633532255788381 0.27254307182514903 0.0 0.0 
0.0 0.29999999999999993 0.0 0.0 0.0 0.0 0.0 0.35 0.35 0.0 0.0 
0.12354374699264985 0.13464850235954692 0.0 0.1046172503871574 0.1440457386535436 0.10426636722406951 0.0 0.11633532255788381 0.27254307182514903 0.0 0.0 
0.0 0.3283787659204595 0.0 0.0 0.0 0.0 0.0 0.3216212340795405 0.35 0.0 0.0 
0.10004206570757859 0.19995793429242145 0.0 0.0 0.0 0.0 0.0 0.35 0.35 0.0 0.0 
0.1665873553990836 0.12857670512173988 0.0 0.11496037620786877 0.0 0.10265738513503297 0.0 0.2155035204034956 0.2717146577327792 0.0 0.0 
0.2420862850378543 0.10692979366063296 0.0 0.14957188234948507 0.0 0.0 0.0 0.25508912481788 0.24632291413414786 0.0 0.0 
0.1988001754373 0.1318314343651669 0.0 0.11991343339753908 0.0 0.10458978246251217 0.0 0.18051833731020792 0.26434683702727396 0.0 0.0 
0.19140393769717176 0.15583835667104204 0.0 0.0 0.0 0.0 0.0 0.35 0.3027577056317862 0.0 0.0 
0.1972449983101326 0.12756450479180376 0.0 0.13349793173352656 0.0 0.10289229990571118 0.0 0.15843955300974694 0.28036071224907905 0.0 0.0 
0.1209265641177864 0.13961796036304663 0.0 0.10211108152390877 0.11343686560482243 0.10496257935368929 0.0 0.15279616428512607 0.2661487847516205 0.0 0.0 
0.2197856761067432 0.11308266502703998 0.0 0.1261107169867437 0.0 0.0 0.0 0.2982999444798819 0.24272099739959124 0.0 0.0 
0.21886587462552753 0.1076181674886127 0.0 0.12558999090798065 0.0 0.0 0.0 0.3035104245150401 0.244415542462839 0.0 0.0 
0.11604121125552377 0.13747307221915303 0.0 0.10049477384474176 0.10203146250850509 0.10245394716757567 0.0 0.17249343299970246 0.2690121000047983 0.0 0.0 
0.1950364788461031 0.11447032160635406 0.0 0.11925121351548108 0.0 0.10543984940937162 0.0 0.20365368920222363 0.2621484474204664 0.0 0.0 
0.13346921062904255 0.11545216606586182 0.0 0.10178967996224143 0.0 0.0 0.0 0.3493124382971071 0.2999765050457472 0.0 0.0 
0.25020137363977907 0.1095520457493268 0.0 0.14946901891455905 0.0 0.0 0.0 0.25020319829537335 0.24057436340096183 0.0 0.0 
0.21648432319568028 0.10644713887988799 0.0 0.12422340498894162 0.0 0.0 0.0 0.31108915622553607 0.24175597670995402 0.0 0.0 
0.19704909206605925 0.1068853080191261 0.0 0.11737302373307378 0.0 0.10030592385850222 0.0 0.24480142490110648 0.23358522742213217 0.0 0.0 
0.1888960770305598 0.13204873043799542 0.0 0.0 0.0 0.0 0.0 0.35 0.32905519253144494 0.0 0.0 
0.16959682220029657 0.1315842323778769 0.0 0.12511000908196948 0.0 0.10311172325950255 0.0 0.20979530278556283 0.26080191029479166 0.0 0.0 
0.2581669281970731 0.10800502370690458 0.0 0.14842925502181967 0.0 0.0 0.0 0.2451258558084958 0.24027293726570687 0.0 0.0 
0.19301800502663927 0.13015292428441802 0.0 0.14174714646489936 0.0 0.10421988391205657 0.0 0.16674631368005083 0.2641157266319359 0.0 0.0 
0.23044391793547211 0.10779902088495572 0.0 0.15188349444226204 0.0 0.0 0.0 0.26636716139093847 0.24350640534637155 0.0 0.0 
0.22748985739974145 0.11125039025511924 0.0 0.14077981433237596 0.0 0.0 0.0 0.27738915137247 0.24309078664029338 0.0 0.0 
0.18346303448461235 0.1289796678373273 0.0 0.1251431459909998 0.0 0.1037896718591243 0.0 0.1979328096481162 0.2606916701798201 0.0 0.0 
0.22195312258580358 0.11332579492761012 0.0 0.124952062515238 0.0 0.0 0.0 0.2844421250467405 0.2553268949246078 0.0 0.0 
0.1311033139237814 0.14126781205858893 0.0 0.10586591360636188 0.10444962149225266 0.10797256774100929 0.0 0.14230584948706781 0.267034921690938 0.0 0.0 
0.15166142010134248 0.10695575880602182 0.0 0.10106367118869013 0.0 0.0 0.0 0.35 0.2903191499039456 0.0 0.0 
0.16959682220029657 0.1315842323778769 0.0 0.12511000908196948 0.0 0.10311172325950255 0.0 0.20979530278556283 0.26080191029479166 0.0 0.0 
0.11418132850436533 0.13835100480207785 0.0 0.10253384794188987 0.11120060958719151 0.10789723123887829 0.0 0.16059758443064318 0.26523839349495393 0.0 0.0 
0.2261132849331692 0.11596144704294813 0.0 0.12688151230216865 0.0 0.0 0.0 0.2716053579631317 0.25943839775858235 0.0 0.0 
0.1761575899788169 0.10601215303207624 0.0 0.10129039414736098 0.0 0.0 0.0 0.35 0.2665398628417459 0.0 0.0 
0.18324484409506697 0.12946422265527388 0.0 0.12816910071866308 0.0 0.10105020103390909 0.0 0.18379460092632663 0.27427703057076036 0.0 0.0 
0.17752429145262422 0.1424952347391085 0.0 0.0 0.0 0.0 0.0 0.35 0.3299804738082673 0.0 0.0 
0.13996706417060595 0.10508726236803749 0.0 0.10439026187084634 0.0 0.0 0.0 0.35 0.30055541159051014 0.0 0.0 
0.11164534934624736 0.1883546506537527 0.0 0.0 0.0 0.0 0.0 0.35 0.35 0.0 0.0 
0.19432528743800892 0.14073920338788554 0.0 0.0 0.0 0.0 0.0 0.3459573235430868 0.3189781856310188 0.0 0.0 
0.1283923561724474 0.1383128885058996 0.0 0.10863165423907903 0.11243365164023152 0.11108848287218348 0.0 0.1301152999403852 0.27102566662977373 0.0 0.0 
0.20372673337643496 0.11131320561246472 0.0 0.11824135210583568 0.0 0.0 0.0 0.32955576048083324 0.23716294842443136 0.0 0.0 
0.20472796625266687 0.11883156684567275 0.0 0.10252309376182825 0.0 0.0 0.0 0.3218399033333429 0.25207746980648926 0.0 0.0 
0.22345384028427015 0.11583690940932863 0.0 0.13325289719000444 0.0 0.0 0.0 0.25486110104027615 0.2725952520761207 0.0 0.0 
0.2121563267431305 0.1398393506031425 0.0 0.0 0.0 0.0 0.0 0.35 0.2980043226537271 0.0 0.0 
0.13430427492983402 0.10454543067139123 0.0 0.10015839697798845 0.0 0.0 0.0 0.3497690972290876 0.31122280019169873 0.0 0.0 
0.15298993497194963 0.11237484392384019 0.0 0.1015516690013981 0.0 0.0 0.0 0.35 0.2830835521028122 0.0 0.0 
0.1280032545883895 0.13338139047934422 0.0 0.10357909252461804 0.11761686668194152 0.10639755356565213 0.0 0.13619012963419594 0.27483171252585864 0.0 0.0 
0.18856555030102828 0.11143444969897183 0.0 0.0 0.0 0.0 0.0 0.35 0.35 0.0 0.0 
0.15892163255451808 0.14107836744548197 0.0 0.0 0.0 0.0 0.0 0.35 0.35 0.0 0.0 
0.1988835709031512 0.10321032491919575 0.0 0.11291885747812173 0.0 0.0 0.0 0.33490724347489687 0.25008000322463453 0.0 0.0 
0.16001634745202642 0.1092619771307136 0.0 0.1024832575423008 0.0 0.0 0.0 0.35 0.27823841787495923 0.0 0.0 
0.20136258529904946 0.10291183441475248 0.0 0.10152581366345317 0.0 0.0 0.0 0.3403492317377287 0.2538505348850163 0.0 0.0 
0.0 0.3185982028470337 0.0 0.0 0.0 0.0 0.0 0.3394524141424491 0.3419493830105172 0.0 0.0 
0.2214867045995059 0.12972175624453558 0.0 0.0 0.0 0.0 0.0 0.35 0.2987915391559586 0.0 0.0 
0.2281767080211594 0.13743559428261773 0.0 0.0 0.0 0.0 0.0 0.3431689783187243 0.29121871937749855 0.0 0.0 
0.11996961563847786 0.13318288003691653 0.0 0.10229730737864028 0.13419239160808732 0.10480217126583352 0.0 0.12734242802250614 0.2782132060495385 0.0 0.0 
0.17729821307051366 0.11121547298512505 0.0 0.11648912700781881 0.0 0.0 0.0 0.33917127265183583 0.2558259142847066 0.0 0.0 
0.18445906669399906 0.10222839527063458 0.0 0.10207701169301067 0.0 0.0 0.0 0.35 0.2612355263423558 0.0 0.0 
0.0 0.30432018765168867 0.0 0.0 0.0 0.0 0.0 0.34567981234831147 0.35 0.0 0.0 
0.12732712247254047 0.17267287752745963 0.0 0.0 0.0 0.0 0.0 0.35 0.35 0.0 0.0 
0.2254309546972888 0.11574746874000041 0.0 0.12375936786842343 0.0 0.0 0.0 0.2842704197959285 0.2507917888983588 0.0 0.0 
0.12090086684399523 0.13382901480286288 0.0 0.10436194849682882 0.1397791167034805 0.10396041707058891 0.0 0.1241512715537808 0.27301736452846287 0.0 0.0 
0.2110426322232611 0.11102367218367 0.0 0.0 0.0 0.0 0.0 0.35 0.32793369559306895 0.0 0.0 
0.21602262505664785 0.16070548711010632 0.0 0.0 0.0 0.0 0.0 0.35 0.2732718878332458 0.0 0.0 
0.19418166206179943 0.10704734026991121 0.0 0.11538562247883237 0.0 0.0 0.0 0.3248172509999218 0.2585681241895353 0.0 0.0 
0.16596783366821946 0.10932822374750487 0.0 0.10376554167094736 0.0 0.0 0.0 0.35 0.27093840091332827 0.0 0.0 
0.11585124545473605 0.13633609589350318 0.0 0.10293248961474974 0.10268178000478236 0.10573341196277619 0.0 0.17290251948894425 0.2635624575805084 0.0 0.0 
0.1382969728849176 0.17560130806339824 0.0 0.0 0.0 0.0 0.0 0.3498028643753675 0.3362988546763166 0.0 0.0 
0.17303006411999564 0.13962438790378404 0.0 0.0 0.0 0.0 0.0 0.35 0.3373455479762204 0.0 0.0 
0.13596071948732125 0.16403928051267874 0.0 0.0 0.0 0.0 0.0 0.35 0.35 0.0 0.0 
0.14804900708940022 0.10242460057714846 0.0 0.10162721616571255 0.0 0.0 0.0 0.3489987769969337 0.2989003991708051 0.0 0.0 
0.2124333908664271 0.15384205200105538 0.0 0.0 0.0 0.0 0.0 0.35 0.2837245571325176 0.0 0.0 
0.17647955702904833 0.10957589410910665 0.0 0.11018277306248224 0.0 0.0 0.0 0.34442291026148236 0.25933886553788044 0.0 0.0 
0.10639077391061091 0.19360922608938907 0.0 0.0 0.0 0.0 0.0 0.35 0.35 0.0 0.0 
0.17874168160911164 0.10987983877870917 0.0 0.10040672577846861 0.0 0.0 0.0 0.35 0.26097175383371063 0.0 0.0 
0.16596783366821946 0.10932822374750487 0.0 0.10376554167094736 0.0 0.0 0.0 0.35 0.27093840091332827 0.0 0.0 
0.19016058506318792 0.13772293668215932 0.0 0.0 0.0 0.0 0.0 0.35 0.3221164782546528 0.0 0.0 
0.15283487925704947 0.11355887058781935 0.0 0.10012043505024937 0.0 0.0 0.0 0.3435840775188899 0.2899017375859918 0.0 0.0 
0.19426378260499866 0.1010612367556488 0.0 0.10016806169773988 0.0 0.0 0.0 0.33913913937696816 0.2653677795646444 0.0 0.0 
0.0 0.31016669016126186 0.0 0.0 0.0 0.0 0.0 0.3403059213254523 0.34952738851328585 0.0 0.0 
0.18723441181840092 0.1239429029986703 0.0 0.1298300654932134 0.0 0.10399425090238759 0.0 0.18353307626533014 0.27146529252199764 0.0 0.0 
0.0 0.3210029740472167 0.0 0.0 0.0 0.0 0.0 0.3289970259527832 0.35 0.0 0.0 
0.20670059729458012 0.1658281372251299 0.0 0.0 0.0 0.0 0.0 0.347381587758141 0.28008967772214893 0.0 0.0 
0.20468205648425344 0.1042259129935418 0.0 0.10270823425269947 0.0 0.0 0.0 0.33630713599887885 0.2520766602706265 0.0 0.0 
0.14724122691265562 0.15275877308734442 0.0 0.0 0.0 0.0 0.0 0.35 0.35 0.0 0.0 
0.13179498300677417 0.16820501699322588 0.0 0.0 0.0 0.0 0.0 0.35 0.35 0.0 0.0 
0.2121563267431305 0.1398393506031425 0.0 0.0 0.0 0.0 0.0 0.35 0.2980043226537271 0.0 0.0 
0.11729766503892314 0.18270233496107682 0.0 0.0 0.0 0.0 0.0 0.35 0.35 0.0 0.0 
0.12316399986821704 0.13513056696423437 0.0 0.10257910549364542 0.10195924985109871 0.10385355237800743 0.0 0.1689773113922249 0.2643362140525722 0.0 0.0 
0.21509311844189888 0.1029101129441166 0.0 0.11685116022480166 0.0 0.0 0.0 0.328783697228171 0.23636191116101196 0.0 0.0 
0.20393856045455977 0.10734177852031163 0.0 0.10957468119583266 0.0 0.0 0.0 0.33456676645868144 0.2445782133706144 0.0 0.0 
0.1191267276934671 0.13211808773547562 0.0 0.10249472112637377 0.14114906655868725 0.10279413874925761 0.0 0.12423303020317783 0.27808422793356086 0.0 0.0 
0.22338690217805307 0.10665501262837304 0.0 0.11134570442303739 0.0 0.0 0.0 0.3090927676615527 0.24951961310898382 0.0 0.0 
0.11822427109939136 0.1360580158316474 0.0 0.10458872021113015 0.10493612558882014 0.10721206520118824 0.0 0.16193929923978592 0.2670415028280366 0.0 0.0 
0.22404481499735068 0.10666349081516674 0.0 0.10556142112800385 0.0 0.0 0.0 0.30984415213960576 0.253886120919873 0.0 0.0 
0.15099989369829978 0.1010933794201338 0.0 0.10087451592368472 0.0 0.0 0.0 0.35 0.2970322109578818 0.0 0.0 
0.22090579754608175 0.12323417323978934 0.0 0.13244073271828513 0.0 0.0 0.0 0.28600091118953275 0.2374183853063109 0.0 0.0 
0.11761616533006296 0.13535817929536592 0.0 0.10405075111581982 0.10439636955743903 0.10666060250419564 0.0 0.1662500007771316 0.26566793141998507 0.0 0.0 
0.19471959900234215 0.10858153368407134 0.0 0.10101580183418302 0.0 0.0 0.0 0.35 0.24568306547940352 0.0 0.0 
0.13203497260666175 0.13446190033147867 0.0 0.10128397252150659 0.11612764971002654 0.10679196292124789 0.0 0.1427856580664183 0.26651388384266034 0.0 0.0 
