0.11585311431407949 0.0 0.0 0.0 0.0 0.0 0.15693831760081106 0.0 0.0 0.15983824385068623 0.0 
0.0 0.2999999999954661 0.0 0.0 0.0 0.0 0.0 0.35 0.35 0.0 0.0 
0.0 0.21322679290913474 0.0 0.0 0.0 0.0 0.0 0.35 0.35 0.0 0.0 
0.29999999996844534 0.0 0.0 0.0 0.0 0.0 0.0 0.35 0.35 0.0 0.0 
0.2836704858945266 0.0 0.0 0.0 0.0 0.0 0.0 0.15215897898628752 0.15581628949031684 0.0 0.1257214706412996 
0.2097724425394055 0.0 0.0 0.0 0.0 0.0 0.0 0.0 0.1007827814846642 0.14225322062421925 0.14051331287418936 
0.31464754313941473 0.0 0.0 0.0 0.0 0.0 0.139124175847016 0.0 0.16177271004074037 0.15336334635657348 0.13705188806988378 
0.1569024583082509 0.0 0.0 0.1211283599612872 0.0 0.0 0.0 0.15315708061638847 0.0 0.0 0.12225878615984824 
0.0 0.22881984116956827 0.0 0.0 0.0 0.0 0.0 0.35 0.35 0.0 0.0 
0.30135688600943195 0.0 0.0 0.10349144488572479 0.0 0.0 0.1057359227158706 0.14551762485213085 0.12955030956136204 0.0 0.12694560140245995 
0.3007296900735133 0.0 0.0 0.10287849464986167 0.0 0.0 0.0 0.3391569006509148 0.15560595138390712 0.0 0.10162896324180304 
0.0 0.2674003434909226 0.0 0.0 0.0 0.0 0.0 0.35 0.35 0.0 0.0 
0.35 0.0 0.0 0.0 0.0 0.0 0.0 0.17646725551760326 0.14104875174118023 0.0 0.1606547908048632 
0.0 0.2770511114731338 0.0 0.0 0.0 0.0 0.0 0.35 0.35 0.0 0.0 
0.0 0.2863412074511301 0.0 0.0 0.0 0.0 0.0 0.35 0.35 0.0 0.0 
0.35 0.0 0.0 0.0 0.0 0.0 0.0 0.1672938042585998 0.1837944235028396 0.0 0.1591746592414075 
0.3277822719864376 0.0 0.0 0.0 0.0 0.0 0.0 0.3390769041166428 0.2303346663762398 0.0 0.10280615752067976 
0.3047397212685444 0.0 0.0 0.10413266712371336 0.0 0.0 0.0 0.33102394823793496 0.15572256377479418 0.0 0.10438109959501315 
0.26546878120457057 0.0 0.0 0.0 0.0 0.0 0.0 0.34487805392013526 0.2874026546113779 0.0 0.1022505102639162 
0.35 0.0 0.0 0.0 0.0 0.0 0.0 0.15257324452173254 0.1650085776335526 0.0 0.1687602322380546 
0.0 0.21924849369412028 0.0 0.0 0.0 0.0 0.0 0.35 0.35 0.0 0.0 
0.24511638734879823 0.0 0.0 0.0 0.0 0.0 0.0 0.35 0.3025706741567597 0.0 0.10217330819343431 
0.23218909777983135 0.0 0.0 0.0 0.0 0.0 0.0 0.35 0.31462907101217535 0.0 0.10118630179335412 
0.3246227743308225 0.0 0.0 0.10448407743268416 0.0 0.0 0.0 0.30704062133953575 0.15931376689746596 0.0 0.10453875999949173 
0.35 0.0 0.0 0.0 0.0 0.0 0.0 0.1974583141678958 0.18769375337838615 0.0 0.141117853800952 
0.35 0.0 0.0 0.0 0.0 0.0 0.0 0.1791240955527804 0.18349778479082757 0.0 0.14800141845206316 
0.324692981054138 0.0 0.0 0.0 0.0 0.0 0.0 0.35 0.2241350451171211 0.0 0.10111626489461137 
0.34597071608235025 0.0 0.0 0.0 0.0 0.0 0.0 0.3060579918862494 0.22689734416819007 0.0 0.12107394786321027 
0.32734899299429376 0.0 0.0 0.0 0.0 0.0 0.0 0.35 0.3168596061832297 0.0 0.0 
0.34240880570656385 0.0 0.0 0.0 0.0 0.0 0.0 0.35 0.20175558274484012 0.0 0.10460837938525715 
0.3133512761311436 0.0 0.0 0.0 0.0 0.0 0.0 0.35 0.2326104374703696 0.0 0.10382191118583561 
0.3001727786295944 0.0 0.0 0.0 0.0 0.0 0.0 0.3400083260158536 0.25970174311204636 0.0 0.10011715224250557 
0.35 0.0 0.0 0.0 0.0 0.0 0.0 0.35 0.2794780776858908 0.0 0.0 
0.35 0.0 0.0 0.0 0.0 0.0 0.0 0.2290949872049846 0.1704815032993028 0.0 0.13943697949437703 
0.0 0.23754536469090978 0.0 0.0 0.0 0.0 0.0 0.35 0.35 0.0 0.0 
0.0 0.27440798188314575 0.0 0.0 0.0 0.0 0.0 0.35 0.35 0.0 0.0 
0.35 0.0 0.0 0.0 0.0 0.0 0.0 0.35 0.2647726235473739 0.0 0.0 
0.35 0.0 0.0 0.0 0.0 0.0 0.0 0.1845088548877321 0.21775456134984042 0.0 0.1440070183046823 
0.0 0.261572571182614 0.0 0.0 0.0 0.0 0.0 0.35 0.35 0.0 0.0 
0.340721762169741 0.0 0.0 0.10174786587792135 0.0 0.0 0.0 0.30058757092546723 0.15514168460006056 0.0 0.10180111642680983 
0.35 0.0 0.0 0.0 0.0 0.0 0.0 0.18315041862985926 0.18098635413749367 0.0 0.15462207934150776 
0.35 0.0 0.0 0.0 0.0 0.0 0.0 0.35 0.2858835572918429 0.0 0.0 
0.35 0.0 0.0 0.0 0.0 0.0 0.0 0.17573917198134936 0.15645571562466215 0.0 0.15311879403270365 
0.30038232096984635 0.0 0.0 0.0 0.0 0.0 0.0 0.35 0.33242466660277764 0.0 0.0 
0.29777191395428604 0.0 0.0 0.10030173126109919 0.0 0.0 0.0 0.33601331996324907 0.14505975926536036 0.0 0.12085327555600532 
0.35 0.0 0.0 0.0 0.0 0.0 0.0 0.19405001568526314 0.17904424205201336 0.0 0.15733234697734733 
0.3300475041228999 0.0 0.0 0.10262129028215948 0.0 0.0 0.0 0.2771832965499407 0.14750163307260875 0.0 0.12099901256325979 
0.28199482379880725 0.0 0.0 0.0 0.0 0.0 0.0 0.34250416752945273 0.2702395149807194 0.0 0.10526149369102071 
0.34959802202348383 0.0 0.0 0.0 0.0 0.0 0.0 0.35 0.2924156965593823 0.0 0.0 
0.35 0.0 0.0 0.0 0.0 0.0 0.0 0.22052244318759892 0.19619284234894793 0.0 0.14409489556610003 
0.2714783888828301 0.0 0.0 0.0 0.0 0.0 0.0 0.35 0.2685790145717164 0.0 0.10891654433545825 
0.35 0.0 0.0 0.0 0.0 0.0 0.0 0.23590771833062785 0.2018231725924154 0.0 0.11991479678534912 
0.35 0.0 0.0 0.0 0.0 0.0 0.0 0.23114616367791832 0.19114779027414344 0.0 0.13442333537142545 
0.0 0.2887728959579505 0.0 0.0 0.0 0.0 0.0 0.35 0.35 0.0 0.0 
0.35 0.0 0.0 0.0 0.0 0.0 0.0 0.2191403294623629 0.17212682414493563 0.0 0.14705559846759247 
0.35 0.0 0.0 0.0 0.0 0.0 0.0 0.19487558943909195 0.2119984680141234 0.0 0.11647833664105482 
0.35 0.0 0.0 0.0 0.0 0.0 0.0 0.249717581142045 0.18638484321308574 0.0 0.12007656458474508 
0.34127706343279063 0.0 0.0 0.0 0.0 0.0 0.0 0.330391343561545 0.22386212110038053 0.0 0.10000614613012787 
0.35 0.0 0.0 0.0 0.0 0.0 0.0 0.3315819779401627 0.19651767666273154 0.0 0.10691862909771296 
0.3201788574661408 0.0 0.0 0.10517796099561112 0.0 0.0 0.0 0.30071378404118937 0.1483772201798666 0.0 0.11935050781299524 
0.32290769496744137 0.0 0.0 0.0 0.0 0.0 0.0 0.35 0.3052102617926697 0.0 0.0 
0.35 0.0 0.0 0.0 0.0 0.0 0.0 0.35 0.2718963638428925 0.0 0.0 
0.2818810723475552 0.0 0.0 0.0 0.0 0.0 0.0 0.33910173512351865 0.26962471916915637 0.0 0.10497021594469831 
0.0 0.29468745626989035 0.0 0.0 0.0 0.0 0.0 0.35 0.3492064673162135 0.0 0.0 
0.35 0.0 0.0 0.0 0.0 0.0 0.0 0.18773769318039654 0.19225017770050346 0.0 0.1545329534185181 
0.32943951861303405 0.0 0.0 0.10134411173956821 0.0 0.0 0.0 0.29672929602332154 0.14641120702281676 0.0 0.11776910152720228 
0.347771948949726 0.0 0.0 0.0 0.0 0.0 0.0 0.33040472177194313 0.19351789367829073 0.0 0.12229298080876863 
0.0 0.2470355812495777 0.0 0.0 0.0 0.0 0.0 0.35 0.35 0.0 0.0 
0.22150084127353106 0.0 0.0 0.0 0.0 0.0 0.0 0.35 0.32558932946990765 0.0 0.10126909879437804 
0.23035217923176096 0.0 0.0 0.0 0.0 0.0 0.0 0.35 0.3175300813355056 0.0 0.10061265745780533 
0.3259695851533763 0.0 0.0 0.10022344921239577 0.0 0.0 0.0 0.2933774493908726 0.14475734972665805 0.0 0.11643878473121776 
0.35 0.0 0.0 0.0 0.0 0.0 0.0 0.21738422601895876 0.22310281533287263 0.0 0.12512551097140323 
0.35 0.0 0.0 0.0 0.0 0.0 0.0 0.33583516625750676 0.19903840077363108 0.0 0.11063699744429625 
0.28561379906897294 0.0 0.0 0.10130319904880107 0.0 0.0 0.0 0.35 0.15505089133001154 0.0 0.10672055488942765 
0.35 0.0 0.0 0.0 0.0 0.0 0.0 0.2312954589512052 0.18359099263007153 0.0 0.13708980020365444 
0.0 0.2533694620411502 0.0 0.0 0.0 0.0 0.0 0.35 0.35 0.0 0.0 
0.3132578124405961 0.0 0.0 0.10880484065431194 0.0 0.0 0.0 0.31706596044284285 0.15753588165769075 0.0 0.10333550480455837 
0.330564787141525 0.0 0.0 0.0 0.0 0.0 0.0 0.35 0.3078105094309006 0.0 0.0 
0.35 0.0 0.0 0.0 0.0 0.0 0.0 0.22342749398451917 0.21077785755111833 0.0 0.1309967079786574 
0.35 0.0 0.0 0.0 0.0 0.0 0.0 0.16772622962280687 0.17675768711051573 0.0 0.15542358703275497 
0.28598888941638106 0.0 0.0 0.10143623832158352 0.0 0.0 0.0 0.35 0.15525451626999867 0.0 0.10686070865699614 
0.33013165000776723 0.0 0.0 0.0 0.0 0.0 0.0 0.35 0.3120382973068393 0.0 0.0 
0.0 0.24237757453180536 0.0 0.0 0.0 0.0 0.0 0.35 0.35 0.0 0.0 
0.31049550183849206 0.0 0.0 0.10473934611377138 0.0 0.0 0.0 0.2974876166899409 0.12745298821387183 0.0 0.11177280750178677 
0.3187426221233819 0.0 0.0 0.1016469787709523 0.0 0.0 0.0 0.2701727161320146 0.1787217914608247 0.0 0.11685451959785778 
0.2635067251290759 0.0 0.0 0.0 0.0 0.0 0.0 0.3468729631212964 0.2885600943915043 0.0 0.10106021735812343 
0.2989206248506687 0.0 0.0 0.0 0.0 0.0 0.0 0.34874072904484876 0.34874072904484876 0.0 0.0 
0.25663157547833265 0.0 0.0 0.0 0.0 0.0 0.0 0.35 0.2918082290025137 0.0 0.10107945967043992 
0.35 0.0 0.0 0.0 0.0 0.0 0.0 0.3262379853620929 0.20406448516067696 0.0 0.11741029089040059 
0.22301533216122363 0.0 0.0 0.0 0.0 0.0 0.0 0.35 0.32407015297883124 0.0 0.10079658443276984 
0.27068485518604196 0.0 0.0 0.0 0.0 0.0 0.0 0.35 0.2677939557713093 0.0 0.10859818032709806 
0.0 0.21622278879249932 0.0 0.0 0.0 0.0 0.0 0.35 0.35 0.0 0.0 
0.26122504584766476 0.0 0.0 0.0 0.0 0.0 0.0 0.35 0.28785115022745206 0.0 0.1001717438294578 
0.3019532899807138 0.0 0.0 0.0 0.0 0.0 0.0 0.35 0.3346722967943223 0.0 0.0 
0.312885118268614 0.0 0.0 0.10800435282080659 0.0 0.0 0.0 0.31748696930031667 0.15774506211167327 0.0 0.1034727165151863 
0.35 0.0 0.0 0.0 0.0 0.0 0.0 0.35 0.2692071800192248 0.0 0.0 
0.31918525069962883 0.0 0.0 0.10422594107852205 0.0 0.0 0.0 0.3051146163123272 0.15053815123624575 0.0 0.12093604067327618 
0.2439842507976026 0.0 0.0 0.0 0.0 0.0 0.0 0.35 0.29691403353836 0.0 0.10147825831366623 
0.0 0.2982568641198415 0.0 0.0 0.0 0.0 0.0 0.35 0.35 0.0 0.0 
0.0 0.29737435648982347 0.0 0.0 0.0 0.0 0.0 0.35 0.3480657949352254 0.0 0.0 
