0.0 0.30000000000000027 0.0 0.0 0.0 0.0 0.0 0.35 0.34999999999999987 0.0 0.0 
0.10467971481543868 0.14943386713625478 0.35 0.20575137029179758 0.0 0.0 0.19013504775650897 0.0 0.0 0.0 0.0 
0.10467971481543868 0.14943386713625478 0.35 0.20575137029179758 0.0 0.0 0.19013504775650897 0.0 0.0 0.0 0.0 
0.0 0.30000000000000027 0.0 0.0 0.0 0.0 0.0 0.35 0.34999999999999987 0.0 0.0 
0.0 0.29999999999999993 0.0 0.0 0.0 0.0 0.0 0.3499999999999999 0.3499999999999999 0.0 0.0 
0.0 0.19957547752836208 0.0 0.0 0.0 0.0 0.100424522471638 0.35 0.35 0.0 0.0 
0.0 0.20227018628814014 0.0 0.0 0.0 0.0 0.11734566247676294 0.3499999999999999 0.3303841512350968 0.0 0.0 
0.11937686450969133 0.1922231419111446 0.30741367633107863 0.19486335141574485 0.0 0.0 0.1861229658323407 0.0 0.0 0.0 0.0 
0.21621492849818139 0.0 0.30401543562776956 0.0 0.0 0.0 0.0 0.2735358236158044 0.10477670185526758 0.10145711040297713 0.0 
0.10070812823205683 0.19929187176794325 0.0 0.0 0.0 0.0 0.0 0.35 0.35 0.0 0.0 
0.1351837799335225 0.11072672930562895 0.31471424607604664 0.10995100379351148 0.0 0.0 0.10406253463825962 0.2253617062530309 0.0 0.0 0.0 
0.12079033563459038 0.10921662682648678 0.3499999999999999 0.1618640766104164 0.0 0.0 0.151165999537187 0.1069629613913194 0.0 0.0 0.0 
0.1372773285396722 0.10856565673570927 0.3260187903544996 0.10845712733129675 0.0 0.0 0.13070677302638706 0.18897432401243502 0.0 0.0 0.0 
0.2112872563250153 0.0 0.251929496669259 0.0 0.0 0.0 0.0 0.3245285620745008 0.11072469028687247 0.1015299946443524 0.0 
0.13299640345776967 0.10036579632838792 0.0 0.0 0.0 0.0 0.0 0.35 0.30676690573765925 0.1098708944761831 0.0 
0.13310638323034923 0.10693688926178031 0.35 0.11350360502343777 0.0 0.0 0.11994970481072885 0.17650341767370384 0.0 0.0 0.0 
0.18889103060147705 0.15154639759832061 0.0 0.0 0.0 0.0 0.0 0.3499999999999999 0.3095625718002023 0.0 0.0 
0.12091838520817404 0.10452010509786917 0.0 0.0 0.0 0.0 0.0 0.3491299746771501 0.3150726850917666 0.11035884992504005 0.0 
0.10173508471913903 0.10798548027144596 0.0 0.0 0.0 0.0 0.0 0.3499999999999999 0.3394416422645453 0.10083779274486974 0.0 
0.1231062202902905 0.1022453325917135 0.32426184335886615 0.10216213889188952 0.0 0.0 0.14602341025543555 0.20220105461180485 0.0 0.0 0.0 
0.21761715669941536 0.0 0.22703341600604043 0.0 0.0 0.0 0.0 0.3243284830683075 0.129307027240798 0.10171391698543858 0.0 
0.15593095125530557 0.10058362845174264 0.0 0.0 0.0 0.0 0.0 0.34577511014525586 0.29548546113474583 0.10222484901294994 0.0 
0.22206872446938933 0.0 0.1938392813323529 0.0 0.0 0.0 0.0 0.35 0.1291420779511528 0.10494991624710515 0.0 
0.2152279688254071 0.0 0.2799441680620925 0.0 0.0 0.0 0.0 0.2972625416127777 0.10708348324389651 0.10048183825582628 0.0 
0.1604624101440291 0.10247902883664126 0.0 0.0 0.0 0.0 0.0 0.35 0.27928285788332924 0.10777570313600046 0.0 
0.21372651492219327 0.0 0.11419556465273546 0.0 0.0 0.0 0.0 0.35 0.21596782855838154 0.10611009186668979 0.0 
0.21796001640646967 0.0 0.28349770616106995 0.0 0.0 0.0 0.0 0.288342175994003 0.1084427729912507 0.10175732844720677 0.0 
0.19634816370458225 0.0 0.12011363395201759 0.0 0.0 0.0 0.0 0.3493347736569545 0.23257297367016536 0.10163045501628043 0.0 
0.2166155526734373 0.112794013524615 0.0 0.0 0.0 0.0 0.0 0.35 0.2043017775977128 0.11628865620423486 0.0 
0.0 0.20990898396074523 0.0 0.0 0.0 0.0 0.10110922299942612 0.35 0.3389817930398285 0.0 0.0 
0.13002662523585795 0.10643837781305181 0.3484734981381532 0.13659427023563184 0.0 0.0 0.14045402032679058 0.13801320825051464 0.0 0.0 0.0 
0.12985996389204596 0.10227715671878437 0.35 0.12987437770623145 0.0 0.0 0.1238982674617081 0.1640902342212301 0.0 0.0 0.0 
0.0 0.19957547752836208 0.0 0.0 0.0 0.0 0.100424522471638 0.35 0.35 0.0 0.0 
0.21723378127242873 0.0 0.1754798282912551 0.0 0.0 0.0 0.0 0.35 0.152173299394052 0.10511309104226423 0.0 
0.11118040396610596 0.10967805154397837 0.34538388819385674 0.13830405107671206 0.0 0.0 0.14675922040580408 0.14869438481354286 0.0 0.0 0.0 
0.20316926081618875 0.0 0.13127816609453052 0.0 0.0 0.0 0.0 0.34981509388766624 0.2143939637375354 0.10134351546407912 0.0 
0.19295369517352357 0.0 0.15210322183134323 0.0 0.0 0.0 0.0 0.3439025525105505 0.21082233102146075 0.10021819946312194 0.0 
0.20477548584235955 0.0 0.1770107187693594 0.0 0.0 0.0 0.0 0.34998713314049884 0.16560956393235254 0.1026170983154296 0.0 
0.11722366923460148 0.10057851956395472 0.0 0.0 0.0 0.0 0.0 0.35 0.32202118146684733 0.11017662973459649 0.0 
0.2033215232113989 0.0 0.13457359529235594 0.0 0.0 0.0 0.0 0.35 0.2056985978041463 0.106406283692099 0.0 
0.13796531204222653 0.10225051684617495 0.0 0.0 0.0 0.0 0.0 0.35 0.29823451773897236 0.11154965337262615 0.0 
0.12420354225872797 0.1717503881883553 0.3329598097909529 0.18518764146664526 0.0 0.0 0.18589861829531856 0.0 0.0 0.0 0.0 
0.2165516302663945 0.0 0.298426994549689 0.0 0.0 0.0 0.0 0.273483392346555 0.10969918768998035 0.10183879514738131 0.0 
0.11270876849113104 0.11264526847493841 0.35 0.15237336318931344 0.0 0.0 0.14847323434795037 0.12379936549666681 0.0 0.0 0.0 
0.21960202891111044 0.0 0.2619636644914931 0.0 0.0 0.0 0.0 0.3124860331971377 0.10395716824631188 0.10199110515394685 0.0 
0.21960202891111044 0.0 0.2619636644914931 0.0 0.0 0.0 0.0 0.3124860331971377 0.10395716824631188 0.10199110515394685 0.0 
0.19648030678097747 0.0 0.11291813164695355 0.0 0.0 0.0 0.0 0.35 0.23572304934205165 0.1048785122300175 0.0 
0.20540751974430954 0.0 0.23775870386827766 0.0 0.0 0.0 0.0 0.34794306007793396 0.10541503672798909 0.10347567958148976 0.0 
0.1622615567030435 0.11564123633766199 0.0 0.0 0.0 0.0 0.0 0.35 0.2552621475411934 0.11683505941810118 0.0 
0.20140311484289303 0.10642404875867213 0.0 0.0 0.0 0.0 0.0 0.35 0.22404048486044265 0.11813235153799227 0.0 
0.21951961063537306 0.11371609646569182 0.0 0.0 0.0 0.0 0.0 0.3466373226887929 0.19500325299168544 0.12512371721845683 0.0 
0.20746933954068725 0.10761615825010891 0.0 0.0 0.0 0.0 0.0 0.35 0.2165593514902304 0.11835515071897358 0.0 
0.16528014816716333 0.1120249213272898 0.0 0.0 0.0 0.0 0.0 0.35 0.26911106634780374 0.10358386415774322 0.0 
0.13869278538178217 0.10808585708010159 0.32226954371303096 0.10190568769377954 0.0 0.0 0.11587495775905864 0.21317116837224717 0.0 0.0 0.0 
0.10850917604472002 0.19153752387693485 0.0 0.0 0.0 0.0 0.0 0.35 0.3499533000783451 0.0 0.0 
0.18604428649146817 0.14625389853248288 0.0 0.0 0.0 0.0 0.0 0.35 0.317701814976049 0.0 0.0 
0.1173563275454265 0.18264367245457344 0.0 0.0 0.0 0.0 0.0 0.35 0.35 0.0 0.0 
0.13058607018950893 0.16941392981049103 0.0 0.0 0.0 0.0 0.0 0.35 0.35 0.0 0.0 
0.1895018793671772 0.10703115020014622 0.0 0.0 0.0 0.0 0.0 0.3481775276296417 0.24483192226216138 0.1104575205408735 0.0 
0.10151188208116083 0.14491167774398736 0.3354341805804964 0.199524892439025 0.0 0.0 0.21861736715533042 0.0 0.0 0.0 0.0 
0.18444522765480872 0.0 0.11219967840585642 0.0 0.0 0.0 0.0 0.35 0.2532749269836341 0.10008016695570085 0.0 
0.11901416974463565 0.11395918939224124 0.35 0.14437731397675788 0.0 0.0 0.1536714246510295 0.11897790223533572 0.0 0.0 0.0 
0.11227896837657453 0.10932390342795584 0.35 0.16516020773820309 0.0 0.0 0.15331646906760577 0.10992045138966085 0.0 0.0 0.0 
0.20873587183954445 0.0 0.16592191189492675 0.0 0.0 0.0 0.0 0.35 0.17074048918670795 0.10460172707882091 0.0 
0.12142027253638549 0.17857972746361467 0.0 0.0 0.0 0.0 0.0 0.35 0.35 0.0 0.0 
0.1702809083337032 0.14548302243746547 0.0 0.0 0.0 0.0 0.0 0.35 0.3342360692288314 0.0 0.0 
0.15090548368719703 0.10166827481446082 0.0 0.0 0.0 0.0 0.0 0.35 0.29630493582533246 0.10112130567300968 0.0 
0.17567717889561546 0.0 0.10911863761061644 0.0 0.0 0.0 0.0 0.35 0.24014960140250793 0.12505458209126014 0.0 
0.25462789026840865 0.10286161787892995 0.0 0.0 0.0 0.0 0.0 0.35 0.17779437610308807 0.11471611574957348 0.0 
0.20711622485115602 0.0 0.14835360205994716 0.0 0.0 0.0 0.0 0.35 0.19213456912366647 0.10239560396523041 0.0 
0.21670198585279346 0.0 0.1862978629005479 0.0 0.0 0.0 0.0 0.35 0.14384834850691958 0.10315180273973909 0.0 
0.1746028712320857 0.10425884213975464 0.0 0.0 0.0 0.0 0.0 0.35 0.2671358820480801 0.1040024045800795 0.0 
0.22513480735281485 0.0 0.13926771083937414 0.0 0.0 0.0 0.0 0.35 0.17424325970723314 0.1113542221005779 0.0 
0.11215058489191236 0.10695733520091845 0.0 0.0 0.0 0.0 0.0 0.35 0.323195632186854 0.10769644772031531 0.0 
0.1336921456699264 0.10371823182278042 0.313162976969078 0.10600986282997962 0.0 0.0 0.12449950134449901 0.21891728136373648 0.0 0.0 0.0 
0.20848688724510844 0.0 0.15835588732869413 0.0 0.0 0.0 0.0 0.35 0.1758393305976465 0.10731789482855093 0.0 
0.18538484658823998 0.12598781042805862 0.0 0.0 0.0 0.0 0.0 0.3481833840322851 0.2394888850375345 0.1009550739138817 0.0 
0.10630605131669336 0.10022022813843119 0.0 0.0 0.0 0.0 0.0 0.35 0.3316308340010901 0.1118428865437853 0.0 
0.19961446351101944 0.0 0.22296137623299048 0.0 0.0 0.0 0.0 0.34688074688431575 0.12828195773407658 0.10226145563759777 0.0 
0.10812409739125382 0.1061967794601572 0.0 0.0 0.0 0.0 0.0 0.35 0.33475804685081423 0.10092107629777479 0.0 
0.13238026770524922 0.10395626916645112 0.35 0.1331140129249688 0.0 0.0 0.13599607863295957 0.14455337157037126 0.0 0.0 0.0 
0.19403470373674306 0.10925503652360931 0.0 0.0 0.0 0.0 0.0 0.35 0.23089968618259415 0.11581057355705358 0.0 
0.1926407739242735 0.12018079936729106 0.0 0.0 0.0 0.0 0.0 0.35 0.2272898701336281 0.10988855657480735 0.0 
0.20503029822395927 0.0 0.15392459946354256 0.0 0.0 0.0 0.0 0.35 0.18968994133387546 0.10135516097862263 0.0 
0.18262063955039665 0.0 0.11542744807855979 0.0 0.0 0.0 0.0 0.35 0.2486384156623038 0.10331349670873982 0.0 
0.1737090934314857 0.12629090656851433 0.0 0.0 0.0 0.0 0.0 0.35 0.35 0.0 0.0 
0.10135143034558175 0.1072851467242351 0.0 0.0 0.0 0.0 0.0 0.35 0.3353995582862893 0.10596386464389393 0.0 
0.2155228652784848 0.0 0.22124187293466804 0.0 0.0 0.0 0.0 0.3484147540185565 0.11367323594889028 0.10114727181940021 0.0 
0.1073922985287609 0.10124428972344698 0.0 0.0 0.0 0.0 0.0 0.35 0.32837770198563854 0.11298570976215362 0.0 
0.10286919303344498 0.2004465757159423 0.0 0.0 0.0 0.0 0.0 0.35 0.34668423125061276 0.0 0.0 
0.1266097013862389 0.1863068810481988 0.0 0.0 0.0 0.0 0.0 0.35 0.3370834175655623 0.0 0.0 
0.16221643916232376 0.13778356083767632 0.0 0.0 0.0 0.0 0.0 0.35 0.35 0.0 0.0 
0.22145890551596026 0.0 0.17857709768356292 0.0 0.0 0.0 0.0 0.35 0.14202213243585504 0.10794186436462179 0.0 
0.1455294830867534 0.1544705169132466 0.0 0.0 0.0 0.0 0.0 0.35 0.35 0.0 0.0 
0.18703878894368675 0.11296121105631343 0.0 0.0 0.0 0.0 0.0 0.35 0.35 0.0 0.0 
0.1390669323074234 0.1631122448268029 0.0 0.0 0.0 0.0 0.0 0.3489104114328868 0.3489104114328868 0.0 0.0 
0.23365434734613272 0.12360677604510667 0.0 0.0 0.0 0.0 0.0 0.35 0.17417564509817407 0.11856323151058654 0.0 
0.13292446767663474 0.10469074690045307 0.3346609578481124 0.1329392216355946 0.0 0.0 0.12682208399577116 0.16796252194343406 0.0 0.0 0.0 
0.16800828019046793 0.1078760373082502 0.0 0.0 0.0 0.0 0.0 0.35 0.25058946347589245 0.12352621902538949 0.0 
0.16800828019046793 0.1078760373082502 0.0 0.0 0.0 0.0 0.0 0.35 0.25058946347589245 0.12352621902538949 0.0 
