0.11365805860265604 0.0 0.0 0.10205817449807332 0.0 0.12755214942733736 0.2662082689614745 0.0 0.10577685997459008 0.0 0.1876140753275324 
0.0 0.18006755242189 0.0 0.0 0.0 0.0 0.0 0.35 0.35 0.0 0.11993225135650275 
0.0 0.0 0.0 0.0 0.0 0.0 0.14008274254548891 0.3499993171351738 0.34998454202802587 0.0 0.1599333982913115 
0.0 0.10333702553448638 0.0 0.0 0.0 0.0 0.0 0.35 0.3316877988740955 0.0 0.20539860774459714 
0.10895658207545206 0.0 0.0 0.0 0.0 0.12253976509293649 0.2847862377745031 0.10490350455850539 0.10097350744648113 0.0 0.18041671468463774 
0.12382368283695204 0.0 0.0 0.10605973969909298 0.0 0.11257954770898303 0.3130296590425777 0.0 0.1480977488077014 0.0 0.19640962190469297 
0.0 0.0 0.0 0.0 0.0 0.0 0.30531522230954095 0.35 0.18977507497431173 0.0 0.1536787232548523 
0.0 0.0 0.0 0.0 0.0 0.0 0.19310725471759 0.34964546601541613 0.3284168058978914 0.0 0.12883047336910244 
0.0 0.0 0.0 0.0 0.0 0.10051857417384925 0.23436590793666698 0.3430547977795947 0.17550875390115925 0.0 0.14590850340826106 
0.11690101045705141 0.0 0.0 0.0 0.0 0.1074656903353507 0.30575828659060594 0.10169344616863746 0.10473504784839052 0.0 0.19235942852252275 
0.0 0.0 0.0 0.0 0.0 0.0 0.31659755283673635 0.3435117242088615 0.1856042519833464 0.0 0.1518470983666645 
0.0 0.0 0.0 0.0 0.0 0.0 0.25652535387242353 0.34373560612732335 0.24627156582810616 0.0 0.14783764958945922 
0.0 0.0 0.0 0.0 0.0 0.0 0.24346220775381072 0.35 0.2601686344849442 0.0 0.14594513199117148 
0.0 0.0 0.0 0.0 0.0 0.10104840367092843 0.27423909410023767 0.3312751855808539 0.13650698537264955 0.0 0.1569303312753303 
0.0 0.0 0.0 0.0 0.0 0.11646723746434197 0.32316286586176995 0.2467511172048705 0.11104975281945906 0.0 0.20256902664955856 
0.10451401622063669 0.0 0.0 0.0 0.0 0.11135467366788808 0.2760428467148395 0.18583202907269009 0.1414342563494423 0.0 0.1771975684268492 
0.12349221605860851 0.0 0.0 0.10918072073796488 0.0 0.13645389675685599 0.2847333660738268 0.0 0.11315892985762308 0.0 0.20052161751152733 
0.0 0.0 0.0 0.0 0.0 0.0 0.19092994434905883 0.34978057593469225 0.3145123632539861 0.0 0.14477711646226277 
0.0 0.0 0.0 0.0 0.0 0.0 0.33381251303146736 0.3463698129523208 0.11840954876322994 0.0 0.20011777008930423 
0.10033286365207543 0.0 0.0 0.0 0.0 0.10223457275794787 0.27476160754375534 0.19214273499073253 0.1415839881592686 0.0 0.18894423289622025 
0.0 0.0 0.0 0.0 0.0 0.10746676239481065 0.28971789292010175 0.26604966078288633 0.14569238941764506 0.0 0.1867548384233266 
0.0 0.16725055355608426 0.0 0.0 0.0 0.0 0.0 0.35 0.35 0.0 0.12803544926168053 
0.0 0.0 0.0 0.0 0.0 0.0 0.17831655125233967 0.3483514959888756 0.3392149636091977 0.0 0.13411698914958697 
0.0 0.0 0.0 0.0 0.0 0.0 0.23337758212096008 0.35 0.26691568214199085 0.0 0.14905438297905027 
0.0 0.0 0.0 0.0 0.0 0.11555930157877707 0.32123426755492146 0.2587776117213772 0.1027714942679528 0.0 0.2016573248769714 
0.0 0.0 0.0 0.0 0.0 0.11384094188219729 0.2964750872042884 0.2642534653968007 0.11266867265719563 0.0 0.20606226716409456 
0.0 0.0 0.0 0.0 0.0 0.0 0.31880938419320526 0.34774044034323887 0.13359444974113452 0.0 0.19985572572242125 
0.0 0.0 0.0 0.0 0.0 0.11398979741887888 0.3367214378783559 0.23837927340324847 0.10354449114918708 0.0 0.2071948414565667 
0.0 0.0 0.0 0.0 0.0 0.10592210137226976 0.24198069467983446 0.35 0.13479644551544523 0.0 0.16677960826369928 
0.0 0.0 0.0 0.0 0.0 0.10769147752263887 0.2836062651221064 0.3110869828849958 0.10016726804116563 0.0 0.19516516081178537 
0.0 0.0 0.0 0.0 0.0 0.10990581762903334 0.28969557449797095 0.2721998325918394 0.1489990097817166 0.0 0.17919976549943972 
0.0 0.0 0.0 0.0 0.0 0.0 0.3082771466571453 0.3395951889399544 0.18344899167302547 0.0 0.16867867272987494 
0.10320689177596089 0.0 0.0 0.0 0.0 0.10551095545409929 0.28336757818288383 0.22062218813391413 0.11227701029202136 0.0 0.17501537616112053 
0.0 0.0 0.0 0.0 0.0 0.0 0.22318632943843017 0.3459521977446325 0.30197561270607476 0.0 0.1288858601108625 
0.11925439332413999 0.0 0.0 0.0 0.0 0.11223073268057994 0.3215691577217641 0.10677391137285705 0.10996746730415015 0.0 0.20196944195142782 
0.0 0.0 0.0 0.0 0.0 0.0 0.18329248900499137 0.34925754661348557 0.32033015959958555 0.0 0.14711980478193748 
0.0 0.0 0.0 0.0 0.0 0.0 0.24395331823145508 0.35 0.2492428608109552 0.0 0.1543721768002084 
0.0 0.0 0.0 0.0 0.0 0.1028292241505474 0.29588926228302076 0.2855681575059495 0.1329053741117283 0.0 0.18280798194875408 
0.11819810175271195 0.0 0.0 0.10450014058453531 0.0 0.1314605706024098 0.272526839745219 0.0 0.10830780378247942 0.0 0.19352143574392883 
0.0 0.0 0.0 0.0 0.0 0.10100075949906746 0.2761878608794717 0.3312238397379686 0.12319432264919056 0.0 0.1683932172343017 
0.10042113872456303 0.0 0.0 0.0 0.0 0.10536670375593207 0.29996933372485207 0.21449480522925807 0.10945664493736816 0.0 0.17029137362802665 
0.0 0.0 0.0 0.0 0.0 0.0 0.18238427643017066 0.35 0.35 0.0 0.11758160523315409 
0.10058628036237002 0.0 0.0 0.0 0.0 0.10024898149703694 0.29511220915733255 0.17773586373273523 0.12058709884822649 0.0 0.2057295664022988 
0.0 0.0 0.0 0.0 0.0 0.0 0.2230723936415994 0.35 0.30805279582587486 0.0 0.11884852346344706 
0.0 0.10346456832659655 0.0 0.0 0.0 0.0 0.0 0.3463400295187636 0.3433922655750486 0.0 0.20680313657959132 
0.0 0.0 0.0 0.0 0.0 0.11933888652828414 0.3316093767042016 0.23476915148837135 0.10254638844562247 0.0 0.21048177194985984 
0.10078619624584015 0.0 0.0 0.0 0.0 0.10605551317898378 0.26487041315304627 0.1783107474195827 0.135709910106708 0.0 0.20942600926905441 
0.0 0.14690773653662126 0.0 0.0 0.0 0.0 0.0 0.34999997015214385 0.3499806667920775 0.0 0.15311162651915752 
0.0 0.14744063503915972 0.0 0.0 0.0 0.0 0.0 0.35 0.35 0.0 0.14837474831149652 
0.0 0.0 0.0 0.0 0.0 0.0 0.3021054961357807 0.35 0.14840797360273508 0.0 0.19879802824247994 
0.0 0.0 0.0 0.0 0.0 0.0 0.24301168828744615 0.34864904284642506 0.24828081388012654 0.0 0.1537763190957479 
0.12003027111659295 0.0 0.0 0.10709998357759691 0.0 0.1339495698558302 0.2793069932528563 0.0 0.11071349559891419 0.0 0.1967001298148607 
0.0 0.0 0.0 0.0 0.0 0.10264513406922016 0.23845368779577977 0.347979009950968 0.1826491676123724 0.0 0.1282730005716595 
0.0 0.0 0.0 0.0 0.0 0.102310949056465 0.2844735054363049 0.32304882914187605 0.1078225661572103 0.0 0.18234415020814393 
0.0 0.0 0.0 0.0 0.0 0.0 0.22565761418428604 0.34833235018851266 0.30656198781719546 0.0 0.1194480478100058 
0.10153329456874993 0.0 0.0 0.0 0.0 0.12328789288725968 0.31646205350928563 0.1469062821452661 0.11475969967814177 0.0 0.19705077721129677 
0.0 0.10433620831226888 0.0 0.0 0.0 0.0 0.0 0.35 0.3348949430174595 0.0 0.2073846408278739 
0.11953310781092157 0.0 0.0 0.0 0.0 0.11146996041018206 0.3093659393410763 0.10408128156326443 0.10709322115434748 0.0 0.1967229773137195 
0.0 0.0 0.0 0.0 0.0 0.0 0.2213485210621589 0.35 0.28075346189524436 0.0 0.1477738307921562 
0.0 0.1010477491394269 0.0 0.0 0.0 0.0 0.0 0.3499779603573431 0.3499779603573431 0.0 0.19899633014588697 
0.0 0.0 0.0 0.0 0.0 0.11431067586007738 0.2849823330002658 0.27897409798209943 0.10363673062878602 0.0 0.20335508407717331 
0.0 0.17686530063867129 0.0 0.0 0.0 0.0 0.0 0.3492290218491869 0.3466264534346079 0.0 0.1272792240775339 
0.12148524468147806 0.0 0.0 0.0 0.0 0.10833080052308439 0.3090455254131894 0.15415538897753095 0.11879965746108404 0.0 0.18818338294363304 
0.0 0.0 0.0 0.0 0.0 0.10216983489378807 0.24047444564929155 0.3343069925251575 0.1699837902971397 0.0 0.1530649366346232 
0.10783945757296397 0.0 0.0 0.0 0.0 0.12443351088921079 0.3085784985368243 0.1348995105111934 0.10511536228078987 0.0 0.206467793653229 
0.0 0.0 0.0 0.0 0.0 0.0 0.3200793725523201 0.3451421415196903 0.13412662791538416 0.0 0.20065185801260538 
0.0 0.0 0.0 0.0 0.0 0.0 0.27926721514910324 0.34790719566017003 0.22425207131659922 0.0 0.14857351787412748 
0.0 0.0 0.0 0.0 0.0 0.0 0.22123940328502642 0.3463787375579534 0.2806150593726648 0.0 0.14770098299603351 
0.0 0.12838316973856553 0.0 0.0 0.0 0.0 0.0 0.35 0.34710994761218117 0.0 0.1744526724528306 
0.12292817135012656 0.0 0.0 0.0 0.0 0.10796351913882736 0.30885709006323736 0.1540613953025533 0.1059458309332021 0.0 0.1963517269691382 
0.0 0.0 0.0 0.0 0.0 0.0 0.18075531969982245 0.35 0.34687399118618556 0.0 0.11653143056372184 
0.12044681318053908 0.0 0.0 0.0 0.0 0.11013279459959373 0.31589812393657085 0.10477797808992549 0.1079118366242401 0.0 0.19819401098572806 
0.12729801400516028 0.0 0.0 0.11254546530284 0.0 0.14158154242344217 0.2935083131474485 0.0 0.11664627534895143 0.0 0.20842038977215765 
0.0 0.0 0.0 0.0 0.0 0.1165527043642102 0.288562767116187 0.2824790464024372 0.1049387919955357 0.0 0.2062188464030218 
0.10074555613981552 0.0 0.0 0.0 0.0 0.11243898286102674 0.3015494074964907 0.1609153128318501 0.12234381423235371 0.0 0.20200692643846324 
0.0 0.0 0.0 0.0 0.0 0.10321979953156205 0.25864345706264014 0.3383938489200933 0.1394403390152368 0.0 0.16030255547046768 
0.0 0.0 0.0 0.0 0.0 0.10707152721167623 0.2778733935686398 0.33310126612391644 0.11260611785800914 0.0 0.1693476952377583 
0.12604183637910338 0.0 0.0 0.0 0.0 0.11820468614136807 0.3296664056138921 0.10576192468792618 0.11292458219524418 0.0 0.20740056498246612 
0.0 0.0 0.0 0.0 0.0 0.0 0.2830353873241317 0.3466722742956238 0.21017756206730742 0.0 0.1484356648587306 
0.0 0.0 0.0 0.0 0.0 0.0 0.23660290499055447 0.35 0.29049776188018533 0.0 0.12033114856517325 
0.0 0.0 0.0 0.0 0.0 0.10000328830566764 0.23533542232185561 0.3348209233709053 0.1800131745542183 0.0 0.1498271914473532 
0.0 0.0 0.0 0.0 0.0 0.0 0.28328765693713215 0.3469812635047166 0.21036489345630924 0.0 0.14856796565716926 
0.1091919701705015 0.0 0.0 0.0 0.0 0.12591026614112164 0.31224065445515037 0.13876391179129421 0.10497507994547974 0.0 0.20891811749645256 
0.10339518369661962 0.0 0.0 0.0 0.0 0.11539614979585554 0.283192680619201 0.1651474165943159 0.12554882173007637 0.0 0.20731974756393143 
0.0 0.0 0.0 0.0 0.0 0.0 0.3023136396870778 0.35 0.14851022319124504 0.0 0.19893499538845552 
0.0 0.12835030287265783 0.0 0.0 0.0 0.0 0.0 0.35 0.34702108537169724 0.0 0.17440801151631985 
0.0 0.0 0.0 0.0 0.0 0.0 0.28100619073331284 0.35 0.22564847180893693 0.0 0.14327175030582973 
0.0 0.0 0.0 0.0 0.0 0.10316595059365154 0.25822841397066965 0.3382173115751024 0.1396906618126819 0.0 0.16069766204789454 
0.1178544267227715 0.0 0.0 0.1155658691222442 0.0 0.12675803580327685 0.3192106650713713 0.0 0.1274694951793978 0.0 0.19314150810093828 
0.0 0.0 0.0 0.0 0.0 0.0 0.1766300347390223 0.34969042068210865 0.34053840661295426 0.0 0.13314113796591487 
0.0 0.0 0.0 0.0 0.0 0.0 0.28646317743095034 0.35 0.21243272119736395 0.0 0.15023334220329218 
0.0 0.0 0.0 0.0 0.0 0.10626856669512726 0.23517932618927975 0.34233364666837435 0.1665239323498979 0.0 0.1496945280973207 
0.0 0.0 0.0 0.0 0.0 0.10044146717423576 0.2709978934115319 0.32271009514874155 0.12090938178007918 0.0 0.18494116248541156 
0.10512293276032982 0.0 0.0 0.0 0.0 0.11109414388098207 0.29045255684553967 0.16935915702296303 0.12691984168440257 0.0 0.19705136780578292 
0.0 0.0 0.0 0.0 0.0 0.10243118341749934 0.23851054080215006 0.34806197638798286 0.18269271549953567 0.0 0.12830358389283206 
0.0 0.0 0.0 0.0 0.0 0.0 0.23721210946850602 0.35 0.2912457346803476 0.0 0.12064097685974082 
0.0 0.0 0.0 0.0 0.0 0.10297857913731984 0.3019960766441903 0.26848452106949533 0.11630215820774407 0.0 0.2102386649412504 
0.0 0.0 0.0 0.0 0.0 0.0 0.28671283526094987 0.35 0.2126178601484524 0.0 0.15036427327284332 
0.12536113970575694 0.0 0.0 0.11146117645711684 0.0 0.1392694063100466 0.29068058668848856 0.0 0.12568066652856263 0.0 0.20754702431002833 
0.12122297206481934 0.0 0.0 0.10830190509550566 0.0 0.13624316830144212 0.2824414949967317 0.0 0.1512286224889432 0.0 0.20056183705255803 
