0.11229588997407937 0.0 0.0 0.0 0.0 0.10761319971223593 0.330417423491974 0.10132201760311237 0.10108164992875589 0.0 0.19512596174614566 
0.0 0.29999999999652577 0.0 0.0 0.0 0.0 0.0 0.35 0.35 0.0 0.0 
0.0 0.0 0.0 0.0 0.0 0.0 0.18292727159880418 0.35 0.35 0.0 0.1170649533742821 
0.0 0.11180111864899864 0.0 0.0 0.0 0.0 0.0 0.35 0.3303740321172845 0.0 0.196896553863934 
0.0 0.2760913869979056 0.0 0.0 0.0 0.0 0.0 0.35 0.35 0.0 0.0 
0.0 0.17756117537837968 0.0 0.0 0.0 0.0 0.0 0.35 0.35 0.0 0.12243709035610034 
0.0 0.2877823262292976 0.0 0.0 0.0 0.0 0.0 0.35 0.35 0.0 0.0 
0.0 0.0 0.0 0.0 0.0 0.10054699805977402 0.23948662214662786 0.3308389558631459 0.18186548212491122 0.0 0.14726194180554097 
0.0 0.0 0.0 0.0 0.0 0.0 0.3122801093197965 0.3367343790640124 0.188768957987554 0.0 0.15999524142999647 
0.0 0.0 0.0 0.0 0.0 0.0 0.24560862670768197 0.3429679019867009 0.26291923538137535 0.0 0.14850423592424172 
0.0 0.0 0.0 0.0 0.0 0.0 0.2588392606892601 0.34866104097677403 0.24082260377204187 0.0 0.15167709456192394 
0.0 0.1466892611697657 0.0 0.0 0.0 0.0 0.0 0.3499777210757887 0.34998188128964536 0.0 0.1533511364648003 
0.0 0.13297894542612915 0.0 0.0 0.0 0.0 0.0 0.35 0.35 0.0 0.15941880312029508 
0.0 0.10753966942564783 0.0 0.0 0.0 0.0 0.0 0.35 0.3472290672701131 0.0 0.19521289247272497 
0.0 0.0 0.0 0.0 0.0 0.10036063553485434 0.22395088142193129 0.3400746562983892 0.19011043127379734 0.0 0.1455033954710279 
0.0 0.0 0.0 0.0 0.0 0.0 0.2914914691623083 0.34426659907917695 0.22210784335101774 0.0 0.14213408840749703 
0.0 0.0 0.0 0.0 0.0 0.0 0.21921193876854778 0.34776810183924795 0.32391065596974533 0.0 0.109109303422459 
0.10018130750460455 0.0 0.0 0.0 0.0 0.13426352902679245 0.287592764725927 0.1871738433278069 0.10460368546416016 0.0 0.18618486995070913 
0.0 0.0 0.0 0.0 0.0 0.10745684048183386 0.29858467137540284 0.2886238909663995 0.11103271586146296 0.0 0.19430188131490087 
0.0 0.2781190962339326 0.0 0.0 0.0 0.0 0.0 0.35 0.35 0.0 0.0 
0.0 0.17014323374662968 0.0 0.0 0.0 0.0 0.0 0.34970344469081416 0.34636446391028874 0.0 0.132270682316783 
0.11207072448815868 0.0 0.0 0.0 0.0 0.10084525753383008 0.32934042744941683 0.10358457228533191 0.10007695095337336 0.0 0.20990385339864887 
0.11588541036597741 0.0 0.0 0.0 0.0 0.11105303864929435 0.34097916426215374 0.10456075989740803 0.10431270890829396 0.0 0.20136313230366273 
0.10161875716201321 0.0 0.0 0.0 0.0 0.10508888951246102 0.28244669290820085 0.20508842707306013 0.12574384806135705 0.0 0.1800133852829078 
0.0 0.0 0.0 0.0 0.0 0.12023642491704947 0.32577560851941934 0.2543222550355359 0.10380010376194987 0.0 0.19523421929208176 
0.0 0.0 0.0 0.0 0.0 0.11989026833902054 0.30894790324822513 0.2612191842952178 0.10301951320973772 0.0 0.20692313090779887 
0.0 0.0 0.0 0.0 0.0 0.0 0.33930203802462233 0.34071602678034607 0.16046903318761885 0.0 0.15951290200741272 
0.0 0.0 0.0 0.0 0.0 0.0 0.24847785039033826 0.3470620125801661 0.2660638658494883 0.0 0.13839627118000727 
0.0 0.2945685908773675 0.0 0.0 0.0 0.0 0.0 0.35 0.35 0.0 0.0 
0.1068880098481248 0.0 0.0 0.0 0.0 0.10186385390832015 0.3138509331261688 0.1864448052774111 0.10562561364575991 0.0 0.18532678419421528 
0.0 0.0 0.0 0.0 0.0 0.10567026556024517 0.21804509112917117 0.3472581453597625 0.19116703363516258 0.0 0.13785946431565857 
0.0 0.0 0.0 0.0 0.0 0.0 0.2498931058122441 0.3498163421109355 0.2687974890040996 0.0 0.13149306307272093 
0.0 0.0 0.0 0.0 0.0 0.11610571316901086 0.2682136546855872 0.2987156325412373 0.11428932714921511 0.0 0.20267567245494958 
0.0 0.11303641396838622 0.0 0.0 0.0 0.0 0.0 0.35 0.33402434886235166 0.0 0.19907207226957063 
0.0 0.0 0.0 0.0 0.0 0.0 0.3257435198661645 0.3323120876424183 0.15163236501578672 0.0 0.19031202747563034 
0.0 0.0 0.0 0.0 0.0 0.0 0.28952643332274686 0.3442592263773052 0.20495332795094953 0.0 0.15782714729588518 
0.0 0.0 0.0 0.0 0.0 0.12560716648344677 0.3246086556092631 0.22801469843017624 0.10781421467127733 0.0 0.2049470885054547 
0.10277249053262714 0.0 0.0 0.0 0.0 0.11051589155811554 0.2950313329528955 0.1925686936236015 0.10730925301158797 0.0 0.19180233832117236 
0.0 0.0 0.0 0.0 0.0 0.0 0.20123356423652466 0.3497856932225116 0.33160445200065464 0.0 0.117376290540309 
0.0 0.0 0.0 0.0 0.0 0.1277391185004969 0.31840910556678 0.23297640295254873 0.11244544719010574 0.0 0.2084299257900687 
0.0 0.0 0.0 0.0 0.0 0.1201863626419652 0.2923419390295485 0.28996221693517416 0.10210708223112006 0.0 0.1954023991621921 
0.11204842655483489 0.0 0.0 0.0 0.0 0.10595227847343056 0.34262330570298094 0.1271688011033191 0.10846270006885082 0.0 0.20374448809658377 
0.0 0.0 0.0 0.0 0.0 0.0 0.3002196776707029 0.35 0.23067677851115723 0.0 0.11294965148668376 
0.0 0.0 0.0 0.0 0.0 0.11441286526594176 0.3118359280121584 0.276033048418707 0.10903418205788996 0.0 0.18576801983404195 
0.0 0.0 0.0 0.0 0.0 0.0 0.22457207749113742 0.34893376694151695 0.3092199011810735 0.0 0.1114833216877702 
0.0 0.0 0.0 0.0 0.0 0.11844086061282717 0.33072175755288996 0.2448179305290738 0.10198479313495991 0.0 0.20403465817024927 
0.0 0.0 0.0 0.0 0.0 0.0 0.19396661078035632 0.35 0.3338897823775064 0.0 0.11958373045805197 
0.10146972589734926 0.0 0.0 0.0 0.0 0.1071907063357499 0.27948212008830436 0.1984039107628666 0.11116758094928475 0.0 0.20228595596644505 
0.0 0.0 0.0 0.0 0.0 0.0 0.31994685912520987 0.34908227038773865 0.17739806673404038 0.0 0.14914544293741666 
0.0 0.0 0.0 0.0 0.0 0.10266207921865146 0.2631461898669471 0.34014775524638247 0.1067098526546757 0.0 0.18733412301334337 
0.0 0.0 0.0 0.0 0.0 0.0 0.24459995130978585 0.35 0.2908411684040121 0.0 0.1130101823191429 
0.0 0.0 0.0 0.0 0.0 0.0 0.21943042740837065 0.35 0.3158376156367989 0.0 0.11250495333934754 
0.0 0.0 0.0 0.0 0.0 0.0 0.2897886329794758 0.3465700440597189 0.2058201809236901 0.0 0.1578211420371153 
0.0 0.0 0.0 0.0 0.0 0.0 0.2872055921670747 0.35 0.2239051617891481 0.0 0.13547019551848613 
0.0 0.0 0.0 0.0 0.0 0.10477249199088612 0.24955673942704137 0.3447551926890576 0.1037579216346146 0.0 0.1971576542584004 
0.0 0.0 0.0 0.0 0.0 0.10966737948502175 0.26917072399635955 0.3279746802299469 0.12560590670657437 0.0 0.16758130958209735 
0.0 0.0 0.0 0.0 0.0 0.10636392636658928 0.25334160079691165 0.34998386579108165 0.14298005712528278 0.0 0.14733054992013472 
0.11070021283500109 0.0 0.0 0.0 0.0 0.10453785859468932 0.3376097287918155 0.14000325356654583 0.10261805193386601 0.0 0.1996224067993414 
0.10967817150984262 0.0 0.0 0.0 0.0 0.10273440659301279 0.35 0.12330388721129028 0.10534096348670012 0.0 0.19713569003138956 
0.11725064872648397 0.0 0.0 0.0 0.0 0.10550633915175821 0.34456258712222143 0.10837226540633108 0.10470252133590305 0.0 0.2196056382573023 
0.0 0.0 0.0 0.0 0.0 0.12244453027468825 0.24268745389518967 0.32878057420006934 0.10572870928155965 0.0 0.20035873234849322 
0.0 0.0 0.0 0.0 0.0 0.0 0.19796172145462992 0.3465536926562937 0.34632905377679574 0.0 0.10915553211228059 
0.11096232026402482 0.0 0.0 0.0 0.0 0.10474475345450183 0.3384090950781199 0.140334742476165 0.1028610230454383 0.0 0.20268806568175007 
0.0 0.0 0.0 0.0 0.0 0.0 0.34028968850288444 0.35 0.12953620872838706 0.0 0.1765841443022672 
0.10490950724008562 0.0 0.0 0.0 0.0 0.11166455552916697 0.29114694533551466 0.20668475157901864 0.1142674311141604 0.0 0.1713268092020538 
0.10748010821935104 0.0 0.0 0.0 0.0 0.10104254934144326 0.32996402342052034 0.14676462797102763 0.11539791859029203 0.0 0.19935077245736588 
0.10578198579388254 0.0 0.0 0.0 0.0 0.10512502256753696 0.3271558551037303 0.14249059096073366 0.11482887696178162 0.0 0.20461766861233485 
0.10529121742024555 0.0 0.0 0.0 0.0 0.11177008534237727 0.29623721639504413 0.16949157682609084 0.11343577367056952 0.0 0.20377413034567257 
0.0 0.0 0.0 0.0 0.0 0.0 0.24150490385928938 0.34951092741456025 0.2882923813209941 0.0 0.11269321940488439 
0.0 0.0 0.0 0.0 0.0 0.0 0.22588013414590494 0.35 0.3110210028765522 0.0 0.11213267445886452 
0.0 0.0 0.0 0.0 0.0 0.11521182913906518 0.28125125057778283 0.30883507968740015 0.10671249731951793 0.0 0.18798934327623387 
0.0 0.0 0.0 0.0 0.0 0.0 0.19787855081469194 0.34637504592079565 0.34618354883361746 0.0 0.10956285443089503 
0.10471179416961324 0.0 0.0 0.0 0.0 0.11665806248871084 0.29460700700923376 0.16855885553360736 0.11281153048743814 0.0 0.2026527503113967 
0.0 0.17954688789300283 0.0 0.0 0.0 0.0 0.0 0.35 0.3473213544673633 0.0 0.12256383085482622 
0.0 0.0 0.0 0.0 0.0 0.0 0.2271004678627885 0.35 0.2977850154869519 0.0 0.12509430788886838 
0.0 0.0 0.0 0.0 0.0 0.12021416061318607 0.27693415070237964 0.3136169548052187 0.11311568640477813 0.0 0.1761190474744374 
0.10072393052184843 0.0 0.0 0.0 0.0 0.11915482094343216 0.29798231593841884 0.1616685679609954 0.11523167943705673 0.0 0.20523868519824842 
0.10568833837382913 0.0 0.0 0.0 0.0 0.11111835886401453 0.32231005212132147 0.1605545557616602 0.10729925007710236 0.0 0.19302944480207232 
0.12569211219215035 0.0 0.0 0.0 0.0 0.10680889215949338 0.33604779789296146 0.12444041725826184 0.10662286814693527 0.0 0.20038791235019762 
0.0 0.0 0.0 0.0 0.0 0.11287678649532608 0.24686153191224242 0.34626435211835166 0.14235802063773145 0.0 0.15163930883634832 
0.0 0.0 0.0 0.0 0.0 0.0 0.31984917797329226 0.34204019353708914 0.14884288316448477 0.0 0.18681098106860186 
0.0 0.0 0.0 0.0 0.0 0.1068394966699702 0.2721750193433543 0.3094852377913554 0.12613392951052227 0.0 0.18536631668479794 
0.1190881580237792 0.0 0.0 0.0 0.0 0.11412223310873962 0.35 0.10286795637317352 0.10719561956184318 0.0 0.20457740629206184 
0.0 0.0 0.0 0.0 0.0 0.10054580116126424 0.22427236412372786 0.34034035201251395 0.19046118550035507 0.0 0.14438029720213882 
0.0 0.10208458492483427 0.0 0.0 0.0 0.0 0.0 0.35 0.3353090076016272 0.0 0.20821498340190986 
0.0 0.0 0.0 0.0 0.0 0.0 0.23941897147592214 0.35 0.2993740603931225 0.0 0.11114730006740835 
0.0 0.0 0.0 0.0 0.0 0.10680831682435855 0.25346190421985737 0.35 0.13372922307448404 0.0 0.15585543716213712 
0.0 0.0 0.0 0.0 0.0 0.0 0.24591871958716008 0.347924180768624 0.27974319493146876 0.0 0.1264139047127472 
0.0 0.0 0.0 0.0 0.0 0.11913477211414526 0.28978404471267166 0.2874384751792934 0.10995001455500308 0.0 0.1936926934388865 
0.10023582116865015 0.0 0.0 0.0 0.0 0.10588723263213427 0.27608352699549676 0.20342159711915786 0.1098157471624257 0.0 0.20455607492213515 
0.0 0.0 0.0 0.0 0.0 0.0 0.24576495095161 0.3482452998443873 0.27956827644839743 0.0 0.12633486032899766 
0.0 0.0 0.0 0.0 0.0 0.11176444441034519 0.26925753705618316 0.32606814596669587 0.12520067694640052 0.0 0.16770919562037534 
0.0 0.0 0.0 0.0 0.0 0.11140566219865121 0.24364418307740898 0.341751485325366 0.1403532990257295 0.0 0.16284537037284433 
0.0 0.0 0.0 0.0 0.0 0.11163202000658994 0.2713315443963107 0.29983822180392367 0.11534683416015991 0.0 0.2018513796330159 
0.0 0.29956199215405893 0.0 0.0 0.0 0.0 0.0 0.34948899085218404 0.34948899085218404 0.0 0.0 
0.0 0.0 0.0 0.0 0.0 0.11114197758242989 0.25640896111403366 0.34632599449328755 0.12412049376763708 0.0 0.16200257304261173 
0.0 0.0 0.0 0.0 0.0 0.1256216730066768 0.28312447493344606 0.2694540948826845 0.11682089067310275 0.0 0.20497886650409 
0.11894487703175782 0.0 0.0 0.0 0.0 0.11398492687239452 0.349991470417569 0.10333280002886873 0.10706664708493156 0.0 0.20667927856447849 
0.0 0.0 0.0 0.0 0.0 0.11691247640393236 0.30127436487517323 0.258265727061285 0.12176378403879473 0.0 0.20178364762081474 
0.0 0.0 0.0 0.0 0.0 0.10637852634723657 0.2866476192082852 0.3181389336182056 0.1296919760621552 0.0 0.15914294476411733 
