0.0 0.30000000000000004 0.0 0.0 0.0 0.0 0.0 0.35 0.35 0.0 0.0 
0.0 0.18259010131422654 0.0 0.0 0.26694527551294095 0.0 0.1004646231728326 0.35 0.1 0.0 0.0 
0.0 0.18259010131422654 0.0 0.0 0.26694527551294095 0.0 0.1004646231728326 0.35 0.1 0.0 0.0 
0.0 0.30000000000000004 0.0 0.0 0.0 0.0 0.0 0.35 0.35 0.0 0.0 
0.0 0.2345631242934459 0.0 0.0 0.1744844199636829 0.0 0.1 0.35 0.1409524557428712 0.0 0.0 
0.0 0.23593544105657646 0.0 0.0 0.16285184720268342 0.0 0.1 0.35 0.15121271174074014 0.0 0.0 
0.0 0.20588892817843069 0.0 0.0 0.10045565657743173 0.0 0.1 0.35 0.24365541524413756 0.0 0.0 
0.0 0.25563102612407623 0.0 0.0 0.0 0.0 0.1 0.35 0.2943689738759238 0.0 0.0 
0.0 0.21394017150247766 0.0 0.0 0.1 0.0 0.10640143232052757 0.35 0.22965839617699482 0.0 0.0 
0.0 0.2379647913027771 0.0 0.0 0.1993314112830981 0.0 0.1 0.35 0.11270379741412487 0.0 0.0 
0.0 0.26316570645393567 0.0 0.0 0.0 0.0 0.1 0.35 0.2868342935460643 0.0 0.0 
0.0 0.27291859587692713 0.0 0.0 0.1 0.0 0.11029659410777491 0.35 0.16678481001529794 0.0 0.0 
0.0 0.22400154759075444 0.0 0.0 0.19754866464813473 0.0 0.1 0.35 0.12844978776111085 0.0 0.0 
0.0 0.2971708188500888 0.0 0.0 0.0 0.0 0.15460639140691232 0.35 0.19822278974299895 0.0 0.0 
0.0 0.28512074800707765 0.0 0.0 0.1246283056501576 0.0 0.0 0.35 0.24025094634276475 0.0 0.0 
0.0 0.268098157484544 0.0 0.0 0.1345468124833783 0.0 0.0 0.35 0.24735503003207768 0.0 0.0 
0.0 0.23461003305384034 0.0 0.0 0.1564500869796991 0.0 0.1 0.35 0.1589398799664606 0.0 0.0 
0.0 0.3395077345464762 0.0 0.0 0.0 0.0 0.0 0.35 0.3104922654535238 0.0 0.0 
0.0 0.29656846709677326 0.0 0.0 0.0 0.0 0.1 0.35 0.2534315329032267 0.0 0.0 
0.0 0.26996714680763956 0.0 0.0 0.11245143888779914 0.0 0.1 0.35 0.16758141430456125 0.0 0.0 
0.0 0.28638208372361573 0.0 0.0 0.12056419685348263 0.0 0.0 0.35 0.24305371942290172 0.0 0.0 
0.0 0.25732113354098096 0.0 0.0 0.1 0.0 0.11450940627390048 0.35 0.17816946018511864 0.0 0.0 
0.0 0.2232207319240299 0.0 0.0 0.0 0.0 0.1 0.35 0.3267792680759701 0.0 0.0 
0.0 0.22240756874461515 0.0 0.0 0.18708189196676062 0.0 0.1 0.35 0.14051053928862425 0.0 0.0 
0.0 0.22756774970905913 0.0 0.0 0.1 0.0 0.10215138388922014 0.35 0.22028086640172087 0.0 0.0 
0.0 0.302010780725138 0.0 0.0 0.0 0.0 0.1307503802562173 0.35 0.21723883901864466 0.0 0.0 
0.0 0.22644668816443483 0.0 0.0 0.1906636126972459 0.0 0.1 0.35 0.1328896991383193 0.0 0.0 
0.0 0.19644399013735192 0.0 0.0 0.22354955855317074 0.0 0.1 0.35 0.13000645130947738 0.0 0.0 
0.0 0.24311815986710242 0.0 0.0 0.0 0.0 0.1 0.35 0.30688184013289765 0.0 0.0 
0.0 0.29186801158529463 0.0 0.0 0.0 0.0 0.13291160148504164 0.35 0.22522038692966367 0.0 0.0 
0.0 0.3059324936279611 0.0 0.0 0.0 0.0 0.15797526086529928 0.35 0.18609224550673967 0.0 0.0 
0.0 0.18561857203619694 0.0 0.0 0.25125688517127553 0.0 0.1 0.35 0.11312454279252761 0.0 0.0 
0.0 0.20008868241651734 0.0 0.0 0.2187708994891694 0.0 0.1 0.35 0.13114041809431337 0.0 0.0 
0.0 0.21425863179539603 0.0 0.0 0.0 0.0 0.1 0.35 0.335741368204604 0.0 0.0 
0.0 0.24901386169437534 0.0 0.0 0.1 0.0 0.10464751428689212 0.35 0.19633862401873264 0.0 0.0 
0.0 0.2361301299205934 0.0 0.0 0.1 0.0 0.10886122816742232 0.35 0.20500864191198426 0.0 0.0 
0.0 0.29539975203925384 0.0 0.0 0.11454028565025877 0.0 0.0 0.35 0.2400599623104874 0.0 0.0 
0.0 0.27062952797489864 0.0 0.0 0.0 0.0 0.1 0.35 0.2793704720251014 0.0 0.0 
0.0 0.2510905729994364 0.0 0.0 0.0 0.0 0.1 0.35 0.2989094270005637 0.0 0.0 
0.0 0.3115048352904286 0.0 0.0 0.0 0.0 0.0 0.35 0.33849516470957136 0.0 0.0 
0.0 0.3166847096116642 0.0 0.0 0.0 0.0 0.0 0.35 0.33331529038833585 0.0 0.0 
0.0 0.24731071118780718 0.0 0.0 0.0 0.0 0.1 0.35 0.30268928881219287 0.0 0.0 
0.0 0.3065058832163605 0.0 0.0 0.0 0.0 0.1 0.35 0.24349411678363952 0.0 0.0 
0.0 0.2851226145183925 0.0 0.0 0.0 0.0 0.1 0.35 0.2648773854816075 0.0 0.0 
0.0 0.19449906192185323 0.0 0.0 0.2542337943499202 0.0 0.1 0.35 0.10126714372822652 0.0 0.0 
0.0 0.24528357691058006 0.0 0.0 0.164083427664919 0.0 0.1 0.35 0.1406329954245009 0.0 0.0 
0.0 0.23098654444654107 0.0 0.0 0.0 0.0 0.1 0.35 0.3190134555534589 0.0 0.0 
0.0 0.3256044177686793 0.0 0.0 0.0 0.0 0.0 0.35 0.3243955822313207 0.0 0.0 
0.0 0.2171077499694848 0.0 0.0 0.0 0.0 0.1 0.35 0.3328922500305152 0.0 0.0 
0.0 0.28491684482144064 0.0 0.0 0.11514502252364671 0.0 0.0 0.35 0.24993813265491266 0.0 0.0 
0.0 0.23469795452986264 0.0 0.0 0.0 0.0 0.1 0.35 0.3153020454701374 0.0 0.0 
0.0 0.19304683202927803 0.0 0.0 0.23434064122470305 0.0 0.1 0.35 0.12261252674601897 0.0 0.0 
0.0 0.3213832034125654 0.0 0.0 0.0 0.0 0.0 0.35 0.3286167965874347 0.0 0.0 
0.0 0.24546814694883118 0.0 0.0 0.1672295028080552 0.0 0.1 0.35 0.13730235024311366 0.0 0.0 
0.0 0.2568999137629364 0.0 0.0 0.1 0.0 0.10659802720093974 0.35 0.18650205903612385 0.0 0.0 
0.0 0.3092531041914393 0.0 0.0 0.0 0.0 0.13242587313721024 0.35 0.2083210226713504 0.0 0.0 
0.0 0.2740907597928466 0.0 0.0 0.12633565196191843 0.0 0.1 0.35 0.14957358824523503 0.0 0.0 
0.0 0.21296943939710106 0.0 0.0 0.10104017964798678 0.0 0.1 0.35 0.23599038095491218 0.0 0.0 
0.0 0.29749988648793924 0.0 0.0 0.0 0.0 0.14874033015910404 0.35 0.20375978335295677 0.0 0.0 
0.0 0.3462118602761466 0.0 0.0 0.0 0.0 0.0 0.35 0.30378813972385343 0.0 0.0 
0.0 0.267713235179429 0.0 0.0 0.0 0.0 0.1 0.35 0.282286764820571 0.0 0.0 
0.0 0.2790461051645697 0.0 0.0 0.1140469432206207 0.0 0.0 0.35 0.2569069516148097 0.0 0.0 
0.0 0.31557928985008576 0.0 0.0 0.0 0.0 0.1114210963158316 0.35 0.22299961383408268 0.0 0.0 
0.0 0.2628916682194769 0.0 0.0 0.11664085536979105 0.0 0.1 0.35 0.17046747641073212 0.0 0.0 
0.0 0.22568519704027495 0.0 0.0 0.1040124067470534 0.0 0.1 0.35 0.22030239621267173 0.0 0.0 
0.0 0.2920227942524586 0.0 0.0 0.0 0.0 0.1 0.35 0.25797720574754146 0.0 0.0 
0.0 0.32168957388895725 0.0 0.0 0.0 0.0 0.15199183583332732 0.35 0.17631859027771546 0.0 0.0 
0.0 0.18539963901296339 0.0 0.0 0.2357307280524857 0.0 0.1 0.35 0.1288696329345509 0.0 0.0 
0.0 0.2484185939977914 0.0 0.0 0.12511442495617067 0.0 0.1 0.35 0.176466981046038 0.0 0.0 
0.0 0.2409678297092571 0.0 0.0 0.1337658615940566 0.0 0.1 0.35 0.17526630869668633 0.0 0.0 
0.0 0.18139011076556888 0.0 0.0 0.2459973624884122 0.0 0.1 0.35 0.12261252674601897 0.0 0.0 
0.0 0.25548438731078194 0.0 0.0 0.1420231825852135 0.0 0.1 0.35 0.1524924301040046 0.0 0.0 
0.0 0.31456043117075516 0.0 0.0 0.0 0.0 0.1 0.35 0.2354395688292449 0.0 0.0 
0.0 0.2776754179709564 0.0 0.0 0.0 0.0 0.1 0.35 0.27232458202904364 0.0 0.0 
0.0 0.23852881369578335 0.0 0.0 0.0 0.0 0.1 0.35 0.3114711863042166 0.0 0.0 
0.0 0.23371140716206576 0.0 0.0 0.15184483187284725 0.0 0.1 0.35 0.16444376096508706 0.0 0.0 
0.0 0.2776754179709564 0.0 0.0 0.0 0.0 0.1 0.35 0.27232458202904364 0.0 0.0 
0.0 0.3318663592499817 0.0 0.0 0.0 0.0 0.0 0.35 0.3181336407500184 0.0 0.0 
0.0 0.2558658257197516 0.0 0.0 0.10305368091330827 0.0 0.1 0.35 0.19108049336694027 0.0 0.0 
0.0 0.23363347762208336 0.0 0.0 0.15486597858642848 0.0 0.1 0.35 0.16150054379148812 0.0 0.0 
0.0 0.22498869414901193 0.0 0.0 0.0 0.0 0.1 0.35 0.32501130585098803 0.0 0.0 
0.0 0.3070927533709872 0.0 0.0 0.0 0.0 0.0 0.35 0.34290724662901284 0.0 0.0 
0.0 0.35 0.0 0.0 0.0 0.0 0.0 0.35 0.29999999999999993 0.0 0.0 
0.0 0.25691532277902596 0.0 0.0 0.13825178678743946 0.0 0.1 0.35 0.1548328904335347 0.0 0.0 
0.0 0.18139011076556888 0.0 0.0 0.2459973624884122 0.0 0.1 0.35 0.12261252674601897 0.0 0.0 
0.0 0.28775437238482965 0.0 0.0 0.0 0.0 0.1 0.35 0.26224562761517034 0.0 0.0 
0.0 0.182282496965663 0.0 0.0 0.25681184612933505 0.0 0.1 0.35 0.11090565690500193 0.0 0.0 
0.0 0.31113291268804066 0.0 0.0 0.0 0.0 0.1758924154827482 0.35 0.1629746718292111 0.0 0.0 
0.0 0.32405789744849023 0.0 0.0 0.0 0.0 0.1 0.35 0.22594210255150982 0.0 0.0 
0.0 0.3039256802455107 0.0 0.0 0.0 0.0 0.0 0.35 0.3460743197544893 0.0 0.0 
0.0 0.2162847356757018 0.0 0.0 0.19063088635367328 0.0 0.1 0.35 0.14308437797062493 0.0 0.0 
0.0 0.25238235051987146 0.0 0.0 0.12756245544083727 0.0 0.1 0.35 0.17005519403929137 0.0 0.0 
0.0 0.21296943939710106 0.0 0.0 0.10104017964798678 0.0 0.1 0.35 0.23599038095491218 0.0 0.0 
0.0 0.23511772650064616 0.0 0.0 0.10236399956004699 0.0 0.1 0.35 0.2125182739393069 0.0 0.0 
0.0 0.2601092495638174 0.0 0.0 0.12280752878399864 0.0 0.1 0.35 0.16708322165218395 0.0 0.0 
0.0 0.30679276098624964 0.0 0.0 0.0 0.0 0.167755072973121 0.35 0.1754521660406294 0.0 0.0 
0.0 0.3314328467762957 0.0 0.0 0.0 0.0 0.0 0.35 0.3185671532237043 0.0 0.0 
0.0 0.2891771107989095 0.0 0.0 0.0 0.0 0.1515038399017359 0.35 0.2093190492993547 0.0 0.0 
0.0 0.22457596761949158 0.0 0.0 0.1489153737516299 0.0 0.1 0.35 0.17650865862887852 0.0 0.0 
0.0 0.3053716437851537 0.0 0.0 0.0 0.0 0.11525049076116707 0.35 0.2293778654536792 0.0 0.0 
