-0.010175008133170203 0.0068842680850799125 
8.720322637263042E-4 6.516043283294905E-5 
8.720322637263042E-4 6.516043283294905E-5 
-0.010175008133170203 0.0068842680850799125 
6.913232776937116E-4 7.184617381694698E-5 
-0.0019229254290881368 7.242135824943121E-5 
-0.005420867222992901 1.9472017680941968E-4 
-0.00482953050751236 1.7003031640681768E-4 
-0.010070989803913305 0.0062542879070529075 
-0.0076868897145233915 6.366604467206392E-4 
-0.00964699121731782 0.00471396553272333 
-0.006421638868301896 2.616133798239955E-4 
-0.010006908650843334 0.005882886713406926 
-0.009273515620158424 0.0030236948620258235 
-0.009798011437578137 0.004821871629015135 
-0.010106434676495711 0.006465188816340573 
-0.008775027929205287 0.001529198834387699 
-0.009294530612884934 0.003180089104545137 
-0.002698411428374799 8.626011550627664E-5 
-0.006061573456385032 2.5371036263435227E-4 
-0.008548833158795323 0.0011632457709331242 
-0.009452362100807235 0.003823510053418603 
-0.009072942174720808 0.002308293205939762 
-0.009935575199082525 0.005484429973613032 
-0.01004271221653819 0.006088827026742551 
-0.00934189840061418 0.003295187403911328 
-0.0024771486819760696 7.755824286867938E-5 
-0.00863463652273121 0.0012497527962634534 
-0.00924067207307154 0.002879674617826412 
-0.0038890657477827786 1.2122651899318198E-4 
-0.004260432576245883 1.3136519635765086E-4 
-0.00902868105291702 0.0021875002497901462 
-0.006604527027515512 2.7855910482378133E-4 
-0.008300294102679667 7.984974089115639E-4 
-0.007829440361265901 6.830960325661538E-4 
-0.009124227839553443 0.0024661544815508868 
-0.004146113559612692 1.27752018262309E-4 
-0.0029491191805729113 8.721169332231544E-5 
-0.007960043664667035 7.131060086037487E-4 
-0.009573169278245688 0.004345316001410265 
-0.0100210828667336 0.0059958171234956 
-0.009971864531897025 0.005685164296083756 
-0.009616993444395412 0.004550558312829151 
-0.008682373081420957 0.0013634330518612187 
-0.009971079202892003 0.005680777019527947 
-0.00842768166642563 9.147953884270861E-4 
-0.009526452623359528 0.004171703361891691 
-0.00940059603019728 0.003537520650905287 
-0.008868381602374494 0.001733168133340127 
-0.009142954386805374 0.002651074008458165 
-0.004538517098490429 1.4350605397705607E-4 
-0.0020308855718795763 7.336040386009309E-5 
-0.009522402432560431 0.004076118681477581 
-0.007154338939517273 4.60887061569548E-4 
-0.0072199142697049815 4.661007005774166E-4 
-0.009554013204828567 0.0042759425205925175 
-0.005513074084072641 1.9869495240635804E-4 
-0.010156860038201229 0.006771939055477222 
-0.009861858197906123 0.005089238232485978 
-0.009358176559889016 0.0034271831354240334 
-0.008900807613308883 0.0018090350322976314 
-0.008331061564930754 8.808395399585022E-4 
-0.008502871833071853 0.001033084664967242 
-0.003324110927171945 9.944486704481984E-5 
-0.009616993444395412 0.004550558312829151 
-0.009082578061309049 0.002445097019776055 
-0.006865235304139615 3.046027593584085E-4 
-0.009481265949874765 0.003949665577965327 
-0.009862782047749149 0.005150199964599931 
-0.009160028707740762 0.002660861592166793 
-0.004785636218447761 1.6079001779259832E-4 
-0.009431656243238516 0.0036853646864970823 
-0.008946359172227117 0.0019393493611100108 
-0.009838249311288265 0.004966235317341837 
-0.0037362018921101615 1.2014888905830732E-4 
-0.003072284642094736 9.336001840471491E-5 
-0.008171046633634804 7.341661428740334E-4 
-0.0070753959528114686 3.426073345521233E-4 
-0.004572561586195663 1.4758528394778043E-4 
-0.0074661149203311804 4.71133292152235E-4 
-0.009823519165003035 0.004933751674222327 
-0.009418661944852132 0.0036638968139694594 
-0.00991167232406685 0.0053984630435963896 
-0.008484265228221176 0.00100883919381841 
-0.00708481017977965 3.447354216482184E-4 
-0.009217562062509023 0.0027883279254233887 
-0.0032150639893795264 9.637124870327219E-5 
-0.005900107144698899 2.2156574943249434E-4 
-0.009896409758058295 0.00527236856376 
-0.00572396375445843 2.0992048658784762E-4 
-0.008965036549523379 0.001966291971075557 
-0.009486793361008657 0.0039878751892109005 
-0.008150940219017308 7.180344736318738E-4 
-0.0036165127807818585 1.1214196719508963E-4 
-0.008810265972922603 0.0016107766391465408 
-0.00868207431279189 0.0013633231249159255 
-0.009892806189921326 0.005253837417715969 
-0.008988843490652713 0.002088939114533099 
-0.002256406349705981 7.54224842784952E-5 
-0.010127196457278158 0.006590533073861831 
