0.0 0.3000000000000002 0.0 0.0 0.0 0.0 0.0 0.3499999999999999 0.3499999999999999 0.0 0.0 
0.0 0.3000000000000002 0.0 0.0 0.0 0.0 0.0 0.3499999999999999 0.3499999999999999 0.0 0.0 
0.18039594617485497 0.0 0.10467031044278229 0.20630001005499157 0.0 0.10505097740422087 0.2870622830388539 0.11652047288429655 0.0 0.0 0.0 
0.0 0.3374254870068002 0.0 0.0 0.0 0.2012827109522314 0.0 0.34999225740535583 0.11129954463561258 0.0 0.0 
0.10217245862156728 0.26848577057450496 0.0 0.0 0.0 0.0 0.0 0.3496102636396059 0.27973150716432194 0.0 0.0 
0.0 0.3490699240831504 0.0 0.0 0.0 0.0 0.0 0.35 0.3009300759168497 0.0 0.0 
0.1005892508341103 0.30174129616403217 0.0 0.0 0.0 0.0 0.0 0.35 0.2476694530018575 0.0 0.0 
0.10379751718343587 0.3146479369452977 0.0 0.0 0.0 0.0 0.0 0.35 0.23155454587126648 0.0 0.0 
0.19387519619545618 0.0 0.10419696979289149 0.2083127353813907 0.0 0.0 0.3385373223518022 0.15507777627845948 0.0 0.0 0.0 
0.20501789029133655 0.35 0.0 0.0 0.0 0.0 0.0 0.34423081371997893 0.10075129598868449 0.0 0.0 
0.0 0.30473112224069854 0.0 0.0 0.0 0.0 0.0 0.35 0.34526887775930143 0.0 0.0 
0.0 0.3404445357053893 0.0 0.0 0.0 0.0 0.0 0.35 0.3095554642946109 0.0 0.0 
0.13853320632669266 0.35 0.0 0.0 0.0 0.0 0.0 0.35 0.16146679367330743 0.0 0.0 
0.18864266173409838 0.10152986081658873 0.1162007729453359 0.10132591369780765 0.0 0.0 0.27485142915422084 0.21744936165194864 0.0 0.0 0.0 
0.0 0.33333697445007077 0.0 0.0 0.0 0.0 0.0 0.35 0.3166630255499293 0.0 0.0 
0.15362678290451212 0.28316088703452563 0.0 0.0 0.0 0.0 0.21321233006096227 0.35 0.0 0.0 0.0 
0.10302867903849283 0.3445026965760558 0.0 0.0 0.0 0.0 0.0 0.34818069426418613 0.2042879301212653 0.0 0.0 
0.16311613972181568 0.35 0.0 0.0 0.0 0.0 0.0 0.35 0.13688386027818433 0.0 0.0 
0.18599898566323195 0.1456065231302324 0.10312892979550713 0.0 0.0 0.0 0.3386435679260244 0.22662199348500406 0.0 0.0 0.0 
0.1020627867784959 0.35 0.0 0.0 0.0 0.0 0.0 0.35 0.19793721322150415 0.0 0.0 
0.1003851508520652 0.2733152201851563 0.0 0.0 0.0 0.0 0.0 0.34993957594817565 0.27636005301460276 0.0 0.0 
0.11466527043882901 0.3022087800293286 0.0 0.0 0.0 0.0 0.0 0.35 0.23312594953184237 0.0 0.0 
0.1768738149243333 0.3485353968591061 0.0 0.0 0.0 0.0 0.0 0.3485353968591061 0.1260553913574545 0.0 0.0 
0.0 0.35 0.0 0.0 0.0 0.0 0.0 0.35 0.3 0.0 0.0 
0.11889266067362798 0.3096555936793243 0.0 0.0 0.0 0.0 0.0 0.35 0.22145174564704773 0.0 0.0 
0.0 0.3287167260475916 0.0 0.0 0.0 0.0 0.0 0.35 0.32128327395240847 0.0 0.0 
0.20706521844019643 0.0 0.10390611722481556 0.16921465533784188 0.0 0.10433619344342399 0.28510906450880275 0.13036875104491932 0.0 0.0 0.0 
0.17110732649759114 0.15885021188425788 0.0 0.0 0.0 0.0 0.3286469459250444 0.34139551569310667 0.0 0.0 0.0 
0.35 0.31062594004877137 0.0 0.0 0.0 0.0 0.0 0.3393740599512286 0.0 0.0 0.0 
0.17020114352527663 0.3333545290832704 0.0 0.0 0.0 0.0 0.0 0.35 0.146444327391453 0.0 0.0 
0.21373826229832005 0.1478577446711469 0.0 0.0 0.0 0.0 0.35 0.2884039930305331 0.0 0.0 0.0 
0.20963459455554867 0.12329727800762069 0.12997682174013472 0.0 0.0 0.0 0.329393956167752 0.207697349528944 0.0 0.0 0.0 
0.19350164298141007 0.1443399261814669 0.1525472265187159 0.0 0.0 0.0 0.30698613201217356 0.20262507230623364 0.0 0.0 0.0 
0.0 0.31850119779999736 0.0 0.0 0.0 0.0 0.0 0.35 0.3314988022000026 0.0 0.0 
0.19912965280926345 0.10427146877189056 0.10332253506211493 0.1329938004681962 0.0 0.0 0.29723541053608077 0.16304713235245413 0.0 0.0 0.0 
0.10837963441457378 0.35 0.0 0.0 0.0 0.0 0.0 0.35 0.19162036558542628 0.0 0.0 
0.10598172293935172 0.2770775187877779 0.0 0.0 0.0 0.0 0.0 0.35 0.2669407582728704 0.0 0.0 
0.0 0.3137089721669531 0.0 0.0 0.0 0.0 0.0 0.35 0.33629102783304693 0.0 0.0 
0.0 0.3277161434328339 0.0 0.0 0.0 0.0 0.0 0.34893463311290557 0.32334922345426054 0.0 0.0 
0.19876829497958795 0.10404124705478879 0.10143728432961681 0.1300607967751279 0.0 0.0 0.2956663344810104 0.17002604237986818 0.0 0.0 0.0 
0.0 0.3081236835012318 0.0 0.0 0.0 0.0 0.0 0.35 0.3418763164987681 0.0 0.0 
0.223780536825543 0.17053984162495095 0.0 0.0 0.0 0.0 0.3448795452642951 0.2608000762852109 0.0 0.0 0.0 
0.18998299771212662 0.1520756925073058 0.11491317238056646 0.0 0.0 0.0 0.2985877139151168 0.2444404234848842 0.0 0.0 0.0 
0.10188682846081756 0.3080612319229457 0.0 0.0 0.0 0.0 0.0 0.3491782624957825 0.24087367712045435 0.0 0.0 
0.1433813098372682 0.2206635936578748 0.0 0.0 0.0 0.0 0.28595509650485706 0.35 0.0 0.0 0.0 
0.0 0.30136554338063026 0.0 0.0 0.0 0.0 0.0 0.35 0.34863445661936987 0.0 0.0 
0.10223117503752552 0.2869603592628267 0.0 0.0 0.0 0.0 0.0 0.34974690701630323 0.2610615586833446 0.0 0.0 
0.18973920910994752 0.35 0.0 0.0 0.0 0.0 0.0 0.35 0.11026079089005254 0.0 0.0 
0.0 0.31769223843871147 0.0 0.0 0.0 0.0 0.0 0.35 0.33230776156128855 0.0 0.0 
0.1721282784674738 0.10441572733999946 0.10076976435893444 0.10907682711946336 0.0 0.0 0.3276658395317789 0.18594356318235006 0.0 0.0 0.0 
0.0 0.3233223465689813 0.0 0.0 0.0 0.0 0.0 0.3499903610323411 0.32668729239867766 0.0 0.0 
0.11702443577808098 0.32080567907655433 0.0 0.0 0.0 0.0 0.0 0.35 0.21216988514536478 0.0 0.0 
0.12100862923035625 0.10962859165709135 0.10920323129246017 0.11781826244754012 0.0 0.0 0.33053274295986207 0.21180854241269004 0.0 0.0 0.0 
0.24169195510863506 0.1421519203183729 0.0 0.0 0.0 0.0 0.3475627405653121 0.2685933840076799 0.0 0.0 0.0 
0.17365443231131114 0.10534151632165782 0.10166322686601476 0.10893306166328279 0.0 0.0 0.33057104769947754 0.179836715138256 0.0 0.0 0.0 
0.0 0.3358433130936666 0.0 0.0 0.0 0.0 0.0 0.35 0.3141566869063334 0.0 0.0 
0.20851286512793923 0.1555373437492949 0.0 0.0 0.0 0.0 0.33119677134634523 0.30475301977642055 0.0 0.0 0.0 
0.13500800069678215 0.35 0.0 0.0 0.0 0.0 0.0 0.35 0.16499199930321795 0.0 0.0 
0.11994025605186862 0.35 0.0 0.0 0.0 0.0 0.0 0.35 0.1800597439481315 0.0 0.0 
0.11629463837287429 0.31897469394876427 0.0 0.0 0.0 0.0 0.0 0.3495773887164962 0.2151532789618652 0.0 0.0 
0.22155847142052637 0.1374623459033002 0.10964008083788401 0.0 0.0 0.0 0.2695741612338524 0.2617649406044369 0.0 0.0 0.0 
0.10188682846081756 0.3080612319229457 0.0 0.0 0.0 0.0 0.0 0.3491782624957825 0.24087367712045435 0.0 0.0 
0.11807910309181081 0.3143150853247521 0.0 0.0 0.0 0.0 0.0 0.34766941386162736 0.21993639772180976 0.0 0.0 
0.1882058263213296 0.1393353810509706 0.1137787753160852 0.0 0.0 0.0 0.3432654043692907 0.2154146129423239 0.0 0.0 0.0 
0.17143085387713589 0.10481182176516164 0.10314554757924471 0.12124975283594293 0.0 0.0 0.34991383226913775 0.14944819167337703 0.0 0.0 0.0 
0.0 0.3097502303426159 0.0 0.0 0.0 0.0 0.0 0.35 0.3402497696573842 0.0 0.0 
0.0 0.3382985079638641 0.0 0.0 0.0 0.0 0.0 0.35 0.31170149203613584 0.0 0.0 
0.20516635812569792 0.34952928940885236 0.0 0.0 0.0 0.0 0.0 0.34448009539662106 0.10082425706882868 0.0 0.0 
0.19179445991931265 0.10200578204294031 0.10042989334835449 0.11900347344242779 0.0 0.0 0.3442946814958095 0.14247170975115536 0.0 0.0 0.0 
0.16689176144878431 0.3420328822774288 0.0 0.0 0.0 0.0 0.0 0.3461270048832768 0.14494835139051013 0.0 0.0 
0.1022595244237874 0.2912080493643161 0.0 0.0 0.0 0.0 0.0 0.35 0.2565324262118965 0.0 0.0 
0.21465070653233712 0.3194595893667971 0.0 0.0 0.0 0.0 0.0 0.35 0.11588970410086584 0.0 0.0 
0.0 0.3128562390246031 0.0 0.0 0.0 0.0 0.0 0.34904861949672367 0.3380951414786734 0.0 0.0 
0.0 0.3445574727786147 0.0 0.0 0.0 0.20518512982792558 0.0 0.3428709899987786 0.10738640739468114 0.0 0.0 
0.10568218205718198 0.27912074691954336 0.0 0.0 0.0 0.0 0.0 0.35 0.2651970710232747 0.0 0.0 
0.1670189388067655 0.10338659735311315 0.1032354626427191 0.10654627033084582 0.0 0.0 0.32006406895848316 0.19974866190807336 0.0 0.0 0.0 
0.12871559666039994 0.3487165884339001 0.0 0.0 0.0 0.0 0.0 0.35 0.17256781490570006 0.0 0.0 
0.19520534326894654 0.10069040837747037 0.10006939729255872 0.1409173008073101 0.0 0.0 0.3283703063576398 0.13474724389607434 0.0 0.0 0.0 
0.30000000000000027 0.35 0.0 0.0 0.0 0.0 0.0 0.35 0.0 0.0 0.0 
0.10206222368661547 0.28576418928478725 0.0 0.0 0.0 0.0 0.0 0.3491689012133246 0.26300468581527275 0.0 0.0 
0.10244688036591051 0.2754260008611495 0.0 0.0 0.0 0.0 0.0 0.35 0.2721271187729401 0.0 0.0 
0.18891325002750278 0.14025407910882168 0.10595425361768043 0.0 0.0 0.0 0.3465869676684511 0.21829144957754407 0.0 0.0 0.0 
0.20046167424501687 0.15032463965796633 0.0 0.0 0.0 0.0 0.3236421161341374 0.3255715699628794 0.0 0.0 0.0 
0.23201958223623434 0.17307186056218785 0.0 0.0 0.0 0.0 0.35 0.24490855720157786 0.0 0.0 0.0 
0.19572328211807105 0.10095757050202889 0.10033491168677734 0.14129119705102777 0.0 0.0 0.32924157215248656 0.1324514664896083 0.0 0.0 0.0 
0.34489317096137473 0.33128429127118303 0.0 0.0 0.0 0.0 0.0 0.32382253776744224 0.0 0.0 0.0 
0.19710903126496163 0.0 0.12097558842934256 0.21286810237776654 0.0 0.0 0.33184311298051355 0.13720416494741583 0.0 0.0 0.0 
0.11301745623541855 0.35 0.0 0.0 0.0 0.0 0.0 0.35 0.1869825437645815 0.0 0.0 
0.10418034684708873 0.33724102246472026 0.0 0.0 0.0 0.0 0.0 0.35 0.20857863068819096 0.0 0.0 
0.35 0.3276747779560832 0.0 0.0 0.0 0.0 0.0 0.3223252220439169 0.0 0.0 0.0 
0.1045878952920334 0.2899012046877048 0.0 0.0 0.0 0.0 0.0 0.35 0.25551090002026194 0.0 0.0 
0.11190681018281946 0.2880786736215719 0.0 0.0 0.0 0.0 0.0 0.34933271550757533 0.2506818006880333 0.0 0.0 
0.10244688036591051 0.2754260008611495 0.0 0.0 0.0 0.0 0.0 0.35 0.2721271187729401 0.0 0.0 
0.12846195119276213 0.35 0.0 0.0 0.0 0.0 0.0 0.35 0.1715380488072378 0.0 0.0 
0.23201958223623434 0.17307186056218785 0.0 0.0 0.0 0.0 0.35 0.24490855720157786 0.0 0.0 0.0 
0.19801427875252994 0.10514250315879028 0.10219409003674831 0.0 0.0 0.0 0.31797103859289993 0.27667808945903166 0.0 0.0 0.0 
0.10379561668890439 0.33715024600677884 0.0 0.0 0.0 0.0 0.0 0.35 0.20905413730431668 0.0 0.0 
0.11081264105411935 0.2884335989772978 0.0 0.0 0.0 0.0 0.0 0.34976310848585285 0.2509906514827301 0.0 0.0 
0.18615786477749097 0.1576524418308485 0.0 0.0 0.0 0.0 0.3383599306801383 0.31782976271152225 0.0 0.0 0.0 
0.22518012622370542 0.1679700611109829 0.0 0.0 0.0 0.0 0.31276278691309906 0.2940870257522125 0.0 0.0 0.0 
