-0.017609275760070896 7.814526095630626E-4 
-0.01002392040624144 1.858382911121677E-5 
-0.01002392040624144 1.858382911121677E-5 
-0.017382739801106002 6.132389163362003E-4 
-0.01760927576007089 7.814526095630618E-4 
-0.016992276106681362 4.5410887880703257E-4 
-0.013404286650526254 8.52771598036377E-5 
-0.01733883112246099 5.860741375722584E-4 
-0.01706875371743173 4.863711064654069E-4 
-0.016985047819807236 4.170753210694165E-4 
-0.01721864119525071 5.207512689888814E-4 
-0.010244024948962156 1.9474912100897004E-5 
-0.017056658988572986 4.620806569976759E-4 
-0.012204165993228003 5.5907533532141324E-5 
-0.014123351736087385 1.1454491936898934E-4 
-0.012062704876995043 5.4390288146743004E-5 
-0.016120123200260315 2.584631625288711E-4 
-0.0131510175261067 7.723223329495395E-5 
-0.014913682699828363 1.577563723710808E-4 
-0.017298657975841278 5.627676799305915E-4 
-0.0147998776973765 1.4858668949187853E-4 
-0.014450051888707145 1.291022848167676E-4 
-0.01148608126529974 3.481974753472207E-5 
-0.011920137563011211 4.850602690659407E-5 
-0.01676628176456155 3.479360191652843E-4 
-0.016923030346763516 3.719971869301588E-4 
-0.016500902454483775 3.077743201706649E-4 
-0.015269173346501628 1.8526406595786973E-4 
-0.017362661022282656 6.030657872441488E-4 
-0.011642219162740691 3.923861800032616E-5 
-0.014275879118840092 1.2150479341148581E-4 
-0.016609341499599823 3.254068789020271E-4 
-0.01237126530026978 5.994781175854664E-5 
-0.014621450416647648 1.3913248316819933E-4 
-0.015558945629825226 2.1235260171224548E-4 
-0.015139886986792337 1.791319238460276E-4 
-0.01387507370272541 1.0398948761290486E-4 
-0.01543596588795143 1.9653393194224634E-4 
-0.015499847404065011 2.0285736511154904E-4 
-0.015350015940595544 1.8973857444333042E-4 
-0.014717110151753102 1.431760650967918E-4 
-0.011103511616382079 2.8062059258673906E-5 
-0.017120266062759553 5.004373684766663E-4 
-0.016036233072988872 2.50135786364664E-4 
-0.015006027747870436 1.627047053765193E-4 
-0.011823083108960858 4.4873764918813784E-5 
-0.017254495112213008 5.388526709552713E-4 
-0.010797995402842266 2.420506819271702E-5 
-0.012744752799772593 6.72060609119946E-5 
-0.012852149788754152 7.132205779004539E-5 
-0.01670911875170632 3.3836999303521746E-4 
-0.013542484782662411 8.997682595355126E-5 
-0.012534951589337963 6.439917654589293E-5 
-0.016210089154519644 2.684154984494925E-4 
-0.01728752222415659 5.565689949820387E-4 
-0.015666883869393723 2.1543666686358977E-4 
-0.01040330824392027 2.0696068770470106E-5 
-0.012658790277280474 6.529083696712608E-5 
-0.013027166450503521 7.376204712262113E-5 
-0.011730646890614257 4.156762585872629E-5 
-0.013792097138962983 9.958176161341367E-5 
-0.016416158241213605 2.956351726819917E-4 
-0.016855736904413207 3.6053115704983113E-4 
-0.016653483782142337 3.3438733076022976E-4 
-0.011251700576697974 3.056779916055417E-5 
-0.010913847418275158 2.5622079163141692E-5 
-0.016984065685459182 4.112303973699678E-4 
-0.017185454509135202 5.050459983978723E-4 
-0.014227695819693988 1.2040447967207781E-4 
-0.011367802623282344 3.272963728193007E-5 
-0.016837105018550312 3.5753931341240403E-4 
-0.016980655325218866 3.94862001177163E-4 
-0.01726102427975086 5.422757811764865E-4 
-0.010683703739251161 2.3035650881864504E-5 
-0.012946506751931095 7.187105955754186E-5 
-0.015730329344203056 2.1936866678137453E-4 
-0.016268986143168584 2.7574846553878724E-4 
-0.015926436957556075 2.436432082096995E-4 
-0.013581856826379031 9.223830629303417E-5 
-0.013993659553928162 1.0767351917087041E-4 
-0.015896928475181933 2.343027299545261E-4 
-0.014514874374503734 1.3386110867551483E-4 
-0.015119749418707631 1.7180600310297975E-4 
-0.013676183877731167 9.590140475345368E-5 
-0.01597740307394437 2.46031894419086E-4 
-0.015035477019429823 1.7168253056490344E-4 
-0.013993659553928162 1.0767351917087041E-4 
-0.015788563007716833 2.2311653213820872E-4 
-0.016550982974779884 3.1384390557955244E-4 
-0.013135397597265333 7.676474396634735E-5 
-0.010467514893565476 2.110844574524734E-5 
-0.015824578414902202 2.2657373649297E-4 
-0.010550389693789264 2.1790076504730346E-5 
-0.0136898825248229 9.900578972083342E-5 
-0.016969826028357553 3.8093651014714237E-4 
-0.01632519276534096 2.8232167555520616E-4 
-0.015843856377244364 2.3334901106716606E-4 
-0.010610045452682734 2.247116430070158E-5 
-0.011298922119433584 3.1401738548419666E-5 
-0.016979446840805004 3.9052520192933335E-4 
