-0.014376763121341365 4.2232773941764865E-4 
-0.007868458887972262 1.40597478167079E-5 
-0.014376763121341365 4.2232773941764865E-4 
-0.007868458887972262 1.40597478167079E-5 
-0.014166187567328396 3.620895976109914E-4 
-0.014168355815642188 3.840954911996973E-4 
-0.013978058388931918 3.270961073102862E-4 
-0.012521553552643347 1.6521043075142663E-4 
-0.013913758988469836 3.1674058269184224E-4 
-0.014071350846810542 3.447520055732435E-4 
-0.012364689457318586 1.5465734746801787E-4 
-0.012624439804862926 1.7161894645689073E-4 
-0.010726258475172437 6.417079683623169E-5 
-0.012254712991119441 1.4800404689511312E-4 
-0.010494062160048964 5.476818876467018E-5 
-0.008608334101407936 1.9121542727006147E-5 
-0.012441471987497838 1.5864788579341078E-4 
-0.008495883231784556 1.7149377355044183E-5 
-0.013657585482081071 2.7911524634134747E-4 
-0.010850332136878992 6.893822527663111E-5 
-0.009344833992172353 2.7143795648975E-5 
-0.013067009251412675 2.1304621486186646E-4 
-0.013882779017215767 3.0974825994325766E-4 
-0.009950521308122781 4.253297331244872E-5 
-0.009454345584237802 2.988771532638775E-5 
-0.012838726882753582 1.926809233834871E-4 
-0.013509082213850523 2.5576482719321406E-4 
-0.013225501311490449 2.269688345326109E-4 
-0.011015572721513343 7.398279768522999E-5 
-0.011679438015373697 1.1147786368050246E-4 
-0.013567333382741588 2.6326677926239735E-4 
-0.011376867602739761 9.067412135946227E-5 
-0.011990053541773857 1.2885272176151765E-4 
-0.013156811982335629 2.221122096023474E-4 
-0.008922768855042779 2.2000237476143292E-5 
-0.011062541925587721 7.94381683930039E-5 
-0.011621740639416907 1.097884262077962E-4 
-0.012079601461307439 1.3370550664598148E-4 
-0.013626640495672557 2.710117103016821E-4 
-0.009861504724843166 3.910493355449068E-5 
-0.011932876210011248 1.264239048531043E-4 
-0.011563043790268297 1.0262982278003965E-4 
-0.010886784077988265 7.345588552091839E-5 
-0.0106229993611563 5.909758769560615E-5 
-0.01222185149453546 1.4288866804338518E-4 
-0.009011439493082325 2.32297258509003E-5 
-0.01412071967415449 3.561892773132596E-4 
-0.009567740563739154 3.106297221916915E-5 
-0.013996265123665159 3.362548572771937E-4 
-0.010245952134134678 4.73295534690025E-5 
-0.014356070861969304 4.18264885391514E-4 
-0.013096005775136092 2.1861317108059404E-4 
-0.013421833514197316 2.51165596531509E-4 
-0.012677089714213514 1.77758839335207E-4 
-0.01010474972661449 4.5788177160150214E-5 
-0.0137186002881214 2.848618986567884E-4 
-0.011289409673071533 8.678347399661319E-5 
-0.012764559692202927 1.8611557260793672E-4 
-0.00799833756340058 1.4170454146474535E-5 
-0.009776784251532252 3.783042236100572E-5 
-0.014035610489585447 3.384257878654949E-4 
-0.012977735823161482 2.0719623896826546E-4 
-0.010083973773803882 4.3366152420725724E-5 
-0.012148446097164702 1.3929763388327546E-4 
-0.009224691919664244 2.5391712973031452E-5 
-0.013287051169755969 2.314395854357018E-4 
-0.01375555679159685 2.914615055857211E-4 
-0.01039509349120637 5.292261636284751E-5 
-0.014274171256739174 4.027614523898981E-4 
-0.009135487308457334 2.3994800228463803E-5 
-0.01142931859465713 9.47942107020108E-5 
-0.008200403090910033 1.4779358122973203E-5 
-0.013334815733449426 2.362041238599493E-4 
-0.014319081400171057 4.1114872114268833E-4 
-0.013390417777302047 2.4245584100619525E-4 
-0.011766901537857236 1.1761710818644706E-4 
-0.01147622170566405 9.660725941292502E-5 
-0.010649999292651717 6.0379382634466564E-5 
-0.014213417286912298 3.9185629433456215E-4 
-0.011505226329596259 1.0164952517619997E-4 
-0.013594099810599714 2.673387042274323E-4 
-0.009697566273482974 3.5923755209970814E-5 
-0.012707523612261311 1.8061065634199458E-4 
-0.014308951003505063 4.092325951002959E-4 
-0.00879609962451808 2.0308672669446036E-5 
-0.01286688134945698 1.9747821862563193E-4 
-0.014232107661283876 3.95157146729895E-4 
-0.008090799652931852 1.4386997364129186E-5 
-0.01286688134945698 1.9747821862563193E-4 
-0.00833984677106642 1.5716092882618582E-5 
-0.008775275993695673 2.0078521416459725E-5 
-0.011169677364386822 8.060912870169442E-5 
-0.01418349815713775 3.8667228524975146E-4 
-0.013835156068850395 3.0337071399654E-4 
-0.01035763069213306 5.076361219835134E-5 
-0.0102905658827225 4.901872967050949E-5 
-0.01185624963797385 1.2166310476391814E-4 
-0.014258792379068005 3.999530459040659E-4 
-0.00833984677106642 1.5716092882618582E-5 
-0.013472802003063018 2.515181267258279E-4 
