0.0 0.30000000000000016 0.0 0.0 0.0 0.0 0.0 0.35 0.35 0.0 0.0 
0.20167524912967996 0.0 0.0 0.2339903866828763 0.1966384054767875 0.0 0.0 0.179962264468606 0.18773369424205028 0.0 0.0 
0.0 0.30000000000000016 0.0 0.0 0.0 0.0 0.0 0.35 0.35 0.0 0.0 
0.20167524912967996 0.0 0.0 0.2339903866828763 0.1966384054767875 0.0 0.0 0.179962264468606 0.18773369424205028 0.0 0.0 
0.10001401597394699 0.19998598402605308 0.0 0.0 0.0 0.0 0.0 0.35 0.35 0.0 0.0 
0.0 0.3352677011811052 0.0 0.0 0.0 0.0 0.0 0.35 0.3147322988188948 0.0 0.0 
0.11435757323955603 0.21236800806855366 0.0 0.0 0.0 0.0 0.0 0.35 0.3232744186918904 0.0 0.0 
0.16449915522393624 0.19967800502660307 0.0 0.10756045426750543 0.0 0.0 0.0 0.35 0.17826238548195525 0.0 0.0 
0.12367284331049452 0.21061480013138703 0.0 0.0 0.0 0.0 0.0 0.35 0.31571235655811847 0.0 0.0 
0.11357675120868023 0.1976396291543504 0.0 0.0 0.0 0.0 0.0 0.35 0.3387836196369694 0.0 0.0 
0.1502597899008031 0.18118056126857696 0.0 0.142082402558805 0.0 0.0 0.0 0.34787794870852756 0.17859929756328732 0.0 0.0 
0.1444780839486038 0.21922267240761803 0.0 0.1020456596954405 0.0 0.0 0.0 0.35 0.1842535839483376 0.0 0.0 
0.1436474411297289 0.11417377090188612 0.0 0.17942889667411507 0.1028185033840948 0.0 0.0 0.31934731462466226 0.1405840732855129 0.0 0.0 
0.14698771418182005 0.199011274365362 0.0 0.138988398635238 0.0 0.0 0.0 0.34030251558772884 0.1747100972298511 0.0 0.0 
0.15654061461724683 0.101014232665966 0.0 0.17725581729749268 0.12254502544255684 0.0 0.0 0.32533146704095767 0.11731284293577995 0.0 0.0 
0.19018332594281065 0.0 0.0 0.20579836593275452 0.20304661729048337 0.0 0.0 0.23289240365106592 0.16807928718288556 0.0 0.0 
0.1641994843739229 0.21193702140052548 0.0 0.10851655796703326 0.0 0.0 0.0 0.35 0.16534693625851837 0.0 0.0 
0.19177664952812157 0.0 0.0 0.23727352254791734 0.17412600203787554 0.0 0.0 0.21149803948718385 0.1853257863989017 0.0 0.0 
0.14869273050781115 0.22003135070824348 0.0 0.0 0.0 0.0 0.0 0.35 0.28127591878394537 0.0 0.0 
0.14958504763345604 0.15548305114743216 0.0 0.12989455100506525 0.11732178216667001 0.0 0.0 0.3314319855672621 0.11628358248011442 0.0 0.0 
0.17602787925431645 0.10902333515519765 0.0 0.17603748098870348 0.14390369353918867 0.0 0.0 0.24686984714508656 0.1481377639175073 0.0 0.0 
0.1450187179166663 0.32495459178566494 0.0 0.0 0.0 0.0 0.0 0.35 0.18002669029766882 0.0 0.0 
0.10811141110962347 0.2369632947776106 0.0 0.0 0.0 0.0 0.0 0.35 0.30492529411276587 0.0 0.0 
0.18373824138099362 0.12556246429695497 0.0 0.16741706718292906 0.10273190926525486 0.0 0.0 0.2578022391349328 0.1627480787389347 0.0 0.0 
0.17753046155333901 0.12143186478070035 0.0 0.1781859738885097 0.1286606352034774 0.0 0.0 0.2470481638385769 0.14714290073539654 0.0 0.0 
0.13377426840604886 0.1992846585585626 0.0 0.1010288287513881 0.0 0.0 0.0 0.35 0.21591224428400035 0.0 0.0 
0.12668458428052823 0.27501136542689825 0.0 0.0 0.0 0.0 0.0 0.35 0.24830405029257369 0.0 0.0 
0.11777563608081135 0.33508348282219075 0.0 0.0 0.0 0.0 0.0 0.35 0.197140881096998 0.0 0.0 
0.1598556663389308 0.1091163049307208 0.0 0.16319659398685382 0.10006662264566976 0.0 0.0 0.34086385915458306 0.1269009529432417 0.0 0.0 
0.1405772203538841 0.11225628376933877 0.0 0.11933377824574172 0.1007105655406636 0.0 0.0 0.35 0.17712215209037188 0.0 0.0 
0.12738715151821 0.2642009290568905 0.0 0.0 0.0 0.0 0.0 0.35 0.2584119194248995 0.0 0.0 
0.15110434423086921 0.13386160418198215 0.0 0.1259396696937547 0.10161816638977955 0.0 0.0 0.34900819583745457 0.1384680196661599 0.0 0.0 
0.1385544209315018 0.20396851601887048 0.0 0.17555448961607026 0.0 0.0 0.0 0.35 0.13192257343355746 0.0 0.0 
0.16849611748189772 0.2779154255660034 0.0 0.0 0.0 0.0 0.0 0.35 0.20358845695209898 0.0 0.0 
0.16338146067117748 0.10170865851239455 0.0 0.18544427973573252 0.15973500816330632 0.0 0.0 0.21773378445150557 0.17199680846588353 0.0 0.0 
0.16205905971981957 0.1321714729946018 0.0 0.10419915287627127 0.13501390155659837 0.0 0.0 0.35 0.11655641285270917 0.0 0.0 
0.13334783378184806 0.11957542957578464 0.0 0.1147324620468157 0.10628471223239358 0.0 0.0 0.3450068272668881 0.18105273509626993 0.0 0.0 
0.14294030191640392 0.2083565050851248 0.0 0.16121181461125464 0.0 0.0 0.0 0.35 0.1374913783872167 0.0 0.0 
0.10835899610933977 0.2799725065890593 0.0 0.0 0.0 0.0 0.0 0.35 0.261668497301601 0.0 0.0 
0.14588101884300486 0.12093330865909853 0.0 0.17767933852425405 0.13345464749995692 0.0 0.0 0.27254529511253855 0.14950639136114707 0.0 0.0 
0.14147880061507706 0.22210395283076154 0.0 0.16498052773172736 0.0 0.0 0.0 0.3454996733173902 0.12593704550504392 0.0 0.0 
0.14491229714288734 0.11833442225764386 0.0 0.12366361904169718 0.10072886595968539 0.0 0.0 0.35 0.16236079559808622 0.0 0.0 
0.146802482414358 0.10262003966431982 0.0 0.1330215271742153 0.13100690530868794 0.0 0.0 0.322877694875188 0.16367135056323084 0.0 0.0 
0.15105987213605374 0.12316449636457297 0.0 0.17371293526134163 0.11012914828299167 0.0 0.0 0.32566581762349034 0.11626773033154957 0.0 0.0 
0.13752999592030318 0.20572589460714255 0.0 0.15327607729584275 0.0 0.0 0.0 0.35 0.15346803217671154 0.0 0.0 
0.1924308606602144 0.0 0.0 0.23690595653691368 0.16770732229943522 0.0 0.0 0.2624573614099529 0.14049849909348372 0.0 0.0 
0.12160924157129645 0.17839075842870356 0.0 0.0 0.0 0.0 0.0 0.35 0.35 0.0 0.0 
0.1745920314669107 0.10531996238023501 0.0 0.1785868108906551 0.13316889987352515 0.0 0.0 0.25455010728660243 0.15378218810207164 0.0 0.0 
0.13836991172362564 0.17586198093709582 0.0 0.0 0.0 0.0 0.0 0.3493940981681375 0.3363740091711411 0.0 0.0 
0.16111984964914855 0.1000944177896944 0.0 0.18597317128089033 0.11620605219963985 0.0 0.0 0.299600958304596 0.13700555077603094 0.0 0.0 
0.0 0.3035016450975527 0.0 0.0 0.0 0.0 0.0 0.35 0.3464983549024473 0.0 0.0 
0.17674271023503912 0.2757571136713053 0.0 0.0 0.0 0.0 0.0 0.34910691900270824 0.1983932570909473 0.0 0.0 
0.16914903851840757 0.23218163440919143 0.0 0.0 0.0 0.0 0.0 0.35 0.24866932707240103 0.0 0.0 
0.1440253488621026 0.19634373080620726 0.0 0.11025128485693587 0.0 0.0 0.0 0.35 0.19937963547475432 0.0 0.0 
0.1603989438453877 0.13663498334828753 0.0 0.1676476861720254 0.10662187432658675 0.0 0.0 0.2685840837586099 0.16011242854910263 0.0 0.0 
0.12737225163493474 0.2386230138873068 0.0 0.0 0.0 0.0 0.0 0.35 0.28400473447775854 0.0 0.0 
0.1602889986693509 0.12454014099542195 0.0 0.12526522191884482 0.10756867657108607 0.0 0.0 0.35 0.13233696184529636 0.0 0.0 
0.13393906433201233 0.19729162278978513 0.0 0.10908655413094354 0.0 0.0 0.0 0.35 0.20968275874725903 0.0 0.0 
0.20064378646174624 0.0 0.0 0.23177028151409457 0.19573118164366093 0.0 0.0 0.19018308520010524 0.181671665180393 0.0 0.0 
0.15238340652624024 0.13903181108601043 0.0 0.16584290788045636 0.1286765140645531 0.0 0.0 0.2584708519904506 0.15559450845228934 0.0 0.0 
0.11764579041578391 0.19816896402043108 0.0 0.0 0.0 0.0 0.0 0.35 0.3341852455637851 0.0 0.0 
0.1523159659080536 0.3301646465478488 0.0 0.0 0.0 0.0 0.0 0.35 0.16751938754409768 0.0 0.0 
0.1690088364064541 0.10475376967586925 0.0 0.17216489677705152 0.12020338097582928 0.0 0.0 0.2805090475760218 0.15336006858877407 0.0 0.0 
0.13468859804169578 0.22987183687684884 0.0 0.1446653688964861 0.0 0.0 0.0 0.3447456933110993 0.14602850287387 0.0 0.0 
0.16592392810544918 0.10842179327384817 0.0 0.1833655420667511 0.15258376138200289 0.0 0.0 0.24630243364152488 0.1434025415304239 0.0 0.0 
0.13745471879969604 0.29797704861497043 0.0 0.0 0.0 0.0 0.0 0.35 0.2145682325853335 0.0 0.0 
0.13327189128236358 0.22436739468188513 0.0 0.0 0.0 0.0 0.0 0.35 0.29236071403575137 0.0 0.0 
0.15457695793413798 0.12014206788496362 0.0 0.1549909135448978 0.12352104225337632 0.0 0.0 0.2988139895545802 0.14795502882804407 0.0 0.0 
0.0 0.31736109591870576 0.0 0.0 0.0 0.0 0.0 0.35 0.3326389040812944 0.0 0.0 
0.1745471183889664 0.10725919439231148 0.0 0.1819713400744168 0.14631667160183873 0.0 0.0 0.2307047094492282 0.1592009660932384 0.0 0.0 
0.16564245845402242 0.11899328500772356 0.0 0.1164066610835679 0.10354510629267341 0.0 0.0 0.35 0.14541248916201274 0.0 0.0 
0.19888493996945011 0.0 0.0 0.23672219312545625 0.18478677057574466 0.0 0.0 0.2003415729217544 0.17926452340759455 0.0 0.0 
0.13594233436773417 0.291945337475127 0.0 0.0 0.0 0.0 0.0 0.35 0.22211232815713894 0.0 0.0 
0.0 0.3097611823108669 0.0 0.0 0.0 0.0 0.0 0.35 0.34023881768913317 0.0 0.0 
0.11633705748986667 0.3091266525821008 0.0 0.0 0.0 0.0 0.0 0.35 0.22453628992803257 0.0 0.0 
0.15555656184069705 0.20193200073820644 0.0 0.18282692666250827 0.0 0.0 0.0 0.3473035139827848 0.11238099677580336 0.0 0.0 
0.15055696191710194 0.1233784601872591 0.0 0.12484884370330819 0.10068138256621702 0.0 0.0 0.35 0.15053435162611373 0.0 0.0 
0.16538558996794062 0.11289099022506174 0.0 0.16884209109014944 0.10352825021081496 0.0 0.0 0.31806221187191985 0.1312908666341134 0.0 0.0 
0.0 0.32764217913808585 0.0 0.0 0.0 0.0 0.0 0.35 0.32235782086191406 0.0 0.0 
0.13680804724803247 0.11807264025580305 0.0 0.11734577811452031 0.11299020261886196 0.0 0.0 0.3479713465769814 0.16681198518580068 0.0 0.0 
0.13305456220793505 0.2519846954428169 0.0 0.0 0.0 0.0 0.0 0.35 0.26496074234924805 0.0 0.0 
0.16567632458545145 0.13687791884488104 0.0 0.15938222110618067 0.12660725696917824 0.0 0.0 0.24859324139806152 0.16286303709624717 0.0 0.0 
0.14470914641030902 0.194150860729404 0.0 0.10806545207094409 0.0 0.0 0.0 0.35 0.20307454078934306 0.0 0.0 
0.0 0.3114754974653368 0.0 0.0 0.0 0.0 0.0 0.35 0.3385245025346632 0.0 0.0 
0.17936338097447 0.10528004370248427 0.0 0.1975131950705987 0.14523251233711565 0.0 0.0 0.21101283091757905 0.16159803699775227 0.0 0.0 
0.13886832093506493 0.1807981448629302 0.0 0.10486233393833229 0.0 0.0 0.0 0.35 0.22547120026367257 0.0 0.0 
0.0 0.3244793027883901 0.0 0.0 0.0 0.0 0.0 0.35 0.3255206972116098 0.0 0.0 
0.199242452299489 0.0 0.0 0.2315341424186466 0.19281534364502623 0.0 0.0 0.1946618593496741 0.18174620228716418 0.0 0.0 
0.13886832093506493 0.1807981448629302 0.0 0.10486233393833229 0.0 0.0 0.0 0.35 0.22547120026367257 0.0 0.0 
0.19474356519882624 0.0 0.0 0.2259480145507313 0.18987984050010215 0.0 0.0 0.20814739089639875 0.18128118885394157 0.0 0.0 
0.1739630435173712 0.10239957436941731 0.0 0.17874855167123788 0.1644693950953009 0.0 0.0 0.21033547941795402 0.17008395592871875 0.0 0.0 
0.14982398908061084 0.12076405892193713 0.0 0.15106334151225204 0.10162516138093498 0.0 0.0 0.3453123186485232 0.13141113045574176 0.0 0.0 
0.0 0.3327052402670976 0.0 0.0 0.0 0.0 0.0 0.35 0.31729475973290244 0.0 0.0 
0.12549811685587078 0.2214407579914996 0.0 0.0 0.0 0.0 0.0 0.35 0.3030611251526297 0.0 0.0 
0.1635111927644375 0.10158002057160778 0.0 0.17389137343439987 0.11793078409014025 0.0 0.0 0.30404764001722046 0.13903898912219417 0.0 0.0 
0.16291719283984324 0.10497855939338382 0.0 0.15912992746160748 0.13288553472504594 0.0 0.0 0.3046575374085694 0.13543124817155025 0.0 0.0 
0.15195391648103848 0.1991127200734712 0.0 0.17989116101145367 0.0 0.0 0.0 0.34885642119425625 0.12018578123978042 0.0 0.0 
0.0 0.31996358463851304 0.0 0.0 0.0 0.0 0.0 0.35 0.330036415361487 0.0 0.0 
0.19474356519882624 0.0 0.0 0.2259480145507313 0.18987984050010215 0.0 0.0 0.20814739089639875 0.18128118885394157 0.0 0.0 
0.13156640254696994 0.2745296877250264 0.0 0.0 0.0 0.0 0.0 0.35 0.24390390972800366 0.0 0.0 
