0.0 0.3000000000000002 0.0 0.0 0.0 0.0 0.0 0.35 0.35 0.0 0.0 
0.20033750067961967 0.0 0.0 0.24824394540045508 0.1878724811365553 0.0 0.0 0.1844397562901835 0.17910631649318653 0.0 0.0 
0.20033750067961967 0.0 0.0 0.24824394540045508 0.1878724811365553 0.0 0.0 0.1844397562901835 0.17910631649318653 0.0 0.0 
0.0 0.3000000000000002 0.0 0.0 0.0 0.0 0.0 0.35 0.35 0.0 0.0 
0.0 0.3153446344945285 0.0 0.0 0.0 0.0 0.0 0.35 0.33465536550547154 0.0 0.0 
0.0 0.3354881772641297 0.0 0.0 0.0 0.0 0.0 0.35 0.3145118227358703 0.0 0.0 
0.14232428476186432 0.2153821883004495 0.0 0.15465200289825237 0.0 0.0 0.0 0.35 0.13764152403943378 0.0 0.0 
0.10000369230983437 0.19999630769016574 0.0 0.0 0.0 0.0 0.0 0.35 0.35 0.0 0.0 
0.17420407003395025 0.196287089875535 0.0 0.12940529593761368 0.0 0.0 0.0 0.35 0.15010354415290106 0.0 0.0 
0.11454964334170047 0.20536350087243024 0.0 0.0 0.0 0.0 0.0 0.35 0.3300868557858693 0.0 0.0 
0.19058363320304608 0.0 0.0 0.23615764834132377 0.1787255002803274 0.0 0.0 0.20392047565511456 0.19061274252018823 0.0 0.0 
0.16734806220567774 0.11963232739219726 0.0 0.16933690014226327 0.13497690470680884 0.0 0.0 0.2732017719495651 0.1355040336034878 0.0 0.0 
0.16705263501432852 0.1397138429531676 0.0 0.15704390519325026 0.10312116278571049 0.0 0.0 0.32300948676619645 0.11005896728734675 0.0 0.0 
0.15295339813397715 0.2140686151099068 0.0 0.1602354407846013 0.0 0.0 0.0 0.35 0.12274254597151475 0.0 0.0 
0.1697750732872338 0.10351229078717429 0.0 0.1850041811927882 0.13971102856680803 0.0 0.0 0.24975446170300217 0.15224296446299354 0.0 0.0 
0.1428896498301887 0.1427357857102258 0.0 0.16285647602740627 0.10049949996551197 0.0 0.0 0.33848575943847237 0.11253282902819489 0.0 0.0 
0.14154403387582096 0.2476610192001845 0.0 0.0 0.0 0.0 0.0 0.35 0.26079494692399463 0.0 0.0 
0.1956833539580093 0.0 0.0 0.24189024718674923 0.17937073978951193 0.0 0.0 0.18997035924839034 0.19308529981733927 0.0 0.0 
0.16407638173113007 0.13062412148756258 0.0 0.16286251746272393 0.12046685929101038 0.0 0.0 0.2829647212973421 0.13900539873023102 0.0 0.0 
0.11748313101837868 0.1424426712152874 0.0 0.1525487718270579 0.10875227096484057 0.0 0.0 0.3391357417647574 0.13963741320967804 0.0 0.0 
0.11389077004066288 0.23524264212106352 0.0 0.0 0.0 0.0 0.0 0.35 0.30086658783827364 0.0 0.0 
0.14830386471240625 0.13763980969423378 0.0 0.1304473848159165 0.10220272461311497 0.0 0.0 0.3444109321193031 0.1369952840450253 0.0 0.0 
0.10961396458273145 0.2024836209615929 0.0 0.0 0.0 0.0 0.0 0.35 0.3379024144556757 0.0 0.0 
0.1690504414521119 0.278598997137163 0.0 0.0 0.0 0.0 0.0 0.35 0.20235056141072516 0.0 0.0 
0.14038891023723332 0.23532817347273652 0.0 0.0 0.0 0.0 0.0 0.3478762466495472 0.276406669640483 0.0 0.0 
0.18676720451973278 0.12808661650632291 0.0 0.1691029035358511 0.10346004430618916 0.0 0.0 0.2579201401873802 0.1546630909445238 0.0 0.0 
0.17718838732531864 0.1076001640865554 0.0 0.15054546292246362 0.14498327500413816 0.0 0.0 0.24778211912158168 0.1719005915399425 0.0 0.0 
0.11956678557949448 0.1412950437900391 0.0 0.1386744336509828 0.10612074374519224 0.0 0.0 0.35 0.14434299323429148 0.0 0.0 
0.13047433915435866 0.18725537672212228 0.0 0.15138431358511575 0.0 0.0 0.0 0.34187326539960033 0.1890127051388028 0.0 0.0 
0.1961666479232518 0.0 0.0 0.2430757220752529 0.18396113926029228 0.0 0.0 0.18059988076364916 0.19619660997755384 0.0 0.0 
0.13406019084553894 0.18776505593554088 0.0 0.1186546086776905 0.0 0.0 0.0 0.35 0.2095201445412297 0.0 0.0 
0.1333532794167792 0.28128646313379524 0.0 0.0 0.0 0.0 0.0 0.35 0.2353602574494256 0.0 0.0 
0.11356160444557363 0.2599949589305853 0.0 0.0 0.0 0.0 0.0 0.35 0.276443436623841 0.0 0.0 
0.14877743669187046 0.20221949885677296 0.0 0.10369224872865104 0.0 0.0 0.0 0.35 0.19531081572270562 0.0 0.0 
0.14481196604824262 0.13612349616738856 0.0 0.10228091218944693 0.10153362590143768 0.0 0.0 0.3434655306111837 0.1717844690823005 0.0 0.0 
0.12524567189764632 0.3066798515152579 0.0 0.0 0.0 0.0 0.0 0.35 0.21807447658709578 0.0 0.0 
0.1474637572160993 0.2408771747789231 0.0 0.11853967560218641 0.0 0.0 0.0 0.35 0.14311939240279128 0.0 0.0 
0.19681143140769006 0.0 0.0 0.23266461383341225 0.16731979224119994 0.0 0.0 0.2355962015417667 0.16760796097593111 0.0 0.0 
0.18959435424197865 0.0 0.0 0.2395652266874207 0.17896106019970323 0.0 0.0 0.23625550197508796 0.15562385689580954 0.0 0.0 
0.12143590263012781 0.2833961580196218 0.0 0.0 0.0 0.0 0.0 0.35 0.24516793935025047 0.0 0.0 
0.12770000456926023 0.1998541864966226 0.0 0.11097732042777973 0.0 0.0 0.0 0.35 0.21146848850633743 0.0 0.0 
0.14481533202811717 0.13334309077811204 0.0 0.16188031182255397 0.10937944331744967 0.0 0.0 0.3315704395246283 0.11901138252913897 0.0 0.0 
0.1458433468968339 0.20241700484717895 0.0 0.10817671943971925 0.0 0.0 0.0 0.34456445358917764 0.19899847522709033 0.0 0.0 
0.15208432943357697 0.22257727955964088 0.0 0.1645542612676683 0.0 0.0 0.0 0.3443079997569073 0.1164761299822065 0.0 0.0 
0.15293333158341088 0.2014847241547837 0.0 0.15923040717022305 0.0 0.0 0.0 0.34576237657613856 0.14058916051544373 0.0 0.0 
0.0 0.32930988373825565 0.0 0.0 0.0 0.0 0.0 0.35 0.3206901162617444 0.0 0.0 
0.15017395425848337 0.2851684882493101 0.0 0.0 0.0 0.0 0.0 0.35 0.21465755749220658 0.0 0.0 
0.19025280304192602 0.0 0.0 0.24612627334951925 0.18121761999717345 0.0 0.0 0.21038090597641587 0.17202239763496532 0.0 0.0 
0.1486502511978937 0.13936919439112802 0.0 0.1674906897871539 0.11042085745844084 0.0 0.0 0.3215505756832494 0.11251843148213411 0.0 0.0 
0.14984844900634176 0.315426199033366 0.0 0.0 0.0 0.0 0.0 0.35 0.18472535196029224 0.0 0.0 
0.1507382982418097 0.3075560631758242 0.0 0.0 0.0 0.0 0.0 0.33794950311380795 0.20375613546855825 0.0 0.0 
0.1531904469390671 0.12423135435549615 0.0 0.10071991962016608 0.11691647383936504 0.0 0.0 0.32776619152559344 0.17717561372031224 0.0 0.0 
0.14845005028827302 0.29549704963866397 0.0 0.0 0.0 0.0 0.0 0.35 0.20605290007306296 0.0 0.0 
0.15235678740967204 0.10718969642701065 0.0 0.10436459011393116 0.10557491710837646 0.0 0.0 0.35 0.18051400894100972 0.0 0.0 
0.18430071564110037 0.0 0.0 0.224862068479384 0.16587855858665784 0.0 0.0 0.24236298182270233 0.18259567547015557 0.0 0.0 
0.10716305088731705 0.196441348960471 0.0 0.0 0.0 0.0 0.0 0.34639560015221205 0.35 0.0 0.0 
0.11300818257235183 0.3040511349101058 0.0 0.0 0.0 0.0 0.0 0.347464495364717 0.23547618715282542 0.0 0.0 
0.10481400553895684 0.26287034395326 0.0 0.0 0.0 0.0 0.0 0.35 0.2823156505077832 0.0 0.0 
0.17049789331045145 0.10156599771056951 0.0 0.18408800139261605 0.1469069498467286 0.0 0.0 0.2398249328367667 0.15711622490286778 0.0 0.0 
0.17686020861693216 0.0 0.0 0.2331290593691427 0.17237499687276853 0.0 0.0 0.23615614202597976 0.18147959311517692 0.0 0.0 
0.15308457386260851 0.11337886638146745 0.0 0.10385411910114142 0.10930001892554929 0.0 0.0 0.343619764851541 0.17676265687769238 0.0 0.0 
0.12468641642868968 0.2533830543291262 0.0 0.0 0.0 0.0 0.0 0.35 0.2719305292421842 0.0 0.0 
0.13898987134209545 0.2121973335181661 0.0 0.12198998666609018 0.0 0.0 0.0 0.35 0.1768228084736482 0.0 0.0 
0.15488654999167004 0.13446411992740262 0.0 0.13266290269678455 0.12466941551756891 0.0 0.0 0.3329300687701556 0.12038694309641836 0.0 0.0 
0.16381562142524408 0.10146606998571064 0.0 0.20615258379555781 0.1465639637300824 0.0 0.0 0.2365138925194078 0.14548786854399726 0.0 0.0 
0.11552265636519604 0.23986554651547123 0.0 0.0 0.0 0.0 0.0 0.34995174530449763 0.29466005181483507 0.0 0.0 
0.15341128628452708 0.13289192807288888 0.0 0.1386367219030403 0.10519763336853481 0.0 0.0 0.32919004564096954 0.14067238473003957 0.0 0.0 
0.1741828191459844 0.11211573288013266 0.0 0.12738982382353842 0.15745168134072865 0.0 0.0 0.26972613269326473 0.15913381011635097 0.0 0.0 
0.155496120039063 0.14456768958635666 0.0 0.15702755037369057 0.11871774221308885 0.0 0.0 0.2880271975756881 0.13616370021211277 0.0 0.0 
0.18959435424197865 0.0 0.0 0.2395652266874207 0.17896106019970323 0.0 0.0 0.23625550197508796 0.15562385689580954 0.0 0.0 
0.1215850865465593 0.20339023616816376 0.0 0.10890857042104367 0.0 0.0 0.0 0.35 0.21611610686423335 0.0 0.0 
0.0 0.3219912798832261 0.0 0.0 0.0 0.0 0.0 0.35 0.32800872011677396 0.0 0.0 
0.16734928972593366 0.15280131159679614 0.0 0.15993195885811964 0.10543764584505352 0.0 0.0 0.30703923606936145 0.10744055790473567 0.0 0.0 
0.1336928496935309 0.13702738646706308 0.0 0.14195745176705837 0.11889792339852491 0.0 0.0 0.35 0.11842438867382277 0.0 0.0 
0.15269305928486607 0.10346716704588353 0.0 0.10371449206022025 0.10483711781249791 0.0 0.0 0.35 0.18528816379653232 0.0 0.0 
0.14659828306642472 0.14934260299797117 0.0 0.10610283143663785 0.10292644874215492 0.0 0.0 0.3466350465174097 0.14839478723940167 0.0 0.0 
0.1166987801085861 0.1399768251730137 0.0 0.13222217135839864 0.10636697203050505 0.0 0.0 0.35 0.1547352513294967 0.0 0.0 
0.12171394705211755 0.20089406561927625 0.0 0.10095733326948791 0.0 0.0 0.0 0.35 0.22643465405911833 0.0 0.0 
0.10290595902562091 0.226401695452392 0.0 0.0 0.0 0.0 0.0 0.34938891942840905 0.32130342609357815 0.0 0.0 
0.11040879295340042 0.19815748999115557 0.0 0.0 0.0 0.0 0.0 0.3499068348068172 0.3415268822486269 0.0 0.0 
0.1547627504666744 0.21966300436990824 0.0 0.16239969993092304 0.0 0.0 0.0 0.33979986548865126 0.1233746797438431 0.0 0.0 
0.10691987551795368 0.19308012448204637 0.0 0.0 0.0 0.0 0.0 0.35 0.35 0.0 0.0 
0.16869380871126557 0.11786141159247189 0.0 0.1620816662253701 0.1481755592194668 0.0 0.0 0.2535097889832265 0.14967776526819906 0.0 0.0 
0.10934278828669036 0.25939823172232446 0.0 0.0 0.0 0.0 0.0 0.35 0.28125897999098526 0.0 0.0 
0.17049789331045145 0.10156599771056951 0.0 0.18408800139261605 0.1469069498467286 0.0 0.0 0.2398249328367667 0.15711622490286778 0.0 0.0 
0.13445787736284284 0.29697062561255905 0.0 0.0 0.0 0.0 0.0 0.35 0.21857149702459805 0.0 0.0 
0.14467106154921358 0.22520765645420948 0.0 0.11629474949520312 0.0 0.0 0.0 0.35 0.1638265325013738 0.0 0.0 
0.12350266727489657 0.27559941388476794 0.0 0.0 0.0 0.0 0.0 0.35 0.2508979188403355 0.0 0.0 
0.1687381922146094 0.11848240381334393 0.0 0.17210956399624047 0.1107835044978312 0.0 0.0 0.2987128719266377 0.13117346355133733 0.0 0.0 
0.12163008799968991 0.21282402714444196 0.0 0.0 0.0 0.0 0.0 0.3498902170344728 0.3156556678213953 0.0 0.0 
0.15600685718174548 0.13035757953515428 0.0 0.15790754445931388 0.11932053899107081 0.0 0.0 0.31549822500321045 0.12090925482950497 0.0 0.0 
0.0 0.3239389510037885 0.0 0.0 0.0 0.0 0.0 0.35 0.32606104899621147 0.0 0.0 
0.14621507411754267 0.1714547894646882 0.0 0.10655995858816879 0.0 0.0 0.0 0.35 0.22577017782960035 0.0 0.0 
0.16990764663514077 0.11870948451373288 0.0 0.15605241679164134 0.14924175788168237 0.0 0.0 0.255333921109309 0.1507547730684936 0.0 0.0 
0.15479731990545767 0.32915442083492746 0.0 0.0 0.0 0.0 0.0 0.35 0.1660482592596149 0.0 0.0 
0.15444691061046656 0.1390533236617247 0.0 0.15632859250163542 0.1181274269122509 0.0 0.0 0.31234348947921364 0.11970025683470885 0.0 0.0 
0.10077410123932545 0.24386527614228368 0.0 0.0 0.0 0.0 0.0 0.35 0.30536062261839086 0.0 0.0 
0.11436120992962098 0.21353990248409385 0.0 0.0 0.0 0.0 0.0 0.35 0.3220988875862851 0.0 0.0 
0.16656257283613304 0.11695475550585867 0.0 0.1698904759656238 0.10935512165196985 0.0 0.0 0.29486142902426643 0.14237564501614822 0.0 0.0 
0.14099588227380905 0.20470935023209663 0.0 0.11888788501571372 0.0 0.0 0.0 0.35 0.18540688247838066 0.0 0.0 
