0.0 0.30000000000000016 0.0 0.0 0.0 0.0 0.0 0.35 0.35 0.0 0.0 
0.2007564318209821 0.0 0.0 0.23971383995979292 0.19240485260580845 0.0 0.0 0.1834403906043192 0.18368448500909745 0.0 0.0 
0.2007564318209821 0.0 0.0 0.23971383995979292 0.19240485260580845 0.0 0.0 0.1834403906043192 0.18368448500909745 0.0 0.0 
0.0 0.30000000000000016 0.0 0.0 0.0 0.0 0.0 0.35 0.35 0.0 0.0 
0.17013343661818772 0.10111359278680108 0.0 0.19523283482747836 0.1615860154026145 0.0 0.0 0.22363987960505943 0.14829424075985903 0.0 0.0 
0.17646227125374725 0.10888506380209902 0.0 0.19320185951075433 0.13286365969130576 0.0 0.0 0.21687288891951018 0.1717142568225835 0.0 0.0 
0.0 0.3355000659083558 0.0 0.0 0.0 0.0 0.0 0.35 0.3144999340916443 0.0 0.0 
0.11470587115044865 0.20901584032321593 0.0 0.0 0.0 0.0 0.0 0.34950173564445297 0.3267765528818824 0.0 0.0 
0.14027586885588889 0.19530034939742452 0.0 0.1044914671660373 0.0 0.0 0.0 0.35 0.2099323145806493 0.0 0.0 
0.1000309245955896 0.19996907540441042 0.0 0.0 0.0 0.0 0.0 0.35 0.35 0.0 0.0 
0.14356765487328765 0.1761758251895157 0.0 0.10339107421835535 0.0 0.0 0.0 0.35 0.22686544571884124 0.0 0.0 
0.16080517532394428 0.10322239479283307 0.0 0.1944299706308145 0.12204953009459138 0.0 0.0 0.2907721771743345 0.12872075198348223 0.0 0.0 
0.16049080899204904 0.10338368572504324 0.0 0.15039376565283755 0.1395397006888115 0.0 0.0 0.28020883993334456 0.1659831990079141 0.0 0.0 
0.10568015783716612 0.2734487756953088 0.0 0.0 0.0 0.0 0.0 0.35 0.2708710664675251 0.0 0.0 
0.11123009125758938 0.22523223853098395 0.0 0.0 0.0 0.0 0.0 0.35 0.3135376702114268 0.0 0.0 
0.14438316900417308 0.2168461860701253 0.0 0.14818876969966271 0.0 0.0 0.0 0.35 0.14058187522603893 0.0 0.0 
0.1476119010254668 0.2035608065719127 0.0 0.16618648575816697 0.0 0.0 0.0 0.34986091402449937 0.13277989261995427 0.0 0.0 
0.20294748483013664 0.0 0.0 0.22352403134664972 0.1815778527542342 0.0 0.0 0.22739371825206436 0.16455691281691512 0.0 0.0 
0.16318958685931578 0.12141880796217994 0.0 0.17693047530597336 0.12974126324971588 0.0 0.0 0.267703790511313 0.14101607611150213 0.0 0.0 
0.14158999463267993 0.12490867379586089 0.0 0.10988126232685547 0.10203552693301757 0.0 0.0 0.34164970867875555 0.17993483363283047 0.0 0.0 
0.1574844845648451 0.11310784091032135 0.0 0.19914793501668063 0.13932975495019145 0.0 0.0 0.23472062065229607 0.15620936390566548 0.0 0.0 
0.20763386368892917 0.0 0.0 0.2277972472732623 0.18232656472225556 0.0 0.0 0.1864498788683926 0.1957924454471603 0.0 0.0 
0.19919523651476828 0.0 0.0 0.22461232371959777 0.19451732181550752 0.0 0.0 0.21323652606966723 0.16843859188045912 0.0 0.0 
0.1388679791310931 0.28421558056966484 0.0 0.0 0.0 0.0 0.0 0.35 0.22691644029924213 0.0 0.0 
0.1483077362752085 0.24468755842968715 0.0 0.10271120220426133 0.0 0.0 0.0 0.35 0.15429350309084316 0.0 0.0 
0.17623073534992226 0.16130097691322146 0.0 0.17368175152144183 0.0 0.0 0.0 0.35 0.1387865362154144 0.0 0.0 
0.11923814873936954 0.26223846786861993 0.0 0.0 0.0 0.0 0.0 0.35 0.26852338339201043 0.0 0.0 
0.14623760271848715 0.11085046651071316 0.0 0.10305660628432922 0.11021118368160884 0.0 0.0 0.35 0.1796441408048616 0.0 0.0 
0.16353365177548101 0.1037048459008895 0.0 0.1741624320025793 0.1264396061284679 0.0 0.0 0.3053683270411013 0.12679113715148094 0.0 0.0 
0.15601387255171695 0.1282875228289524 0.0 0.16864682803131295 0.11523940301971385 0.0 0.0 0.3169413880909072 0.1148709854773967 0.0 0.0 
0.0 0.319881879596885 0.0 0.0 0.0 0.0 0.0 0.35 0.33011812040311506 0.0 0.0 
0.15688888932421957 0.11684487719603127 0.0 0.1511333917576019 0.11664531004423342 0.0 0.0 0.3440817774449562 0.11440575423295754 0.0 0.0 
0.0 0.33116773172214636 0.0 0.0 0.0 0.0 0.0 0.35 0.31883226827785366 0.0 0.0 
0.13063873266950796 0.2543462586077034 0.0 0.0 0.0 0.0 0.0 0.35 0.26501500872278877 0.0 0.0 
0.1682912407591885 0.1053425807271766 0.0 0.18246169863169454 0.13379725134534687 0.0 0.0 0.2646826896764285 0.1454245388601651 0.0 0.0 
0.0 0.32384711237981206 0.0 0.0 0.0 0.0 0.0 0.35 0.32615288762018796 0.0 0.0 
0.1475754809235048 0.12040512529240857 0.0 0.11989348840101204 0.11322444979787506 0.0 0.0 0.3492162568851921 0.14968519870000738 0.0 0.0 
0.2047510292500104 0.0 0.0 0.22748834581692134 0.19132609582369245 0.0 0.0 0.1839296162938866 0.19250491281548912 0.0 0.0 
0.19469867435975655 0.0 0.0 0.22313016022817778 0.1831843878069535 0.0 0.0 0.20031989207370837 0.19866688553140377 0.0 0.0 
0.10734183321793742 0.26026495449281983 0.0 0.0 0.0 0.0 0.0 0.35 0.28239321228924275 0.0 0.0 
0.15349500451487527 0.11087744211875797 0.0 0.17306625527588318 0.10797165586650787 0.0 0.0 0.34052855811378663 0.11406108411018916 0.0 0.0 
0.16233108943775973 0.10832019799852427 0.0 0.20873816372802947 0.12975427887278143 0.0 0.0 0.2468006189293065 0.14405565103359855 0.0 0.0 
0.14622141043730463 0.10483870434512266 0.0 0.1622979658661159 0.11379399157950114 0.0 0.0 0.3434795272865715 0.1293684004853842 0.0 0.0 
0.1463336700457092 0.1828828219697606 0.0 0.11162444590911705 0.0 0.0 0.0 0.35 0.20915906207541315 0.0 0.0 
0.14909177380386307 0.11957233817030341 0.0 0.15603407777490608 0.11230235036437876 0.0 0.0 0.3170688094503306 0.14593065043621803 0.0 0.0 
0.1480282695015032 0.2368510429489781 0.0 0.11524119125024537 0.0 0.0 0.0 0.35 0.1498794962992734 0.0 0.0 
0.14796280773241197 0.10780791380435852 0.0 0.1788676487090592 0.11675106093356319 0.0 0.0 0.32080036861811295 0.12781020020249415 0.0 0.0 
0.14907614961699348 0.30002075973010467 0.0 0.0 0.0 0.0 0.0 0.35 0.20090309065290185 0.0 0.0 
0.1495225536154355 0.13321215474811618 0.0 0.10674928643818775 0.11239337319586044 0.0 0.0 0.34973935528056954 0.14838327672183063 0.0 0.0 
0.14101019669950424 0.17309674807223324 0.0 0.1469479140562819 0.0 0.0 0.0 0.35 0.1889451411719806 0.0 0.0 
0.15883518110791028 0.17035023154370785 0.0 0.1846675632625303 0.0 0.0 0.0 0.340181821247742 0.1459652028381096 0.0 0.0 
0.138249756923136 0.17144083391527665 0.0 0.14472403781551557 0.0 0.0 0.0 0.35 0.19558537134607173 0.0 0.0 
0.15393124407850176 0.13713993114038545 0.0 0.10989680197801452 0.1157073053120471 0.0 0.0 0.35 0.13332471749105115 0.0 0.0 
0.12322613492902984 0.31195072202102625 0.0 0.0 0.0 0.0 0.0 0.3473318459231808 0.21749129712676316 0.0 0.0 
0.144602809784334 0.25308745408090555 0.0 0.0 0.0 0.0 0.0 0.35 0.25230973613476043 0.0 0.0 
0.1545389892966468 0.12018279847167888 0.0 0.158920206854944 0.10318658112816093 0.0 0.0 0.35 0.11317142424856942 0.0 0.0 
0.14949959349513717 0.12517162921594205 0.0 0.11356341773962386 0.10353736098653862 0.0 0.0 0.35 0.1582279985627583 0.0 0.0 
0.15707272502052494 0.1037284253781506 0.0 0.18707788917162682 0.11314613069228419 0.0 0.0 0.3030263015839114 0.135948528153502 0.0 0.0 
0.15346095760352932 0.18043252965296197 0.0 0.11964514380862944 0.0 0.0 0.0 0.35 0.19646136893487942 0.0 0.0 
0.1514334473438682 0.11210179289921421 0.0 0.18799772066738787 0.11633390756100574 0.0 0.0 0.3175890539194277 0.11454407760909635 0.0 0.0 
0.15029754819941454 0.10950904061372106 0.0 0.16591080530560726 0.11859330379651314 0.0 0.0 0.32586235422057985 0.1298269478641641 0.0 0.0 
0.0 0.3116073231340504 0.0 0.0 0.0 0.0 0.0 0.34778843634752776 0.3406042405184219 0.0 0.0 
0.11817355767358621 0.3334668239863351 0.0 0.0 0.0 0.0 0.0 0.35 0.19835961834007873 0.0 0.0 
0.16452665191862936 0.23676658224962088 0.0 0.0 0.0 0.0 0.0 0.35 0.24870676583174978 0.0 0.0 
0.15571873834047695 0.11293032900466994 0.0 0.1891462703788971 0.14242308462752928 0.0 0.0 0.2679003163182732 0.13188126133015352 0.0 0.0 
0.0 0.306055504854011 0.0 0.0 0.0 0.0 0.0 0.35 0.34394449514598896 0.0 0.0 
0.10284345009032311 0.20400805916110784 0.0 0.0 0.0 0.0 0.0 0.35 0.3431484907485691 0.0 0.0 
0.14920236537766168 0.2380309840246354 0.0 0.0 0.0 0.0 0.0 0.35 0.262766650597703 0.0 0.0 
0.14028443483155636 0.11906749231640139 0.0 0.10476395812404424 0.10323411566785352 0.0 0.0 0.35 0.18264999906014454 0.0 0.0 
0.1458133247419966 0.32852238362076563 0.0 0.0 0.0 0.0 0.0 0.34482891041985214 0.18083538121738557 0.0 0.0 
0.13564886408120164 0.2555855364048892 0.0 0.12348276022204882 0.0 0.0 0.0 0.35 0.13528283929186039 0.0 0.0 
0.16074840566429877 0.21773408057821694 0.0 0.15502677495119443 0.0 0.0 0.0 0.33666552390679333 0.12982521489949658 0.0 0.0 
0.20104977968237228 0.0 0.0 0.22708580217576924 0.1791193697327225 0.0 0.0 0.219176430546752 0.17356861786238387 0.0 0.0 
0.15456287230896576 0.25574191125456514 0.0 0.0 0.0 0.0 0.0 0.35 0.2396952164364691 0.0 0.0 
0.15134418719469758 0.11939745291992712 0.0 0.11903905352317082 0.10339388181965391 0.0 0.0 0.35 0.15682542454255055 0.0 0.0 
0.16121196167026167 0.11895436833369456 0.0 0.1719812317213449 0.10810736984982523 0.0 0.0 0.3267135971779865 0.11303147124688698 0.0 0.0 
0.15361142689593213 0.18569428108050365 0.0 0.13876271819852945 0.0 0.0 0.0 0.3411906261428617 0.1807409476821731 0.0 0.0 
0.13436322841222903 0.10872168780445084 0.0 0.13856875181114012 0.13001846854731736 0.0 0.0 0.3450828732442201 0.14324499018064246 0.0 0.0 
0.17804587054150672 0.11654097590302702 0.0 0.16654714299442433 0.14947687177961652 0.0 0.0 0.2572350120195229 0.13215412676190252 0.0 0.0 
0.1122610384745839 0.2315834397147244 0.0 0.0 0.0 0.0 0.0 0.35 0.30615552181069167 0.0 0.0 
0.14616935225324393 0.16307783066346768 0.0 0.10679782512996629 0.0 0.0 0.0 0.35 0.233954991953322 0.0 0.0 
0.11990583326300396 0.16546200093414293 0.0 0.14563455153195723 0.10011592955299758 0.0 0.0 0.3357889846030851 0.13309270011481325 0.0 0.0 
0.14975720171256376 0.10746765330399576 0.0 0.14452656127922298 0.11102705107556446 0.0 0.0 0.35 0.13722153262865303 0.0 0.0 
0.16571921577875806 0.11382841126423228 0.0 0.19169596847306983 0.1218442449729484 0.0 0.0 0.2864951456414591 0.12041701386953227 0.0 0.0 
0.13885724431061175 0.255042634231861 0.0 0.0 0.0 0.0 0.0 0.35 0.25610012145752725 0.0 0.0 
0.16835656402145466 0.1833999048696811 0.0 0.10725105668761332 0.0 0.0 0.0 0.34460664245889777 0.19638583196235307 0.0 0.0 
0.11224419577390503 0.22709238618632005 0.0 0.0 0.0 0.0 0.0 0.35 0.3106634180397749 0.0 0.0 
0.10887425081150223 0.2070617816098849 0.0 0.0 0.0 0.0 0.0 0.35 0.3340639675786129 0.0 0.0 
0.1424964862452947 0.20204749435655736 0.0 0.0 0.0 0.0 0.0 0.3469700195940191 0.30848599980412894 0.0 0.0 
0.1432279651059938 0.2931389907963104 0.0 0.0 0.0 0.0 0.0 0.35 0.21363304409769582 0.0 0.0 
0.12072729751933549 0.18646036740375482 0.0 0.0 0.0 0.0 0.0 0.35 0.3428123350769099 0.0 0.0 
0.16394173202729953 0.11034271745969738 0.0 0.13641633444442167 0.10124610271556134 0.0 0.0 0.34366782764596165 0.1443852857070585 0.0 0.0 
0.13368758162543684 0.19145278816505257 0.0 0.12218531183117298 0.0 0.0 0.0 0.35 0.20267431837833763 0.0 0.0 
0.11571354769681909 0.20254961123884205 0.0 0.0 0.0 0.0 0.0 0.35 0.331736841064339 0.0 0.0 
0.10354851301956686 0.24697553542232342 0.0 0.0 0.0 0.0 0.0 0.35 0.2994759515581097 0.0 0.0 
0.1553407081315672 0.18627025366188205 0.0 0.10892961776017393 0.0 0.0 0.0 0.35 0.1994594204463769 0.0 0.0 
0.11600881345396069 0.18399118654603924 0.0 0.0 0.0 0.0 0.0 0.35 0.35 0.0 0.0 
0.0 0.3107386412047985 0.0 0.0 0.0 0.0 0.0 0.35 0.3392613587952016 0.0 0.0 
0.15424168906486518 0.3071701289845837 0.0 0.0 0.0 0.0 0.0 0.3451661324516921 0.19342204949885897 0.0 0.0 
0.15502506964770926 0.3324222880751237 0.0 0.0 0.0 0.0 0.0 0.35 0.162552642277167 0.0 0.0 
