0.0 0.0 0.12231144296415983 0.0 0.15901894421726523 0.29442556331456665 0.10979042049257497 0.1030401368879601 0.0 0.21141349212347307 0.0 
0.0 0.30000000000000027 0.0 0.0 0.0 0.0 0.0 0.35 0.35 0.0 0.0 
0.0 0.30000000000000027 0.0 0.0 0.0 0.0 0.0 0.35 0.35 0.0 0.0 
0.0 0.16569908857738908 0.0 0.0 0.0 0.0 0.13430091142261108 0.35 0.35 0.0 0.0 
0.0 0.2999999999999998 0.0 0.0 0.0 0.0 0.0 0.35 0.35 0.0 0.0 
0.0 0.10298052624708866 0.0 0.0 0.0 0.0 0.19701947375291143 0.35 0.35 0.0 0.0 
0.0 0.0 0.0 0.0 0.0 0.0 0.29999999999999993 0.35 0.35 0.0 0.0 
0.0 0.0 0.0 0.0 0.0 0.0 0.14805208570752218 0.35 0.35 0.1519479142924779 0.0 
0.0 0.0 0.10023456101646422 0.0 0.0 0.0 0.19976543898353571 0.35 0.35 0.0 0.0 
0.0 0.0 0.16785884921071875 0.0 0.0 0.1329485470897353 0.0 0.2564725480237208 0.3413966845892598 0.10132337108656538 0.0 
0.0 0.0 0.17972091836921156 0.0 0.0 0.22292480655005184 0.0 0.15932010788472067 0.3354385532290899 0.10259561396692611 0.0 
0.0 0.0 0.19821268169997427 0.0 0.0 0.11103728410148236 0.0 0.34075003419854344 0.35 0.0 0.0 
0.0 0.0 0.20013571325971852 0.0 0.1093617601368715 0.2751709641481189 0.0 0.10274997238148452 0.13631914426963807 0.17626244580416853 0.0 
0.0 0.0 0.13983008509134623 0.0 0.0 0.0 0.1601699149086538 0.35 0.35 0.0 0.0 
0.0 0.0 0.18366827844355219 0.0 0.0 0.21187331979039054 0.0 0.17637758572236223 0.3230361132118358 0.10504470283185924 0.0 
0.0 0.0 0.1885250349012765 0.0 0.11507953339750335 0.25984541679210615 0.0 0.13278993869178637 0.13471000917384748 0.16905006704348002 0.0 
0.0 0.15780865578798955 0.0 0.0 0.0 0.0 0.14219134421201035 0.35 0.35 0.0 0.0 
0.0 0.0 0.11165995378843897 0.0 0.16906439496589795 0.2637783705104742 0.10969117276563686 0.1400325101802307 0.0 0.2057735977893215 0.0 
0.0 0.0 0.18999759285670365 0.0 0.0 0.11000240714329632 0.0 0.35 0.35 0.0 0.0 
0.0 0.0 0.18770337285612804 0.0 0.0 0.12667732665086237 0.0 0.33561930049300953 0.35 0.0 0.0 
0.0 0.0 0.19363874400227454 0.0 0.0 0.12778404289729178 0.0 0.3285772131004338 0.35 0.0 0.0 
0.0 0.0 0.20657150865237944 0.0 0.0 0.16661196442900364 0.0 0.276816526918617 0.35 0.0 0.0 
0.0 0.0 0.19460033004405208 0.0 0.11154943935784753 0.25701329282920904 0.0 0.11835533354484329 0.135008685510487 0.18347291871356092 0.0 
0.0 0.0 0.19868422183032514 0.0 0.11544349230758551 0.22490375405281726 0.0 0.143347903329107 0.1398866265688708 0.17773400191129435 0.0 
0.0 0.0 0.18813172077242968 0.0 0.0 0.2923781439642835 0.0 0.1091770016069206 0.28822919772571975 0.12208393593064656 0.0 
0.0 0.0 0.179019731916631 0.0 0.0 0.0 0.0 0.3438850669843568 0.35 0.0 0.12709520109901226 
0.0 0.0 0.0 0.0 0.0 0.0 0.1377408018093959 0.3449036792762416 0.3449036792762416 0.0 0.1724518396381208 
0.0 0.0 0.19403980584319724 0.0 0.0 0.14137917043018772 0.0 0.3145810237266151 0.35 0.0 0.0 
0.0 0.0 0.18253935862164308 0.0 0.11115582793206766 0.23885836424745105 0.0 0.1441685628681578 0.1587177723356654 0.16456011399501502 0.0 
0.0 0.0 0.18578398661665765 0.0 0.0 0.27834120947555174 0.0 0.13995495424044718 0.2892209767365526 0.10669887293079083 0.0 
0.0 0.0 0.18615325604159688 0.0 0.0 0.25714528894194344 0.0 0.1353669302731225 0.31174506489549386 0.10958945984784325 0.0 
0.0 0.0 0.20146482371101443 0.0 0.0 0.15190794542355374 0.0 0.2966272308654318 0.35 0.0 0.0 
0.0 0.0 0.19341520075661192 0.0 0.0 0.30584031325124694 0.0 0.11224312198446691 0.2679991944009486 0.12050216960672552 0.0 
0.0 0.0 0.1857403372922988 0.0 0.0 0.1625543768442753 0.0 0.30568585762880895 0.346019428234617 0.0 0.0 
0.0 0.0 0.21390626782668587 0.0 0.0 0.12908969279068522 0.0 0.30700403938262893 0.35 0.0 0.0 
0.0 0.0 0.21068055418222767 0.0 0.0 0.15885676485352704 0.0 0.28046268096424537 0.35 0.0 0.0 
0.0 0.0 0.1803038385945745 0.0 0.0 0.0 0.0 0.3258290783259634 0.35 0.0 0.14386708307946217 
0.0 0.0 0.17655892427667055 0.0 0.0 0.1305826069988002 0.0 0.24614964870084738 0.3465952457932858 0.10011357423039596 0.0 
0.0 0.0 0.0 0.0 0.0 0.0 0.29999999999999993 0.35 0.35 0.0 0.0 
0.0 0.12157396338013506 0.0 0.0 0.0 0.0 0.17842603661986486 0.35 0.35 0.0 0.0 
0.0 0.0 0.20222176599316619 0.0 0.11031859500113277 0.22890813323814593 0.0 0.16517830251478827 0.13028376031010452 0.1630894429426623 0.0 
0.0 0.0 0.1771873439574065 0.0 0.0 0.0 0.0 0.35 0.35 0.0 0.12281265604259352 
0.0 0.0 0.14308911172599964 0.0 0.0 0.0 0.0 0.35 0.35 0.0 0.1569108882740004 
0.0 0.0 0.19234025741494817 0.0 0.0 0.126623892397725 0.0 0.23135655335369013 0.346972090352107 0.10270720648152976 0.0 
0.0 0.0 0.1874955317831846 0.0 0.0 0.2937590962974883 0.0 0.1230768885743299 0.2772447527028424 0.11842373064215476 0.0 
0.0 0.11310258906008343 0.0 0.0 0.0 0.0 0.18689741093991666 0.35 0.35 0.0 0.0 
0.0 0.0 0.18345912644342854 0.0 0.0 0.317378841646109 0.0 0.10020361357684776 0.28107050003658923 0.11788791829702551 0.0 
0.0 0.1396000190121052 0.0 0.0 0.0 0.0 0.16039998098789493 0.35 0.35 0.0 0.0 
0.0 0.0 0.19331959435311113 0.0 0.0 0.18511293672360551 0.0 0.19485933490518245 0.32536176255605165 0.10134637146204932 0.0 
0.0 0.0 0.17881797074209635 0.0 0.0 0.1706061775080267 0.0 0.20665103174281368 0.34163752281374493 0.10228729719331833 0.0 
0.0 0.13135685904459768 0.0 0.0 0.0 0.0 0.1686431409554023 0.35 0.35 0.0 0.0 
0.0 0.15210878290076318 0.0 0.0 0.0 0.0 0.1478912170992367 0.35 0.35 0.0 0.0 
0.0 0.0 0.17719620659596202 0.0 0.0 0.1876503469675896 0.0 0.19596459642322517 0.33432579656525424 0.10486305344796906 0.0 
0.0 0.0 0.11717144353191165 0.0 0.16686805439809047 0.27679836321415147 0.11510548428140871 0.10812615598752033 0.0 0.2159304985869174 0.0 
0.0 0.0 0.21287911390317363 0.0 0.0 0.14932763558480558 0.0 0.28779325051202076 0.35 0.0 0.0 
0.0 0.0 0.19384453184401776 0.0 0.0 0.1521226869204269 0.0 0.21183867067180484 0.3399328341878563 0.10226127637589419 0.0 
0.0 0.0 0.18991868545903567 0.0 0.0 0.18935435208902632 0.0 0.1861419518274038 0.33069331240411565 0.10389169822041848 0.0 
0.0 0.0 0.17887941967172938 0.0 0.0 0.15682682742411252 0.0 0.2202163827651715 0.3417549229833826 0.10232244715560401 0.0 
0.0 0.0 0.11324276947841302 0.0 0.15200201571239688 0.279415037858563 0.1044294283482335 0.117067127159475 0.0 0.23384362144291865 0.0 
0.0 0.0 0.20362557716446042 0.0 0.11727403055300196 0.2650618181837069 0.0 0.10766744213683585 0.14068301178788847 0.16568812017410653 0.0 
0.0 0.0 0.18167339713318062 0.0 0.0 0.2601168730100582 0.0 0.14627275673454695 0.30227689903733024 0.10966007408488411 0.0 
0.0 0.0 0.1800907803304236 0.0 0.0 0.14775767770141204 0.0 0.22506690661895978 0.3440692667428653 0.10301536860633928 0.0 
0.0 0.0 0.19520081535860725 0.0 0.0 0.2063971629703338 0.0 0.14810333477262946 0.3361981943743834 0.11410049252404604 0.0 
0.0 0.0 0.0 0.0 0.0 0.0 0.16165062124414736 0.3496801627006932 0.3496801627006932 0.0 0.13898905335446635 
0.0 0.0 0.20315808990790904 0.0 0.0 0.12480358820216077 0.0 0.32203832188993026 0.35 0.0 0.0 
0.0 0.0 0.16851494456521832 0.0 0.0 0.21901576104410284 0.0 0.1863638265028056 0.3260042765821715 0.10010119130570172 0.0 
0.0 0.0 0.16167950286576208 0.0 0.0 0.1681704456305059 0.0 0.23654832098976694 0.3315614742867881 0.10204025622717695 0.0 
0.0 0.0 0.1790580828709833 0.0 0.0 0.21567163060769975 0.0 0.183518255291485 0.3210265488674228 0.10072548236240896 0.0 
0.0 0.0 0.20001991711178063 0.0 0.0 0.2315415787299359 0.0 0.14455852006523465 0.31106460461035457 0.11281537948269424 0.0 
0.0 0.0 0.1924578033290648 0.0 0.0 0.1720095455945536 0.0 0.2032409766135705 0.3290754271401822 0.10321624732262882 0.0 
0.0 0.0 0.19503551371539957 0.0 0.11350703068570832 0.2575880502735217 0.0 0.11260822181290567 0.13737796529766166 0.1838832182148029 0.0 
0.0 0.0 0.1771494135920174 0.0 0.0 0.13638339084082834 0.0 0.23872472376359832 0.3455877123015062 0.1021547595020498 0.0 
0.0 0.0 0.18043833851878482 0.0 0.0 0.17215213371919919 0.0 0.19946206131384575 0.344733287914857 0.10321417853331327 0.0 
0.0 0.0 0.18922793512109262 0.0 0.0 0.14042189550118703 0.0 0.3203501693777205 0.35 0.0 0.0 
0.0 0.0 0.19036723479640327 0.0 0.0 0.24360108241372963 0.0 0.1592761354048918 0.3051951404840629 0.1015604069009124 0.0 
0.0 0.0 0.18253143389924545 0.0 0.0 0.2812973713637963 0.0 0.13403485820813438 0.27616112949734445 0.12597520703147957 0.0 
0.0 0.0 0.1827542158177897 0.0 0.0 0.2287680955219318 0.0 0.1488977062360033 0.33378519253719663 0.10579478988707863 0.0 
0.0 0.0 0.15506139231755242 0.0 0.0 0.0 0.14493860768244773 0.35 0.35 0.0 0.0 
0.0 0.0 0.11890479175661035 0.0 0.16921736312626562 0.28622514333347865 0.10177259251981793 0.11835496258686919 0.0 0.20552514667695815 0.0 
0.0 0.14717322921022083 0.0 0.0 0.0 0.0 0.15282677078977913 0.35 0.35 0.0 0.0 
0.0 0.0 0.11691789082222355 0.0 0.157817574700384 0.26713306171965295 0.10896096671224334 0.13448535433854072 0.0 0.21468515170695543 0.0 
0.0 0.0 0.19432925883898006 0.0 0.0 0.0 0.0 0.337472345636642 0.3490361322699159 0.0 0.11916226325446201 
0.0 0.0 0.18727715281951898 0.0 0.0 0.27599547112720596 0.0 0.13366435833470464 0.2874708472220242 0.11559217049654633 0.0 
0.0 0.0 0.11552628129650225 0.0 0.0 0.0 0.0 0.35 0.35 0.0 0.18447371870349785 
0.0 0.0 0.16299101696291138 0.0 0.0 0.1939661760288997 0.0 0.29304280700818885 0.35 0.0 0.0 
0.0 0.12762750683525523 0.0 0.0 0.0 0.0 0.17237249316474476 0.35 0.35 0.0 0.0 
0.0 0.0 0.19206665640409387 0.0 0.0 0.15072746990626482 0.0 0.21721071603081882 0.33972607817167016 0.10026907948715244 0.0 
0.0 0.0 0.19364386611985673 0.0 0.0 0.0 0.0 0.34122389597115416 0.34122389597115416 0.0 0.12390834193783509 
0.0 0.0 0.18910905309604553 0.0 0.0 0.13133209327507717 0.0 0.2504173601596917 0.3290500617553488 0.10009143171383682 0.0 
0.0 0.0 0.2035524963325182 0.0 0.11104455197535708 0.23842396075847297 0.0 0.13284820194908134 0.14996812789110242 0.1641626610934679 0.0 
0.0 0.0 0.0 0.0 0.0 0.0 0.16107910762740307 0.34844387314640207 0.34711142278845075 0.0 0.14336559643774402 
0.0 0.0 0.1999120228757876 0.0 0.0 0.23141668115924183 0.0 0.144480542675263 0.32388320125162845 0.10030755203807903 0.0 
0.0 0.0 0.10324365130325422 0.0 0.0 0.0 0.0 0.35 0.35 0.0 0.19675634869674583 
0.0 0.0 0.13971451947088723 0.0 0.17293436808651394 0.24128843594840804 0.12151823781332496 0.12415302555976991 0.0 0.20039141312109598 0.0 
0.0 0.14321095115774868 0.0 0.0 0.0 0.0 0.15678904884225142 0.35 0.35 0.0 0.0 
0.0 0.2999999999999998 0.0 0.0 0.0 0.0 0.0 0.35 0.35 0.0 0.0 
0.0 0.0 0.13147295007235055 0.0 0.17746421846312635 0.23360189764208186 0.12252547181317153 0.12447988953633905 0.0 0.21045557247293067 0.0 
0.0 0.0 0.20101151461082348 0.0 0.11581007814055964 0.2395015581969226 0.0 0.13118983440756427 0.14809604929381728 0.16439096535031275 0.0 
0.0 0.0 0.20249045725444748 0.0 0.0 0.27673672494401863 0.0 0.11594498856255903 0.3042409223740439 0.10058690686493087 0.0 
0.0 0.0 0.18843036745307104 0.0 0.0 0.2717681970794654 0.0 0.10763573161219184 0.3154522367739607 0.11671346708131089 0.0 
