0.0 0.11052260694320522 0.14815871084766008 0.0 0.0 0.10104855711314617 0.1328799532983916 0.0 0.11343372263556245 0.14045417528081247 0.12754555400385867 
0.0 0.29999997501147135 0.0 0.0 0.0 0.0 0.0 0.35 0.35 0.0 0.0 
0.0 0.2442284444245362 0.0 0.0 0.0 0.0 0.10675346281600327 0.2812485305789304 0.35 0.0 0.0 
0.0 0.23945534638292845 0.0 0.0 0.0 0.0 0.1104081093743683 0.2931000555444415 0.35 0.0 0.0 
0.0 0.2660446237670729 0.10694074460163096 0.0 0.0 0.0 0.0 0.2790701684529836 0.3479444631783126 0.0 0.0 
0.0 0.21011042472590985 0.0 0.0 0.0 0.0 0.10417639711884617 0.34177958859863294 0.34393358955661113 0.0 0.0 
0.12559415219819073 0.24813530309374174 0.10589641752354863 0.0 0.13828255135769396 0.0 0.0 0.10352177133896523 0.2668783248447301 0.0 0.0 
0.0 0.23457760218366322 0.10426927634748621 0.0 0.0 0.0 0.10414646954311566 0.24937401018171632 0.3076326417440185 0.0 0.0 
0.0 0.2603181314441389 0.11758536039578658 0.0 0.0 0.0 0.0 0.2756501588330985 0.34644634932697593 0.0 0.0 
0.15741753121458552 0.21512415141158903 0.10187735635093262 0.0 0.1253110326542608 0.0 0.0 0.10367347646160924 0.29659645190702294 0.0 0.0 
0.0 0.2616408279984411 0.10152935443797531 0.0 0.0 0.0 0.0 0.28584377447780507 0.35 0.0 0.0 
0.0 0.20199678870628834 0.10396198894377318 0.0 0.0 0.0 0.10162626092064841 0.267236522174015 0.3084041993635511 0.0 0.0 
0.0 0.26173904270714693 0.0 0.0 0.0 0.0 0.12881720118389056 0.2618449451596072 0.34256434022775056 0.0 0.0 
0.23694265752146249 0.2086099378021344 0.11014295063939773 0.0 0.16535175224459198 0.0 0.0 0.10098504731722911 0.16088320298975844 0.0 0.0 
0.0 0.23538714419444487 0.0 0.0 0.0 0.0 0.10787222869222937 0.3034986652731766 0.3484151801409333 0.0 0.0 
0.18354065804448344 0.20993149271421888 0.10988149390737348 0.0 0.1446157329333231 0.0 0.0 0.0 0.21695991325729969 0.1350707091433014 0.0 
0.0 0.27818704594113675 0.11507351534615469 0.0 0.0 0.0 0.0 0.26964486655900893 0.3370945721536996 0.0 0.0 
0.0 0.20286187623450125 0.0 0.0 0.0 0.0 0.11096159086219254 0.33287229949793834 0.35 0.0 0.0 
0.0 0.19348774204966987 0.10115713293993799 0.0 0.0 0.0 0.11553295135560546 0.28008969742195877 0.3097324762328278 0.0 0.0 
0.0 0.19762222423319212 0.0 0.0 0.0 0.0 0.1049885151950566 0.34968627900434035 0.34770298156741086 0.0 0.0 
0.18334547022763614 0.1850195611639644 0.10227500528078304 0.0 0.14794977599750309 0.0 0.0 0.0 0.17938609215050147 0.10784735380621017 0.0 
0.0 0.20137996100333275 0.10669997648801598 0.0 0.0 0.0 0.1038263950271075 0.27253461472584684 0.31555905275569696 0.0 0.0 
0.0 0.24115221119153854 0.0 0.0 0.0 0.0 0.11119050007147532 0.2951770656307383 0.35 0.0 0.0 
0.0 0.23133070761683452 0.0 0.0 0.0 0.0 0.10136628505945698 0.3253985488935144 0.3419044584301942 0.0 0.0 
0.1520029223143161 0.2343306192893462 0.0 0.0 0.12676671811125162 0.0 0.0 0.14718710153933517 0.339712638745751 0.0 0.0 
0.0 0.25490421369256755 0.11703115655089484 0.0 0.10429305316139213 0.0 0.0 0.19355466774565724 0.33021690884948823 0.0 0.0 
0.22581194048106876 0.2145556003944693 0.10336239312846922 0.0 0.12622350735673332 0.0 0.0 0.11057307522187017 0.21613400626014945 0.0 0.0 
0.0 0.3243769659354348 0.0 0.0 0.0 0.0 0.0 0.32333841655479695 0.35 0.0 0.0 
0.0 0.26082476083957884 0.0 0.0 0.0 0.0 0.12390211610909593 0.27034898183805756 0.34021817957678985 0.0 0.0 
0.19022509358082745 0.2579385186819682 0.0 0.0 0.1684078330252586 0.0 0.0 0.0 0.2412230194614318 0.142205535250514 0.0 
0.1988257408349397 0.22037531191567886 0.10672227792649891 0.0 0.1495232239020537 0.0 0.0 0.10507749067905237 0.21947595474177645 0.0 0.0 
0.0 0.22737575065674226 0.13017443631549405 0.0 0.0 0.0 0.10666169074604386 0.2029710972492428 0.3305371591232289 0.0 0.0 
0.0 0.23670000947097936 0.0 0.0 0.0 0.0 0.10371904742258871 0.3195295233180698 0.34005141978836223 0.0 0.0 
0.17919496425229225 0.2560621589152103 0.0 0.0 0.11705786594990007 0.0 0.0 0.12117696942770155 0.3241384863332255 0.0 0.0 
0.1438738886490295 0.23512598078486702 0.10009251451341869 0.0 0.12309433362171433 0.0 0.0 0.0 0.28618507626130263 0.111628206169668 0.0 
0.12882904113793775 0.22744602820673765 0.1023790196352147 0.0 0.10486198683739774 0.0 0.0 0.1332493443069106 0.3032345798758016 0.0 0.0 
0.23768564856364496 0.2092640847451904 0.10506602550695227 0.0 0.16587025267846078 0.0 0.0 0.10130171037121835 0.18081227813453318 0.0 0.0 
0.0 0.2748773726462618 0.11370445181050343 0.0 0.0 0.0 0.0 0.2664433950130756 0.3348749802841817 0.0 0.0 
0.11959582270417193 0.22688279041776052 0.10353724971565512 0.0 0.10139183704294343 0.0 0.0 0.1693358347678518 0.27925646535161713 0.0 0.0 
0.19601527002470465 0.1990350189759473 0.10521372151094292 0.0 0.14790531898059225 0.0 0.0 0.10359218390174033 0.21637358599535586 0.0 0.0 
0.0 0.237236948709945 0.11648019535667825 0.0 0.0 0.0 0.10517041212076692 0.2251327675320577 0.31597967628055207 0.0 0.0 
0.19267856114652301 0.26357689048580485 0.0 0.0 0.15853489600853196 0.0 0.0 0.0 0.2607597044526394 0.10784308180006022 0.0 
0.17916403592804062 0.25543951480203936 0.1146831395430993 0.0 0.13121135571379855 0.0 0.0 0.12066868351381586 0.19883327049920638 0.0 0.0 
0.0 0.24383833015718653 0.10418339395816482 0.0 0.10822932425321216 0.0 0.0 0.20288700796128128 0.3408619436701552 0.0 0.0 
0.16164743364092674 0.22783038266283198 0.10040512167170271 0.0 0.16947995083109954 0.0 0.0 0.0 0.17752930218650045 0.1498901123151842 0.0 
0.0 0.213463282311067 0.11776866737387932 0.0 0.0 0.0 0.15077743115681388 0.20916038844212828 0.29736073805214525 0.0 0.0 
0.2159262298035756 0.21987216412308377 0.10670688846577157 0.0 0.1491691590414885 0.0 0.0 0.1048679664410411 0.20345759212503944 0.0 0.0 
0.0 0.22524538974433278 0.10986181213963235 0.0 0.0 0.0 0.10739984303671482 0.22990519298906295 0.32707205290343894 0.0 0.0 
0.0 0.25469534973346786 0.10044491983310824 0.0 0.1043456676269415 0.0 0.0 0.19932087756048625 0.33076801868931877 0.0 0.0 
0.0 0.15302187332162157 0.1482873603471035 0.0 0.0 0.1175432114928267 0.13070989320713905 0.0 0.1390527270125272 0.16126681166516252 0.15011812295361934 
0.19480650034499378 0.2280764634437316 0.1026125124948742 0.0 0.13298766385715274 0.0 0.0 0.0 0.2387434450349471 0.1012806770722733 0.0 
0.1983016934948 0.21670345532699783 0.1069181430729689 0.0 0.1489704873922411 0.0 0.0 0.0 0.22759768008457357 0.10150854062841855 0.0 
0.14655209732141947 0.235647976346519 0.1038503445424036 0.0 0.17529535340227265 0.0 0.0 0.0 0.18362090390889427 0.155033324478491 0.0 
0.0 0.22315618407558088 0.10884281716281174 0.0 0.0 0.0 0.10640368342097284 0.22777276651403747 0.32403838021521303 0.0 0.0 
0.17481935347153546 0.24515486267326583 0.0 0.0 0.1208403239192682 0.0 0.0 0.12327283104145102 0.3359126288944794 0.0 0.0 
0.0 0.12806523920650792 0.1558859403971679 0.0 0.0 0.1051219491953578 0.13740776404754623 0.0 0.14617810354435834 0.1695304881847799 0.15781051542428193 
0.16205692301021893 0.26454397786825873 0.0 0.0 0.13095714959696397 0.0 0.0 0.15735810285554008 0.28081582879133377 0.0 0.0 
0.0 0.25388607761481125 0.10297375418301101 0.0 0.0 0.0 0.0 0.29276444187786516 0.35 0.0 0.0 
0.1962313110540349 0.2679719734638298 0.0 0.0 0.16104756401310036 0.0 0.0 0.0 0.26510781151271695 0.10964133995631813 0.0 
0.18628671163338417 0.2364279992166509 0.10054763179425996 0.0 0.12342158302094404 0.0 0.0 0.0 0.21775214984805394 0.135563924486707 0.0 
0.22720612050636996 0.23135818868874858 0.10759320935060447 0.0 0.11107580840612555 0.0 0.0 0.11034622260637736 0.21242045044177402 0.0 0.0 
0.15918941659125982 0.26792188176161874 0.0 0.0 0.17380499746784744 0.0 0.0 0.0 0.284743759650799 0.11195088843201567 0.0 
0.20644970234132098 0.21204521001178653 0.10291300275128291 0.0 0.14386555821808594 0.0 0.0 0.10113946226002224 0.19622380559667443 0.0 0.0 
0.0 0.315744685353244 0.0 0.0 0.0 0.0 0.0 0.3339299717235323 0.35 0.0 0.0 
0.0 0.11804362189221267 0.1614064947016754 0.0 0.0 0.14459832905446168 0.14158197914187706 0.0 0.11117517265116045 0.1697987718200004 0.15339563073861232 
0.0 0.23114065716838705 0.0 0.0 0.0 0.0 0.10893080874368437 0.30881063450063406 0.35 0.0 0.0 
0.1846143916655289 0.2503306047440352 0.0 0.0 0.16344063267582304 0.0 0.0 0.0 0.23410813029602692 0.1380111734343265 0.0 
0.0 0.25672779444450866 0.11715692368472255 0.0 0.11643536060894046 0.0 0.0 0.1936890243670858 0.31599089689474247 0.0 0.0 
0.11813912008633862 0.26474480161066244 0.0 0.0 0.13067051784104378 0.0 0.0 0.13508847361992296 0.34557742967149324 0.0 0.0 
0.0 0.221588669989996 0.1228476666726319 0.0 0.0 0.0 0.10563831770641782 0.21464190820820672 0.33528343742274747 0.0 0.0 
0.17944078773000866 0.22038885930310195 0.10005394207951093 0.0 0.16177852392913253 0.0 0.0 0.0 0.1990977081942721 0.13924017876397382 0.0 
0.13990799704578202 0.23000710290611107 0.10563561835595162 0.0 0.11051020091319039 0.0 0.0 0.14397877479881158 0.26996030598015325 0.0 0.0 
0.0 0.12683368935619735 0.17002418262467578 0.0 0.0 0.11596144587294029 0.152490564459585 0.0 0.1271386098841817 0.16118260081850758 0.14636890698391228 
0.0 0.25210540532485637 0.10043038725577147 0.0 0.10526304943444921 0.0 0.0 0.20603881928385828 0.3361623387010646 0.0 0.0 
0.12081636216439258 0.23554858898171832 0.10459390283299069 0.0 0.102426595074261 0.0 0.0 0.1710639977060742 0.26319516247384944 0.0 0.0 
0.0 0.23040474468554514 0.0 0.0 0.0 0.0 0.10858399160254359 0.3078274340392899 0.35 0.0 0.0 
0.0 0.29180237009140975 0.0 0.0 0.0 0.0 0.0 0.34900585529914413 0.35 0.0 0.0 
0.13588238641177228 0.22065631559643942 0.10449724936784242 0.0 0.1285335495230905 0.0 0.0 0.10633955876634552 0.3040909403345098 0.0 0.0 
0.0 0.2439848245097315 0.10985770625470082 0.0 0.10851422024594629 0.0 0.0 0.1922560680228139 0.34538718096680765 0.0 0.0 
0.0 0.3101664442929626 0.0 0.0 0.0 0.0 0.0 0.34077478833162284 0.3490587673754146 0.0 0.0 
0.0 0.22618185921114012 0.1003241252164129 0.0 0.0 0.0 0.10788333728018677 0.23094018367630745 0.3285444708354215 0.0 0.0 
0.12027997837003712 0.23705515297142904 0.1042609833568789 0.0 0.1272684323451782 0.0 0.0 0.13253972609797107 0.2785957268585056 0.0 0.0 
0.13313512043411546 0.22509169450164573 0.10430775265860051 0.0 0.1110314329870585 0.0 0.0 0.1288891734126455 0.2975448260059342 0.0 0.0 
0.0 0.25644968724522094 0.11703001033670106 0.0 0.11630922891327783 0.0 0.0 0.1934792055891227 0.3156485913663287 0.0 0.0 
0.0 0.23211485353684277 0.10317458948548708 0.0 0.0 0.0 0.10305307198703689 0.24675591919429818 0.30440291364926336 0.0 0.0 
0.0 0.30934804399048027 0.0 0.0 0.0 0.0 0.0 0.3398756253338824 0.35 0.0 0.0 
0.0 0.20838720791637788 0.0 0.0 0.0 0.0 0.11398384228193975 0.3281514593707318 0.3494774904309505 0.0 0.0 
0.0 0.11804362189221267 0.1614064947016754 0.0 0.0 0.14459832905446168 0.14158197914187706 0.0 0.11117517265116045 0.1697987718200004 0.15339563073861232 
0.1807339786013685 0.2218997477906007 0.1015608133611776 0.0 0.150487955004984 0.0 0.0 0.0 0.2005325622316546 0.14478494301021472 0.0 
0.0 0.2425734247233414 0.0 0.0 0.0 0.0 0.103014919750765 0.3161853861354094 0.33822626939048434 0.0 0.0 
0.0 0.31620244768086064 0.0 0.0 0.0 0.0 0.0 0.3345664976634386 0.34923105465570076 0.0 0.0 
0.0 0.29615319221740904 0.11655425937730854 0.0 0.0 0.0 0.0 0.2604330225526385 0.3264345788764142 0.0 0.0 
0.0 0.2532968795345816 0.10263628339308756 0.0 0.0 0.0 0.0 0.29180497945711636 0.3491779468841767 0.0 0.0 
0.0 0.2305613792677791 0.10030392913999031 0.0 0.0 0.0 0.10099942384617305 0.2661327768994425 0.3020024908466151 0.0 0.0 
0.0 0.1264498102744956 0.16950958175305916 0.0 0.0 0.11561047308660513 0.15202903142250263 0.0 0.12978044132968633 0.16069476017378154 0.14592590195986951 
0.0 0.26028936433732003 0.0 0.0 0.0 0.0 0.12364778151534901 0.27163594178796785 0.344426912359363 0.0 0.0 
0.0 0.21619825833929598 0.12478507277609262 0.0 0.0 0.0 0.10691397010562846 0.21184422793377936 0.3402584708452035 0.0 0.0 
0.10058955973817195 0.23847522904513516 0.10380529400071165 0.0 0.11640131352464404 0.0 0.0 0.14654803161529464 0.2941805720760425 0.0 0.0 
0.0 0.21106555643562377 0.1316933556120014 0.0 0.0 0.0 0.10536177676786894 0.20694540760097097 0.34493390358353476 0.0 0.0 
0.11772515889105996 0.23433890951360722 0.10000289237202377 0.0 0.10356281087440967 0.0 0.0 0.13235723271723782 0.3120129956316616 0.0 0.0 
