-0.010043500046012916 4.523169009695727E-4 
-2.2014288858062032E-4 8.88009884929738E-5 
-0.010043500046012916 4.523169009695727E-4 
-2.2014288858062032E-4 8.88009884929738E-5 
-0.009525449927071524 3.6555420875960447E-4 
-0.009590766962151966 4.4189347673432493E-4 
-0.00514871955478635 1.5313536747709855E-4 
-0.004334057620564407 1.3407360061131582E-4 
-0.009661141311862239 4.4220552293879154E-4 
-0.008220072899508636 2.6054615109092304E-4 
-0.008299457040189024 2.6642436140451967E-4 
-0.004968881298709501 1.478746183567259E-4 
-0.004026516000029415 1.2240885941178762E-4 
-0.007956437586073957 2.4709881407613524E-4 
-0.009939893129462564 4.4817294574893505E-4 
-0.009191909286870727 3.3400272495032787E-4 
-0.003239714582914814 1.0543510923190803E-4 
-0.004193505917305069 1.263219273362278E-4 
-0.007820439470963579 2.3926117164587335E-4 
-0.008922445057085355 3.116747604189723E-4 
-0.00897891948855042 3.1632698483288584E-4 
-0.0033424267665940685 1.0677676203764568E-4 
-0.001404073114036485 9.250559195025494E-5 
-0.008686629863742088 2.930070361539097E-4 
-0.00675047515997382 2.0061431669294785E-4 
-0.00299801729790369 1.0345175840070626E-4 
-0.009081284716421913 3.2823165850304854E-4 
-0.0020116774453916297 9.867188355136596E-5 
-0.0088428842609186 3.0561899115670745E-4 
-0.002917730699054591 1.0289111061697684E-4 
-0.007161076715516185 2.104889016965676E-4 
-0.0059942357572750175 1.887119235938841E-4 
-0.005699811492788173 1.7430558768733514E-4 
-0.007994388029970368 2.494545393531125E-4 
-0.004295072981131483 1.2838712542097129E-4 
-0.0057514856111186095 1.7886727939494976E-4 
-0.008574368016748166 2.8628867283347453E-4 
-0.002390454667489052 1.0080980136030688E-4 
-0.007507027298713154 2.275564353043837E-4 
-0.0070611105714966475 2.084992130083795E-4 
-0.0035557088460152564 1.0899008904867411E-4 
-0.005870494593159005 1.8323376545583274E-4 
-0.0012327336694998592 9.184934064458759E-5 
-0.006264590742298269 1.9164977290349151E-4 
-0.0076570180058888986 2.3306324569930263E-4 
-6.032182338055439E-4 8.951299392741791E-5 
-0.0010146317895115926 9.083878458277145E-5 
-0.0026760503908733 1.0146239015278985E-4 
-0.004579648690743946 1.393472647443598E-4 
-0.00943537662978337 3.5761591279738004E-4 
-0.0053000819962168615 1.582101290692308E-4 
-0.009510371914193665 3.645021086590346E-4 
-0.008494468837709072 2.786423695631607E-4 
-0.0026458276790192322 1.0136302506814884E-4 
-0.009043162284518255 3.2268853322724503E-4 
-0.00933359868883403 3.4924728007716227E-4 
-0.008366776930322827 2.7350216007128084E-4 
-0.007306792033027424 2.1550891430995972E-4 
-0.0036472980816033528 1.1164635819699363E-4 
-0.005398507351529774 1.6203795385751583E-4 
-0.009386621219479873 3.52405858912422E-4 
-0.008095792196894342 2.5529479595947155E-4 
-0.004579648690743946 1.393472647443598E-4 
-0.007366150199550152 2.1872310917569316E-4 
-0.009233407963181879 3.388761748293935E-4 
-0.003893371084623837 1.1992104738725434E-4 
-0.008726002097087314 2.955411684496614E-4 
-0.0016471030191466873 9.613744871133395E-5 
-0.0018417009502995228 9.810837664471179E-5 
-0.0066126976915438195 2.001556076568661E-4 
-0.00552500007722686 1.669371191310485E-4 
-0.006108596835384447 1.911398234442538E-4 
-0.006913394030240652 2.03786761390613E-4 
-0.0037695176089882097 1.1401024847696112E-4 
-0.008776340504954107 2.995123540650317E-4 
-0.0017717232550110492 9.78171394667766E-5 
-0.0015856359885898725 9.374433669198328E-5 
-0.004859855247499047 1.4509178028382353E-4 
-0.0011133114424967845 9.087243683114526E-5 
-0.008095792196894342 2.5529479595947155E-4 
-0.00648877808442957 1.957789556996886E-4 
-0.006582459306929057 1.9721776957905081E-4 
-0.008571222252823587 2.846782615265566E-4 
-0.009306290378215827 3.4438061706463163E-4 
-0.005850140966413257 1.8163582274340648E-4 
-0.004714772246596017 1.418644180212497E-4 
-0.008464675599748981 2.773751205267287E-4 
-0.008794890082042275 3.0217247205949823E-4 
-7.627861907624732E-4 8.954467715237474E-5 
-0.006386273718881584 1.9318049070294054E-4 
-0.0023530064223871235 9.962131890953191E-5 
-0.0038462205663309995 1.191401984190774E-4 
-8.242590266788292E-4 8.983429020903257E-5 
-2.824136758390373E-4 8.882244868539132E-5 
-0.007752881121960476 2.3516485292847882E-4 
-0.0038138709639590563 1.1469437535905665E-4 
-0.0022017950709207834 9.901492430574849E-5 
-0.010011471439591996 4.5092439836156683E-4 
-0.005609905316161687 1.7066881563257793E-4 
-0.007465539648444796 2.2194176913131188E-4 
