-0.010043500046012916 4.523169009695726E-4 
0.0015262958694877656 6.881487697014464E-5 
-0.009524203163900579 3.6541712624512437E-4 
-0.009590766962151966 4.4189347673432493E-4 
-0.004670489951995783 1.329888887984693E-4 
-0.004252014676791874 1.2770053054825172E-4 
-0.004984664104751244 1.384402515203028E-4 
-8.518718253174452E-4 7.891348775777871E-5 
-0.009312271763569828 3.4490480087515015E-4 
-0.005724701111367858 1.7543582508741933E-4 
-0.002888263607276541 1.0383421733473853E-4 
-0.002618619366480693 1.0169850283349441E-4 
7.094591951823559E-4 7.00520820731534E-5 
-0.007663393830094416 2.3024012446893846E-4 
-0.0058499868866032185 1.8391717651495686E-4 
-0.007483344316876047 2.2342702465512853E-4 
-0.0011804739136121822 8.196674129071606E-5 
-0.003998258209880565 1.2345119795636333E-4 
-0.009903654039386586 4.4833464731970765E-4 
8.145715789826743E-5 7.319202442656613E-5 
-4.30886715599805E-4 7.625975904713304E-5 
-0.009770851722859736 4.436525288301358E-4 
-0.006624119131049659 1.964812277188986E-4 
-0.006420577872854454 1.946674417427363E-4 
-0.008223261370932624 2.633188116705343E-4 
-0.009458665020095167 3.5869604696565606E-4 
-0.0030956549015407377 1.0484798503777884E-4 
-0.0024445390405621794 9.964817315309103E-5 
0.0011160813728501758 6.917176698606496E-5 
-0.0032745293311352563 1.06009792717661E-4 
-0.007206695646571333 2.1684866037900946E-4 
9.173134102490156E-4 6.983091413876711E-5 
-0.007893175823567305 2.447316582602819E-4 
-2.497934937177933E-4 7.46839222682318E-5 
0.0013382098761630374 6.901343002046348E-5 
-0.005602316471295464 1.7243223613950983E-4 
-0.008601092985114241 2.865201425039541E-4 
-0.00717939184207152 2.1092337787979393E-4 
3.980127460367531E-4 7.128231282063329E-5 
-0.001260659705685997 8.297146789777721E-5 
-0.009174476008040668 3.3461317651826755E-4 
-0.001931037510514153 9.12021597025E-5 
-0.008293467163020374 2.6782136328559606E-4 
-0.005933384637270665 1.868465053598648E-4 
-6.624463713779459E-5 7.435500053758928E-5 
3.5213759413793805E-4 7.149435527909276E-5 
-0.003800134121668363 1.157081356254052E-4 
-0.009377539406565317 3.519661894621728E-4 
-0.006029149158734645 1.9075651597258404E-4 
-0.006231565034390377 1.9404773342228702E-4 
-0.00803308979986026 2.5068736677024523E-4 
-0.00921818742950886 3.366088870537023E-4 
-0.003615010423013857 1.1089720810814773E-4 
-0.001688453049091073 8.933869893467628E-5 
-0.009042948354662555 3.211407186174239E-4 
-0.00769094950005266 2.349461695719367E-4 
-0.0037080564079705943 1.1417172243367353E-4 
-0.001458440092150813 8.675575503939485E-5 
-0.003461172260658028 1.0747382558170605E-4 
-0.00780599979879949 2.374026446533808E-4 
-0.008727680053101644 2.9573308075907245E-4 
-0.007961171261115625 2.465330995449788E-4 
-0.0051033538111143265 1.4481316209825093E-4 
-0.007360500296885165 2.1954043501138922E-4 
-0.008058127243310249 2.552123927446636E-4 
-0.008942719033264495 3.1294152556826015E-4 
-0.0014581679234791033 8.604196434561043E-5 
-0.00838437137559989 2.711466607198087E-4 
-0.009107686946126565 3.266710161806853E-4 
-0.00616436688247256 1.9123185512626668E-4 
-0.001724441434726488 8.950138669416864E-5 
-0.005433841772112833 1.632322900633973E-4 
-0.005538830421681542 1.6779978910372024E-4 
-0.0039009209682638844 1.2014846281893423E-4 
-0.005125669321419186 1.5241444353395584E-4 
-0.0053132783256353185 1.5897433965140193E-4 
-6.339617037978578E-4 7.78756733346432E-5 
-0.009409312638851683 3.540235573339949E-4 
-0.006856078612326796 2.0167527175722486E-4 
-0.008577163936474877 2.8451970918160917E-4 
-0.0020647771095898384 9.51127252112232E-5 
-0.008942719033264495 3.1294152556826015E-4 
-0.009523566980665005 3.6535726775444776E-4 
-0.010027998897662063 4.5212163226554443E-4 
-0.008513111150909441 2.799516776271704E-4 
-0.003498866002553325 1.0931965113630227E-4 
-0.008495056903312575 2.7868833395920385E-4 
-0.008140461950599528 2.576785089290593E-4 
-0.002268810609106946 9.848653671248211E-5 
-0.002032825448483792 9.247866006916227E-5 
-0.005107282676656174 1.449449914718126E-4 
-0.008771992058765016 2.991851794483466E-4 
-6.6199150388104E-4 7.81356896806295E-5 
-0.005354243429595348 1.6110082278279034E-4 
-0.006928303831458484 2.0328332826247296E-4 
-0.0054892674373309205 1.664329373065985E-4 
-0.008835550584657029 3.040316840617151E-4 
-0.008875378632228367 3.0725050429096187E-4 
-0.007425323468939274 2.2014947564983402E-4 
-0.009107686946126565 3.266710161806853E-4 
