-0.010043500046012916 4.523169009695727E-4 
-0.010043500046012916 4.523169009695727E-4 
0.001525502834503359 6.882384049260588E-5 
-0.009516914565552499 3.6462263139640607E-4 
-0.009590766962151966 4.4189347673432493E-4 
-0.006078954426123488 1.8452515791328813E-4 
-0.009761957152596984 4.4354220063372795E-4 
-0.005023087978060125 1.406690692326835E-4 
-0.0058917249490189625 1.7182203082389018E-4 
-0.007845404593841903 2.3924355477926657E-4 
-0.010025125932126655 4.515058550026338E-4 
-0.005502690739408131 1.5584162723759632E-4 
2.2401250471127364E-4 7.206649736512825E-5 
-0.00808430939611018 2.552481493665667E-4 
-0.005727323987064819 1.6531096694749034E-4 
-0.009456003311092486 3.5896397243574175E-4 
-0.005200714984363655 1.4925156113011027E-4 
-0.007335862705364965 2.172488309875925E-4 
4.921792182150189E-4 7.08752994448613E-5 
-0.0025404602953372317 1.0145860457273659E-4 
-1.2635930282713786E-4 7.38699278443104E-5 
-0.005246370747127801 1.4988521096533428E-4 
0.001091687220078314 6.935193481820263E-5 
0.0013999502901756206 6.88559823436758E-5 
-0.00754019798103201 2.2480484141226234E-4 
-0.007185872181528512 2.1254114437145545E-4 
-0.008139863674540723 2.633816894055701E-4 
-0.008253341584590559 2.6734202165545917E-4 
-0.0028929081392504346 1.03734277185071E-4 
-0.0046413776280663736 1.3105470816780328E-4 
-0.00791079007712541 2.4273885716207975E-4 
-0.0020992649411250407 9.347424131891292E-5 
-0.0027767568487894493 1.0208220545039783E-4 
-0.004665125416689629 1.3134839337467546E-4 
-0.009077930189729626 3.2405419650940835E-4 
-0.008461580891000768 2.792267902015443E-4 
-0.0016423883836439526 8.721532127088763E-5 
3.0669547675055576E-5 7.283366503778374E-5 
-0.005476197253563018 1.5528351929856184E-4 
-0.009131591134294983 3.287459921885445E-4 
-0.004272518509051711 1.3018937137000128E-4 
-0.003988402170738298 1.1946576256661117E-4 
-0.008943433788983143 3.136237610488617E-4 
-0.001399604693593152 8.715956390760374E-5 
-0.006189049278072645 1.912699189736612E-4 
-0.007643373442714367 2.293033245869423E-4 
-0.008522952070418904 2.8282127719832413E-4 
-0.008700243766188647 2.939192850297716E-4 
-0.002226360472864084 9.542977171083798E-5 
-0.0058802390220951345 1.7110644740569054E-4 
-0.009383372468577905 3.5214930645740763E-4 
-0.0017149449345820824 9.01252578036942E-5 
-0.0048697792767265595 1.381518400590724E-4 
-0.0066011568738831555 1.9652250141749916E-4 
-3.739008563172104E-4 7.520513280195786E-5 
-0.009252834120709194 3.3985207671944956E-4 
-0.007086300823527694 2.0871860003746144E-4 
-0.00929526977613455 3.434028751481938E-4 
-7.357370170637772E-4 7.811469325134432E-5 
-0.008411528988704862 2.7307831183462903E-4 
-0.006422761942160473 1.9544079954839316E-4 
-0.008831289894493513 3.036959172642976E-4 
-6.453471616151105E-4 7.728039491742956E-5 
6.64714923644823E-4 7.035738723819049E-5 
-0.008026987143576353 2.492288840383396E-4 
8.019690948478208E-4 7.008857766412554E-5 
-0.00572732398706482 1.653109669474904E-4 
-0.002398369103179488 9.920471921878402E-5 
-0.008634213265356672 2.886597581332653E-4 
9.70448994498568E-4 6.958158865109205E-5 
-0.00416013021417405 1.2559984370888957E-4 
-0.0010902097740698516 8.304434393523163E-5 
-0.006356123718825636 1.9328117328278212E-4 
-0.007643373442714367 2.293033245869423E-4 
-0.0032761477809699897 1.0563459609367812E-4 
-0.0041132840998828486 1.2491473009853898E-4 
-0.007313160305459523 2.157422648903821E-4 
-3.624891907588108E-4 7.513497421731532E-5 
-0.0019074115792292988 9.195545950332692E-5 
-0.0023325988164714234 9.780232657667243E-5 
-0.008774090821369564 2.993621321735755E-4 
-0.0048697792767265595 1.381518400590724E-4 
-0.006767239245236787 2.0005810430366204E-4 
-0.003679406570682449 1.1264469256664652E-4 
-0.006668061874479478 1.9918871755741392E-4 
-0.0031299939148049533 1.0455397255652895E-4 
-0.009334272037793242 3.4855661643965917E-4 
-0.0033440481201657546 1.0732907145632141E-4 
-0.003917941735999465 1.1861673977681804E-4 
-9.392912423337181E-4 8.0740335726713E-5 
-0.0038306493572009843 1.1596290305877741E-4 
-0.008874091211309892 3.1016014595226554E-4 
-0.009149030673105792 3.3506194675297094E-4 
-0.003756821395167277 1.1524844196196668E-4 
-0.004272516500988959 1.3018934673345842E-4 
-0.0091985505543129 3.350895330122344E-4 
-0.001903916257369422 9.046311465090577E-5 
-0.0013082288069203518 8.56112819190242E-5 
-9.200718729880219E-4 7.956812384822112E-5 
-0.008998256776795258 3.1960245521486455E-4 
