-0.013690058692246166 5.785409196862256E-4 
-0.0037515283883556207 2.4884357307812204E-5 
-0.006784625242663173 7.520304023856379E-5 
-0.006282291971166314 7.336327319887872E-5 
-0.01293788134370423 4.770323616742684E-4 
-0.004488695590244491 2.8624195058140364E-5 
-0.013577820231211539 5.622183845476259E-4 
-0.01340722727697567 5.423746899160174E-4 
-0.013010965057400714 4.8712558925988496E-4 
-0.00824713372432406 1.1721758257362129E-4 
-0.01104108345426652 2.8337927119405625E-4 
-0.012840033066634518 4.650002479874537E-4 
-0.012025486967594434 3.79438469223173E-4 
-0.008407611755398182 1.250155595744732E-4 
-0.004121892829727948 2.5848846631958883E-5 
-0.01329554084041439 5.293504213648219E-4 
-0.00928597317464632 1.7355885944415975E-4 
-0.011135345723299776 2.92654624519951E-4 
-0.010460840930635491 2.4478903570145495E-4 
-0.00942655148278536 1.8048415086004967E-4 
-0.012123555486147542 3.919593244184216E-4 
-0.011245130932036124 2.9859737862713816E-4 
-0.0074392690973376484 9.011657469542572E-5 
-0.009183160675283153 1.6744605509331684E-4 
-0.00884765853640409 1.4568115920229633E-4 
-0.00501994899980485 3.5667301443235E-5 
-0.00871704258773119 1.3924011066964088E-4 
-0.011820257370947208 3.603111229441899E-4 
-0.011500761460121023 3.2614546405777193E-4 
-0.004683949820644337 3.0893359910067614E-5 
-0.011328050356333406 3.070028710449317E-4 
-0.010944378479636427 2.7471014825267473E-4 
-0.00721964522871467 8.798837952311431E-5 
-0.009679871053699749 1.9607341045129874E-4 
-0.0048408021443870925 3.295033785464229E-5 
-0.007805909800667541 1.0153328034784893E-4 
-0.011565417558923017 3.343453120609768E-4 
-0.004205053924037083 2.6301740867965824E-5 
-0.011649173248144695 3.41117377348282E-4 
-0.005156058619546502 4.020415204287446E-5 
-0.005301665150343977 4.2397410751613557E-5 
-0.008932437189981645 1.5207819177961735E-4 
-0.010010570391939488 2.1844039144058465E-4 
-0.011875500216073375 3.660436794045076E-4 
-0.011980513417685362 3.7317827969303007E-4 
-0.007136568969515804 8.330979090506434E-5 
-0.012458851423166072 4.2322020507153774E-4 
-0.008596410410995119 1.3524581138900577E-4 
-0.007692996623459132 9.679733604291465E-5 
-0.005452200672150539 4.584772823827368E-5 
-0.009945362703038849 2.116289667956829E-4 
-0.013486729299348367 5.494457068443819E-4 
-0.013173106927521296 5.072601805404951E-4 
-0.00811578781127429 1.1264536277616276E-4 
-0.007539331769195021 9.513071141199517E-5 
-0.00849396279352839 1.3017939091371187E-4 
-0.010094840276153424 2.251853601258053E-4 
-0.012646731861607976 4.415607765378204E-4 
-0.01076042182881706 2.6541473293084444E-4 
-0.010333744050225777 2.396375179465677E-4 
-0.012258577805990599 4.0404353370252275E-4 
-0.010665042247857897 2.603208312530641E-4 
-0.010180594983777552 2.2937531860337947E-4 
-0.005848057696002009 5.8820990681101365E-5 
-0.009783143261462644 2.0251152298226258E-4 
-0.012145666694918992 3.978527181396866E-4 
-0.010864893669108438 2.6951007919471116E-4 
-0.00598439078321848 6.098887322578998E-5 
-0.007954089360767582 1.0551805001751636E-4 
-0.00612238694287764 7.12997862417898E-5 
-0.013092249266582486 4.977906784388874E-4 
-0.00957415054453694 1.9065899166318908E-4 
-0.012587860935594566 4.340362909663946E-4 
-0.012790289963857223 4.5771179677127783E-4 
-0.010201980496307304 2.3913721069820107E-4 
-0.009516343327816822 1.8595587949385954E-4 
-0.009047443115742035 1.6199246226420593E-4 
-0.009849605697424275 2.0634307641304432E-4 
-0.01142626172416421 3.178876889958763E-4 
-0.012519280573489939 4.29511504956028E-4 
-0.0060843483531361755 6.514366291146523E-5 
-0.01352562361256571 5.56684086122186E-4 
-0.011716158615990895 3.50499325656935E-4 
-0.012374529428881323 4.16059214238387E-4 
-0.010585459231871652 2.5177575631202433E-4 
-0.013224909086515545 5.153349522578309E-4 
-0.01140102684735754 3.136822361332228E-4 
-0.00903368204060284 1.573861760894273E-4 
-0.007980906756643286 1.1122647116723909E-4 
-0.006926663030699011 7.9558592559007E-5 
-0.006944874413182138 8.177123990856509E-5 
-0.012705128803540605 4.47850777891939E-4 
-0.005527387972889755 5.106982861783717E-5 
-0.01273482044192666 4.5172390358117664E-4 
-0.013120649629827678 5.002561462383266E-4 
-0.005724730649681955 5.555258804084356E-5 
-0.011683917310196176 3.5044463937102823E-4 
-0.010613351226237628 2.535923729454377E-4 
-0.012317317870073563 4.0832923102128286E-4 
-0.013270941878576211 5.233198652292932E-4 
