-0.013698792162351307 5.79052713100763E-4 
-0.003555917095149709 1.6966280626757058E-5 
-0.013698792162351307 5.79052713100763E-4 
-0.004105537700161254 2.7128028905411513E-5 
-0.00521237917174573 4.058455381658485E-5 
-0.011433664832664904 3.1769109074854983E-4 
-0.012985341051422522 4.950636200745859E-4 
-0.01076944516608479 2.636674862352156E-4 
-0.006212373327645315 6.930912334524001E-5 
-0.011295996445911689 3.0378216856263526E-4 
-0.005449265764689363 4.8679824268196015E-5 
-0.009284421078764237 1.762465144688853E-4 
-0.010596540632523424 2.5236018967151035E-4 
-0.012028356154620126 3.8759506920890414E-4 
-0.009642835354436287 1.9478822057912942E-4 
-0.009689776183242878 2.030667239180893E-4 
-0.0043886896117166395 2.854875028444444E-5 
-0.008231365617335753 1.2217108255982328E-4 
-0.004750723634687538 3.194229694958425E-5 
-0.005758757267343402 6.009079668605242E-5 
-0.010870746918288928 2.7030516484909974E-4 
-0.007455490030427942 9.00934984535987E-5 
-0.004515457028677826 3.147392589129834E-5 
-0.00753086386389602 9.825153984226358E-5 
-0.011191835116666885 2.9498444395833676E-4 
-0.008777383669526954 1.4548787753190275E-4 
-0.01095026893026041 2.775957305253741E-4 
-0.012922771983296775 4.759240455373657E-4 
-0.011566271178091472 3.336723125475568E-4 
-0.010031893138883776 2.1906993660769975E-4 
-0.009899465109326093 2.095287816768308E-4 
-0.008899604083134144 1.4812827967791923E-4 
-0.012627426071112967 4.3993665114547254E-4 
-0.008642841370229932 1.3941956206125342E-4 
-0.007998662205829442 1.0787844625438703E-4 
-0.006706302663216831 7.660572826691928E-5 
-0.006015430858836141 6.358466140188699E-5 
-0.012173999037003782 3.96571691727552E-4 
-0.009462582919079681 1.8477947691979198E-4 
-0.009478650532696942 1.856956958358922E-4 
-0.012498147210288621 4.2823653880676713E-4 
-0.009012910103280215 1.5883447126226362E-4 
-0.005031851385435497 3.8365724579952566E-5 
-0.011968593635464347 3.7829633790661135E-4 
-0.009138925505434537 1.6629819009190288E-4 
-0.006433827961599356 7.308917853318528E-5 
-0.011879374717717925 3.6730707947277215E-4 
-0.013130357448214407 5.114185821921768E-4 
-0.0132733322241788 5.226097448364641E-4 
-0.010156150850315473 2.243229949036084E-4 
-0.013351848193433042 5.320982036542401E-4 
-0.012556054287916781 4.353274429167431E-4 
-0.011761910558409982 3.5574651727767457E-4 
-0.006463934075873952 7.476581015394861E-5 
-0.0038026361121750382 1.998136690695485E-5 
-0.005604625034521414 5.104029270901757E-5 
-0.011813345219666066 3.6066971519374785E-4 
-0.011695511696488543 3.4836503902423263E-4 
-0.0038026361121750382 1.998136690695485E-5 
-0.009195343935718966 1.6817252283826667E-4 
-0.005965225577774128 6.257904256182714E-5 
-0.005687933067498136 5.358517042883849E-5 
-0.013487992955780546 5.496720891529674E-4 
-0.012255985863989865 4.03148836780254E-4 
-0.011017112318625646 2.8504177522809714E-4 
-0.007712553166700893 9.918086971187586E-5 
-0.008993460780910048 1.5448841461029856E-4 
-0.009924836728433752 2.1118168920897132E-4 
-0.008128478514452656 1.1638171957235887E-4 
-0.013076226934324945 5.006402636975582E-4 
-0.008532940859869392 1.3422709242466672E-4 
-0.0036061018222005156 1.8581092698454077E-5 
-0.008443870647617898 1.2558196321478312E-4 
-0.013595709099708935 5.642455895998008E-4 
-0.011905146346191338 3.749070903561935E-4 
-0.007020949149456142 7.924556498021366E-5 
-0.008099946573924868 1.1262778252616018E-4 
-0.010315226429490683 2.404898128884469E-4 
-0.006776911820470891 7.787357248806697E-5 
-0.006949251128445147 7.866241551090094E-5 
-0.011620801994376012 3.4136898976965457E-4 
-0.01120915367254876 2.9758841246566557E-4 
-0.013445075147074596 5.442070733553052E-4 
-0.004899326799848956 3.6614388367365806E-5 
-0.01033691210105967 2.446303796304105E-4 
-0.012904861748489115 4.732805724141553E-4 
-0.013342322066167683 5.309246124191167E-4 
-0.013114422099640395 5.04690808112785E-4 
-0.007140944475311417 8.397213780499032E-5 
-0.011017112318625646 2.8504177522809714E-4 
-0.008452511385653368 1.2604954835337135E-4 
-0.012319769296828938 4.0916975220296726E-4 
-0.01283640438771487 4.6684389164744326E-4 
-0.012420474059509044 4.2059302137023265E-4 
-0.012355869678103948 4.133448695062149E-4 
-0.010251086765305464 2.3376144634506624E-4 
-0.013539256052270488 5.564432533113964E-4 
-0.007306540469954737 8.677253055486414E-5 
-0.01271981264037085 4.543528776744136E-4 
-0.012696139351995012 4.484909018355422E-4 
