0.0 0.3000000000000004 0.0 0.0 0.0 0.0 0.0 0.35 0.35 0.0 0.0 
0.0 0.0 0.20224750002899985 0.0 0.0 0.23811470331716203 0.19360485677020897 0.0 0.0 0.179426009286793 0.18660693059683608 
0.0 0.10594565710479906 0.1789918983815835 0.0 0.0 0.1567968116043996 0.13333586286874843 0.0 0.10052220104813517 0.14437778389716188 0.18002978509517226 
0.0 0.0 0.19401519758757857 0.0 0.0 0.23463775969060194 0.21736732931259656 0.0 0.0 0.1715826339405238 0.18239707946869904 
0.1853504594974534 0.21994857403114637 0.10095018491722921 0.0 0.18187902949452536 0.0 0.0 0.0 0.17113324366587593 0.1407385083937697 0.0 
0.0 0.2798648474549017 0.0 0.0 0.0 0.0 0.10353034655111892 0.26660480599397934 0.35 0.0 0.0 
0.0 0.11645698351170902 0.1634570471149308 0.0 0.0 0.1385872026078492 0.135657317164352 0.0 0.15217198384666944 0.10840568218672836 0.18526378356776105 
0.0 0.17462200583472826 0.10273392482883412 0.0 0.0 0.0 0.107402180653834 0.2961983804678972 0.31904350821470645 0.0 0.0 
0.13420077978231829 0.23467399467601935 0.12201897432856569 0.0 0.1356189479111386 0.0 0.0 0.10555501788137314 0.26793228542058495 0.0 0.0 
0.0 0.23299234808535282 0.11255411278669447 0.0 0.0 0.0 0.0 0.3044535391279528 0.35 0.0 0.0 
0.0 0.10690397718239214 0.15373679400077858 0.0 0.0 0.15294866563415438 0.12452723563437372 0.0 0.13970303575874748 0.14259379532621508 0.17958649646333855 
0.20763342359442946 0.29055223221300386 0.0 0.0 0.15203708594296708 0.0 0.0 0.0 0.2462866383846566 0.10349061986494323 0.0 
0.0 0.25300636007989397 0.0 0.0 0.0 0.0 0.11677858391673536 0.2802150560033706 0.35 0.0 0.0 
0.0 0.30850345461148243 0.0 0.0 0.0 0.0 0.0 0.34149654538851765 0.35 0.0 0.0 
0.0 0.21266543505266539 0.10771673086275738 0.0 0.0 0.0 0.10362645732788921 0.24341615774522718 0.33257521901146087 0.0 0.0 
0.17894246313540743 0.2285084223135169 0.10801756375706813 0.0 0.1609924449948045 0.0 0.0 0.0 0.19491730507469818 0.12862180072450483 0.0 
0.0 0.19142841980780592 0.1027812470323489 0.0 0.0 0.0 0.10980671168123997 0.257181820986605 0.3388018004920001 0.0 0.0 
0.0 0.2668090624123483 0.10418576679824201 0.0 0.0 0.0 0.0 0.28181755995533975 0.3471876108340699 0.0 0.0 
0.11077845382842094 0.2822904921676311 0.0 0.0 0.11051072088320997 0.0 0.0 0.17905735368589212 0.31736297943484604 0.0 0.0 
0.109429177156021 0.1846113151251023 0.10601783940059398 0.0 0.10916470518625175 0.0 0.0 0.1772794507626307 0.31349751236940016 0.0 0.0 
0.0 0.21817005862145553 0.14683890768345018 0.0 0.0 0.0 0.10152054356498619 0.2100367638428927 0.3234337262872155 0.0 0.0 
0.0 0.33547107227210865 0.0 0.0 0.0 0.0 0.0 0.31452892772789137 0.35 0.0 0.0 
0.0 0.2146819511481054 0.0 0.0 0.0 0.0 0.10873982604737865 0.33366979355457604 0.34290842924993986 0.0 0.0 
0.13162105662263066 0.2567792530928539 0.10421191929195364 0.0 0.1454215372239927 0.0 0.0 0.12013536293933148 0.24183087082923752 0.0 0.0 
0.1408458755947247 0.2206651401680506 0.1040023308652802 0.0 0.12810669607748476 0.0 0.0 0.10083933184411883 0.2034559760171752 0.10208464943316567 0.0 
0.0 0.3305020086252799 0.0 0.0 0.0 0.0 0.0 0.32633512541128035 0.34316286596343987 0.0 0.0 
0.0 0.21305632598996965 0.14046230870771623 0.0 0.0 0.0 0.12505211453941223 0.2056746688997991 0.3157545818631027 0.0 0.0 
0.15207396747917104 0.26824246057332546 0.0 0.0 0.12996172922786647 0.0 0.0 0.149180276100096 0.3005415666195411 0.0 0.0 
0.17320572176177265 0.21415342750843383 0.10695121163539537 0.0 0.13282752769711442 0.0 0.0 0.0 0.24931599640959523 0.12354611498768878 0.0 
0.10834525342772791 0.2754179627863177 0.0 0.0 0.12905742986107624 0.0 0.0 0.1765494340711218 0.31062991985375626 0.0 0.0 
0.12530278415680962 0.22738809284821918 0.10587048532160649 0.0 0.10732544402955647 0.0 0.0 0.15287409160514226 0.28123910203866587 0.0 0.0 
0.22384132987739574 0.24040207532923627 0.0 0.0 0.16270045769567418 0.0 0.0 0.0 0.23914668726140598 0.1339094498362878 0.0 
0.0 0.2548120161735068 0.11574767503189914 0.0 0.0 0.0 0.0 0.27944030879459403 0.35 0.0 0.0 
0.0 0.22806645595098773 0.11021597450734343 0.0 0.11214128225028604 0.0 0.0 0.19957628729138277 0.35 0.0 0.0 
0.12337095591587349 0.2758201752703832 0.0 0.0 0.12660953485347623 0.0 0.0 0.1306572254617915 0.34354210849847555 0.0 0.0 
0.1878481323668126 0.22285911595065425 0.10475699941694941 0.0 0.10794375194768897 0.0 0.0 0.12159635831340863 0.254995642004486 0.0 0.0 
0.0 0.30000000000000027 0.0 0.0 0.0 0.0 0.0 0.3499999999999998 0.3499999999999998 0.0 0.0 
0.10542224103896133 0.2212286612350403 0.1037264318720774 0.0 0.10726285713358924 0.0 0.0 0.14394467439476566 0.31841513432556595 0.0 0.0 
0.1246047974917907 0.2194487399507436 0.10497597744419995 0.0 0.1408422758791788 0.0 0.0 0.10047881150114849 0.20158163547381316 0.10806776225912508 0.0 
0.10689211645562871 0.28100503244440705 0.0 0.0 0.12898953607869967 0.0 0.0 0.13311331502126456 0.35 0.0 0.0 
0.0 0.23135457213452415 0.11229795498120551 0.0 0.0 0.0 0.10575292430889244 0.21976098484572784 0.33083356372965006 0.0 0.0 
0.0 0.2685903450353394 0.12007139203531542 0.0 0.0 0.0 0.0 0.2613382629293454 0.35 0.0 0.0 
0.19085276354570457 0.2440268992053446 0.0 0.0 0.16859337852277673 0.0 0.0 0.0 0.26103991002141286 0.13548704870476116 0.0 
0.10104954544650971 0.26966669755632866 0.1037500793024584 0.0 0.10599197095823841 0.0 0.0 0.17285875458858982 0.24668295214787508 0.0 0.0 
0.0 0.24620870479996118 0.11082677032894778 0.0 0.0 0.0 0.0 0.2957708217316183 0.3471937031394726 0.0 0.0 
0.0 0.21238791809866112 0.0 0.0 0.0 0.0 0.13142000329798992 0.306192078603349 0.35 0.0 0.0 
0.0 0.33268184128955397 0.0 0.0 0.0 0.0 0.0 0.31731815871044594 0.35 0.0 0.0 
0.0 0.23146474402389577 0.0 0.0 0.0 0.0 0.11402863636145734 0.3150562337940513 0.3394503858205956 0.0 0.0 
0.0 0.18120355135211 0.10797558930336601 0.0 0.0 0.0 0.11288202770297984 0.24798130464339824 0.3499575269981459 0.0 0.0 
0.14963368935236143 0.25679613446803073 0.0 0.0 0.17741539167419113 0.0 0.0 0.0 0.2746993878694223 0.14145539663599443 0.0 
0.19745649933176102 0.21098873709526494 0.10460659359916638 0.0 0.17445705544040208 0.0 0.0 0.10039797992140966 0.21209313461199605 0.0 0.0 
0.0 0.21008985538259708 0.10888097696983921 0.0 0.0 0.0 0.11332140244677166 0.22397349307806771 0.34373427212272434 0.0 0.0 
0.1880941419350525 0.22116875689132987 0.10826248781583632 0.0 0.1542927040587859 0.0 0.0 0.10698813955037627 0.22119376974861923 0.0 0.0 
0.0 0.21682408209278642 0.10265102980763766 0.0 0.0 0.0 0.10663496970376592 0.2308684576405694 0.3430214607552407 0.0 0.0 
0.1886898733633142 0.22186924218063372 0.10195765362913321 0.0 0.1396087534523344 0.0 0.0 0.1073269921936628 0.24054748518092156 0.0 0.0 
0.1408933055297305 0.23338937599644416 0.10439106009503603 0.0 0.13958634839308753 0.0 0.0 0.0 0.268467742371692 0.11327216761400975 0.0 
0.0 0.27359341774302326 0.10572063356831987 0.0 0.0 0.0 0.0 0.27068594868865686 0.35 0.0 0.0 
0.0 0.32302228833465635 0.0 0.0 0.0 0.0 0.0 0.33921859194889153 0.3377591197164521 0.0 0.0 
0.0 0.31629497851269267 0.0 0.0 0.0 0.0 0.0 0.33370502148730735 0.3499999999999999 0.0 0.0 
0.10084887353962577 0.21509253458168368 0.10394616432882776 0.0 0.10576194789310722 0.0 0.0 0.1723027388395839 0.30204774081717145 0.0 0.0 
0.11910675515657321 0.23785594635791377 0.10870203362242284 0.0 0.11509439559845032 0.0 0.0 0.15026513552892393 0.2689757337357161 0.0 0.0 
0.0 0.32895167587323376 0.0 0.0 0.0 0.0 0.0 0.32387913242777405 0.34716919169899213 0.0 0.0 
0.0 0.18616251315964188 0.10369174112713553 0.0 0.0 0.0 0.10453890679374507 0.26396452771444123 0.3416423112050363 0.0 0.0 
0.0 0.22862221564285176 0.0 0.0 0.0 0.0 0.11445038621950063 0.31622151057116804 0.34070588756647957 0.0 0.0 
0.0 0.2191446083029336 0.11574843290520678 0.0 0.0 0.0 0.10900229898172135 0.21510587171501439 0.34099878809512385 0.0 0.0 
0.17681012269207214 0.2202191981210669 0.10441360274038021 0.0 0.15253458910966142 0.0 0.0 0.0 0.2095519621482549 0.13647052518856423 0.0 
0.12702309294671094 0.2469382533454302 0.11563088631291399 0.0 0.12743184537070693 0.0 0.0 0.0 0.2536866072738505 0.1292893147503873 0.0 
0.10985497442646672 0.29677008142866845 0.0 0.0 0.11159505195577635 0.0 0.0 0.14997622254970466 0.33180366963938374 0.0 0.0 
0.0 0.24075971041501634 0.0 0.0 0.0 0.0 0.11247298746747897 0.29676730211750474 0.35 0.0 0.0 
0.20072899746309616 0.215823705598953 0.10700373380813262 0.0 0.15486621709904017 0.0 0.0 0.1026986765246352 0.218878669506143 0.0 0.0 
0.0 0.2162144330108192 0.0 0.0 0.0 0.0 0.1127908327785195 0.32531262584520804 0.3456821083654533 0.0 0.0 
0.12598427003475046 0.22967173530656443 0.10090595443667713 0.0 0.12185955459186648 0.0 0.0 0.13255613526266766 0.28902235036747376 0.0 0.0 
0.0 0.11529351268775268 0.16064424091781696 0.0 0.0 0.14516365479396862 0.13605529590543403 0.0 0.1147673198158765 0.1489006035537129 0.17917537232543831 
0.13007164059613266 0.1978769948801193 0.10995829089132218 0.0 0.11146942756324386 0.0 0.0 0.15877677129184045 0.2918468747773416 0.0 0.0 
0.1304563822735535 0.2392438857510367 0.11070733752274857 0.0 0.11581019245293174 0.0 0.0 0.10797321725513849 0.29580898474459105 0.0 0.0 
0.0 0.22723484653008014 0.0 0.0 0.0 0.0 0.13378934514360932 0.2889758083263105 0.35 0.0 0.0 
0.12767752650226832 0.23233009524573156 0.10231078250696118 0.0 0.11271166685565596 0.0 0.0 0.13840077445559876 0.2865691544337842 0.0 0.0 
0.0 0.2813334123789251 0.11642291633950434 0.0 0.0 0.0 0.0 0.25224367128157055 0.35 0.0 0.0 
0.0 0.11621679127292357 0.16453090244089452 0.0 0.0 0.14230332226018658 0.14283155768057532 0.0 0.11250592250433707 0.14596663746386104 0.17564486637722176 
0.0 0.21662719866346442 0.1359196026189183 0.0 0.0 0.0 0.10652569394961273 0.21346363608533261 0.3274638686826719 0.0 0.0 
0.1413440503425396 0.22146446785763285 0.11603426570196926 0.0 0.13115008098154826 0.0 0.0 0.10026161107391013 0.17477015629591364 0.11497536774648615 0.0 
0.0 0.20114566126237055 0.1386057367403691 0.0 0.0 0.0 0.1086309259824899 0.21768224727554786 0.33393542873922244 0.0 0.0 
0.0 0.25319150811755503 0.12285579797437457 0.0 0.1162223141950701 0.0 0.0 0.19237293906404732 0.31535744064895316 0.0 0.0 
0.0 0.2151029488558693 0.0 0.0 0.0 0.0 0.1141908698547428 0.320706181289388 0.35 0.0 0.0 
0.13122088714439448 0.23921818851358975 0.10515015455568157 0.0 0.1269247252546274 0.0 0.0 0.13806591617192962 0.259420128359777 0.0 0.0 
0.0 0.35 0.0 0.0 0.0 0.0 0.0 0.3 0.35 0.0 0.0 
0.0 0.1884807367760866 0.10119858476015135 0.0 0.0 0.0 0.12355332863629072 0.2532216436495617 0.3335457061779095 0.0 0.0 
0.0 0.20435009251982403 0.10716318176244871 0.0 0.0 0.0 0.11263362225492167 0.22585310346280557 0.35 0.0 0.0 
0.0 0.25862604012144563 0.0 0.0 0.0 0.0 0.11198024845995726 0.28564207064170866 0.3437516407768885 0.0 0.0 
0.13269178038848747 0.2418996550468987 0.10632881334482003 0.0 0.1171381695381243 0.0 0.0 0.13961353734532814 0.2623280443363414 0.0 0.0 
0.13823502997633375 0.22226634612009058 0.11645440242307284 0.0 0.13162494902731658 0.0 0.0 0.10062463818727463 0.175402963854687 0.11539167041122449 0.0 
0.1726215128751192 0.21805238201329308 0.10013431136016421 0.0 0.1503586432788555 0.0 0.0 0.0 0.23628853079877446 0.12254461967379364 0.0 
0.20533799749933948 0.21115092445557734 0.1060266518472311 0.0 0.1506412728514246 0.0 0.0 0.0 0.21688002523468186 0.10996312811174556 0.0 
0.10816282893197465 0.2843455650532018 0.0 0.0 0.11911694929147067 0.0 0.0 0.1383746567233528 0.35 0.0 0.0 
0.0 0.26859034503533935 0.12007139203531539 0.0 0.0 0.0 0.0 0.2613382629293454 0.35 0.0 0.0 
0.0 0.19005038399436106 0.10214326664223228 0.0 0.0 0.0 0.10314136610766483 0.2652068090242579 0.3394581742314839 0.0 0.0 
0.10522251496347598 0.22442072622318723 0.10850627672582687 0.0 0.11034866086408185 0.0 0.0 0.17977521096130322 0.2717266102621248 0.0 0.0 
0.0 0.23490413456411582 0.11421656743882758 0.0 0.0 0.0 0.10755971480692923 0.20683372243621323 0.3364858607539142 0.0 0.0 
0.0 0.2019068438875528 0.0 0.0 0.0 0.0 0.12742321823821923 0.33533496893711395 0.33533496893711395 0.0 0.0 
0.12062506480363246 0.2204138870533907 0.1024417934068547 0.0 0.10384963222919076 0.0 0.0 0.18053865133536018 0.27213097117157115 0.0 0.0 
