-0.010175008133170203 0.006884268085079916 
-7.856470204218901E-4 7.648127038462929E-5 
-7.856470204218901E-4 7.648127038462929E-5 
-0.010175008133170203 0.006884268085079916 
-0.002056209022594847 7.962678532589669E-5 
-0.00956224410159235 0.004553044024035377 
-0.008687469435787267 0.0013970100677955476 
-0.008538713947038234 0.0010836354398343479 
-0.009544198983243993 0.004173504195748848 
-0.005516177647590569 1.9658087381314832E-4 
-0.00937947428057433 0.0034317186214962306 
-0.009207839581104653 0.002748328434094776 
-0.005807083893250334 2.1414325717887767E-4 
-0.0099739193928923 0.005696652920487277 
-0.00940638849707125 0.003547167344731173 
-0.007816249712719587 5.345583202153331E-4 
-0.009941815367932493 0.005518656707738455 
-0.009310575475744716 0.003146412244429314 
-0.009328132543970392 0.0032177175080522367 
-0.007021501154289175 3.4926322886275757E-4 
-0.009997033979268688 0.005826787467018633 
-0.005298756658881583 1.8650741785066315E-4 
-0.0094467581002188 0.0037245445710344803 
-0.008037715019087595 6.029300768340254E-4 
-0.0028210363782321013 9.136287538686983E-5 
-0.002152148501666666 8.837824119234004E-5 
-0.0033004658121119743 1.028238122425947E-4 
-0.008338840508046544 7.978166663958054E-4 
-0.009467513644773988 0.003817708041672309 
-0.008935960690635056 0.0018937061567887567 
-0.009657753615679531 0.004733857503348534 
-0.009873527670982544 0.005150674805118765 
-0.009910638750946213 0.005348861340197032 
-0.008437127056232518 9.484200800111413E-4 
-0.007474442879087307 5.003151609539056E-4 
-0.0034653220498677964 1.1132078520863063E-4 
-0.009256181344212515 0.0029315673220779393 
-0.010023403725947289 0.005977271728234698 
-0.006874177155220652 3.1073030254761614E-4 
-0.009039063224236416 0.002165401119952267 
-0.0059754004369702565 2.2718955382245581E-4 
-0.009500537948075299 0.003968694911410725 
-0.008980779051246567 0.0020053142563052945 
-0.00874987666268475 0.00147415132480889 
-0.006137832100501704 2.3936171713781745E-4 
-0.006288907255675874 2.534652245518534E-4 
-0.007258361551212158 4.532468585733381E-4 
-0.008891773540860173 0.0017876824749123578 
-0.0024885820446137437 9.009330004609685E-5 
-0.008153202619988368 6.827230846422279E-4 
-0.0067283007740825155 2.928797891186068E-4 
-0.010142915799357645 0.006686323974540153 
-0.0037892681208935336 1.1661351761493808E-4 
-0.0024894568301597154 9.01455722234537E-5 
-0.00434693562825024 1.326093125253125E-4 
-0.006448241604132475 2.67646572603638E-4 
-0.006577214581989467 2.811038059078346E-4 
-0.01009026077431864 0.00636846903753413 
-0.008378181981883587 8.867269380317077E-4 
-0.010167369963311659 0.006836866575669666 
-0.004648826304214782 1.5240518102592913E-4 
-0.010052447382295684 0.006145510594511484 
-0.0050348857731252064 1.6952372029595231E-4 
-0.0037924728854028156 1.1670414714239247E-4 
-0.004073284983945631 1.2688155727871611E-4 
-0.008804593162961888 0.00174218451249434 
-0.008523403514307373 0.0010588585679588802 
-0.00510996877829701 1.7497982853432835E-4 
-0.009128320229295031 0.0024626759606634274 
-0.004127603187536167 1.292981828355227E-4 
-0.0074661149203311804 4.711332921522349E-4 
-0.008798042277625 0.0015759705819221284 
-0.009015724689089627 0.0020951808488882317 
-0.010131720402581867 0.006618022670153904 
-0.00916694045804211 0.002598959950011812 
-0.009251162811431209 0.002912207521956823 
-0.009919213614216287 0.0053952616120337814 
-0.007221768982698561 3.779379768445019E-4 
-0.010038880890834854 0.006066599502248003 
-0.003044361635840493 9.443736056614293E-5 
-0.009084196968950648 0.0023126335154973355 
-0.009864587498319402 0.005103569416930311 
-0.009084196968950648 0.0023126335154973355 
-0.008248412368469885 6.95287663324712E-4 
-0.008800463589951825 0.0016409517214214216 
-0.007880496492289462 5.668700720134723E-4 
-0.0029132187645899703 9.272142078518993E-5 
-0.00454663779227767 1.4769373350046437E-4 
-0.004447523260629664 1.3716988222770279E-4 
-0.0048287386920091106 1.6228416862141024E-4 
-0.009843448516414253 0.0049931749035698894 
-0.010071901372733071 0.006259663033045298 
-0.010109915836234003 0.006486112207541447 
-0.010113488918951185 0.0065076271798500404 
-0.009544198983243993 0.004173504195748848 
-0.009516569958471255 0.004043212575191558 
-0.009837794212660067 0.004963881221999828 
-0.0048287386920091106 1.6228416862141024E-4 
-0.009818070232817007 0.004862471823404633 
-0.009134021111005655 0.0024825023857427487 
