0.0 0.30000000000000004 0.0 0.0 0.0 0.0 0.0 0.35 0.35 0.0 0.0 
0.22900534762619895 0.0 0.0 0.3209946523738011 0.0 0.0 0.35 0.1 0.0 0.0 0.0 
0.22900534762619895 0.0 0.0 0.3209946523738011 0.0 0.0 0.35 0.1 0.0 0.0 0.0 
0.0 0.3000000000000001 0.0 0.0 0.0 0.0 0.0 0.35 0.35 0.0 0.0 
0.226655236779257 0.0 0.0 0.2771600814352921 0.0 0.0 0.35 0.1461846817854509 0.0 0.0 0.0 
0.2842871714281584 0.1 0.0 0.1261713206909204 0.0 0.0 0.35 0.13954150788092123 0.0 0.0 0.0 
0.0 0.3089933282802291 0.0 0.0 0.0 0.0 0.0 0.35 0.34100667171977095 0.0 0.0 
0.16707165968775248 0.35 0.0 0.0 0.0 0.0 0.0 0.35 0.13292834031224754 0.0 0.0 
0.0 0.30335542458498194 0.0 0.0 0.0 0.0 0.0 0.35 0.34664457541501803 0.0 0.0 
0.21588259978932978 0.0 0.0 0.30719927834370503 0.0 0.0 0.35 0.1269181218669652 0.0 0.0 0.0 
0.1 0.270101828251204 0.0 0.0 0.0 0.0 0.0 0.35 0.27989817174879605 0.0 0.0 
0.24259293197818782 0.17116600962667525 0.0 0.0 0.0 0.0 0.35 0.23624105839513698 0.0 0.0 0.0 
0.20000000000000007 0.35 0.0 0.0 0.0 0.0 0.1 0.35 0.0 0.0 0.0 
0.1 0.29815058728951604 0.0 0.0 0.0 0.0 0.0 0.35 0.25184941271048394 0.0 0.0 
0.0 0.3308780100827952 0.0 0.0 0.0 0.0 0.0 0.35 0.31912198991720475 0.0 0.0 
0.19136317455669766 0.1 0.0 0.1261604921009264 0.0 0.0 0.35 0.2324763333423759 0.0 0.0 0.0 
0.17686516937463945 0.35 0.0 0.0 0.0 0.0 0.0 0.35 0.1231348306253606 0.0 0.0 
0.1 0.2796113340685953 0.0 0.0 0.0 0.0 0.0 0.35 0.27038866593140476 0.0 0.0 
0.1370989382916887 0.35 0.0 0.0 0.0 0.0 0.0 0.35 0.16290106170831137 0.0 0.0 
0.22798217269233964 0.0 0.0 0.27970977373616357 0.0 0.0 0.35 0.14230805357149673 0.0 0.0 0.0 
0.2125898579579661 0.0 0.0 0.3162856536271058 0.0 0.0 0.35 0.12112448841492815 0.0 0.0 0.0 
0.0 0.31323444760891683 0.0 0.0 0.0 0.0 0.0 0.35 0.3367655523910832 0.0 0.0 
0.21291296422340894 0.1811264804505771 0.0 0.0 0.0 0.0 0.35 0.255960555326014 0.0 0.0 0.0 
0.0 0.3261254487328096 0.0 0.0 0.0 0.0 0.0 0.35 0.32387455126719045 0.0 0.0 
0.1 0.30960660384291583 0.0 0.0 0.0 0.0 0.0 0.35 0.2403933961570842 0.0 0.0 
0.26061230794331564 0.23114815122097343 0.0 0.0 0.0 0.0 0.15823954083571096 0.35 0.0 0.0 0.0 
0.1892035018392002 0.35 0.0 0.0 0.0 0.0 0.0 0.35 0.1107964981607999 0.0 0.0 
0.0 0.3338323652055293 0.0 0.0 0.0 0.0 0.0 0.35 0.3161676347944707 0.0 0.0 
0.15129003318184253 0.35 0.0 0.0 0.0 0.0 0.0 0.35 0.14870996681815749 0.0 0.0 
0.2721090417111109 0.1 0.0 0.1261604921009264 0.0 0.0 0.35 0.15173046618796268 0.0 0.0 0.0 
0.0 0.3431456619666999 0.0 0.0 0.0 0.0 0.0 0.35 0.3068543380333001 0.0 0.0 
0.1 0.2667845326182471 0.0 0.0 0.0 0.0 0.0 0.35 0.283215467381753 0.0 0.0 
0.15180536718206117 0.34943024799699524 0.0 0.0 0.0 0.0 0.0 0.35 0.1487643848209436 0.0 0.0 
0.18964216966556702 0.18056599205782886 0.0 0.0 0.0 0.0 0.35 0.27979183827660414 0.0 0.0 0.0 
0.24325779519674798 0.18743890722425227 0.0 0.0 0.0 0.0 0.35 0.2193032975789998 0.0 0.0 0.0 
0.0 0.35 0.0 0.0 0.0 0.0 0.20823589232452389 0.3417641076754761 0.1 0.0 0.0 
0.0 0.34639628925965754 0.0 0.0 0.0 0.0 0.0 0.35 0.30360371074034254 0.0 0.0 
0.15749478791101787 0.1563616243199436 0.0 0.0 0.0 0.0 0.35 0.3361435877690386 0.0 0.0 0.0 
0.2506405576923016 0.1 0.0 0.10130552099952522 0.0 0.0 0.35 0.19805392130817323 0.0 0.0 0.0 
0.18889151246648211 0.11486978164825684 0.0 0.1 0.0 0.0 0.35 0.24623870588526112 0.0 0.0 0.0 
0.23582645386032758 0.2059550007011189 0.0 0.0 0.0 0.0 0.2082185454385536 0.35 0.0 0.0 0.0 
0.0 0.33730658763456056 0.0 0.0 0.0 0.0 0.0 0.35 0.31269341236543946 0.0 0.0 
0.1 0.32939612191711753 0.0 0.0 0.0 0.0 0.0 0.35 0.2206038780828825 0.0 0.0 
0.2082551399699369 0.17561672234993525 0.0 0.0 0.0 0.0 0.35 0.2661281376801279 0.0 0.0 0.0 
0.0 0.33982137351647645 0.0 0.0 0.0 0.0 0.0 0.35 0.3101786264835235 0.0 0.0 
0.0 0.35 0.0 0.0 0.0 0.0 0.19665463236405306 0.35 0.10334536763594705 0.0 0.0 
0.1706301681966746 0.17079016731815172 0.0 0.0 0.0 0.0 0.35 0.3085796644851737 0.0 0.0 0.0 
0.1 0.3469325808833488 0.0 0.0 0.0 0.0 0.0 0.35 0.20306741911665133 0.0 0.0 
0.17080557244450045 0.11984691467130192 0.0 0.1 0.0 0.0 0.35 0.2593475128841977 0.0 0.0 0.0 
0.1 0.3414392447496464 0.0 0.0 0.0 0.0 0.0 0.35 0.20856075525035372 0.0 0.0 
0.1 0.23265229279117106 0.0 0.0 0.0 0.0 0.317347707208829 0.35 0.0 0.0 0.0 
0.12087651924847208 0.35 0.0 0.0 0.0 0.0 0.0 0.35 0.17912348075152795 0.0 0.0 
0.0 0.32404961145702094 0.0 0.0 0.0 0.0 0.0 0.35 0.32595038854297903 0.0 0.0 
0.1 0.28711617285270674 0.0 0.0 0.0 0.0 0.0 0.35 0.2628838271472933 0.0 0.0 
0.1 0.2817189779405562 0.0 0.0 0.0 0.0 0.0 0.35 0.2682810220594438 0.0 0.0 
0.1 0.32497140095663657 0.0 0.0 0.0 0.0 0.0 0.35 0.22502859904336342 0.0 0.0 
0.1 0.30321145210985934 0.0 0.0 0.0 0.0 0.0 0.35 0.24678854789014076 0.0 0.0 
0.1 0.28898917425212023 0.0 0.0 0.0 0.0 0.0 0.35 0.26101082574787987 0.0 0.0 
0.0 0.3171960228770817 0.0 0.0 0.0 0.0 0.0 0.35 0.3328039771229183 0.0 0.0 
0.1 0.3463690554597093 0.0 0.0 0.0 0.0 0.10028557690434373 0.35 0.10334536763594705 0.0 0.0 
0.2593724223970094 0.1 0.0 0.10834702217982896 0.0 0.0 0.35 0.18228055542316168 0.0 0.0 0.0 
0.24797017186991438 0.1 0.0 0.1189798413981745 0.0 0.0 0.35 0.18304998673191106 0.0 0.0 0.0 
0.19717011729476994 0.12767331653002445 0.0 0.0 0.0 0.0 0.35 0.3251565661752056 0.0 0.0 0.0 
0.1 0.3224385124462233 0.0 0.0 0.0 0.0 0.0 0.35 0.22756148755377667 0.0 0.0 
0.2533625368529221 0.10246990926723058 0.0 0.1 0.0 0.0 0.35 0.19416755387984735 0.0 0.0 0.0 
0.35 0.3 0.0 0.0 0.0 0.0 0.0 0.35 0.0 0.0 0.0 
0.12590425257491097 0.35 0.0 0.0 0.0 0.0 0.0 0.35 0.17409574742508907 0.0 0.0 
0.2651897198635419 0.1 0.0 0.12009734040941503 0.0 0.0 0.35 0.16471293972704315 0.0 0.0 0.0 
0.1 0.3463690554597093 0.0 0.0 0.0 0.0 0.10028557690434373 0.35 0.10334536763594705 0.0 0.0 
0.11569712424092002 0.35 0.0 0.0 0.0 0.0 0.0 0.35 0.18430287575908003 0.0 0.0 
0.27336170762096956 0.1 0.0 0.11261447839711451 0.0 0.0 0.35 0.16402381398191593 0.0 0.0 0.0 
0.1 0.30321145210985934 0.0 0.0 0.0 0.0 0.0 0.35 0.24678854789014076 0.0 0.0 
0.3000000000000001 0.35 0.0 0.0 0.0 0.0 0.0 0.35 0.0 0.0 0.0 
0.0 0.3156300360159454 0.0 0.0 0.0 0.0 0.0 0.35 0.3343699639840546 0.0 0.0 
0.11245304743171386 0.35 0.0 0.0 0.0 0.0 0.0 0.35 0.18754695256828616 0.0 0.0 
0.0 0.3202642907820811 0.0 0.0 0.0 0.0 0.0 0.35 0.329735709217919 0.0 0.0 
0.10565531105624143 0.35 0.0 0.0 0.0 0.0 0.0 0.35 0.19434468894375861 0.0 0.0 
0.1 0.31425242397864217 0.0 0.0 0.0 0.0 0.0 0.35 0.2357475760213579 0.0 0.0 
0.212788602311395 0.11978588479453783 0.0 0.0 0.0 0.0 0.35 0.3174255128940672 0.0 0.0 0.0 
0.2098548448762331 0.14546477389445645 0.0 0.0 0.0 0.0 0.35 0.2946803812293105 0.0 0.0 0.0 
0.1 0.29323801951005657 0.0 0.0 0.0 0.0 0.0 0.35 0.2567619804899435 0.0 0.0 
0.0 0.3211892327011035 0.0 0.0 0.0 0.0 0.0 0.35 0.32881076729889647 0.0 0.0 
0.14915596178822388 0.15150551657486983 0.0 0.0 0.0 0.0 0.35 0.34933852163690626 0.0 0.0 0.0 
0.12983949180348656 0.35 0.0 0.0 0.0 0.0 0.0 0.35 0.17016050819651354 0.0 0.0 
0.0 0.3017836198354278 0.0 0.0 0.0 0.0 0.0 0.3482163801645723 0.35 0.0 0.0 
0.19253278363201853 0.1 0.0 0.11536080139071427 0.0 0.0 0.35 0.2421064149772673 0.0 0.0 0.0 
0.1 0.3330427953934821 0.0 0.0 0.0 0.0 0.0 0.35 0.21695720460651785 0.0 0.0 
0.1 0.3187964834853281 0.0 0.0 0.0 0.0 0.0 0.35 0.23120351651467191 0.0 0.0 
0.1 0.29323801951005657 0.0 0.0 0.0 0.0 0.0 0.35 0.2567619804899435 0.0 0.0 
0.0 0.35 0.0 0.0 0.0 0.0 0.20000000000000007 0.3499999999999999 0.1 0.0 0.0 
0.10768061812823365 0.35 0.0 0.0 0.0 0.0 0.0 0.35 0.19231938187176634 0.0 0.0 
0.1 0.33891453936293325 0.0 0.0 0.0 0.0 0.0 0.35 0.2110854606370668 0.0 0.0 
0.1 0.3119573497841791 0.0 0.0 0.0 0.0 0.0 0.35 0.2380426502158209 0.0 0.0 
0.19678658478246755 0.16126086414080887 0.0 0.0 0.0 0.0 0.35 0.2919525510767235 0.0 0.0 0.0 
0.19136317455669766 0.1 0.0 0.119011684646632 0.0 0.0 0.35 0.23962514079667027 0.0 0.0 0.0 
0.2000000000000001 0.35 0.0 0.0 0.0 0.0 0.0 0.35 0.1 0.0 0.0 
0.1 0.3174083606425764 0.0 0.0 0.0 0.0 0.0 0.35 0.23259163935742366 0.0 0.0 
0.13382483501014314 0.35 0.0 0.0 0.0 0.0 0.0 0.35 0.16617516498985682 0.0 0.0 
0.0 0.34956662970369135 0.0 0.0 0.0 0.0 0.0 0.35 0.3004333702963087 0.0 0.0 
0.19744121325977032 0.35 0.0 0.0 0.0 0.0 0.0 0.35 0.10255878674022967 0.0 0.0 
