0.0 0.3000000000000001 0.0 0.0 0.0 0.0 0.0 0.35 0.35 0.0 0.0 
0.25343557306000153 0.0 0.0 0.2965644269399985 0.0 0.0 0.35 0.1 0.0 0.0 0.0 
0.25343557306000153 0.0 0.0 0.2965644269399985 0.0 0.0 0.35 0.1 0.0 0.0 0.0 
0.0 0.30000000000000016 0.0 0.0 0.0 0.0 0.0 0.35 0.35 0.0 0.0 
0.1698224487874589 0.2157821280166317 0.0 0.0 0.0 0.0 0.0 0.35 0.26439542319590936 0.0 0.0 
0.1 0.2873403067049928 0.0 0.0 0.0 0.0 0.0 0.35 0.26265969329500727 0.0 0.0 
0.13949743605261397 0.2367948016228614 0.0 0.0 0.0 0.0 0.0 0.35 0.27370776232452465 0.0 0.0 
0.25815173334326824 0.1 0.0 0.17071972323246942 0.0 0.0 0.35 0.12112854342426235 0.0 0.0 0.0 
0.2785186912548927 0.0 0.0 0.24161065937286505 0.0 0.0 0.35 0.12987064937224227 0.0 0.0 0.0 
0.2570358121306083 0.1 0.0 0.16295248109165547 0.0 0.0 0.35 0.13001170677773619 0.0 0.0 0.0 
0.17827877816787985 0.1573292387219522 0.0 0.1 0.0 0.0 0.35 0.2143919831101679 0.0 0.0 0.0 
0.16789849295588366 0.31349873766792546 0.0 0.0 0.0 0.0 0.0 0.35 0.16860276937619087 0.0 0.0 
0.2440402529865715 0.1 0.0 0.15628283873345902 0.0 0.0 0.35 0.14967690827996943 0.0 0.0 0.0 
0.17963860847936713 0.35 0.0 0.0 0.0 0.0 0.0 0.35 0.12036139152063285 0.0 0.0 
0.1643635737756294 0.35 0.0 0.0 0.0 0.0 0.0 0.35 0.13563642622437064 0.0 0.0 
0.23247886597010925 0.0 0.0 0.28067134977582564 0.0 0.0 0.35 0.1368497842540651 0.0 0.0 0.0 
0.0 0.3196948693585059 0.0 0.0 0.0 0.0 0.0 0.35 0.3303051306414942 0.0 0.0 
0.10747427948934418 0.35 0.0 0.0 0.0 0.0 0.0 0.35 0.1925257205106559 0.0 0.0 
0.1 0.33324635736801467 0.0 0.0 0.0 0.0 0.0 0.35 0.21675364263198543 0.0 0.0 
0.0 0.3232902421722943 0.0 0.0 0.0 0.0 0.0 0.35 0.3267097578277057 0.0 0.0 
0.15791203343079505 0.32953720070177894 0.0 0.0 0.0 0.0 0.0 0.35 0.162550765867426 0.0 0.0 
0.0 0.35 0.0 0.0 0.0 0.0 0.0 0.35 0.29999999999999993 0.0 0.0 
0.11877009893057988 0.35 0.0 0.0 0.0 0.0 0.0 0.35 0.18122990106942016 0.0 0.0 
0.22834934573473575 0.17549936925838466 0.0 0.0 0.0 0.0 0.35 0.24615128500687966 0.0 0.0 0.0 
0.1 0.31614039821585094 0.0 0.0 0.0 0.0 0.0 0.35 0.23385960178414913 0.0 0.0 
0.0 0.33972771530862933 0.0 0.0 0.0 0.0 0.0 0.35 0.3102722846913707 0.0 0.0 
0.0 0.31648658707831223 0.0 0.0 0.0 0.0 0.0 0.35 0.3335134129216878 0.0 0.0 
0.20353612916523567 0.34385702883976443 0.0 0.0 0.0 0.0 0.0 0.35 0.10260684199499993 0.0 0.0 
0.16770407939223547 0.171964130725811 0.0 0.0 0.0 0.0 0.35 0.31033178988195353 0.0 0.0 0.0 
0.16965302175441663 0.15402051556731838 0.0 0.1 0.0 0.0 0.35 0.226326462678265 0.0 0.0 0.0 
0.25842749287879246 0.15878822782312835 0.0 0.0 0.0 0.0 0.35 0.2327842792980792 0.0 0.0 0.0 
0.0 0.30255315020335977 0.0 0.0 0.0 0.0 0.0 0.35 0.3474468497966403 0.0 0.0 
0.0 0.34520803698856684 0.0 0.0 0.0 0.0 0.0 0.35 0.3047919630114332 0.0 0.0 
0.27081738777421976 0.22164553748682392 0.0 0.0 0.0 0.0 0.15753707473895634 0.35 0.0 0.0 0.0 
0.0 0.3265268005425457 0.0 0.0 0.0 0.0 0.0 0.35 0.32347319945745434 0.0 0.0 
0.0 0.35 0.0 0.0 0.0 0.0 0.20766919432712289 0.34233080567287727 0.1 0.0 0.0 
0.1 0.29663178381427463 0.0 0.0 0.0 0.0 0.0 0.35 0.25336821618572536 0.0 0.0 
0.20358748533574178 0.21015845172659664 0.0 0.0 0.0 0.0 0.23625406293766166 0.35 0.0 0.0 0.0 
0.2507114150075095 0.1806874344618838 0.0 0.0 0.0 0.0 0.35 0.21860115053060683 0.0 0.0 0.0 
0.2765548988628177 0.1 0.0 0.11465641056752018 0.0 0.0 0.35 0.15878869056966222 0.0 0.0 0.0 
0.0 0.3365419435284449 0.0 0.0 0.0 0.0 0.0 0.35 0.31345805647155517 0.0 0.0 
0.0 0.31346519142110596 0.0 0.0 0.0 0.0 0.0 0.35 0.33653480857889406 0.0 0.0 
0.1 0.3435659870633324 0.0 0.0 0.0 0.0 0.10054645700285847 0.35 0.1058875559338092 0.0 0.0 
0.1132410563932322 0.35 0.0 0.0 0.0 0.0 0.0 0.35 0.1867589436067678 0.0 0.0 
0.0 0.31092977833214 0.0 0.0 0.0 0.0 0.0 0.35 0.33907022166786005 0.0 0.0 
0.1 0.3391653609713063 0.0 0.0 0.0 0.0 0.0 0.35 0.21083463902869365 0.0 0.0 
0.14861684302201378 0.1974141806507757 0.0 0.0 0.0 0.0 0.30396897632721054 0.35 0.0 0.0 0.0 
0.17374287754215773 0.35 0.0 0.0 0.0 0.0 0.0 0.35 0.12625712245784235 0.0 0.0 
0.0 0.33366807185257386 0.0 0.0 0.0 0.0 0.0 0.35 0.31633192814742617 0.0 0.0 
0.22241955853881412 0.16667046813724412 0.0 0.0 0.0 0.0 0.35 0.2609099733239417 0.0 0.0 0.0 
0.17052636510560384 0.3352936370175051 0.0 0.0 0.0 0.0 0.0 0.35 0.14417999787689112 0.0 0.0 
0.17827877816787985 0.19759095949747518 0.0 0.0 0.0 0.0 0.35 0.274130262334645 0.0 0.0 0.0 
0.2538476336292899 0.10266696581617801 0.0 0.1 0.0 0.0 0.35 0.19348540055453212 0.0 0.0 0.0 
0.0 0.34336029209234287 0.0 0.0 0.0 0.0 0.0 0.35 0.3066397079076572 0.0 0.0 
0.1 0.2944993585829421 0.0 0.0 0.0 0.0 0.0 0.35 0.25550064141705797 0.0 0.0 
0.18039986787519366 0.1781404670113585 0.0 0.0 0.0 0.0 0.35 0.2914596651134479 0.0 0.0 0.0 
0.14615875510676443 0.1589744024224092 0.0 0.0 0.0 0.0 0.35 0.34486684247082633 0.0 0.0 0.0 
0.1 0.3483173874475225 0.0 0.0 0.0 0.0 0.0 0.35 0.2016826125524776 0.0 0.0 
0.15225603120550246 0.3407126183507403 0.0 0.0 0.0 0.0 0.0 0.35 0.1570313504437573 0.0 0.0 
0.15490329209461398 0.13868768835314937 0.0 0.1 0.0 0.0 0.35 0.25640901955223677 0.0 0.0 0.0 
0.1 0.2876291799711802 0.0 0.0 0.0 0.0 0.0 0.35 0.2623708200288199 0.0 0.0 
0.21530929328042359 0.0 0.0 0.3050937522551047 0.0 0.0 0.35 0.12959695446447167 0.0 0.0 0.0 
0.21975745627351423 0.1 0.0 0.16510315111507248 0.0 0.0 0.35 0.1651393926114133 0.0 0.0 0.0 
0.16868020194002423 0.15863627704187644 0.0 0.0 0.0 0.0 0.35 0.32268352101809933 0.0 0.0 0.0 
0.2538476336292899 0.10266696581617801 0.0 0.1 0.0 0.0 0.35 0.19348540055453212 0.0 0.0 0.0 
0.1 0.3019856048578311 0.0 0.0 0.0 0.0 0.0 0.35 0.24801439514216891 0.0 0.0 
0.27108775268747 0.10718385079431317 0.0 0.1 0.0 0.0 0.35 0.17172839651821695 0.0 0.0 0.0 
0.35 0.3000000000000001 0.0 0.0 0.0 0.0 0.0 0.35 0.0 0.0 0.0 
0.17827877816787985 0.12919557890147665 0.0 0.1 0.0 0.0 0.35 0.24252564293064344 0.0 0.0 0.0 
0.0 0.30568718094424085 0.0 0.0 0.0 0.0 0.0 0.35 0.3443128190557591 0.0 0.0 
0.1775703928401012 0.17620119383642996 0.0 0.0 0.0 0.0 0.35 0.29622841332346883 0.0 0.0 0.0 
0.1 0.35 0.0 0.0 0.0 0.0 0.10111616436896745 0.3464267852304008 0.10245705040063176 0.0 0.0 
0.14187858628796304 0.23723529212068026 0.0 0.0 0.0 0.0 0.0 0.35 0.2708861215913567 0.0 0.0 
0.3000000000000001 0.35 0.0 0.0 0.0 0.0 0.0 0.35 0.0 0.0 0.0 
0.21314635851600855 0.33685364148399155 0.0 0.0 0.0 0.0 0.1 0.35 0.0 0.0 0.0 
0.0 0.3293597586839037 0.0 0.0 0.0 0.0 0.0 0.35 0.32064024131609636 0.0 0.0 
0.2847879600233246 0.1 0.0 0.11498812928228122 0.0 0.0 0.35 0.15022391069439406 0.0 0.0 0.0 
0.0 0.35 0.0 0.0 0.0 0.0 0.19396045176460006 0.35 0.1060395482354 0.0 0.0 
0.1 0.3203029734628601 0.0 0.0 0.0 0.0 0.0 0.35 0.22969702653713994 0.0 0.0 
0.1 0.3229974358248101 0.0 0.0 0.0 0.0 0.0 0.35 0.22700256417518994 0.0 0.0 
0.0 0.3309325207970043 0.0 0.0 0.0 0.0 0.0 0.35 0.3190674792029957 0.0 0.0 
0.3251000744658385 0.22489992553416158 0.0 0.0 0.0 0.0 0.1 0.35 0.0 0.0 0.0 
0.1 0.35 0.0 0.0 0.0 0.0 0.0 0.35 0.19999999999999998 0.0 0.0 
0.29906053776767727 0.0 0.0 0.2509394622323228 0.0 0.0 0.35 0.1 0.0 0.0 0.0 
0.0 0.30803831057699127 0.0 0.0 0.0 0.0 0.0 0.35 0.3419616894230088 0.0 0.0 
0.0 0.35 0.0 0.0 0.0 0.0 0.0 0.35 0.30000000000000004 0.0 0.0 
0.1 0.3026541639678635 0.0 0.0 0.0 0.0 0.0 0.35 0.2473458360321366 0.0 0.0 
0.1565455522577266 0.3407994563903862 0.0 0.0 0.0 0.0 0.0 0.35 0.15265499135188723 0.0 0.0 
0.22194397783743902 0.0 0.0 0.3123310208625164 0.0 0.0 0.35 0.11572500130004455 0.0 0.0 0.0 
0.27221344132919556 0.10918385094522828 0.0 0.1 0.0 0.0 0.35 0.16860270772557615 0.0 0.0 0.0 
0.1533977854484508 0.15959478884095796 0.0 0.0 0.0 0.0 0.35 0.3370074257105913 0.0 0.0 0.0 
0.1 0.341926753396773 0.0 0.0 0.0 0.0 0.0 0.35 0.20807324660322696 0.0 0.0 
0.1 0.32882522488138455 0.0 0.0 0.0 0.0 0.0 0.35 0.22117477511861555 0.0 0.0 
0.1 0.31153538434232764 0.0 0.0 0.0 0.0 0.0 0.35 0.23846461565767244 0.0 0.0 
0.1541298300804163 0.16562011650604178 0.0 0.0 0.0 0.0 0.35 0.33025005341354197 0.0 0.0 0.0 
0.1 0.3068656123938006 0.0 0.0 0.0 0.0 0.0 0.35 0.2431343876061994 0.0 0.0 
0.1 0.31153538434232764 0.0 0.0 0.0 0.0 0.0 0.35 0.23846461565767244 0.0 0.0 
0.15144192353609126 0.15241939318439895 0.0 0.1 0.0 0.0 0.35 0.24613868327950986 0.0 0.0 0.0 
0.1 0.3068656123938006 0.0 0.0 0.0 0.0 0.0 0.35 0.2431343876061994 0.0 0.0 
0.2000000000000001 0.35 0.0 0.0 0.0 0.0 0.0 0.35 0.1 0.0 0.0 
