-0.014376763121341365 4.2232773941764865E-4 
-0.007846528974016387 1.409370504042308E-5 
-0.014376763121341365 4.2232773941764865E-4 
-0.014166476307502273 3.837778506437157E-4 
-0.014259644765219251 4.001078532844761E-4 
-0.01430731786620082 4.089250133021174E-4 
-0.012693346847911083 1.787420959671115E-4 
-0.012821718568883679 1.924489470877853E-4 
-0.008914795983486386 2.1728275306650225E-5 
-0.014166201064885163 3.620917239070125E-4 
-0.009132298118537153 2.37476984730345E-5 
-0.013555526375998458 2.617096313027428E-4 
-0.0119769076474305 1.2950279770104084E-4 
-0.013720566606959101 2.8572015709433374E-4 
-0.009747352516487293 3.5664082937603416E-5 
-0.012428011924544707 1.574032820755078E-4 
-0.01120407648492943 8.403649173465445E-5 
-0.01327243568769364 2.3001849463735106E-4 
-0.01289146862019273 2.0245710376773295E-4 
-0.008413213277217476 1.6331331077924723E-5 
-0.012257466177428598 1.4617765194185225E-4 
-0.013624531505590252 2.7059267011913076E-4 
-0.012456368731162105 1.6558721834306864E-4 
-0.013083488839188018 2.1492787736767256E-4 
-0.013455968938592341 2.503967905064499E-4 
-0.012372877783776845 1.534376395595122E-4 
-0.013673588243633367 2.798812355691736E-4 
-0.00805525358008701 1.450601645301714E-5 
-0.012094083565953574 1.3811082168913613E-4 
-0.01142406461220125 9.491956214219276E-5 
-0.012944374157703383 2.0565981150308136E-4 
-0.012320424243682444 1.4904465210816066E-4 
-0.011052312676666396 7.98351528664524E-5 
-0.00934724003411924 2.8177893084815456E-5 
-0.012841109237640785 1.958217304235134E-4 
-0.011014938834321527 7.562496729352262E-5 
-0.011321482883459381 8.777453890045564E-5 
-0.01254211905495645 1.6561613045399653E-4 
-0.010019952510781673 4.1596275116252004E-5 
-0.013214196764134978 2.2505201622976645E-4 
-0.009206408340547596 2.4701031440102454E-5 
-0.01377400618321649 2.937853753984402E-4 
-0.013993174668638558 3.296691823992386E-4 
-0.011162429735114068 8.087257784028484E-5 
-0.011340883749338433 8.984406023798713E-5 
-0.008575205631917543 1.83530091837519E-5 
-0.007915969783918153 1.4232909747548625E-5 
-0.010420094637627011 5.2632099191666884E-5 
-0.010477327935044155 5.5441405572825405E-5 
-0.013987027699587633 3.288451126839946E-4 
-0.010607479608776813 5.952561110781678E-5 
-0.009597524201497707 3.268360148468924E-5 
-0.013394841865561646 2.465446051157198E-4 
-0.014125582999834716 3.566998433257131E-4 
-0.013177045671197013 2.21762894474132E-4 
-0.01311920570891285 2.1826390008963998E-4 
-0.011790827880950918 1.226129424029544E-4 
-0.009316722859672883 2.6282001316597737E-5 
-0.010554533972759303 5.747922093413863E-5 
-0.008486993503783149 1.7409119934164693E-5 
-0.0126418671386841 1.7489042426838383E-4 
-0.013834928184129059 3.025557230916385E-4 
-0.010687788266122454 6.22041772347725E-5 
-0.009922413991792157 4.080246879337995E-5 
-0.008677862433462734 1.895031981974377E-5 
-0.011590048828031982 1.0722348561495645E-4 
-0.011650809460443496 1.1059614001532846E-4 
-0.009819337791509031 3.628051828746359E-5 
-0.013915337769665064 3.1569781319966514E-4 
-0.010730596137211357 6.354032720236986E-5 
-0.014044221204091205 3.3914614464359096E-4 
-0.009878310981203195 3.8783928226577156E-5 
-0.010806056427273367 6.596263694749819E-5 
-0.011544247710129154 1.0230593817241182E-4 
-0.013369896473773254 2.4054538483782786E-4 
-0.008792564695634367 2.0176489794739934E-5 
-0.010329952983523297 5.122799116660406E-5 
-0.011455050168829025 9.745642369507831E-5 
-0.013940217944901148 3.1988988937543437E-4 
-0.008268654971584594 1.52152732993021E-5 
-0.012601126645965544 1.7081865456965097E-4 
-0.012180464605242546 1.4207358941333993E-4 
-0.013602518677370204 2.6881093836476704E-4 
-0.009470958070624152 3.101355531931959E-5 
-0.013848881592887344 3.058641433677208E-4 
-0.011883239154462795 1.2519602160772052E-4 
-0.013455968938592341 2.503967905064499E-4 
-0.013560546550567076 2.6431772845456503E-4 
-0.014044221204091205 3.3914614464359096E-4 
-0.010958348296480071 7.1341893659911E-5 
-0.013795628014977896 2.9742668140478166E-4 
-0.013011323121578882 2.0966984448119304E-4 
-0.010264404002697026 4.846088647366736E-5 
-0.009589920736189899 3.249198039826494E-5 
-0.010101399373334674 4.387813345211179E-5 
-0.012161506263707876 1.4176109206198758E-4 
-0.009470958070624152 3.101355531931959E-5 
-0.010193353617873673 4.64036466868282E-5 
-0.012038563752973687 1.3346001092377408E-4 
-0.010880404283992774 6.940357285798319E-5 
