0.0 0.30000000000000027 0.0 0.0 0.0 0.0 0.0 0.35 0.35 0.0 0.0 
0.14333247161716106 0.10168027134551473 0.1764926126964337 0.2898236232920466 0.10286474793969361 0.0 0.0 0.18580627310915035 0.0 0.0 0.0 
0.0 0.30000000000000027 0.0 0.0 0.0 0.0 0.0 0.35 0.35 0.0 0.0 
0.14333247161716106 0.10168027134551473 0.1764926126964337 0.2898236232920466 0.10286474793969361 0.0 0.0 0.18580627310915035 0.0 0.0 0.0 
0.0 0.17259700659683794 0.0 0.0 0.0 0.0 0.1274029934031621 0.35 0.35 0.0 0.0 
0.10004698596412 0.19995301403588006 0.0 0.0 0.0 0.0 0.0 0.35 0.35 0.0 0.0 
0.0 0.31548052597386644 0.0 0.0 0.0 0.0 0.0 0.33523886129835073 0.3492806127277826 0.0 0.0 
0.0 0.19535191980317265 0.0 0.0 0.0 0.0 0.10464808019682745 0.35 0.35 0.0 0.0 
0.13990931847034746 0.10895033087332745 0.10513933747059881 0.2365792575525135 0.0 0.0 0.0 0.24116541903471936 0.16825633659849326 0.0 0.0 
0.10112148460619576 0.10107197655520177 0.0 0.11121082828468033 0.0 0.0 0.0 0.35 0.33659571055392207 0.0 0.0 
0.0 0.11055029539742822 0.0 0.18944970460257193 0.0 0.0 0.0 0.35 0.35 0.0 0.0 
0.14202165134141925 0.10279718740187921 0.15552778802314804 0.29129841306806337 0.10298085161830303 0.0 0.0 0.20537410854718713 0.0 0.0 0.0 
0.14750754669859964 0.10162518500452168 0.15374482322848293 0.2804831224869878 0.10015492777128576 0.0 0.0 0.21648439481012227 0.0 0.0 0.0 
0.14593302558630353 0.10170448823295689 0.15709836478677905 0.25171492212407653 0.1016096998904919 0.0 0.0 0.24193949937939216 0.0 0.0 0.0 
0.15923806948563662 0.12362156688809338 0.12973554192992476 0.2473683742926575 0.0 0.0 0.0 0.17694606967451806 0.16309037772916973 0.0 0.0 
0.10368967326022283 0.0 0.0 0.25483818262410396 0.0 0.0 0.0 0.35 0.29147214411567324 0.0 0.0 
0.10143338440104958 0.0 0.0 0.3233652864311985 0.0 0.0 0.0 0.3263712662792285 0.2488300628885233 0.0 0.0 
0.0 0.0 0.0 0.35 0.0 0.0 0.0 0.3149146591703387 0.33508534082966124 0.0 0.0 
0.10394509651706145 0.0 0.0 0.2615533488675559 0.0 0.0 0.0 0.3089329944096939 0.3255685602056888 0.0 0.0 
0.10406463840562857 0.0 0.0 0.21234461046771774 0.0 0.0 0.0 0.3335907511266538 0.35 0.0 0.0 
0.1457357946391059 0.10537487738710923 0.17394241186559545 0.27765675313211435 0.1007248360795769 0.0 0.0 0.19656532689649805 0.0 0.0 0.0 
0.10915818140287208 0.11655991199609175 0.0 0.24652099959596782 0.0 0.0 0.0 0.23574680436324819 0.2920141026418202 0.0 0.0 
0.10049723612125858 0.0 0.0 0.2638500481541768 0.0 0.0 0.0 0.34636625718477587 0.2892864585397886 0.0 0.0 
0.10438255646366737 0.12030171345365596 0.0 0.24292486400344557 0.0 0.0 0.0 0.23728290445307818 0.2951079616261529 0.0 0.0 
0.0 0.3057800530144448 0.0 0.0 0.0 0.0 0.0 0.34421994698555536 0.35 0.0 0.0 
0.11168312151332305 0.10691599000634815 0.0 0.2610870539748225 0.0 0.0 0.0 0.23725325692691707 0.2830605775785893 0.0 0.0 
0.0 0.13285357041579798 0.0 0.1671464295842021 0.0 0.0 0.0 0.35 0.35 0.0 0.0 
0.14470235987877272 0.11932226283302022 0.10717765377397911 0.23081556932552386 0.0 0.0 0.0 0.21297038024345677 0.18501177394524723 0.0 0.0 
0.0 0.14355720849018275 0.0 0.15709649939508177 0.0 0.0 0.0 0.3493462921147355 0.35 0.0 0.0 
0.14276446731352616 0.11985358304845355 0.10505605149638057 0.28095469368690007 0.0 0.0 0.0 0.19934892438760898 0.1520222800671307 0.0 0.0 
0.0 0.17268682266419758 0.0 0.12731317733580247 0.0 0.0 0.0 0.35 0.35 0.0 0.0 
0.10757297135231408 0.1272730699172199 0.0 0.31049911878097997 0.0 0.0 0.0 0.18741776299634375 0.2672370769531422 0.0 0.0 
0.10169027953415365 0.13302747121391048 0.0 0.23363623099889308 0.0 0.0 0.0 0.18164601825304288 0.35 0.0 0.0 
0.16033608494670268 0.13966391505329742 0.0 0.0 0.0 0.0 0.0 0.35 0.35 0.0 0.0 
0.11651232976609478 0.10038724295447689 0.0 0.29852930151239393 0.0 0.0 0.0 0.18546687583313962 0.2991042499338948 0.0 0.0 
0.1350672533287205 0.0 0.0 0.18458713332012655 0.0 0.0 0.0 0.33034561335115287 0.35 0.0 0.0 
0.12579391416561428 0.1064021053162504 0.15152255360684813 0.28982325055954045 0.10078460011946651 0.0 0.0 0.2256735762322803 0.0 0.0 0.0 
0.0 0.17954896128573974 0.0 0.12045103871426031 0.0 0.0 0.0 0.35 0.35 0.0 0.0 
0.1227957621110805 0.10789746746468162 0.0 0.2902039090882255 0.0 0.0 0.0 0.21610689642465414 0.26299596491135824 0.0 0.0 
0.1037652697312555 0.0 0.0 0.23539707401395643 0.0 0.0 0.0 0.3309818667112096 0.3298557895435784 0.0 0.0 
0.1616770993720635 0.15491778717285087 0.0 0.0 0.0 0.0 0.0 0.33340511345508567 0.35 0.0 0.0 
0.11184352048527507 0.0 0.0 0.30543631384499914 0.0 0.0 0.0 0.3245247360419886 0.2581954296277372 0.0 0.0 
0.11491291862235269 0.0 0.0 0.32838749932549005 0.0 0.0 0.0 0.3098728215358092 0.24682676051634805 0.0 0.0 
0.1256133994125128 0.11045183025002044 0.0 0.22474905175387533 0.0 0.0 0.0 0.2611485504643012 0.27803716811929036 0.0 0.0 
0.11832946106591485 0.10600888921877168 0.0 0.2003767949439794 0.0 0.0 0.0 0.2567350722059636 0.3185497825653705 0.0 0.0 
0.16550527621750177 0.15583171323974354 0.0 0.0 0.0 0.0 0.0 0.32866301054275476 0.35 0.0 0.0 
0.11280107148677986 0.11073926943530546 0.0 0.2651947021786613 0.0 0.0 0.0 0.18122981212868342 0.33003514477057 0.0 0.0 
0.10817704875574949 0.10973648301247294 0.0 0.2783107931900579 0.0 0.0 0.0 0.21055902147952263 0.293216653562197 0.0 0.0 
0.14432166431657925 0.11194340307254945 0.10999966611196299 0.3332187807105696 0.0 0.0 0.0 0.16616447694708011 0.13435200884125864 0.0 0.0 
0.12153663693924624 0.11679973578231624 0.0 0.26634345141784943 0.0 0.0 0.0 0.22414030739451543 0.27117986846607267 0.0 0.0 
0.11024581787718524 0.0 0.0 0.23717073891994606 0.0 0.0 0.0 0.3025834432028687 0.35 0.0 0.0 
0.0 0.16566735768934704 0.0 0.13433264231065295 0.0 0.0 0.0 0.35 0.35 0.0 0.0 
0.11741957259987047 0.18258042740012945 0.0 0.0 0.0 0.0 0.0 0.35 0.35 0.0 0.0 
0.15757836351966933 0.10698046640822931 0.10097064959326771 0.22634145704589503 0.0 0.0 0.0 0.22291357939742237 0.18521548403551624 0.0 0.0 
0.16411258746304078 0.10893813680074424 0.11777607695148654 0.27199270994895136 0.0 0.0 0.0 0.1793852162306394 0.1577952726051376 0.0 0.0 
0.15573548587047287 0.12276664759304141 0.123679827077474 0.287359804356404 0.0 0.0 0.0 0.18237505966563158 0.1280831754369762 0.0 0.0 
0.0 0.15523863833635507 0.0 0.14476136166364498 0.0 0.0 0.0 0.35 0.35 0.0 0.0 
0.0 0.0 0.0 0.35 0.0 0.0 0.0 0.3 0.35 0.0 0.0 
0.14304309616610494 0.10345963146424705 0.17958115595194651 0.280193479204866 0.10466483587892998 0.0 0.0 0.18905780133390554 0.0 0.0 0.0 
0.0 0.1617631534413361 0.0 0.13823684655866406 0.0 0.0 0.0 0.35 0.35 0.0 0.0 
0.10259491456380106 0.1037348675295036 0.0 0.23258907896052708 0.0 0.0 0.0 0.2411699022698801 0.31991123667628824 0.0 0.0 
0.1601486267854828 0.11565003746584633 0.11239660421448355 0.22479147989998127 0.0 0.0 0.0 0.20595338750161388 0.1810598641325922 0.0 0.0 
0.12457622921265002 0.10153939870449856 0.10022635534804165 0.2659375026767864 0.0 0.0 0.0 0.23457612767025743 0.17314438638776594 0.0 0.0 
0.1070372949494821 0.1081117450313795 0.0 0.2730744265397157 0.0 0.0 0.0 0.24192500459525412 0.26985152888416847 0.0 0.0 
0.14645307180257017 0.10507653008738967 0.1576581997512143 0.2595706996896989 0.10197179572008044 0.0 0.0 0.2292697029490465 0.0 0.0 0.0 
0.13705204670842416 0.1825050636139868 0.0 0.0 0.0 0.0 0.0 0.33044288967758906 0.35 0.0 0.0 
0.13976946187679676 0.1602305381232031 0.0 0.0 0.0 0.0 0.0 0.35 0.35 0.0 0.0 
0.13073982576851606 0.0 0.0 0.16926017423148393 0.0 0.0 0.0 0.35 0.35 0.0 0.0 
0.1616516302639686 0.12579009752602288 0.11284789528492271 0.2642163100517869 0.0 0.0 0.0 0.2208027073845217 0.1146913594887772 0.0 0.0 
0.11120263113084976 0.11280568089434233 0.0 0.2860948124470194 0.0 0.0 0.0 0.18847930366260884 0.3014175718651796 0.0 0.0 
0.10587843416868892 0.19412156583131113 0.0 0.0 0.0 0.0 0.0 0.35 0.35 0.0 0.0 
0.0 0.0 0.0 0.3148096243162679 0.0 0.0 0.0 0.35 0.3351903756837321 0.0 0.0 
0.10531385869525436 0.0 0.0 0.19830695587388258 0.0 0.0 0.0 0.34934936159359037 0.34702982383727254 0.0 0.0 
0.1120503594813377 0.0 0.0 0.2815531504318113 0.0 0.0 0.0 0.3217751922396075 0.28462129784724344 0.0 0.0 
0.0 0.1433351907699921 0.0 0.15840008780776568 0.0 0.0 0.0 0.3488060122629043 0.3494587091593381 0.0 0.0 
0.10333603189916805 0.0 0.0 0.311713006272938 0.0 0.0 0.0 0.3327320263872079 0.25221893544068597 0.0 0.0 
0.0 0.10162263275595569 0.0 0.2074467975882988 0.0 0.0 0.0 0.34465362711641645 0.3462769425393291 0.0 0.0 
0.14895689824478395 0.11471444397611703 0.11909071737695398 0.31238412281966277 0.0 0.0 0.0 0.16683015315662403 0.13802366442585826 0.0 0.0 
0.10066164447885048 0.11442240203676675 0.0 0.2655572533168277 0.0 0.0 0.0 0.19811285118481542 0.3212458489827398 0.0 0.0 
0.0 0.15523863833635507 0.0 0.14476136166364498 0.0 0.0 0.0 0.35 0.35 0.0 0.0 
0.0 0.0 0.0 0.3298701135752634 0.0 0.0 0.0 0.3201298864247366 0.35 0.0 0.0 
0.0 0.0 0.0 0.33343002847541736 0.0 0.0 0.0 0.31656997152458266 0.35 0.0 0.0 
0.12600782759829496 0.17399217240170506 0.0 0.0 0.0 0.0 0.0 0.35 0.35 0.0 0.0 
0.0 0.10457681290950732 0.0 0.20056522977709018 0.0 0.0 0.0 0.3448579573134026 0.35 0.0 0.0 
0.1533196800186768 0.10628013798958164 0.10000695190153945 0.2601013679326731 0.0 0.0 0.0 0.2080490898537915 0.1722427723037376 0.0 0.0 
0.0 0.10347145766520403 0.0 0.20033862045100653 0.0 0.0 0.0 0.3461899218837894 0.35 0.0 0.0 
0.12657963918940296 0.10523712977691034 0.1612126328406268 0.2643700205751616 0.10581912896368778 0.0 0.0 0.23678144865421039 0.0 0.0 0.0 
0.1239262433588651 0.1076115739224694 0.10347929982588963 0.23409175201439736 0.0 0.0 0.0 0.24959989637136595 0.18129123450701254 0.0 0.0 
0.14156688223524863 0.0 0.0 0.15843311776475152 0.0 0.0 0.0 0.35 0.35 0.0 0.0 
0.1449048600906209 0.1234700957534402 0.107342367098459 0.2575492467058654 0.0 0.0 0.0 0.20712290459891244 0.1596105257527021 0.0 0.0 
0.11299455411427033 0.10228107522692138 0.0 0.23313576844248185 0.0 0.0 0.0 0.24200046137302758 0.3095881408432989 0.0 0.0 
0.1185400917128795 0.12050555544901938 0.11958402764550959 0.25288150545580496 0.0 0.0 0.0 0.20524263955409414 0.18324618018269243 0.0 0.0 
0.10755607112604171 0.0 0.0 0.22014777810792166 0.0 0.0 0.0 0.32369122515980586 0.3486049256062307 0.0 0.0 
0.1462502180877928 0.10493098746269909 0.15743982569397527 0.25226203670276726 0.10183055349613977 0.0 0.0 0.23728637855662596 0.0 0.0 0.0 
0.11799903488407425 0.0 0.0 0.19369461891963627 0.0 0.0 0.0 0.34330777558547726 0.34499857061081224 0.0 0.0 
0.1583321073091433 0.1247731076638906 0.13438609853904507 0.2834158358702084 0.0 0.0 0.0 0.17918546057705215 0.11990739004066053 0.0 0.0 
0.11040353156583466 0.11199506185037535 0.0 0.2840389416654146 0.0 0.0 0.0 0.18423614392700904 0.3093263209913663 0.0 0.0 
0.1688026345001675 0.1435288159929454 0.0 0.0 0.0 0.0 0.0 0.35 0.3376685495068872 0.0 0.0 
0.16653172437029046 0.13800733046514457 0.12440002165588022 0.27536246732120245 0.0 0.0 0.0 0.17362432539871675 0.12207413078876557 0.0 0.0 
0.0 0.10253088650019225 0.0 0.19746911349980784 0.0 0.0 0.0 0.35 0.35 0.0 0.0 
