-0.00451934971726387 1.6943124117050185E-5 
-0.014928036484364707 5.278035666770677E-4 
-0.005514527861394701 2.048018449622359E-5 
-0.008242277206503078 4.723930857798024E-5 
-0.014870875919419668 5.125572247091232E-4 
-0.00888603881248395 6.147447680374212E-5 
-0.008640203957027658 5.411310312062196E-5 
-0.011671197233489968 1.3263029528474702E-4 
-0.014761170921181455 4.7174797230732976E-4 
-0.008521308037747609 5.146395514394348E-5 
-0.01211161400724579 1.586585925805111E-4 
-0.01408438741998615 3.4976317292946416E-4 
-0.014389768316802675 4.2381427348150497E-4 
-0.013288362191789877 2.5525953112096945E-4 
-0.0140785212028345 3.370176729825693E-4 
-0.014689779692035186 4.641857222227936E-4 
-0.009783546692567237 7.960419231595491E-5 
-0.01067834888754997 9.766083492537588E-5 
-0.010004614641817724 8.127895047020528E-5 
-0.014298061341770247 3.9838460529017E-4 
-0.006102285459312604 2.4983875105305814E-5 
-0.014000685566990669 3.2978756043983734E-4 
-0.005698140002731179 2.2448110932051376E-5 
-0.01047926002117847 9.080868000374025E-5 
-0.007085913012008488 3.367017684416009E-5 
-0.013141826228105752 2.320947446641652E-4 
-0.012302870032485721 1.6721360455836863E-4 
-0.009291317462693755 6.699492709861541E-5 
-0.009646828999555162 7.567603956852996E-5 
-0.013824703216536099 3.0351643282965687E-4 
-0.013016188211269326 2.135547337182774E-4 
-0.01368438911919723 2.917287718690504E-4 
-0.0065779551741863215 3.057169722606485E-5 
-0.01397134656763304 3.2017193433793906E-4 
-0.011763962204422116 1.3896123683135704E-4 
-0.006818852257215638 3.2093058368976664E-5 
-0.014373031492085757 4.1040850663563987E-4 
-0.007458495333505377 3.7013387330106065E-5 
-0.013740884436163628 2.982607836045928E-4 
-0.01089977885815133 1.0316193064369776E-4 
-0.013257228005989533 2.405944518388488E-4 
-0.006322624068245228 2.7321712651231394E-5 
-0.014261347129097978 3.842306578561578E-4 
-0.014816198733723265 4.998416583137024E-4 
-0.011502147111629023 1.2412722781647434E-4 
-0.010261608514102023 8.523605077923057E-5 
-0.014783518837930765 4.8614243914973953E-4 
-0.014634496711743189 4.546766914967402E-4 
-0.009525855344045516 7.17025553441585E-5 
-0.012000464725637164 1.487700411979598E-4 
-0.014202760504256232 3.7120833495098344E-4 
-0.009135454108355829 6.28282675597783E-5 
-0.010131880540172864 8.49660446554337E-5 
-0.01445002201562306 4.312022930480667E-4 
-0.01361511167089038 2.845743909888733E-4 
-0.010759786176640434 9.997871222966313E-5 
-0.011350508840346754 1.2021773158543322E-4 
-0.010411194519336902 8.908048871237163E-5 
-0.009405172932313254 7.053199992863832E-5 
-0.0142979097479285 3.8729550500635646E-4 
-0.014229918710488764 3.726293250723158E-4 
-0.006407258690009559 2.8206355419835734E-5 
-0.014320063769595874 4.0834852709260936E-4 
-0.014163742337436067 3.5896390344682734E-4 
-0.013847368277135128 3.129468093838841E-4 
-0.013113061581291417 2.2283916640291528E-4 
-0.014857356879764277 5.026225511391989E-4 
-0.012014016528118001 1.5581040859839962E-4 
-0.008045850108026725 4.1740766211962276E-5 
-0.014810321320493551 4.8701277820282704E-4 
-0.0077726741468013855 4.048076107529069E-5 
-0.011014102896004864 1.0606198137626705E-4 
-0.00727580449712328 3.513848677132812E-5 
-0.014573369010781236 4.523583382302936E-4 
-0.013475911675071672 2.765187385912031E-4 
-0.008027391438705444 4.144359064972559E-5 
-0.01281920832320759 2.013548842198259E-4 
-0.013237351242748208 2.3940437036854494E-4 
-0.012320970012737142 1.7781040604607576E-4 
-0.012433266544674342 1.860867048204779E-4 
-0.011313933628461543 1.15974451943686E-4 
-0.014551905704729947 4.440076284552796E-4 
-0.012343824744319514 1.8230092832794084E-4 
-0.009062614481389853 6.14949657026765E-5 
-0.005913603308041302 2.2737877542216444E-5 
-0.006759075925931026 3.068021160860064E-5 
-0.01388266265947275 3.1610237735911587E-4 
-0.014485350202692567 4.355980158058824E-4 
-0.01193004338772896 1.429711420001044E-4 
-0.014139572156107288 3.5882710234023366E-4 
-0.012512609311521103 1.8804578750971797E-4 
-0.011102403365693495 1.0828497668157258E-4 
-0.01344602242106068 2.670902459900428E-4 
-0.011872607107049548 1.4184882827172353E-4 
-0.012901219056178845 2.0783679090300312E-4 
-0.014526204479107248 4.407402677111654E-4 
-0.0059460900088049344 2.3686003546873024E-5 
-0.012315968369320907 1.6963620225829906E-4 
-0.007600824497148968 3.794186869092027E-5 
-0.01296867198869501 2.1003408794024244E-4 
