-0.004017636610296634 1.5589728387927667E-5 
-0.01495522229931885 5.379941963386252E-4 
-0.006458473436757531 2.9849747600187274E-5 
-0.006793758076571949 3.351755871981168E-5 
-0.013596354262398778 2.8290684724415437E-4 
-0.014217938465536182 3.680277215877179E-4 
-0.01437388395927025 4.226894357501807E-4 
-0.009603897947871375 7.205246443635056E-5 
-0.0070165138880046414 3.5219917743263264E-5 
-0.014758599475565078 4.723347025426437E-4 
-0.014370987505976115 4.086688973276251E-4 
-0.01223095683875464 1.6058706293137825E-4 
-0.011477518452154754 1.2029032051676285E-4 
-0.01470359287657707 4.638009911212978E-4 
-0.009314058164402124 6.754113969201355E-5 
-0.014164627711414076 3.5572753013230456E-4 
-0.01321616954279878 2.4763160705253584E-4 
-0.010366825115380522 8.67682603508429E-5 
-0.012010749714625603 1.470256274767083E-4 
-0.013216140736877737 2.3340686868915676E-4 
-0.014037998374716087 3.30328224625142E-4 
-0.007238680092531853 3.70468656772498E-5 
-0.014827407047190596 4.925880875424731E-4 
-0.01286564661220085 2.0525520983631266E-4 
-0.01463637370901422 4.5492216363038113E-4 
-0.012308196447868389 1.7458857630280814E-4 
-0.007407523219316016 3.885558162812237E-5 
-0.01121610157547116 1.1125609407092067E-4 
-0.011601214001855669 1.2928970056403104E-4 
-0.01431715132684606 4.0087433025172355E-4 
-0.013971062040161564 3.237173925532791E-4 
-0.014919825390075199 5.334538051616901E-4 
-0.014118537550672463 3.4996357234183664E-4 
-0.013078062058530297 2.2231152844471978E-4 
-0.010172257265508843 8.296677752467411E-5 
-0.01191010087824125 1.4277516630544558E-4 
-0.008919326018876045 5.821430703148141E-5 
-0.013023020296007704 2.155396093977019E-4 
-0.007578631180903451 4.0615879033219536E-5 
-0.012124883840279673 1.5515749691578755E-4 
-0.013132802665374843 2.290073108024846E-4 
-0.01491040934609297 5.21311678528722E-4 
-0.014574471772856703 4.4866810078999267E-4 
-0.01483522005272309 5.051558731806581E-4 
-0.011047631468426147 1.08572310811358E-4 
-0.011816573406143475 1.3829430321868143E-4 
-0.014527780103469747 4.409398547225382E-4 
-0.01370121312362891 2.926446403239784E-4 
-0.014870486608195805 5.186413071905087E-4 
-0.010908411173791271 1.0322270936607983E-4 
-0.009961186284802161 7.80998385317465E-5 
-0.014277508730112359 3.889004996110063E-4 
-0.012752212800750519 1.9863680606150202E-4 
-0.0125267005826671 1.8784485755176191E-4 
-0.010073290164777617 8.230816137864653E-5 
-0.013263122382242466 2.5391697700890463E-4 
-0.009683049506460303 7.477358796555554E-5 
-0.008275928597987169 4.8015954725236985E-5 
-0.008618432362044652 5.269572831686242E-5 
-0.014446806413746374 4.3080453784510875E-4 
-0.013829800014181664 3.106919944428236E-4 
-0.011746817735541872 1.3386487669407387E-4 
-0.013375547200070906 2.6135452954678673E-4 
-0.014783990469661348 4.8465832765465786E-4 
-0.010471984220945914 9.133121996515251E-5 
-0.013506326018429757 2.746676743133641E-4 
-0.014279423685316072 3.9372498625411015E-4 
-0.01078472766897982 9.928651029153252E-5 
-0.01422003963494686 3.7849809372098427E-4 
-0.014240409179402058 3.80133450008156E-4 
-0.007715777485244108 4.200720497101833E-5 
-0.013931337171456486 3.164603619711083E-4 
-0.014090967689487217 3.403354830631406E-4 
-0.013327171701505408 2.572285666785302E-4 
-0.00877359867160348 5.522315002815899E-5 
-0.007823236791235767 4.451979830628704E-5 
-0.01137102926243829 1.169491198967107E-4 
-0.012437635881814998 1.8048476982544416E-4 
-0.008494827681420403 5.100979606012228E-5 
-0.012356043432747502 1.753057526358952E-4 
-0.012813504344072277 2.0366394763148677E-4 
-0.01099067831611576 1.0519144304621544E-4 
-0.008015511025109907 4.5425020794862366E-5 
-0.008210364380590494 4.773448428629381E-5 
-0.013812255924618643 3.0307733695468926E-4 
-0.008046261058756207 4.5845383437738746E-5 
-0.012468012124792607 1.822438275178612E-4 
-0.014442844725258433 4.303150336480202E-4 
-0.013442322584014125 2.661476921964976E-4 
-0.01165117174512083 1.315939831594694E-4 
-0.0090396102814452 6.045715205886594E-5 
-0.013773403718222808 3.0012654407377746E-4 
-0.014869611368307604 5.075007136600186E-4 
-0.01409298732118752 3.4051521912406547E-4 
-0.01371284351160684 2.933333383357817E-4 
-0.012162990286957026 1.5752340268040157E-4 
-0.009845710341042256 7.53843030007602E-5 
-0.009202995011410304 6.42466839817096E-5 
-0.013454625713115799 2.6912986940890154E-4 
-0.012699480579878498 1.9371969727624143E-4 
