-0.0034286427150351643 2.1161664560346324E-5 
-0.014955806919204867 5.382172823235168E-4 
-0.006423836825847938 2.8651670769923567E-5 
-0.004246388644198493 2.8397615665171445E-5 
-0.010004515297069878 8.196471464654449E-5 
-0.01438744241379638 4.1494529516458484E-4 
-0.006832180109971386 3.269281596870995E-5 
-0.010480573568025656 9.053529640398449E-5 
-0.009013508433178266 6.231718532429476E-5 
-0.014305713633479478 3.968511057614771E-4 
-0.009675160933847246 7.616127090615246E-5 
-0.008792526231536172 5.71474828759035E-5 
-0.010672369219123238 9.571515258241495E-5 
-0.014765755387917925 4.7305985810327595E-4 
-0.007070853299432788 3.334625917727079E-5 
-0.012922864700326026 2.087118684052309E-4 
-0.009198832325650603 6.626409751458382E-5 
-0.014189052350436725 3.618235721542435E-4 
-0.012487844128331625 1.8496757691181099E-4 
-0.011547885150854517 1.2373589786026507E-4 
-0.014767988777168756 4.8655821836753136E-4 
-0.013126717001469616 2.4184034517546834E-4 
-0.007285526230952743 3.510167656705569E-5 
-0.0038175013228842333 2.3392063731530926E-5 
-0.012074227746213643 1.5602631591054845E-4 
-0.011591632193581867 1.3149313813560118E-4 
-0.013125885918957796 2.2267819691237147E-4 
-0.003585364153649814 2.3271610375786916E-5 
-0.01095678007448528 1.0591017273136523E-4 
-0.008284682006758833 4.5369189377605264E-5 
-0.014139993248655808 3.5691547349330584E-4 
-0.009513619662291452 7.353701809815577E-5 
-0.013250291206900137 2.523841858062322E-4 
-0.011047467978790372 1.0890121027821157E-4 
-0.01412499887485922 3.459298293842603E-4 
-0.014014078387690906 3.2728562596404673E-4 
-0.013710372482970792 2.9564758742784954E-4 
-0.013793374866188216 3.0190229756931413E-4 
-0.01488954760223317 5.145224746128333E-4 
-0.013304625446260637 2.591278901920313E-4 
-0.013544990707621215 2.782643423319765E-4 
-0.008643065284549153 5.2345846477353815E-5 
-0.0076392508516419 3.8922883827061564E-5 
-0.011906073145044792 1.4860111384730175E-4 
-0.014458246210235245 4.37676061269926E-4 
-0.011893378351307129 1.415899616901658E-4 
-0.01489427043616491 5.280883620054365E-4 
-0.012181815027778733 1.6533125738295214E-4 
-0.009906037418452541 8.0357847177977E-5 
-0.012982307842992683 2.1813282748482277E-4 
-0.013895049583671824 3.1241526561702644E-4 
-0.014219202281503062 3.7529774413028075E-4 
-0.0134897866158382 2.715748760057105E-4 
-0.012251135210109568 1.6844899090632569E-4 
-0.004021822330643827 2.4341624528754124E-5 
-0.011758291967237797 1.3451239525647554E-4 
-0.007906952058199176 4.175278675145434E-5 
-0.013830987173382714 3.079910798667395E-4 
-0.014855209779342526 5.01887994283826E-4 
-0.012317521617955327 1.7972971538754873E-4 
-0.011993518651457664 1.5350344292708066E-4 
-0.014662525009560202 4.5835609023795756E-4 
-0.007825792924245886 4.0363332464709754E-5 
-0.012837118371828025 2.0190373888836962E-4 
-0.014044388027837917 3.3499890486219015E-4 
-0.013382030050559369 2.632080712686789E-4 
-0.013602152389874313 2.926019829621022E-4 
-0.014225353811491065 3.7571693219317726E-4 
-0.014860792590245584 5.126604650538462E-4 
-0.013163748221051931 2.4719595469997643E-4 
-0.012602085871613548 1.8946082144039383E-4 
-0.014418817306677094 4.273589543112258E-4 
-0.014403728473243713 4.262891695972936E-4 
-0.011383536341254252 1.1758092703806187E-4 
-0.01139720254777523 1.1879066445827386E-4 
-0.013440001889507499 2.675760972188124E-4 
-0.01177255144771219 1.3857687319921103E-4 
-0.0074618130867148864 3.694098482018782E-5 
-0.012320930716833095 1.8030510288043105E-4 
-0.01492915637372853 5.287434340012512E-4 
-0.009367651465384852 6.839518896595214E-5 
-0.011222381595528888 1.1293968713831743E-4 
-0.014718514337491396 4.6579514505828165E-4 
-0.014252570116557558 3.879787721331965E-4 
-0.010816875587626684 9.987874629006267E-5 
-0.014780328703709766 4.938046220108309E-4 
-0.008434460249226542 4.809270219736934E-5 
-0.013965204415760627 3.2057323317234867E-4 
-0.011211203452507526 1.1272768882213748E-4 
-0.004114355815891994 2.5327542277621085E-5 
-0.009416243594450681 6.91065919578604E-5 
-0.008662965614988208 5.4455644751863234E-5 
-0.014545294757351945 4.431647978776213E-4 
-0.013939169443638648 3.186628912501707E-4 
-0.01311857850842512 2.2215146009234402E-4 
-0.008434460249226542 4.809270219736934E-5 
-0.012731760243305136 1.9754609965805828E-4 
-0.008110308194735372 4.278917418944916E-5 
-0.014581540638777705 4.478061327720629E-4 
-0.01495370836666506 5.380662509884682E-4 
