0.0 0.0 0.0 0.146971924880032 0.0 0.0 0.24955671901721246 0.19461666976970796 0.0 0.0 0.2579690224492798 
0.0 0.29999999905988206 0.0 0.0 0.0 0.0 0.0 0.35 0.35 0.0 0.0 
0.0 0.32788713546476006 0.0 0.0 0.0 0.0 0.0 0.34999346417942373 0.32211940035581615 0.0 0.0 
0.0 0.35 0.0 0.0 0.0 0.0 0.0 0.35 0.2704752853268985 0.0 0.0 
0.0 0.3279598174812933 0.0 0.0 0.0 0.0 0.0 0.35 0.3156936315776696 0.0 0.0 
0.0 0.3131684303296992 0.0 0.0 0.0 0.0 0.10459176325342688 0.3487824446354707 0.22921297724486545 0.0 0.0 
0.0 0.33926603276119105 0.0 0.0 0.0 0.0 0.10920648591210312 0.35 0.19986365545693874 0.0 0.0 
0.0 0.34907786875669566 0.0 0.0 0.0 0.0 0.0 0.35 0.3008470931431739 0.0 0.0 
0.0 0.35 0.0 0.0 0.0 0.0 0.0 0.35 0.2945952689221544 0.0 0.0 
0.0 0.22303202205833203 0.0 0.11836650919258122 0.0 0.0 0.12171393578492634 0.34839320546966607 0.18267556857808015 0.0 0.0 
0.0 0.26656499958507923 0.0 0.0 0.0 0.0 0.10146573382461867 0.34839171244941014 0.2835775541408919 0.0 0.0 
0.0 0.24655358596768923 0.0 0.10072999262806183 0.0 0.0 0.10330259710563273 0.3443021074663653 0.20511171683225077 0.0 0.0 
0.0 0.2399250577391862 0.0 0.11721111904892678 0.0 0.0 0.12050522656517972 0.35 0.15582983149982177 0.0 0.0 
0.0 0.0 0.0 0.1679695762110151 0.0 0.0 0.23613771602258857 0.2556161025020199 0.0 0.0 0.323218183228632 
0.0 0.22458866389320434 0.0 0.10038023714631081 0.0 0.0 0.10944478871885906 0.35 0.21544014103172301 0.0 0.0 
0.0 0.0 0.0 0.15271639221095717 0.0 0.0 0.1686182497185845 0.35 0.10580277361708168 0.0 0.22234352147480943 
0.0 0.3139693332319884 0.0 0.0 0.0 0.0 0.0 0.3472277909360866 0.3371733731421447 0.0 0.0 
0.0 0.22810418960303053 0.0 0.12956528883901552 0.0 0.0 0.16896456393902715 0.32544001471328177 0.14792594290564515 0.0 0.0 
0.0 0.0 0.0 0.13691106215955445 0.0 0.0 0.15955252420277694 0.35 0.16807245366071868 0.0 0.18474775864347878 
0.0 0.2742559395099667 0.0 0.0 0.0 0.0 0.10636253596403716 0.35 0.26656123250326075 0.0 0.0 
0.0 0.2513131288902276 0.0 0.10961852563490349 0.0 0.0 0.10091943268049505 0.35 0.18806976681667054 0.0 0.0 
0.0 0.0 0.0 0.1520045796012768 0.0 0.0 0.2595768921082863 0.1984100396134434 0.0 0.0 0.27817051260259296 
0.0 0.2223448826969791 0.0 0.14543162120756037 0.0 0.0 0.1301701011950429 0.3417650345796773 0.14861531587300753 0.0 0.0 
0.0 0.24913806478676387 0.0 0.15467755058628405 0.0 0.0 0.13255875452834243 0.3252084385332341 0.13841719156537546 0.0 0.0 
0.0 0.0 0.0 0.17235280597160865 0.0 0.0 0.27768375557726593 0.23950536191777685 0.0 0.0 0.31030176846457913 
0.0 0.34892287572480485 0.0 0.0 0.0 0.0 0.13669292621105475 0.3492108395533936 0.1586813377525693 0.0 0.0 
0.0 0.0 0.0 0.1726186161672325 0.0 0.0 0.24862264289225403 0.2623169223918063 0.0 0.0 0.3164418185487071 
0.0 0.0 0.0 0.1504366862858608 0.0 0.0 0.19132081617334298 0.3384517640223925 0.10086673157506233 0.0 0.21892400194334127 
0.0 0.30528431670988604 0.0 0.0 0.0 0.0 0.10489315598028531 0.34865762599507016 0.24116490131475857 0.0 0.0 
0.0 0.2257783435099442 0.0 0.1471535834865878 0.0 0.0 0.12505627166889904 0.3462516954982431 0.15576010583632588 0.0 0.0 
0.0 0.35 0.0 0.0 0.0 0.0 0.14111017410010562 0.35 0.14603483370422296 0.0 0.0 
0.0 0.24981886352321886 0.0 0.1138873663349344 0.0 0.0 0.10031938279938236 0.34886466947487815 0.18389656351868464 0.0 0.0 
0.0 0.0 0.0 0.19647031040448262 0.0 0.0 0.19134070886204563 0.3023645475294596 0.1002655842169415 0.0 0.2095588489870706 
0.0 0.0 0.0 0.15513026020407056 0.0 0.0 0.15107610731174628 0.35 0.13440594629924452 0.0 0.1912016208125778 
0.0 0.0 0.0 0.1674670675681635 0.0 0.0 0.28435724686778435 0.2217558422318974 0.0 0.0 0.2939426407340745 
0.0 0.30427358150302264 0.0 0.0 0.0 0.0 0.10022000721368729 0.35 0.24550599172554566 0.0 0.0 
0.0 0.0 0.0 0.15360721251532228 0.0 0.0 0.2496967982025337 0.2158109206746923 0.0 0.0 0.2816429253996443 
0.0 0.0 0.0 0.1622556769811682 0.0 0.0 0.20934330769060133 0.3215881120265965 0.0 0.0 0.30681290330163385 
0.0 0.0 0.0 0.16925600219573025 0.0 0.0 0.2295883586695477 0.29975820681735355 0.0 0.0 0.2990266320318389 
0.0 0.0 0.0 0.14890589821359523 0.0 0.0 0.20017653398606972 0.3214616260914529 0.10609246700989224 0.0 0.2233634746989899 
0.0 0.0 0.0 0.14586943036625952 0.0 0.0 0.2634210278242161 0.2053029826297182 0.0 0.0 0.2865497132701321 
0.0 0.2753041308695252 0.0 0.0 0.0 0.0 0.10676904782072637 0.35 0.26758001510903556 0.0 0.0 
0.0 0.0 0.0 0.15058189944295602 0.0 0.0 0.19449815947121918 0.33129035942585916 0.10311472650693433 0.0 0.22051485515303143 
0.0 0.21930486619450568 0.0 0.1476825511404774 0.0 0.0 0.17898014412082908 0.312066967131164 0.14196547141302374 0.0 0.0 
0.0 0.0 0.0 0.16356846095030708 0.0 0.0 0.23341112621982066 0.31493851867664907 0.0 0.0 0.28670129165472363 
0.0 0.3331572480685398 0.0 0.0 0.0 0.0 0.1072401266392676 0.35 0.19626493374248974 0.0 0.0 
0.0 0.0 0.0 0.1626904644152267 0.0 0.0 0.1992511311673762 0.3146167577229408 0.1062902502632237 0.0 0.21715139643123263 
0.0 0.35 0.0 0.0 0.0 0.0 0.0 0.35 0.28886835850674414 0.0 0.0 
0.0 0.0 0.0 0.17165807402636785 0.0 0.0 0.24556066931733184 0.26810028933324204 0.0 0.0 0.3146809673230583 
0.0 0.0 0.0 0.15735974424029806 0.0 0.0 0.24854302463577882 0.27729194989266126 0.0 0.0 0.28851176684226587 
0.0 0.2246006319235256 0.0 0.14638599666864513 0.0 0.0 0.12440394949393241 0.34444556729628206 0.15443727525057674 0.0 0.0 
0.0 0.0 0.0 0.12300464121475388 0.0 0.0 0.20578112125244438 0.35 0.10271548626027861 0.0 0.20446762929292625 
0.0 0.35 0.0 0.0 0.0 0.0 0.1397444909457082 0.35 0.14339974428900917 0.0 0.0 
0.0 0.23643920458951667 0.0 0.15662613478819487 0.0 0.0 0.16409170306013862 0.3050802142670608 0.13776274329508903 0.0 0.0 
0.0 0.27074109316152767 0.0 0.0 0.0 0.0 0.10076337758105222 0.35 0.276768633815533 0.0 0.0 
0.0 0.0 0.0 0.15908204511192983 0.0 0.0 0.2468993592514228 0.3037124205022255 0.0 0.0 0.28975850169283596 
0.0 0.29938595896507814 0.0 0.13658856379136802 0.0 0.0 0.1321831154803481 0.3091541729346203 0.1187204547589655 0.0 0.0 
0.0 0.35 0.0 0.0 0.0 0.0 0.0 0.35 0.27475841906263815 0.0 0.0 
0.0 0.0 0.0 0.1774271386896513 0.0 0.0 0.2731856074504782 0.21304364539012785 0.0 0.0 0.31281462428531315 
0.0 0.0 0.0 0.15458852168357284 0.0 0.0 0.20993801959934869 0.317894021916944 0.10469119225067801 0.0 0.21288824454945646 
0.0 0.0 0.0 0.1427299632166461 0.0 0.0 0.16268836363408598 0.35 0.13692531985917866 0.0 0.1947856014425663 
0.0 0.35 0.0 0.0 0.0 0.0 0.0 0.35 0.2767839071671195 0.0 0.0 
0.0 0.0 0.0 0.15918840480262025 0.0 0.0 0.2514313162340269 0.2805143296408375 0.0 0.0 0.2918645308692885 
0.0 0.3145063876871805 0.0 0.0 0.0 0.0 0.0 0.34782173503301195 0.33767187727980746 0.0 0.0 
0.0 0.0 0.0 0.1560398770154178 0.0 0.0 0.26495400244368444 0.20029576741202967 0.0 0.0 0.28064673079949987 
0.0 0.0 0.0 0.160940416161274 0.0 0.0 0.23865582909390134 0.30726034050281675 0.0 0.0 0.2931434142420079 
0.0 0.3494432191784395 0.0 0.0 0.0 0.0 0.14039092880572596 0.34973161244316875 0.1604342395726659 0.0 0.0 
0.0 0.347817796859604 0.0 0.11873558867712146 0.0 0.0 0.0 0.3497832175596628 0.18366339690361186 0.0 0.0 
0.0 0.3376608645280206 0.0 0.0 0.0 0.0 0.10868979763471912 0.35 0.19891804121995255 0.0 0.0 
0.0 0.0 0.0 0.17647744265445814 0.0 0.0 0.19494416598315653 0.3132058688610273 0.10371946276142532 0.0 0.21165305973993265 
0.0 0.0 0.0 0.16168374776829125 0.0 0.0 0.2767398901033491 0.21158003332751477 0.0 0.0 0.2966348196989156 
0.0 0.24654137934815998 0.0 0.11849478051332772 0.0 0.0 0.12166467990287101 0.35 0.15908947171904983 0.0 0.0 
0.0 0.33701799526230175 0.0 0.0 0.0 0.0 0.1337998561354914 0.35 0.17397041367457705 0.0 0.0 
0.0 0.24571556792746002 0.0 0.1541959120300647 0.0 0.0 0.12794544283364503 0.3236771919155381 0.13776545307614252 0.0 0.0 
0.0 0.0 0.0 0.13092929401730205 0.0 0.0 0.18406514529068735 0.3486244587877358 0.10300488811700054 0.0 0.23337621378727413 
0.0 0.35 0.0 0.0 0.0 0.0 0.0 0.35 0.28076463403590207 0.0 0.0 
0.0 0.33825737155116375 0.0 0.0 0.0 0.0 0.13430001562597607 0.35 0.17636558395691262 0.0 0.0 
0.0 0.3469968117176533 0.0 0.1260530946850732 0.0 0.0 0.0 0.3470270758862245 0.17992301771104907 0.0 0.0 
0.0 0.0 0.0 0.14522090794281683 0.0 0.0 0.15736905989846328 0.35 0.1621193263795032 0.0 0.18429434201152775 
0.0 0.3061396037756741 0.0 0.0 0.0 0.0 0.0 0.35 0.34357709199478326 0.0 0.0 
0.0 0.34701657371814043 0.0 0.12604927990841774 0.0 0.0 0.0 0.34701657371814043 0.17991757265530128 0.0 0.0 
0.0 0.22674117590590442 0.0 0.15737971478513388 0.0 0.0 0.16555207418967163 0.3099153359632536 0.14041169915603657 0.0 0.0 
0.0 0.0 0.0 0.16248202019672425 0.0 0.0 0.19885002583582057 0.30226447819880864 0.10420058611969178 0.0 0.2177831512333737 
0.0 0.31458057431117237 0.0 0.0 0.0 0.0 0.10509408035540269 0.35 0.22986782245699544 0.0 0.0 
0.0 0.0 0.0 0.160790370213009 0.0 0.0 0.2539615524795301 0.2834353154841721 0.0 0.0 0.29480165988664164 
0.0 0.0 0.0 0.14792966745086059 0.0 0.0 0.1713720124686916 0.34739925054444337 0.14747699240252696 0.0 0.17492831121747998 
0.0 0.3386566988720978 0.0 0.11191125691576205 0.0 0.0 0.0 0.35 0.19550321240423407 0.0 0.0 
0.0 0.0 0.0 0.14952621096901028 0.0 0.0 0.17322025876470035 0.35 0.14906753102682116 0.0 0.17704004951815486 
0.0 0.0 0.0 0.17949902913267032 0.0 0.0 0.2834140377763547 0.2230153288505246 0.0 0.0 0.3129633805507599 
0.0 0.0 0.0 0.19481467746153736 0.0 0.0 0.19643350780183833 0.286081845050934 0.10001214402645593 0.0 0.22265782565923437 
0.0 0.28053180740318306 0.0 0.14682478792537879 0.0 0.0 0.15382317602805956 0.28814792971450615 0.13067229892887242 0.0 0.0 
0.0 0.0 0.0 0.19832691726580784 0.0 0.0 0.2091276546452903 0.29145654701346274 0.10183532417047653 0.0 0.19925355690496274 
0.0 0.0 0.0 0.1948220720436626 0.0 0.0 0.19641504225529244 0.2860927038616013 0.10001594018813205 0.0 0.22265424165131167 
0.0 0.0 0.0 0.19832691726580778 0.0 0.0 0.20912765464529023 0.2914565470134627 0.1018353241704765 0.0 0.1992535569049627 
0.0 0.3480333612063499 0.0 0.11779851188394594 0.0 0.0 0.0 0.35 0.18377722454708534 0.0 0.0 
0.0 0.3058253875612 0.0 0.0 0.0 0.0 0.0 0.3496407662592177 0.3445338461795823 0.0 0.0 
0.0 0.33566288045571 0.0 0.11215523308967515 0.0 0.0 0.0 0.35 0.20217045791232882 0.0 0.0 
0.0 0.0 0.0 0.1676221273421435 0.0 0.0 0.2273720789451061 0.29686455820270197 0.0 0.0 0.2961400455102893 
0.0 0.0 0.0 0.17726371796573734 0.0 0.0 0.1935536148459791 0.31097174826080903 0.1029796241714221 0.0 0.21523129475605243 
0.0 0.0 0.0 0.17031456137602943 0.0 0.0 0.27224186041590004 0.23667297107395402 0.0 0.0 0.30663213918871 
