-0.003670319192686335 2.6032099048574424E-5 
-0.01494075228932271 5.326586766186127E-4 
-0.0055239822371095145 2.9160768246300396E-5 
-0.006633280372570856 3.1195408267995124E-5 
-0.01307349448601879 2.223910125363801E-4 
-0.014239437150906774 3.804100210340382E-4 
-0.012432409964834442 1.8198428367548994E-4 
-0.012972506891392788 2.1023024546715203E-4 
-0.014602020875239978 4.5045065711512054E-4 
-0.014817793614614931 4.909341130626999E-4 
-0.014069615541134377 3.3831876099126994E-4 
-0.006865858940481377 3.427918453640566E-5 
-0.014684826873029296 4.61305012099532E-4 
-0.014274646443750295 3.9507053866755286E-4 
-0.014847257988446067 5.005462122947899E-4 
-0.014769977181789993 4.797105256831418E-4 
-0.01421390982452421 3.684388204839886E-4 
-0.007218898458339094 3.762025030549952E-5 
-0.013283512355434093 2.536185325443389E-4 
-0.007445861574852678 3.893745659348009E-5 
-0.013921284242555287 3.168359866085058E-4 
-0.013369387858695556 2.605232768821584E-4 
-0.013869813412431497 3.0878645009755327E-4 
-0.013094014360661418 2.356308466854039E-4 
-0.014332737405951033 4.0494593938183564E-4 
-0.01367629489696379 2.891956189858742E-4 
-0.014539775820339922 4.424624556620147E-4 
-0.013229077554751842 2.458118170753838E-4 
-0.01228863782578026 1.7001706666162886E-4 
-0.014427729986381718 4.2845292486967174E-4 
-0.011798185185529332 1.3696395972153739E-4 
-0.014190452549578413 3.611299323172558E-4 
-0.010864141009279567 9.959263567793213E-5 
-0.007042799097530565 3.591468640719684E-5 
-0.011701183082073748 1.3008620695878335E-4 
-0.01219353373926807 1.5986804998074488E-4 
-0.01448430652340757 4.354674779705721E-4 
-0.010694163015307472 9.704642728315613E-5 
-0.013801083118112071 3.0168119955983506E-4 
-0.00934172760368783 6.76224087483515E-5 
-0.014914560524440849 5.233883629292382E-4 
-0.008300113549588728 4.864338889860111E-5 
-0.011969966935101413 1.4732026898529882E-4 
-0.013711099303256931 2.969805660721534E-4 
-0.014867842201614564 5.106795049491206E-4 
-0.011890042378358345 1.4117408169789038E-4 
-0.007615515212701978 4.072410457083426E-5 
-0.013509370096809921 2.7869012620409E-4 
-0.013585404254203676 2.823373182255442E-4 
-0.012619409583813326 1.911956384211407E-4 
-0.014025553919703447 3.2766065968790697E-4 
-0.012518714242424109 1.8657584751694098E-4 
-0.011214443381717173 1.1348331490219797E-4 
-0.012719997637965249 1.9538647977311005E-4 
-0.009469344416976055 7.070236302697064E-5 
-0.00920087491974751 6.395272165527086E-5 
-0.008985338512280063 5.943726793498127E-5 
-0.014344361390223445 4.1833755506151646E-4 
-0.012873615539442454 2.0459124315826344E-4 
-0.00974106506244643 7.400043448336744E-5 
-0.014106321904319276 3.478960554241271E-4 
-0.014137789241207564 3.523656535987901E-4 
-0.008468838648375993 5.125123347490483E-5 
-0.010949092665367734 1.0483078502026708E-4 
-0.012066553258252476 1.513930777820746E-4 
-0.01311268036801447 2.411634572259802E-4 
-0.011329145067593313 1.170753610010193E-4 
-0.01279582829627284 2.0081350380501495E-4 
-0.010105856771627206 8.141836682182339E-5 
-0.007753702723332358 4.316961194049255E-5 
-0.009600336663619426 7.348278202810606E-5 
-0.013970852144055771 3.249418988011222E-4 
-0.007889892730950967 4.400065025252908E-5 
-0.010557848342834375 9.43353872936403E-5 
-0.00803966904296158 4.564085122026065E-5 
-0.011409602851065391 1.2092273711854118E-4 
-0.01487499327978968 5.173815065833037E-4 
-0.011609403950774385 1.2626093899930746E-4 
-0.008161559133944715 4.68496647951138E-5 
-0.013474167524390427 2.6928934113644085E-4 
-0.010293922508921362 8.593310838991697E-5 
-0.012259517247721164 1.6967916195695842E-4 
-0.009891391085981095 7.766616603152448E-5 
-0.01152392416373936 1.232564514487109E-4 
-0.009087590959387538 6.159219255044387E-5 
-0.012140308831937828 1.5598677277467554E-4 
-0.014755962677424697 4.7200120857090533E-4 
-0.010399036578167108 8.895561606668428E-5 
-0.014730171615697514 4.6735893049036214E-4 
-0.014365305586620046 4.2085401864581164E-4 
-0.00858769083335523 5.26998533665146E-5 
-0.013423375263431576 2.679025225042098E-4 
-0.008807329732287539 5.676616739181352E-5 
-0.009950186291654011 7.896551657214278E-5 
-0.010169010904195417 8.485304733188247E-5 
-0.011085467153087667 1.1041903673378978E-4 
-0.010475834440706128 9.179184569243575E-5 
-0.014296930436469953 3.999730919835893E-4 
-0.011062544873339707 1.0753068377060315E-4 
-0.008687474677431348 5.525733294750041E-5 
