-0.010043500046012916 4.523169009695727E-4 
-2.3267455644833488E-4 8.880478328102394E-5 
-0.010043500046012916 4.523169009695727E-4 
-2.3267455644833488E-4 8.880478328102394E-5 
-0.009509176710483184 3.63792046118373E-4 
-0.009590766962151966 4.4189347673432504E-4 
-5.95272282497812E-4 8.955757539141199E-5 
-0.008879266231794587 3.1099037294349155E-4 
-0.009428843990203788 3.559528664734901E-4 
-0.008388797355361551 2.7434229347793435E-4 
-0.005262884726808066 1.5690820013730596E-4 
-0.00795617606972291 2.457318758985564E-4 
-0.0016568951253785606 9.728854710697318E-5 
-0.006810574719283969 2.0117748899671273E-4 
-0.0070319773216289535 2.0611484439861402E-4 
-0.008295518246942692 2.659176774782065E-4 
-0.009215607816157111 3.369974049153247E-4 
-0.008979887463228135 3.1576642612974487E-4 
-0.0055959026422771965 1.7045268201926704E-4 
-0.004494659537434086 1.3581031349779206E-4 
-0.005858982477284512 1.823156187389831E-4 
-0.0036228699407054032 1.1205476706487515E-4 
-0.009357831322475276 3.4944949848313514E-4 
-0.0025508798008569093 1.0061875707011231E-4 
-0.0028750353947579084 1.0300041110431613E-4 
-0.009134099650028182 3.2902924366249274E-4 
-0.008792999815289304 3.0151984660053624E-4 
-0.008091460773494196 2.527852801858587E-4 
-0.002166331816750094 9.893593738821115E-5 
-0.0035064373994977823 1.0894934744667354E-4 
-0.0027032983061339106 1.0167938132121327E-4 
-0.005522211402722411 1.6685356124645606E-4 
-0.008487498081194528 2.7840196612025526E-4 
-0.004151559738344297 1.2846391434099462E-4 
-0.0010889288946627086 9.069724840540179E-5 
-0.005144597013843778 1.533315639172583E-4 
-0.006737127383068598 1.9878048180134678E-4 
-0.007520937456324689 2.238182661048545E-4 
-0.0019718185830573803 9.830103612485896E-5 
-0.003052232104935015 1.0382239720344954E-4 
-0.00851962983540827 2.83238678228655E-4 
-0.004569702907088879 1.391806108664396E-4 
-0.005064630691774687 1.5066910320065815E-4 
-0.0015953416767424857 9.356793385699532E-5 
-0.007197751018803678 2.1141878689267298E-4 
-0.005697867234694699 1.7649032974038768E-4 
-0.008607208792588554 2.867681081519206E-4 
-0.007611152511835579 2.2840037453850781E-4 
-0.003978300701540702 1.237053079689924E-4 
-0.005403988318541276 1.6278947760388568E-4 
-0.004245627126438927 1.3514739739323736E-4 
-0.0012098728543531029 9.158636538194768E-5 
-0.006342226084159567 1.9236560535526874E-4 
-0.0077754270357682405 2.3581555623270159E-4 
-0.00869284298193114 2.9376943095077776E-4 
-8.854205365684607E-4 8.9915673901354E-5 
-0.007291526611507601 2.1471652741603063E-4 
-0.003146544798675899 1.0594147004968131E-4 
-0.009099071022945247 3.2626878044161194E-4 
-0.006391930020995034 1.929143448926039E-4 
-0.004090036574072118 1.244591033455327E-4 
-0.0046827265501721855 1.4149092574626467E-4 
-0.009311087191716257 3.447954300831677E-4 
-0.0048351363847805254 1.4527293935075476E-4 
-0.003823894538333837 1.2230841900710279E-4 
-0.008156338215429082 2.5780548521386404E-4 
-0.0033694016920897602 1.0695555920939271E-4 
-0.006563782233971185 1.953651785164293E-4 
-0.006131813733164654 1.90772937015173E-4 
-0.008633727876888566 2.9107143128959134E-4 
-0.0013724116079712185 9.212096174224358E-5 
-0.00658578610474532 1.9606904535817929E-4 
-0.007855684996003037 2.3981779545837432E-4 
-0.0014492916755503244 9.257830551351171E-5 
-0.007881379129004652 2.4160149169547983E-4 
-0.005735753499769273 1.8060509855021462E-4 
-0.004747928712864756 1.4373033911966172E-4 
-0.007722018588731844 2.330087658497527E-4 
-0.006003772175935566 1.866340267258273E-4 
-0.008737762386047985 2.9894818856544527E-4 
-0.003302399951331251 1.0601774786758456E-4 
-0.009907246701033838 4.4708344856396985E-4 
-0.003786253053157216 1.1994124792721132E-4 
-0.007341688950943842 2.1755358407362307E-4 
-0.006111036660502769 1.9063371308967973E-4 
-0.003734641254179152 1.1604174005344319E-4 
-0.009706604942776096 4.4266315156326697E-4 
-0.007641411527035798 2.3140591270397074E-4 
-0.007451799620185425 2.2090783054488697E-4 
-0.00542171347509745 1.6301664084957362E-4 
-0.009962686585899546 4.4899505937770023E-4 
-0.006003772175935566 1.866340267258273E-4 
-0.009828145237835529 4.4487337333601307E-4 
-0.004184434240668876 1.346901080027693E-4 
-0.002351406415819996 9.960107063105978E-5 
-8.854205365684607E-4 8.9915673901354E-5 
-0.002351406415819996 9.960107063105978E-5 
-0.0019822874413554566 9.849639078316887E-5 
-0.004956916852861464 1.4765845345481244E-4 
-0.009041774511811576 3.2117642898873945E-4 
