-0.014879963159037292 6.763246056511912E-4 
-0.014879963159037292 6.763246056511912E-4 
-0.006997594312782059 3.9594857666783284E-5 
-0.0145688576512181 5.323142809729522E-4 
-0.014569680703757179 6.110070472490244E-4 
-0.014633408231341054 6.200623946885337E-4 
-0.01465645852018894 6.614871056943582E-4 
-0.01400552893410122 4.422952657928468E-4 
-0.01408174508730266 4.589602869067656E-4 
-0.01092945224079649 1.487193901493275E-4 
-0.010745855965832437 1.4192611810979311E-4 
-0.013370325147546866 3.3885561562793057E-4 
-0.014483841380850977 5.100381959175177E-4 
-0.01033384406904262 1.2132993745784081E-4 
-0.012760685344720439 2.7036177259471774E-4 
-0.010543481696281533 1.2822405976427493E-4 
-0.011757427127134977 1.9981788871407556E-4 
-0.01453361203160475 5.221896024963524E-4 
-0.01142238108249581 1.7989432576512543E-4 
-0.012858558684878523 2.7759347455413505E-4 
-0.013283776317958827 3.2081590458797073E-4 
-0.008428501359181283 5.48233482749606E-5 
-0.011892478459792095 2.0827207252525657E-4 
-0.012490025505763475 2.517929845258568E-4 
-0.008269698477737855 5.230748691014859E-5 
-0.014270256344115505 4.836305077142117E-4 
-0.009605734131351943 9.125962263857857E-5 
-0.010269491864667954 1.1667877313485328E-4 
-0.01467942202822042 6.629628583845729E-4 
-0.013175871172830936 3.080497801361603E-4 
-0.007486674875838418 4.2035405258398935E-5 
-0.014392296775850993 4.964614693905441E-4 
-0.00814675263540281 5.059892171036423E-5 
-0.011213106234122234 1.7699626055470797E-4 
-0.008006308447229275 4.842036487130166E-5 
-0.01483142176973548 6.730123495588238E-4 
-0.009907035558110459 1.0564298479290996E-4 
-0.014154369975232077 4.755033599123051E-4 
-0.01353607687884315 3.553662212770455E-4 
-0.011128659891971723 1.6345317353465334E-4 
-0.011520856065338543 1.8708230880765112E-4 
-0.007898433857626766 4.6165882865682575E-5 
-0.009509210938557427 8.844971720604978E-5 
-0.011010266119752648 1.5609439882773946E-4 
-0.010104946359913863 1.1407302629800782E-4 
-0.007017560588166218 3.960496990966821E-5 
-0.01367321254024502 3.77963383217494E-4 
-0.014085404601287209 4.7138763950210424E-4 
-0.012625049121425945 2.5987691668049803E-4 
-0.007267919974810922 4.0358384549229816E-5 
-0.013270714912353722 3.18364944144465E-4 
-0.012641037406183619 2.6198305271769596E-4 
-0.013789154843591752 3.9886882944952396E-4 
-0.013870636866705277 4.1454788099294453E-4 
-0.010659535352003868 1.352568262449208E-4 
-0.014413888083213595 4.972063233744515E-4 
-0.011653545503760639 1.9369407460729322E-4 
-0.01393005018411314 4.2649406307148036E-4 
-0.009737174061072242 9.591127819467236E-5 
-0.011184386646008612 1.7424152352806503E-4 
-0.012329573767635873 2.3705227310019808E-4 
-0.007558687750675169 4.2784823326184555E-5 
-0.007275944199744044 4.041052303735015E-5 
-0.013020667986985902 2.9611941340335773E-4 
-0.008558642397086372 5.736034146119749E-5 
-0.007708190023108195 4.361949274189902E-5 
-0.012259491348266177 2.3251747319444726E-4 
-0.009140364262485889 7.388091262446877E-5 
-0.012949286181100006 2.874700026939936E-4 
-0.01393005018411314 4.2649406307148036E-4 
-0.00861038183175027 5.893903884537353E-5 
-0.007769418202046093 4.440340761337016E-5 
-0.0119521841759491 2.1235710862165476E-4 
-0.01382310601444122 4.137515859368045E-4 
-0.010073567514779844 1.098600256082972E-4 
-0.013806062978816815 4.0205535430845206E-4 
-0.014250900175882807 4.81602706455125E-4 
-0.008991665693202353 6.899298720191793E-5 
-0.012928732136271454 2.8541797720105157E-4 
-0.009390181525521766 8.255627594724003E-5 
-0.011060953339831751 1.6086620424500515E-4 
-0.00909920841727721 7.385762354704295E-5 
-0.013070161988545614 2.96714450553195E-4 
-0.010595679866226112 1.3282561858184166E-4 
-0.013577279453878195 3.619130199717962E-4 
-0.013725418376323522 3.871723901269202E-4 
-0.009413224905818258 8.379405334029945E-5 
-0.012092341145930871 2.2101835058429048E-4 
-0.011478623932104772 1.8465064050918715E-4 
-0.008862340153622692 6.56952554356243E-5 
-0.009270883691189984 7.820046024908704E-5 
-0.011663746754302177 1.9633073118018724E-4 
-0.013725418376323522 3.871723901269202E-4 
-0.014605706521654722 6.158492036670041E-4 
-0.012433863603554397 2.4827889244111536E-4 
-0.009270883691189986 7.820046024908708E-5 
-0.008726441813846441 6.184004663920627E-5 
-0.008760853094008102 6.440264635521479E-5 
-0.01342422420865929 3.5075767379588155E-4 
-0.009856489402095927 1.0322853926914374E-4 
