0.0 0.30000000000000027 0.0 0.0 0.0 0.0 0.0 0.35 0.35 0.0 0.0 
0.0 0.30000000000000027 0.0 0.0 0.0 0.0 0.0 0.35 0.35 0.0 0.0 
0.2089222646073706 0.0 0.18571981155867615 0.27487325715410965 0.0 0.10899832701841128 0.0 0.22148633966143227 0.0 0.0 0.0 
0.2089222646073706 0.0 0.18571981155867615 0.27487325715410965 0.0 0.10899832701841128 0.0 0.22148633966143227 0.0 0.0 0.0 
0.10009740083706462 0.19990259916293537 0.0 0.0 0.0 0.0 0.0 0.35 0.35 0.0 0.0 
0.0 0.3216278853554933 0.0 0.0 0.0 0.0 0.0 0.3283721146445066 0.34999999999999987 0.0 0.0 
0.0 0.11155015580572916 0.0 0.18844984419427097 0.0 0.0 0.0 0.35 0.35 0.0 0.0 
0.10848380972294175 0.10746983766543043 0.0 0.2577200732480761 0.0 0.0 0.0 0.22178322601534303 0.30454305334820864 0.0 0.0 
0.14888128894985875 0.11239255915048359 0.11124105713539377 0.27786283024717306 0.0 0.0 0.0 0.18001928734538789 0.16960297717170283 0.0 0.0 
0.0 0.16936822026687257 0.0 0.13063177973312753 0.0 0.0 0.0 0.35 0.35 0.0 0.0 
0.0 0.12418756900829721 0.0 0.1758124309917029 0.0 0.0 0.0 0.35 0.35 0.0 0.0 
0.1695661058230901 0.10257491173583125 0.11641463193703525 0.31771223255712283 0.0 0.0 0.0 0.1816541580109856 0.112077959935935 0.0 0.0 
0.11641010952901558 0.1835898904709844 0.0 0.0 0.0 0.0 0.0 0.35 0.35 0.0 0.0 
0.11030749715405297 0.10712024396180145 0.0 0.2909272307955498 0.0 0.0 0.0 0.20673557578742302 0.28490945230117276 0.0 0.0 
0.20614393733401917 0.0 0.16789498660858926 0.26853065986209446 0.0 0.10997530314087402 0.0 0.24745511305442308 0.0 0.0 0.0 
0.133009654594713 0.10383732380301296 0.11467901877082581 0.24915599043540346 0.0 0.0 0.0 0.23681513947961674 0.162502872916428 0.0 0.0 
0.10160618666115588 0.10643377346736323 0.0 0.2636749551979524 0.0 0.0 0.0 0.20206156232126948 0.326223522352259 0.0 0.0 
0.0 0.18643868376562123 0.0 0.11356131623437879 0.0 0.0 0.0 0.35 0.35 0.0 0.0 
0.1614266485265825 0.10539717806650697 0.11562500879543598 0.2558345125126145 0.0 0.0 0.0 0.2124743346113515 0.14924231748750869 0.0 0.0 
0.1590758507723296 0.10347296934878249 0.10029591594718462 0.23257409733484868 0.0 0.0 0.0 0.23289041382781145 0.17169075276904305 0.0 0.0 
0.20278518401580434 0.0 0.17972261426542602 0.27569645058687325 0.0 0.1085586852327529 0.0 0.2332370658991434 0.0 0.0 0.0 
0.1412271710408804 0.10824922516789716 0.11253434058305607 0.301091058708807 0.0 0.0 0.0 0.173788396907409 0.16310980759195037 0.0 0.0 
0.10220374632361412 0.10772930060295927 0.0 0.10268823231665535 0.0 0.0 0.0 0.34909104233332067 0.3382876784234505 0.0 0.0 
0.10661765687012849 0.1354368464100666 0.0 0.28318056437850025 0.0 0.0 0.0 0.17215545631296436 0.3026094760283404 0.0 0.0 
0.10825396527632192 0.0 0.0 0.28327853234179556 0.0 0.0 0.0 0.3480059253808655 0.2604615770010169 0.0 0.0 
0.0 0.31753655455600177 0.0 0.0 0.0 0.0 0.0 0.33246344544399836 0.35 0.0 0.0 
0.2147821756736815 0.0 0.18829029329014213 0.24576705982891303 0.0 0.1133516436540697 0.0 0.23780882755319366 0.0 0.0 0.0 
0.10845674423233104 0.10874227914574633 0.0 0.2440265749026836 0.0 0.0 0.0 0.21623894120164625 0.32253546051759274 0.0 0.0 
0.14057407663312718 0.11012217376295591 0.11266278134034563 0.2746991100462164 0.0 0.0 0.0 0.1979042516340438 0.164037606583311 0.0 0.0 
0.14590651094120916 0.15409348905879086 0.0 0.0 0.0 0.0 0.0 0.35 0.35 0.0 0.0 
0.14206648285244095 0.10699343850076838 0.10132081733867958 0.2297705727756008 0.0 0.0 0.0 0.2626184493801942 0.15723023915231596 0.0 0.0 
0.11174275543316711 0.0 0.0 0.3129662305777103 0.0 0.0 0.0 0.3078238638574441 0.2674671501316786 0.0 0.0 
0.20396755284753443 0.0 0.1779399953549902 0.2577435052813529 0.0 0.10287610061156015 0.0 0.2574728459045623 0.0 0.0 0.0 
0.12159112174415278 0.0 0.0 0.17840887825584711 0.0 0.0 0.0 0.35 0.35 0.0 0.0 
0.11525223741402957 0.0 0.0 0.29084831272856604 0.0 0.0 0.0 0.302634179868256 0.29126526998914826 0.0 0.0 
0.11076350260842308 0.0 0.0 0.20672193532324656 0.0 0.0 0.0 0.346562428593727 0.3359521334746035 0.0 0.0 
0.1110147990620962 0.0 0.0 0.19212758635709073 0.0 0.0 0.0 0.34685761458081305 0.35 0.0 0.0 
0.12602738607236505 0.10916654651600263 0.10660983270702505 0.254967674717963 0.0 0.0 0.0 0.2575028687469077 0.1457256912397366 0.0 0.0 
0.10863101171509505 0.0 0.0 0.2094207260448386 0.0 0.0 0.0 0.33982321498371193 0.34212504725635434 0.0 0.0 
0.0 0.1399758455909736 0.0 0.16002415440902645 0.0 0.0 0.0 0.35 0.35 0.0 0.0 
0.0 0.17666983209031287 0.0 0.12333016790968718 0.0 0.0 0.0 0.35 0.35 0.0 0.0 
0.11399361424359969 0.10938327664046682 0.0 0.25149576286309133 0.0 0.0 0.0 0.2706747387507225 0.2544526075021196 0.0 0.0 
0.0 0.0 0.0 0.3499999999999999 0.0 0.0 0.0 0.3499999999999999 0.3 0.0 0.0 
0.12849375738667046 0.1005087520087423 0.1115446533842949 0.266989004447431 0.0 0.0 0.0 0.23439174907519647 0.15807208369766493 0.0 0.0 
0.10069960575059035 0.10600084856681395 0.0 0.3416097542283714 0.0 0.0 0.0 0.20685994671107177 0.24482984474315264 0.0 0.0 
0.11532299649047528 0.10060442487551832 0.0 0.2826895833387224 0.0 0.0 0.0 0.21314203994472766 0.2882409553505563 0.0 0.0 
0.11535866430373994 0.10787029516357118 0.0 0.2925279613430527 0.0 0.0 0.0 0.19430919113893771 0.28993388805069853 0.0 0.0 
0.0 0.10090405373627584 0.0 0.20474194694316306 0.0 0.0 0.0 0.35 0.3443539993205612 0.0 0.0 
0.19707937308477871 0.0 0.18439352486700467 0.25087326005201016 0.0 0.10340709821058211 0.0 0.26424674378562435 0.0 0.0 0.0 
0.10848884175736247 0.0 0.0 0.3197292856041938 0.0 0.0 0.0 0.3064373300936777 0.2653445425447661 0.0 0.0 
0.0 0.3075339385466776 0.0 0.0 0.0 0.0 0.0 0.3424660614533225 0.35 0.0 0.0 
0.1488947052474653 0.10389184853231559 0.11473923644811333 0.2492868216474866 0.0 0.0 0.0 0.22059918533996886 0.1625882027846503 0.0 0.0 
0.11001611187328741 0.10563647536219835 0.0 0.2959163761664396 0.0 0.0 0.0 0.19934666736794512 0.2890843692301295 0.0 0.0 
0.0 0.15787495100171592 0.0 0.14212504899828426 0.0 0.0 0.0 0.35 0.35 0.0 0.0 
0.10400624756034317 0.0 0.0 0.28297704792839407 0.0 0.0 0.0 0.3047367477404173 0.30827995677084535 0.0 0.0 
0.10001726718641145 0.0 0.0 0.2176826640289986 0.0 0.0 0.0 0.33578244401352364 0.3465176247710662 0.0 0.0 
0.14457089135241166 0.0 0.0 0.1554291086475884 0.0 0.0 0.0 0.35 0.35 0.0 0.0 
0.17384902924660792 0.10728460119977329 0.1262846820652944 0.27720173558387506 0.0 0.0 0.0 0.1806197292736575 0.1347602226307919 0.0 0.0 
0.0 0.19144853958704303 0.0 0.1085514604129571 0.0 0.0 0.0 0.35 0.35 0.0 0.0 
0.11392249600851988 0.0 0.0 0.1922246714499764 0.0 0.0 0.0 0.3474027869623285 0.34645004557917536 0.0 0.0 
0.1371215497035289 0.0 0.0 0.1628784502964712 0.0 0.0 0.0 0.35 0.35 0.0 0.0 
0.0 0.0 0.0 0.35 0.0 0.0 0.0 0.29999999999999993 0.35 0.0 0.0 
0.1706100056383547 0.12938999436164547 0.0 0.0 0.0 0.0 0.0 0.35 0.35 0.0 0.0 
0.13578072205137495 0.10368247944637274 0.11132722489943604 0.2861676452398143 0.0 0.0 0.0 0.23656688562089895 0.12647504274210314 0.0 0.0 
0.0 0.0 0.0 0.3072958187594881 0.0 0.0 0.0 0.35 0.34270418124051194 0.0 0.0 
0.17571691195362094 0.10902044828365569 0.11884308862820138 0.2904303718122462 0.0 0.0 0.0 0.17646754417875785 0.12952163514351778 0.0 0.0 
0.10693466705759339 0.10812769266545029 0.0 0.27026606668662073 0.0 0.0 0.0 0.2615764940802334 0.2530950795101022 0.0 0.0 
0.11637514167644582 0.0 0.0 0.22630971514028278 0.0 0.0 0.0 0.3294531225312785 0.3278620206519928 0.0 0.0 
0.17452685991838932 0.13526729479087476 0.0 0.0 0.0 0.0 0.0 0.34020584529073583 0.35 0.0 0.0 
0.10172818344264548 0.0 0.0 0.2933612673429202 0.0 0.0 0.0 0.3063817709513981 0.29852877826303614 0.0 0.0 
0.10322485895927104 0.0 0.0 0.2604366586951486 0.0 0.0 0.0 0.35 0.28633848234558046 0.0 0.0 
0.12966313690842066 0.11619649282955469 0.1228803511497777 0.2482852947213496 0.0 0.0 0.0 0.20408700758358306 0.17888771680731416 0.0 0.0 
0.1279991065560367 0.10176257898705315 0.11495107441502304 0.2544991025737091 0.0 0.0 0.0 0.2139230641734486 0.1868650732947294 0.0 0.0 
0.1120245009711716 0.10556455648449732 0.0 0.2803862133911272 0.0 0.0 0.0 0.22370094105866362 0.2783237880945404 0.0 0.0 
0.13065338559784134 0.16934661440215878 0.0 0.0 0.0 0.0 0.0 0.35 0.35 0.0 0.0 
0.0 0.0 0.0 0.3083986077746029 0.0 0.0 0.0 0.3416013922253972 0.35 0.0 0.0 
0.17594633150046649 0.10576183292486663 0.126060286515429 0.2879274103014694 0.0 0.0 0.0 0.17500390291828458 0.12930023583948377 0.0 0.0 
0.10524295034221864 0.10181617795545181 0.0 0.24819066944566104 0.0 0.0 0.0 0.24329410698511947 0.301456095271549 0.0 0.0 
0.14754873505559404 0.11605381774552088 0.11538732138744591 0.2689092144926325 0.0 0.0 0.0 0.18921495457319665 0.16288595674561013 0.0 0.0 
0.0 0.3068375110942799 0.0 0.0 0.0 0.0 0.0 0.3431624889057201 0.35 0.0 0.0 
0.15332821812576286 0.0 0.0 0.14667178187423713 0.0 0.0 0.0 0.35 0.35 0.0 0.0 
0.0 0.15088150158199806 0.0 0.14911849841800195 0.0 0.0 0.0 0.35 0.35 0.0 0.0 
0.12060611524666283 0.10021653387452438 0.0 0.24985356841778827 0.0 0.0 0.0 0.26059015002228436 0.26873363243874016 0.0 0.0 
0.10514712296107924 0.0 0.0 0.27390540055553947 0.0 0.0 0.0 0.32813504515397907 0.29281243132940227 0.0 0.0 
0.1168344280305051 0.0 0.0 0.2738583629277605 0.0 0.0 0.0 0.32965638336268527 0.2796508256790492 0.0 0.0 
0.0 0.17517032286534873 0.0 0.12482967713465136 0.0 0.0 0.0 0.35 0.35 0.0 0.0 
0.11203094090465093 0.0 0.0 0.20196509305982982 0.0 0.0 0.0 0.35 0.33600396603551924 0.0 0.0 
0.11162987931471184 0.0 0.0 0.29442975453587705 0.0 0.0 0.0 0.29413155441202155 0.2998088117373896 0.0 0.0 
0.0 0.0 0.0 0.34257929823831673 0.0 0.0 0.0 0.35 0.30742070176168323 0.0 0.0 
0.1142313372711205 0.10627788046462606 0.0 0.2633018047128885 0.0 0.0 0.0 0.18824484622880183 0.32794413132256306 0.0 0.0 
0.10610039707864775 0.0 0.0 0.3143495171318538 0.0 0.0 0.0 0.3427678131995371 0.2367822725899614 0.0 0.0 
0.0 0.0 0.0 0.3207995544344519 0.0 0.0 0.0 0.3462656595554048 0.3329347860101434 0.0 0.0 
0.19105861053580592 0.11678050171198504 0.0 0.0 0.0 0.0 0.0 0.35 0.3421608877522091 0.0 0.0 
0.1163043019049628 0.10831207852185985 0.0 0.2739130495867233 0.0 0.0 0.0 0.22426926427794447 0.27720130570850965 0.0 0.0 
0.12180741425294048 0.10462655067116369 0.0 0.2337007380639889 0.0 0.0 0.0 0.22682960786262074 0.31303568914928626 0.0 0.0 
0.11162987931471184 0.0 0.0 0.29442975453587705 0.0 0.0 0.0 0.29413155441202155 0.2998088117373896 0.0 0.0 
0.17400086373455056 0.12599913626544948 0.0 0.0 0.0 0.0 0.0 0.35 0.35 0.0 0.0 
0.0 0.29999999999999993 0.0 0.0 0.0 0.0 0.0 0.35 0.35 0.0 0.0 
0.0 0.15787495100171592 0.0 0.14212504899828426 0.0 0.0 0.0 0.35 0.35 0.0 0.0 
0.0 0.0 0.0 0.3008345729086178 0.0 0.0 0.0 0.35 0.3491654270913821 0.0 0.0 
