0.0 0.3 0.0 0.0 0.0 0.0 0.0 0.35 0.35 0.0 0.0 
0.0 0.1 0.22532805817665813 0.0 0.0 0.15499508453023975 0.1696768572931021 0.0 0.0 0.0 0.35 
0.0 0.3 0.0 0.0 0.0 0.0 0.0 0.35 0.35 0.0 0.0 
0.0 0.14862037850686916 0.2321298816371834 0.0 0.0 0.0 0.16924973985594746 0.0 0.1 0.0 0.35 
0.0 0.1 0.21794020676179093 0.0 0.0 0.162382935945107 0.1696768572931021 0.0 0.0 0.0 0.35 
0.18484328630301614 0.21716754519580694 0.1 0.0 0.14798916850117694 0.0 0.0 0.0 0.35 0.0 0.0 
0.21142453489708846 0.30719572863041367 0.0 0.0 0.1313797364724979 0.0 0.0 0.0 0.35 0.0 0.0 
0.0 0.19589539552506588 0.10002779392876934 0.0 0.0 0.0 0.1 0.0 0.2540768105461649 0.0 0.35 
0.10663768111404079 0.2101378692501166 0.10877392789391897 0.0 0.12445052174192364 0.0 0.0 0.1 0.35 0.0 0.0 
0.0 0.28401283818601203 0.1 0.0 0.0 0.0 0.0 0.26598716181398796 0.35 0.0 0.0 
0.15804848230470253 0.2408268084053694 0.0 0.0 0.15112470928992808 0.0 0.0 0.1 0.35 0.0 0.0 
0.0 0.1594467915655863 0.1089149321551893 0.0 0.0 0.0 0.1 0.28163827627922444 0.35 0.0 0.0 
0.0 0.1838709304676875 0.10177988449201504 0.0 0.0 0.0 0.1 0.2643491850402974 0.35 0.0 0.0 
0.0 0.26357373178632126 0.0 0.0 0.0 0.0 0.1 0.2864262682136788 0.35 0.0 0.0 
0.0 0.1754632762448935 0.1752564779901107 0.0 0.0 0.0 0.1 0.0 0.19928024576499576 0.0 0.35 
0.0 0.26348738779247394 0.1 0.0 0.0 0.0 0.0 0.2865126122075261 0.35 0.0 0.0 
0.10497101446108009 0.24330313755754202 0.10030310795599127 0.0 0.1 0.0 0.0 0.10142274002538668 0.35 0.0 0.0 
0.0 0.3401216876167982 0.0 0.0 0.0 0.0 0.0 0.30987831238320185 0.35 0.0 0.0 
0.24890999622840365 0.22835679987389335 0.0 0.0 0.17273320389770297 0.0 0.0 0.0 0.35 0.0 0.0 
0.0 0.234810078279507 0.14462617147815374 0.0 0.0 0.0 0.17056375024233927 0.0 0.1 0.0 0.35 
0.1847830004083877 0.2365408985729266 0.1 0.0 0.12867610101868582 0.0 0.0 0.0 0.35 0.0 0.0 
0.0 0.14867607714092484 0.1680571598624017 0.0 0.0 0.0 0.23326676299667348 0.0 0.1 0.0 0.35 
0.0 0.2514875007627255 0.10745464033480294 0.0 0.0 0.0 0.1 0.0 0.19105785890247157 0.0 0.35 
0.0 0.1690585383045567 0.1694699638471764 0.0 0.0 0.0 0.1 0.0 0.21147149784826685 0.0 0.35 
0.12891854856728274 0.27940829201096 0.0 0.0 0.12132164512872795 0.0 0.0 0.12035151429302929 0.35 0.0 0.0 
0.0 0.21993253842066585 0.0 0.0 0.0 0.0 0.1 0.3300674615793342 0.35 0.0 0.0 
0.0 0.23376655962947282 0.0 0.0 0.0 0.0 0.1 0.31623344037052725 0.35 0.0 0.0 
0.0 0.21353076479302802 0.13006367296304214 0.0 0.0 0.0 0.1 0.20640556224392992 0.35 0.0 0.0 
0.0 0.1868848964206186 0.10564158672530218 0.0 0.0 0.0 0.1 0.25747351685407927 0.35 0.0 0.0 
0.0 0.1350676193700947 0.15640209412052128 0.0 0.0 0.0 0.258530286509384 0.0 0.1 0.0 0.35 
0.0 0.31135468621068213 0.0 0.0 0.0 0.0 0.0 0.33864531378931795 0.35 0.0 0.0 
0.0 0.2537204844677236 0.11257563748587113 0.0 0.0 0.0 0.0 0.2837038780464053 0.35 0.0 0.0 
0.0 0.25496459457123855 0.10016058251329525 0.0 0.0 0.0 0.1 0.0 0.1948748229154662 0.0 0.35 
0.1 0.2670763158829711 0.0 0.0 0.10210066261960628 0.0 0.0 0.1808230214974227 0.35 0.0 0.0 
0.10386297418777984 0.2501647333662686 0.0 0.0 0.10080864201640374 0.0 0.0 0.19516365042954786 0.35 0.0 0.0 
0.0 0.3064447475360382 0.0 0.0 0.0 0.0 0.0 0.34355525246396185 0.35 0.0 0.0 
0.0 0.24144992105151558 0.1 0.0 0.0 0.0 0.0 0.3085500789484844 0.35 0.0 0.0 
0.10447041526363134 0.2872084105091909 0.0 0.0 0.15491456682429497 0.0 0.0 0.10340660740288272 0.35 0.0 0.0 
0.0 0.2732035875645356 0.1 0.0 0.10108484740807591 0.0 0.0 0.1757115650273885 0.35 0.0 0.0 
0.0 0.31630175099303404 0.0 0.0 0.0 0.0 0.0 0.333698249006966 0.35 0.0 0.0 
0.0 0.22667186531387848 0.1523641767672511 0.0 0.0 0.0 0.17096395791887037 0.0 0.1 0.0 0.35 
0.1784954369288358 0.2666603386775054 0.0 0.0 0.1 0.0 0.0 0.10484422439365886 0.35 0.0 0.0 
0.0 0.25415967475764956 0.11390421448941848 0.0 0.0 0.0 0.0 0.281936110752932 0.35 0.0 0.0 
0.0 0.2246013882468082 0.0 0.0 0.0 0.0 0.10163680011624676 0.32376181163694506 0.35 0.0 0.0 
0.10574214416696316 0.21551595389480474 0.10759017464259472 0.0 0.12115172729563733 0.0 0.0 0.1 0.35 0.0 0.0 
0.0 0.16534489375796746 0.1568002564637483 0.0 0.0 0.0 0.1 0.0 0.22785484977828435 0.0 0.35 
0.0 0.19784986930759546 0.0 0.0 0.0 0.0 0.10290028849576303 0.34924984219664146 0.35 0.0 0.0 
0.1 0.2715230316263356 0.0 0.0 0.10202372551403566 0.0 0.0 0.17645324285962882 0.35 0.0 0.0 
0.0 0.2506071395478989 0.10511584925710869 0.0 0.0 0.0 0.0 0.2942770111949924 0.35 0.0 0.0 
0.0 0.20419981133303505 0.0 0.0 0.0 0.0 0.10328054089146238 0.3425196477755026 0.35 0.0 0.0 
0.0 0.24830523526871823 0.1 0.0 0.0 0.0 0.0 0.30169476473128176 0.35 0.0 0.0 
0.0 0.23833557446824796 0.1 0.0 0.0 0.0 0.0 0.3116644255317521 0.35 0.0 0.0 
0.224925299233982 0.26224906823004307 0.0 0.0 0.16282563253597498 0.0 0.0 0.0 0.35 0.0 0.0 
0.0 0.3310353364570352 0.0 0.0 0.0 0.0 0.0 0.3189646635429648 0.35 0.0 0.0 
0.0 0.23293890435400172 0.10005731988147129 0.0 0.0 0.0 0.0 0.317003775764527 0.35 0.0 0.0 
0.19775038740886353 0.2967100716201025 0.0 0.0 0.15553954097103403 0.0 0.0 0.0 0.35 0.0 0.0 
0.11002462454448866 0.2939008265912527 0.0 0.0 0.1 0.0 0.0 0.14607454886425866 0.35 0.0 0.0 
0.0 0.2465761676921081 0.10030254555896007 0.0 0.0 0.0 0.1 0.20312128674893176 0.35 0.0 0.0 
0.0 0.18733782557571874 0.11430777676364168 0.0 0.0 0.0 0.1 0.0 0.24835439766063966 0.0 0.35 
0.0 0.17161635633152764 0.15542690378872479 0.0 0.0 0.0 0.1 0.0 0.22295673987974757 0.0 0.35 
0.0 0.23028666647831159 0.1 0.0 0.0 0.0 0.0 0.3197133335216884 0.35 0.0 0.0 
0.1252145067342604 0.3181877142642558 0.0 0.0 0.1 0.0 0.0 0.10659777900148384 0.35 0.0 0.0 
0.0 0.24069979647103895 0.0 0.0 0.0 0.0 0.10776753766450753 0.3015326658644536 0.35 0.0 0.0 
0.10870366171440096 0.2901433174325606 0.0 0.0 0.1 0.0 0.0 0.15115302085303844 0.35 0.0 0.0 
0.0 0.22846820160865317 0.0 0.0 0.0 0.0 0.1 0.3215317983913469 0.35 0.0 0.0 
0.0 0.19815480073557246 0.10052253191212321 0.0 0.0 0.0 0.1 0.25132266735230435 0.35 0.0 0.0 
0.0 0.17872173259002358 0.10007002094910593 0.0 0.0 0.0 0.1 0.27120824646087055 0.35 0.0 0.0 
0.10870366171440096 0.3148291181319529 0.0 0.0 0.1 0.0 0.0 0.12646722015364623 0.35 0.0 0.0 
0.10497101446108009 0.24330313755754202 0.10030310795599127 0.0 0.1 0.0 0.0 0.10142274002538668 0.35 0.0 0.0 
0.18226451603693286 0.2887019238380383 0.0 0.0 0.17903356012502897 0.0 0.0 0.0 0.35 0.0 0.0 
0.15855113825214093 0.2586055336814591 0.0 0.0 0.13284332806639998 0.0 0.0 0.1 0.35 0.0 0.0 
0.0 0.24317488428822864 0.1003456229163739 0.0 0.0 0.0 0.1 0.20647949279539748 0.35 0.0 0.0 
0.0 0.20419981133303505 0.1 0.0 0.0 0.0 0.10328054089146238 0.2425196477755026 0.35 0.0 0.0 
0.0 0.2042668323115574 0.10013640417743848 0.0 0.0 0.0 0.1 0.24559676351100412 0.35 0.0 0.0 
0.0 0.20369772023999955 0.1 0.0 0.0 0.0 0.125553514708157 0.22074876505184352 0.35 0.0 0.0 
0.0 0.25434290839268714 0.0 0.0 0.0 0.0 0.1 0.2956570916073129 0.35 0.0 0.0 
0.1 0.2863298727643353 0.0 0.0 0.1252268146626884 0.0 0.0 0.13844331257297637 0.35 0.0 0.0 
0.1246091736387494 0.3021414609532309 0.0 0.0 0.1232493654080197 0.0 0.0 0.1 0.35 0.0 0.0 
0.0 0.25284147279833047 0.1 0.0 0.10080448090279126 0.0 0.0 0.19635404629887834 0.35 0.0 0.0 
0.0 0.2433738456769586 0.0 0.0 0.0 0.0 0.1 0.3066261543230414 0.35 0.0 0.0 
0.10466245587940466 0.27758191704029134 0.0 0.0 0.1 0.0 0.0 0.16775562708030406 0.35 0.0 0.0 
0.1036203160336148 0.28378463680734695 0.0 0.0 0.12848986089038975 0.0 0.0 0.13410518626864854 0.35 0.0 0.0 
0.13497663050477154 0.29411992124806785 0.0 0.0 0.1 0.0 0.0 0.12090344824716068 0.35 0.0 0.0 
0.21230844707511673 0.30393479041708116 0.0 0.0 0.13375676250780213 0.0 0.0 0.0 0.35 0.0 0.0 
0.0 0.24596996302362606 0.0 0.0 0.0 0.0 0.1 0.304030036976374 0.35 0.0 0.0 
0.0 0.1832773155401526 0.11430777676364168 0.0 0.0 0.0 0.1 0.0 0.2524149076962057 0.0 0.35 
0.0 0.17872173259002358 0.10007002094910593 0.0 0.0 0.0 0.1 0.27120824646087055 0.35 0.0 0.0 
0.0 0.2006423572515208 0.1 0.0 0.0 0.0 0.12086619551408988 0.22849144723438936 0.35 0.0 0.0 
0.10466245587940466 0.27758191704029134 0.0 0.0 0.1 0.0 0.0 0.16775562708030406 0.35 0.0 0.0 
0.0 0.25434290839268714 0.0 0.0 0.0 0.0 0.1 0.2956570916073129 0.35 0.0 0.0 
0.0 0.2006423572515208 0.1 0.0 0.0 0.0 0.12086619551408988 0.22849144723438936 0.35 0.0 0.0 
0.0 0.3019996533257378 0.0 0.0 0.0 0.0 0.0 0.34800034667426216 0.35 0.0 0.0 
0.0 0.2028971358367596 0.1 0.0 0.0 0.0 0.12432531542253117 0.22277754874070926 0.35 0.0 0.0 
0.0 0.25394278472352794 0.1 0.0 0.0 0.0 0.0 0.29605721527647216 0.35 0.0 0.0 
0.0 0.23914984921233878 0.0 0.0 0.0 0.0 0.1 0.31085015078766126 0.35 0.0 0.0 
0.0 0.19650078382080177 0.1 0.0 0.0 0.0 0.10098210611194679 0.0 0.25251711006725136 0.0 0.35 
0.13812510660111518 0.2607501841089568 0.0 0.0 0.15112470928992808 0.0 0.0 0.1 0.35 0.0 0.0 
0.0 0.20000000000000007 0.0 0.0 0.0 0.0 0.1 0.35 0.35 0.0 0.0 
0.0 0.14867607714092484 0.1680571598624017 0.0 0.0 0.0 0.23326676299667348 0.0 0.1 0.0 0.35 
0.0 0.21297164274590924 0.10052217879483595 0.0 0.0 0.0 0.1 0.23650617845925478 0.35 0.0 0.0 
