0.0 0.3 0.0 0.0 0.0 0.0 0.0 0.35 0.35 0.0 0.0 
0.0 0.1 0.25944134174571387 0.0 0.0 0.15702529865148313 0.133533359602803 0.0 0.0 0.0 0.35 
0.0 0.3 0.0 0.0 0.0 0.0 0.0 0.35 0.35 0.0 0.0 
0.0 0.16743043150802994 0.2684488519096053 0.0 0.0 0.0 0.10177809462203899 0.0 0.1123426219603257 0.0 0.35 
0.0 0.35 0.10127083500316475 0.0 0.10663301989525546 0.0 0.0 0.0 0.25592846470157193 0.18616768040000792 0.0 
0.0 0.1 0.2530969950718246 0.0 0.0 0.16978737364494306 0.12711563128323236 0.0 0.0 0.0 0.35 
0.20947291971376275 0.34052708028623724 0.0 0.0 0.1 0.0 0.0 0.0 0.35 0.0 0.0 
0.0 0.2808193951158057 0.1296626651590766 0.0 0.13951793972511767 0.0 0.0 0.1 0.35 0.0 0.0 
0.10074006692181804 0.2659983925638867 0.0 0.0 0.16777387156796736 0.0 0.0 0.0 0.35 0.11548766894632795 0.0 
0.0 0.28466798234781887 0.1 0.0 0.10065132454084927 0.0 0.0 0.0 0.35 0.164680693111332 0.0 
0.0 0.26698325216491325 0.12453927655762718 0.0 0.15847747127745954 0.0 0.0 0.1 0.35 0.0 0.0 
0.13682589124535252 0.2667484040522008 0.0 0.0 0.14642570470244679 0.0 0.0 0.1 0.35 0.0 0.0 
0.0 0.255847148170304 0.1 0.0 0.0 0.0 0.0 0.294152851829696 0.35 0.0 0.0 
0.1 0.27392090077855435 0.0 0.0 0.10051735060858527 0.0 0.0 0.17556174861286042 0.35 0.0 0.0 
0.0 0.23704990880714313 0.102013734001485 0.0 0.0 0.0 0.0 0.3109363571913719 0.35 0.0 0.0 
0.1 0.298761718502449 0.0 0.0 0.1329587213274583 0.0 0.0 0.11827956017009263 0.35 0.0 0.0 
0.0 0.2991860866201547 0.10031281520562924 0.0 0.0 0.0 0.0 0.25050109817421606 0.35 0.0 0.0 
0.0 0.23723213143736865 0.0 0.0 0.0 0.0 0.10129546620552524 0.31147240235710616 0.35 0.0 0.0 
0.0 0.30440891113818036 0.12024512324630234 0.0 0.0 0.0 0.0 0.22534596561551734 0.35 0.0 0.0 
0.0 0.2484382836341815 0.1 0.0 0.0 0.0 0.0 0.3015617163658185 0.35 0.0 0.0 
0.0 0.3173756769367464 0.0 0.0 0.0 0.0 0.0 0.33262432306325357 0.35 0.0 0.0 
0.0 0.26470251820197493 0.1 0.0 0.10506558804302855 0.0 0.0 0.0 0.35 0.18023189375499651 0.0 
0.14127433375414192 0.26919197572806725 0.0 0.0 0.12344223144336908 0.0 0.0 0.11609145907442175 0.35 0.0 0.0 
0.0 0.23321533330222097 0.0 0.0 0.0 0.0 0.1 0.31678466669777905 0.35 0.0 0.0 
0.0 0.35 0.1 0.0 0.10515371729468566 0.0 0.0 0.0 0.27391319105070544 0.17093309165460885 0.0 
0.0 0.3104387566819753 0.0 0.0 0.0 0.0 0.0 0.3395612433180248 0.35 0.0 0.0 
0.0 0.22132951642961546 0.0 0.0 0.0 0.0 0.10621180829484225 0.3224586752755423 0.35 0.0 0.0 
0.0 0.24350273522763494 0.12044076417679142 0.0 0.0 0.0 0.0 0.2860565005955736 0.35 0.0 0.0 
0.0 0.28980981535969297 0.1 0.0 0.0 0.0 0.0 0.260190184640307 0.35 0.0 0.0 
0.0 0.3124749027207613 0.1 0.0 0.0 0.0 0.0 0.2375250972792387 0.35 0.0 0.0 
0.0 0.2521154816385485 0.0 0.0 0.0 0.0 0.1 0.29788451836145147 0.35 0.0 0.0 
0.0 0.2177715366167747 0.1 0.0 0.0 0.0 0.10002971076388122 0.23219875261934403 0.35 0.0 0.0 
0.0 0.32491192986711087 0.0 0.0 0.13617501993174946 0.0 0.0 0.1889130502011397 0.35 0.0 0.0 
0.17014991952848518 0.248550507585184 0.0 0.0 0.1 0.0 0.0 0.13129957288633085 0.35 0.0 0.0 
0.0 0.2177715366167747 0.1 0.0 0.0 0.0 0.10170302516422294 0.23052543821900234 0.35 0.0 0.0 
0.2352961887903373 0.31470381120966273 0.0 0.0 0.1 0.0 0.0 0.0 0.35 0.0 0.0 
0.10010253777878794 0.26605101281525767 0.0 0.0 0.1 0.0 0.0 0.18384644940595443 0.35 0.0 0.0 
0.12524478786085153 0.28785241996848226 0.0 0.0 0.1369027921706663 0.0 0.0 0.1 0.35 0.0 0.0 
0.0 0.2882379257962868 0.14515536732194767 0.0 0.0 0.0 0.0 0.21660670688176548 0.35 0.0 0.0 
0.25030454082270237 0.29161560064797476 0.0 0.0 0.10807985852932295 0.0 0.0 0.0 0.35 0.0 0.0 
0.0 0.3231826994954653 0.1 0.0 0.0 0.0 0.0 0.2268173005045348 0.35 0.0 0.0 
0.10010623546871678 0.25595461746040427 0.0 0.0 0.1 0.0 0.0 0.193939147070879 0.35 0.0 0.0 
0.0 0.26028958991482776 0.0 0.0 0.0 0.0 0.1 0.28971041008517223 0.35 0.0 0.0 
0.0 0.257306604204388 0.1081075211046939 0.0 0.0 0.0 0.0 0.2845858746909181 0.35 0.0 0.0 
0.0 0.19829697483577713 0.0 0.0 0.0 0.0 0.10170302516422294 0.35 0.35 0.0 0.0 
0.17769003916522574 0.24277385335772228 0.0 0.0 0.1 0.0 0.0 0.12953610747705208 0.35 0.0 0.0 
0.0 0.33962233440479933 0.0 0.0 0.0 0.0 0.0 0.31037766559520064 0.35 0.0 0.0 
0.0 0.265145546027749 0.1 0.0 0.0 0.0 0.0 0.28485445397225106 0.35 0.0 0.0 
0.0 0.2214358626314285 0.0 0.0 0.0 0.0 0.10232651125810263 0.3262376261104689 0.35 0.0 0.0 
0.0 0.2912967977855715 0.1 0.0 0.0 0.0 0.0 0.25870320221442855 0.35 0.0 0.0 
0.0 0.25438843084285523 0.0 0.0 0.0 0.0 0.1 0.2956115691571448 0.35 0.0 0.0 
0.0 0.3224063659126773 0.0 0.0 0.13290264934510632 0.0 0.0 0.19469098474221644 0.35 0.0 0.0 
0.21095358602448563 0.2867656171852284 0.0 0.0 0.152280796790286 0.0 0.0 0.0 0.35 0.0 0.0 
0.16971688976539667 0.3122583657166687 0.0 0.0 0.1680247445179347 0.0 0.0 0.0 0.35 0.0 0.0 
0.0 0.2515278974789371 0.1 0.0 0.0 0.0 0.0 0.29847210252106293 0.35 0.0 0.0 
0.0 0.2801384253221261 0.1 0.0 0.0 0.0 0.0 0.269861574677874 0.35 0.0 0.0 
0.0 0.3077863475462156 0.0 0.0 0.0 0.0 0.0 0.34221365245378443 0.35 0.0 0.0 
0.0 0.33499772224568347 0.0 0.0 0.0 0.0 0.0 0.31500227775431655 0.35 0.0 0.0 
0.0 0.18067651836314624 0.1 0.0 0.0 0.0 0.10170302516422294 0.26762045647263094 0.35 0.0 0.0 
0.0 0.28604282069011716 0.1 0.0 0.10001136478042522 0.0 0.0 0.1639458145294576 0.35 0.0 0.0 
0.24566207254164885 0.3043379274583512 0.0 0.0 0.1 0.0 0.0 0.0 0.35 0.0 0.0 
0.1426875556103791 0.2856313600582534 0.0 0.0 0.12168108433136758 0.0 0.0 0.0 0.35 0.1 0.0 
0.0 0.262468293982354 0.1008011936313137 0.0 0.1 0.0 0.0 0.18673051238633226 0.35 0.0 0.0 
0.0 0.24518313277981824 0.0 0.0 0.0 0.0 0.1 0.3048168672201817 0.35 0.0 0.0 
0.0 0.2609145506866992 0.0 0.0 0.0 0.0 0.10174160605017328 0.28734384326312756 0.35 0.0 0.0 
0.1 0.28623274331943416 0.0 0.0 0.10004354875367386 0.0 0.0 0.1637237079268921 0.35 0.0 0.0 
0.10000048172757323 0.25580609693534323 0.0 0.0 0.1 0.0 0.0 0.19419342133708362 0.35 0.0 0.0 
0.0 0.22905171800584073 0.1 0.0 0.0 0.0 0.0 0.3209482819941592 0.35 0.0 0.0 
0.0 0.32417930184477123 0.10033467543093313 0.0 0.0 0.0 0.0 0.2254860227242957 0.35 0.0 0.0 
0.0 0.204281059853666 0.0 0.0 0.0 0.0 0.1 0.345718940146334 0.35 0.0 0.0 
0.0 0.2343363590155725 0.0 0.0 0.0 0.0 0.13682290125727037 0.27884073972715717 0.35 0.0 0.0 
0.0 0.24518313277981824 0.0 0.0 0.0 0.0 0.1 0.3048168672201818 0.35 0.0 0.0 
0.0 0.2627755387428124 0.10033780799978968 0.0 0.1 0.0 0.0 0.18688665325739795 0.35 0.0 0.0 
0.1 0.287059466938253 0.0 0.0 0.15209674207234303 0.0 0.0 0.0 0.35 0.11084379098940397 0.0 
0.1 0.2939199496665857 0.0 0.0 0.10008617887769601 0.0 0.0 0.15599387145571836 0.35 0.0 0.0 
0.12352135714836927 0.2846182894233106 0.0 0.0 0.1 0.0 0.0 0.14186035342832015 0.35 0.0 0.0 
0.0 0.20584567708617857 0.0 0.0 0.0 0.0 0.103009762263173 0.34114456065064847 0.35 0.0 0.0 
0.10072671019488777 0.26657106993638785 0.0 0.0 0.1 0.0 0.0 0.1827022198687243 0.35 0.0 0.0 
0.0 0.3038479353571995 0.0 0.0 0.0 0.0 0.0 0.34615206464280057 0.35 0.0 0.0 
0.0 0.2181791067702671 0.0 0.0 0.0 0.0 0.10063267259067157 0.3311882206390614 0.35 0.0 0.0 
0.0 0.30718779367600313 0.1346995835299199 0.0 0.0 0.0 0.0 0.20811262279407694 0.35 0.0 0.0 
0.0 0.2801384253221261 0.1 0.0 0.0 0.0 0.0 0.269861574677874 0.35 0.0 0.0 
0.0 0.2860428206901172 0.1 0.0 0.10001136478042522 0.0 0.0 0.1639458145294576 0.35 0.0 0.0 
0.1 0.28623274331943416 0.0 0.0 0.10004354875367386 0.0 0.0 0.1637237079268921 0.35 0.0 0.0 
0.17431448440441502 0.31848309048158724 0.0 0.0 0.15720242511399773 0.0 0.0 0.0 0.35 0.0 0.0 
0.0 0.35 0.1 0.0 0.10253655609762302 0.0 0.0 0.0 0.26226149072857874 0.18520195317379823 0.0 
0.0 0.34617030598933207 0.0 0.0 0.0 0.0 0.0 0.30382969401066795 0.35 0.0 0.0 
0.1 0.28363280288314807 0.0 0.0 0.15526820068375416 0.0 0.0 0.11109899643309783 0.35 0.0 0.0 
0.0 0.33402688549738113 0.1 0.0 0.0 0.0 0.0 0.21597311450261894 0.35 0.0 0.0 
0.1 0.287059466938253 0.0 0.0 0.15209674207234303 0.0 0.0 0.0 0.35 0.11084379098940397 0.0 
0.0 0.2337656548538493 0.1 0.0 0.0 0.0 0.0 0.3162343451461507 0.35 0.0 0.0 
0.14173811458421953 0.25138435683900395 0.0 0.0 0.15111671718232067 0.0 0.0 0.10576081139445588 0.35 0.0 0.0 
0.0 0.1 0.2530969950718246 0.0 0.0 0.16978737364494306 0.12711563128323236 0.0 0.0 0.0 0.35 
0.14162183645359627 0.2998396819700503 0.0 0.0 0.10853848157635348 0.0 0.0 0.0 0.35 0.1 0.0 
0.1426875556103791 0.2856313600582534 0.0 0.0 0.12168108433136758 0.0 0.0 0.0 0.35 0.1 0.0 
0.0 0.21917930201630625 0.0 0.0 0.0 0.0 0.1452683613575819 0.2855523366261119 0.35 0.0 0.0 
0.1042190451122836 0.2794964880354977 0.0 0.0 0.1551906906359146 0.0 0.0 0.11109377621630412 0.35 0.0 0.0 
0.0 0.265145546027749 0.1 0.0 0.0 0.0 0.0 0.28485445397225106 0.35 0.0 0.0 
0.0 0.20360646341340408 0.0 0.0 0.0 0.0 0.1 0.3463935365865959 0.35 0.0 0.0 
0.14162183645359627 0.2998396819700503 0.0 0.0 0.10853848157635348 0.0 0.0 0.0 0.35 0.1 0.0 
