-0.011713528783177022 4.3029059305354806E-4 
-0.007336310888586316 5.353197602118156E-5 
-0.007336310888586316 5.353197602118156E-5 
-0.011713528783177022 4.3029059305354806E-4 
-0.01158319316024957 3.970862069658602E-4 
-0.011489106360714166 3.8186798989096486E-4 
-0.01166377220437947 4.227400993139138E-4 
-0.008606161113800087 8.248949836306868E-5 
-0.011472311895165493 3.6835258636693397E-4 
-0.008391599033430914 7.447088464414134E-5 
-0.00790375202873625 6.0197941482530385E-5 
-0.010685224312207545 2.4462435216136407E-4 
-0.011620988103590194 4.040021268195904E-4 
-0.00899093847477154 1.0845164480641128E-4 
-0.010973857801796497 2.8219251926998087E-4 
-0.010558005715063984 2.2598785167875083E-4 
-0.009459520362511646 1.3671131670027183E-4 
-0.007516204794053632 5.462840623819156E-5 
-0.008841776853810268 1.0050568258990094E-4 
-0.01136258489684346 3.4890576928460167E-4 
-0.01015271759685318 1.8401873014454385E-4 
-0.008698086835601953 8.612839359209988E-5 
-0.01074847966234445 2.499737738994416E-4 
-0.010227548393384306 1.9400801503211866E-4 
-0.009373316449277736 1.3509139498219942E-4 
-0.007997300245118596 6.169060936928733E-5 
-0.009521029359565034 1.4068851925602506E-4 
-0.010498578175091852 2.1889418190589174E-4 
-0.008205002237744483 6.726714498616045E-5 
-0.008505814711088236 7.80608847292291E-5 
-0.010211503358780759 1.878415581495244E-4 
-0.008736022173291494 8.861169549341669E-5 
-0.009717920246044426 1.513025272387155E-4 
-0.009079639281425035 1.117004267016583E-4 
-0.010279770973424376 1.9922082906748131E-4 
-0.008269248427593849 7.080020976501903E-5 
-0.010829129159722159 2.617485810840015E-4 
-0.008113534420036232 6.440117217351345E-5 
-0.010658162516199231 2.3847530048880345E-4 
-0.010333607374505149 2.0116083842395473E-4 
-0.009874448063012445 1.6279026026755824E-4 
-0.01061792358854575 2.3449639791551412E-4 
-0.010916818113153247 2.745129720218328E-4 
-0.00881420031814553 9.250264835087862E-5 
-0.009318900697098646 1.3161311092407493E-4 
-0.011118040985111679 3.052859626713427E-4 
-0.011140923795679278 3.1405824276905424E-4 
-0.010448688584188834 2.1329922047986334E-4 
-0.00834100669407043 7.169155697936067E-5 
-0.009581459800505555 1.430319762909838E-4 
-0.011207231594199717 3.2063408589972595E-4 
-0.010585148183072116 2.2979998197320602E-4 
-0.009651391531299472 1.472259952512944E-4 
-0.011663705506296886 4.114502068123047E-4 
-0.008915950652667351 1.0696337466560601E-4 
-0.007661998186015041 5.67242890695514E-5 
-0.008534344880188442 7.871073114595121E-5 
-0.007446557603978101 5.393244250550381E-5 
-0.009174146194660313 1.1878525314526451E-4 
-0.008887038621915583 1.0411048831094113E-4 
-0.009300768532667508 1.266289761479909E-4 
-0.010380405487767166 2.1007137015249496E-4 
-0.011070167541233814 2.9726007705996646E-4 
-0.009782209600708218 1.56434187373838E-4 
-0.01122739854324711 3.24333496370693E-4 
-0.01102624227219557 2.902645989640084E-4 
-0.010978417988732066 2.879074099895456E-4 
-0.01117481457155351 3.1500549039684307E-4 
-0.01078687669031369 2.553985781940117E-4 
-0.011101507949675458 3.0278937350005513E-4 
-0.007769174569398202 5.727741917290418E-5 
-0.007769174569398202 5.727741917290418E-5 
-0.01151580778913969 3.881715961160494E-4 
-0.010874741157445765 2.683096315282429E-4 
-0.01138104239562051 3.5734356448678125E-4 
-0.01171352878317702 4.302905930535479E-4 
-0.009225790686581675 1.2216857261937984E-4 
-0.007661998186015041 5.67242890695514E-5 
-0.011244160779131415 3.3271441414806866E-4 
-0.01143239456463163 3.614044113448728E-4 
-0.01151580778913969 3.881715961160494E-4 
-0.011655394228542892 4.101155975703739E-4 
-0.009981273714318869 1.7124868514333005E-4 
-0.01004895073954591 1.7698355897143042E-4 
-0.011051884383336213 2.942762232104553E-4 
-0.008133813185081386 6.588750171902712E-5 
-0.009769719966039574 1.5339190704635145E-4 
-0.01084825019553208 2.6611814170058505E-4 
-0.011290556443949594 3.374766550680948E-4 
-0.011447617909386013 3.647007536260058E-4 
-0.009626521701439886 1.4573051634809742E-4 
-0.009926004627366513 1.6785556646038664E-4 
-0.009105568403131087 1.1487099523657371E-4 
-0.010475744468690514 2.1634732263005205E-4 
-0.010909986575267696 2.7289072899408864E-4 
-0.011238442673497169 3.306603427348104E-4 
-0.009147935475234048 1.1583628405210616E-4 
-0.007952975984042772 6.121036731439002E-5 
-0.011331986003531146 3.4379267199732285E-4 
-0.010108541167017846 1.792982633900884E-4 
