-0.013896782101248402 3.938597041776102E-4 
-0.004336281496262786 2.1001018612927718E-5 
-0.013896782101248402 3.938597041776102E-4 
-0.01351017572031155 2.6192902941791807E-4 
-0.013528901664173866 3.9079115019640146E-4 
-0.005118424607681009 2.7046748217830583E-5 
-0.007855763602309615 2.7795935522561715E-5 
-0.00850881674927228 3.523521927996827E-5 
-0.009042588229424834 3.570931436025062E-5 
-0.009840989160181977 4.345964392124303E-5 
-0.01258578892045567 1.554720830784726E-4 
-0.013454168215877856 2.4932717588875797E-4 
-0.01348840895230571 2.568356905647539E-4 
-0.012627605877193722 1.6149497985739372E-4 
-0.011336708385740375 7.720583254029426E-5 
-0.011653910144665854 9.121217670289607E-5 
-0.013189489091121989 2.1342000868444544E-4 
-0.012047793743496375 1.0844606380683622E-4 
-0.0045067465922595615 2.1357385288356882E-5 
-0.013171086776753643 2.0832085131953018E-4 
-0.011554852867248104 8.491708823073693E-5 
-0.010444818389995543 5.407746758390796E-5 
-0.01313021531162856 2.0293822891454438E-4 
-0.010561626373396638 5.624947922948465E-5 
-0.010019239765426619 4.725638233684976E-5 
-0.01324256958270063 2.1899661146161523E-4 
-0.004964606639488205 2.5054986185568444E-5 
-0.011417018432559206 7.992555840641584E-5 
-0.013055032505483927 1.9631600565979236E-4 
-0.01218459389427401 1.1788836339191479E-4 
-0.011840211099534644 9.690950784469618E-5 
-0.008176318650082212 2.9651123881599706E-5 
-0.013843655422147123 3.930354177006808E-4 
-0.011192814127189551 7.403878843753489E-5 
-0.01243894416068638 1.3809288407613964E-4 
-0.0093614512029392 3.798063312722419E-5 
-0.01032152188005577 5.306537044916849E-5 
-0.004873358255149147 2.3983339024766133E-5 
-0.009578695473490422 3.9228749338869774E-5 
-0.013011935511188058 1.906326183058002E-4 
-0.013286865902275916 2.2149614126677303E-4 
-0.012865138134411563 1.7776222632813368E-4 
-0.01295967616953173 1.858377192364489E-4 
-0.004636524267706336 2.2122947846583037E-5 
-0.013085822002790256 1.9918260097530658E-4 
-0.009199209801115656 3.633205583979071E-5 
-0.008378760654719805 3.2012683309120526E-5 
-0.012700675776543536 1.6576873170955848E-4 
-0.013420973408273067 2.4263595198845906E-4 
-0.012476342186576561 1.430198535753798E-4 
-0.013309493508328354 2.2670802312979734E-4 
-0.012818658590387274 1.742413377117423E-4 
-0.010114077627355276 5.018945005253535E-5 
-0.011732224758468468 9.531482672305993E-5 
-0.012508192683139243 1.48522911389367E-4 
-0.010794434602802997 6.200644832451384E-5 
-0.013366424410826385 2.328973766745144E-4 
-0.012010435664323558 1.061238849387574E-4 
-0.012340875221308998 1.2883639151470386E-4 
-0.00847145917506698 3.4253756154778276E-5 
-0.010915437849106629 6.465290767200944E-5 
-0.012508192683139243 1.48522911389367E-4 
-0.010730567727640035 5.986876381307189E-5 
-0.008002059233493343 2.916431884686969E-5 
-0.005099583990525318 2.691258124203923E-5 
-0.011894376485807694 9.99853641204549E-5 
-0.012311687415820588 1.2711611218427053E-4 
-0.011972019083658855 1.0297394021615113E-4 
-0.0136831580912016 3.913267204252995E-4 
-0.012786150043316428 1.720551765134993E-4 
-0.010247272647868389 5.110974147698173E-5 
-0.009713635573160958 4.113224470341199E-5 
-0.012374870560873868 1.340997641316434E-4 
-0.012137602436768997 1.1409568811617501E-4 
-0.012752449373355148 1.691615656773232E-4 
-0.010852684579729079 6.362233830060585E-5 
-0.004731587935952201 2.354754333141622E-5 
-0.012137602436768997 1.1409568811617501E-4 
-0.011730527470456845 9.258872020588136E-5 
-0.007855763602309619 2.7795935522561752E-5 
-0.011491926481835122 8.290038263977046E-5 
-0.01290625938893367 1.8197378782283856E-4 
-0.009713635573160958 4.113224470341199E-5 
-0.01298186663484826 1.888443767820476E-4 
-0.013383142873947262 2.3671869198414183E-4 
-0.0136831580912016 3.913267204252995E-4 
-0.009044577595084684 3.571904084140974E-5 
-0.008242974253328634 3.074063482604832E-5 
-0.01063804819968683 5.892383898244792E-5 
-0.010041736843062057 4.775985460279112E-5 
-0.011004530451607902 6.684852915868252E-5 
-0.012363798108498756 1.335001710484512E-4 
-0.008318396366893728 3.0784103641745314E-5 
-0.013529232764005339 3.9081012739502173E-4 
-0.009578695473490422 3.9228749338869774E-5 
-0.012452094227716983 1.418017428755441E-4 
-0.011089495243140832 6.923102115851572E-5 
-0.008002059233493343 2.916431884686969E-5 
-0.010178942859671409 5.1032649396778365E-5 
-0.013398678188502575 2.3846674050474493E-4 
