0.0 0.29999999999999993 0.0 0.0 0.0 0.0 0.0 0.35 0.35 0.0 0.0 
0.0 0.20006772425742567 0.0 0.0 0.2364229517974223 0.19858656287439144 0.0 0.0 0.18327332839431223 0.1816494326764482 0.0 
0.0 0.29999999999999993 0.0 0.0 0.0 0.0 0.0 0.35 0.35 0.0 0.0 
0.0 0.32893540573202773 0.0 0.0 0.0 0.0 0.0 0.32106459426797224 0.34999999999999987 0.0 0.0 
0.10030659900891199 0.1996934009910882 0.0 0.0 0.0 0.0 0.0 0.35 0.35 0.0 0.0 
0.10014914742709356 0.17403243642827315 0.0 0.0 0.15169034156197495 0.14408427627578885 0.0 0.10006385710058223 0.18923029157630383 0.1407496496299834 0.0 
0.0 0.20198069557692006 0.0 0.0 0.23590058571311784 0.197580433003714 0.0 0.0 0.2267515633738495 0.13778672233239864 0.0 
0.13141951349971714 0.13690544730973075 0.0 0.10942552269962502 0.12090309728602892 0.10666748212418824 0.0 0.12790019109710815 0.26677874598360185 0.0 0.0 
0.10207882976238329 0.17243809416354003 0.0 0.0 0.12458451497432853 0.1450565077434457 0.0 0.13525850533704561 0.20425295434619575 0.11633059367306116 0.0 
0.22015899439507594 0.11927855081999672 0.0 0.15375316526310454 0.0 0.0 0.0 0.27163024950156517 0.2351790400202578 0.0 0.0 
0.13777328786044202 0.13324704297629075 0.0 0.10230852650745793 0.10286633203324289 0.10039986829411385 0.0 0.1715912105958948 0.2518137317325578 0.0 0.0 
0.20369191588821048 0.12764164152193164 0.0 0.1468551221053763 0.0 0.0 0.0 0.27606456071974533 0.2457467597647362 0.0 0.0 
0.23572976677293075 0.12959947380017472 0.0 0.1343776912045685 0.0 0.0 0.0 0.25706247214984873 0.24323059607247727 0.0 0.0 
0.24505451011995064 0.11715129034280145 0.0 0.13812969191243102 0.0 0.0 0.0 0.2383595534103022 0.2613049542145146 0.0 0.0 
0.12954433235578455 0.13619853894889503 0.0 0.1091206709721428 0.11064396019812342 0.10676138123509951 0.0 0.14031991008905279 0.2674112062009019 0.0 0.0 
0.1288126512941247 0.11977236661578013 0.0 0.10782291168548336 0.0 0.0 0.0 0.35 0.2935920704046118 0.0 0.0 
0.19004446975686606 0.11422248138477079 0.0 0.12461452742210319 0.0 0.1012299711514684 0.0 0.20599345688556633 0.26389509339922507 0.0 0.0 
0.10377919929523893 0.175949535152753 0.0 0.0 0.12408626018170452 0.1488803783872977 0.0 0.12844980462965622 0.19454593054412256 0.12430889180922697 0.0 
0.22179585366545795 0.10279802636983632 0.0 0.11599682568107869 0.0 0.0 0.0 0.3130242940170515 0.2463850002665756 0.0 0.0 
0.18845449422402277 0.11031645864859468 0.0 0.11531632167288539 0.0 0.10047229708776162 0.0 0.23029783706073878 0.25514259130599676 0.0 0.0 
0.10304319411248813 0.17190855133077468 0.0 0.0 0.12845034121406923 0.15910571108272203 0.0 0.11505780147703903 0.19641680075983056 0.12601760002307633 0.0 
0.11520144654569191 0.12698991271008422 0.0 0.1013408166898996 0.1046627067120245 0.10056245752873533 0.0 0.1888799798485203 0.26236267996504414 0.0 0.0 
0.0 0.20761623368323737 0.0 0.0 0.2454791643021308 0.17654489053288017 0.0 0.0 0.20834508725906495 0.1620146242226867 0.0 
0.1203470296007071 0.12934643752385871 0.0 0.10785548977483582 0.10362095570418457 0.1216149095778692 0.0 0.15900934741554432 0.25820583040300016 0.0 0.0 
0.17218438663886626 0.13284825989436655 0.0 0.11666670664803389 0.0 0.10359078595930094 0.0 0.21375437745523407 0.2609554834041984 0.0 0.0 
0.1741795710844563 0.12692483895733578 0.0 0.10384728638230309 0.0 0.0 0.0 0.34866017536214594 0.2463881282137589 0.0 0.0 
0.19349041427569802 0.11966831514094914 0.0 0.10545104216478624 0.0 0.0 0.0 0.34272703452922276 0.23866319388934396 0.0 0.0 
0.21943999918058485 0.11427315268693376 0.0 0.10197541570519761 0.0 0.0 0.0 0.31435460950111066 0.24995682292617302 0.0 0.0 
0.2118150973443332 0.10877011316593668 0.0 0.10073369468892591 0.0 0.0 0.0 0.3129189978444171 0.26576209695638703 0.0 0.0 
0.1911908847788407 0.1119130448484386 0.0 0.10741888737739698 0.0 0.0 0.0 0.35 0.2394771829953236 0.0 0.0 
0.224916829745692 0.10502066051158354 0.0 0.11693272151919318 0.0 0.0 0.0 0.3020514453567657 0.2510783428667656 0.0 0.0 
0.1037611371635656 0.17982164299065187 0.0 0.0 0.13637254578871075 0.14665466020648404 0.0 0.11290797964040523 0.18739670860592214 0.13308532560426034 0.0 
0.10163200882954346 0.1718474424978849 0.0 0.0 0.13014877338162248 0.14346150828752618 0.0 0.1297805658127648 0.18876343990680108 0.13436626128385698 0.0 
0.1917029292894635 0.12940747672024985 0.0 0.1233524639506421 0.0 0.101444333075375 0.0 0.19135985050034587 0.26273294646392364 0.0 0.0 
0.20198955345165026 0.11689419513978482 0.0 0.10251867047897054 0.0 0.0 0.0 0.33156802596384083 0.24702955496575363 0.0 0.0 
0.12865356696866825 0.1734968454233968 0.0 0.0 0.0 0.0 0.0 0.35 0.3478495876079349 0.0 0.0 
0.1245320260475461 0.13034105898418374 0.0 0.10626156198907004 0.11583968107245676 0.10732657856298865 0.0 0.15235159057513775 0.2633475027686169 0.0 0.0 
0.15778347520146815 0.11203159411782525 0.0 0.10437145239125678 0.0 0.0 0.0 0.34959065764657454 0.27622282064287534 0.0 0.0 
0.14441543812496968 0.11018846618432573 0.0 0.10544670202893233 0.0 0.0 0.0 0.35 0.2899493936617725 0.0 0.0 
0.10526196532805264 0.19473803467194753 0.0 0.0 0.0 0.0 0.0 0.35 0.35 0.0 0.0 
0.15105916221371668 0.11183101548958364 0.0 0.10467786128994731 0.0 0.0 0.0 0.34861200158901 0.28381995941774224 0.0 0.0 
0.12117491842590426 0.12718680276811656 0.0 0.10640606005259876 0.10380236104779024 0.10507781710194192 0.0 0.18511884621035893 0.25123319439328917 0.0 0.0 
0.1876554781772826 0.12494833889869736 0.0 0.11273315158117052 0.0 0.10135007547798655 0.0 0.20808367106926579 0.2652292847955973 0.0 0.0 
0.11931616496174728 0.1806838350382527 0.0 0.0 0.0 0.0 0.0 0.35 0.35 0.0 0.0 
0.2048743872788455 0.11114470102064489 0.0 0.10187081338371107 0.0 0.0 0.0 0.33960616082691314 0.24250393748988552 0.0 0.0 
0.16843805991994948 0.11372241775661127 0.0 0.10752681766083991 0.0 0.0 0.0 0.35 0.2603127046625994 0.0 0.0 
0.2313751714141707 0.11559179624540727 0.0 0.1102264414978658 0.0 0.0 0.0 0.29231013647031684 0.2504964543722394 0.0 0.0 
0.16375027322804336 0.1465305649235069 0.0 0.0 0.0 0.0 0.0 0.35 0.3397191618484497 0.0 0.0 
0.0 0.20120882767754608 0.0 0.0 0.23882058659802366 0.19682538067881544 0.0 0.0 0.22588503376615 0.1372601712794648 0.0 
0.15172871301915355 0.14827128698084638 0.0 0.0 0.0 0.0 0.0 0.35 0.35 0.0 0.0 
0.17629850584573878 0.11196886825436723 0.0 0.11704362329196305 0.0 0.10197725283829653 0.0 0.2337474252981568 0.2589643244714776 0.0 0.0 
0.14410484824545208 0.15589515175454802 0.0 0.0 0.0 0.0 0.0 0.35 0.35 0.0 0.0 
0.22565973925172914 0.1318628930343113 0.0 0.0 0.0 0.0 0.0 0.35 0.29247736771395966 0.0 0.0 
0.24241318295090455 0.11621431467864299 0.0 0.11130098469946849 0.0 0.0 0.0 0.2822365882498881 0.24783492942109586 0.0 0.0 
0.0 0.20177000436200251 0.0 0.0 0.23725352552948312 0.19801322178716058 0.0 0.0 0.19893222940126637 0.1640310189200873 0.0 
0.19312347536683006 0.13701957562710443 0.0 0.13439900457901113 0.0 0.10336001041375131 0.0 0.17514051776865905 0.256957416244644 0.0 0.0 
0.219386334447428 0.1323735350096893 0.0 0.0 0.0 0.0 0.0 0.35 0.2982401305428828 0.0 0.0 
0.21990620379842074 0.1041086717793383 0.0 0.11881782160565642 0.0 0.0 0.0 0.3239593865225126 0.2332079162940718 0.0 0.0 
0.16785174187312732 0.15495783427591991 0.0 0.0 0.0 0.0 0.0 0.35 0.32719042385095276 0.0 0.0 
0.20802991752724542 0.12493830543682376 0.0 0.0 0.0 0.0 0.0 0.35 0.3170317770359307 0.0 0.0 
0.17985614904218591 0.16490465214846514 0.0 0.0 0.0 0.0 0.0 0.35 0.30523919880934897 0.0 0.0 
0.21504225808820418 0.10682983530541545 0.0 0.10042712664430006 0.0 0.0 0.0 0.3278506119979188 0.24985016796416157 0.0 0.0 
0.12117491842590429 0.12718680276811659 0.0 0.10640606005259878 0.10380236104779027 0.10507781710194194 0.0 0.18511884621035896 0.2512331943932892 0.0 0.0 
0.19244978978669097 0.10755021021330914 0.0 0.0 0.0 0.0 0.0 0.35 0.35 0.0 0.0 
0.15918605465132585 0.14081394534867414 0.0 0.0 0.0 0.0 0.0 0.35 0.35 0.0 0.0 
0.13305736899186632 0.1720313213294627 0.0 0.0 0.0 0.0 0.0 0.35 0.344911309678671 0.0 0.0 
0.1684380599199495 0.11372241775661127 0.0 0.10752681766083991 0.0 0.0 0.0 0.35 0.2603127046625994 0.0 0.0 
0.10438110458254175 0.17869753762548796 0.0 0.0 0.13485098416978583 0.14969513484609506 0.0 0.10105393153056051 0.19605376147609443 0.13526754576943448 0.0 
0.10351874346850481 0.17722119946793843 0.0 0.0 0.13373689129442567 0.14845840465658353 0.0 0.10021905838641214 0.19443403211191665 0.1424116706142187 0.0 
0.12792421892763212 0.11679103789009904 0.0 0.1034764040139851 0.0 0.0 0.0 0.35 0.3018083391682838 0.0 0.0 
0.1289359083055138 0.11771468044547811 0.0 0.1042947477152788 0.0 0.0 0.0 0.35 0.2990546635337294 0.0 0.0 
0.1906405895530611 0.125619461555285 0.0 0.0 0.0 0.0 0.0 0.35 0.333739948891654 0.0 0.0 
0.1569814467181155 0.11168125387318925 0.0 0.1119707284927604 0.0 0.0 0.0 0.35 0.2693665709159348 0.0 0.0 
0.23737378104151582 0.10331107478780385 0.0 0.12183521313005295 0.0 0.0 0.0 0.27490968437595803 0.26257024666466944 0.0 0.0 
0.0 0.19746546837605056 0.0 0.0 0.2424657247529607 0.194103039547369 0.0 0.0 0.19281825418281134 0.1731475131408086 0.0 
0.22027381407939114 0.11452378427127967 0.0 0.11597122527229448 0.0 0.0 0.0 0.2968681540312935 0.25236302234574126 0.0 0.0 
0.18328533269288202 0.14707219431803994 0.0 0.0 0.0 0.0 0.0 0.35 0.319642472989078 0.0 0.0 
0.16955237122210953 0.1304476287778904 0.0 0.0 0.0 0.0 0.0 0.35 0.35 0.0 0.0 
0.19295134882466985 0.10861211299629732 0.0 0.1024284248348035 0.0 0.0 0.0 0.35 0.24600811334422934 0.0 0.0 
0.18781084036671358 0.11925537649984702 0.0 0.14637217729523316 0.0 0.10163661169895749 0.0 0.18384134551318304 0.2610836486260658 0.0 0.0 
0.1722126312976114 0.16183215986307173 0.0 0.0 0.0 0.0 0.0 0.35 0.31595520883931694 0.0 0.0 
0.23626275343393893 0.13996501677270679 0.0 0.0 0.0 0.0 0.0 0.35 0.27377222979335425 0.0 0.0 
0.11850626852738058 0.18149373147261938 0.0 0.0 0.0 0.0 0.0 0.35 0.35 0.0 0.0 
0.21709537274102284 0.12794750746045047 0.0 0.12211664174418595 0.0 0.0 0.0 0.2878866959597522 0.24495378209458848 0.0 0.0 
0.19102704335927614 0.13907461472424307 0.0 0.0 0.0 0.0 0.0 0.35 0.319898341916481 0.0 0.0 
0.18194979447665535 0.11240131797794076 0.0 0.10800416985402322 0.0 0.0 0.0 0.35 0.24764471769138063 0.0 0.0 
0.21530514032687154 0.1266529532594774 0.0 0.0 0.0 0.0 0.0 0.35 0.30804190641365103 0.0 0.0 
0.22212921634698865 0.10052772425008312 0.0 0.10293741217563349 0.0 0.0 0.0 0.33087995855187624 0.24352568867541846 0.0 0.0 
0.1728334975452769 0.1488237335911329 0.0 0.0 0.0 0.0 0.0 0.35 0.32834276886359015 0.0 0.0 
0.22861471327243252 0.14150286141375648 0.0 0.0 0.0 0.0 0.0 0.35 0.2798824253138111 0.0 0.0 
0.2210004112467278 0.11704483513460978 0.0 0.12411326964868576 0.0 0.0 0.0 0.2918943014280455 0.2459471825419312 0.0 0.0 
0.1116338932010093 0.18836610679899063 0.0 0.0 0.0 0.0 0.0 0.35 0.35 0.0 0.0 
0.11163389320100929 0.1883661067989906 0.0 0.0 0.0 0.0 0.0 0.35 0.35 0.0 0.0 
0.19042803045614162 0.12854686680831334 0.0 0.12253212222210966 0.0 0.10742007677257864 0.0 0.19008723327403754 0.2609856704668193 0.0 0.0 
0.18271717902319787 0.11504178592465367 0.0 0.11501566909683061 0.0 0.10779509077626755 0.0 0.25014779661301556 0.2292824785660349 0.0 0.0 
0.1587524919030547 0.12347916613679209 0.0 0.10181897770114244 0.0 0.0 0.0 0.35 0.2659493642590108 0.0 0.0 
0.16556756738993886 0.13443243261006113 0.0 0.0 0.0 0.0 0.0 0.35 0.35 0.0 0.0 
0.20329538880211281 0.13988989715335345 0.0 0.0 0.0 0.0 0.0 0.35 0.3068147140445338 0.0 0.0 
0.22676460335072776 0.14961114483446727 0.0 0.0 0.0 0.0 0.0 0.34811383373769217 0.27551041807711263 0.0 0.0 
0.2084014238929528 0.1290923363663155 0.0 0.0 0.0 0.0 0.0 0.35 0.3125062397407317 0.0 0.0 
