0.0 0.29999999999999993 0.0 0.0 0.0 0.0 0.0 0.35 0.35 0.0 0.0 
0.0 0.1946608046935281 0.0 0.0 0.24115823949584436 0.19612467591834964 0.0 0.0 0.19415020899489302 0.17390607089738486 0.0 
0.0 0.29999999999999993 0.0 0.0 0.0 0.0 0.0 0.35 0.35 0.0 0.0 
0.0 0.32781281820431596 0.0 0.0 0.0 0.0 0.0 0.3221871817956842 0.35 0.0 0.0 
0.10021847275257457 0.1997815272474256 0.0 0.0 0.0 0.0 0.0 0.35 0.35 0.0 0.0 
0.0 0.20269688307004538 0.0 0.0 0.2198350734153691 0.2093691086744362 0.0 0.0 0.21104763158944737 0.1570513032507021 0.0 
0.10179252353952764 0.18001613719973186 0.0 0.0 0.15390273925134085 0.14079655718087003 0.0 0.10324381024522124 0.1594291110162604 0.16081912156704795 0.0 
0.1973510636390781 0.12085554302438899 0.0 0.1487817413355098 0.0 0.10229580932268104 0.0 0.16007921669486905 0.27063662598347316 0.0 0.0 
0.1031743109411306 0.1679188492279458 0.0 0.0 0.12817149075091067 0.11782684667735382 0.0 0.17369436222048873 0.20458142197176737 0.1046327182104031 0.0 
0.23818020428820774 0.11972521302517004 0.0 0.15578532884078172 0.0 0.0 0.0 0.24883391008860634 0.237475343757234 0.0 0.0 
0.1091546103184455 0.18046417022479322 0.0 0.0 0.13500649593327868 0.1335475875814544 0.0 0.1317014512612285 0.2023359948995612 0.10778968978123861 0.0 
0.2415714501005112 0.11638464925329947 0.0 0.12152086989465097 0.0 0.0 0.0 0.2782036539736004 0.24231937677793786 0.0 0.0 
0.22884252008823502 0.11191735321904087 0.0 0.12936190567890601 0.0 0.0 0.0 0.2984207494858792 0.2314574715279388 0.0 0.0 
0.20013840126539847 0.11946535534689508 0.0 0.1258996970005047 0.0 0.1038587601549065 0.0 0.20385724910129654 0.24678053713099857 0.0 0.0 
0.19219627757658359 0.1099036114287047 0.0 0.11241775001476174 0.0 0.10369048450481885 0.0 0.23765046748518084 0.24414140898995026 0.0 0.0 
0.19212031807556992 0.11073713927989338 0.0 0.13850848342456573 0.0 0.1131195974232543 0.0 0.18678635519404033 0.25872810660267637 0.0 0.0 
0.10525092230276632 0.17947618321349282 0.0 0.0 0.13837910490215416 0.14563661442247788 0.0 0.10344418865218688 0.1711269972217517 0.1566859892851702 0.0 
0.16832281475157504 0.11041964302257748 0.0 0.10381105006943797 0.0 0.0 0.0 0.34623572679053416 0.2712107653658754 0.0 0.0 
0.2294886981655375 0.10796187144627178 0.0 0.14171846574808905 0.0 0.0 0.0 0.2776677821512687 0.24316318248883304 0.0 0.0 
0.22388278790288144 0.10201458427093431 0.0 0.115330079417675 0.0 0.0 0.0 0.3236565796208789 0.23511596878763039 0.0 0.0 
0.23790866562633423 0.1168866688269634 0.0 0.13542962285591734 0.0 0.0 0.0 0.2631029541802261 0.24667208851055886 0.0 0.0 
0.14539552480466067 0.11355245902056268 0.0 0.10057535689929642 0.0 0.0 0.0 0.3499926839882371 0.2904839752872433 0.0 0.0 
0.20437031026733832 0.10325598247955652 0.0 0.12002067443135797 0.0 0.0 0.0 0.3197125591681784 0.2526404736535687 0.0 0.0 
0.18255989666429784 0.13077863346026367 0.0 0.0 0.0 0.0 0.0 0.35 0.3366614698754385 0.0 0.0 
0.10549360664294959 0.174566065059904 0.0 0.0 0.1418185455056062 0.14538511591236994 0.0 0.1122652285213543 0.1766983920504082 0.14377304630740784 0.0 
0.13558808503801653 0.1106474163391257 0.0 0.10601239668639317 0.0 0.0 0.0 0.3489864376277714 0.29876566430869334 0.0 0.0 
0.10135442616041568 0.18547550526914477 0.0 0.0 0.12455204976057381 0.13441483803217952 0.0 0.137958319872462 0.20123576106984922 0.11500909983537508 0.0 
0.13454256599133663 0.1135355074295436 0.0 0.10151098519726402 0.0 0.0 0.0 0.35 0.30041094138185587 0.0 0.0 
0.19330563722860858 0.12575296718714016 0.0 0.13676786983193615 0.0 0.10489306331828985 0.0 0.17509614883517677 0.2641843135988487 0.0 0.0 
0.18139323059764126 0.10842919335988961 0.0 0.10463692771831634 0.0 0.0 0.0 0.35 0.2555406483241529 0.0 0.0 
0.10533184403775299 0.17312487661592793 0.0 0.0 0.1269144071598442 0.14055889396660934 0.0 0.11317495882256137 0.1969974610642049 0.1438975583330992 0.0 
0.10321632709002035 0.16692881143736443 0.0 0.0 0.1294128280716676 0.13423009272164504 0.0 0.13184407521253394 0.18875147878712345 0.14561638667964527 0.0 
0.18482167168679928 0.14049026982803073 0.0 0.0 0.0 0.0 0.0 0.35 0.32468805848517013 0.0 0.0 
0.24045397903190033 0.1259410152094304 0.0 0.0 0.0 0.0 0.0 0.35 0.2836050057586692 0.0 0.0 
0.10773673044489904 0.1692229880640852 0.0 0.0 0.11791448083673559 0.1343373327146144 0.0 0.15750231343660018 0.19202474122430177 0.12126141327876379 0.0 
0.19238063686732593 0.10680038022522068 0.0 0.10593648792021498 0.0 0.0 0.0 0.3496685244494294 0.24521397053780905 0.0 0.0 
0.14757151944707303 0.12036018903477118 0.0 0.10012745517622233 0.0 0.0 0.0 0.35 0.2819408363419334 0.0 0.0 
0.11093526575613964 0.18906473424386042 0.0 0.0 0.0 0.0 0.0 0.3499999999999999 0.35 0.0 0.0 
0.19689889394917756 0.11084082491112729 0.0 0.10265036950523343 0.0 0.0 0.0 0.3418100964330558 0.24779981520140593 0.0 0.0 
0.10343616110242988 0.19656383889757015 0.0 0.0 0.0 0.0 0.0 0.35 0.35 0.0 0.0 
0.10550464257705627 0.17755003472053782 0.0 0.0 0.14271683761798068 0.13670865362813356 0.0 0.1068042940744116 0.19369076328272594 0.13702477409915423 0.0 
0.17388005714214994 0.11264523896037318 0.0 0.1015201480189812 0.0 0.0 0.0 0.344478764050319 0.2674757918281767 0.0 0.0 
0.1776620303302904 0.11457558673314613 0.0 0.10398215137018689 0.0 0.0 0.0 0.3361121899150484 0.2676680416513281 0.0 0.0 
0.10321632709002034 0.1669288114373644 0.0 0.0 0.12941282807166757 0.13423009272164502 0.0 0.1318440752125339 0.18875147878712342 0.14561638667964524 0.0 
0.20523604361990716 0.14660572254455764 0.0 0.0 0.0 0.0 0.0 0.35 0.2981582338355352 0.0 0.0 
0.10042141106334221 0.17759852374561583 0.0 0.0 0.11951435460406809 0.13599048293639002 0.0 0.14740495814334045 0.1992104727905513 0.11985979671669206 0.0 
0.16063917380401524 0.11445069406476262 0.0 0.10314729241612451 0.0 0.0 0.0 0.35 0.2717628397150978 0.0 0.0 
0.17084544159106785 0.13788476565201424 0.0 0.0 0.0 0.0 0.0 0.35 0.34126979275691777 0.0 0.0 
0.17673515903857487 0.13592241794486903 0.0 0.0 0.0 0.0 0.0 0.35 0.3373424230165561 0.0 0.0 
0.19581856584713855 0.12145780137553018 0.0 0.14153611786568226 0.0 0.10991182378738201 0.0 0.16482974312927098 0.26644594799499594 0.0 0.0 
0.18006149354957146 0.11385897883406881 0.0 0.13184795983729947 0.0 0.0 0.0 0.32013120949447016 0.2541003582845901 0.0 0.0 
0.1370225735203512 0.16297742647964888 0.0 0.0 0.0 0.0 0.0 0.35 0.35 0.0 0.0 
0.10877901365958656 0.1628850495894652 0.0 0.0 0.12293504120500123 0.13951361581559638 0.0 0.16020474118166086 0.20468085122845633 0.1010016873202333 0.0 
0.1390062193719954 0.12573493416833417 0.0 0.1152138183170051 0.0 0.0 0.0 0.35 0.27004502814266534 0.0 0.0 
0.18910414361037992 0.12491251108724415 0.0 0.10385386623655048 0.0 0.10193703614557467 0.0 0.21875672925330644 0.26143571366694435 0.0 0.0 
0.23030451012453337 0.10571820451501757 0.0 0.11829370329972674 0.0 0.0 0.0 0.300421915797355 0.2452616662633673 0.0 0.0 
0.13080819510541977 0.1691918048945803 0.0 0.0 0.0 0.0 0.0 0.35 0.35 0.0 0.0 
0.21475603429468584 0.10331911781699839 0.0 0.10441699511587664 0.0 0.0 0.0 0.35 0.22750785277243912 0.0 0.0 
0.0 0.3192085258553474 0.0 0.0 0.0 0.0 0.0 0.3338451595242763 0.34694631462037645 0.0 0.0 
0.1966160606921565 0.12999292576929078 0.0 0.0 0.0 0.0 0.0 0.35 0.3233910135385528 0.0 0.0 
0.23025695181688433 0.1324236675277287 0.0 0.0 0.0 0.0 0.0 0.35 0.287319380655387 0.0 0.0 
0.10280410933899808 0.1755555955301598 0.0 0.0 0.12199601111593779 0.12510217407576973 0.0 0.1533004240703274 0.21003986432241467 0.11120182154639247 0.0 
0.24450632343811265 0.12014304474832371 0.0 0.12935674324773602 0.0 0.0 0.0 0.2527239858815142 0.2532699026843134 0.0 0.0 
0.23012346688176244 0.11250470374478495 0.0 0.15984257387808776 0.0 0.0 0.0 0.2633644684639234 0.23416478703144145 0.0 0.0 
0.21032766022802737 0.10567202931695704 0.0 0.10301203598739238 0.0 0.0 0.0 0.33689508197880497 0.24409319248881825 0.0 0.0 
0.1974422089606534 0.1480981214906572 0.0 0.0 0.0 0.0 0.0 0.35 0.30445966954868936 0.0 0.0 
0.187291993186814 0.12371549733834496 0.0 0.10285865362990725 0.0 0.11054300928432678 0.0 0.21666042352459097 0.258930423036016 0.0 0.0 
0.11730149433546574 0.18269850566453427 0.0 0.0 0.0 0.0 0.0 0.35 0.35 0.0 0.0 
0.10540618443003405 0.17927559160714707 0.0 0.0 0.12948467382162224 0.14070230500533984 0.0 0.1151359340176017 0.18869751943313912 0.14129779168511603 0.0 
0.20218176164498028 0.12059271252581583 0.0 0.12429917741850707 0.0 0.10083328398863761 0.0 0.21455370776589022 0.23753935665616904 0.0 0.0 
0.0 0.19684089260000295 0.0 0.0 0.2287412924406463 0.19511585925682956 0.0 0.0 0.20457990011858457 0.17472205558393655 0.0 
0.22289141796447953 0.11711272761000681 0.0 0.10640902440304817 0.0 0.0 0.0 0.2962210864058961 0.25736574361656933 0.0 0.0 
0.0 0.31244692327169654 0.0 0.0 0.0 0.0 0.0 0.3375530767283035 0.35 0.0 0.0 
0.1519042921741009 0.11200617673959098 0.0 0.10428912104164124 0.0 0.0 0.0 0.35 0.2818004100446668 0.0 0.0 
0.19002015508668926 0.11087339817105242 0.0 0.1326191939544223 0.0 0.10324286449162257 0.0 0.22860271482842998 0.2346416734677835 0.0 0.0 
0.20251923102079267 0.15711669127350728 0.0 0.0 0.0 0.0 0.0 0.35 0.29036407770570016 0.0 0.0 
0.1218878310717204 0.18003775545549683 0.0 0.0 0.0 0.0 0.0 0.35 0.34807441347278295 0.0 0.0 
0.15607554233403237 0.14392445766596768 0.0 0.0 0.0 0.0 0.0 0.35 0.35 0.0 0.0 
0.1587289595670836 0.15465740560966762 0.0 0.0 0.0 0.0 0.0 0.35 0.33661363482324885 0.0 0.0 
0.20218176164498028 0.12059271252581583 0.0 0.12429917741850707 0.0 0.10083328398863761 0.0 0.21455370776589022 0.23753935665616904 0.0 0.0 
0.12899815282597352 0.11286237941286233 0.0 0.10187458374517834 0.0 0.0 0.0 0.3495975895229637 0.30666729449302216 0.0 0.0 
0.10273376877186943 0.171737131880309 0.0 0.0 0.16136863963956755 0.14137596497486526 0.0 0.1016596665060822 0.1693167222369547 0.1518081059903518 0.0 
0.1563665767206347 0.12591843745412173 0.0 0.10082982913832816 0.0 0.0 0.0 0.35 0.2668851566869155 0.0 0.0 
0.1432417690028096 0.1567582309971906 0.0 0.0 0.0 0.0 0.0 0.35 0.35 0.0 0.0 
0.19002015508668926 0.11087339817105242 0.0 0.1326191939544223 0.0 0.10324286449162257 0.0 0.22860271482842998 0.2346416734677835 0.0 0.0 
0.21757756395834407 0.1387310169681235 0.0 0.0 0.0 0.0 0.0 0.35 0.2936914190735325 0.0 0.0 
0.22438822678029363 0.10037149282454264 0.0 0.12017087573425313 0.0 0.0 0.0 0.31710276452635117 0.2379666401345595 0.0 0.0 
0.0 0.19555673701209864 0.0 0.0 0.22762897098301718 0.20649537499759538 0.0 0.0 0.20636525938611888 0.16395365762116984 0.0 
0.20132698595327167 0.11313920770264597 0.0 0.10348240182725794 0.0 0.0 0.0 0.3198390295133693 0.2622123750034552 0.0 0.0 
0.12899815282597352 0.11286237941286233 0.0 0.10187458374517834 0.0 0.0 0.0 0.3495975895229637 0.30666729449302216 0.0 0.0 
0.1982600333466835 0.10849558838061737 0.0 0.1029860668640058 0.0 0.0 0.0 0.33754741228658924 0.25271089912210404 0.0 0.0 
0.10050892687794794 0.17110622829124608 0.0 0.0 0.12791894324844322 0.11742482931978718 0.0 0.16833638165274437 0.20352952116850156 0.11117516944132975 0.0 
0.21082905768382518 0.1026973015765706 0.0 0.10961379599631751 0.0 0.0 0.0 0.33983735951406263 0.23702248522922417 0.0 0.0 
0.19608896089329902 0.13225842974263602 0.0 0.0 0.0 0.0 0.0 0.3438548337463357 0.32779777561772927 0.0 0.0 
0.10050892687794794 0.17110622829124608 0.0 0.0 0.12791894324844322 0.11742482931978718 0.0 0.16833638165274437 0.20352952116850156 0.11117516944132975 0.0 
0.19114160998218588 0.1315625443708126 0.0 0.0 0.0 0.0 0.0 0.35 0.32729584564700154 0.0 0.0 
0.22438822678029363 0.10037149282454264 0.0 0.12017087573425313 0.0 0.0 0.0 0.31710276452635117 0.2379666401345595 0.0 0.0 
0.12588185484314962 0.17411814515685037 0.0 0.0 0.0 0.0 0.0 0.35 0.35 0.0 0.0 
0.0 0.3057186990069411 0.0 0.0 0.0 0.0 0.0 0.34521132369389557 0.3490699772991635 0.0 0.0 
0.23012346688176244 0.11250470374478495 0.0 0.15984257387808776 0.0 0.0 0.0 0.2633644684639234 0.23416478703144145 0.0 0.0 
