0.0 0.30000000000000004 0.0 0.0 0.0 0.0 0.0 0.35 0.35 0.0 0.0 
0.0 0.0 0.12906085316476623 0.0 0.11262631554621257 0.1899395988063901 0.0 0.11585220452114336 0.35 0.10252102796148786 0.0 
0.0 0.30000000000000004 0.0 0.0 0.0 0.0 0.0 0.35 0.35 0.0 0.0 
0.0 0.2999999999999998 0.0 0.0 0.0 0.0 0.0 0.35 0.35 0.0 0.0 
0.0 0.19844024659770323 0.0 0.0 0.0 0.0 0.10155975340229687 0.35 0.35 0.0 0.0 
0.0 0.0 0.0 0.0 0.0 0.0 0.1952002566190001 0.35 0.35 0.0 0.10479974338099987 
0.0 0.13024990570667067 0.0 0.0 0.0 0.0 0.17711629088087913 0.34263621349980655 0.34999758991264374 0.0 0.0 
0.0 0.19982147540743767 0.0 0.0 0.0 0.10017852459256225 0.0 0.35 0.35 0.0 0.0 
0.0 0.0 0.0 0.0 0.0 0.1856460672267839 0.0 0.34603760829547703 0.35 0.11831632447773911 0.0 
0.0 0.10129764284542303 0.0 0.0 0.0 0.2118496755788594 0.0 0.3368526815757177 0.35 0.0 0.0 
0.0 0.0 0.10757338005992148 0.0 0.0 0.10389646166973046 0.0 0.3380960816150694 0.35 0.10043407665527879 0.0 
0.0 0.10688542070794789 0.0 0.0 0.0 0.10333249580457861 0.0 0.34865037782241043 0.3410683390990447 0.1000633665660184 0.0 
0.0 0.0 0.10806698952759095 0.0 0.11417181346404652 0.17215878281622024 0.0 0.15389615937647474 0.35 0.10170625481566758 0.0 
0.0 0.0 0.1273928398316271 0.0 0.11146262597846332 0.16868514081251418 0.0 0.14810290806750387 0.34226959763214637 0.10208688767774513 0.0 
0.0 0.0 0.1265420305687736 0.0 0.0 0.20214239392658812 0.0 0.2184143052428383 0.35 0.10290127026179996 0.0 
0.0 0.10861610431748576 0.0 0.0 0.0 0.19807146249004545 0.0 0.3433124331924688 0.35 0.0 0.0 
0.0 0.0 0.1023048121651277 0.0 0.0 0.17967241428339106 0.0 0.26708211497935735 0.35 0.10094065857212378 0.0 
0.0 0.0 0.13538681384441728 0.0 0.0 0.19816937577407773 0.0 0.21405893665904513 0.35 0.10238487372245994 0.0 
0.0 0.0 0.14492884953503576 0.0 0.0 0.20350486557648284 0.0 0.19883779180861488 0.35 0.10272849307986649 0.0 
0.0 0.0 0.10366845495941858 0.0 0.0 0.15610687707551685 0.0 0.2893934303736172 0.3498357166714132 0.10099552092003417 0.0 
0.0 0.0 0.11858762103277286 0.0 0.111392937450349 0.12650123115166398 0.0 0.21165724735033203 0.3281914452238014 0.10366951779108079 0.0 
0.0 0.18776905695694582 0.0 0.0 0.0 0.11223094304305435 0.0 0.35 0.35 0.0 0.0 
0.0 0.11975615431801181 0.0 0.0 0.0 0.0 0.18024384568198812 0.35 0.35 0.0 0.0 
0.0 0.17842720237495852 0.0 0.0 0.0 0.12157279762504164 0.0 0.35 0.35 0.0 0.0 
0.0 0.0 0.11013827270906316 0.0 0.0 0.18768075777046248 0.0 0.24935222399086104 0.35 0.10282874552961337 0.0 
0.0 0.0 0.10006497226473611 0.0 0.0 0.14108835264407818 0.0 0.30744556381155436 0.34723231447854136 0.10416879680108991 0.0 
0.0 0.10684236709256445 0.0 0.0 0.0 0.10303740019956761 0.0 0.34406195002003087 0.34603522180307605 0.1000230608847611 0.0 
0.0 0.0 0.11918940318616761 0.0 0.11262631554621257 0.1404427400937179 0.0 0.1744763850769312 0.3491827623671837 0.10408239372978709 0.0 
0.0 0.16540304812909223 0.0 0.0 0.0 0.13459695187090784 0.0 0.35 0.35 0.0 0.0 
0.0 0.0 0.12086939431408769 0.0 0.0 0.19335970135993957 0.0 0.2348323276397871 0.35 0.1009385766861858 0.0 
0.0 0.0 0.12916281499680946 0.0 0.0 0.17538323128641758 0.0 0.2416044838861933 0.35 0.10384946983057965 0.0 
0.0 0.11661303790943546 0.0 0.0 0.0 0.19659357296527916 0.0 0.3367933891252854 0.35 0.0 0.0 
0.0 0.0 0.0 0.0 0.11304733586482565 0.11175531254454153 0.0 0.3202260601135889 0.35 0.10497129147704383 0.0 
0.0 0.0 0.13560734401538416 0.0 0.0 0.18221076360730087 0.0 0.23424566202192823 0.3477226366184466 0.10021359373694015 0.0 
0.0 0.10969166631352253 0.0 0.0 0.0 0.10578522760275332 0.0 0.3318326049576785 0.3499999999999999 0.10269050112604557 0.0 
0.0 0.0 0.10142732954450052 0.0 0.0 0.14300923204837265 0.0 0.30212618062622737 0.35 0.10343725778089949 0.0 
0.0 0.0 0.10885569367427401 0.0 0.0 0.18549518322649264 0.0 0.2540178359094501 0.35 0.10163128718978326 0.0 
0.0 0.0 0.10473799713138406 0.0 0.0 0.1236341981639794 0.0 0.3174298905719044 0.35 0.10419791413273218 0.0 
0.0 0.0 0.13928314789425042 0.0 0.0 0.20386663273053507 0.0 0.20464840602198006 0.35 0.10220181335323449 0.0 
0.0 0.0 0.13678445653569138 0.0 0.0 0.18379240782232628 0.0 0.2284536257666304 0.34988603201267193 0.10108347786268007 0.0 
0.0 0.10854225599049246 0.0 0.0 0.0 0.10220369652736079 0.0 0.3361346475616237 0.34993988970065565 0.10317951021986739 0.0 
0.0 0.1313040851781692 0.0 0.0 0.0 0.1686959148218308 0.0 0.35 0.35 0.0 0.0 
0.0 0.0 0.11627620175492555 0.0 0.10787302790317009 0.12807177480980364 0.0 0.19008456907195598 0.34922874047648494 0.10846568598365973 0.0 
0.0 0.0 0.10158630371038586 0.0 0.0 0.11860780550883379 0.0 0.32914808104407794 0.35 0.10065780973670227 0.0 
0.0 0.0 0.10589016770988449 0.0 0.0 0.12984680900974174 0.0 0.3149476044313966 0.3489389361327859 0.1003764827161913 0.0 
0.0 0.11836608213184889 0.0 0.0 0.0 0.18163391786815108 0.0 0.34999999999999987 0.35 0.0 0.0 
0.0 0.0 0.14050379948699088 0.0 0.0 0.18375378928172578 0.0 0.2257816768973248 0.3496742711143038 0.10028646321965462 0.0 
0.0 0.0 0.10207137481938981 0.0 0.0 0.16982005422727675 0.0 0.27780104030848035 0.34998292666291414 0.10032460398193876 0.0 
0.0 0.0 0.11621202535714198 0.0 0.0 0.16877722588557365 0.0 0.26648790938696676 0.3479907132144356 0.10053212615588208 0.0 
0.0 0.0 0.1511170975083823 0.0 0.0 0.2085559823753677 0.0 0.18909697108116114 0.35 0.10122994903508896 0.0 
0.0 0.0 0.11446337071734969 0.0 0.1064098323801584 0.14144714973976277 0.0 0.1871210115995149 0.34378400896312106 0.10677462660009326 0.0 
0.0 0.19844024659770323 0.0 0.0 0.0 0.0 0.10155975340229687 0.35 0.35 0.0 0.0 
0.0 0.0 0.12964775703613252 0.0 0.11313848340339704 0.1733779570615534 0.0 0.1340247176165157 0.34682384283095835 0.10298724205144304 0.0 
0.0 0.0 0.10247070627328876 0.0 0.0 0.16502644524495447 0.0 0.28178574689663766 0.35 0.10071710158511919 0.0 
0.0 0.0 0.10683546161194739 0.0 0.0 0.14116716596885887 0.0 0.2946464947407865 0.35 0.10735087767840719 0.0 
0.0 0.0 0.10170790413199961 0.0 0.11844913625373839 0.15024871132087164 0.0 0.17788426952579126 0.3496614017864863 0.10204857698111292 0.0 
0.0 0.0 0.11653299370119917 0.0 0.10811126173234237 0.14365936699885942 0.0 0.21130021074896083 0.3185228080435626 0.10187335877507563 0.0 
0.0 0.0 0.13051852602696343 0.0 0.0 0.20750340343344306 0.0 0.20829912275501844 0.35 0.103678947784575 0.0 
0.0 0.0 0.10630406168002704 0.0 0.11078901010342289 0.1693503071313125 0.0 0.16989028016634436 0.3436192494580093 0.1000470914608839 0.0 
0.0 0.0 0.11874156937560756 0.0 0.0 0.18278198764104409 0.0 0.24644847466828423 0.35 0.10202796831506425 0.0 
0.0 0.0 0.10056642877917132 0.0 0.0 0.1267456865385793 0.0 0.32140282239895773 0.35 0.10128506228329169 0.0 
0.0 0.0 0.10511951467521884 0.0 0.0 0.16987004112202672 0.0 0.2738273828354438 0.35 0.10118306136731076 0.0 
0.0 0.17161741975929423 0.0 0.0 0.0 0.12838258024070576 0.0 0.35 0.35 0.0 0.0 
0.0 0.0 0.10590449882595518 0.0 0.0 0.10938596206694313 0.0 0.33285089729929696 0.35 0.10185864180780484 0.0 
0.0 0.0 0.1401407532594623 0.0 0.11123033780155797 0.1704538380856673 0.0 0.13176431366054397 0.3440970486738589 0.10231370851890964 0.0 
0.0 0.18340996064145346 0.0 0.0 0.0 0.0 0.11659003935854664 0.35 0.35 0.0 0.0 
0.0 0.0 0.12162579734288495 0.0 0.0 0.16171374014569964 0.0 0.2624723739570852 0.35 0.10418808855433011 0.0 
0.0 0.1545438306622653 0.0 0.0 0.0 0.0 0.14545616933773473 0.35 0.35 0.0 0.0 
0.0 0.0 0.14376752090299907 0.0 0.0 0.20875295244896744 0.0 0.19458969670968063 0.35 0.1028898299383528 0.0 
0.0 0.0 0.0 0.0 0.11206593601247032 0.1274693995308623 0.0 0.3068104497005229 0.35 0.1036542147561444 0.0 
0.0 0.15388284007724048 0.0 0.0 0.0 0.14611715992275973 0.0 0.35 0.35 0.0 0.0 
0.0 0.0 0.1006258920000395 0.0 0.0 0.1187802116967565 0.0 0.326036267148634 0.35 0.10455762915456998 0.0 
0.0 0.0 0.11265367797864373 0.0 0.0 0.17518550374008826 0.0 0.25838927413305657 0.35 0.10377154414821138 0.0 
0.0 0.0 0.12825446380105696 0.0 0.11872491454830006 0.16869493667121457 0.0 0.12452215404653541 0.35 0.10980353093289294 0.0 
0.0 0.0 0.10657224278915146 0.0 0.0 0.10292954383168579 0.0 0.3349495728020378 0.3497498798902886 0.10579876068683634 0.0 
0.0 0.0 0.11242908912086032 0.0 0.0 0.19272536751907754 0.0 0.2423253650692137 0.35 0.10252017829084857 0.0 
0.0 0.0 0.0 0.0 0.0 0.1996211537614149 0.0 0.35 0.35 0.10037884623858498 0.0 
0.0 0.0 0.15194902332639146 0.0 0.0 0.20298193993884736 0.0 0.19253464802072215 0.35 0.10253438871403905 0.0 
0.0 0.10584701403220276 0.0 0.0 0.0 0.19661104569585064 0.0 0.3487709701359733 0.3487709701359733 0.0 0.0 
0.0 0.1714942544587376 0.0 0.0 0.0 0.0 0.12850574554126237 0.35 0.35 0.0 0.0 
0.0 0.0 0.11388934024890132 0.0 0.12032307522660339 0.15127190107823554 0.0 0.16077395192021873 0.35 0.10374173152604092 0.0 
0.0 0.0 0.13238694404722734 0.0 0.11583222768462388 0.17529800205302287 0.0 0.12039388821192472 0.35 0.10608893800320118 0.0 
0.0 0.0 0.12126315365890115 0.0 0.10822191572822823 0.1532488174512493 0.0 0.16765325715208942 0.3462498617651189 0.1033629942444129 0.0 
0.0 0.0 0.10145848645396834 0.0 0.1071899887320308 0.16163094401580982 0.0 0.20132539874383829 0.32787273514197 0.10052244691238292 0.0 
0.0 0.0 0.0 0.0 0.0 0.1820269597898549 0.0 0.35 0.35 0.11797304021014522 0.0 
0.0 0.0 0.10147688309382724 0.0 0.0 0.11948259945948529 0.0 0.32340190509547934 0.35 0.10563861235120808 0.0 
0.0 0.1941194419616368 0.0 0.0 0.0 0.10588055803836319 0.0 0.35 0.35 0.0 0.0 
0.0 0.0 0.12212280693113661 0.0 0.1086652808374312 0.12030257580599457 0.0 0.2211243015047238 0.3199922224052998 0.10779281251541395 0.0 
0.0 0.1519129991924427 0.0 0.0 0.0 0.14808700080755738 0.0 0.35 0.35 0.0 0.0 
0.0 0.0 0.12736532977101964 0.0 0.1080951142798007 0.13026636185776663 0.0 0.18184979821323335 0.35 0.10242339587817965 0.0 
0.0 0.0 0.12823101679199397 0.0 0.11190215007791018 0.1714833502065565 0.0 0.13652164538184397 0.35 0.10186183754169549 0.0 
0.0 0.14176225664779055 0.0 0.0 0.0 0.15823774335220958 0.0 0.35 0.35 0.0 0.0 
0.0 0.0 0.1338530779380106 0.0 0.0 0.19944213438137637 0.0 0.20580725257900967 0.35 0.11089753510160341 0.0 
0.0 0.0 0.13144018654198975 0.0 0.1090977407114708 0.1694521220635318 0.0 0.1443185577554001 0.34501627592093753 0.10067511700667023 0.0 
0.0 0.0 0.10961610697260989 0.0 0.0 0.14086014114573822 0.0 0.2970888460061131 0.3492249208102168 0.10320998506532204 0.0 
0.0 0.0 0.10549146927447044 0.0 0.12118133759340982 0.15244782322583103 0.0 0.161920749674814 0.35 0.10895862023147469 0.0 
0.0 0.0 0.1090167595242696 0.0 0.0 0.1508316838257215 0.0 0.2859640297964739 0.35 0.10418752685353501 0.0 
0.0 0.0 0.12212280693113664 0.0 0.10866528083743121 0.12030257580599459 0.0 0.22112430150472384 0.31999222240529984 0.10779281251541398 0.0 
0.0 0.106731236642207 0.0 0.0 0.0 0.10775746015557808 0.0 0.33774441615841194 0.3456752985714502 0.10209158847235292 0.0 
0.0 0.0 0.10670415495029519 0.0 0.0 0.16085564466839153 0.0 0.2749735526020791 0.35 0.10746664777923429 0.0 
