-0.014879929202971924 6.763193106905169E-4 
-0.005751454542641482 2.706049038536435E-5 
-0.01455632744589417 6.282131924466569E-4 
-0.014554726717473893 5.30775218864826E-4 
-0.007991852324159717 4.839852098711067E-5 
-0.011295142710023567 1.7246014208748854E-4 
-0.008260523690247467 5.231276710189293E-5 
-0.014099170325768334 4.6871336302385604E-4 
-0.009116308003727383 7.306794166024133E-5 
-0.009259497093428938 7.784787863252313E-5 
-0.013829386261808662 4.068791060392481E-4 
-0.006043162361471536 2.8459170649254052E-5 
-0.009420336608711473 8.460346002168626E-5 
-0.011488442712416214 1.8515689966777546E-4 
-0.012223356982070109 2.298045542407034E-4 
-0.006633069233015724 3.379048467109758E-5 
-0.014049191765900387 4.544259323576719E-4 
-0.013849706939062345 4.253255527581157E-4 
-0.012627313928422992 2.6031653719792646E-4 
-0.008890442781936651 7.045532240015044E-5 
-0.014707456887965677 6.500937434427262E-4 
-0.006961184629473682 3.6169896169169105E-5 
-0.01167821481392434 1.9583532830452565E-4 
-0.008550590698117665 5.9017949093953935E-5 
-0.0084042176810523 5.53249544705976E-5 
-0.014452685188731773 5.041447188843152E-4 
-0.014374977101314626 4.955172829983811E-4 
-0.013079602005092008 2.9894707032692683E-4 
-0.01449688347968559 5.141499266409207E-4 
-0.014801887625086444 6.642868572426323E-4 
-0.0066868320503777985 3.61306232111142E-5 
-0.012687534690739067 2.7221890574662794E-4 
-0.008693219755964356 6.294775777373138E-5 
-0.007819883215016121 4.61258120095394E-5 
-0.014210515759361603 4.786761090288622E-4 
-0.007338291528854669 4.00237950229283E-5 
-0.014644216784036405 6.408128489082968E-4 
-0.013336843329315009 3.31570516623502E-4 
-0.012973589901155047 2.941218690257504E-4 
-0.012124164853066468 2.227125587911598E-4 
-0.011527578901262554 1.8698301403321648E-4 
-0.013721502929206588 3.926593087083827E-4 
-0.010306828317607559 1.2003691994246175E-4 
-0.01337918857109956 3.412448441676188E-4 
-0.013685815163098919 3.804815708550361E-4 
-0.01000297584425243 1.0900830887023853E-4 
-0.009820609624320645 1.0022188697686603E-4 
-0.013448081209694835 3.4730921690287876E-4 
-0.006186918558786891 3.066095963268565E-5 
-0.012900781543775709 2.8721737172176745E-4 
-0.011826855166589817 2.0562760914458495E-4 
-0.013292590320974452 3.228595226973023E-4 
-0.006325018690815095 3.1175780933523535E-5 
-0.009715742033279528 9.600181772018749E-5 
-0.005770497082768834 2.8306509868080038E-5 
-0.012336412505264379 2.385954517204723E-4 
-0.013978190262492153 4.4668289292478544E-4 
-0.013779217871371506 3.975844000431751E-4 
-0.010147104052905283 1.1217223928558127E-4 
-0.009538703590471109 8.990981977802448E-5 
-0.009914441083377586 1.0512850959951665E-4 
-0.010808836405745662 1.4646290329626356E-4 
-0.007170978165814843 3.842355582165714E-5 
-0.014294967259598725 4.8825674011678216E-4 
-0.013878677229260877 4.337636795671375E-4 
-0.01120706107180343 1.6833133902282858E-4 
-0.007475409088769512 4.153347530645687E-5 
-0.011071686622242064 1.6717593776555692E-4 
-0.014512915111312146 5.260822017548517E-4 
-0.012843196632668492 2.807603690816015E-4 
-0.012018025849165058 2.199611136606907E-4 
-0.01174431012879632 1.9985026114741983E-4 
-0.013954255291282608 4.391913784846718E-4 
-0.012538306914049894 2.5295691130877436E-4 
-0.010901731674932798 1.5079959518742296E-4 
-0.013160733788119407 3.071925228201416E-4 
-0.012803417822164022 2.734136834813392E-4 
-0.010971932257626169 1.642879916402579E-4 
-0.007696974408811231 4.426707618967119E-5 
-0.013234815509752872 3.1624197995592385E-4 
-0.010561356336144145 1.2938869749681272E-4 
-0.010207496813030013 1.1626429036741388E-4 
-0.013462630122204344 3.5825679166249445E-4 
-0.009632756971940113 9.128126769140662E-5 
-0.012375002344441772 2.411464610101745E-4 
-0.010756657970200685 1.3959608824389914E-4 
-0.007592592757864277 4.2845829611794817E-5 
-0.010954949983487018 1.5600229001422837E-4 
-0.011884897901021606 2.1244252036561076E-4 
-0.014823437569925503 6.675820544120314E-4 
-0.013519623170529314 3.6138821330224954E-4 
-0.01246607745564004 2.4803914481122066E-4 
-0.007071817727936399 3.748882696252505E-5 
-0.01042615782793772 1.2444829004463781E-4 
-0.011967501698245408 2.1322498070243243E-4 
-0.013647433757909016 3.7428226959436027E-4 
-0.010608988605503742 1.349754363799609E-4 
-0.00883033536015667 6.4423138651671E-5 
-0.014242147169252206 4.8358820770097075E-4 
-0.010676202366225029 1.3725720410273718E-4 
