0.0 0.3000000000000002 0.0 0.0 0.0 0.0 0.0 0.35 0.35 0.0 0.0 
0.0 0.10031629288151873 0.1726119926870106 0.0 0.0 0.15460714043916546 0.143185149420502 0.0 0.10008724199350036 0.15856823111151924 0.17062395146678352 
0.0 0.10031629288151873 0.1726119926870106 0.0 0.0 0.15460714043916546 0.14318514942050203 0.0 0.10008724199350036 0.15856823111151924 0.17062395146678355 
0.0 0.3000000000000002 0.0 0.0 0.0 0.0 0.0 0.35 0.35 0.0 0.0 
0.0 0.20206217954768166 0.14342767630471992 0.0 0.0 0.0 0.13636635164503416 0.11503862340954644 0.24442883135577378 0.0 0.1586763377372441 
0.0 0.2054813754796392 0.14341362469621174 0.0 0.0 0.0 0.1053470204434271 0.11993211744803452 0.31565214122664337 0.0 0.1101737207060441 
0.0 0.26262282196611886 0.0 0.0 0.0 0.0 0.11620527831227567 0.2758709043505817 0.3453009953710238 0.0 0.0 
0.0 0.21820636703100493 0.16989779144718473 0.0 0.0 0.0 0.14069475799000036 0.11510512132461638 0.20329464306377457 0.0 0.1528013191434189 
0.0 0.20626298241049376 0.1023197137649629 0.0 0.0 0.0 0.10662382650221391 0.2581584484014029 0.3266350289209265 0.0 0.0 
0.0 0.21711075840444974 0.13752750850329018 0.0 0.0 0.0 0.12570391488022745 0.0 0.22350745966690547 0.1168544433235706 0.1792959152215565 
0.11090265492648728 0.18867711307418508 0.15130719886048982 0.0 0.0 0.0 0.1250058850818089 0.10133601117406761 0.1868014549269412 0.0 0.13596968195602008 
0.0 0.12681401170662132 0.14309015489208635 0.0 0.0 0.12587733239519536 0.1343706270364523 0.10086476978719922 0.14227922137123797 0.10797884808632563 0.1187250347248819 
0.0 0.26305167648895555 0.0 0.0 0.0 0.0 0.10780720363133528 0.28637640249822327 0.34276471738148584 0.0 0.0 
0.1267796034520434 0.11814925000520765 0.15933249046499365 0.0 0.0 0.10706622191481112 0.1321032907342905 0.1054769592843903 0.11259032583399298 0.0 0.13850185831027043 
0.0 0.21829106219060374 0.1695731783975619 0.0 0.0 0.0 0.1407517827247246 0.11514979851141838 0.20337355034990992 0.0 0.1528606278257816 
0.0 0.2179284207123711 0.15210091262883832 0.0 0.0 0.0 0.11172298406791739 0.12719701183200713 0.2684025979213295 0.0 0.12264807283753656 
0.11331871107945261 0.11332565453013688 0.13348805152162957 0.0 0.0 0.12417060614325086 0.1112023235477361 0.10075678444529491 0.18163365408680632 0.0 0.12210421464569267 
0.0 0.18854344715515312 0.10067212181481724 0.0 0.0 0.0 0.10160695086049987 0.2933533826136092 0.3158240975559204 0.0 0.0 
0.0 0.22491126146259943 0.0 0.0 0.0 0.0 0.12590094536724725 0.30684450057992907 0.3423432925902242 0.0 0.0 
0.10593666065384491 0.1805898541509103 0.17586105462810847 0.0 0.0 0.0 0.12081849439128729 0.10073837437203373 0.182360659413794 0.0 0.13369490239002135 
0.0 0.2602834231826646 0.0 0.0 0.0 0.0 0.10666587439971413 0.2938931073127769 0.3391575951048444 0.0 0.0 
0.0 0.2171325139705878 0.12647391506385328 0.0 0.0 0.0 0.11331247855754772 0.20854811823997044 0.3345329741680407 0.0 0.0 
0.0 0.2581018289310783 0.0 0.0 0.0 0.0 0.1234332387218935 0.2684649323470282 0.35 0.0 0.0 
0.0 0.2107580032044205 0.11383963410243778 0.0 0.0 0.0 0.10430399067238552 0.2602072927710044 0.31089107924975173 0.0 0.0 
0.0 0.20116310419738864 0.1361138854754302 0.0 0.0 0.0 0.10314072214879956 0.11389496344653052 0.27962437732992385 0.0 0.16606294740192712 
0.0 0.17159192510144647 0.10559051893213346 0.0 0.0 0.0 0.10208967636276826 0.30045185427360754 0.32027602533004423 0.0 0.0 
0.0 0.10072310759897918 0.17393047340611512 0.0 0.0 0.1250012728019748 0.1482238727581391 0.0 0.12215087222276856 0.15905419794937864 0.17091620326264456 
0.0 0.18984023987892748 0.10246004642611445 0.0 0.0 0.0 0.10153658893986531 0.28584633273942134 0.3203167920156713 0.0 0.0 
0.11384006745494928 0.10512700507555164 0.13975153329587064 0.0 0.0 0.12716981602709054 0.11388829825825286 0.10319045818788426 0.17197930867565883 0.0 0.12505351302474185 
0.0 0.23012757979547777 0.108842908455905 0.0 0.0 0.0 0.13120040051584975 0.0 0.23022437376016028 0.1145096074631756 0.1850951300094316 
0.0 0.21450149402389543 0.0 0.0 0.0 0.0 0.11288686434924557 0.322611641626859 0.35 0.0 0.0 
0.0 0.212489143689611 0.12198151475539093 0.0 0.0 0.0 0.11378232905098629 0.12464624112611226 0.3180528991776913 0.0 0.10904787220020806 
0.0 0.21282580362316655 0.15274079302911694 0.0 0.0 0.0 0.11533504533160238 0.0 0.20883844838085025 0.13340651033940684 0.17685339929585703 
0.0 0.15745939024187983 0.1531125239945582 0.0 0.0 0.10298154463333967 0.1419426527817701 0.0 0.1417451131549927 0.126565421904075 0.17619335328938454 
0.0 0.13087272048734153 0.15140858006602134 0.0 0.0 0.1110047883811756 0.1401852409061319 0.0 0.14250357046629286 0.14426063973032757 0.1797644599627093 
0.0 0.34303299350642785 0.0 0.0 0.0 0.0 0.0 0.3083188372797487 0.3486481692138236 0.0 0.0 
0.0 0.2724522867351526 0.12066418439556756 0.0 0.0 0.0 0.0 0.2568835288692799 0.35 0.0 0.0 
0.0 0.1479793707560991 0.1462272950080991 0.0 0.0 0.10003053356324328 0.12593719861799396 0.0 0.21119616009290582 0.10186219295604403 0.16676724900561468 
0.0 0.21193367074583555 0.12195010379402572 0.0 0.0 0.0 0.11364100325002222 0.17143359506034594 0.273406823222572 0.0 0.1076348039271986 
0.0 0.30872350391250764 0.0 0.0 0.0 0.0 0.0 0.3412764960874925 0.35 0.0 0.0 
0.0 0.3316235392862581 0.0 0.0 0.0 0.0 0.0 0.31837646071374187 0.3499999999999999 0.0 0.0 
0.0 0.3017330632977611 0.0 0.0 0.0 0.0 0.0 0.35 0.3482669367022388 0.0 0.0 
0.0 0.21097204410140832 0.17566900581313954 0.0 0.0 0.0 0.10786974546430851 0.1904193037941461 0.3150699008269976 0.0 0.0 
0.0 0.1745724493830736 0.1605295096374372 0.0 0.0 0.0 0.13825487736841033 0.0 0.23174814529382304 0.11181658070427157 0.1830784376129842 
0.0 0.1451375346561724 0.17212656634852902 0.0 0.0 0.12812306336566842 0.1427291017381551 0.0 0.1194542850472779 0.12475176022004447 0.16767768862415275 
0.0 0.17762642168980292 0.1425042719517551 0.0 0.0 0.11182520398514839 0.14037097099889795 0.0 0.1520928348832179 0.12307494435486456 0.15250535213631322 
0.0 0.14096890302739093 0.16632595406425604 0.0 0.0 0.12431800391368131 0.1358584893820775 0.0 0.10980328490371531 0.13368061565449824 0.1890447490543808 
0.0 0.24951931380083783 0.15122106241466485 0.0 0.0 0.0 0.11930739232658655 0.19106588642435487 0.28888634503355604 0.0 0.0 
0.0 0.32223817067022487 0.0 0.0 0.0 0.0 0.0 0.3277618293297752 0.35 0.0 0.0 
0.0 0.2325694573507853 0.13546552405971776 0.0 0.0 0.0 0.12136255651683557 0.22337475767064197 0.28722770440201933 0.0 0.0 
0.0 0.2708067707395384 0.12183429048848951 0.0 0.0 0.0 0.0 0.300015485276889 0.3073434534950832 0.0 0.0 
0.0 0.24509843082885271 0.0 0.0 0.0 0.0 0.11940985109084694 0.3259043010528621 0.3095874170274382 0.0 0.0 
0.0 0.23164662542160927 0.10956136794768914 0.0 0.0 0.0 0.12710881986269545 0.0 0.2317440583120947 0.11362220683024277 0.1863169216256688 
0.0 0.27108447839894 0.10205074187459288 0.0 0.0 0.0 0.0 0.2958030256683526 0.3310617540581145 0.0 0.0 
0.0 0.14999569714570907 0.1445928597802869 0.0 0.0 0.10139352222551275 0.12940641734015873 0.0 0.21614895781595544 0.10379893415371956 0.15466361153865749 
0.11451475068078312 0.13257521936780176 0.16313003179725452 0.0 0.0 0.10312626214662345 0.11963873189724995 0.10434910770063524 0.138616854766048 0.0 0.12404904164360402 
0.11079011561559868 0.18978566859385712 0.10906964418049284 0.0 0.0 0.0 0.10337473444665675 0.16396382090546535 0.3230160162579294 0.0 0.0 
0.0 0.21239188827803482 0.10237648451752773 0.0 0.0 0.0 0.10826987853960161 0.2401250680014271 0.3368366806634087 0.0 0.0 
0.0 0.21199794899172855 0.1397313810355518 0.0 0.0 0.0 0.13556403767250771 0.1315265919201148 0.2713708197786178 0.0 0.10980922060147937 
0.0 0.31724053015220094 0.0 0.0 0.0 0.0 0.0 0.3327594698477991 0.35 0.0 0.0 
0.0 0.19536385809347168 0.10431385665720873 0.0 0.0 0.0 0.10528250240850927 0.2677909969063942 0.32724878593441614 0.0 0.0 
0.10244348542667207 0.2068377150856063 0.11377481081029303 0.0 0.0 0.0 0.12663925079049732 0.16162644765516862 0.28867829023176267 0.0 0.0 
0.11441909259302271 0.13246447475286133 0.1596745827195941 0.0 0.0 0.10209062069592706 0.12049069596069556 0.10425214492386392 0.1413360928736683 0.0 0.12527229548036717 
0.0 0.23426458760415036 0.0 0.0 0.0 0.0 0.11434395650156745 0.31209952418651343 0.3392919317077689 0.0 0.0 
0.0 0.15319066135776818 0.15137688392910614 0.0 0.0 0.10422109772595477 0.14250036381317338 0.0 0.15288426800507832 0.10544940572837133 0.19037731944054784 
0.0 0.1941248138434827 0.15574042983788594 0.0 0.0 0.0 0.15340898248672147 0.0 0.16525666910912443 0.1242312103312668 0.20723789439151868 
0.0 0.21153537870309577 0.0 0.0 0.0 0.0 0.11911138642359712 0.33608433688296546 0.3332688979903417 0.0 0.0 
0.0 0.24276723103737852 0.11726358814504834 0.0 0.0 0.0 0.0 0.29496616845436086 0.34500301236321224 0.0 0.0 
0.0 0.22697248043435964 0.11509489326551373 0.0 0.0 0.0 0.11393703553198291 0.21400257795182287 0.32999301281632076 0.0 0.0 
0.0 0.20942597360732443 0.11430960447366283 0.0 0.0 0.0 0.10825858401540608 0.23636283763971636 0.3316430002638902 0.0 0.0 
0.0 0.191688058484165 0.15367305695487965 0.0 0.0 0.0 0.1568100656943399 0.0 0.1630629731188939 0.12364476737258302 0.2111210783751386 
0.0 0.23189348980412694 0.11490812224164554 0.0 0.0 0.0 0.0 0.30319838795422743 0.35 0.0 0.0 
0.0 0.2074341252236282 0.1412332903874051 0.0 0.0 0.0 0.10885950563950562 0.12048501644315945 0.250748663252193 0.0 0.17123939905410865 
0.0 0.15009585838326098 0.10190532551603525 0.0 0.0 0.0 0.10956040669046423 0.2970965624239113 0.3413418469863282 0.0 0.0 
0.0 0.22890197954271738 0.12628805009113622 0.0 0.0 0.0 0.12930621896463984 0.16550375140150658 0.35 0.0 0.0 
0.0 0.23021040824307118 0.12753941369531832 0.0 0.0 0.0 0.1300453474263751 0.16644978890971232 0.34575504172552307 0.0 0.0 
0.11202729613519581 0.19190498339715334 0.11026865035292459 0.0 0.0 0.0 0.10546609728908136 0.16579478609595924 0.3145381867296857 0.0 0.0 
0.0 0.2242685195955591 0.11356612731795944 0.0 0.0 0.0 0.1075801579078345 0.2529127063183777 0.3016724888602693 0.0 0.0 
0.0 0.23025909431902936 0.11659966217599595 0.0 0.0 0.0 0.11062946055164671 0.22845280539708815 0.3140589775562397 0.0 0.0 
0.10226848892583908 0.22930174828181057 0.13856971313511288 0.0 0.0 0.0 0.10932598188114712 0.15577914680821428 0.2647549209678762 0.0 0.0 
0.1067192217667884 0.18548277310812242 0.1757939970473456 0.0 0.0 0.0 0.10419118611301659 0.10319402023166334 0.1873015567398964 0.0 0.1373172449931673 
0.0 0.20656195690059592 0.11823430271123385 0.0 0.0 0.0 0.10742167817678214 0.1380633491495362 0.31129354371433776 0.0 0.11842516934751433 
0.0 0.21253313832758244 0.12200677031662899 0.0 0.0 0.0 0.11386709867370316 0.12467204840340478 0.3181187501755924 0.0 0.10880219410308817 
0.0 0.20719701032467952 0.14107184868950562 0.0 0.0 0.0 0.10623421215850215 0.11933659957218713 0.25511667144059835 0.0 0.1710436578145273 
0.1251003644437906 0.18687782532314914 0.11261151717704292 0.0 0.0 0.0 0.10716499036391394 0.16855055271296357 0.29969474997913975 0.0 0.0 
0.0 0.2605036063491534 0.0 0.0 0.0 0.0 0.13477595879414636 0.25472043485670043 0.35 0.0 0.0 
0.0 0.2269724804343597 0.11509489326551375 0.0 0.0 0.0 0.11393703553198294 0.21400257795182293 0.3299930128163208 0.0 0.0 
0.0 0.316194288003588 0.0 0.0 0.0 0.0 0.0 0.33649994793957366 0.34730576405683833 0.0 0.0 
0.0 0.22396757537041406 0.1231118734950074 0.0 0.0 0.0 0.11721021203911268 0.18571033909546586 0.35 0.0 0.0 
0.0 0.21199794899172855 0.1397313810355518 0.0 0.0 0.0 0.13556403767250771 0.1315265919201148 0.2713708197786178 0.0 0.10980922060147937 
0.0 0.21022322785632871 0.11044728136761212 0.0 0.0 0.0 0.10869040423706251 0.23767323363309903 0.3329658529058976 0.0 0.0 
0.0 0.21277837684761522 0.0 0.0 0.0 0.0 0.11937975246250233 0.31784187068988246 0.35 0.0 0.0 
0.0 0.2079987683162076 0.16233726970966555 0.0 0.0 0.0 0.11359463059204772 0.21700702788408538 0.2990623034979938 0.0 0.0 
0.0 0.15150049083203979 0.10173690707927967 0.0 0.0 0.0 0.10937933673821516 0.2966055523775225 0.34077771297294285 0.0 0.0 
0.0 0.2176963646431402 0.11851390572007361 0.0 0.0 0.0 0.11244568991881362 0.23289527361844942 0.318448766099523 0.0 0.0 
0.0 0.16989873077597753 0.1406685546682409 0.0 0.0 0.10583655715088137 0.13856273455772244 0.0 0.14926385407479634 0.1118534440651341 0.1839161247072472 
0.0 0.23458193485845413 0.11102580033090116 0.0 0.0 0.0 0.0 0.3069025036158559 0.347489761194789 0.0 0.0 
0.0 0.3341108411003302 0.0 0.0 0.0 0.0 0.0 0.32055460266981917 0.3453345562298507 0.0 0.0 
0.10701952323628705 0.21067655657014303 0.11623285907054884 0.0 0.0 0.0 0.11901071807678022 0.1523261638644039 0.2947341791818369 0.0 0.0 
0.0 0.19541550809404284 0.1040200630751524 0.0 0.0 0.0 0.10536733027446989 0.2678617950841029 0.32733530347223183 0.0 0.0 
