-0.014376763121341365 4.2232773941764865E-4 
-0.007870221749079389 1.4039319603993795E-5 
-0.014376763121341365 4.2232773941764865E-4 
-0.007870221749079389 1.4039319603993795E-5 
-0.014166194016698597 3.620906135649087E-4 
-0.01416724293449256 3.8408536855800534E-4 
-0.01229968992742316 1.49318155412632E-4 
-0.013196220050587754 2.2313942368572606E-4 
-0.013973428241173348 3.2588902703121754E-4 
-0.008729011736424867 2.0405075295347335E-5 
-0.013059712314184792 2.1698628991982218E-4 
-0.013908848705189441 3.1409074633228704E-4 
-0.01283832197577366 1.9539311398032909E-4 
-0.013875121428588997 3.0910512938292614E-4 
-0.009839351794462506 3.751293106353944E-5 
-0.01119740812395937 8.49829070999413E-5 
-0.009699222386735162 3.435008381272776E-5 
-0.008495539180512584 1.6750061303206933E-5 
-0.014010312164418967 3.324863079311074E-4 
-0.014024675621025225 3.4131524166826506E-4 
-0.012938151363074416 2.0532663645082507E-4 
-0.014085528195572804 3.4635497616863843E-4 
-0.012425872537495893 1.5687352070524276E-4 
-0.014233009288508923 3.95317594126118E-4 
-0.012662714832806057 1.756570743210187E-4 
-0.011549306066058838 1.0409111989065794E-4 
-0.012530215591839883 1.6421811048042162E-4 
-0.0105355863503409 5.8117621372192496E-5 
-0.01302228715470066 2.1093529762963192E-4 
-0.009192069382714337 2.6199207204810402E-5 
-0.009400933966625932 2.8539752551520766E-5 
-0.012227182080256452 1.435922354377925E-4 
-0.010293900147630477 5.012674827267795E-5 
-0.012075357138444593 1.3367139574763903E-4 
-0.008329787115077343 1.6364765063378502E-5 
-0.008254780348070936 1.515272675899165E-5 
-0.013676019200208792 2.820830278337998E-4 
-0.009292830093196345 2.6538385691839112E-5 
-0.014181060969360552 3.8898570876642544E-4 
-0.009928709879606163 3.972909159771036E-5 
-0.011759740984188808 1.1853988189839742E-4 
-0.011620984565419042 1.0954993811190268E-4 
-0.009071336296878436 2.342429560379943E-5 
-0.013731138681199918 2.8573288605241646E-4 
-0.008909347031371398 2.276881520319664E-5 
-0.013624701592820402 2.7073994900305494E-4 
-0.013653770549182275 2.749902191291322E-4 
-0.013396656353304245 2.456738290746432E-4 
-0.012007999413125924 1.2987262571175038E-4 
-0.01242828617938914 1.5950080354215103E-4 
-0.008792254180843218 2.1863861411227346E-5 
-0.011347468287333467 9.272648059102351E-5 
-0.012779662416794495 1.8694602026207477E-4 
-0.007970296362764771 1.4367252255230484E-5 
-0.010158349784448305 4.65565834631156E-5 
-0.012605576507508338 1.6982067004254122E-4 
-0.011043299865965318 7.515675754486977E-5 
-0.01141940241772136 9.36571007470815E-5 
-0.011713270691690739 1.1651009862032769E-4 
-0.01168588312365167 1.1040563295547354E-4 
-0.009492152806136385 3.0370774553232647E-5 
-0.010643395200354146 6.091665918735952E-5 
-0.01042315798874852 5.3496010519963865E-5 
-0.013815161942507303 2.988181423292419E-4 
-0.012806003677392038 1.9138900897434954E-4 
-0.010254045873481513 4.814831754287037E-5 
-0.014311510867019824 4.097154520935253E-4 
-0.01344865307921574 2.5070048251915736E-4 
-0.00959610800404954 3.3243991959182967E-5 
-0.010844285146665548 6.846277042231933E-5 
-0.010751131541333721 6.348949028137241E-5 
-0.013495190006425146 2.555348016198505E-4 
-0.013765462804032784 2.912132739349082E-4 
-0.01271273438896055 1.8099647562915173E-4 
-0.011494697391999306 9.968390011881923E-5 
-0.0132622211257731 2.2905671732488718E-4 
-0.012959653842247957 2.061864809488352E-4 
-0.014267869317676103 4.016066966940527E-4 
-0.014277540709091999 4.033811035279636E-4 
-0.00900917975555478 2.2928191950236543E-5 
-0.01079232372381739 6.62652408433353E-5 
-0.008481321020868434 1.663841079614671E-5 
-0.011043299865965318 7.515675754486977E-5 
-0.011476074773176047 9.760662043675354E-5 
-0.013783444721122516 2.9369150354844345E-4 
-0.011882617723857887 1.241271333822926E-4 
-0.010463935758564781 5.507797063482913E-5 
-0.012559161567236713 1.6900616319262632E-4 
-0.010022026504650679 4.137992276410536E-5 
-0.014325606911266008 4.1239046417464E-4 
-0.012723341696252145 1.830225062353617E-4 
-0.011857183005726801 1.2245371199421054E-4 
-0.013373062782896388 2.4117645854954969E-4 
-0.011293929092642464 8.790078362922406E-5 
-0.010109476241618101 4.406752237305883E-5 
-0.008105539543438024 1.4740181159076277E-5 
-0.014104582307903103 3.5470200038909287E-4 
-0.010686124556180416 6.13926548726345E-5 
-0.013537312423065976 2.601641217761593E-4 
-0.011277768436059685 8.716755138908064E-5 
