-0.013716700458084229 4.153849936859849E-4 
-0.007042104916968518 6.712217495777488E-5 
-0.013716700458084229 4.153849936859849E-4 
-0.013716700458084225 4.153849936859847E-4 
-0.013599562083540316 3.5073376113213485E-4 
-0.013367029367337527 2.951968162519034E-4 
-0.013368571887542657 3.3148112725178285E-4 
-0.012531720805336913 2.325646166370787E-4 
-0.012109558434254123 1.7500490674994548E-4 
-0.01241993621601265 1.9867219366348732E-4 
-0.012111368529058381 1.9137844179938367E-4 
-0.008472554846022785 8.452893931424192E-5 
-0.012479790635434964 2.1476448049606922E-4 
-0.009584682755331088 1.0040876470995109E-4 
-0.008353067813874664 7.953439248334174E-5 
-0.007642302839854511 7.196816756151317E-5 
-0.009425540295885113 9.71635296080111E-5 
-0.010689302775520654 1.308243460066284E-4 
-0.008658765412075357 8.496210642174952E-5 
-0.01358362184709783 3.457525246640563E-4 
-0.00969252893771995 1.0273096068873032E-4 
-0.008939212019593332 8.92846819608685E-5 
-0.007480090237432286 7.105203954994143E-5 
-0.01060017013894357 1.2355083726720744E-4 
-0.009813791015578596 1.0538733245788923E-4 
-0.01247174541643519 2.1438109044315698E-4 
-0.012864323653352442 2.423539027227344E-4 
-0.007796174477367205 7.34167510971409E-5 
-0.012980829479392338 2.45552986101027E-4 
-0.013539744604860935 3.3676320298919616E-4 
-0.010420428665597295 1.1841595373313148E-4 
-0.008107559002700684 7.738153265222605E-5 
-0.011565273478211294 1.548482186853262E-4 
-0.01138289693552313 1.4758128431484232E-4 
-0.009246494594574323 9.461238811229218E-5 
-0.007182597787695748 6.829919640514238E-5 
-0.011810634171317681 1.629844765985361E-4 
-0.009098462686149035 9.135457720794166E-5 
-0.00876994568804748 8.625278623390184E-5 
-0.01326284290523052 2.7317325125224875E-4 
-0.009917852494574171 1.0717872783972524E-4 
-0.011715542654719725 1.5947562528044484E-4 
-0.01163822313785465 1.5930013444992946E-4 
-0.013229574792820276 2.674741484128834E-4 
-0.010171723408674086 1.1398887593941682E-4 
-0.010788253844955558 1.3118498386783517E-4 
-0.00933202944316313 9.545578195211752E-5 
-0.013115396990239038 2.5282316057802077E-4 
-0.008859927743583238 8.741274499408467E-5 
-0.012790263064041595 2.3965014739630902E-4 
-0.011089557766899318 1.3844435491754557E-4 
-0.007256718292783513 6.905083633398046E-5 
-0.011825642797583406 1.6675836751301658E-4 
-0.013599562083540316 3.5073376113213485E-4 
-0.009108531103521889 9.342401583872582E-5 
-0.007886961612181522 7.44013774140278E-5 
-0.011468773067088371 1.5127141092372804E-4 
-0.013336156517773416 2.880107843752582E-4 
-0.011031082895803838 1.357699005378281E-4 
-0.009971422700963899 1.0994033977174532E-4 
-0.010286819166855888 1.1646301380109259E-4 
-0.010948328586767512 1.3499378059114145E-4 
-0.012317630383071437 1.9801526885629962E-4 
-0.01343147592773488 3.328905230200982E-4 
-0.013285414766180215 2.7740749748515216E-4 
-0.010468424610035753 1.2174751527037225E-4 
-0.012015937366428617 1.7100961135645734E-4 
-0.012645225768394809 2.351715743608286E-4 
-0.011321792184552969 1.450088126869319E-4 
-0.011147182941535142 1.4140528872631731E-4 
-0.013511250151089414 3.3463559711049875E-4 
-0.010099721350208781 1.1217648499404096E-4 
-0.012248876878171461 1.9699554163302998E-4 
-0.007997508550714398 7.53303547394506E-5 
-0.01125675733363881 1.441132851584308E-4 
-0.010042999383685016 1.1132049038111209E-4 
-0.013350044968206604 2.911747125965768E-4 
-0.010526125618842872 1.2308788651255826E-4 
-0.011519324791873236 1.5140831251918776E-4 
-0.00704210491696852 6.712217495777492E-5 
-0.010279245183213992 1.1514946276338953E-4 
-0.010896461780361142 1.3218691611638635E-4 
-0.011180845296174125 1.4326438764697107E-4 
-0.008201139310431095 7.92490400678275E-5 
-0.01330988230527429 2.8233293357355E-4 
-0.012150933117383808 1.9456163499872173E-4 
-0.013165118105102448 2.5826879592578397E-4 
-0.01319257994461204 2.6189452536085045E-4 
-0.012200082952426191 1.9478495795890937E-4 
-0.013205861642568682 2.6380586202411386E-4 
-0.011922865550410498 1.6823802840750752E-4 
-0.013064711409997452 2.487557488676518E-4 
-0.011997177857503673 1.7070368498822315E-4 
-0.008201139310431094 7.924904006782746E-5 
-0.007971065737752019 7.525717023635049E-5 
-0.007363868227885701 7.015353535915386E-5 
-0.011933512907219647 1.683231841235968E-4 
-0.013305526619239436 2.8143057063325467E-4 
-0.013048114970309513 2.4774949985584965E-4 
-0.007363868227885702 7.015353535915389E-5 
