-0.011713528783177022 4.3029059305354806E-4 
-0.00746700832854275 5.388418221108993E-5 
-0.00746700832854275 5.388418221108993E-5 
-0.011713528783177022 4.3029059305354806E-4 
-0.011166942911255674 3.189892310816103E-4 
-0.009844605376673529 1.6063537172530842E-4 
-0.011235583248118153 3.2958674157020204E-4 
-0.01072936212491701 2.479602501808153E-4 
-0.007936570507180506 6.087049074586134E-5 
-0.008862892577163236 9.55760035600267E-5 
-0.009658315956576333 1.4649923847177696E-4 
-0.009582042443623805 1.418827871505576E-4 
-0.011616741147899515 4.0304209985979745E-4 
-0.011476794861225235 3.80259548161095E-4 
-0.010343173967481824 2.0409127994297494E-4 
-0.009205476744975847 1.1444923113699748E-4 
-0.009486926172307392 1.3418994369756478E-4 
-0.010417668405258491 2.1030603996561535E-4 
-0.009457150388007223 1.2786853058727556E-4 
-0.011131663002242735 3.1297801935751776E-4 
-0.008926296235948279 1.0166491805818845E-4 
-0.01028794637350886 1.9663555514873407E-4 
-0.009048255102906164 1.0822371939927794E-4 
-0.010596193980608922 2.3044893087160003E-4 
-0.00941709066557647 1.2289055011053602E-4 
-0.009533602361910129 1.3884174967934205E-4 
-0.008312863255161866 7.135790219202668E-5 
-0.010658453564373827 2.382110060651303E-4 
-0.010804545646958694 2.5978068171491616E-4 
-0.008019889497461581 6.262565259858635E-5 
-0.010843200912150082 2.675585949704344E-4 
-0.01132690566799346 3.5041696447413244E-4 
-0.009950560584728353 1.656063206891676E-4 
-0.011665137903221759 4.2297369247819614E-4 
-0.011009026792334018 2.901637248820949E-4 
-0.01137519752894609 3.5312891140341695E-4 
-0.011561460096629401 3.9355322831620176E-4 
-0.011524972756485934 3.8847321631397576E-4 
-0.011105263995225812 3.06972932288085E-4 
-0.007812334437499459 5.7906552130678706E-5 
-0.01140759191145334 3.5829742147145825E-4 
-0.008663349941951467 8.419500936784769E-5 
-0.009360661496131592 1.2026219474947053E-4 
-0.010546472052130794 2.2453166599897625E-4 
-0.011324003761293066 3.424861283045713E-4 
-0.007660995064011273 5.706379447030435E-5 
-0.011587602411731259 3.9794014489189113E-4 
-0.010244981381742657 1.90522306639998E-4 
-0.011064125859618646 3.0419583110214056E-4 
-0.009990391585647185 1.7212097605117158E-4 
-0.007847695443387946 5.848688117314373E-5 
-0.008169459509506464 6.701931342555293E-5 
-0.01062460967826046 2.3417239775579168E-4 
-0.011471167989350852 3.681723901257753E-4 
-0.008809898354104222 9.289925755712101E-5 
-0.008248139280181789 6.90816362698405E-5 
-0.010918955078526214 2.745255100632877E-4 
-0.011297224505589187 3.386216954806621E-4 
-0.009291741225009895 1.192858284061802E-4 
-0.01094676746615384 2.793910695776568E-4 
-0.011501694720435442 3.8401162146218577E-4 
-0.009251092114932344 1.1745554867062494E-4 
-0.01165493737839634 4.105639745072503E-4 
-0.010952423178329446 2.8405792765323325E-4 
-0.008382259917552728 7.327551082753391E-5 
-0.008706664817741653 8.633631236615445E-5 
-0.01012225412223257 1.805471569060517E-4 
-0.011663790775125702 4.1145256119851797E-4 
-0.01014383419773172 1.8130936492764804E-4 
-0.008977557759064624 1.0668018671218242E-4 
-0.011266096808313772 3.3496122499263384E-4 
-0.00850523158977038 7.783105808547848E-5 
-0.008468787542518185 7.670421619993613E-5 
-0.0076594218868253254 5.7062220214865315E-5 
-0.010973229573972346 2.894289685773674E-4 
-0.008099563104093752 6.408321274670627E-5 
-0.008416493087977265 7.428119131188155E-5 
-0.011054938233967507 2.972509373352833E-4 
-0.01006901924313288 1.7536342328607188E-4 
-0.007551494010791981 5.558925775395623E-5 
-0.009125399246598115 1.1054046411650977E-4 
-0.010512606546878096 2.208471158291924E-4 
-0.010699733044147498 2.435511567957402E-4 
-0.008562361070512376 7.98411734287503E-5 
-0.010468838910817683 2.165694326887679E-4 
-0.008596303476131262 8.138502010147621E-5 
-0.00875336793944284 8.823324633797594E-5 
-0.010258004977378417 1.944164619826761E-4 
-0.008780707823034601 8.982148199493583E-5 
-0.009756806561520646 1.5316974280756268E-4 
-0.008939949748799341 1.0622106945163276E-4 
-0.01143287332739282 3.6275839783465576E-4 
-0.009125399246598115 1.1054046411650977E-4 
-0.010793553474264257 2.5610468844792616E-4 
-0.009966110246381566 1.7089712287323105E-4 
-0.010884432180103484 2.7223113032925125E-4 
-0.01018701767912571 1.8642801350192238E-4 
-0.010073083408768911 1.7570784940275632E-4 
-0.007475133236271912 5.430454161803872E-5 
-0.010793553474264257 2.5610468844792616E-4 
