-0.014879963159037292 6.763246056511912E-4 
-0.014879963159037292 6.763246056511912E-4 
-0.007045246652858372 4.048413850408011E-5 
-0.014568849497169722 5.323117929291335E-4 
-0.014571651957398169 6.561336436830623E-4 
-0.011911237092141494 2.0850365120098346E-4 
-0.010401829167215115 1.219846664703687E-4 
-0.00818201756448212 5.042425479609043E-5 
-0.00939585780057313 8.691352560875124E-5 
-0.011774137686877465 1.999625129355334E-4 
-0.01385669694038597 4.118077378600771E-4 
-0.013676794058315898 3.785844698045949E-4 
-0.01209896436246259 2.2152307875980797E-4 
-0.01407123794847494 4.566204861527648E-4 
-0.013280333914573204 3.2016303152729194E-4 
-0.009973682863178443 1.0646441507054902E-4 
-0.011134748614216167 1.619884298559111E-4 
-0.01345194298354869 3.4991662729437793E-4 
-0.012209267943003244 2.3107909825046942E-4 
-0.011997756646842592 2.1804946755708278E-4 
-0.013321068156110892 3.3413159499838866E-4 
-0.011654449199355148 1.9586192920110465E-4 
-0.010145955592154914 1.115546360418207E-4 
-0.01249030355923644 2.5016051290224306E-4 
-0.009503931097701963 8.976408802666192E-5 
-0.013376401592091513 3.4023959435608116E-4 
-0.008038202918897076 4.8217749524412685E-5 
-0.01070074521573809 1.400034255185293E-4 
-0.00723224703570391 4.057804010804834E-5 
-0.013931485736333949 4.267880683572708E-4 
-0.011571203622552895 1.8925682898068597E-4 
-0.013092142261297356 3.017350956784199E-4 
-0.010576524408266227 1.298757134563694E-4 
-0.013768492150760736 3.950223531241962E-4 
-0.01373600072031917 3.846409954958769E-4 
-0.014119760954191705 4.696368969424132E-4 
-0.010292984459096266 1.171919233991567E-4 
-0.01451050532387084 5.162357067838673E-4 
-0.00986395894928332 1.0484603738571339E-4 
-0.008662678774962448 6.008569326464551E-5 
-0.009640382012128107 9.383448929456282E-5 
-0.013593297236272594 3.645143738073605E-4 
-0.007876212660042414 4.605974363296532E-5 
-0.007518379536114294 4.2013904363238436E-5 
-0.009789210735528391 9.879217995405365E-5 
-0.014193948267813075 4.766389276607527E-4 
-0.013191217853468055 3.078805110267766E-4 
-0.012277583786275251 2.3556917489944972E-4 
-0.011295178482554003 1.6993725770829627E-4 
-0.012746404205811683 2.6953310509870813E-4 
-0.01304069112754946 2.9560219131404626E-4 
-0.01469913699077594 6.642387399105516E-4 
-0.013993807546059861 4.397955781765317E-4 
-0.014377795349600205 4.925266165030248E-4 
-0.012391401521804277 2.446000496359415E-4 
-0.008378982815671553 5.4717825386245894E-5 
-0.010999524739173788 1.548814295724825E-4 
-0.011298911444558895 1.779435886784254E-4 
-0.013232950160563323 3.1167893737173575E-4 
-0.010856164839149597 1.4795480731932597E-4 
-0.014472628261468118 5.076473058081983E-4 
-0.007672864036543121 4.357581397600882E-5 
-0.011493827220479806 1.836754046448909E-4 
-0.010898418690377488 1.531257098773494E-4 
-0.008378982815671553 5.4717825386245894E-5 
-0.014601568632558527 6.580047868283329E-4 
-0.00921862180841895 7.913007497163747E-5 
-0.012369171757872294 2.394383411744558E-4 
-0.01107423935024387 1.586908653309959E-4 
-0.01394612401393343 4.2980046845968547E-4 
-0.010576524408266227 1.298757134563694E-4 
-0.008963641287795652 7.184216738438623E-5 
-0.010213768823227817 1.140826220065117E-4 
-0.012793080162966802 2.733400939469683E-4 
-0.009671118804692212 9.865597185384472E-5 
-0.01297117108625885 2.90706581519449E-4 
-0.014093282640247054 4.615451542273628E-4 
-0.00735939309847309 4.070206218257145E-5 
-0.014202516609522337 4.844971530248269E-4 
-0.013993807546059861 4.397955781765317E-4 
-0.00921862180841895 7.913007497163747E-5 
-0.009114373249374788 7.36916502572047E-5 
-0.012905177146803105 2.8188257941187266E-4 
-0.008554519617327021 5.876309154327011E-5 
-0.014434389456234025 5.004528653112939E-4 
-0.007909805892643914 4.641126796813098E-5 
-0.010778590663890118 1.43549489577847E-4 
-0.008891197667698275 6.616648125492143E-5 
-0.011393897346723959 1.8151355159658471E-4 
-0.01430595791319566 4.902231314316359E-4 
-0.007433469128998813 4.112196059404701E-5 
-0.012920548010651855 2.8834213682020417E-4 
-0.014268993929650276 4.8705564799409547E-4 
-0.007672864036543119 4.357581397600879E-5 
-0.014778348331433301 6.694478720024121E-4 
-0.00911739094704717 7.51457729762585E-5 
-0.013539920478547143 3.5596813098892307E-4 
-0.012617332952012734 2.5931043046356134E-4 
-0.008777756000228298 6.321531271590236E-5 
-0.014543259224889618 5.248356289350415E-4 
