-0.014879963159037292 6.763246056511912E-4 
-0.006445029456427079 4.632304135008797E-5 
-0.014879963159037292 6.763246056511912E-4 
-0.014568415105368382 5.321793444959789E-4 
-0.014569328206370602 6.109632270568746E-4 
-0.014613522185354022 6.587577159321361E-4 
-0.014611455451026508 6.167590195529576E-4 
-0.008668025844552963 7.286798428101118E-5 
-0.008961747487808204 7.59407280041027E-5 
-0.011665233593853117 1.9432172782348107E-4 
-0.007184540842951117 4.9114570573030694E-5 
-0.013153360751892563 3.051911922286252E-4 
-0.014372503363937 4.919515296944904E-4 
-0.00931127275879976 8.418730983362078E-5 
-0.011171583454128529 1.6705685950113667E-4 
-0.007466940621722901 5.02105365965591E-5 
-0.010977312151782955 1.5472134464365647E-4 
-0.012152858910540569 2.24393644132873E-4 
-0.011834047120690382 2.0455450960185783E-4 
-0.013001685555783094 2.917640171965846E-4 
-0.012272634453967169 2.3524068652101487E-4 
-0.01331464232314329 3.2689079835093076E-4 
-0.012750842412553273 2.6928303525597527E-4 
-0.009940547714684033 1.0388509350150625E-4 
-0.006809029709252033 4.751096372048E-5 
-0.014135114467479984 4.7979754001840035E-4 
-0.01359592261171058 3.649437489841521E-4 
-0.013476601756682317 3.5030180819751794E-4 
-0.013793187131846072 3.996255728402504E-4 
-0.010590770633989804 1.3335778167232966E-4 
-0.012500012010625929 2.500062319870542E-4 
-0.00816320119701262 6.152454298504898E-5 
-0.013973222855979314 4.35446521096592E-4 
-0.008500125191327701 6.832165507877458E-5 
-0.014780767242335966 6.696090334213533E-4 
-0.012858558684878523 2.775934745541351E-4 
-0.013536404268555915 3.5541742003784903E-4 
-0.013728382738972878 3.778705958792471E-4 
-0.014711636415305778 6.650519154882734E-4 
-0.013897908874616467 4.1997765143769923E-4 
-0.013646677072285554 3.7341079134611376E-4 
-0.010707954739734222 1.379164095565418E-4 
-0.009767277968767474 9.859723580313454E-5 
-0.010843546229641746 1.4745756060451708E-4 
-0.014447643088827905 5.027785436677769E-4 
-0.00726712434025351 4.979983211858747E-5 
-0.012661855853127676 2.625957802863234E-4 
-0.009099133065326595 7.880338883885544E-5 
-0.009163033586313402 8.215200993775492E-5 
-0.013952899649421388 4.3120372459675403E-4 
-0.014090394131573248 4.6696368741087473E-4 
-0.007661909486753543 5.3105853739688076E-5 
-0.014079850787046889 4.631435052308529E-4 
-0.009516669325393336 8.95173927251717E-5 
-0.013855391138199046 4.1155228055778483E-4 
-0.010191551135324689 1.137918027339392E-4 
-0.011559462749827778 1.8713386266861132E-4 
-0.013379216655795258 3.4131097397201973E-4 
-0.01077597766169493 1.4211986783734082E-4 
-0.012328703743851827 2.4193621087883216E-4 
-0.014036910707291435 4.4907070283016905E-4 
-0.013369225326594625 3.386067658966499E-4 
-0.011518560078942171 1.8553629321599611E-4 
-0.012043836800088803 2.2064211640648117E-4 
-0.010095307239847199 1.0940965191648828E-4 
-0.007851790975097049 5.5660676905762215E-5 
-0.01448673717636019 5.106763636198405E-4 
-0.013740679315980438 3.899275688438185E-4 
-0.010514835483590577 1.2745372344135438E-4 
-0.011869390808925687 2.1015271190242955E-4 
-0.008420830127755073 6.74050531036402E-5 
-0.014040968403054105 4.499555979010795E-4 
-0.010937417092398026 1.524264384454112E-4 
-0.010033651424584136 1.0734746203054443E-4 
-0.013259671702827323 3.163482404677047E-4 
-0.00831443125340374 6.471139718165512E-5 
-0.011965951924972042 2.1224157465548965E-4 
-0.00799308526534857 5.814092147947525E-5 
-0.012590221928317014 2.573370011428813E-4 
-0.009663174659345856 9.358843456089336E-5 
-0.006809029709252033 4.751096372048E-5 
-0.010387909833786086 1.221262978773929E-4 
-0.014526570921330662 5.203179584796491E-4 
-0.014232360699604181 4.843724367592056E-4 
-0.011313949183328974 1.7464390116476528E-4 
-0.014534874840067913 5.225305956372329E-4 
-0.011246716457569937 1.6751706360720845E-4 
-0.014232360699604181 4.843724367592056E-4 
-0.010462022156648827 1.254263294283747E-4 
-0.006616233248630048 4.726064314067266E-5 
-0.011416316063011618 1.7864322955855438E-4 
-0.008256659254595851 6.287345790077262E-5 
-0.014879963159037288 6.763246056511907E-4 
-0.00644641668228669 4.632869152841463E-5 
-0.013758604261209218 3.9320020329866156E-4 
-0.006616233248630046 4.726064314067265E-5 
-0.012956126644564133 2.89191973882927E-4 
-0.007748515307533784 5.533882244435754E-5 
-0.013214916435199392 3.112186537429189E-4 
-0.007962439572931489 5.7321876953997676E-5 
