-0.014879963159037292 6.763246056511912E-4 
-0.008349337233798094 6.67886794897275E-5 
-0.014569451764444291 6.559967794633429E-4 
-0.014568850302506335 5.323120386583983E-4 
-0.014053400537752446 4.5267935520238746E-4 
-0.013969049078845953 4.34571041869932E-4 
-0.008504411570171962 6.848020227100723E-5 
-0.012516480423706094 2.5127725744040195E-4 
-0.013473185907171571 3.5228980297253383E-4 
-0.010268943182832165 1.1780733481192655E-4 
-0.00868415945974473 7.100364362446721E-5 
-0.01081067981098342 1.4406322769077018E-4 
-0.013353519486567626 3.3510817761499647E-4 
-0.009387712941680702 8.6065801626279E-5 
-0.011371550697586427 1.7466231590714437E-4 
-0.009171128122339644 8.277174227336157E-5 
-0.01469139390133736 6.63736654786259E-4 
-0.013153274174216788 3.036163809568744E-4 
-0.012028773431168184 2.2013362503291568E-4 
-0.012675125357441613 2.662436618103963E-4 
-0.010176384715539888 1.1214871267869308E-4 
-0.009522165188595803 9.015756444469092E-5 
-0.011428749512268356 1.8346411165057886E-4 
-0.009318950120503931 8.370548323006501E-5 
-0.01103843392289159 1.5591560685116222E-4 
-0.013083071857274042 2.988769184548113E-4 
-0.013628092604612922 3.702737771912149E-4 
-0.011201292622425278 1.6595930072910414E-4 
-0.013659114593536715 3.755338912922997E-4 
-0.010544614292563769 1.3036056366498436E-4 
-0.013286607516186814 3.2135656502775E-4 
-0.012121304741375478 2.2543761651073487E-4 
-0.009684362701714123 9.430533553537044E-5 
-0.014111942877372104 4.657603614726414E-4 
-0.012919099164442307 2.861123002885586E-4 
-0.012397257668197355 2.436637637894448E-4 
-0.010610043055118765 1.3482141190017285E-4 
-0.012578410877140634 2.564714246819026E-4 
-0.014522185855329597 5.191777436312856E-4 
-0.013021680929026 2.9282296614150034E-4 
-0.009759244480267878 9.735664914661112E-5 
-0.011564228919509388 1.8950213851987128E-4 
-0.013872551907315359 4.149261797894954E-4 
-0.011956446392366153 2.1641032209545233E-4 
-0.014772598847025592 6.690653056839736E-4 
-0.010080885619769813 1.1105834915319651E-4 
-0.010459085075279206 1.2686467304086205E-4 
-0.00958789710431404 9.157941970897572E-5 
-0.013403736452235249 3.466559862855662E-4 
-0.009030639447032668 7.77278697513371E-5 
-0.011278526321746156 1.7211366171149002E-4 
-0.01432656327923134 4.881526987695351E-4 
-0.010372153552094034 1.206905663517106E-4 
-0.011509227084678518 1.854477490147542E-4 
-0.01092337246957045 1.4983782928907445E-4 
-0.012245805104311999 2.3096049802608E-4 
-0.010697326071379507 1.374090713967977E-4 
-0.013914913077317072 4.2340933286714316E-4 
-0.0090978431625931 7.923036904859726E-5 
-0.012295770305522466 2.3563775201526017E-4 
-0.011914273684848748 2.107849330891057E-4 
-0.010005574546025256 1.0548349400672034E-4 
-0.013559088992840198 3.5899699766628324E-4 
-0.013570984897837573 3.6089937624079007E-4 
-0.009860496209573508 1.0411322082592428E-4 
-0.013777084332371852 3.9661547198895856E-4 
-0.013823512355711299 4.053806698509633E-4 
-0.014851618436716856 6.743844301521284E-4 
-0.010724932192166765 1.42430438504659E-4 
-0.012171310392885486 2.286253874140031E-4 
-0.011645341092801732 1.931772946091364E-4 
-0.008937775093044279 7.5315081151601E-5 
-0.013279915966931906 3.2008410183621263E-4 
-0.010945355626280892 1.5014797538982977E-4 
-0.01375246299406996 3.808489967575573E-4 
-0.014156749227534534 4.749239092473567E-4 
-0.014243090104916352 4.827869771620568E-4 
-0.013224467198209822 3.1025894507862066E-4 
-0.012969333887682389 2.887287336710028E-4 
-0.01393428728210034 4.273625615048006E-4 
-0.009843500110213526 1.0006992399984839E-4 
-0.008349337233798097 6.678867948972753E-5 
-0.012723044260077964 2.6727443421672146E-4 
-0.014460498611998511 5.052045736658622E-4 
-0.012858558684878523 2.7759347455413505E-4 
-0.012783937869003259 2.718112522502186E-4 
-0.012343223279884307 2.3997284540115273E-4 
-0.010394996297202742 1.247302524005206E-4 
-0.013832079376345303 4.109729369155196E-4 
-0.01375472715275269 3.8335800362253975E-4 
-0.01173449663507638 1.9805359869058846E-4 
-0.011103008246696074 1.5861517849335E-4 
-0.011219134191165672 1.7004431501303936E-4 
-0.014121120510981102 4.678491970685132E-4 
-0.013784498006140828 3.979973592660353E-4 
-0.014728384082375623 6.66146648520491E-4 
-0.010022061843736321 1.06868018928106E-4 
-0.014200526082093476 4.7712375265318346E-4 
-0.011103008246696074 1.5861517849335E-4 
-0.013224467198209822 3.1025894507862066E-4 
