0.2999999999999998 0.0 0.0 0.0 0.0 0.0 0.0 0.35 0.35 0.0 0.0 
0.2999999999999998 0.0 0.0 0.0 0.0 0.0 0.0 0.35 0.35 0.0 0.0 
0.19382438382372677 0.0 0.0 0.21569420043575918 0.2752090694448803 0.11097523103152032 0.0 0.10328273490679765 0.10101438035731569 0.0 0.0 
0.19942470209470442 0.0 0.0 0.10057529790529557 0.0 0.0 0.0 0.35 0.35 0.0 0.0 
0.35 0.0 0.0 0.0 0.0 0.0 0.0 0.35 0.29999999999999993 0.0 0.0 
0.3105632043057371 0.0 0.0 0.0 0.0 0.0 0.0 0.35 0.33943679569426294 0.0 0.0 
0.14929303965448912 0.0 0.0 0.24789757966821424 0.10248021603566808 0.0 0.0 0.35 0.15032916464162854 0.0 0.0 
0.3435351331547841 0.0 0.0 0.0 0.0 0.0 0.0 0.3472206336091547 0.30924423323606115 0.0 0.0 
0.18091422010178537 0.0 0.0 0.24328748765784183 0.15625041770228482 0.100478919951344 0.0 0.20656714545429208 0.11250180913245186 0.0 0.0 
0.19526153645564015 0.0 0.0 0.2187947405629597 0.22821231763888467 0.10082507541173892 0.0 0.14366658340385227 0.1132397465269241 0.0 0.0 
0.1661188174574576 0.0 0.0 0.1984763336551371 0.0 0.0 0.0 0.34978924930161964 0.28561559958578564 0.0 0.0 
0.16611859400585516 0.0 0.0 0.25805402397549454 0.0 0.0 0.0 0.35 0.22582738201865024 0.0 0.0 
0.1984413770827728 0.0 0.0 0.2221241392861233 0.23377925838132654 0.10231780749397443 0.0 0.14187316938388403 0.10146424837191904 0.0 0.0 
0.1875648909134324 0.0 0.0 0.21488797886058358 0.1972786060476016 0.10242722286499617 0.0 0.18472669181345733 0.11311460949992883 0.0 0.0 
0.183239015074416 0.0 0.0 0.25241995913829796 0.1654627297376728 0.10177010031199679 0.0 0.18939328810970849 0.10771490762790809 0.0 0.0 
0.16840939487026974 0.0 0.0 0.2717863647352103 0.10141014126835232 0.0 0.0 0.3269258783439612 0.13146822078220646 0.0 0.0 
0.13729033729832457 0.0 0.0 0.26942999826350095 0.19775917971712875 0.0 0.0 0.2852110902538565 0.11030939446718929 0.0 0.0 
0.18435624333692774 0.0 0.0 0.24233479156182333 0.188169073333096 0.1004442767166185 0.0 0.18092254976109806 0.10377306529043641 0.0 0.0 
0.2063427537047832 0.0 0.0 0.12924507483235392 0.0 0.0 0.0 0.347789122446007 0.31662304901685573 0.0 0.0 
0.19295148888490876 0.0 0.0 0.2870141133972328 0.0 0.0 0.0 0.35 0.17003439771785842 0.0 0.0 
0.17184322809882202 0.0 0.0 0.27156856648417554 0.0 0.0 0.0 0.35 0.20658820541700246 0.0 0.0 
0.211210954516383 0.0 0.0 0.1299546346297312 0.0 0.0 0.0 0.3496984963975708 0.3091359144563151 0.0 0.0 
0.19348951783275806 0.0 0.0 0.22765085003635088 0.21588074031475282 0.10012954707324852 0.0 0.16046210636479516 0.10238723837809463 0.0 0.0 
0.17884230739876036 0.0 0.0 0.30833812712544223 0.0 0.0 0.0 0.35 0.16281956547579748 0.0 0.0 
0.1909289829982544 0.0 0.0 0.2479381853619242 0.0 0.0 0.0 0.35 0.21113283163982136 0.0 0.0 
0.20467172766911945 0.0 0.0 0.1018386903264425 0.0 0.0 0.0 0.35 0.34348958200443813 0.0 0.0 
0.19446222407202673 0.0 0.0 0.11952002934638392 0.0 0.0 0.0 0.35 0.3360177465815895 0.0 0.0 
0.19502721075690047 0.0 0.0 0.2270931613839044 0.20929422864844383 0.10082582839779441 0.0 0.16156955767687506 0.10619001313608185 0.0 0.0 
0.1521130329431997 0.0 0.0 0.29764465917700256 0.10812036972592758 0.0 0.0 0.31264704870085885 0.12947488945301133 0.0 0.0 
0.18043292444907874 0.0 0.0 0.15358643193624483 0.0 0.0 0.0 0.3476818237943017 0.3182988198203748 0.0 0.0 
0.18797472780037783 0.0 0.0 0.2275999558650027 0.2419436300701777 0.10388293051435332 0.0 0.13360384006001755 0.10499491569007105 0.0 0.0 
0.16990356515987762 0.0 0.0 0.21813241078826143 0.0 0.0 0.0 0.35 0.26196402405186103 0.0 0.0 
0.1642575632922329 0.0 0.0 0.32249460862327844 0.0 0.0 0.0 0.35 0.16324782808448876 0.0 0.0 
0.1453239122337172 0.0 0.0 0.2726610650382339 0.20160405488978345 0.0 0.0 0.2752780091155819 0.10513295872268348 0.0 0.0 
0.1412157942441958 0.0 0.0 0.26293188935319023 0.19286905637114457 0.0 0.0 0.2915215527897074 0.11146170724176196 0.0 0.0 
0.16856659027007834 0.0 0.0 0.3321203827636599 0.0 0.0 0.0 0.35 0.14931302696626175 0.0 0.0 
0.19816061821238723 0.0 0.0 0.2502810601275461 0.0 0.0 0.0 0.3477656232396401 0.20379269842042655 0.0 0.0 
0.1593813355663103 0.0 0.0 0.17458228939172488 0.0 0.0 0.0 0.35 0.31603637504196497 0.0 0.0 
0.14910034741139783 0.0 0.0 0.2556678344580962 0.10365433603176023 0.0 0.0 0.34581789595692014 0.1457595861418256 0.0 0.0 
0.1847933614492991 0.0 0.0 0.13098627098437635 0.0 0.0 0.0 0.35 0.3342203675663246 0.0 0.0 
0.17582011354639618 0.0 0.0 0.16733994435684477 0.0 0.0 0.0 0.35 0.30683994209675913 0.0 0.0 
0.17426786021093568 0.0 0.0 0.18569683403749457 0.0 0.0 0.0 0.3486162693369453 0.2914190364146246 0.0 0.0 
0.17114942931909904 0.0 0.0 0.2365296184149634 0.0 0.0 0.0 0.35 0.24232095226593767 0.0 0.0 
0.16873196407072585 0.0 0.0 0.13126803592927416 0.0 0.0 0.0 0.35 0.35 0.0 0.0 
0.16887147215539577 0.0 0.0 0.3414794683517095 0.0 0.0 0.0 0.3417069517259221 0.1479421077669726 0.0 0.0 
0.20228747083912657 0.0 0.0 0.2324352593952827 0.14324547799713414 0.10184613901847737 0.0 0.21100281542440838 0.10918283732557067 0.0 0.0 
0.20013269402591993 0.0 0.0 0.23232473278049734 0.1937817739276631 0.10299728418715327 0.0 0.16627417189148788 0.10448934318727839 0.0 0.0 
0.18906377672240016 0.0 0.0 0.23371183737439366 0.0 0.0 0.0 0.34611343439705794 0.2311109515061481 0.0 0.0 
0.14483977884147575 0.0 0.0 0.26626910946292054 0.10301993240133647 0.0 0.0 0.3427923579075643 0.14307882138670308 0.0 0.0 
0.18933464638810962 0.0 0.0 0.2340466738425919 0.0 0.0 0.0 0.3451766180565231 0.2314420617127753 0.0 0.0 
0.18529037459736253 0.0 0.0 0.13419182128947313 0.0 0.0 0.0 0.35 0.33051780411316434 0.0 0.0 
0.1660358774414086 0.0 0.0 0.2847078089675179 0.0 0.0 0.0 0.35 0.19925631359107357 0.0 0.0 
0.1860334283057965 0.0 0.0 0.21947937774932247 0.2610226437131013 0.10017755399327731 0.0 0.132220419771952 0.10106657646655047 0.0 0.0 
0.1981383511444751 0.0 0.0 0.18907972360562622 0.0 0.0 0.0 0.35 0.26278192524989874 0.0 0.0 
0.144663057883193 0.0 0.0 0.28521444914321614 0.13830828183046295 0.0 0.0 0.30233204208638537 0.1294821690567427 0.0 0.0 
0.19105202116062153 0.0 0.0 0.2495778042195431 0.15695103038825262 0.10016300245887272 0.0 0.19867503013806656 0.10358111163464344 0.0 0.0 
0.17808435253949922 0.0 0.0 0.1219156474605008 0.0 0.0 0.0 0.35 0.35 0.0 0.0 
0.1936035532838548 0.0 0.0 0.23955578860887683 0.1590471380000821 0.10150069633293253 0.0 0.20132836883818653 0.10496445493606714 0.0 0.0 
0.19768367612668447 0.0 0.0 0.11982589661109216 0.0 0.0 0.0 0.35 0.3324904272622234 0.0 0.0 
0.1343495211551033 0.0 0.0 0.2849976218174328 0.10375566731337532 0.0 0.0 0.349685038969056 0.12721215074503237 0.0 0.0 
0.14924052844047195 0.0 0.0 0.29403087019121654 0.14232460262723018 0.0 0.0 0.2925188655923206 0.12188513314876076 0.0 0.0 
0.1465340699639115 0.0 0.0 0.2893621479007166 0.15821921732514366 0.0 0.0 0.2862792518933328 0.1196053129168954 0.0 0.0 
0.17770692308386096 0.0 0.0 0.3485774862966746 0.0 0.0 0.0 0.35 0.12371559061946444 0.0 0.0 
0.17135160794132204 0.0 0.0 0.17344534667988576 0.0 0.0 0.0 0.35 0.30520304537879217 0.0 0.0 
0.14253152787149542 0.0 0.0 0.28081292399373725 0.13617386198361883 0.0 0.0 0.29766635249480256 0.14281533365634608 0.0 0.0 
0.15125218401407717 0.0 0.0 0.3112901531753814 0.0 0.0 0.0 0.35 0.18745766281054152 0.0 0.0 
0.1605899309565894 0.0 0.0 0.2522667872029045 0.1480322748388494 0.0 0.0 0.3119960924523349 0.12711491454932172 0.0 0.0 
0.1985851104942514 0.0 0.0 0.23052821506408752 0.1922833007095435 0.10220082810789828 0.0 0.16498840910588441 0.1114141365183349 0.0 0.0 
0.18856144025474098 0.0 0.0 0.23842731066708436 0.1364115248887273 0.10226587237480003 0.0 0.2061944977773411 0.12813935403730628 0.0 0.0 
0.14215570631225574 0.0 0.0 0.27937838626411604 0.1656443544869412 0.0 0.0 0.2989872075244626 0.11383434541222437 0.0 0.0 
0.21808521037151068 0.0 0.0 0.11769890876840389 0.0 0.0 0.0 0.35 0.31421588086008545 0.0 0.0 
0.1406369556840584 0.0 0.0 0.24147149924795136 0.10003059783430576 0.0 0.0 0.34450089539717427 0.17336005183651015 0.0 0.0 
0.22840666791762196 0.0 0.0 0.19810226471694925 0.0 0.0 0.0 0.35 0.22349106736542898 0.0 0.0 
0.14732958922639536 0.0 0.0 0.290265973846578 0.14075790422668066 0.0 0.0 0.30768674197555657 0.1139597907247895 0.0 0.0 
0.1812835667395007 0.0 0.0 0.28365179376958394 0.0 0.0 0.0 0.35 0.18506463949091537 0.0 0.0 
0.19926272531248926 0.0 0.0 0.10119520960728545 0.0 0.0 0.0 0.34971572291105446 0.3498263421691708 0.0 0.0 
0.18618374020876366 0.0 0.0 0.21365136048765462 0.26124072428761347 0.10026125086423573 0.0 0.132330887985345 0.10633203616638744 0.0 0.0 
0.21035704344454254 0.0 0.0 0.19763710105717766 0.0 0.0 0.0 0.3491110422826702 0.24289481321560977 0.0 0.0 
0.16990356515987762 0.0 0.0 0.21813241078826143 0.0 0.0 0.0 0.35 0.26196402405186103 0.0 0.0 
0.13592844654087358 0.0 0.0 0.2657457823964684 0.19437710535137961 0.0 0.0 0.2812923538273369 0.12265631188394156 0.0 0.0 
0.1406369556840584 0.0 0.0 0.24147149924795136 0.10003059783430576 0.0 0.0 0.34450089539717427 0.17336005183651015 0.0 0.0 
0.1951917808744904 0.0 0.0 0.2179279336879065 0.26380587015776735 0.11293580563455177 0.0 0.10642811972658799 0.10371048991869591 0.0 0.0 
0.19789590020561934 0.0 0.0 0.2063974569932737 0.2695426257775061 0.10454100942662631 0.0 0.11947375883728979 0.10214924875968476 0.0 0.0 
0.17072925150204982 0.0 0.0 0.334842635449355 0.0 0.0 0.0 0.35 0.14442811304859515 0.0 0.0 
0.13445978740745626 0.0 0.0 0.2844107895608846 0.10384082391457987 0.0 0.0 0.3499720400571098 0.1273165590599695 0.0 0.0 
0.1981383511444751 0.0 0.0 0.18907972360562622 0.0 0.0 0.0 0.35 0.26278192524989874 0.0 0.0 
0.1570697257315627 0.0 0.0 0.288302419013726 0.10567075789938313 0.0 0.0 0.32746328767624644 0.12149380967908173 0.0 0.0 
0.16383323745552567 0.0 0.0 0.2568616907764917 0.11974380480715462 0.0 0.0 0.32056516782807487 0.13899609913275315 0.0 0.0 
0.1897300568347723 0.0 0.0 0.23370743543463424 0.13725694041735795 0.10289966894459236 0.0 0.2074723958910185 0.1289335024776247 0.0 0.0 
0.17177289443395943 0.0 0.0 0.22299681050915948 0.0 0.0 0.0 0.35 0.2552302950568811 0.0 0.0 
0.14574025445937666 0.0 0.0 0.27437058122003205 0.20218163554822174 0.0 0.0 0.2734619162389639 0.10424561253340574 0.0 0.0 
0.17713715714734862 0.0 0.0 0.35 0.0 0.0 0.0 0.33943925988375984 0.1334235829688915 0.0 0.0 
0.1792876442495689 0.0 0.0 0.2816385668180039 0.0 0.0 0.0 0.35 0.18907378893242732 0.0 0.0 
0.17796230934555946 0.0 0.0 0.2307948992171366 0.0 0.0 0.0 0.35 0.2412427914373039 0.0 0.0 
0.19604308503950052 0.0 0.0 0.18708025033999903 0.0 0.0 0.0 0.34575948011135954 0.271117184509141 0.0 0.0 
0.15084280629765948 0.0 0.0 0.29242720644650727 0.1442766407501818 0.0 0.0 0.28931165496976863 0.1231416915358827 0.0 0.0 
0.16878666619946311 0.0 0.0 0.18200722070164843 0.0 0.0 0.0 0.35 0.2992061130988885 0.0 0.0 
0.19341245955130026 0.0 0.0 0.20778751095949843 0.2709336224585181 0.10509969584651518 0.0 0.12009031290376193 0.10267639828040612 0.0 0.0 
0.20228747083912663 0.0 0.0 0.23243525939528276 0.14324547799713416 0.1018461390184774 0.0 0.21100281542440844 0.1091828373255707 0.0 0.0 
0.18384776537504505 0.0 0.0 0.19087223066095133 0.0 0.0 0.0 0.35 0.27528000396400376 0.0 0.0 
