-0.01611301372473826 3.490790714687223E-4 
-0.008315967395697144 3.316528882973821E-5 
-0.01611301372473826 3.490790714687223E-4 
-0.012094291167570912 5.264293276473725E-5 
-0.01604958067699564 3.3702417383650097E-4 
-0.012592611886427095 5.751546215362216E-5 
-0.01052263759140583 4.365698898372886E-5 
-0.015418356279760435 2.3505263361430577E-4 
-0.010870908091681876 4.606427979562191E-5 
-0.010328387097375482 4.2522767915583177E-5 
-0.0143426474447467 1.3825997282115654E-4 
-0.015465859496342244 2.425281335269078E-4 
-0.01564780256623945 2.805810217555428E-4 
-0.014683677992891133 1.781684431925741E-4 
-0.015730995023225215 3.0414784725523955E-4 
-0.01570158335738175 2.949745239789436E-4 
-0.009482854679223232 3.5951002763191716E-5 
-0.014484111470349868 1.5553952676384189E-4 
-0.008423451681295643 3.337596383606537E-5 
-0.01609577894997126 3.4563938425832965E-4 
-0.013191078507994423 7.334458767808643E-5 
-0.008993346795054997 3.449420778164465E-5 
-0.009294130630007601 3.516060173434246E-5 
-0.012256972704588823 5.3844365200665785E-5 
-0.01464842821487141 1.7318697162719643E-4 
-0.014117640956056797 1.1509595662462493E-4 
-0.016011734670628906 3.306231445832298E-4 
-0.01332541175692813 7.55169589950102E-5 
-0.011859285497957048 5.090920882461364E-5 
-0.015984397596147608 3.2636738121268527E-4 
-0.014861950625741766 1.8496036633547353E-4 
-0.00916379685210982 3.466959590278559E-5 
-0.01591398094454925 3.168261097570934E-4 
-0.011379135168720664 4.8857246202427664E-5 
-0.015863264243700534 3.1122237176362124E-4 
-0.015942934130256246 3.205013630305667E-4 
-0.014435772060545143 1.500889219533525E-4 
-0.011609975387519013 4.8922551349895335E-5 
-0.00866679035878324 3.364776949167109E-5 
-0.015618660845328078 2.762266937500939E-4 
-0.015065639292920367 1.9800987444944755E-4 
-0.013565920639424935 8.457850376804857E-5 
-0.012730005361800856 5.890988096510938E-5 
-0.014998905423450823 1.958456086269811E-4 
-0.010085633373054714 3.941616441176171E-5 
-0.015468745797821037 2.487822873382575E-4 
-0.014766827995063002 1.8395278323406352E-4 
-0.015210646455033082 2.1613627403274432E-4 
-0.015519531751449687 2.545039837668188E-4 
-0.014412421026632514 1.454787350140573E-4 
-0.015724916490338248 3.014019737869045E-4 
-0.014148045936194665 1.2061922873791604E-4 
-0.015561874783205832 2.696489650394657E-4 
-0.013595019693102704 8.927852412348193E-5 
-0.012379079186118776 5.531178046066856E-5 
-0.015332936007356022 2.2739515226653762E-4 
-0.009629855279469388 3.664300092154907E-5 
-0.015310475800221096 2.2105257037445802E-4 
-0.013381120300219946 7.87275860920051E-5 
-0.00982515540620852 3.7805543363666515E-5 
-0.013015343193107442 6.64191478009807E-5 
-0.011325905545800624 4.796837168142549E-5 
-0.013969773992973394 1.0817352935424168E-4 
-0.01427018728692276 1.2653937819489156E-4 
-0.015091346622331664 2.0399367613461617E-4 
-0.011817813337447513 5.080158870221015E-5 
-0.01452221310233922 1.6293557355891213E-4 
-0.014963048408498936 1.9074720442575978E-4 
-0.014301039653517601 1.3394175299448049E-4 
-0.01555335943553288 2.609415733445795E-4 
-0.009706260190435754 3.700339785589153E-5 
-0.01052226850153895 4.36506977108079E-5 
-0.014503803385879508 1.622227438826386E-4 
-0.01556610980688541 2.718840913736824E-4 
-0.010163348769474318 4.171823673077374E-5 
-0.01281247868743066 6.359677269710185E-5 
-0.013472598520071955 8.2682474359662E-5 
-0.013686557557577458 8.987397351107015E-5 
-0.01570158335738175 2.949745239789436E-4 
-0.014017851531705223 1.1247364311063409E-4 
-0.012919168569389761 6.455845999602787E-5 
-0.012811629586183928 6.014748807291178E-5 
-0.015560626926917401 2.619213299118228E-4 
-0.014579261146950238 1.6842397541787544E-4 
-0.009931191172361395 3.8638676363863244E-5 
-0.011172337307563812 4.696510417700974E-5 
-0.015505400580322907 2.520340669395729E-4 
-0.013437317983402097 8.107063385519845E-5 
-0.015863264243700537 3.1122237176362135E-4 
-0.015210030216579597 2.1411445131332162E-4 
-0.015381319246215368 2.294329248888234E-4 
-0.015142823213700491 2.0416925858016857E-4 
-0.014580481708699812 1.6857836636382525E-4 
-0.011656690684402027 4.98546367244706E-5 
-0.015199930198020952 2.0896195624847626E-4 
-0.015319286753428436 2.2183154456940942E-4 
-0.014963048408498936 1.9074720442575978E-4 
-0.011186110430683112 4.699934776501276E-5 
-0.008828717838128289 3.396479704174416E-5 
-0.012379079186118776 5.531178046066856E-5 
