0.0 0.30000000000000027 0.0 0.0 0.0 0.0 0.0 0.35 0.35 0.0 0.0 
0.0 0.17984103399695853 0.0 0.0 0.3316661095599459 0.0 0.10046040891523071 0.2477240827784658 0.14030836474939906 0.0 0.0 
0.0 0.30000000000000027 0.0 0.0 0.0 0.0 0.0 0.35 0.35 0.0 0.0 
0.0 0.17984103399695853 0.0 0.0 0.3316661095599459 0.0 0.10046040891523071 0.2477240827784658 0.14030836474939906 0.0 0.0 
0.0 0.2414340362272885 0.0 0.0 0.10937997668064144 0.0 0.10399339311030045 0.35 0.1951925939817696 0.0 0.0 
0.0 0.2355712730939098 0.0 0.0 0.11287361259535762 0.0 0.11331710809784153 0.34866106828073495 0.18957693793215616 0.0 0.0 
0.0 0.24498092893401474 0.0 0.0 0.13630376333253288 0.0 0.0 0.35 0.26871530773345226 0.0 0.0 
0.0 0.2526560892071411 0.0 0.0 0.13745153260627122 0.0 0.0 0.35 0.2598923781865875 0.0 0.0 
0.0 0.2534811789248734 0.0 0.0 0.126803328264333 0.0 0.10109184763861415 0.3480538788574597 0.1705697663147197 0.0 0.0 
0.0 0.3140576199124546 0.0 0.0 0.0 0.0 0.17537588883576866 0.35 0.16056649125177674 0.0 0.0 
0.0 0.1772898713806538 0.0 0.0 0.30455550692637584 0.0 0.10208258131754254 0.27598580352471785 0.14008623685070987 0.0 0.0 
0.0 0.3122146636764145 0.0 0.0 0.0 0.0 0.0 0.35 0.33778533632358554 0.0 0.0 
0.0 0.25740951102900145 0.0 0.0 0.0 0.0 0.1110302817743999 0.35 0.28156020719659874 0.0 0.0 
0.0 0.2388308258272016 0.0 0.0 0.0 0.0 0.10366531741884698 0.35 0.3075038567539514 0.0 0.0 
0.0 0.2845923788834921 0.0 0.0 0.0 0.0 0.11834158650462448 0.35 0.24706603461188353 0.0 0.0 
0.0 0.24805751028354983 0.0 0.0 0.0 0.0 0.10131316323643749 0.34992599902459076 0.3007033274554221 0.0 0.0 
0.0 0.3425252657788769 0.0 0.0 0.0 0.0 0.0 0.35 0.30747473422112315 0.0 0.0 
0.0 0.19956626667985772 0.0 0.0 0.22821976063114888 0.0 0.10064229069672286 0.35 0.1215716819922706 0.0 0.0 
0.0 0.1954140645535195 0.0 0.0 0.2679764292384232 0.0 0.10095968949734063 0.30407861711401624 0.13157119959670047 0.0 0.0 
0.0 0.2454511817546775 0.0 0.0 0.10096082868514496 0.0 0.10282150242007024 0.3499477522831779 0.20081873485692947 0.0 0.0 
0.0 0.35 0.0 0.0 0.0 0.0 0.0 0.35 0.2999999999999999 0.0 0.0 
0.0 0.19594600294016856 0.0 0.0 0.21662569439461893 0.0 0.10178162805293761 0.35 0.1356466746122748 0.0 0.0 
0.0 0.31917270120202323 0.0 0.0 0.0 0.0 0.14823412390490237 0.35 0.1825931748930744 0.0 0.0 
0.0 0.248750216620678 0.0 0.0 0.14961534134072327 0.0 0.0 0.35 0.2516344420385988 0.0 0.0 
0.0 0.23878325670939707 0.0 0.0 0.15849968807979525 0.0 0.10947551673222249 0.35 0.1432415384785852 0.0 0.0 
0.0 0.23607031523070082 0.0 0.0 0.0 0.0 0.10196901016430047 0.35 0.3119606746049988 0.0 0.0 
0.0 0.25073068167542867 0.0 0.0 0.11733293137750146 0.0 0.10727231555494884 0.3486261405238083 0.17603793086831251 0.0 0.0 
0.0 0.3277119163287961 0.0 0.0 0.0 0.0 0.11840748504682268 0.35 0.2038805986243813 0.0 0.0 
0.0 0.23143444667114024 0.0 0.0 0.14275350415596655 0.0 0.10076162853733621 0.3491995400405197 0.17585088059503742 0.0 0.0 
0.0 0.3316634706576197 0.0 0.0 0.0 0.0 0.10780142605397963 0.35 0.21053510328840067 0.0 0.0 
0.0 0.23599256138872057 0.0 0.0 0.16672987797799882 0.0 0.10821236198079923 0.35 0.13906519865248151 0.0 0.0 
0.0 0.19912303047131785 0.0 0.0 0.22013801812013112 0.0 0.10346682697898894 0.35 0.127272124429562 0.0 0.0 
0.0 0.18204357304779503 0.0 0.0 0.3224971952593026 0.0 0.10092745631418439 0.25317318020415697 0.14135859517456092 0.0 0.0 
0.0 0.20316330699032742 0.0 0.0 0.23479969617137386 0.0 0.1023799485562121 0.34850538993400526 0.11115165834808143 0.0 0.0 
0.0 0.18583361350625735 0.0 0.0 0.3141280357063176 0.0 0.10013679181914724 0.27315938691394764 0.12674217205433 0.0 0.0 
0.0 0.23111788142299883 0.0 0.0 0.1831777738625897 0.0 0.10464528926067591 0.35 0.1310590554537356 0.0 0.0 
0.0 0.31994284726173927 0.0 0.0 0.0 0.0 0.0 0.35 0.3300571527382608 0.0 0.0 
0.0 0.2122074855714399 0.0 0.0 0.14992560768500218 0.0 0.11652852457171428 0.35 0.17133838217184383 0.0 0.0 
0.0 0.28293069189842596 0.0 0.0 0.0 0.0 0.12624662885618507 0.35 0.24082267924538903 0.0 0.0 
0.0 0.21039070620300923 0.0 0.0 0.0 0.0 0.10582562813365042 0.35 0.33378366566334033 0.0 0.0 
0.0 0.19948304924213173 0.0 0.0 0.24799715063580327 0.0 0.10052535874609538 0.3421922929452185 0.1098021484307511 0.0 0.0 
0.0 0.21269230680529694 0.0 0.0 0.0 0.0 0.10553755463786496 0.3490472466329463 0.3327228919238919 0.0 0.0 
0.0 0.30928637006697884 0.0 0.0 0.0 0.0 0.16861334802881542 0.35 0.17210028190420573 0.0 0.0 
0.0 0.27167000677709496 0.0 0.0 0.0 0.0 0.11654869180761979 0.35 0.26178130141528533 0.0 0.0 
0.0 0.21432122630651443 0.0 0.0 0.10266882549389597 0.0 0.10317437120432262 0.35 0.22983557699526705 0.0 0.0 
0.0 0.24086254283619657 0.0 0.0 0.14869924755183064 0.0 0.10719719423502 0.35 0.15324101537695273 0.0 0.0 
0.0 0.23314313130983322 0.0 0.0 0.10016971082203285 0.0 0.1005632909973564 0.35 0.21612386687077764 0.0 0.0 
0.0 0.3228961722210813 0.0 0.0 0.0 0.0 0.0 0.35 0.32710382777891867 0.0 0.0 
0.0 0.33157376241095465 0.0 0.0 0.0 0.0 0.0 0.349636663549061 0.3187895740399843 0.0 0.0 
0.0 0.30971280242052274 0.0 0.0 0.0 0.0 0.1616774161358952 0.35 0.17860978144358208 0.0 0.0 
0.0 0.2549786353397275 0.0 0.0 0.1422777830660303 0.0 0.0 0.35 0.2527435815942422 0.0 0.0 
0.0 0.1851783026813517 0.0 0.0 0.2812230189625837 0.0 0.10150354414575198 0.3021462317227308 0.1299489024875817 0.0 0.0 
0.0 0.2263812730179953 0.0 0.0 0.0 0.0 0.10100418972785642 0.35 0.3226145372541482 0.0 0.0 
0.0 0.24076842265873832 0.0 0.0 0.17264440603373146 0.0 0.10137622381962239 0.3440827147693828 0.1411282327185251 0.0 0.0 
0.0 0.18056855532698948 0.0 0.0 0.31928485853535266 0.0 0.10010553025979411 0.2627612972890253 0.1372797585888384 0.0 0.0 
0.0 0.2726166290093892 0.0 0.0 0.0 0.0 0.10550975059397942 0.35 0.27187362039663143 0.0 0.0 
0.0 0.21652184483650186 0.0 0.0 0.19080689712672205 0.0 0.10675959045343793 0.35 0.13591166758333828 0.0 0.0 
0.0 0.320426554103781 0.0 0.0 0.0 0.0 0.13802953922244737 0.35 0.19154390667377164 0.0 0.0 
0.0 0.22288595930035796 0.0 0.0 0.19639632871604806 0.0 0.10519122234486866 0.35 0.12552648963872526 0.0 0.0 
0.0 0.2517560564000935 0.0 0.0 0.11781276982966613 0.0 0.10769837614340963 0.35 0.1727327976268306 0.0 0.0 
0.0 0.23196495712880935 0.0 0.0 0.14308073386577402 0.0 0.10366877445782281 0.35 0.1712855345475939 0.0 0.0 
0.0 0.2766260946227465 0.0 0.0 0.0 0.0 0.10642301732621386 0.35 0.26695088805103967 0.0 0.0 
0.0 0.2549786353397275 0.0 0.0 0.1422777830660303 0.0 0.0 0.35 0.2527435815942422 0.0 0.0 
0.0 0.25175492601799304 0.0 0.0 0.0 0.0 0.10229759888431446 0.35 0.2959474750976926 0.0 0.0 
0.0 0.17599193162051777 0.0 0.0 0.3024530274647187 0.0 0.10056256837173547 0.28194075405202623 0.13905171849100195 0.0 0.0 
0.0 0.2181781894246094 0.0 0.0 0.0 0.0 0.10477184365086263 0.34922156545036426 0.3278284014741638 0.0 0.0 
0.0 0.22235002570181642 0.0 0.0 0.15709136099677357 0.0 0.10051514362240664 0.35 0.17004346967900347 0.0 0.0 
0.0 0.1770861419199147 0.0 0.0 0.300629287883418 0.0 0.10115900228749714 0.29523086037374735 0.12589470753542292 0.0 0.0 
0.0 0.330584825337469 0.0 0.0 0.0 0.0 0.0 0.35 0.31941517466253094 0.0 0.0 
0.0 0.3055935232646409 0.0 0.0 0.0 0.0 0.0 0.35 0.344406476735359 0.0 0.0 
0.0 0.29067859249946304 0.0 0.0 0.0 0.0 0.10684111783669187 0.35 0.25248028966384506 0.0 0.0 
0.0 0.19189457160385287 0.0 0.0 0.282499929662583 0.0 0.10203034362068945 0.29176306339587704 0.13181209171699745 0.0 0.0 
0.0 0.18074978923002533 0.0 0.0 0.26655847609590555 0.0 0.10065315233524177 0.3316262553141178 0.12041232702470958 0.0 0.0 
0.0 0.19705627033650516 0.0 0.0 0.2532467256443722 0.0 0.10194638054260909 0.33668201512672286 0.11106860834979072 0.0 0.0 
0.0 0.3252482308148009 0.0 0.0 0.0 0.0 0.1235616200593093 0.35 0.20119014912588978 0.0 0.0 
0.0 0.18720237081199895 0.0 0.0 0.28250306834031913 0.0 0.10198233172045043 0.30336508782258464 0.12494714130464685 0.0 0.0 
0.0 0.25105665540994887 0.0 0.0 0.0 0.0 0.10478747747928174 0.3490292356273577 0.2951266314834118 0.0 0.0 
0.0 0.20218398374871685 0.0 0.0 0.25122636155230194 0.0 0.10494176504118187 0.3103234639079897 0.13132442574980974 0.0 0.0 
0.0 0.1804182027725712 0.0 0.0 0.2672174454432877 0.0 0.10002662233784305 0.33162772652803457 0.1207100029182636 0.0 0.0 
0.0 0.1917790850177704 0.0 0.0 0.2823299146789773 0.0 0.10137387423407188 0.29278436191392454 0.13173276415525584 0.0 0.0 
0.0 0.23271982738038463 0.0 0.0 0.0 0.0 0.10122365505736582 0.34851006399630263 0.3175464535659471 0.0 0.0 
0.0 0.2786576044366727 0.0 0.0 0.0 0.0 0.10742655800855146 0.35 0.2639158375547758 0.0 0.0 
0.0 0.22774135181262478 0.0 0.0 0.0 0.0 0.10120849096109862 0.35 0.3210501572262766 0.0 0.0 
0.0 0.19446280801962426 0.0 0.0 0.20856545276703664 0.0 0.10134553539945086 0.34977981610274256 0.14584638771114586 0.0 0.0 
0.0 0.17455848505194266 0.0 0.0 0.27898094070902973 0.0 0.10170255993265094 0.3184704657724315 0.12628754853394528 0.0 0.0 
0.0 0.19705627033650516 0.0 0.0 0.2532467256443722 0.0 0.10194638054260909 0.33668201512672286 0.11106860834979072 0.0 0.0 
0.0 0.2181781894246094 0.0 0.0 0.0 0.0 0.10477184365086263 0.34922156545036426 0.3278284014741638 0.0 0.0 
0.0 0.23784827265446423 0.0 0.0 0.17189655340027105 0.0 0.1026350046310181 0.3471032690038711 0.14051690031037548 0.0 0.0 
0.0 0.17805054856387748 0.0 0.0 0.29880603678827605 0.0 0.10249994809061246 0.284683591767762 0.13595987478947194 0.0 0.0 
0.0 0.24384568506923873 0.0 0.0 0.10030044369675586 0.0 0.10214894676094836 0.3476595373027279 0.2060453871703292 0.0 0.0 
0.0 0.176488949634017 0.0 0.0 0.31820385240116184 0.0 0.10081786110524403 0.2630037058865613 0.14148563097301575 0.0 0.0 
0.0 0.3182627014074756 0.0 0.0 0.0 0.0 0.1370974204988551 0.35 0.19463987809366928 0.0 0.0 
0.0 0.2422771345663456 0.0 0.0 0.1556924921585265 0.0 0.10400223894950186 0.3498350247772521 0.14819310954837395 0.0 0.0 
0.0 0.2906785924994631 0.0 0.0 0.0 0.0 0.10684111783669188 0.35 0.25248028966384517 0.0 0.0 
0.0 0.2323132943049036 0.0 0.0 0.103372517904194 0.0 0.10020535147866559 0.35 0.2141088363122368 0.0 0.0 
0.0 0.25860636334773107 0.0 0.0 0.0 0.0 0.10564796952777418 0.35 0.28574566712449484 0.0 0.0 
0.0 0.17171038315373083 0.0 0.0 0.27442907864078436 0.0 0.10004317766938832 0.31327429133369844 0.140543069202398 0.0 0.0 
0.0 0.3009802828164295 0.0 0.0 0.0 0.0 0.0 0.35 0.34901971718357055 0.0 0.0 
0.0 0.2888762624432508 0.0 0.0 0.0 0.0 0.12492187011518488 0.35 0.23620186744156446 0.0 0.0 
0.0 0.21452066953971824 0.0 0.0 0.10244276863743619 0.0 0.10327038330042425 0.35 0.22976617852242134 0.0 0.0 
