-0.013698792162351307 5.79052713100763E-4 
-0.0019604566931281874 1.4375844663214823E-5 
-0.013698792162351307 5.79052713100763E-4 
-0.0019604566931281874 1.4375844663214823E-5 
-0.0021410148673299025 1.9656584542515625E-5 
-0.0037667012265347136 2.0162868881003423E-5 
-0.011479645590210641 3.205192072881546E-4 
-0.007433498875078543 8.895615022940965E-5 
-0.010369631522922756 2.4261837768828375E-4 
-0.011307148260732737 3.0618464958777065E-4 
-0.010168906368132852 2.281587655700231E-4 
-0.013491698538747083 5.500388255389532E-4 
-0.008478258589587274 1.2828092318486255E-4 
-0.01329824920742717 5.255754159056065E-4 
-0.006647879674342178 7.530371447398497E-5 
-0.006307170027293501 7.473501461286206E-5 
-0.007641096629275604 9.77725001823132E-5 
-0.011052846776472905 2.85833870984088E-4 
-0.004758122131718567 3.1513181041246035E-5 
-0.0122993779288214 4.0670555503734556E-4 
-0.0044523874200272295 2.8851534598639945E-5 
-0.005719658178025365 5.493727446242186E-5 
-0.009659287915320964 1.9443090286977817E-4 
-0.0090230466547289 1.5430125377473777E-4 
-0.008564703336890191 1.404252447008476E-4 
-0.0059510091363692945 5.990619041918851E-5 
-0.004002113492345538 2.4094797401200984E-5 
-0.013226078617870313 5.17101668218856E-4 
-0.009123259196713154 1.6601838333933638E-4 
-0.011629891968149265 3.393217830553114E-4 
-0.007231499550878697 8.46564681309481E-5 
-0.011177364060555481 2.9275962110315965E-4 
-0.009807689553526646 2.0309598330331646E-4 
-0.0052173021500269545 4.0427442347232964E-5 
-0.007890304790269555 1.04401907370866E-4 
-0.006157853176771746 6.98740152276864E-5 
-0.012429739686823607 4.196544631045652E-4 
-0.005597580187333141 5.071777724365175E-5 
-0.011839518529426636 3.622342400928705E-4 
-0.008325865838206563 1.2235181874361442E-4 
-0.007099506805816908 8.091863588109099E-5 
-0.01340089582726265 5.38238572656208E-4 
-0.009455372981099507 1.8345520562907002E-4 
-0.008034450882798447 1.1097132457607684E-4 
-0.011964466533461048 3.745632080907038E-4 
-0.011750654240751803 3.5203021892096987E-4 
-0.009539589709933717 1.8990282905217268E-4 
-0.013128303552745873 5.091827920851321E-4 
-0.008738608131456448 1.409502907046357E-4 
-0.012627988546093148 4.3958034258509383E-4 
-0.010061524551035777 2.266814581485304E-4 
-0.006036860516263163 6.45351168168591E-5 
-0.011255501151226942 3.000735223515438E-4 
-0.010703983752101454 2.5946203010550876E-4 
-0.010002264394508145 2.161539661495388E-4 
-0.012060147903050517 3.8064566787433E-4 
-0.012909265996647287 4.7419194276648814E-4 
-0.004934381177102437 3.417773610640872E-5 
-0.00776737113869474 1.0061049670622658E-4 
-0.01170982826015379 3.4758474880000275E-4 
-0.011901418523738161 3.6715449750305054E-4 
-0.008867595689518247 1.4645272441267247E-4 
-0.012982361122864718 4.8336890806372217E-4 
-0.008230390463109903 1.1796782504942727E-4 
-0.00447839770038664 2.893206596421809E-5 
-0.009358579033521029 1.771796068748956E-4 
-0.013590912630569768 5.635742346429635E-4 
-0.00814117051347941 1.1371675488207233E-4 
-0.010953809309269723 2.7610770251787004E-4 
-0.013422553388452333 5.415919780691844E-4 
-0.009198886686681316 1.7035260087588737E-4 
-0.0054163396077148915 4.5814504165011767E-5 
-0.012686483374745086 4.4963401743277373E-4 
-0.006881026054077305 7.634694018819674E-5 
-0.008929545308265743 1.4976311810162085E-4 
-0.012157913366033125 3.990916572468164E-4 
-0.003824093671339749 2.0940874665164772E-5 
-0.012502708117595624 4.3200758178932623E-4 
-0.006920969701095859 7.757932757636872E-5 
-0.013076226934324949 5.006402636975585E-4 
-0.01304018393992416 4.903765736307301E-4 
-0.013590912630569768 5.635742346429635E-4 
-0.009292100982919585 1.7402553385616746E-4 
-0.01223619118225988 4.0215777052520223E-4 
-0.011565103903187936 3.3027992397009385E-4 
-0.009967611650232074 2.1207837800508663E-4 
-0.011551453550454276 3.2890209440999626E-4 
-0.010577368529846375 2.512884709626467E-4 
-0.013661467392865589 5.736076943464903E-4 
-0.0054270703648431565 4.641940601284248E-5 
-0.0125670006278535 4.3512744632676027E-4 
-0.010823979794041374 2.696302349019276E-4 
-0.012811738207781712 4.596841507213007E-4 
-0.010753835551428668 2.624441363167588E-4 
-0.004002113492345538 2.4094797401200984E-5 
-0.012822462940542899 4.68073935753099E-4 
-0.012784621055971468 4.5637305158481513E-4 
-0.010943012286473423 2.749184369080207E-4 
-0.012152013496856512 3.9094834797998056E-4 
-0.012486576857763972 4.2380959124613835E-4 
