0.0 0.3000000000000002 0.0 0.0 0.0 0.0 0.0 0.35 0.35 0.0 0.0 
0.0 0.1297947078218085 0.1784380670484818 0.16365260499803763 0.0 0.0 0.16045724519034837 0.0 0.0 0.12913303788660216 0.23852433705472162 
0.0 0.1297947078218085 0.1784380670484818 0.16365260499803763 0.0 0.0 0.16045724519034837 0.0 0.0 0.12913303788660216 0.23852433705472162 
0.0 0.3000000000000002 0.0 0.0 0.0 0.0 0.0 0.35 0.35 0.0 0.0 
0.0 0.17581440914680055 0.16425030099360852 0.126518497823228 0.0 0.0 0.16944765856487914 0.0 0.0 0.11723980091124815 0.2467293325602357 
0.2111663545182604 0.21109642148503877 0.1008804213498781 0.0 0.18556262675044238 0.0 0.0 0.0 0.14707165571956127 0.144222520176819 0.0 
0.0 0.2341911271028907 0.11632033777163288 0.0 0.0 0.0 0.10371486114154216 0.236087555623549 0.3096861183603852 0.0 0.0 
0.0 0.2512196275481786 0.1073479095283349 0.0 0.0 0.0 0.10127965594707561 0.24769782390129935 0.29245498307511136 0.0 0.0 
0.0 0.2672853010900841 0.10460829349563713 0.0 0.0 0.0 0.0 0.29391459255854624 0.3341918128557326 0.0 0.0 
0.0 0.26948361792085973 0.0 0.0 0.0 0.0 0.12148408774663694 0.2590322943325033 0.35 0.0 0.0 
0.15655078326124933 0.2693351125290155 0.0 0.0 0.11244493179543533 0.0 0.0 0.1549284534035166 0.3067407190107831 0.0 0.0 
0.13194584772091236 0.253409949890764 0.0 0.0 0.11508199891706564 0.0 0.0 0.17619863332581773 0.3233635701454402 0.0 0.0 
0.11823678491388827 0.2522558358391498 0.0 0.0 0.11717833946889744 0.0 0.0 0.1866294385032796 0.32569960127478487 0.0 0.0 
0.18393817415423167 0.2255923494154269 0.10462390183430151 0.0 0.16959464812413208 0.0 0.0 0.0 0.2019948243018819 0.1142561021700259 0.0 
0.1186676120065406 0.23786914584622657 0.10378005114071116 0.0 0.10770486251415545 0.0 0.0 0.13220468328153673 0.2997736452108296 0.0 0.0 
0.0 0.2867524074596669 0.10894428496206991 0.0 0.0 0.0 0.0 0.2693362215202317 0.3349670860580315 0.0 0.0 
0.19516655503928954 0.24562456163726554 0.0 0.0 0.18754102671603198 0.0 0.0 0.0 0.24759858743685376 0.12406926917055909 0.0 
0.20104116100458794 0.22584349087104513 0.10494931620605377 0.0 0.17535862935229143 0.0 0.0 0.0 0.175077549267399 0.11772985329862258 0.0 
0.15894545216966063 0.19557385380559547 0.1170228347155398 0.0 0.10665536603699209 0.0 0.0 0.1230601924745858 0.29874230079762615 0.0 0.0 
0.0 0.2872809265302022 0.10822836504513603 0.0 0.0 0.0 0.0 0.2587518805845291 0.3457388278401326 0.0 0.0 
0.15490247876018623 0.23217014078583853 0.10221763594846749 0.0 0.14761278029072822 0.0 0.0 0.0 0.24120152907441136 0.12189543514036816 0.0 
0.0 0.22494638548867307 0.11943426359642272 0.0 0.0 0.0 0.12746812090380716 0.2296639993907166 0.29848723062038046 0.0 0.0 
0.0 0.21989647330108467 0.1264948790643746 0.0 0.0 0.0 0.11429446027483786 0.23718649241508544 0.30212769494461744 0.0 0.0 
0.13028440842837696 0.2815455734690495 0.0 0.0 0.11086316304776293 0.0 0.0 0.15959140251017928 0.3177154525446314 0.0 0.0 
0.15229688417895368 0.28455726477961896 0.0 0.0 0.13031619030016037 0.0 0.0 0.1096615984480481 0.32316806229321876 0.0 0.0 
0.18577956974335363 0.21493948511282154 0.10157790950617367 0.0 0.18655949597890448 0.0 0.0 0.0 0.1730442667218157 0.13809927293693108 0.0 
0.12264270062039113 0.2745542773788487 0.0 0.0 0.11554135294280923 0.0 0.0 0.1419991671122854 0.34526250194566555 0.0 0.0 
0.0 0.2605284257900959 0.0 0.0 0.0 0.0 0.11063873239985038 0.2788328418100538 0.35 0.0 0.0 
0.11986106528852519 0.2276332772527175 0.10424802105639812 0.0 0.10680595182564387 0.0 0.0 0.16496569712214568 0.2764859874545696 0.0 0.0 
0.0 0.25689735115685514 0.1108119738572619 0.0 0.0 0.0 0.0 0.2822906749858831 0.35 0.0 0.0 
0.16195070113942234 0.22532414661273958 0.10778537841079934 0.0 0.10173310288814327 0.0 0.0 0.10933437825059131 0.29387229269830417 0.0 0.0 
0.0 0.3467653418010602 0.0 0.0 0.0 0.0 0.0 0.3032346581989399 0.35 0.0 0.0 
0.0 0.25480281467793503 0.10893765893862492 0.0 0.0 0.0 0.0 0.28625952638344015 0.35 0.0 0.0 
0.0 0.3344047483387524 0.0 0.0 0.0 0.0 0.0 0.31559525166124763 0.35 0.0 0.0 
0.20826613064413985 0.2556586535861941 0.0 0.0 0.14184933998488308 0.0 0.0 0.0 0.29144860896686703 0.10277726681791576 0.0 
0.0 0.20515982922273843 0.10580153349964695 0.0 0.0 0.0 0.10817240039030931 0.2458416034975291 0.3350246333897763 0.0 0.0 
0.11577992457279401 0.26600182558297386 0.0 0.0 0.14023420927859967 0.0 0.0 0.12798404056563242 0.35 0.0 0.0 
0.15565630269124348 0.22153359420087967 0.10704619432649883 0.0 0.14045606879796357 0.0 0.0 0.11105814291215381 0.26424969707126056 0.0 0.0 
0.16808451669497473 0.2223196052658588 0.11048621360085235 0.0 0.12153505994862872 0.0 0.0 0.11594708722863026 0.2616275172610553 0.0 0.0 
0.0 0.21061752404480782 0.1002863650495529 0.0 0.0 0.0 0.13714834182135238 0.2764758986245809 0.27547187045970606 0.0 0.0 
0.16735834197931465 0.2148299479174319 0.10694602988092276 0.0 0.16083437050968477 0.0 0.0 0.1005300112429958 0.2495012984696499 0.0 0.0 
0.10439272419049782 0.22063997746111488 0.10112238226250285 0.0 0.10968637444262277 0.0 0.0 0.17365322966726537 0.29050531197599616 0.0 0.0 
0.0 0.2665801903580385 0.12900275364224145 0.0 0.0 0.0 0.0 0.25441705599972003 0.35 0.0 0.0 
0.14883004916937825 0.23531900591786173 0.10391302138331994 0.0 0.15545554696567157 0.0 0.0 0.0 0.25341870081580886 0.10306367574795969 0.0 
0.0 0.21444383312596244 0.10729149762677317 0.0 0.0 0.0 0.10465789882042446 0.25661064645448894 0.3169961239723509 0.0 0.0 
0.22907753312505758 0.26147354630130704 0.0 0.0 0.18261405447676915 0.0 0.0 0.0 0.21340136732311787 0.11343349877374831 0.0 
0.0 0.25333333823374143 0.0 0.0 0.0 0.0 0.12201941235731535 0.27464724940894325 0.35 0.0 0.0 
0.0 0.22912149847889324 0.0 0.0 0.0 0.0 0.11689745824558832 0.3039810432755186 0.35 0.0 0.0 
0.0 0.21891317892994647 0.13393314536900724 0.0 0.0 0.0 0.11213127240096236 0.20232916864963305 0.332693234650451 0.0 0.0 
0.0 0.27255870556745687 0.10053426008675581 0.0 0.0 0.0 0.10959738787356736 0.18820467365362728 0.3291049728185927 0.0 0.0 
0.0 0.22056428061467862 0.0 0.0 0.0 0.0 0.10545980376701804 0.3239759156183033 0.35 0.0 0.0 
0.1835096100692076 0.22556377735511138 0.1051844852043522 0.0 0.13949550181858578 0.0 0.0 0.103769636345456 0.2424769892072871 0.0 0.0 
0.0 0.2301831195943526 0.0 0.0 0.0 0.0 0.12652580415221096 0.29742555111144847 0.34586552514198804 0.0 0.0 
0.0 0.23826763468501197 0.0 0.0 0.0 0.0 0.12391381761531509 0.28781854769967286 0.35 0.0 0.0 
0.0 0.23074859373781226 0.0 0.0 0.0 0.0 0.10223642773369575 0.3170149785284921 0.35 0.0 0.0 
0.0 0.2486950262898191 0.0 0.0 0.0 0.0 0.10683851154508761 0.29504657525605793 0.3494198869090354 0.0 0.0 
0.11878341812070846 0.2255866714100134 0.10331074768600465 0.0 0.11483648312460104 0.0 0.0 0.16348252311678654 0.27400015654188575 0.0 0.0 
0.0 0.28738083608708176 0.0 0.0 0.0 0.0 0.1023226791658143 0.26029648474710393 0.35 0.0 0.0 
0.0 0.32104916063787736 0.0 0.0 0.0 0.0 0.0 0.32895083936212266 0.35 0.0 0.0 
0.2039637705543492 0.24567393222090725 0.0 0.0 0.17758875530733884 0.0 0.0 0.0 0.2606694715529411 0.1121040703644637 0.0 
0.0 0.29081667301125086 0.10964643453609653 0.0 0.0 0.0 0.0 0.2527675669532745 0.34676932549937817 0.0 0.0 
0.0 0.1970446318719782 0.10263373847015088 0.0 0.0 0.0 0.10391323686717822 0.2642566880755728 0.33215170471511996 0.0 0.0 
0.1614138525057545 0.2577478963948842 0.0 0.0 0.11632690706790376 0.0 0.0 0.11451134403145766 0.35 0.0 0.0 
0.0 0.2740810081790859 0.10755156065894751 0.0 0.0 0.0 0.0 0.27598841679951247 0.34237901436245394 0.0 0.0 
0.1510090533069352 0.23219863742933508 0.10424080565768402 0.0 0.17044471370218653 0.0 0.0 0.0 0.22708172408588184 0.11502506581797727 0.0 
0.0 0.23938296414742669 0.0 0.0 0.0 0.0 0.10559634845401338 0.3149667099129413 0.34005397748561855 0.0 0.0 
0.0 0.2556745443942396 0.11725689885727668 0.0 0.0 0.0 0.0 0.27706855674848363 0.35 0.0 0.0 
0.10656018719390369 0.2918987088385112 0.0 0.0 0.14353265685469296 0.0 0.0 0.10800844711289208 0.35 0.0 0.0 
0.16348800657746823 0.22763348024614602 0.10335335737634009 0.0 0.16702577097530313 0.0 0.0 0.0 0.22237161843513326 0.11612776638960931 0.0 
0.2122173031662787 0.19875425883559358 0.10130105629766241 0.0 0.1945108073500825 0.0 0.0 0.10010924063428937 0.19310733371609345 0.0 0.0 
0.2250078751325303 0.20394009684170877 0.11050030380170311 0.0 0.1599189192944895 0.0 0.0 0.10801440709351638 0.1926183978360519 0.0 0.0 
0.22163784485105878 0.21586299499773362 0.10884529786155901 0.0 0.15752375156853685 0.0 0.0 0.1063966333932584 0.1897334773278533 0.0 0.0 
0.0 0.22693331656612448 0.0 0.0 0.0 0.0 0.10279453061479481 0.3202721528190805 0.35 0.0 0.0 
0.21311364310454262 0.19959373505848574 0.10172892047835447 0.0 0.19533236055262804 0.0 0.0 0.1005320709559973 0.1896992698499919 0.0 0.0 
0.0 0.34162131918498 0.0 0.0 0.0 0.0 0.0 0.3083786808150198 0.35 0.0 0.0 
0.19490145131689363 0.2511110924073089 0.0 0.0 0.1715318809134569 0.0 0.0 0.0 0.27139967645910024 0.11105589890324033 0.0 
0.14867117455780543 0.23265601666778968 0.11611232200000624 0.0 0.11359532776968329 0.0 0.0 0.11320212561091139 0.275763033393804 0.0 0.0 
0.0 0.31502003375592447 0.0 0.0 0.0 0.0 0.0 0.33497996624407567 0.35 0.0 0.0 
0.12533794574283663 0.30863955350906946 0.0 0.0 0.11971619650417681 0.0 0.0 0.12752751125444337 0.3187787929894738 0.0 0.0 
0.0 0.3392416323174911 0.0 0.0 0.0 0.0 0.0 0.31075836768250886 0.35 0.0 0.0 
0.21055675349335012 0.21051548088965505 0.10056967846141003 0.0 0.15252098632891906 0.0 0.0 0.101454304471993 0.22438279635467265 0.0 0.0 
0.0 0.15682199464457966 0.16937413426785064 0.15687195122239275 0.0 0.0 0.1531710091362212 0.0 0.0 0.12715865885181415 0.23660225187714157 
0.0 0.24707689778553737 0.0 0.0 0.0 0.0 0.10400212535376176 0.30620153213283646 0.3427194447278644 0.0 0.0 
0.20826613064413993 0.25565865358619416 0.0 0.0 0.14184933998488314 0.0 0.0 0.0 0.29144860896686714 0.10277726681791578 0.0 
0.0 0.32875783723545776 0.0 0.0 0.0 0.0 0.0 0.32124216276454237 0.35 0.0 0.0 
0.0 0.3001776338298287 0.11525435261655662 0.0 0.0 0.0 0.0 0.23456801355361467 0.35 0.0 0.0 
0.14184303801013323 0.2527789210175245 0.11230744699556287 0.0 0.10920548064549915 0.0 0.0 0.10860771683539412 0.27525739649588615 0.0 0.0 
0.0 0.27322672228263334 0.0 0.0 0.0 0.0 0.10741107039008702 0.2881689111553887 0.331193296171891 0.0 0.0 
0.21055675349335015 0.21051548088965508 0.10056967846141004 0.0 0.15252098632891908 0.0 0.0 0.10145430447199301 0.22438279635467268 0.0 0.0 
0.0 0.15682199464457966 0.16937413426785064 0.15687195122239275 0.0 0.0 0.1531710091362212 0.0 0.0 0.12715865885181415 0.23660225187714157 
0.15894545216966063 0.19557385380559547 0.1170228347155398 0.0 0.10665536603699209 0.0 0.0 0.1230601924745858 0.29874230079762615 0.0 0.0 
0.0 0.27013350220407 0.10172397289950863 0.0 0.11139154704102844 0.0 0.0 0.19778588088612697 0.318965096969266 0.0 0.0 
0.0 0.23717945280533004 0.13015142759774087 0.0 0.0 0.0 0.11627874687068544 0.19702485589388707 0.31936551683235664 0.0 0.0 
0.18433728118249426 0.2548503064658582 0.0 0.0 0.15718598753462656 0.0 0.0 0.12264190041405307 0.2809845244029679 0.0 0.0 
0.18119459816101335 0.22831425636892086 0.10566474662212638 0.0 0.1303593381743941 0.0 0.0 0.10732665290968582 0.24714040776385943 0.0 0.0 
0.1909713075693338 0.2318496433743913 0.0 0.0 0.15651125777660954 0.0 0.0 0.11598939164163295 0.3046783996380324 0.0 0.0 
0.0 0.23938296414742669 0.0 0.0 0.0 0.0 0.10559634845401338 0.3149667099129413 0.34005397748561855 0.0 0.0 
0.19801448430689433 0.24979211286736377 0.0 0.0 0.16870111885476652 0.0 0.0 0.0 0.2794437038489647 0.10404858012201053 0.0 
0.0 0.2652899519630802 0.10239903494844461 0.0 0.11213076518043351 0.0 0.0 0.1990984303097864 0.3210818175982553 0.0 0.0 
0.0 0.27255870556745687 0.10053426008675581 0.0 0.0 0.0 0.10959738787356736 0.18820467365362728 0.3291049728185927 0.0 0.0 
