-0.013896782101248402 3.938597041776102E-4 
-0.008933049409355463 3.5507831976554596E-5 
-0.013896782101248402 3.938597041776102E-4 
-0.008933049409355463 3.5507831976554596E-5 
-0.013510163347010051 2.6192606341651124E-4 
-0.013529760232366954 3.90791129147663E-4 
-0.012975530102527767 1.8740897750247178E-4 
-0.00918441430176943 3.598507775767633E-5 
-0.009061494318200615 3.561908738227016E-5 
-0.010509126962423404 5.614809606577805E-5 
-0.012005947932705688 1.0518985266898262E-4 
-0.012065497806278181 1.0959410304123769E-4 
-0.013290408146357811 2.2193304524632533E-4 
-0.012122294704716225 1.1586093932735097E-4 
-0.011320965225059152 7.708833127288211E-5 
-0.00995394544280963 4.533694594052602E-5 
-0.009821822142329965 4.279018097197687E-5 
-0.012786673158945163 1.7202479847000434E-4 
-0.011392251703927318 7.899969785500357E-5 
-0.011643749413819196 8.840054500955304E-5 
-0.01003723668799225 4.838076370019406E-5 
-0.011020657872464625 6.732728993435028E-5 
-0.011494982112044786 8.344909218625862E-5 
-0.01315816202056321 2.0598588455607352E-4 
-0.013473945848346606 2.53589005607583E-4 
-0.010594073194748909 5.693776649936225E-5 
-0.011903885561698867 9.990843872247462E-5 
-0.013071241072895807 1.9965262289245867E-4 
-0.013103224191695288 2.019204847836322E-4 
-0.01125354605761305 7.436286972422766E-5 
-0.012825983535298305 1.7446252011348105E-4 
-0.01333853241866068 2.2852178565182225E-4 
-0.009891009311312964 4.4625292859753274E-5 
-0.013396791966045117 2.3812599609817915E-4 
-0.011448117144282914 8.149213355863804E-5 
-0.013361599422367077 2.3211121873925486E-4 
-0.012718145672085991 1.6852835930289992E-4 
-0.011756210463650541 9.39891435892301E-5 
-0.010868944285063877 6.320809461670532E-5 
-0.010278541572016462 5.249347875984034E-5 
-0.013410315465840497 2.4061033848082948E-4 
-0.010397889560974483 5.3580782964152435E-5 
-0.01286228462828045 1.787976769001256E-4 
-0.013488965598611166 2.569628427036477E-4 
-0.009536366897859371 3.91123280826481E-5 
-0.01079982376545926 6.157243718838032E-5 
-0.010198059648264864 5.070386881333456E-5 
-0.01235969543916139 1.3260094298919636E-4 
-0.009654827340060962 4.0375337457874773E-5 
-0.010412651722667962 5.380651904585584E-5 
-0.010944586095449639 6.494611278976242E-5 
-0.012615408612849748 1.5898673474305114E-4 
-0.009398415124585472 3.7956454561218934E-5 
-0.013723945026517713 3.916496573163924E-4 
-0.009471384881165256 3.876656626497396E-5 
-0.010656226442022116 5.840421260765257E-5 
-0.01218358308145469 1.2046207965069168E-4 
-0.012415175634596482 1.3719260431881633E-4 
-0.013037810817042729 1.9388856497075212E-4 
-0.01291609085614687 1.825766540586132E-4 
-0.013444078210232756 2.4723205914021855E-4 
-0.012469671742923193 1.422343026321646E-4 
-0.012544071469641992 1.4879464211493037E-4 
-0.009607378080267473 3.989179710863366E-5 
-0.011835566066757721 9.771641096542708E-5 
-0.009279873361513953 3.694669095922004E-5 
-0.012359547023768614 1.3047243696246179E-4 
-0.01013677811743606 5.039927522104607E-5 
-0.00896284216109756 3.554208581528868E-5 
-0.01317586466952055 2.099670904350156E-4 
-0.011166353309128916 7.183295784555545E-5 
-0.01302984760435312 1.925826845725749E-4 
-0.013438730494581812 2.4614332769010914E-4 
-0.011698114183184113 9.08682458610289E-5 
-0.012632244763898714 1.617076900375303E-4 
-0.012299123728530773 1.2667305879649466E-4 
-0.012584850509105586 1.5460295426170974E-4 
-0.011208806436688345 7.264815408082438E-5 
-0.012521260067813034 1.4701202880432153E-4 
-0.012566687690532697 1.536131918917613E-4 
-0.012023124012264531 1.0745504906101619E-4 
-0.011574157315805309 8.577150311143836E-5 
-0.012492976357131008 1.4370604761584715E-4 
-0.013565049072637027 3.908193393079112E-4 
-0.012304908628294026 1.2710658934364427E-4 
-0.010751889107433767 6.073935426821923E-5 
-0.012240361931143811 1.2284542044841443E-4 
-0.009279873361513953 3.694669095922004E-5 
-0.011110164392065013 7.052744850558591E-5 
-0.01326322298076384 2.1874881086158924E-4 
-0.00973603846753833 4.162388345284742E-5 
-0.011578738894792011 8.593514211949754E-5 
-0.010264034700339417 5.211862996884097E-5 
-0.013774992793886037 3.9236143422727136E-4 
-0.012428289362294983 1.3843065605726888E-4 
-0.011721130118063076 9.180484335271618E-5 
-0.010917615878053672 6.422439312415263E-5 
-0.011073234751770083 6.915663827664035E-5 
-0.011902445819731166 9.982693926146121E-5 
-0.009732669439477058 4.1564947845035556E-5 
