-0.013896782101248402 3.938597041776102E-4 
-0.013896782101248402 3.938597041776102E-4 
-0.00897480693671612 3.549346523449899E-5 
-0.013529959330069015 3.9079112906637947E-4 
-0.013510062473183943 2.619018859739936E-4 
-0.009829860403901406 4.3624180861350244E-5 
-0.013718291220917379 3.9160036483943295E-4 
-0.013143870233223446 2.0758205859087975E-4 
-0.009294527910451001 3.6771837765136876E-5 
-0.013090792270171415 1.9897037487574422E-4 
-0.010999631068507529 6.671851702836757E-5 
-0.010060334350300692 4.772369382518168E-5 
-0.013425221186818513 2.4345990049444977E-4 
-0.011337987209475561 7.863996277724775E-5 
-0.00911081729852112 3.5708652934255766E-5 
-0.0116832898730595 9.027194162527546E-5 
-0.012188815486758726 1.1809160652961236E-4 
-0.009199364318924161 3.643149093275059E-5 
-0.011072865471617711 6.864924905555519E-5 
-0.01010678993789872 4.881618104229402E-5 
-0.01226428412223447 1.2263382599225057E-4 
-0.010891645778267327 6.36288147883351E-5 
-0.013452350707741978 2.489458345069065E-4 
-0.009537446942335367 3.940270891680331E-5 
-0.0133935905839246 2.375519470638126E-4 
-0.01213101036776824 1.1208490587647781E-4 
-0.01286779827796807 1.7822106918485755E-4 
-0.01290214788573265 1.8229790682167054E-4 
-0.012417191484006562 1.3647398581711597E-4 
-0.01123370566783977 7.471927302198798E-5 
-0.011947237429978231 1.0227608370742654E-4 
-0.013179171549902599 2.113593791166315E-4 
-0.013475912804739542 2.540240933342941E-4 
-0.013271232997094363 2.1964669417754492E-4 
-0.011191807461250989 7.237552719305365E-5 
-0.010871885454705127 6.31736084090717E-5 
-0.013785859933049913 3.922848165036323E-4 
-0.011475710271460094 8.204653439451648E-5 
-0.013509454272233906 2.6186652338572346E-4 
-0.012636890906598381 1.6226631901351108E-4 
-0.012162459741190344 1.1559110960066563E-4 
-0.011506649607067635 8.312006945694501E-5 
-0.009651538679320537 4.063505794616838E-5 
-0.013221057765815135 2.1338136876453216E-4 
-0.012316841084212223 1.2801370632074845E-4 
-0.013847013754911222 3.9308371421639503E-4 
-0.012947830923419574 1.8789776697576862E-4 
-0.012445460635416903 1.4170481467795724E-4 
-0.01035131584174494 5.296166087933204E-5 
-0.011408045562696437 7.965568940977976E-5 
-0.010194419806670352 5.0810931664693964E-5 
-0.009423296637574326 3.8676457710120734E-5 
-0.011827155500393016 9.619840367976593E-5 
-0.01228698307927117 1.2379150144232456E-4 
-0.011747677488264177 9.279977988639401E-5 
-0.009423296637574328 3.867645771012079E-5 
-0.012940070951198306 1.8499388757340247E-4 
-0.011995246832665079 1.0486308972812466E-4 
-0.012514949448036073 1.4752394223908235E-4 
-0.012712804437689764 1.6674078780293345E-4 
-0.013276869507800392 2.202987215512825E-4 
-0.011561711896542013 8.580389107089206E-5 
-0.012564874768435638 1.5117409219581951E-4 
-0.01259813316358233 1.5655684053567453E-4 
-0.013315626612839172 2.2523401310508968E-4 
-0.012829166343106616 1.7534496563037733E-4 
-0.013340992148432533 2.2889122868062118E-4 
-0.01186158428312882 9.899984232374662E-5 
-0.010750563967068243 6.13080026446541E-5 
-0.01260356821574838 1.5697526678458778E-4 
-0.010537966896618534 5.610823676018378E-5 
-0.00900563326042442 3.5591919784065486E-5 
-0.010691279068200466 5.9028355023462876E-5 
-0.012336316458874456 1.29927637403633E-4 
-0.012712804437689764 1.6674078780293345E-4 
-0.010767955500038546 6.168801388843041E-5 
-0.011582827779996696 8.632477684013792E-5 
-0.01236823246940649 1.3230485475150381E-4 
-0.012372909298053616 1.350028656898411E-4 
-0.012634583370310343 1.6210833214154503E-4 
-0.012989771588927519 1.9100894348694864E-4 
-0.010459626798923068 5.5076610768428325E-5 
-0.010677615495683737 5.8568511890390684E-5 
-0.012052712295117594 1.073052131032249E-4 
-0.010060334350300692 4.772369382518168E-5 
-0.012554707020886752 1.5105284380505463E-4 
-0.010384432296727161 5.3238188618232104E-5 
-0.00971031689686274 4.145351308053532E-5 
-0.012760753903744967 1.7006912904656403E-4 
-0.010205399303859046 5.103409307747685E-5 
-0.012069459368226343 1.1008007851846822E-4 
-0.010275600253049457 5.173346604051106E-5 
-0.012023276764131398 1.0566090843825983E-4 
-0.01055193692481821 5.653270832474209E-5 
-0.013377042470505213 2.3467049404845327E-4 
-0.010425991924668698 5.467113484542978E-5 
-0.01305804747911921 1.9543869799287165E-4 
-0.011131037810789233 7.05239846304352E-5 
-0.011903271193625045 9.96728913944567E-5 
-0.012790834580514592 1.7290388834811398E-4 
