0.0 0.29999999999999993 0.0 0.0 0.0 0.0 0.0 0.35 0.35 0.0 0.0 
0.11624083356884922 0.13858598829316815 0.0 0.10039407533360327 0.1439116087457877 0.11118027838615925 0.0 0.11759876834329618 0.2720884473291363 0.0 0.0 
0.0 0.29999999999999993 0.0 0.0 0.0 0.0 0.0 0.35 0.35 0.0 0.0 
0.0 0.32827779965459775 0.0 0.0 0.0 0.0 0.0 0.32172220034540233 0.35 0.0 0.0 
0.10000128355916439 0.19999871644083572 0.0 0.0 0.0 0.0 0.0 0.35 0.35 0.0 0.0 
0.14994494882037968 0.15005505117962042 0.0 0.0 0.0 0.0 0.0 0.35 0.35 0.0 0.0 
0.11489269121876404 0.18510730878123594 0.0 0.0 0.0 0.0 0.0 0.35 0.35 0.0 0.0 
0.2005757065990608 0.15999672683762625 0.0 0.0 0.0 0.0 0.0 0.35 0.28942756656331303 0.0 0.0 
0.13191049963910387 0.13726646020456978 0.0 0.10224693081916217 0.10081100327838607 0.1073052896772882 0.0 0.16211512738639883 0.2583446889950911 0.0 0.0 
0.1335308842916381 0.13895263731732213 0.0 0.10363593072584085 0.10204936264299916 0.10862342466278614 0.0 0.15168957289182278 0.26151818746759087 0.0 0.0 
0.15564899981609784 0.10931185085588485 0.0 0.10012513088049378 0.0 0.0 0.0 0.3472849599901069 0.2876290584574167 0.0 0.0 
0.2034982451483813 0.13708299406255053 0.0 0.0 0.0 0.0 0.0 0.35 0.3094187607890682 0.0 0.0 
0.16888814027364094 0.10454443888253113 0.0 0.1029465527409796 0.0 0.0 0.0 0.3494247881324719 0.27419607997037626 0.0 0.0 
0.10535856230056011 0.19464143769943984 0.0 0.0 0.0 0.0 0.0 0.35 0.35 0.0 0.0 
0.21804119793354682 0.11942963761540965 0.0 0.11191436690243298 0.0 0.0 0.0 0.3108930570365092 0.2397217405121013 0.0 0.0 
0.12857616401687177 0.13586689306209934 0.0 0.10670096069287156 0.12187460692280624 0.11069555413182466 0.0 0.12280445818299558 0.2734813629905308 0.0 0.0 
0.12623298238676806 0.17376701761323193 0.0 0.0 0.0 0.0 0.0 0.35 0.35 0.0 0.0 
0.16053972221993007 0.13946027778007 0.0 0.0 0.0 0.0 0.0 0.35 0.35 0.0 0.0 
0.1330596275616536 0.1669403724383463 0.0 0.0 0.0 0.0 0.0 0.35 0.35 0.0 0.0 
0.12857835179565053 0.11279775194698655 0.0 0.10677939853589949 0.10293167896499919 0.10461934412244023 0.0 0.16186189747706684 0.28243157715695727 0.0 0.0 
0.2177304724160363 0.11693724665641914 0.0 0.1165508521480526 0.0 0.0 0.0 0.29992127085266723 0.24886015792682473 0.0 0.0 
0.21370305116736196 0.14639553233141 0.0 0.0 0.0 0.0 0.0 0.349875837253073 0.29002557924815503 0.0 0.0 
0.11749149933230345 0.1260292212887315 0.0 0.10060433433462164 0.10006733489539049 0.10738500969311086 0.0 0.1774667184277741 0.27095588202806803 0.0 0.0 
0.18353763979912963 0.1124762507912602 0.0 0.10439751358047857 0.0 0.0 0.0 0.3492248802882997 0.2503637155408319 0.0 0.0 
0.11468323487718998 0.1291680197198446 0.0 0.10515468441595172 0.10453493049389935 0.10579259138081594 0.0 0.1691539392726434 0.2715125998396551 0.0 0.0 
0.18958239176124309 0.13499052640116074 0.0 0.0 0.0 0.0 0.0 0.35 0.3254270818375962 0.0 0.0 
0.11807723003010084 0.1371918619574381 0.0 0.10701487191854218 0.12269787509227213 0.10781944434346964 0.0 0.13105037357226962 0.2761483430859076 0.0 0.0 
0.18397793128233203 0.11456177069217793 0.0 0.10619718987557006 0.0 0.0 0.0 0.3466639683172105 0.24859913983270934 0.0 0.0 
0.22294505318917424 0.10770442540532016 0.0 0.1593823061590017 0.0 0.0 0.0 0.24503259161675786 0.2649356236297461 0.0 0.0 
0.19037708232155473 0.1145423673494319 0.0 0.0 0.0 0.0 0.0 0.35 0.3450805503290134 0.0 0.0 
0.22502481762321097 0.11459860885013244 0.0 0.13430782791352755 0.0 0.0 0.0 0.2712394220487935 0.25482932356433563 0.0 0.0 
0.18034153330107192 0.13729248691864562 0.0 0.0 0.0 0.0 0.0 0.35 0.3323659797802826 0.0 0.0 
0.15601395077413968 0.13089502576567438 0.0 0.1155505367110596 0.0 0.10588973493994368 0.0 0.22247407490893564 0.26917667690024705 0.0 0.0 
0.1337876372352337 0.13294365828043694 0.0 0.10118937508513146 0.11277633108489293 0.10601439336175104 0.0 0.14415731793237918 0.2691312870201748 0.0 0.0 
0.15501428330702688 0.1082134652689181 0.0 0.10000513257300386 0.0 0.0 0.0 0.34980836171288077 0.28695875713817043 0.0 0.0 
0.19068216556699943 0.12616750672274815 0.0 0.0 0.0 0.0 0.0 0.35 0.3331503277102523 0.0 0.0 
0.21590533458909822 0.10138171111785264 0.0 0.10553081138235218 0.0 0.0 0.0 0.3162177350948433 0.26096440781585367 0.0 0.0 
0.2295880473589218 0.11678889344886248 0.0 0.1370314273837867 0.0 0.0 0.0 0.25659467936163394 0.259996952446795 0.0 0.0 
0.18286084912306597 0.12424838832175988 0.0 0.11587023724445134 0.0 0.10403423113322575 0.0 0.22345989708227385 0.24952639709522323 0.0 0.0 
0.20550791128952514 0.12630122909851493 0.0 0.12497690798383036 0.0 0.10475434821191042 0.0 0.17826119962766934 0.2601984037885498 0.0 0.0 
0.19761313545522977 0.11781364201500812 0.0 0.1286553162438015 0.0 0.0 0.0 0.2758044450376383 0.2801134612483224 0.0 0.0 
0.14833861284635336 0.10365956949516654 0.0 0.10361174893853387 0.0 0.0 0.0 0.34983272391173914 0.2945573448082071 0.0 0.0 
0.21310798035657152 0.10216135182979247 0.0 0.10929521733252733 0.0 0.0 0.0 0.3399390899782383 0.23549636050287043 0.0 0.0 
0.1236420091442266 0.11988527801392695 0.0 0.10302957580101667 0.10173198427328821 0.10673636680428915 0.0 0.18058941428079087 0.26438537168246157 0.0 0.0 
0.14622121247116993 0.10217992230736547 0.0 0.10213278434619875 0.0 0.0 0.0 0.35 0.2994660808752659 0.0 0.0 
0.194163512994977 0.12933114090925923 0.0 0.12014849878998103 0.0 0.10726735967774913 0.0 0.18253760863813143 0.2665518789899022 0.0 0.0 
0.11660276040947842 0.13660309109687377 0.0 0.10796739046885033 0.13319794770704282 0.1103950996078836 0.0 0.11897565070283031 0.27625806000704084 0.0 0.0 
0.1931208481187249 0.12535582255211547 0.0 0.1028715354058534 0.0 0.10047705939243384 0.0 0.22996725668450196 0.24820747784637046 0.0 0.0 
0.18476235386828507 0.11549251984498393 0.0 0.11433105585987198 0.0 0.10207360570268222 0.0 0.22533397950292736 0.25800648522124947 0.0 0.0 
0.22586678045196446 0.1152660895132198 0.0 0.15107238667148806 0.0 0.0 0.0 0.2539003961925004 0.2538943471708274 0.0 0.0 
0.207596536334965 0.11479791874056867 0.0 0.11051085770910277 0.0 0.0 0.0 0.3166168202151546 0.25047786700020896 0.0 0.0 
0.13542777947262274 0.13457951311240213 0.0 0.10223029900933113 0.11115982139635493 0.10601589167678245 0.0 0.1383337440192539 0.2722529513132528 0.0 0.0 
0.2246883231512082 0.11553694318224633 0.0 0.13509064184264605 0.0 0.0 0.0 0.29061614014668413 0.2340679516772152 0.0 0.0 
0.17705161416685217 0.12634732678132785 0.0 0.13136391947730905 0.0 0.10166938818091416 0.0 0.20961718661556342 0.2539505647780334 0.0 0.0 
0.1713471997677973 0.12865280023220277 0.0 0.0 0.0 0.0 0.0 0.35 0.35 0.0 0.0 
0.2127832711969664 0.11404650056217891 0.0 0.1097875008024351 0.0 0.0 0.0 0.3145443816474199 0.24883834579099967 0.0 0.0 
0.1862908246954213 0.13271313877214763 0.0 0.11832172319457113 0.0 0.10593299825318384 0.0 0.18754208915266457 0.2691992259320115 0.0 0.0 
0.19086591549118628 0.10913408450881379 0.0 0.0 0.0 0.0 0.0 0.35 0.35 0.0 0.0 
0.21001881649232257 0.1648585886182559 0.0 0.0 0.0 0.0 0.0 0.35 0.2751225948894216 0.0 0.0 
0.19583698595180846 0.13049835249611164 0.0 0.1210023709061854 0.0 0.10691747598400367 0.0 0.17647961748780522 0.2692651971740856 0.0 0.0 
0.2188352840007279 0.10722125689251437 0.0 0.10177042611539189 0.0 0.0 0.0 0.3279293607794734 0.24424367221189236 0.0 0.0 
0.1893014698887951 0.12287664278299931 0.0 0.1009151336965885 0.0 0.0 0.0 0.3436081100547058 0.24329864357691128 0.0 0.0 
0.1375970071585151 0.10926554026740566 0.0 0.10189395389972283 0.0 0.0 0.0 0.35 0.3012434986743565 0.0 0.0 
0.13440388971532166 0.10747830480457882 0.0 0.10022729405974444 0.0 0.0 0.0 0.3488007638928862 0.3090897475274688 0.0 0.0 
0.1834053513918146 0.12201651634406767 0.0 0.11782918974922492 0.0 0.1042921936728706 0.0 0.1846372349150101 0.28781951392701227 0.0 0.0 
0.16576198151903512 0.10967872037477207 0.0 0.10705523530814588 0.0 0.0 0.0 0.35 0.26750406279804695 0.0 0.0 
0.23015902909504501 0.13378467429532748 0.0 0.0 0.0 0.0 0.0 0.3498899229576233 0.2861663736520043 0.0 0.0 
0.21400744748967143 0.10481275938961071 0.0 0.10170739415821221 0.0 0.0 0.0 0.3436914586079998 0.23578094035450575 0.0 0.0 
0.19382800494731786 0.1326202502254942 0.0 0.1387013331875298 0.0 0.10157156942331091 0.0 0.16824482106521862 0.26503402115112856 0.0 0.0 
0.2135186665954296 0.11611903466948195 0.0 0.1325286762730228 0.0 0.0 0.0 0.2970918673301446 0.24074175513192111 0.0 0.0 
0.1889405631529056 0.13460080612341388 0.0 0.12000469185831002 0.0 0.10743975383197847 0.0 0.1902096251777868 0.25880455985560524 0.0 0.0 
0.1806845052102614 0.1339692377689624 0.0 0.13590698976018686 0.0 0.11140020468983072 0.0 0.16651811654270313 0.27152094602805543 0.0 0.0 
0.23670871578463754 0.11086462463927572 0.0 0.12993165516714267 0.0 0.0 0.0 0.2624015859750886 0.2600934184338554 0.0 0.0 
0.19701377802877962 0.13271484746252946 0.0 0.0 0.0 0.0 0.0 0.35 0.320271374508691 0.0 0.0 
0.1960635929927693 0.13207477211664745 0.0 0.0 0.0 0.0 0.0 0.35 0.3218616348905833 0.0 0.0 
0.18432773175068884 0.12524509047650417 0.0 0.11489445326228807 0.0 0.10577304386026481 0.0 0.21823161978289132 0.25152806086736273 0.0 0.0 
0.13311342128167375 0.13212818921304284 0.0 0.11701573387250525 0.1092601842306648 0.10420416037447218 0.0 0.1359697250949067 0.2683085859327344 0.0 0.0 
0.23142712988296574 0.11290062083828913 0.0 0.11144721390982294 0.0 0.0 0.0 0.27847907112174497 0.26574596424717745 0.0 0.0 
0.17389334806932738 0.10720126837806 0.0 0.10557935401968085 0.0 0.0 0.0 0.349959384817288 0.26336664471564397 0.0 0.0 
0.22514535029314117 0.11535251027279084 0.0 0.1259677014888626 0.0 0.0 0.0 0.2700428790363064 0.2634915589088988 0.0 0.0 
0.22659531809184488 0.12181059299635627 0.0 0.1558425453274266 0.0 0.0 0.0 0.24248071270924315 0.25327083087512897 0.0 0.0 
0.20303717345852823 0.13090876641769575 0.0 0.0 0.0 0.0 0.0 0.35 0.31605406012377607 0.0 0.0 
0.1811831626335978 0.13395499964187532 0.0 0.1099175007956681 0.0 0.10720037216151755 0.0 0.20510007290399196 0.26264389186334935 0.0 0.0 
0.0 0.32035207355905293 0.0 0.0 0.0 0.0 0.0 0.329647926440947 0.35 0.0 0.0 
0.14035402097205807 0.10797015433077645 0.0 0.10055237893388416 0.0 0.0 0.0 0.35 0.3011234457632815 0.0 0.0 
0.21220430429511675 0.11727904209652389 0.0 0.12807152034037175 0.0 0.0 0.0 0.2745529343355421 0.2678921989324455 0.0 0.0 
0.21145251707608814 0.11567130717717361 0.0 0.10839253446616794 0.0 0.0 0.0 0.3011095655797303 0.2633740757008401 0.0 0.0 
0.18027963889820695 0.10920614275874936 0.0 0.10336669120537675 0.0 0.0 0.0 0.35 0.2571475271376669 0.0 0.0 
0.21460190045447106 0.1065344323438188 0.0 0.11065129884928573 0.0 0.0 0.0 0.3059891502635621 0.26222321808886245 0.0 0.0 
0.1282791414415819 0.10493168273950175 0.0 0.10331800706985968 0.0 0.0 0.0 0.35 0.3134711687490568 0.0 0.0 
0.2254940883902534 0.12121860617109588 0.0 0.15508516674991946 0.0 0.0 0.0 0.2413022816403794 0.2568998570483519 0.0 0.0 
0.18790560944746923 0.11514918295817869 0.0 0.11789043827232677 0.0 0.10627471869625083 0.0 0.19247872632983887 0.2803013242959355 0.0 0.0 
0.2138959478800903 0.11645633802391132 0.0 0.14150421831407892 0.0 0.0 0.0 0.25931377208609285 0.26882972369582664 0.0 0.0 
0.13420199879005892 0.1074476423817943 0.0 0.10007674052162019 0.0 0.0 0.0 0.349648161025789 0.3086254572807377 0.0 0.0 
0.1788112624316003 0.11911791844105935 0.0 0.10363046029269657 0.0 0.10030466830517216 0.0 0.2299639612704195 0.2681717292590521 0.0 0.0 
0.21030414519045923 0.10529633600997797 0.0 0.13320029528989813 0.0 0.0 0.0 0.30189542611703674 0.249303797392628 0.0 0.0 
0.17187774458620975 0.10595869497121928 0.0 0.10435558027519848 0.0 0.0 0.0 0.3459478480007511 0.2718601321666213 0.0 0.0 
0.2192554465291218 0.1069359755256591 0.0 0.10175005806656047 0.0 0.0 0.0 0.32786372991313467 0.24419478996552407 0.0 0.0 
0.20897705433012648 0.10096339447003991 0.0 0.10088316941212468 0.0 0.0 0.0 0.34571768037339123 0.24345870141431772 0.0 0.0 
0.14567885461475066 0.10180092063794192 0.0 0.105464335283861 0.0 0.0 0.0 0.34870057616388933 0.2983553132995572 0.0 0.0 
