0.0 0.29999999999999993 0.0 0.0 0.0 0.0 0.0 0.35 0.35 0.0 0.0 
0.19533455059199148 0.1314268636354466 0.0 0.1441428340575372 0.0 0.10342997595726662 0.0 0.15810749288489276 0.26755828287286554 0.0 0.0 
0.0 0.29999999999999993 0.0 0.0 0.0 0.0 0.0 0.35 0.35 0.0 0.0 
0.0 0.32806276768850406 0.0 0.0 0.0 0.0 0.0 0.32193723231149585 0.35 0.0 0.0 
0.10001755682364159 0.19998244317635847 0.0 0.0 0.0 0.0 0.0 0.35 0.35 0.0 0.0 
0.23636350495024336 0.10859217672581241 0.0 0.12984415455794743 0.0 0.0 0.0 0.26567969500022826 0.2595204687657685 0.0 0.0 
0.17680841737294073 0.10895444605777525 0.0 0.12202290832794031 0.0 0.10298933052974843 0.0 0.2234358435666351 0.26578905414496035 0.0 0.0 
0.1891078133517293 0.14533285734814141 0.0 0.0 0.0 0.0 0.0 0.35 0.31555932930012925 0.0 0.0 
0.1810922757244574 0.11159428312330913 0.0 0.1300115650206226 0.0 0.10198696443789962 0.0 0.19874714171600336 0.27656776997770793 0.0 0.0 
0.24749675214381062 0.10652476690920555 0.0 0.15962842006061403 0.0 0.0 0.0 0.24080808946247484 0.24554197142389494 0.0 0.0 
0.0 0.30431681200513716 0.0 0.0 0.0 0.0 0.0 0.34568318799486286 0.35 0.0 0.0 
0.23605198466878938 0.12753218673326228 0.0 0.11818416759663784 0.0 0.0 0.0 0.27284351326554906 0.24538814773576137 0.0 0.0 
0.1736902821063018 0.12630971789369827 0.0 0.0 0.0 0.0 0.0 0.35 0.35 0.0 0.0 
0.14519842775868644 0.10474486987988033 0.0 0.1028704925640838 0.0 0.0 0.0 0.34543893804038767 0.30174727175696164 0.0 0.0 
0.21889465988798062 0.10963214185707672 0.0 0.10324152583334158 0.0 0.0 0.0 0.306263218201219 0.261968454220382 0.0 0.0 
0.21415223928621788 0.1050698396222385 0.0 0.1265261468060351 0.0 0.0 0.0 0.3165221089216629 0.23772966536384568 0.0 0.0 
0.2067439738410866 0.10913838281472456 0.0 0.10035327321663158 0.0 0.0 0.0 0.3255261999308318 0.25823817019672546 0.0 0.0 
0.21681792463991412 0.1406646436651254 0.0 0.0 0.0 0.0 0.0 0.3477333543769286 0.2947840773180319 0.0 0.0 
0.11352558258644439 0.1864744174135556 0.0 0.0 0.0 0.0 0.0 0.35 0.35 0.0 0.0 
0.18710415814846515 0.11058605591991726 0.0 0.10273061341092775 0.0 0.0 0.0 0.35 0.24957917252068987 0.0 0.0 
0.19783517430004904 0.11019117629876098 0.0 0.10799735279767622 0.0 0.0 0.0 0.3342626155121885 0.24971368109132522 0.0 0.0 
0.2291520771649133 0.11735491930747059 0.0 0.15484677648790088 0.0 0.0 0.0 0.2343743359775738 0.26427189106214144 0.0 0.0 
0.17720753073716378 0.11548008075930885 0.0 0.1252018080595215 0.0 0.10428084734393017 0.0 0.20748144829673 0.2703482848033457 0.0 0.0 
0.14200220833357888 0.10044617135619853 0.0 0.10365699907816411 0.0 0.0 0.0 0.34995476342687304 0.3039398578051855 0.0 0.0 
0.20841951259706143 0.10750343459690169 0.0 0.10800221069988883 0.0 0.0 0.0 0.32981562621607735 0.2462592158900707 0.0 0.0 
0.1844052394031745 0.12489426121433307 0.0 0.12647275311209386 0.0 0.10455856516728014 0.0 0.18955193936338252 0.2701172417397359 0.0 0.0 
0.19515428858981237 0.12624455996205422 0.0 0.142648087790949 0.0 0.10158790910068392 0.0 0.15968600486407875 0.27467914969242174 0.0 0.0 
0.17402576547728552 0.11338303685173597 0.0 0.1051266981325861 0.0 0.0 0.0 0.34905432978685685 0.2584101697515355 0.0 0.0 
0.2189887678400297 0.12646164342185096 0.0 0.13183247783920432 0.0 0.0 0.0 0.27974400614295736 0.2429731047559576 0.0 0.0 
0.18762072621093595 0.11237927378906401 0.0 0.0 0.0 0.0 0.0 0.35 0.35 0.0 0.0 
0.2402730937451276 0.12042898084621177 0.0 0.13173167119297707 0.0 0.0 0.0 0.24971928858462936 0.2578469656310541 0.0 0.0 
0.18608919062489773 0.14355378983257647 0.0 0.0 0.0 0.0 0.0 0.35 0.3203570195425257 0.0 0.0 
0.12570690314448624 0.10605341986011128 0.0 0.10356319474208826 0.0 0.0 0.0 0.34263895886677354 0.3220375233865406 0.0 0.0 
0.19058011878342454 0.15666965625455936 0.0 0.0 0.0 0.0 0.0 0.35 0.3027502249620162 0.0 0.0 
0.22940940320581132 0.1087506942463789 0.0 0.10571877383200882 0.0 0.0 0.0 0.2990235474112035 0.2570975813045974 0.0 0.0 
0.21813807219909392 0.14215077413530905 0.0 0.0 0.0 0.0 0.0 0.34481167767103005 0.29489947599456684 0.0 0.0 
0.10412258020053904 0.1958774197994611 0.0 0.0 0.0 0.0 0.0 0.35 0.35 0.0 0.0 
0.18688888075586 0.12110443736040144 0.0 0.10979616811736012 0.0 0.10180148019896292 0.0 0.2077264053794128 0.2726826281880028 0.0 0.0 
0.0 0.3141243839874249 0.0 0.0 0.0 0.0 0.0 0.335875616012575 0.35 0.0 0.0 
0.20146495483078286 0.10034078216587199 0.0 0.10389111281645588 0.0 0.0 0.0 0.3433155857358832 0.25098756445100606 0.0 0.0 
0.15121635286190332 0.11251461801244132 0.0 0.10780127542824937 0.0 0.0 0.0 0.3496195699087744 0.2788481837886316 0.0 0.0 
0.2093869604912594 0.1169828466753587 0.0 0.1085035385746562 0.0 0.0 0.0 0.33134657420209057 0.23378008005663503 0.0 0.0 
0.16097221417844 0.13902778582156022 0.0 0.0 0.0 0.0 0.0 0.35 0.35 0.0 0.0 
0.20451473139924356 0.15247946245208896 0.0 0.0 0.0 0.0 0.0 0.35 0.29300580614866756 0.0 0.0 
0.1456317770216516 0.1131359281293631 0.0 0.10417809239289824 0.0 0.0 0.0 0.35 0.28705420245608715 0.0 0.0 
0.1680376189489498 0.1030977911103615 0.0 0.10053855278101428 0.0 0.0 0.0 0.35 0.27832603715967447 0.0 0.0 
0.18824891307178243 0.13387644826099115 0.0 0.0 0.0 0.0 0.0 0.35 0.32787463866722644 0.0 0.0 
0.14162221235065658 0.1218313119576021 0.0 0.10864640718948335 0.0 0.0 0.0 0.35 0.27790006850225796 0.0 0.0 
0.2302466509087283 0.10938130578079294 0.0 0.1455705601245079 0.0 0.0 0.0 0.2683744633212811 0.24642701986468965 0.0 0.0 
0.20307326235215448 0.10858558910881201 0.0 0.10251028145524133 0.0 0.0 0.0 0.3388488120557123 0.24698205502808 0.0 0.0 
0.15010055745026168 0.1498994425497383 0.0 0.0 0.0 0.0 0.0 0.35 0.35 0.0 0.0 
0.22199963683833462 0.10417114473420606 0.0 0.10974484254914034 0.0 0.0 0.0 0.3284990804426364 0.23558529543568252 0.0 0.0 
0.1734270735912867 0.11323994313128515 0.0 0.13864151613938241 0.0 0.10226150619374202 0.0 0.20714377934612843 0.26528618159817524 0.0 0.0 
0.22143153759228398 0.11395583760822879 0.0 0.1014827758611679 0.0 0.0 0.0 0.3281474185821643 0.234982430356155 0.0 0.0 
0.20831921916791132 0.1309668903322974 0.0 0.0 0.0 0.0 0.0 0.34248114079855646 0.3182327497012348 0.0 0.0 
0.2397340933384875 0.1138884238534833 0.0 0.10795800892213732 0.0 0.0 0.0 0.27943298365297314 0.25898649023291875 0.0 0.0 
0.12154341307667729 0.17881099754462634 0.0 0.0 0.0 0.0 0.0 0.35 0.3496455893786964 0.0 0.0 
0.22804469925614196 0.11656803361327744 0.0 0.14570368293909905 0.0 0.0 0.0 0.25747618716075965 0.2522073970307219 0.0 0.0 
0.21870851831290444 0.10391990909818084 0.0 0.12921810291604952 0.0 0.0 0.0 0.29900291722257566 0.24915055245028947 0.0 0.0 
0.13364155420726165 0.10710656668843166 0.0 0.10244303137957844 0.0 0.0 0.0 0.35 0.3068088477247282 0.0 0.0 
0.22935402311300834 0.11237986187189153 0.0 0.1458326427619159 0.0 0.0 0.0 0.265108085131749 0.24732538712143534 0.0 0.0 
0.17292378009653708 0.11404569691145465 0.0 0.10162848274102011 0.0 0.0 0.0 0.34988068554357254 0.2615213547074155 0.0 0.0 
0.1561167878395847 0.13067827202832957 0.0 0.10341680420246072 0.0 0.0 0.0 0.34881800065650953 0.2609701352731154 0.0 0.0 
0.16383203153102752 0.1361679684689725 0.0 0.0 0.0 0.0 0.0 0.35 0.35 0.0 0.0 
0.1785562618877117 0.12187170730858038 0.0 0.10138426803313177 0.0 0.0 0.0 0.3414903953209998 0.25669736744957644 0.0 0.0 
0.21303109590551372 0.1252985989476956 0.0 0.0 0.0 0.0 0.0 0.35 0.31167030514679056 0.0 0.0 
0.21249056768705316 0.1309030538822407 0.0 0.10928377449959754 0.0 0.0 0.0 0.28996702157314425 0.25735558235796435 0.0 0.0 
0.1844052394031745 0.12489426121433307 0.0 0.12647275311209386 0.0 0.10455856516728014 0.0 0.18955193936338252 0.2701172417397359 0.0 0.0 
0.1689603286630867 0.14476279729459268 0.0 0.0 0.0 0.0 0.0 0.34828128744614695 0.3379955865961738 0.0 0.0 
0.23480764778127042 0.1200250032932285 0.0 0.15002470645270405 0.0 0.0 0.0 0.24846862401991932 0.2466740184528777 0.0 0.0 
0.22439995019893014 0.10430657276630184 0.0 0.10327204188259151 0.0 0.0 0.0 0.31637196149554825 0.2516494736566283 0.0 0.0 
0.1966806717507169 0.12660649148237973 0.0 0.1330405175146843 0.0 0.10131363386029668 0.0 0.173119531335939 0.2692391540559833 0.0 0.0 
0.23884107322603365 0.10951243693792836 0.0 0.1445007351994244 0.0 0.0 0.0 0.24632829154800293 0.2608174630886107 0.0 0.0 
0.1813492622624291 0.10922847943113606 0.0 0.12457630462172248 0.0 0.10826306567928659 0.0 0.22920625467002878 0.247376633335397 0.0 0.0 
0.18834280728259403 0.12065299150629619 0.0 0.0 0.0 0.0 0.0 0.3475807813326763 0.3434234198784334 0.0 0.0 
0.19112602080968713 0.10206451436685383 0.0 0.10076731210307736 0.0 0.0 0.0 0.33613876696501443 0.2699033857553672 0.0 0.0 
0.16785949063690095 0.10022548033218978 0.0 0.10438670179224466 0.0 0.0 0.0 0.3494973296511323 0.2780309975875322 0.0 0.0 
0.0 0.32048300251264067 0.0 0.0 0.0 0.0 0.0 0.32951699748735935 0.35 0.0 0.0 
0.19802846584100325 0.10383698088856469 0.0 0.0 0.0 0.0 0.0 0.34813455327043197 0.35 0.0 0.0 
0.19437504744376802 0.12004890052595694 0.0 0.0 0.0 0.0 0.0 0.35 0.335576052030275 0.0 0.0 
0.12688089869774047 0.17432830647389874 0.0 0.0 0.0 0.0 0.0 0.34939539741418046 0.34939539741418046 0.0 0.0 
0.17736422034792237 0.14397270151952626 0.0 0.0 0.0 0.0 0.0 0.35 0.3286630781325513 0.0 0.0 
0.19291013534209223 0.125485863114871 0.0 0.12773027366106368 0.0 0.10505384049273588 0.0 0.18857905190977428 0.26024083547946286 0.0 0.0 
0.19321699575751475 0.126401182945668 0.0 0.14183649051909367 0.0 0.1005794479002103 0.0 0.16801248630363735 0.26995339657387585 0.0 0.0 
0.19188847875873424 0.12362363355462501 0.0 0.13042317780531268 0.0 0.1095427593611651 0.0 0.18555010759352958 0.25897184292663356 0.0 0.0 
0.0 0.32185278518603383 0.0 0.0 0.0 0.0 0.0 0.32814721481396614 0.35 0.0 0.0 
0.18734506677211707 0.12744764925744173 0.0 0.14202137102874884 0.0 0.10443034506862564 0.0 0.16823148660449486 0.2705240812685719 0.0 0.0 
0.203809750826742 0.1518906148249464 0.0 0.0 0.0 0.0 0.0 0.35 0.2942996343483116 0.0 0.0 
0.24201500061074077 0.11029831260842766 0.0 0.11540897996485705 0.0 0.0 0.0 0.28054032232235737 0.2517373844936171 0.0 0.0 
0.2314890208074051 0.10550109835340851 0.0 0.11038948700298258 0.0 0.0 0.0 0.31183184564710287 0.240788548189101 0.0 0.0 
0.1926765497724246 0.12533391834136834 0.0 0.12691796690126933 0.0 0.10492663586901949 0.0 0.1902192067003617 0.25992572241555645 0.0 0.0 
0.19555137270381392 0.12587954363900447 0.0 0.13227662684718017 0.0 0.10073191228522638 0.0 0.17212551540139023 0.2734350291233849 0.0 0.0 
0.22534307400704787 0.14619549218658145 0.0 0.0 0.0 0.0 0.0 0.3478207952868866 0.28064063851948395 0.0 0.0 
0.24201500061074077 0.11029831260842766 0.0 0.11540897996485705 0.0 0.0 0.0 0.28054032232235737 0.2517373844936171 0.0 0.0 
0.13495824666316308 0.16504175333683688 0.0 0.0 0.0 0.0 0.0 0.35 0.35 0.0 0.0 
0.1414505284146409 0.10005593703293193 0.0 0.10325429065890869 0.0 0.0 0.0 0.34859518586970034 0.306644058023818 0.0 0.0 
0.18975744917605022 0.13335628647126188 0.0 0.12897475499239208 0.0 0.10832622534996483 0.0 0.1834894691909021 0.25609581481942895 0.0 0.0 
0.1773958866762171 0.12084384529340265 0.0 0.12323084016319664 0.0 0.10709378948759958 0.0 0.22673075284593172 0.24470488553365238 0.0 0.0 
0.15224552002999175 0.10489134589451757 0.0 0.10862596397668417 0.0 0.0 0.0 0.35 0.28423717009880656 0.0 0.0 
0.23937477239021562 0.12154259742549883 0.0 0.0 0.0 0.0 0.0 0.3491643298325367 0.2899183003517488 0.0 0.0 
