0.0 0.29999999999999993 0.0 0.0 0.0 0.0 0.0 0.35 0.35 0.0 0.0 
0.19809310233654018 0.12591209422539668 0.0 0.1474479133808073 0.0 0.10161626130675903 0.0 0.1604278735454361 0.26650275520506084 0.0 0.0 
0.0 0.29999999999999993 0.0 0.0 0.0 0.0 0.0 0.35 0.35 0.0 0.0 
0.19809310233654018 0.12591209422539668 0.0 0.1474479133808073 0.0 0.10161626130675903 0.0 0.1604278735454361 0.26650275520506084 0.0 0.0 
0.10002410955962103 0.19997589044037922 0.0 0.0 0.0 0.0 0.0 0.35 0.35 0.0 0.0 
0.0 0.32819604519684953 0.0 0.0 0.0 0.0 0.0 0.32180395480315044 0.35 0.0 0.0 
0.19031174048206767 0.13433464883504698 0.0 0.10021278569721795 0.0 0.10168274535503168 0.0 0.2124345289884929 0.261023550642143 0.0 0.0 
0.1869148778503741 0.12543649374086446 0.0 0.11559727743662938 0.0 0.1006658835038473 0.0 0.19898769653564113 0.2723977709326435 0.0 0.0 
0.1359575408955031 0.10615470325076282 0.0 0.10503747729719524 0.0 0.0 0.0 0.35 0.3028502785565388 0.0 0.0 
0.22607815379625815 0.10604772066420079 0.0 0.1320862903131055 0.0 0.0 0.0 0.2723264623170808 0.26346137290935473 0.0 0.0 
0.24250349617157863 0.11233176865247811 0.0 0.15575645937352506 0.0 0.0 0.0 0.24959503934186755 0.23981323646055047 0.0 0.0 
0.2319511080054412 0.10413043013313568 0.0 0.13551756715982297 0.0 0.0 0.0 0.2714589780791904 0.25694191662240984 0.0 0.0 
0.17533501903868107 0.12909677421089819 0.0 0.10788973091404054 0.0 0.10169002555696145 0.0 0.21244973871028489 0.2735387115691339 0.0 0.0 
0.19314546072595776 0.12770154244440055 0.0 0.0 0.0 0.0 0.0 0.34865313943974785 0.3304998573898939 0.0 0.0 
0.23503961540776358 0.11249452934820878 0.0 0.11243887333644056 0.0 0.0 0.0 0.28644030383966146 0.2535866780679256 0.0 0.0 
0.19659619890925656 0.10042718037024725 0.0 0.10331467427924515 0.0 0.0 0.0 0.3434849846893399 0.256176961751911 0.0 0.0 
0.21714903989975698 0.15713703966335996 0.0 0.0 0.0 0.0 0.0 0.3476829643442908 0.27803095609259226 0.0 0.0 
0.1680208582986588 0.1187399944573998 0.0 0.10092927526100459 0.0 0.0 0.0 0.34847551235502805 0.2638343596279088 0.0 0.0 
0.23161467208945297 0.11677127535628719 0.0 0.1365611283537182 0.0 0.0 0.0 0.26088443767946046 0.2541684865210812 0.0 0.0 
0.22396372032119113 0.10518907091608262 0.0 0.1341481497785338 0.0 0.0 0.0 0.2844906507745319 0.2522084082096605 0.0 0.0 
0.17915207503491823 0.10317841701831923 0.0 0.1032803196131687 0.0 0.0 0.0 0.35 0.26438918833359387 0.0 0.0 
0.18556490841412956 0.12173839771007708 0.0 0.13209720655840618 0.0 0.1006784759982216 0.0 0.1980098492311885 0.2619111620879772 0.0 0.0 
0.13575917870515508 0.10218491643228926 0.0 0.10068832917400952 0.0 0.0 0.0 0.35 0.3113675756885462 0.0 0.0 
0.18673247257990505 0.12250436899193172 0.0 0.13292835489401947 0.0 0.10127016259121155 0.0 0.1930055482732306 0.2635590926697016 0.0 0.0 
0.19344757715700112 0.10363654967861254 0.0 0.10661631974527475 0.0 0.0 0.0 0.33180373601921065 0.2644958173999009 0.0 0.0 
0.11614347925829538 0.18385652074170475 0.0 0.0 0.0 0.0 0.0 0.35 0.35 0.0 0.0 
0.15887132548621083 0.10161666109289687 0.0 0.10010009194420676 0.0 0.0 0.0 0.34630726769988507 0.2931046537768004 0.0 0.0 
0.2158183461637183 0.10126599043878531 0.0 0.126130471528908 0.0 0.0 0.0 0.30520338791347135 0.251581803955117 0.0 0.0 
0.1459435178328372 0.10727289865628961 0.0 0.10797360168085823 0.0 0.0 0.0 0.35 0.2888099818300149 0.0 0.0 
0.165500864894223 0.16217436374047106 0.0 0.0 0.0 0.0 0.0 0.3495360474151575 0.3227887239501485 0.0 0.0 
0.20110652395577874 0.10273118843087412 0.0 0.10569624507879684 0.0 0.0 0.0 0.3288929664995458 0.26157307603500446 0.0 0.0 
0.19160920796679612 0.1242980193436761 0.0 0.1352288966441753 0.0 0.10064907470918734 0.0 0.19285458459855676 0.25536021673760845 0.0 0.0 
0.20939397481027805 0.13627915819738326 0.0 0.0 0.0 0.0 0.0 0.35 0.3043268669923387 0.0 0.0 
0.22240725333362865 0.12828327531239322 0.0 0.0 0.0 0.0 0.0 0.35 0.29930947135397823 0.0 0.0 
0.1351993030954127 0.10176350225654314 0.0 0.10027308697655433 0.0 0.0 0.0 0.3485565877366169 0.31420751993487295 0.0 0.0 
0.17423079421029222 0.1726066875393692 0.0 0.0 0.0 0.0 0.0 0.35 0.30316251825033863 0.0 0.0 
0.23390002951392427 0.10820603701725585 0.0 0.15481249502369016 0.0 0.0 0.0 0.24992335582162525 0.2531580826235044 0.0 0.0 
0.2075990032471894 0.1052649751740802 0.0 0.11491249925503173 0.0 0.0 0.0 0.3200164130300156 0.252207109293683 0.0 0.0 
0.0 0.3125547359246205 0.0 0.0 0.0 0.0 0.0 0.33744526407537956 0.35 0.0 0.0 
0.20604710622953545 0.10525498466850955 0.0 0.10828128816524726 0.0 0.0 0.0 0.31985163194900235 0.2605649889877054 0.0 0.0 
0.0 0.30717093807230617 0.0 0.0 0.0 0.0 0.0 0.34282906192769386 0.35 0.0 0.0 
0.13502139401706256 0.16497860598293745 0.0 0.0 0.0 0.0 0.0 0.35 0.35 0.0 0.0 
0.19707254340887242 0.10324981701838114 0.0 0.10621846770285308 0.0 0.0 0.0 0.33056556915719765 0.26289360271269574 0.0 0.0 
0.16185540337422014 0.10143547141219302 0.0 0.10142467186732405 0.0 0.0 0.0 0.3411024614212101 0.2941819919250527 0.0 0.0 
0.14293971474834716 0.11009504058279122 0.0 0.10603379486448318 0.0 0.0 0.0 0.35 0.29093144980437835 0.0 0.0 
0.21176161006460148 0.12721002989612556 0.0 0.0 0.0 0.0 0.0 0.35 0.311028360039273 0.0 0.0 
0.1403900604871327 0.10813124563710601 0.0 0.10414244145451639 0.0 0.0 0.0 0.35 0.29733625242124495 0.0 0.0 
0.2114666939762558 0.10439787740540972 0.0 0.12270298860886185 0.0 0.0 0.0 0.2914618206421865 0.26997061936728606 0.0 0.0 
0.1923524509045597 0.11109774196428925 0.0 0.0 0.0 0.0 0.0 0.35 0.3465498071311512 0.0 0.0 
0.10775696524434476 0.19249740983521219 0.0 0.0 0.0 0.0 0.0 0.3498728124602216 0.3498728124602216 0.0 0.0 
0.19435738020984478 0.1271754935587426 0.0 0.13240511137001937 0.0 0.10153702684374752 0.0 0.17380791096407322 0.2707170770535726 0.0 0.0 
0.17013398798783808 0.1022245187544743 0.0 0.10232547924620651 0.0 0.0 0.0 0.3479706374506839 0.27734537656079733 0.0 0.0 
0.1951860299360266 0.1018317414116938 0.0 0.10257360629849953 0.0 0.0 0.0 0.35 0.2504086223537802 0.0 0.0 
0.0 0.3207515636443617 0.0 0.0 0.0 0.0 0.0 0.3292484363556385 0.35 0.0 0.0 
0.1669456586065978 0.10935668180782007 0.0 0.11983578078801836 0.0 0.0 0.0 0.35 0.2538618787975638 0.0 0.0 
0.18815883938403918 0.12725070877187009 0.0 0.11636660392460799 0.0 0.10133583812849435 0.0 0.19267736899590626 0.274210640795082 0.0 0.0 
0.24025545312810528 0.13051925064980208 0.0 0.13318727826423793 0.0 0.0 0.0 0.25316003028341366 0.24287798767444105 0.0 0.0 
0.1936746154051773 0.1103019217844299 0.0 0.10502843603761056 0.0 0.10366049886944233 0.0 0.23082815674961205 0.2565063711537278 0.0 0.0 
0.10014841568523218 0.20022441280429457 0.0 0.0 0.0 0.0 0.0 0.35 0.34962717151047334 0.0 0.0 
0.10762321168354759 0.19237678831645236 0.0 0.0 0.0 0.0 0.0 0.35 0.35 0.0 0.0 
0.17371510249090663 0.12628489750909333 0.0 0.0 0.0 0.0 0.0 0.35 0.35 0.0 0.0 
0.22165164473889634 0.10651926731767808 0.0 0.12577903975685473 0.0 0.0 0.0 0.2963973710917848 0.24965267709478603 0.0 0.0 
0.16104846318658841 0.1389515368134117 0.0 0.0 0.0 0.0 0.0 0.35 0.35 0.0 0.0 
0.2093236419283987 0.10031158749752703 0.0 0.12618546314254203 0.0 0.0 0.0 0.3268411269792691 0.23733818045226307 0.0 0.0 
0.16420272653287388 0.10712869639401462 0.0 0.100366013907343 0.0 0.0 0.0 0.3417400247719366 0.2865625383938318 0.0 0.0 
0.12531911582241143 0.17468088417758865 0.0 0.0 0.0 0.0 0.0 0.35 0.35 0.0 0.0 
0.23558161459965501 0.10304131598218194 0.0 0.15131063577565468 0.0 0.0 0.0 0.2654179798945315 0.24464845374797697 0.0 0.0 
0.0 0.31883407443013306 0.0 0.0 0.0 0.0 0.0 0.33116592556986685 0.35 0.0 0.0 
0.19385809723556321 0.10945904709204812 0.0 0.10512793699516472 0.0 0.10375870388217201 0.0 0.2310468367899282 0.25674937800512376 0.0 0.0 
0.20443596032900133 0.11650740117043215 0.0 0.12055058774231732 0.0 0.0 0.0 0.30277409834292746 0.2557319524153216 0.0 0.0 
0.18323297983349884 0.15127787893101263 0.0 0.0 0.0 0.0 0.0 0.35 0.3154891412354885 0.0 0.0 
0.20816397718077684 0.10003189800528534 0.0 0.12999315197823658 0.0 0.0 0.0 0.325469100146365 0.23634187268933643 0.0 0.0 
0.22230798534400398 0.10441142164465685 0.0 0.13315640976191537 0.0 0.0 0.0 0.28814523755312965 0.25197894569629425 0.0 0.0 
0.20157497795652812 0.13187833320627565 0.0 0.0 0.0 0.0 0.0 0.35 0.3165466888371962 0.0 0.0 
0.1890675770567865 0.10675415221625166 0.0 0.10087789342805821 0.0 0.10119467291436945 0.0 0.22533732787764518 0.276768376506889 0.0 0.0 
0.1929570764461642 0.125172389548005 0.0 0.13618015973440215 0.0 0.10135708721400176 0.0 0.18717674752991945 0.25715653952750733 0.0 0.0 
0.1965707102714196 0.12787941636700076 0.0 0.1388044916055198 0.0 0.10314414615054321 0.0 0.16293448984546696 0.2706667457600496 0.0 0.0 
0.23295441876400028 0.12807383349746296 0.0 0.0 0.0 0.0 0.0 0.35 0.2889717477385368 0.0 0.0 
0.22835831775613089 0.10968972676586362 0.0 0.10844072470051118 0.0 0.0 0.0 0.3194899394998095 0.2340212912776847 0.0 0.0 
0.20032571764003165 0.10617272713278011 0.0 0.10813520348796175 0.0 0.0 0.0 0.3218321473815474 0.263534204357679 0.0 0.0 
0.22287705552265924 0.13068116590297604 0.0 0.13243890394006838 0.0 0.0 0.0 0.2630250657833662 0.2509778088509302 0.0 0.0 
0.22758972695217586 0.12956101349180732 0.0 0.13674680357927 0.0 0.0 0.0 0.256350849460042 0.24975160651670478 0.0 0.0 
0.23390002951392427 0.10820603701725585 0.0 0.15481249502369016 0.0 0.0 0.0 0.24992335582162525 0.2531580826235044 0.0 0.0 
0.1925527486550242 0.14955171366645492 0.0 0.0 0.0 0.0 0.0 0.34600630411488836 0.3118892335636326 0.0 0.0 
0.20638101276799056 0.10935988145348412 0.0 0.11138126855875767 0.0 0.0 0.0 0.3314737822229538 0.24140405499681386 0.0 0.0 
0.21418539526832453 0.109388836966779 0.0 0.12372380672221611 0.0 0.0 0.0 0.2935680358872731 0.2591339251554073 0.0 0.0 
0.1919353978232834 0.10013583351891117 0.0 0.10068537416388053 0.0 0.0 0.0 0.34417109288081216 0.2630723016131126 0.0 0.0 
0.1447348376686503 0.15526516233134988 0.0 0.0 0.0 0.0 0.0 0.35 0.35 0.0 0.0 
0.18908078813519472 0.10676161165217021 0.0 0.10074737446595076 0.0 0.10120174388221692 0.0 0.22535307330133567 0.27685540856313173 0.0 0.0 
0.0 0.3281960451968496 0.0 0.0 0.0 0.0 0.0 0.32180395480315055 0.35 0.0 0.0 
0.11863130472541863 0.18136869527458147 0.0 0.0 0.0 0.0 0.0 0.35 0.35 0.0 0.0 
0.1691478482460907 0.14012725352396066 0.0 0.0 0.0 0.0 0.0 0.35 0.3407248982299486 0.0 0.0 
0.18697466597912074 0.1254766168884895 0.0 0.1198616488245454 0.0 0.10069808332053679 0.0 0.19905134637537722 0.26793763861193043 0.0 0.0 
0.22171812804864016 0.13614377937214994 0.0 0.0 0.0 0.0 0.0 0.35 0.2921380925792099 0.0 0.0 
0.16185540337422014 0.10143547141219302 0.0 0.10142467186732405 0.0 0.0 0.0 0.3411024614212101 0.2941819919250527 0.0 0.0 
0.20332940838958677 0.10521159190439701 0.0 0.11164841504422397 0.0 0.0 0.0 0.3354604440472058 0.24435014061458638 0.0 0.0 
0.2228770555226592 0.13068116590297602 0.0 0.13243890394006835 0.0 0.0 0.0 0.26302506578336615 0.25097780885093013 0.0 0.0 
0.2340442519654562 0.12727593424214104 0.0 0.13426267475495096 0.0 0.0 0.0 0.2466152136977348 0.257801925339717 0.0 0.0 
0.20888833158862158 0.11904233547590473 0.0 0.12551010993458886 0.0 0.0 0.0 0.31834748152065284 0.22821174148023185 0.0 0.0 
0.18429609240076647 0.12060237402274165 0.0 0.0 0.0 0.0 0.0 0.35 0.3451015335764919 0.0 0.0 
