-0.006743320785856412 3.443779065285463E-5 
-0.014879963157551043 6.763246054194309E-4 
-0.01456139972565551 5.308585214791818E-4 
-0.014563816611019456 6.292732861666409E-4 
-0.012506874808123292 2.516534223225653E-4 
-0.01224401160184774 2.323080147009001E-4 
-0.013101076474667746 2.9974783681532694E-4 
-0.014035415564919523 4.659752654684199E-4 
-0.010469124082770117 1.2662981160984098E-4 
-0.009678488847231922 9.511447998774047E-5 
-0.013767747826891268 3.968339237409707E-4 
-0.014707436697434958 6.500907516496884E-4 
-0.014611577954204659 6.360932562376578E-4 
-0.008757562029387395 6.239662944401948E-5 
-0.006934177929073926 3.631985862352533E-5 
-0.011300308185464092 1.747589017677363E-4 
-0.013928173428723592 4.412513365032694E-4 
-0.007515502214071932 4.2160142646714735E-5 
-0.009455611400157934 8.564961083737262E-5 
-0.01144374028082698 1.8407578551559294E-4 
-0.012971379123221617 2.874136789294009E-4 
-0.010261173840248577 1.2138217108342714E-4 
-0.013675532713011994 3.8688817478640405E-4 
-0.013354762181717293 3.3766834402615994E-4 
-0.013416989637045332 3.4793603655367596E-4 
-0.011642169608904669 1.9185642783298642E-4 
-0.009086048513825419 7.643490668643895E-5 
-0.013173692177395084 3.058560020737478E-4 
-0.009958792235774679 1.050710175393574E-4 
-0.010842753947091376 1.4523117714531017E-4 
-0.007929432253604655 4.650813466267378E-5 
-0.01377083365913792 4.12355767271797E-4 
-0.008899294903007494 6.818238049993076E-5 
-0.011497773973668152 1.8655617315816014E-4 
-0.014354754945526167 4.95669771221167E-4 
-0.012777113183989315 2.713218384927389E-4 
-0.010576723139423481 1.3019761274497753E-4 
-0.011159536166261667 1.633114248231695E-4 
-0.00861670549771187 5.876979944069531E-5 
-0.007081996063108074 3.81477699000994E-5 
-0.010091522564580353 1.1220002389799636E-4 
-0.01123028017803699 1.706103765364521E-4 
-0.008148596417240963 5.008642825054367E-5 
-0.009286793680165242 7.934972554934679E-5 
-0.008345440444707418 5.5547613462958216E-5 
-0.014458457577353616 5.0480906317796E-4 
-0.014756628424553003 6.574342744299377E-4 
-0.007381161353471071 4.136393215086536E-5 
-0.014024796400895819 4.486423049050296E-4 
-0.008222034122438205 5.130357141351443E-5 
-0.007968922845673767 4.8805111051655045E-5 
-0.010856954596071456 1.5162757393347935E-4 
-0.014464259954575514 5.213989533340835E-4 
-0.014305583905518787 4.871277064210582E-4 
-0.009889798626067653 1.0323149676959114E-4 
-0.014145809034600427 4.7311279659535693E-4 
-0.011673237717465673 1.9806600746257987E-4 
-0.013918269586460402 4.241551894264528E-4 
-0.012165312475667198 2.2496753676846026E-4 
-0.007713446569391324 4.4854659691569656E-5 
-0.010649010898641524 1.3559980978584081E-4 
-0.013252817656107477 3.2747257030887753E-4 
-0.012718018799675202 2.6702616227315874E-4 
-0.012629674635860327 2.604468477197018E-4 
-0.013607094331079674 3.673158867398495E-4 
-0.011071846005029834 1.6003354839749757E-4 
-0.014830641111080716 6.686882036888105E-4 
-0.007711325189336692 4.4202224022024585E-5 
-0.013522087642374453 3.5756848326665E-4 
-0.011773075028277798 2.0146848068528167E-4 
-0.014250822096556676 4.8340539257630237E-4 
-0.009315544549983065 8.037365069282143E-5 
-0.010156755441809846 1.1228769574322814E-4 
-0.010258252398434805 1.1642324026076966E-4 
-0.00728050096909372 3.95647645413691E-5 
-0.014480405603268312 5.235567351184519E-4 
-0.014770207754149656 6.663841887854086E-4 
-0.007191284581932394 3.90143121596944E-5 
-0.012830160167930253 2.813775132721724E-4 
-0.012046618686163241 2.1690000324382268E-4 
-0.008968908674560697 6.935102901129652E-5 
-0.0085197493373721 5.808355082130222E-5 
-0.011833057798829275 2.036257846836577E-4 
-0.010988853902586235 1.5418600802449736E-4 
-0.009067415700480506 7.168563285228231E-5 
-0.008436001134611987 5.631773780424212E-5 
-0.013633403970225727 3.744522774694174E-4 
-0.013549984697736817 3.6185369337004474E-4 
-0.013672582956922592 3.7839617986731297E-4 
-0.009782729351100136 9.856455429300605E-5 
-0.011877203913979933 2.0972884400509415E-4 
-0.013396519384535269 3.4185752781928176E-4 
-0.014006526479036911 4.4714796300560934E-4 
-0.013241938154280217 3.1355529943443106E-4 
-0.00943278663041566 8.528150328314504E-5 
-0.01419477670200512 4.782540899324799E-4 
-0.010711268257197041 1.3899236962065114E-4 
-0.013905373250904096 4.2338388396103474E-4 
-0.013244394089769802 3.1518521106544556E-4 
-0.013840342324120755 4.1655713971302795E-4 
