-0.003229675401670372 8.715519511840223E-6 
-0.013896782062802013 3.93859700702567E-4 
-0.013484929781722218 3.6242187518273664E-4 
-0.01347919941383955 2.556285229965416E-4 
-0.006539195700946634 1.6934092098466092E-5 
-0.005118608657944536 1.6740110345000392E-5 
-0.003786212518993309 1.0021287797936352E-5 
-0.009522596980637805 3.927894622484735E-5 
-0.009900142359242529 4.623968997399253E-5 
-0.012536815207746544 1.5370721093745224E-4 
-0.012619342303756881 1.6306075713666963E-4 
-0.013214704089488988 2.1512031793571957E-4 
-0.01115667887856227 7.170773395807927E-5 
-0.013086194137923925 1.9910863677369804E-4 
-0.007882775841707056 2.688494674354716E-5 
-0.011319454603550536 7.663884975050491E-5 
-0.01363887918081218 3.7281840917932087E-4 
-0.011772830619308365 9.540147800924382E-5 
-0.013295761461793926 2.2342055826074102E-4 
-0.013545457602063452 3.663164926120069E-4 
-0.004283828972929065 1.2084178039690512E-5 
-0.011908146962007333 1.0228678418617286E-4 
-0.008201305220480213 3.1315865077830856E-5 
-0.008703916372209523 3.3056031765900745E-5 
-0.006829817874018697 1.8492397354658747E-5 
-0.01204311987611826 1.0834668822162517E-4 
-0.007134405654601633 2.0797500945091826E-5 
-0.012836603359104345 1.7558656985716084E-4 
-0.01276362615975336 1.7022757630105506E-4 
-0.013021287614785142 1.915708370118289E-4 
-0.012315209370698656 1.2993185838872044E-4 
-0.013137911098137282 2.0445453029469617E-4 
-0.013163402576898745 2.0997498009456337E-4 
-0.012879415853186993 1.803868812135012E-4 
-0.01213624818803579 1.1683149314209275E-4 
-0.006929487010277033 1.9842119415738014E-5 
-0.010201634624921165 5.217579216533324E-5 
-0.01250033538500523 1.4521393406202436E-4 
-0.013361978473818023 2.325665470539663E-4 
-0.004063364665670116 1.0984725677762014E-5 
-0.007589441506782463 2.625718527903218E-5 
-0.010083996311236099 4.9026846018479354E-5 
-0.010349748242415198 5.260607151692477E-5 
-0.01240783392435873 1.379684924663603E-4 
-0.012702657847003203 1.661452468763038E-4 
-0.008406620996807022 3.156264631185153E-5 
-0.008531297457323736 3.175787734705472E-5 
-0.01294451685866306 1.8507447887316857E-4 
-0.0065818161354937324 1.7699362695365706E-5 
-0.011694942403634116 9.355950711256829E-5 
-0.007408916766068163 2.3622525824315535E-5 
-0.013432789891395056 2.4579558648764983E-4 
-0.01212547978625866 1.125779975813702E-4 
-0.009066929935996434 3.5560493655605324E-5 
-0.004721728134160769 1.4144977188958083E-5 
-0.01153775231667113 8.443284413736699E-5 
-0.013324559455014928 2.2754569852647988E-4 
-0.013474765576548076 2.5546037816377124E-4 
-0.004546334909803237 1.3237714268738233E-5 
-0.003967483054699026 1.0479440343367527E-5 
-0.01195457829269234 1.0422110197200765E-4 
-0.009407918065583647 3.833858432443906E-5 
-0.013699710542611671 3.7737232282854954E-4 
-0.004438305990263201 1.291202949369704E-5 
-0.008051521785518554 2.904698240414252E-5 
-0.004887523115362367 1.5155767858791243E-5 
-0.005065192431753047 1.639254411527835E-5 
-0.011392476062255926 8.00257746572144E-5 
-0.01093717905915654 6.549790499186915E-5 
-0.010578816021950571 5.8291292059604916E-5 
-0.008884320866145703 3.424479739079293E-5 
-0.011463246214846491 8.136182060211435E-5 
-0.012433892068882495 1.4425129597569447E-4 
-0.009989474388391881 4.695524881617152E-5 
-0.013735010603099361 3.801307277149995E-4 
-0.013781067894271838 3.838575854976362E-4 
-0.010759280561401489 6.064072472077848E-5 
-0.012978691122104227 1.888951193050549E-4 
-0.007560978477122651 2.5607537781359575E-5 
-0.011629265496243463 8.856250337721611E-5 
-0.012239526024225036 1.2181685921868103E-4 
-0.010632112973828404 5.921572943317052E-5 
-0.013814524089633504 3.866555661823543E-4 
-0.013400251195694853 2.3941906434435509E-4 
-0.01226546759939445 1.249000094537304E-4 
-0.007258441731511634 2.234854428939745E-5 
-0.00803307947568432 2.7178569736470854E-5 
-0.01336926259439435 2.3897852720467254E-4 
-0.013852672016443746 3.899391326006389E-4 
-0.010786151514535188 6.2943182573009E-5 
-0.010890866418141677 6.40352695130754E-5 
-0.010478787434915145 5.498932196951549E-5 
-0.008932148078880892 3.4511122899287734E-5 
-0.009191072343586997 3.685985876874106E-5 
-0.01342334990336929 2.454635702363044E-4 
-0.011061978929031404 6.844674133820416E-5 
-0.011053228637034531 6.798584243790904E-5 
-0.011611198223835257 8.758897269780704E-5 
-0.012423725584693651 1.3842972213443612E-4 
-0.004827338769070371 1.4784813503749942E-5 
