-0.00419695509193253 1.1619663975783594E-5 
-0.013894389369165717 3.938205793951295E-4 
-0.013428679849723957 2.441556932669341E-4 
-0.013434345286381495 3.593588483128397E-4 
-0.005185011064832197 1.7623581181850547E-5 
-0.006743996765654445 1.8351579586631927E-5 
-0.008072720832124526 2.6197071863958313E-5 
-0.007547594821108013 2.575105588321871E-5 
-0.00835976147157746 2.7070818977147E-5 
-0.007256821061634777 2.3726286702661777E-5 
-0.009698516010502103 4.114054796853132E-5 
-0.013097098862880937 2.03012964360828E-4 
-0.0071033515431065085 2.063518854090878E-5 
-0.013016370116251317 1.9603803447787116E-4 
-0.009895783023665481 4.446890246956439E-5 
-0.012015293960359679 1.0681084070611241E-4 
-0.012578359282209491 1.5551783485607523E-4 
-0.012528145706963204 1.4715421295221045E-4 
-0.013256712046210664 2.1790075744544776E-4 
-0.008558296384458668 3.0255220733185826E-5 
-0.013192086949655714 2.1249417658535992E-4 
-0.011280995375522164 7.537906920046254E-5 
-0.01211917443006459 1.1331537726718332E-4 
-0.013643913531618753 3.731857017010186E-4 
-0.011377404233844875 7.863751572248066E-5 
-0.007498783425487441 2.4843147922317857E-5 
-0.006932248977325887 1.988293544392103E-5 
-0.010706116722502133 6.068398548585185E-5 
-0.004476581532739527 1.2698422145094986E-5 
-0.011835951750746587 9.738032703289408E-5 
-0.009576410913064898 3.9530160724286896E-5 
-0.011550840368825966 8.785444965860004E-5 
-0.005066516665191991 1.622070690558659E-5 
-0.011188661607219683 7.20756190495885E-5 
-0.013712713165648111 3.783784758745014E-4 
-0.012203328573606545 1.1930754483006469E-4 
-0.0043173762974680315 1.2392240172660106E-5 
-0.012480340335780628 1.4424139949581705E-4 
-0.010997926636941179 6.830557501326583E-5 
-0.012341906870675594 1.3387002692636805E-4 
-0.012621300704201841 1.5918386097154788E-4 
-0.004929064239705346 1.5306028429377923E-5 
-0.010272752524608502 5.177324046161908E-5 
-0.011110359800022592 6.973361484572494E-5 
-0.009200346757847956 3.661024974633657E-5 
-0.009442794743919503 3.8238811475561526E-5 
-0.009342063836276632 3.7558673208574995E-5 
-0.01338359765162866 2.3784802278123152E-4 
-0.013590713172516651 3.694727905595316E-4 
-0.010583391610701797 5.9428003823005634E-5 
-0.009099695847302403 3.589325679345672E-5 
-0.010922093643296202 6.517903362576432E-5 
-0.011743636592758368 9.254943402818083E-5 
-0.012274454678553193 1.2687444625979918E-4 
-0.013275542972261363 2.2428611141952131E-4 
-0.011641189615021216 8.953767242561703E-5 
-0.010378797883126699 5.427642795417567E-5 
-0.012835798000827929 1.7672224394509175E-4 
-0.013338904653557353 2.2873788922092017E-4 
-0.01004493245353984 4.783045577937565E-5 
-0.008690996853519015 3.3629017212067234E-5 
-0.010551292993014742 5.6061861280692894E-5 
-0.013839893488586327 3.888281639359268E-4 
-0.01287232516535907 1.7894249153996267E-4 
-0.011948721047233966 1.0418221308161012E-4 
-0.013749877471892206 3.813178997058994E-4 
-0.01290955934802773 1.834698786422054E-4 
-0.011497699225699175 8.2763212079591E-5 
-0.004815109099478322 1.4691597663299075E-5 
-0.01214771438345753 1.1536223114824335E-4 
-0.012931000437090102 1.8605593778146372E-4 
-0.009977740731820305 4.601385536833057E-5 
-0.008963847106696926 3.532848988536586E-5 
-0.008817854372154618 3.362947935293961E-5 
-0.006806477177159641 1.8880460618770355E-5 
-0.011467602219389212 8.173804300461518E-5 
-0.008601107183412527 3.2344715093702176E-5 
-0.010448180543081328 5.500453353802986E-5 
-0.012386501565788044 1.3408393511422917E-4 
-0.01084267960010422 6.237558893300601E-5 
-0.013487013554262666 3.6591341422911384E-4 
-0.010129526037010284 4.9889980675901105E-5 
-0.01316738510600379 2.0709092669056873E-4 
-0.004623435537615922 1.3466761625843372E-5 
-0.013791912647372999 3.847561771842792E-4 
-0.0133553622566163 2.343278767890551E-4 
-0.012713088136523842 1.688269443216534E-4 
-0.01354443598792647 3.6624868314729086E-4 
-0.01015542507498179 5.1687900160068326E-5 
-0.012421943788605394 1.3929360882485508E-4 
-0.013005994319162998 1.9030020623439067E-4 
-0.00891347584332363 3.403524325219621E-5 
-0.004724121704919236 1.405389799833539E-5 
-0.01264979067389941 1.641954358798394E-4 
-0.012985422924619013 1.8975487063674042E-4 
-0.013888469269155528 3.934315029305768E-4 
-0.01266842325834361 1.645746791225175E-4 
-0.011719695057676099 9.154180984621604E-5 
-0.013308474657650239 2.2625893319955714E-4 
-0.011882648094767256 1.0013911028881268E-4 
