-0.0038186934682498085 1.1238132526605541E-5 
-0.013896538688902456 3.938556341083612E-4 
-0.013499456595012522 2.594829611543682E-4 
-0.013504513940825729 3.6365464123330087E-4 
-0.005135925027558224 1.688963380693191E-5 
-0.006543006733752443 1.7341248539759613E-5 
-0.0077408247483259345 2.4443065797303854E-5 
-0.013752616923443425 3.81538300435797E-4 
-0.007216644488919436 2.3109088103746018E-5 
-0.010611867524869228 5.7439074880383866E-5 
-0.013480802195880687 2.5584604512695854E-4 
-0.008478611357690818 2.846887289615347E-5 
-0.011669379556303358 8.995982357847142E-5 
-0.013841382630252672 3.8895705664310204E-4 
-0.007950824637580987 2.504773913199318E-5 
-0.01257871787313778 1.5649822123385955E-4 
-0.008929807915269594 3.3279800994276174E-5 
-0.01152359303988762 8.517925092314216E-5 
-0.012057405442850316 1.0769855636038606E-4 
-0.012946146879941826 1.8452231345435796E-4 
-0.011973264939831583 1.0447489326103972E-4 
-0.013104710783007296 2.010046933090983E-4 
-0.01317097917674493 2.0835423129153335E-4 
-0.010366582912571911 5.3664302741299375E-5 
-0.012144379589759974 1.1479799010179263E-4 
-0.012513270705286138 1.5206830576615317E-4 
-0.013245220773628835 2.1913340468048974E-4 
-0.01342383763844257 2.431906861966866E-4 
-0.013639368483846396 3.728540315078229E-4 
-0.011823480567801931 1.0020713074391407E-4 
-0.004673873653526207 1.4082131597711605E-5 
-0.010985961616361024 6.605329368948434E-5 
-0.008224248892516144 2.624570701603833E-5 
-0.004573766608572821 1.3323819220006804E-5 
-0.004331789691545937 1.290743865894622E-5 
-0.009346666082713992 3.773651290462613E-5 
-0.013321026446517784 2.2716393857363998E-4 
-0.012625204592506604 1.652590924108349E-4 
-0.008635117562050805 2.8929301298892215E-5 
-0.012856844298202174 1.7885362985681864E-4 
-0.004023086725904391 1.1423145709020711E-5 
-0.009670239974248266 4.055520360850635E-5 
-0.009113710085003076 3.7279836134930885E-5 
-0.01294786887133577 1.920024137511953E-4 
-0.012313924535538267 1.3257311669042122E-4 
-0.012428809342000701 1.3835695164216523E-4 
-0.006963984975476934 2.1488244520818424E-5 
-0.009775189544266833 4.3756602994000685E-5 
-0.007180721270702497 2.2223579402428786E-5 
-0.011757449400102296 9.454172427576309E-5 
-0.009090164352822375 3.559863442334287E-5 
-0.010866694088097793 6.316382198343433E-5 
-0.012183121712082358 1.1879627968575595E-4 
-0.009551903782300714 4.0171562343065436E-5 
-0.012748615722791058 1.6987570482351942E-4 
-0.013053455675117542 1.965038329981629E-4 
-0.011327473969863534 7.665592564664099E-5 
-0.00665912566929258 1.796222159803635E-5 
-0.013549719881073525 3.671033772484221E-4 
-0.011457108638156485 8.115063889761085E-5 
-0.009440336628271522 3.8496679636152104E-5 
-0.005011729915335206 1.6082671818239504E-5 
-0.010018585987442067 4.8402131878147815E-5 
-0.004909649657384981 1.528550715005752E-5 
-0.012399894737452 1.3549751262651298E-4 
-0.013420489351514967 2.430693839780346E-4 
-0.013367092035005714 2.3536989168598926E-4 
-0.013338127510751106 2.2897257492347377E-4 
-0.009910423671161857 4.5931447333690074E-5 
-0.012775779661653178 1.7300518996285496E-4 
-0.012232770720916617 1.2224954408919243E-4 
-0.010715423053892094 5.974362133274197E-5 
-0.011399792613693357 7.940145757153641E-5 
-0.012681217268499672 1.658456231708334E-4 
-0.01248546459160242 1.4419148315499664E-4 
-0.004128739696878891 1.1599068899478757E-5 
-0.013620811248999772 3.7151446571021565E-4 
-0.008169285932679415 2.5907229106570596E-5 
-0.012307199976073071 1.2735479619973525E-4 
-0.011132557257578182 7.349968077191118E-5 
-0.004256360722105017 1.1754963545828215E-5 
-0.013200244614618632 2.136561487443512E-4 
-0.012834252088346956 1.763359264767382E-4 
-0.013026369183709207 1.9323488383130185E-4 
-0.01181379808865331 9.559510752637381E-5 
-0.00876949490141127 3.0343057096119178E-5 
-0.01022447270940168 5.1787934765057796E-5 
-0.012477877864692774 1.4413682972195342E-4 
-0.006774770656217377 1.906753338836622E-5 
-0.012291718455469601 1.2432917456629635E-4 
-0.011047326877420157 7.064655377246381E-5 
-0.010089413262600991 4.930452095611535E-5 
-0.011244315934482692 7.4700666044817E-5 
-0.010163174195460412 5.053452224582613E-5 
-0.00876949490141127 3.0343057096119178E-5 
-0.013364992231990648 2.3529595016030588E-4 
-0.00984244670162737 4.530350797980455E-5 
-0.010300808095465231 5.330071870967621E-5 
-0.013223865401500983 2.153275939429819E-4 
-0.0068306989264419115 1.9420698687754947E-5 
