0.0 0.15708998292172632 0.0 0.0 0.19315054791370406 0.1594509034991947 0.0 0.0 0.14272019009585224 0.15032954740086044 0.0 
0.0 0.2999999189006199 0.0 0.0 0.0 0.0 0.0 0.35 0.35 0.0 0.0 
0.0 0.24677615211345358 0.0 0.0 0.0 0.0 0.0 0.35 0.35 0.0 0.0 
0.10817636939646195 0.19190234285480037 0.0 0.0 0.0 0.0 0.0 0.35 0.34992128178332305 0.0 0.0 
0.10512332170850555 0.15800189859177283 0.0 0.0 0.13812215094430452 0.1125515591893468 0.0 0.10525324872696301 0.14676821487185518 0.15601331862543547 0.0 
0.0 0.20248307689569042 0.0 0.0 0.22844911573754398 0.1854502986529172 0.0 0.0 0.21063797593235473 0.17297953278149372 0.0 
0.0 0.19124043313457711 0.0 0.0 0.2021674689568652 0.17216811369857374 0.0 0.0 0.16055979579223917 0.1592828004289019 0.0 
0.0 0.20333994312152268 0.0 0.0 0.20072437456097902 0.19138036955218557 0.0 0.0 0.17676796456732016 0.16652880579758855 0.0 
0.17916155579437845 0.12157858483797508 0.0 0.12288386203135382 0.0 0.10973379782330084 0.0 0.21700593534363896 0.24963626416935294 0.0 0.0 
0.15951291799423378 0.1251476875975517 0.0 0.1000801130756405 0.0 0.0 0.0 0.3435576437034879 0.27170163762908617 0.0 0.0 
0.15791355366571233 0.14184896282834986 0.0 0.0 0.0 0.0 0.0 0.35 0.35 0.0 0.0 
0.16948493926639577 0.1332805818178088 0.0 0.100908149552424 0.0 0.10618762716895307 0.0 0.15102814520028848 0.19605803155632168 0.10273121638333009 0.0 
0.13183272628778572 0.1685602988249035 0.0 0.0 0.0 0.0 0.0 0.34959579739065033 0.35 0.0 0.0 
0.18152317314395955 0.11533429809197901 0.0 0.11740116264943243 0.0 0.10118569949739248 0.0 0.22777004707345644 0.2567856195437801 0.0 0.0 
0.0 0.17457124070861937 0.0 0.0 0.17978613616446418 0.1568884389812072 0.0 0.0 0.1602569704981049 0.1569412470782036 0.0 
0.12110154566644647 0.1777858687154769 0.0 0.0 0.0 0.0 0.0 0.35 0.35 0.0 0.0 
0.23666550499613653 0.12305856657287964 0.0 0.0 0.0 0.0 0.0 0.35 0.288984153349919 0.0 0.0 
0.19371006289309103 0.12126300792820363 0.0 0.10935788688276815 0.0 0.0 0.0 0.33617742599461153 0.23949161630132565 0.0 0.0 
0.1578019126148615 0.15859272523138954 0.0 0.0 0.0 0.0 0.0 0.3483945354615271 0.33521082669222185 0.0 0.0 
0.1866800527546032 0.1365081958602708 0.0 0.12368787576729334 0.0 0.11539186558936962 0.0 0.16088626544403575 0.2768457445844273 0.0 0.0 
0.16592756956034463 0.11836277051114272 0.0 0.1049769980981785 0.0 0.0 0.0 0.35 0.25341283050312763 0.0 0.0 
0.16902776933258543 0.12345990738359328 0.0 0.11729850013341951 0.0 0.11330025137998462 0.0 0.15599926706907818 0.2397812103406709 0.0 0.0 
0.17896846856276574 0.12988738808672917 0.0 0.13116983155656764 0.0 0.10998970674237259 0.0 0.1632564258351571 0.2541386588568797 0.0 0.0 
0.22590125043680742 0.10467028467667361 0.0 0.12040192083482154 0.0 0.0 0.0 0.28165006225284317 0.2673764817988541 0.0 0.0 
0.1761188173449107 0.12709135640366478 0.0 0.12743654122059406 0.0 0.10691944050300964 0.0 0.17805271585079158 0.24850777975338212 0.0 0.0 
0.1119488568726447 0.1776606778615196 0.0 0.0 0.1277351385121718 0.14580503711687565 0.0 0.11749916354510419 0.20917695609007605 0.11017417000160791 0.0 
0.0 0.16174992542813968 0.0 0.0 0.15360229461932925 0.14121683061480164 0.0 0.0 0.1517678277265287 0.15266186958307332 0.0 
0.19172325140624671 0.11234845000486265 0.0 0.10790301969232101 0.0 0.0 0.0 0.3404288287474106 0.247596450149159 0.0 0.0 
0.2372750092812365 0.11131033143279843 0.0 0.10240100400973125 0.0 0.0 0.0 0.30951120387809483 0.23950245139813897 0.0 0.0 
0.15542580583966076 0.1191486522284648 0.0 0.10079580124854258 0.0 0.0 0.0 0.3447291225216387 0.2799006181616931 0.0 0.0 
0.21533950088478027 0.10594074861437922 0.0 0.10408628886822818 0.0 0.0 0.0 0.334503043964102 0.24013041766851048 0.0 0.0 
0.14832364912554286 0.11628710238177531 0.0 0.10685185637251259 0.0 0.0 0.0 0.35 0.27814549252582654 0.0 0.0 
0.2120144384245429 0.11990893366639213 0.0 0.10364514238932593 0.0 0.0 0.0 0.29917929733537696 0.2652521881843621 0.0 0.0 
0.0 0.30545380242647285 0.0 0.0 0.0 0.0 0.0 0.3472730987867635 0.3472730987867635 0.0 0.0 
0.22041559174059588 0.11500387733372114 0.0 0.14532492103893216 0.0 0.0 0.0 0.2542182250878995 0.26411085878496565 0.0 0.0 
0.1025396165063905 0.1706697582569773 0.0 0.0 0.1381453795489199 0.15029434492671923 0.0 0.10003086398381797 0.18421624578207313 0.15410379099510194 0.0 
0.19932649254437595 0.10363036137190608 0.0 0.12048610748406095 0.0 0.0 0.0 0.3229643649698963 0.2535926736297608 0.0 0.0 
0.14255360513013393 0.156807009511395 0.0 0.0 0.0 0.0 0.0 0.35 0.35 0.0 0.0 
0.18755088033134315 0.11258088065886823 0.0 0.1032518935903016 0.0 0.0 0.0 0.34925253907808207 0.24736380634140506 0.0 0.0 
0.10573709188330963 0.16804033133593552 0.0 0.0 0.15288110337176453 0.14148472580453483 0.0 0.10077868364894145 0.1619037347148079 0.15480273807078612 0.0 
0.17245843127970073 0.13957997202976022 0.0 0.10567748504696436 0.0 0.11120649255875786 0.0 0.15816635848408397 0.2053245430624661 0.10758671753826682 0.0 
0.18762364583626004 0.10923904945168465 0.0 0.10307365417851784 0.0 0.0 0.0 0.33342942812991977 0.26663422240361756 0.0 0.0 
0.2082307496850856 0.1513702571347078 0.0 0.0 0.0 0.0 0.0 0.35 0.290259922033712 0.0 0.0 
0.19094533687637777 0.1411737799360834 0.0 0.0 0.0 0.0 0.0 0.34855270475858263 0.3193281784289562 0.0 0.0 
0.12658781933707972 0.11323211526005629 0.0 0.10702994299683333 0.0 0.0 0.0 0.3470739632911866 0.30598835594647106 0.0 0.0 
0.2225082628497116 0.11073688140181066 0.0 0.15660240326706396 0.0 0.0 0.0 0.25665673898464414 0.24682806414239483 0.0 0.0 
0.22420982277750556 0.10412192185595916 0.0 0.15870908949103568 0.0 0.0 0.0 0.2455470725050034 0.24887970978374319 0.0 0.0 
0.10894669373948442 0.19326888017721977 0.0 0.0 0.0 0.0 0.0 0.35 0.3452920025182219 0.0 0.0 
0.10762159395299348 0.1724907200231079 0.0 0.0 0.13032883637544446 0.11555332838776784 0.0 0.1433690747423335 0.19275703961726867 0.13787940690108436 0.0 
0.16438918755092763 0.15735228797606077 0.0 0.0 0.0 0.0 0.0 0.345669558255234 0.3325889662177775 0.0 0.0 
0.0 0.200724828059153 0.0 0.0 0.2092280866887336 0.20452641660983967 0.0 0.0 0.1868749115715249 0.1719741198574171 0.0 
0.23083621569510399 0.11730368419138675 0.0 0.13132801981491996 0.0 0.0 0.0 0.26740722546079676 0.2531248548377925 0.0 0.0 
0.16911634080422847 0.1566301975664132 0.0 0.0 0.0 0.0 0.0 0.35 0.32227326487144214 0.0 0.0 
0.20345807603575572 0.1396490105530044 0.0 0.0 0.0 0.0 0.0 0.3463770188385481 0.3105158945726917 0.0 0.0 
0.136600587167844 0.10200027959921283 0.0 0.10781827135605644 0.0 0.0 0.0 0.35 0.30285811541410357 0.0 0.0 
0.0 0.2650314488992173 0.0 0.0 0.0 0.0 0.0 0.35 0.35 0.0 0.0 
0.22846953306910583 0.11842137129109871 0.0 0.15501451962251603 0.0 0.0 0.0 0.24837872556782964 0.24971585044944972 0.0 0.0 
0.10755664042885534 0.17093200856130078 0.0 0.0 0.15551191706568102 0.1439194279745045 0.0 0.10251290674879567 0.16210047951794265 0.15746661970291992 0.0 
0.17865074223218805 0.12874069405473168 0.0 0.1333604977761072 0.0 0.11177375685314278 0.0 0.18993620114490134 0.25753810793892895 0.0 0.0 
0.13736838968079157 0.11530127975689948 0.0 0.10249133616408844 0.0 0.0 0.0 0.35 0.29200090997021705 0.0 0.0 
0.0 0.2850741592250891 0.0 0.0 0.0 0.0 0.0 0.35 0.35 0.0 0.0 
0.1865625438342316 0.11916370575156927 0.0 0.13109455845393708 0.0 0.11553720187317935 0.0 0.18991760950781555 0.2556002296685945 0.0 0.0 
0.14345583525265515 0.12267011210640702 0.0 0.10044696121927696 0.0 0.0 0.0 0.34748193891607254 0.2859451525055884 0.0 0.0 
0.18136425428051858 0.11690465998814448 0.0 0.10105602569536865 0.0 0.0 0.0 0.34922422452271734 0.2514508355132509 0.0 0.0 
0.2010785467701062 0.119437203001892 0.0 0.14635843739471066 0.0 0.0 0.0 0.28364227198436 0.24948354084893112 0.0 0.0 
0.16930213148439469 0.11434423189340386 0.0 0.12185858151513841 0.0 0.10250829446915127 0.0 0.1707579284939295 0.2393042855653902 0.0 0.0 
0.0 0.19790034426347486 0.0 0.0 0.22327870232057206 0.18125306326751928 0.0 0.0 0.20587067616247662 0.16906454412300193 0.0 
0.21360101080758329 0.1121385908641216 0.0 0.11961168081621841 0.0 0.0 0.0 0.2881962439060928 0.26645247360598406 0.0 0.0 
0.10533396562997861 0.17280944556229966 0.0 0.0 0.1399816536557252 0.14073825900289497 0.0 0.112183731612968 0.21560727891667256 0.11334566561946106 0.0 
0.2023668804358315 0.11266532532776374 0.0 0.11347891416282221 0.0 0.1126579591324534 0.0 0.20232422729091895 0.25650669365021034 0.0 0.0 
0.23080861134173716 0.11196283818211317 0.0 0.12775139539754313 0.0 0.0 0.0 0.27720485423319857 0.25227230084540797 0.0 0.0 
0.16864840180215723 0.135134394271911 0.0 0.1013722501727161 0.0 0.10801566189909073 0.0 0.14974333914626234 0.1731289539780207 0.1018065570576378 0.0 
0.10265102153786307 0.17700961285106193 0.0 0.0 0.12746399409948805 0.15065745913423645 0.0 0.10364823465635081 0.21395067521525024 0.12461900250574937 0.0 
0.1725681335402128 0.11022501014756346 0.0 0.12126090695769817 0.0 0.10687053720402256 0.0 0.17567152937356756 0.23642717160606064 0.0 0.0 
0.2207887688449133 0.1253824741556693 0.0 0.0 0.0 0.0 0.0 0.35 0.30262547330356177 0.0 0.0 
0.0 0.25571926348575197 0.0 0.0 0.0 0.0 0.0 0.35 0.35 0.0 0.0 
0.14685279656650593 0.1559706596001935 0.0 0.0 0.0 0.0 0.0 0.34858827191665026 0.34858827191665026 0.0 0.0 
0.19327453354600294 0.13891092600051497 0.0 0.10148524260074064 0.0 0.10867855947436562 0.0 0.14368463341053275 0.20657385105536943 0.10739225391247353 0.0 
0.21540377989054604 0.11210240882966524 0.0 0.12608283758536584 0.0 0.0 0.0 0.30503259293742946 0.2413783807569934 0.0 0.0 
0.199545863246792 0.13506751240867854 0.0 0.0 0.0 0.0 0.0 0.35 0.31407915868158337 0.0 0.0 
0.1781475862820533 0.1400927660704426 0.0 0.10606572688265434 0.0 0.11161504706582687 0.0 0.15001802818746718 0.206078871928973 0.10798197358258271 0.0 
0.23359134008982085 0.12342531209461789 0.0 0.16211425639961077 0.0 0.0 0.0 0.2335323193605186 0.24733677205543192 0.0 0.0 
0.10238785076797072 0.16938462082890937 0.0 0.0 0.13759614078658933 0.1505699507731013 0.0 0.10410368049123671 0.19463816892141034 0.1413195874307824 0.0 
0.15255844676142272 0.1738264105926149 0.0 0.0 0.0 0.0 0.0 0.3488390298752483 0.3247761127707141 0.0 0.0 
0.13920241405547357 0.11684068309414156 0.0 0.10385971217224767 0.0 0.0 0.0 0.34419773616241633 0.2958994545157209 0.0 0.0 
0.18741644797608206 0.13076621998359955 0.0 0.0 0.0 0.0 0.0 0.35 0.3261857653714127 0.0 0.0 
0.0 0.2705357939939474 0.0 0.0 0.0 0.0 0.0 0.35 0.35 0.0 0.0 
0.24748442302682855 0.11941213773222466 0.0 0.0 0.0 0.0 0.0 0.35 0.28110893525870917 0.0 0.0 
0.21845792642585288 0.12070241651054664 0.0 0.10370474433525712 0.0 0.0 0.0 0.32183328305841524 0.23530162966992807 0.0 0.0 
0.0 0.2775322911881998 0.0 0.0 0.0 0.0 0.0 0.35 0.35 0.0 0.0 
0.21395095294351218 0.10760961277800545 0.0 0.15720376301103176 0.0 0.0 0.0 0.26553136185269116 0.25570430941475936 0.0 0.0 
0.10129058641784829 0.17551110352971605 0.0 0.0 0.13538427799831246 0.1476718266115168 0.0 0.11205050680404763 0.19410765673881636 0.1339840418997425 0.0 
0.1888932071029161 0.129592981288369 0.0 0.0 0.0 0.0 0.0 0.35 0.32875596564602816 0.0 0.0 
0.2023668804358315 0.11266532532776374 0.0 0.11347891416282221 0.0 0.1126579591324534 0.0 0.20232422729091895 0.25650669365021034 0.0 0.0 
0.21641522905637972 0.1184100255621826 0.0 0.10273505002422274 0.0 0.0 0.0 0.3188239713274652 0.2436157240297499 0.0 0.0 
0.1953844906495746 0.1396729293505333 0.0 0.0 0.0 0.0 0.0 0.3465350232631149 0.31370382362234944 0.0 0.0 
0.23031969370266483 0.10671754963678678 0.0 0.12275688370147345 0.0 0.0 0.0 0.2675997263701038 0.2726061465889712 0.0 0.0 
0.24705648007619788 0.12045638055613224 0.0 0.0 0.0 0.0 0.0 0.34916076069965607 0.28332637866801386 0.0 0.0 
0.10297442205646583 0.1721451588556872 0.0 0.0 0.13903874405255698 0.15122889993158822 0.0 0.10074350826887235 0.19226633161944517 0.14160293521538428 0.0 
0.0 0.25216015061413444 0.0 0.0 0.0 0.0 0.0 0.35 0.35 0.0 0.0 
