0.0 0.14580600275904368 0.0 0.0 0.1427070172433126 0.10946335255326489 0.0 0.0 0.10800448573727231 0.14622748364572727 0.0 
0.0 0.2999954222659004 0.0 0.0 0.0 0.0 0.0 0.35 0.35 0.0 0.0 
0.0 0.24576413931792493 0.0 0.0 0.0 0.0 0.0 0.35 0.35 0.0 0.0 
0.10638461200644549 0.1935896206527074 0.0 0.0 0.0 0.0 0.0 0.35 0.35 0.0 0.0 
0.1002335227045114 0.17115498387479958 0.0 0.0 0.14566596856917002 0.1416988912291662 0.0 0.10003395504313388 0.18864496733619893 0.13795130922596324 0.0 
0.0 0.20589687059393116 0.0 0.0 0.22229600785216405 0.19414494768923438 0.0 0.0 0.22626161008235798 0.1514005637823124 0.0 
0.0 0.16529194314344872 0.0 0.0 0.20364892146218816 0.16848012684948954 0.0 0.0 0.1643232884251469 0.11910555464058162 0.0 
0.10337343679076809 0.17509773291796743 0.0 0.0 0.12154746924761457 0.1253613083764061 0.0 0.15855733716746248 0.17914469628737242 0.13691801921240893 0.0 
0.0 0.2582778344927689 0.0 0.0 0.0 0.0 0.0 0.35 0.35 0.0 0.0 
0.20756955897160698 0.10773247131804825 0.0 0.10666179928310962 0.0 0.10054760395508625 0.0 0.21603562585779845 0.2614529406143503 0.0 0.0 
0.16862541061605718 0.1459393725801408 0.0 0.0 0.0 0.0 0.0 0.35 0.3353849795137391 0.0 0.0 
0.11027358260231328 0.11761675457376547 0.0 0.12071788900916998 0.14355521256576226 0.10046882646222316 0.0 0.15282067504831162 0.2545470597384541 0.0 0.0 
0.1755701013036914 0.14538401761469483 0.0 0.0 0.0 0.0 0.0 0.3451041134483553 0.33394176763325845 0.0 0.0 
0.11029586220922578 0.17942969392782132 0.0 0.0 0.1332448281205994 0.13428670436337703 0.0 0.13899018872233795 0.19030266097147303 0.11345006168516553 0.0 
0.11590310897033577 0.18394469384479908 0.0 0.0 0.0 0.0 0.0 0.35 0.35 0.0 0.0 
0.19789213098566605 0.10178449240778653 0.0 0.10532956134835143 0.0 0.0 0.0 0.3448471986057688 0.25014661665242716 0.0 0.0 
0.0 0.26952291412383483 0.0 0.0 0.0 0.0 0.0 0.35 0.35 0.0 0.0 
0.2182800864707059 0.12622347861616207 0.0 0.16137832412828332 0.0 0.0 0.0 0.23803767109444235 0.2560804396904063 0.0 0.0 
0.18320517799632913 0.15398946902106725 0.0 0.0 0.0 0.0 0.0 0.35 0.3126733649719903 0.0 0.0 
0.14631302991184914 0.1050916517457909 0.0 0.10154102760117789 0.0 0.0 0.0 0.35 0.2962862271040651 0.0 0.0 
0.166054942465094 0.1052503883219509 0.0 0.10238406511695008 0.0 0.0 0.0 0.34437118354309043 0.28193942055291465 0.0 0.0 
0.15806567679234812 0.12687324426274316 0.0 0.11200256657882804 0.0 0.0 0.0 0.35 0.25226769414693945 0.0 0.0 
0.21938128464626797 0.1307618406069248 0.0 0.0 0.0 0.0 0.0 0.35 0.29936995156852414 0.0 0.0 
0.21863189326163054 0.10089787901550615 0.0 0.10171120318529536 0.0 0.0 0.0 0.32903384294180066 0.24972518159576726 0.0 0.0 
0.11295309944366758 0.1204747017562961 0.0 0.12365119006840322 0.12274462332521655 0.10291009939617228 0.0 0.15653403560879905 0.2607322504014452 0.0 0.0 
0.18137043001088857 0.12818609831932484 0.0 0.1334964907449447 0.0 0.1101082898720377 0.0 0.14449558461879872 0.2593363180997966 0.0 0.0 
0.21446577475692039 0.14955434130651052 0.0 0.0 0.0 0.0 0.0 0.3494858971829657 0.2850024208357998 0.0 0.0 
0.18438848636373373 0.13815657695114872 0.0 0.0 0.0 0.0 0.0 0.34343664738345053 0.334018289301667 0.0 0.0 
0.2201914158332634 0.1128984685629816 0.0 0.13323736868423788 0.0 0.0 0.0 0.2919794693349071 0.24169327758460996 0.0 0.0 
0.17913480112669852 0.11393868689717125 0.0 0.1361366048924875 0.0 0.10539295908402373 0.0 0.20377395870416107 0.26162298929545796 0.0 0.0 
0.1283911652625835 0.12780623285764697 0.0 0.10111619374879499 0.0 0.0 0.0 0.3488440638849751 0.29384234424599937 0.0 0.0 
0.1691378750256858 0.13830339607526046 0.0 0.13520480628070575 0.0 0.10166974373726102 0.0 0.14925434115882982 0.26443813222479157 0.0 0.0 
0.2349054446859078 0.13821219128411563 0.0 0.0 0.0 0.0 0.0 0.34613462660660005 0.2807477374233765 0.0 0.0 
0.18655258006293873 0.11074750545976134 0.0 0.10630629935610873 0.0 0.0 0.0 0.3478361081231193 0.248557506998072 0.0 0.0 
0.10399388047860089 0.174682934198263 0.0 0.0 0.14588187594108554 0.13960885814810828 0.0 0.10796809563203287 0.1879166435714333 0.13994771203047626 0.0 
0.1040530223639229 0.17497950311856814 0.0 0.0 0.13502518486654794 0.1330049555148461 0.0 0.12711612067316297 0.18469842556237212 0.1411227879005798 0.0 
0.0 0.17206366530512382 0.0 0.0 0.1713541502547957 0.17806878128934722 0.0 0.0 0.16413242582479343 0.14011589800058866 0.0 
0.0 0.2774913064684032 0.0 0.0 0.0 0.0 0.0 0.35 0.35 0.0 0.0 
0.0 0.17371313733499671 0.0 0.0 0.19436891059780065 0.17541928250710373 0.0 0.0 0.20044294392623643 0.11136714431268789 0.0 
0.19368671986711175 0.12722308172875152 0.0 0.13591547999748302 0.0 0.10901946358536076 0.0 0.1671162297698076 0.2670390250514854 0.0 0.0 
0.12600088551174055 0.10800302705599771 0.0 0.10196724998852304 0.0 0.0 0.0 0.35 0.31402446098785647 0.0 0.0 
0.0 0.17008889310051972 0.0 0.0 0.20212450130334803 0.17997236650426401 0.0 0.0 0.18204586318214297 0.14869474530916438 0.0 
0.23797926123054441 0.12870967281483442 0.0 0.1315682906913319 0.0 0.0 0.0 0.2522943766380837 0.2494483986252055 0.0 0.0 
0.20523105993108792 0.11361717191976503 0.0 0.1141242774719179 0.0 0.0 0.0 0.3214365255948028 0.24559096508242634 0.0 0.0 
0.0 0.2074639668735691 0.0 0.0 0.2219778598900853 0.18903462085972972 0.0 0.0 0.1943422581947588 0.1713435432271109 0.0 
0.1906363426113936 0.12521944206169527 0.0 0.13377494352100805 0.0 0.10730251318019336 0.0 0.16448431186288584 0.26283342040824975 0.0 0.0 
0.20008168670361132 0.10530022145357741 0.0 0.10689277480568403 0.0 0.0 0.0 0.3368981933202556 0.25082712371687155 0.0 0.0 
0.0 0.20229434176713348 0.0 0.0 0.21644657494044411 0.1843242215710786 0.0 0.0 0.1894996022273383 0.1670739734495682 0.0 
0.12547862939957924 0.12823481045829377 0.0 0.10145527060548995 0.0 0.0 0.0 0.35 0.2948276971826253 0.0 0.0 
0.18347624772379018 0.11679113026114964 0.0 0.13185028024557804 0.0 0.10925504704632841 0.0 0.16570410511879902 0.2583455893883798 0.0 0.0 
0.22247120227505987 0.118856694845723 0.0 0.1281267393216978 0.0 0.0 0.0 0.24897188762868047 0.2815734759288389 0.0 0.0 
0.0 0.29333241292342777 0.0 0.0 0.0 0.0 0.0 0.35 0.35 0.0 0.0 
0.21724881828157805 0.11189915848496794 0.0 0.1123985960575651 0.0 0.0 0.0 0.31657606075418565 0.24187736642170318 0.0 0.0 
0.24283546291964425 0.10812713059018307 0.0 0.14859890302283013 0.0 0.0 0.0 0.24002667717020754 0.25355205083978416 0.0 0.0 
0.20389949598147605 0.11680358418079555 0.0 0.1030360545271485 0.0 0.0 0.0 0.3352682220927861 0.24099264321779373 0.0 0.0 
0.18627040998611388 0.10269032581122453 0.0 0.10381119292458604 0.0 0.0 0.0 0.35 0.25513179634006805 0.0 0.0 
0.2156536307333978 0.10153829199092203 0.0 0.10861937600341727 0.0 0.0 0.0 0.3222729824032536 0.2519157188690093 0.0 0.0 
0.1780266128081732 0.10355411991243227 0.0 0.1082764527220521 0.0 0.0 0.0 0.35 0.25920421854873316 0.0 0.0 
0.10698510738161778 0.17588851221351898 0.0 0.0 0.1315803510168283 0.13326238859941517 0.0 0.12980179829767483 0.1913724038456795 0.11184760675820557 0.0 
0.23159787576902363 0.11388733844115377 0.0 0.11754591072991502 0.0 0.0 0.0 0.30417430835018305 0.22864067873574362 0.0 0.0 
0.14410252015303052 0.1557770577914299 0.0 0.0 0.0 0.0 0.0 0.35 0.3489763412069856 0.0 0.0 
0.0 0.2839695229449902 0.0 0.0 0.0 0.0 0.0 0.35 0.35 0.0 0.0 
0.16126817829401285 0.14477578668689178 0.0 0.0 0.0 0.0 0.0 0.35 0.3425522515825629 0.0 0.0 
0.1513696999920015 0.10601072425919994 0.0 0.10081689807471743 0.0 0.0 0.0 0.34854292031239226 0.29325975736168886 0.0 0.0 
0.12381507622616693 0.17755527909136554 0.0 0.0 0.1370128155358733 0.13496284751117885 0.0 0.12898732640611835 0.1912401439128507 0.10642651131644629 0.0 
0.1498250039435321 0.15642739006996412 0.0 0.0 0.0 0.0 0.0 0.35 0.3423230925902464 0.0 0.0 
0.1703654796879092 0.12701825190494126 0.0 0.0 0.0 0.0 0.0 0.35 0.3469843358719182 0.0 0.0 
0.1787257555995408 0.13720726077971476 0.0 0.1294590089845989 0.0 0.10265487906936248 0.0 0.18646552803895425 0.26548756752782876 0.0 0.0 
0.1835530323219436 0.12877532642106487 0.0 0.13457014513150437 0.0 0.1044645323428678 0.0 0.18909018677145698 0.2595467770111624 0.0 0.0 
0.15612904397434055 0.14348296741031222 0.0 0.0 0.0 0.0 0.0 0.35 0.35 0.0 0.0 
0.23110035252629688 0.1101543306593383 0.0 0.1292534962360055 0.0 0.0 0.0 0.2747799393787542 0.2547118811996052 0.0 0.0 
0.2166301788859624 0.11158051358589505 0.0 0.1120785289562427 0.0 0.0 0.0 0.3156745763436352 0.24118859458414005 0.0 0.0 
0.0 0.20405219480343859 0.0 0.0 0.22030440854895386 0.20136478207212577 0.0 0.0 0.22423448206806218 0.15004413250741963 0.0 
0.0 0.17835541015380343 0.0 0.0 0.22838901227758088 0.16563985565447067 0.0 0.0 0.18519792863036913 0.15310291477382312 0.0 
0.10193848125965267 0.17132290609508563 0.0 0.0 0.14536503452120297 0.13429006774576438 0.0 0.11923650006287181 0.1892778435170511 0.13856916679837128 0.0 
0.20833494146592776 0.12606028389990173 0.0 0.0 0.0 0.0 0.0 0.35 0.3078212697846171 0.0 0.0 
0.14187223396113718 0.15809582310901463 0.0 0.0 0.0 0.0 0.0 0.35 0.35 0.0 0.0 
0.0 0.21192492475421543 0.0 0.0 0.21105103936193267 0.1941303638915195 0.0 0.0 0.20215628866770616 0.18073738332462636 0.0 
0.2460017563302985 0.11513355072683903 0.0 0.13160719330706042 0.0 0.0 0.0 0.2728290779080433 0.2344284217277588 0.0 0.0 
0.13279584733302038 0.16720110587622164 0.0 0.0 0.0 0.0 0.0 0.35 0.35 0.0 0.0 
0.17326797967689142 0.1187135756350388 0.0 0.11484810264482072 0.0 0.10285483165273593 0.0 0.21379343351469662 0.2765220768758164 0.0 0.0 
0.0 0.28844962368133475 0.0 0.0 0.0 0.0 0.0 0.35 0.35 0.0 0.0 
0.23797926123054444 0.12870967281483445 0.0 0.13156829069133194 0.0 0.0 0.0 0.25229437663808374 0.24944839862520551 0.0 0.0 
0.15120602121022791 0.13322568093504955 0.0 0.12247133291032956 0.0 0.10633261468147205 0.0 0.21949745529223497 0.2672668949706861 0.0 0.0 
0.2046954967293186 0.12842890390062056 0.0 0.0 0.0 0.0 0.0 0.35 0.31572882547054326 0.0 0.0 
0.22995174147123892 0.12283186930027074 0.0 0.11558308435545062 0.0 0.0 0.0 0.2717134769723824 0.2599198279006572 0.0 0.0 
0.16212619851113363 0.10054238155137796 0.0 0.10478015099222833 0.0 0.0 0.0 0.35 0.2802003412780256 0.0 0.0 
0.10172030761389478 0.17369376172401263 0.0 0.0 0.14782666249706694 0.1438007406650775 0.0 0.10151777972345086 0.1914431777861441 0.1399975699903533 0.0 
0.19776931543877385 0.14096307138120034 0.0 0.0 0.0 0.0 0.0 0.35 0.3036926313774812 0.0 0.0 
0.1586143126243093 0.10110042046378018 0.0 0.10255044713483566 0.0 0.0 0.0 0.3477679816805284 0.28996683809654655 0.0 0.0 
0.17825033265330129 0.118313567110325 0.0 0.13546443770696345 0.0 0.10487258700086868 0.0 0.20276783571164603 0.26033123981689565 0.0 0.0 
0.22400341904219012 0.11524029620927048 0.0 0.11403297675937589 0.0 0.0 0.0 0.30030059139221527 0.2464227165969483 0.0 0.0 
0.12341859451345942 0.17681365455053014 0.0 0.0 0.0 0.0 0.0 0.35 0.3494737177920399 0.0 0.0 
0.12345489434418198 0.1768656589162817 0.0 0.0 0.0 0.0 0.0 0.35 0.34957650487082526 0.0 0.0 
0.20259633837344243 0.12337937825813365 0.0 0.12561368457768893 0.0 0.10656716839623706 0.0 0.17555808565442496 0.26628534474007287 0.0 0.0 
0.20402700289583936 0.12800948123783676 0.0 0.0 0.0 0.0 0.0 0.35 0.3146977193824704 0.0 0.0 
0.0 0.20332104729932302 0.0 0.0 0.21920412078649962 0.18867703023553076 0.0 0.0 0.20889167893379512 0.17109481254628878 0.0 
0.1102735826023133 0.1176167545737655 0.0 0.12071788900917 0.14355521256576229 0.10046882646222319 0.0 0.15282067504831165 0.25454705973845415 0.0 0.0 
0.13262608736056491 0.16698736383761037 0.0 0.0 0.0 0.0 0.0 0.349552576443069 0.349552576443069 0.0 0.0 
0.1574565928049886 0.11066863646413391 0.0 0.10336964775475144 0.0 0.0 0.0 0.35 0.27789308630750037 0.0 0.0 
