-0.014955806920304897 5.382172823917211E-4 
-0.007214583562988689 4.1701234298391235E-5 
-0.014955806920304897 5.382172823917211E-4 
-0.007214583562988689 4.1701234298391235E-5 
-0.01260573758171781 1.8932609124326275E-4 
-0.013303195293772023 2.599240487856071E-4 
-0.01006685977009984 8.0089797057864E-5 
-0.014451134022599905 4.368178103059075E-4 
-0.010321603544150753 8.565685825419344E-5 
-0.007574805927398705 4.260331752458204E-5 
-0.014228125070526525 3.7611177189136207E-4 
-0.012798411703892298 1.9898289081817031E-4 
-0.01314679511886144 2.3375669153578076E-4 
-0.011573487396537758 1.242753120343386E-4 
-0.012450857594756557 1.8620283423712546E-4 
-0.01453667172851136 4.6663042329568203E-4 
-0.0117146959452871 1.319536299785398E-4 
-0.014481723728033368 4.583839939461447E-4 
-0.009051470801247592 6.080012642343368E-5 
-0.014293878102805517 3.880464297092959E-4 
-0.01435691161054658 4.171283179008976E-4 
-0.010631940858125903 9.35840240230836E-5 
-0.010790847301946167 1.025047016891251E-4 
-0.007310483627100572 4.176673830878494E-5 
-0.014076573076202064 3.392315455789646E-4 
-0.014323800293008605 4.0121894228810795E-4 
-0.008896935434381064 5.993592400075566E-5 
-0.012386411593287605 1.7546380736496581E-4 
-0.013979867772757382 3.2294753344436255E-4 
-0.01196828348999385 1.4374835131255649E-4 
-0.008773410179969084 5.538766528242929E-5 
-0.009227033939560998 6.467355129308823E-5 
-0.014031399103150008 3.304021294440021E-4 
-0.013439561766552918 2.660166335193712E-4 
-0.01234138703606878 1.7010720237573468E-4 
-0.01145930865986658 1.1983087725516666E-4 
-0.0094350569219118 7.00412684927555E-5 
-0.014131782766647807 3.479168189169969E-4 
-0.013079578362509517 2.2100885828872711E-4 
-0.011250331336496307 1.1318756399455795E-4 
-0.011330684331671424 1.1804411850626986E-4 
-0.00994335446286686 7.883652042297423E-5 
-0.012199204197016344 1.6566116609137302E-4 
-0.014206300640645004 3.642286265627629E-4 
-0.014901651634954303 5.1814545662643E-4 
-0.011123473103259732 1.110847919899491E-4 
-0.014878151116801623 5.098085883691453E-4 
-0.014760401119012384 4.714380987751534E-4 
-0.010397070348043394 8.930052193629602E-5 
-0.008552237369052406 5.241609842474414E-5 
-0.009311177329215959 6.662971884494333E-5 
-0.014417870127852242 4.3154541454042773E-4 
-0.013244970245762558 2.3940178331309205E-4 
-0.013280424449506275 2.4375273598656354E-4 
-0.014404490349867738 4.21153359224156E-4 
-0.013927645521606715 3.141276247160244E-4 
-0.009554558693361009 7.244234461603453E-5 
-0.010842943712322386 1.0422947012052668E-4 
-0.011849321719760457 1.391541554925349E-4 
-0.01353078916620949 2.756927062598675E-4 
-0.01297617181954908 2.1508390721888457E-4 
-0.014769077391749846 4.740718362580262E-4 
-0.009825683059991298 7.557862608584609E-5 
-0.00863436570951763 5.410627419685297E-5 
-0.014842738518623309 4.976725618932901E-4 
-0.013827425514004356 3.025120762460118E-4 
-0.014806764803612201 4.8586945116971204E-4 
-0.007750069219525589 4.324492119302497E-5 
-0.007990022876614352 4.540009777666523E-5 
-0.008176230025192525 4.682573116086212E-5 
-0.012849520950171165 2.0301655272637154E-4 
-0.008199719156071272 4.792331168376774E-5 
-0.011790751007945138 1.3754798877307884E-4 
-0.010999069030704781 1.0711025955049386E-4 
-0.013444626929466054 2.727328811872834E-4 
-0.012053256432433523 1.4884823170193814E-4 
-0.008384952686310856 4.933685753065548E-5 
-0.014308723168997726 3.9666727164260215E-4 
-0.007808246561994921 4.3715314091488316E-5 
-0.0141633024031727 3.5453482266968627E-4 
-0.013858121729700712 3.125412473626224E-4 
-0.014855402283322508 5.019535610205099E-4 
-0.014812229775016745 4.8762842934493806E-4 
-0.009666511162765233 7.338081320987912E-5 
-0.013650117610571711 2.8641849468938145E-4 
-0.008410339158871842 4.9754068157631176E-5 
-0.010538233105232704 9.063456259119664E-5 
-0.007959168583856471 4.4722615472435844E-5 
-0.014924281391174212 5.263869212987444E-4 
-0.013752250870020355 2.948310095450684E-4 
-0.01303495612904542 2.2066661467192136E-4 
-0.01377328771303193 3.0097999216852295E-4 
-0.014182967675164648 3.592253383459381E-4 
-0.009736413628809606 7.485625698289001E-5 
-0.012917426176589539 2.073077885050375E-4 
-0.012193349698621724 1.5964132447969864E-4 
-0.011024030519519716 1.082222317856076E-4 
-0.01451935682864076 4.5906794018730715E-4 
-0.01294671782524581 2.0883386333309226E-4 
-0.01213437903734737 1.5785851763095313E-4 
