0.0 0.30000000000000027 0.0 0.0 0.0 0.0 0.0 0.35 0.35 0.0 0.0 
0.0 0.11991690594374624 0.0 0.1477567568780933 0.0 0.10290374690462198 0.2403179509946264 0.13516029915103542 0.0 0.0 0.2539443401278768 
0.0 0.30000000000000027 0.0 0.0 0.0 0.0 0.0 0.35 0.35 0.0 0.0 
0.0 0.0 0.0 0.16428388817356546 0.0 0.0 0.2567888096227749 0.27819590775432534 0.0 0.0 0.3007313944493342 
0.0 0.11326580575988816 0.0 0.15333522589720888 0.0 0.10021510379254055 0.22668622385860188 0.16259178438754956 0.0 0.0 0.24390585630421108 
0.0 0.20696359670292014 0.0 0.10438103350391016 0.0 0.0 0.10551206553776787 0.35 0.2331433042554019 0.0 0.0 
0.0 0.11509584627944472 0.0 0.14531594096850878 0.0 0.10245449601165053 0.2120577644522446 0.17303098884166895 0.0 0.0 0.2520449634464825 
0.0 0.32481766296928416 0.0 0.0 0.0 0.0 0.0 0.35 0.325182337030716 0.0 0.0 
0.0 0.0 0.0 0.15425540091626813 0.0 0.0 0.2610835723882413 0.289646468278727 0.0 0.0 0.29501455841676355 
0.0 0.31249284346750916 0.0 0.1266883172024698 0.0 0.0 0.0 0.35 0.21081883933002105 0.0 0.0 
0.0 0.2352294781720899 0.0 0.1594643507365905 0.0 0.0 0.1284265306939395 0.3304494530337104 0.14643018736366975 0.0 0.0 
0.0 0.10682173942957165 0.0 0.12759843118365286 0.0 0.0 0.1510284004937144 0.33606995037351667 0.10837131433283277 0.0 0.17011016418671168 
0.0 0.11820180918710955 0.0 0.14587010439841097 0.0 0.10458237149933602 0.23656496855443657 0.1402457320810594 0.0 0.0 0.2545350142796476 
0.0 0.24974956222765293 0.0 0.14257392277789052 0.0 0.0 0.10910810852555117 0.3497446942809375 0.14882371218796794 0.0 0.0 
0.0 0.3423391573657624 0.0 0.0 0.0 0.0 0.15828404328144907 0.34033073976009554 0.15904605959269302 0.0 0.0 
0.0 0.19923911210100478 0.0 0.10847429904202209 0.0 0.0 0.13594950336424896 0.337314814320838 0.10123759821474533 0.0 0.11778467295714082 
0.0 0.1973631518692996 0.0 0.10761670824737174 0.0 0.0 0.12259898979156186 0.3468385636770818 0.12199654361310348 0.0 0.1035860428015815 
0.0 0.21901983658711174 0.0 0.10044864408983482 0.0 0.0 0.11223469124844498 0.35 0.21829682807460857 0.0 0.0 
0.0 0.12969045164530077 0.0 0.13611268622399803 0.0 0.10149287447986084 0.21586659058101773 0.18088391154135078 0.0 0.0 0.23595348552847178 
0.0 0.2297071083261579 0.0 0.0 0.0 0.0 0.10769580394507693 0.35 0.3125970877287654 0.0 0.0 
0.0 0.29027097620215114 0.0 0.13951044269998947 0.0 0.0 0.10437348965099393 0.340325258055896 0.12551983339096962 0.0 0.0 
0.0 0.12624762846635715 0.0 0.12247449787114342 0.0 0.0 0.18000707156152804 0.3180244549108322 0.1050039173779626 0.0 0.14824242981217656 
0.0 0.0 0.0 0.17458849620806963 0.0 0.0 0.26990731020217806 0.23264626613111516 0.0 0.0 0.3228579274586372 
0.0 0.0 0.0 0.14104636556766084 0.0 0.0 0.23057800296904482 0.3136621108086678 0.0 0.0 0.3147135206546267 
0.0 0.31349257799183616 0.0 0.0 0.0 0.0 0.0 0.35 0.3365074220081638 0.0 0.0 
0.0 0.0 0.0 0.17063766778410086 0.0 0.0 0.19463830950834815 0.2893684688891614 0.1035562783220999 0.0 0.2417992754962897 
0.0 0.15365202053135807 0.0 0.13225517393621564 0.0 0.0 0.1515743397992371 0.3347857840408269 0.10729812817723097 0.0 0.1204345535151313 
0.0 0.3396306168866003 0.0 0.0 0.0 0.0 0.12901310892298393 0.35 0.1813562741904158 0.0 0.0 
0.0 0.21233412268448085 0.0 0.0 0.0 0.0 0.1016527484231856 0.35 0.33601312889233353 0.0 0.0 
0.0 0.21175490835627422 0.0 0.15817006247495682 0.0 0.0 0.13415086845196972 0.3441390760755926 0.1517850846412067 0.0 0.0 
0.0 0.323267114424221 0.0 0.0 0.0 0.0 0.11742635468373454 0.35 0.20930653089204443 0.0 0.0 
0.0 0.30489360214627803 0.0 0.0 0.0 0.0 0.1030107951058999 0.35 0.24209560274782205 0.0 0.0 
0.0 0.0 0.0 0.16780433446543874 0.0 0.0 0.27215865156568414 0.2426939685869505 0.0 0.0 0.31734304538192665 
0.0 0.19738765412533565 0.0 0.10641932238723265 0.0 0.0 0.12844836836090234 0.34254047220298756 0.1060689033894995 0.0 0.1191352795340423 
0.0 0.0 0.0 0.17312590010143725 0.0 0.0 0.27858469172420713 0.2482550247701618 0.0 0.0 0.30003438340419386 
0.0 0.10845240939977975 0.0 0.12954626437835598 0.0 0.0 0.15333390009191217 0.3412001717955778 0.11002563908787052 0.0 0.15744161524650377 
0.0 0.28253132489196187 0.0 0.0 0.0 0.0 0.12561020978491777 0.35 0.24185846532312041 0.0 0.0 
0.0 0.3379250525706642 0.0 0.0 0.0 0.0 0.0 0.35 0.3120749474293358 0.0 0.0 
0.0 0.0 0.0 0.1822809587277678 0.0 0.0 0.19790701838575198 0.2800976871639353 0.10296512126925923 0.0 0.23674921445328578 
0.0 0.0 0.0 0.15222156647122106 0.0 0.0 0.16817488618676693 0.34259483360470344 0.10028813986859372 0.0 0.23672057386871498 
0.0 0.35 0.0 0.0 0.0 0.0 0.11320168402987298 0.34701896060720355 0.1897793553629236 0.0 0.0 
0.0 0.332254355127451 0.0 0.0 0.0 0.0 0.0 0.35 0.3177456448725489 0.0 0.0 
0.0 0.35 0.0 0.0 0.0 0.0 0.1420280107193017 0.35 0.15797198928069833 0.0 0.0 
0.0 0.1345799747102571 0.0 0.13904341087784597 0.0 0.10119980489372711 0.1938616449508171 0.1953724961644138 0.0 0.0 0.235942668402939 
0.0 0.0 0.0 0.16794970618033925 0.0 0.0 0.19157227895733606 0.30056265769198237 0.1019250130594356 0.0 0.23799034411090683 
0.0 0.21951045195362553 0.0 0.0 0.0 0.0 0.10152974598162574 0.35 0.3289598020647487 0.0 0.0 
0.0 0.12674547865345837 0.0 0.13507876110865588 0.0 0.0 0.15508771366841528 0.35 0.11498607920967528 0.0 0.11810196735979527 
0.0 0.12413930594290587 0.0 0.124625012609986 0.0 0.0 0.145519704564473 0.34554990165394783 0.11611908021869714 0.0 0.14404699500999021 
0.0 0.0 0.0 0.16281469552865993 0.0 0.0 0.17772099229283514 0.3348113632470031 0.10614191807269625 0.0 0.21851103085880563 
0.0 0.29526304955807814 0.0 0.0 0.0 0.0 0.10390012602430924 0.35 0.25083682441761274 0.0 0.0 
0.0 0.0 0.0 0.14060152522202335 0.0 0.0 0.2726796998521724 0.25696111669653426 0.0 0.0 0.32975765822927 
0.0 0.28067737756942374 0.0 0.0 0.0 0.0 0.10426710893925657 0.35 0.26505551349131956 0.0 0.0 
0.0 0.2247367730327471 0.0 0.0 0.0 0.0 0.10394706619056837 0.35 0.32131616077668457 0.0 0.0 
0.0 0.3430105189112409 0.0 0.0 0.0 0.0 0.1120322020925056 0.35 0.19495727899625354 0.0 0.0 
0.0 0.0 0.0 0.15343182546490478 0.0 0.0 0.24811758890662416 0.30714461243537233 0.0 0.0 0.29130597319309876 
0.0 0.3073428293499291 0.0 0.0 0.0 0.0 0.0 0.35 0.34265717065007073 0.0 0.0 
0.0 0.13244388327344328 0.0 0.1390024670095997 0.0 0.10364764907643827 0.2204496103054818 0.18472422111496722 0.0 0.0 0.21973216922006977 
0.0 0.3464571427794946 0.0 0.0 0.0 0.0 0.0 0.35 0.30354285722050545 0.0 0.0 
0.0 0.0 0.0 0.16699612059870592 0.0 0.0 0.182105263783719 0.3088077855350939 0.1008141422028191 0.0 0.24127668787966206 
0.0 0.29038409571700724 0.0 0.0 0.0 0.0 0.10218327076689465 0.3498652687843121 0.257567364731786 0.0 0.0 
0.0 0.2605781370960338 0.0 0.0 0.0 0.0 0.11165221784227639 0.35 0.27776964506169 0.0 0.0 
0.0 0.0 0.0 0.1552513591038885 0.0 0.0 0.2256933309525975 0.29979008121201717 0.0 0.0 0.3192652287314969 
0.0 0.25129944783509267 0.0 0.0 0.0 0.0 0.11096586571131731 0.35 0.28773468645358996 0.0 0.0 
0.0 0.3176641397664227 0.0 0.0 0.0 0.0 0.11286782879765453 0.35 0.2194680314359227 0.0 0.0 
0.0 0.0 0.0 0.17122290669627496 0.0 0.0 0.1925737669447356 0.2839606223476359 0.10196958909996046 0.0 0.250273114911393 
0.0 0.0 0.0 0.16969659224039044 0.0 0.0 0.18829495018189069 0.3188773571251943 0.10141944407086988 0.0 0.22171165638165458 
0.0 0.0 0.0 0.1447967692070002 0.0 0.0 0.16912609427887212 0.35 0.10843598686102869 0.0 0.22764114965309895 
0.0 0.35 0.0 0.0 0.0 0.0 0.0 0.35 0.2999999999999999 0.0 0.0 
0.0 0.24965152491090625 0.0 0.13937131996526422 0.0 0.0 0.10144133131709238 0.35 0.1595358238067372 0.0 0.0 
0.0 0.2522180165091455 0.0 0.10445644475077055 0.0 0.0 0.10723408418577922 0.35 0.18609145455430479 0.0 0.0 
0.0 0.2278493094863818 0.0 0.0 0.0 0.0 0.10355759358048731 0.35 0.3185930969331308 0.0 0.0 
0.0 0.0 0.0 0.15960672221738018 0.0 0.0 0.18733560485510392 0.32821450223195725 0.10405058080562926 0.0 0.22079258988992942 
0.0 0.25081889288254666 0.0 0.0 0.0 0.0 0.10539587021638185 0.35 0.2937852369010716 0.0 0.0 
0.0 0.0 0.0 0.16243997724324957 0.0 0.0 0.285317054644072 0.2560578281138909 0.0 0.0 0.2961851399987876 
0.0 0.0 0.0 0.15419380862311782 0.0 0.0 0.22415593964064168 0.30488616465294166 0.0 0.0 0.316764087083299 
0.0 0.26671210415102253 0.0 0.10469774734514455 0.0 0.0 0.12262273993411026 0.35 0.15596740856972263 0.0 0.0 
0.0 0.31678436943860266 0.0 0.12055342643544398 0.0 0.0 0.0 0.35 0.21266220412595338 0.0 0.0 
0.0 0.22235046716146314 0.0 0.10774258072273865 0.0 0.0 0.10846762722785201 0.34999236711524573 0.21144695777270042 0.0 0.0 
0.0 0.0 0.0 0.1664306961055851 0.0 0.0 0.185349401779032 0.31757314443238366 0.10008076812840326 0.0 0.230565989554596 
0.0 0.24927003825271146 0.0 0.10733774400858287 0.0 0.0 0.11526756120090312 0.35 0.17812465653780257 0.0 0.0 
0.0 0.2007305197828148 0.0 0.10858912304181291 0.0 0.0 0.12503953281621277 0.35 0.10615951141949127 0.0 0.10948131293966831 
0.0 0.24432676520844887 0.0 0.0 0.0 0.0 0.1026678323165901 0.35 0.3030054024749611 0.0 0.0 
0.0 0.0 0.0 0.16427158053037394 0.0 0.0 0.19061384096627954 0.3246252199078437 0.10422605736068329 0.0 0.21626330123481954 
0.0 0.18760149721185326 0.0 0.10920167906277972 0.0 0.0 0.125417829694262 0.34997438786245594 0.10944330351260366 0.0 0.11836130265604525 
0.0 0.22182970122524295 0.0 0.1403745614052404 0.0 0.0 0.10844430782130493 0.34632274492345666 0.1830286846247551 0.0 0.0 
0.0 0.2471554112418087 0.0 0.0 0.0 0.0 0.10463952909028523 0.35 0.29820505966790606 0.0 0.0 
0.0 0.23458125693230053 0.0 0.15454332133645068 0.0 0.0 0.12975153757811297 0.35 0.1311238841531358 0.0 0.0 
0.0 0.31638562350339805 0.0 0.0 0.0 0.0 0.10832996484961753 0.35 0.22528441164698448 0.0 0.0 
0.0 0.22560560432892388 0.0 0.11603311011941986 0.0 0.0 0.11910144645848489 0.35 0.18925983909317143 0.0 0.0 
0.0 0.2599104229432419 0.0 0.0 0.0 0.0 0.11392854997573298 0.34910314826837896 0.27705787881264615 0.0 0.0 
0.0 0.33435159402559267 0.0 0.10779204109974612 0.0 0.0 0.0 0.3490958430959455 0.2087605217787158 0.0 0.0 
0.0 0.24935095957849548 0.0 0.12498790476072094 0.0 0.0 0.10869596330879494 0.3493313764056439 0.1676337959463448 0.0 0.0 
0.0 0.22233350762228155 0.0 0.10774493045027289 0.0 0.0 0.10846999276772085 0.35 0.2114515691597247 0.0 0.0 
0.0 0.3382683416223794 0.0 0.0 0.0 0.0 0.1473908008751476 0.35 0.16434085750247307 0.0 0.0 
0.0 0.2512167135058894 0.0 0.10425731599187787 0.0 0.0 0.10841545262464011 0.3490559763148162 0.18705454156277637 0.0 0.0 
0.0 0.21483638504913805 0.0 0.0 0.0 0.0 0.10250023488958723 0.35 0.33266338006127477 0.0 0.0 
0.0 0.34565379847178046 0.0 0.10586183222517974 0.0 0.0 0.0 0.3439423390416212 0.20454203026141868 0.0 0.0 
0.0 0.26229444829418974 0.0 0.0 0.0 0.0 0.10145605787944431 0.35 0.286249493826366 0.0 0.0 
0.0 0.0 0.0 0.14813440718273332 0.0 0.0 0.17323975863955124 0.34468185594339235 0.10643854138412878 0.0 0.2275054368501944 
0.0 0.35 0.0 0.0 0.0 0.0 0.13160000823433934 0.35 0.16839999176566067 0.0 0.0 
