0.0 0.30000000000000027 0.0 0.0 0.0 0.0 0.0 0.35 0.35 0.0 0.0 
0.0 0.0 0.0 0.18484097869636892 0.0 0.0 0.3160875902629699 0.18285617832472875 0.0 0.0 0.3162152527159325 
0.0 0.0 0.0 0.18484097869636892 0.0 0.0 0.3160875902629699 0.18285617832472875 0.0 0.0 0.3162152527159325 
0.0 0.30000000000000027 0.0 0.0 0.0 0.0 0.0 0.35 0.35 0.0 0.0 
0.0 0.33598432230048336 0.0 0.0 0.0 0.0 0.13589930243184747 0.35 0.1781163752676691 0.0 0.0 
0.0 0.317464561365195 0.0 0.11526254424776616 0.0 0.0 0.0 0.35 0.21727289438703887 0.0 0.0 
0.0 0.3229302093960144 0.0 0.0 0.0 0.0 0.1071140703274162 0.35 0.2199557202765694 0.0 0.0 
0.0 0.35 0.0 0.0 0.0 0.0 0.14696845231013705 0.3476873514138121 0.15534419627605092 0.0 0.0 
0.0 0.35 0.0 0.0 0.0 0.0 0.11140671447040783 0.35 0.1885932855295922 0.0 0.0 
0.0 0.0 0.0 0.14965420662758036 0.0 0.0 0.1911631869496133 0.33126099271691506 0.10399722695815676 0.0 0.2239243867477346 
0.0 0.0 0.0 0.16452262589479963 0.0 0.0 0.18417553357082123 0.3255630245040363 0.10335397595941614 0.0 0.22238484007092676 
0.0 0.23361151354088258 0.0 0.15613284931807606 0.0 0.0 0.11441974984296249 0.35 0.14583588729807895 0.0 0.0 
0.0 0.0 0.0 0.1332941485268126 0.0 0.0 0.2544348844426523 0.29354307653959766 0.0 0.0 0.3187278904909376 
0.0 0.0 0.0 0.19186489049624533 0.0 0.0 0.19536767406350003 0.2819398808819014 0.10091030488286079 0.0 0.22991724967549246 
0.0 0.0 0.0 0.1639816461631755 0.0 0.0 0.2825888532335579 0.24499538439848736 0.0 0.0 0.3084341162047792 
0.0 0.14242318953120006 0.0 0.11525508731151692 0.0 0.0 0.1396463155529562 0.34639702557351204 0.11131036922158384 0.0 0.14496801280923102 
0.0 0.14711322336806032 0.0 0.11813219488406637 0.0 0.0 0.12210980832076557 0.35 0.14894586920054428 0.0 0.11369890422656348 
0.0 0.33608643103141006 0.0 0.0 0.0 0.0 0.0 0.35 0.31391356896859 0.0 0.0 
0.0 0.31376968806552696 0.0 0.0 0.0 0.0 0.0 0.35 0.336230311934473 0.0 0.0 
0.0 0.3486937134588038 0.0 0.0 0.0 0.0 0.13973056666044206 0.3486937134588038 0.16288200642195028 0.0 0.0 
0.0 0.21130620345388504 0.0 0.0 0.0 0.0 0.10174729731621479 0.35 0.33694649922990016 0.0 0.0 
0.0 0.0 0.0 0.180327118188132 0.0 0.0 0.3159588556787499 0.18895447363294576 0.0 0.0 0.31475955250017235 
0.0 0.11580644307251917 0.0 0.14431743900856148 0.0 0.0 0.12531430944526326 0.3440347274476767 0.10702983175135378 0.0 0.1634972492746258 
0.0 0.33778071886993916 0.0 0.1305474142813738 0.0 0.0 0.0 0.35 0.18167186684868705 0.0 0.0 
0.0 0.3081167538008213 0.0 0.0 0.0 0.0 0.0 0.35 0.3418832461991788 0.0 0.0 
0.0 0.11002443378440516 0.0 0.1319888548236377 0.0 0.0 0.11884790636920342 0.3495382814883021 0.11666642249275383 0.0 0.1729341010416977 
0.0 0.2268847385638331 0.0 0.11785577690594959 0.0 0.0 0.10095154889345599 0.35 0.20430793563676133 0.0 0.0 
0.0 0.0 0.0 0.180950045923478 0.0 0.0 0.30071362874315277 0.20391433500074432 0.0 0.0 0.3144219903326249 
0.0 0.0 0.0 0.15296534657591931 0.0 0.0 0.23840709835434196 0.28871983284092817 0.0 0.0 0.31990772222881053 
0.0 0.0 0.0 0.14942343002280173 0.0 0.0 0.2785947004814265 0.2529940253453144 0.0 0.0 0.31898784415045733 
0.0 0.3356514720036916 0.0 0.0 0.0 0.0 0.10851638281356156 0.3486610120034471 0.20717113317929964 0.0 0.0 
0.0 0.24580236850024897 0.0 0.0 0.0 0.0 0.1065909298770394 0.35 0.2976067016227117 0.0 0.0 
0.0 0.0 0.0 0.18453979486368619 0.0 0.0 0.19511956585571222 0.3105702768283881 0.10279683109793004 0.0 0.2069735313542833 
0.0 0.0 0.0 0.17962154325765778 0.0 0.0 0.2902581582377496 0.2107111179072796 0.0 0.0 0.3194091805973131 
0.0 0.0 0.0 0.15455353225287827 0.0 0.0 0.23052645313527428 0.3074026612250401 0.0 0.0 0.3075173533868073 
0.0 0.2988451348602955 0.0 0.0 0.0 0.0 0.10514735702528402 0.35 0.24600750811442051 0.0 0.0 
0.0 0.34258146553792657 0.0 0.12183125140675262 0.0 0.0 0.0 0.35 0.18558728305532085 0.0 0.0 
0.0 0.2755417519178505 0.0 0.0 0.0 0.0 0.1062667961442654 0.35 0.26819145193788413 0.0 0.0 
0.0 0.2276916849461771 0.0 0.10231846226191206 0.0 0.0 0.10434005747473324 0.35 0.21564979531717765 0.0 0.0 
0.0 0.22500681222172303 0.0 0.12755826610608506 0.0 0.0 0.12369501821527397 0.35 0.173739903456918 0.0 0.0 
0.0 0.0 0.0 0.16652072722599426 0.0 0.0 0.2894078129855561 0.23621193919689396 0.0 0.0 0.3078595205915557 
0.0 0.2275783034865444 0.0 0.0 0.0 0.0 0.11003594298128185 0.35 0.3123857535321737 0.0 0.0 
0.0 0.23360039509584093 0.0 0.0 0.0 0.0 0.11257897632194515 0.35 0.303820628582214 0.0 0.0 
0.0 0.0 0.0 0.17641032549425265 0.0 0.0 0.13424576747545694 0.34731002209256345 0.11705043318592119 0.0 0.22498345175180567 
0.0 0.0 0.0 0.18380230392750133 0.0 0.0 0.19095481040929188 0.29546421506009457 0.10595249726627552 0.0 0.22382617333683666 
0.0 0.11274863910048105 0.0 0.15064222127100974 0.0 0.0 0.16021311475235803 0.319110603734476 0.1109758744924852 0.0 0.14630954664919024 
0.0 0.10244570516927981 0.0 0.14551140632341847 0.0 0.0 0.13343985024626712 0.34255325254003993 0.10563375208400813 0.0 0.1704160336369865 
0.0 0.28764643661835454 0.0 0.13267901398227996 0.0 0.0 0.0 0.35 0.22967454939936544 0.0 0.0 
0.0 0.11781442930509434 0.0 0.1468197819090185 0.0 0.0 0.12748715407665548 0.35 0.10888563893210773 0.0 0.148992995777124 
0.0 0.2669471846839462 0.0 0.11061048142446768 0.0 0.0 0.11743069418541287 0.35 0.15501163970617335 0.0 0.0 
0.0 0.25359667800201413 0.0 0.12374013118359777 0.0 0.0 0.1221462766509192 0.34515240669174857 0.15536450747172037 0.0 0.0 
0.0 0.0 0.0 0.18642404806230514 0.0 0.0 0.19711184435774667 0.30353081868837745 0.10384644350238321 0.0 0.2090868453891875 
0.0 0.0 0.0 0.1747286742373345 0.0 0.0 0.2915144131184618 0.22990668770005412 0.0 0.0 0.30385022494414954 
0.0 0.3237073314772458 0.0 0.0 0.0 0.0 0.0 0.35 0.32629266852275424 0.0 0.0 
0.0 0.23449003262108387 0.0 0.11041518624113614 0.0 0.0 0.12007345278424401 0.35 0.185021328353536 0.0 0.0 
0.0 0.2233613759656818 0.0 0.0 0.0 0.0 0.10146714779961727 0.35 0.32517147623470105 0.0 0.0 
0.0 0.2194949050235092 0.0 0.0 0.0 0.0 0.10033782373296178 0.3475879922249413 0.3325792790185876 0.0 0.0 
0.0 0.31179825719550613 0.0 0.12769022362967863 0.0 0.0 0.0 0.3475326827942127 0.21297883638060244 0.0 0.0 
0.0 0.33967816177996063 0.0 0.0 0.0 0.0 0.0 0.35 0.3103218382200394 0.0 0.0 
0.0 0.26227021517723 0.0 0.16143679450889764 0.0 0.0 0.11159244278257316 0.33242986995639406 0.1322706775749052 0.0 0.0 
0.0 0.22803863368109906 0.0 0.0 0.0 0.0 0.10230857468332676 0.34980217138033315 0.31985062025524097 0.0 0.0 
0.0 0.10092012194946952 0.0 0.14334450474944627 0.0 0.0 0.13145271378160692 0.3374520773067493 0.10406069365897531 0.0 0.18276988855375254 
0.0 0.24217924916557565 0.0 0.15345218985308057 0.0 0.0 0.1163187349801633 0.3327930682455563 0.1552567577556241 0.0 0.0 
0.0 0.15177259966166645 0.0 0.1215983994567477 0.0 0.0 0.12406341227655915 0.35 0.1297649065329537 0.0 0.12280068207207291 
0.0 0.0 0.0 0.15977631705394413 0.0 0.0 0.2851869222526751 0.27044891128524606 0.0 0.0 0.2845878494081348 
0.0 0.0 0.0 0.16235850846266164 0.0 0.0 0.26204153179942175 0.263127682930461 0.0 0.0 0.31247227680745565 
0.0 0.1444080127847235 0.0 0.11999896041779454 0.0 0.0 0.11756980906871185 0.3451861279914634 0.1289147888241156 0.0 0.1439223009131911 
0.0 0.2603302537035884 0.0 0.10668805929972479 0.0 0.0 0.11602030560353756 0.35 0.1669613813931492 0.0 0.0 
0.0 0.27286075375752494 0.0 0.0 0.0 0.0 0.10043687673027706 0.35 0.2767023695121979 0.0 0.0 
0.0 0.0 0.0 0.16458588175623537 0.0 0.0 0.28480576641561645 0.266184489461322 0.0 0.0 0.28442386236682615 
0.0 0.23361329481301124 0.0 0.10195576306186345 0.0 0.0 0.10877580679223926 0.35 0.20565513533288607 0.0 0.0 
0.0 0.3293567740990728 0.0 0.0 0.0 0.0 0.11790591231542269 0.35 0.20273731358550448 0.0 0.0 
0.0 0.11234527381914952 0.0 0.15138877810627074 0.0 0.0 0.1304709727097816 0.3285128153381196 0.10739128301411596 0.0 0.16989087701256264 
0.0 0.0 0.0 0.1632126985222598 0.0 0.0 0.1656657659421857 0.34147715336770973 0.1070037521524126 0.0 0.2226406300154321 
0.0 0.32302785411229534 0.0 0.0 0.0 0.0 0.0 0.35 0.32697214588770473 0.0 0.0 
0.0 0.14562009971886575 0.0 0.1169332137872321 0.0 0.0 0.1188178441318439 0.3464476797853131 0.14743414513752942 0.0 0.12474701743921567 
0.0 0.3079664059631089 0.0 0.0 0.0 0.0 0.10633775801039706 0.35 0.23569583602649397 0.0 0.0 
0.0 0.22839929426773206 0.0 0.0 0.0 0.0 0.10634804635000124 0.35 0.31525265938226665 0.0 0.0 
0.0 0.0 0.0 0.1807060517628785 0.0 0.0 0.16854082609086088 0.32035898672869567 0.10300230690002393 0.0 0.227391828517541 
0.0 0.2176999810503109 0.0 0.11331520470566459 0.0 0.0 0.10676784091456076 0.35 0.21221697332946385 0.0 0.0 
0.0 0.35 0.0 0.0 0.0 0.0 0.0 0.35 0.2999999999999999 0.0 0.0 
0.0 0.23303626348695358 0.0 0.13924233952961662 0.0 0.0 0.12130493245272421 0.34309060437291933 0.16332586015778627 0.0 0.0 
0.0 0.0 0.0 0.17551322720549742 0.0 0.0 0.29308346799431445 0.22173252660963796 0.0 0.0 0.3096707781905503 
0.0 0.34902088360001343 0.0 0.0 0.0 0.0 0.0 0.35 0.30097911639998653 0.0 0.0 
0.0 0.2588380263679205 0.0 0.0 0.0 0.0 0.11401203685328255 0.35 0.27714993677879707 0.0 0.0 
0.0 0.0 0.0 0.18035977049277055 0.0 0.0 0.16830657002385244 0.32245082647713713 0.10306839434968093 0.0 0.22581443865655887 
0.0 0.0 0.0 0.16910723438862255 0.0 0.0 0.20012548117182946 0.31883511056341274 0.0 0.0 0.31193217387613525 
0.0 0.25549384000817676 0.0 0.0 0.0 0.0 0.10762288234162147 0.35 0.28688327765020183 0.0 0.0 
0.0 0.1472632405099092 0.0 0.12071050187547087 0.0 0.0 0.11983979622509754 0.35 0.11639249272723672 0.0 0.14579396866228572 
0.0 0.0 0.0 0.17026977888034336 0.0 0.0 0.20150126368421226 0.32102697422254445 0.0 0.0 0.30720198321289993 
0.0 0.3000000000000002 0.0 0.0 0.0 0.0 0.0 0.3499999999999999 0.3499999999999999 0.0 0.0 
0.0 0.3079664059631089 0.0 0.0 0.0 0.0 0.10633775801039706 0.35 0.23569583602649397 0.0 0.0 
0.0 0.0 0.0 0.16714560082122173 0.0 0.0 0.20083976246247362 0.28712443038201874 0.10143606536199401 0.0 0.24345414097229187 
0.0 0.0 0.0 0.16377709564372003 0.0 0.0 0.25050400713296556 0.2829525980862865 0.0 0.0 0.30276629913702785 
0.0 0.26799645862422117 0.0 0.0 0.0 0.0 0.12136205377462285 0.35 0.26064148760115613 0.0 0.0 
0.0 0.0 0.0 0.16548711185360418 0.0 0.0 0.16619746680142417 0.344487841589663 0.1076244885886437 0.0 0.2162030911666648 
0.0 0.14525236478130127 0.0 0.1292870811680184 0.0 0.0 0.12056522191215499 0.3455727942705994 0.1470618291848437 0.0 0.11226070868308231 
0.0 0.28142020996284145 0.0 0.0 0.0 0.0 0.10957123296433333 0.35 0.2590085570728252 0.0 0.0 
0.0 0.2512994635082416 0.0 0.13289995978184335 0.0 0.0 0.12320258512921041 0.35 0.14259799158070463 0.0 0.0 
0.0 0.25549384000817676 0.0 0.0 0.0 0.0 0.10762288234162147 0.35 0.28688327765020183 0.0 0.0 
