0.0 0.30000000000000027 0.0 0.0 0.0 0.0 0.0 0.35 0.35 0.0 0.0 
0.0 0.0 0.0 0.18529696538749085 0.0 0.0 0.31453592539490594 0.18440790167557403 0.0 0.0 0.31575920754202896 
0.0 0.3000000000000003 0.0 0.0 0.0 0.0 0.0 0.35 0.35 0.0 0.0 
0.0 0.0 0.0 0.18529696538749088 0.0 0.0 0.314535925394906 0.18440790167557405 0.0 0.0 0.315759207542029 
0.0 0.22050070587198026 0.0 0.14589679645896617 0.0 0.0 0.12332507019802097 0.35 0.1602774274710327 0.0 0.0 
0.0 0.2939841139203221 0.0 0.13899863868522852 0.0 0.0 0.0 0.3485306278694024 0.218486619525047 0.0 0.0 
0.0 0.0 0.0 0.1747435055106336 0.0 0.0 0.18676708691009733 0.30252893526857405 0.10138695543231029 0.0 0.23457351687838476 
0.0 0.23289460527668146 0.0 0.0 0.0 0.0 0.10338380485571366 0.35 0.313721589867605 0.0 0.0 
0.0 0.0 0.0 0.17830609661890454 0.0 0.0 0.17845710414747235 0.3171682160592646 0.10321482273476966 0.0 0.22285376043958888 
0.0 0.0 0.0 0.18381326853779248 0.0 0.0 0.2895212572608923 0.20682061545605318 0.0 0.0 0.3198448587452621 
0.0 0.2718544882409888 0.0 0.0 0.0 0.0 0.11292096744000346 0.35 0.26522454431900777 0.0 0.0 
0.0 0.2662599768115429 0.0 0.11388049584822331 0.0 0.0 0.12489186453397619 0.35 0.1449676628062576 0.0 0.0 
0.0 0.2041942987943354 0.0 0.1117295174358986 0.0 0.0 0.11409642741567516 0.35 0.2199797563540909 0.0 0.0 
0.0 0.11172600767107202 0.0 0.14455505152736217 0.0 0.0 0.13833210316810457 0.3490066451453698 0.11023076436121547 0.0 0.1461494281268758 
0.0 0.2904050571718999 0.0 0.11311186911077141 0.0 0.0 0.14392427688613924 0.3360505864237137 0.11650821040747578 0.0 0.0 
0.0 0.21289836263697481 0.0 0.0 0.0 0.0 0.10238760580087646 0.35 0.33471403156214885 0.0 0.0 
0.0 0.12197564337399464 0.0 0.14515321983053694 0.0 0.0 0.11873519135529789 0.35 0.12170298859283613 0.0 0.14243295684733448 
0.0 0.21586510671346695 0.0 0.0 0.0 0.0 0.10599736691361997 0.34809230556231957 0.3300452208105934 0.0 0.0 
0.0 0.0 0.0 0.16444775666369707 0.0 0.0 0.23081039611193216 0.2921955713416522 0.0 0.0 0.31254627588271855 
0.0 0.2727478270978721 0.0 0.0 0.0 0.0 0.10358666963702974 0.35 0.2736655032650982 0.0 0.0 
0.0 0.25198227867623896 0.0 0.0 0.0 0.0 0.10234930815804663 0.34685803052513203 0.29881038264058235 0.0 0.0 
0.0 0.0 0.0 0.17612990649268642 0.0 0.0 0.18434481030509414 0.3342937026732086 0.10172541361273017 0.0 0.20350616691628065 
0.0 0.0 0.0 0.16625679760558762 0.0 0.0 0.1866438685146458 0.32904500483460997 0.12571544836152193 0.0 0.1923388806836347 
0.0 0.0 0.0 0.18759776813280965 0.0 0.0 0.31004589917148795 0.1905584248761164 0.0 0.0 0.31179790781958594 
0.0 0.3158784424204943 0.0 0.0 0.0 0.0 0.11015769008119031 0.35 0.22396386749831543 0.0 0.0 
0.0 0.2598049067402819 0.0 0.0 0.0 0.0 0.10519992211481251 0.3489995427616675 0.28599562838323805 0.0 0.0 
0.0 0.0 0.0 0.13691062318513933 0.0 0.0 0.2838007914158545 0.27399541086077805 0.0 0.0 0.3052931745382282 
0.0 0.15141423263572648 0.0 0.10324335597762188 0.0 0.0 0.12418660718600845 0.34928636959209086 0.1652740448476212 0.0 0.10659538976093112 
0.0 0.3306962779765331 0.0 0.0 0.0 0.0 0.1153874139482074 0.35 0.20391630807525954 0.0 0.0 
0.0 0.1623366674910163 0.0 0.11882301577740777 0.0 0.0 0.1335395259032865 0.35 0.11511871578662612 0.0 0.1201820750416634 
0.0 0.0 0.0 0.17102050630399343 0.0 0.0 0.2440759720638683 0.27633346289410554 0.0 0.0 0.3085700587380327 
0.0 0.0 0.0 0.1504555219053357 0.0 0.0 0.251567009209433 0.29773651417241986 0.0 0.0 0.3002409547128115 
0.0 0.32854947697861014 0.0 0.0 0.0 0.0 0.10957185234514794 0.35 0.21187867067624194 0.0 0.0 
0.0 0.34292639718160156 0.0 0.11268632780097167 0.0 0.0 0.0 0.35 0.19438727501742684 0.0 0.0 
0.0 0.15922024349727823 0.0 0.10428039798821473 0.0 0.0 0.12273227362818916 0.35 0.1551095549332164 0.0 0.10865752995310153 
0.0 0.11668077460141167 0.0 0.14037280283622405 0.0 0.0 0.15403482879119043 0.3437737595973722 0.10083399004045296 0.0 0.14430384413334862 
0.0 0.0 0.0 0.16613958806217177 0.0 0.0 0.20843781656609758 0.31611744118712476 0.0 0.0 0.309305154184606 
0.0 0.3154782976537917 0.0 0.0 0.0 0.0 0.10292609739508919 0.35 0.23159560495111908 0.0 0.0 
0.0 0.2369368943053291 0.0 0.10181291685401006 0.0 0.0 0.1219047086988219 0.35 0.18934548014183886 0.0 0.0 
0.0 0.11952205199677053 0.0 0.13361113233633654 0.0 0.0 0.1555253719022794 0.33018433112723256 0.10069302468926639 0.0 0.16046408794811456 
0.0 0.12483821579971098 0.0 0.1305862787974329 0.0 0.0 0.15178058371168482 0.3274216743965551 0.11151292357902827 0.0 0.15386032371558805 
0.0 0.0 0.0 0.18173189551775962 0.0 0.0 0.19414603839252964 0.29237208989686525 0.10831074527142576 0.0 0.22343923092141973 
0.0 0.1565615811423331 0.0 0.10253912211524632 0.0 0.0 0.12068288801952017 0.3441556940010162 0.15251953292637097 0.0 0.12354118179551334 
0.0 0.29871954880067514 0.0 0.0 0.0 0.0 0.10170981059562012 0.35 0.24957064060370476 0.0 0.0 
0.0 0.31385713346082456 0.0 0.0 0.0 0.0 0.0 0.35 0.33614286653917547 0.0 0.0 
0.0 0.12514745228167287 0.0 0.167351293378909 0.0 0.0 0.13312759998037674 0.32539789805390285 0.10733523822699041 0.0 0.14164051807814823 
0.0 0.31987039355782115 0.0 0.0 0.0 0.0 0.0 0.35 0.3301296064421789 0.0 0.0 
0.0 0.35 0.0 0.0 0.0 0.0 0.0 0.35 0.29999999999999993 0.0 0.0 
0.0 0.0 0.0 0.15762782558397498 0.0 0.0 0.1876231399328635 0.3153794178361462 0.10696528743072772 0.0 0.23240432921628762 
0.0 0.0 0.0 0.15425630139540356 0.0 0.0 0.2627681010951708 0.2595655227063695 0.0 0.0 0.32341007480305617 
0.0 0.0 0.0 0.1672838567230015 0.0 0.0 0.22642602530247624 0.30754191678559795 0.0 0.0 0.29874820118892426 
0.0 0.22872637318292358 0.0 0.0 0.0 0.0 0.11006377956689346 0.35 0.31120984725018297 0.0 0.0 
0.0 0.2269862682896397 0.0 0.10028725887108228 0.0 0.0 0.10731280998533453 0.35 0.21541366285394348 0.0 0.0 
0.0 0.22610134469308327 0.0 0.1003147707598867 0.0 0.0 0.10295531644403164 0.35 0.22062856810299838 0.0 0.0 
0.0 0.2450677623190816 0.0 0.0 0.0 0.0 0.10325837967032316 0.35 0.30167385801059526 0.0 0.0 
0.0 0.35 0.0 0.0 0.0 0.0 0.11225744608302796 0.35 0.18774255391697203 0.0 0.0 
0.0 0.0 0.0 0.1554588770169364 0.0 0.0 0.21783914108908048 0.3201999246694298 0.0 0.0 0.3065020572245533 
0.0 0.0 0.0 0.16284725879183024 0.0 0.0 0.18602555173629431 0.33109313824070125 0.12649796140887967 0.0 0.1935360898222945 
0.0 0.12271152467663843 0.0 0.11562112570553812 0.0 0.0 0.17000036931312912 0.35 0.116986214095602 0.0 0.12468076620909242 
0.0 0.3335650148545268 0.0 0.10812015518680229 0.0 0.0 0.0 0.35 0.20831482995867096 0.0 0.0 
0.0 0.2375457964987131 0.0 0.1193540169042936 0.0 0.0 0.10357080533833267 0.3468783120295552 0.1926510692291053 0.0 0.0 
0.0 0.34777993471021035 0.0 0.0 0.0 0.0 0.0 0.35 0.3022200652897896 0.0 0.0 
0.0 0.0 0.0 0.17395468680484796 0.0 0.0 0.19670534272649937 0.2883667364207191 0.10058592879036554 0.0 0.24038730525756816 
0.0 0.0 0.0 0.16458252253926894 0.0 0.0 0.2825293487716193 0.26366930611750194 0.0 0.0 0.2892188225716098 
0.0 0.32893169008639883 0.0 0.0 0.0 0.0 0.0 0.35 0.32106830991360114 0.0 0.0 
0.0 0.35 0.0 0.0 0.0 0.0 0.12576734278610854 0.35 0.17423265721389158 0.0 0.0 
0.0 0.3381365639369091 0.0 0.0 0.0 0.0 0.0 0.35 0.31186343606309097 0.0 0.0 
0.0 0.0 0.0 0.1750564018234286 0.0 0.0 0.29400477755874993 0.21480451038036133 0.0 0.0 0.31613431023746025 
0.0 0.0 0.0 0.16542094186448963 0.0 0.0 0.2843899738185224 0.2277071467019178 0.0 0.0 0.3224819376150701 
0.0 0.0 0.0 0.17512958519525718 0.0 0.0 0.2807761005279058 0.23991567331329477 0.0 0.0 0.3041786409635423 
0.0 0.23340071491174924 0.0 0.1255800478836635 0.0 0.0 0.11644022608652355 0.35 0.17457901111806384 0.0 0.0 
0.0 0.0 0.0 0.1569485204137608 0.0 0.0 0.2984967880286469 0.2366644349653029 0.0 0.0 0.3078902565922893 
0.0 0.12257834598433633 0.0 0.15072927682215506 0.0 0.0 0.10668187731283583 0.35 0.13359463857413675 0.0 0.1364158613065361 
0.0 0.0 0.0 0.16379098758209618 0.0 0.0 0.19738868357223527 0.35 0.10472587697355608 0.0 0.18409445187211257 
0.0 0.3443896029379156 0.0 0.0 0.0 0.0 0.1803251958334084 0.35 0.12528520122867604 0.0 0.0 
0.0 0.1625869906823644 0.0 0.11233817553693157 0.0 0.0 0.13474391644287206 0.35 0.12201516689773387 0.0 0.11831575044009823 
0.0 0.0 0.0 0.1756498431144757 0.0 0.0 0.26395499103124087 0.25334909917911386 0.0 0.0 0.3070460666751695 
0.0 0.2595983107003085 0.0 0.0 0.0 0.0 0.10807215691660664 0.34962362397249164 0.2827059084105931 0.0 0.0 
0.0 0.0 0.0 0.17355429514803544 0.0 0.0 0.30184909311940267 0.2170140266516404 0.0 0.0 0.30758258508092146 
0.0 0.3085603697998148 0.0 0.0 0.0 0.0 0.1023217011921274 0.35 0.23911792900805773 0.0 0.0 
0.0 0.30137897540209335 0.0 0.0 0.0 0.0 0.14724411233954401 0.35 0.20137691225836263 0.0 0.0 
0.0 0.32569131425941844 0.0 0.0 0.0 0.0 0.0 0.35 0.32430868574058164 0.0 0.0 
0.0 0.33673819925981235 0.0 0.0 0.0 0.0 0.0 0.35 0.31326180074018767 0.0 0.0 
0.0 0.0 0.0 0.16576392966374842 0.0 0.0 0.218621745204254 0.27542103901492154 0.10173619026141109 0.0 0.23845709585566496 
0.0 0.33913201033370555 0.0 0.0 0.0 0.0 0.15539438332628275 0.35 0.15547360634001162 0.0 0.0 
0.0 0.0 0.0 0.17662804015635925 0.0 0.0 0.26542496098304363 0.2547600047340898 0.0 0.0 0.30318699412650746 
0.0 0.0 0.0 0.1722289509308142 0.0 0.0 0.18733841171768256 0.3284222869454881 0.10125133524263107 0.0 0.21075901516338408 
0.0 0.0 0.0 0.17429545825682138 0.0 0.0 0.28260913769095575 0.2275088617923178 0.0 0.0 0.315586542259905 
0.0 0.3080666819823553 0.0 0.0 0.0 0.0 0.0 0.35 0.3419333180176446 0.0 0.0 
0.0 0.35 0.0 0.0 0.0 0.0 0.13590106457691342 0.35 0.1640989354230867 0.0 0.0 
0.0 0.2342373414178377 0.0 0.10372282811866469 0.0 0.0 0.1217122149473396 0.34611623247500994 0.194211383041148 0.0 0.0 
0.0 0.3126414589013624 0.0 0.0 0.0 0.0 0.15274660096993412 0.35 0.18461194012870347 0.0 0.0 
0.0 0.3026541673973499 0.0 0.0 0.0 0.0 0.1027823010494689 0.35 0.24456353155318128 0.0 0.0 
0.0 0.0 0.0 0.17744391299402895 0.0 0.0 0.19680243095539035 0.28245780576661644 0.1033994840060251 0.0 0.23989636627793914 
0.0 0.23994278041097128 0.0 0.11651985925906763 0.0 0.0 0.11845528035989275 0.35 0.17508207997006844 0.0 0.0 
0.0 0.15609688559786433 0.0 0.1087072651289737 0.0 0.0 0.12246932614048285 0.35 0.14227519854272777 0.0 0.1204513245899514 
0.0 0.0 0.0 0.15884142624041225 0.0 0.0 0.18304406997228934 0.3438894215838892 0.12067271441865271 0.0 0.1935523677847565 
0.0 0.21942431367576537 0.0 0.0 0.0 0.0 0.10128367208516502 0.35 0.3292920142390696 0.0 0.0 
0.0 0.29526936263674 0.0 0.10479163331096786 0.0 0.0 0.10427863114764606 0.35 0.14566037290464612 0.0 0.0 
0.0 0.15692621920658445 0.0 0.1092848204603194 0.0 0.0 0.12362034165480544 0.34604624491924196 0.14303109833782546 0.0 0.12109127542122326 
