-0.014955806920304897 5.382172823917211E-4 
-0.014955806920304897 5.382172823917211E-4 
-0.005638881367716191 2.1084211100075303E-5 
-0.005638881367716191 2.1084211100075303E-5 
-0.013134855073424948 2.2326470327730302E-4 
-0.011558488705674505 1.307285029517817E-4 
-0.013815125560229704 3.0119479934344735E-4 
-0.01132712560484671 1.177202899555323E-4 
-0.008641732571370873 5.1749191065345656E-5 
-0.006604969705522906 3.358793220790167E-5 
-0.00830766618006704 4.613799405663025E-5 
-0.007810240722644883 4.0249937518025615E-5 
-0.014348056099131774 4.048906593203931E-4 
-0.008995987991543407 6.35864335842037E-5 
-0.0075796823346267455 3.7005726359204536E-5 
-0.009915735159368529 7.642373190517294E-5 
-0.013448361036861436 2.739082547187768E-4 
-0.01421207214253588 3.683681825973631E-4 
-0.012900857061832955 2.0547641442017852E-4 
-0.006233052430498611 2.543426001183028E-5 
-0.012324171111672508 1.6723148764085852E-4 
-0.008882017457754984 5.902504826124861E-5 
-0.014812335378780527 4.876625397202032E-4 
-0.013899116275619424 3.125050381164084E-4 
-0.014938380829255693 5.316276670813819E-4 
-0.01240654163066797 1.8154587030770405E-4 
-0.014410573266672073 4.2198164324186915E-4 
-0.014151743388739198 3.614705526160375E-4 
-0.012157160917454455 1.5837893970186245E-4 
-0.010601486083201985 9.881011134139388E-5 
-0.010249537339038908 8.526589481172751E-5 
-0.009639229170582866 7.151501580508764E-5 
-0.0132076142348178 2.3868655266240287E-4 
-0.013628323995542571 2.8409930233747386E-4 
-0.010093048143549738 8.220744981272444E-5 
-0.008695762348019947 5.6072687200845356E-5 
-0.014390510370086682 4.1534383706204136E-4 
-0.014504605769906552 4.537647975612977E-4 
-0.010397381965504004 8.698118277928495E-5 
-0.007388645322094572 3.59649895869435E-5 
-0.012084821872256868 1.5255865699189216E-4 
-0.014857209827334147 5.025699529222437E-4 
-0.01335674625064657 2.593877970444008E-4 
-0.009236737393884687 6.767977434503906E-5 
-0.014893327434759192 5.151665884513683E-4 
-0.0126628142356267 1.9168628537555123E-4 
-0.005987521263454462 2.4084203439624422E-5 
-0.00715235516770091 3.440555640350658E-5 
-0.010736515938212874 1.0098346659156792E-4 
-0.006479472619132136 2.8321178410962028E-5 
-0.005927550403111863 2.3074241994504723E-5 
-0.012001262435760121 1.4702914446828306E-4 
-0.010896722811733728 1.0117685986247088E-4 
-0.006919609698301008 3.398867263434963E-5 
-0.012280325743026153 1.643523964863304E-4 
-0.012820624738053515 2.002816765821683E-4 
-0.01116424024268885 1.1346965052509303E-4 
-0.011033376663204569 1.1009306859964294E-4 
-0.014088029059347829 3.3924533257969854E-4 
-0.014838800442365676 4.981823200814559E-4 
-0.012739965699202313 1.964115747914666E-4 
-0.014452677823823878 4.459993925069278E-4 
-0.01426512017776687 3.80980893259772E-4 
-0.006383940919054719 2.7104172322808045E-5 
-0.010940566459349635 1.0817793150668376E-4 
-0.014527655211147024 4.688180554637699E-4 
-0.013007442167786501 2.150220692344116E-4 
-0.009960021041324926 8.043966199334551E-5 
-0.01452779374112937 4.6883110146478987E-4 
-0.014760401119012384 4.714380987751534E-4 
-0.013016002726214474 2.1542474142012568E-4 
-0.011923457247047532 1.4293661372073217E-4 
-0.0056865752913089155 2.2159504463885984E-5 
-0.011844273879665584 1.404605732954106E-4 
-0.014437108810204113 4.360928662981029E-4 
-0.013708102718570068 2.907579502647321E-4 
-0.014892384066201636 5.148307860511763E-4 
-0.014779620822786579 4.7731380563023406E-4 
-0.013237150489699184 2.4175317975365905E-4 
-0.014301174242229906 3.9157793563544417E-4 
-0.01244677834116498 1.839640603692662E-4 
-0.006925058649673502 3.4020496356505074E-5 
-0.011249636218259241 1.158419088648749E-4 
-0.013548817757500494 2.7847988449523686E-4 
-0.011768142600270582 1.365629067949905E-4 
-0.01413149228570654 3.498189436682517E-4 
-0.008003886247400656 4.237925018385834E-5 
-0.01335515899519079 2.593476503913296E-4 
-0.010522496761485565 9.078078831392505E-5 
-0.014131492285706544 3.4981894366825194E-4 
-0.013299253821651404 2.4970144907415066E-4 
-0.014068648258527177 3.352976693651421E-4 
-0.013708102718570068 2.907579502647321E-4 
-0.011655379419447425 1.32564316860951E-4 
-0.009621341903912905 7.12361259602754E-5 
-0.01396780674759955 3.285904934721091E-4 
-0.009434925238008898 7.038071288422339E-5 
-0.008215764720816497 4.548296496287001E-5 
-0.013941242202219798 3.183246632452704E-4 
-0.01395213862592069 3.2131117900101465E-4 
