-0.013896782101248402 3.938597041776102E-4 
-0.007831481210595816 2.4560843237029405E-5 
-0.007831481210595816 2.4560843237029405E-5 
-0.013896782101248402 3.938597041776102E-4 
-0.013509890784170451 2.618607478353846E-4 
-0.013530089611082843 3.9079112999129825E-4 
-0.008525249932508623 2.7640227449267848E-5 
-0.008765198701821665 3.0450771755051868E-5 
-0.012852517600702601 1.7652789604817001E-4 
-0.012919793804115908 1.8211832525355108E-4 
-0.01154557465525641 8.505716182378089E-5 
-0.013151201371078104 2.0725664021499209E-4 
-0.012280973684989295 1.2321788525405234E-4 
-0.008256015688071074 2.5749072075009007E-5 
-0.009017332189188232 3.5428803089836494E-5 
-0.013083118826990408 1.9927874840295641E-4 
-0.008934164009347233 3.34417160100585E-5 
-0.013489238344208346 2.570252041315862E-4 
-0.010284538045855503 5.198692417896359E-5 
-0.01214468951560704 1.1435278909080251E-4 
-0.010477462698618245 5.536465259440424E-5 
-0.012764190714875525 1.7342121031516434E-4 
-0.012518914864245742 1.493017259207041E-4 
-0.011370854649302865 7.848773881513114E-5 
-0.010619103945135235 5.746279690502778E-5 
-0.012692920532773662 1.6525144484914796E-4 
-0.008844820098808638 3.086760829001352E-5 
-0.012472444669655837 1.4152224721692422E-4 
-0.012306163835603977 1.28296222367483E-4 
-0.013417561672127952 2.4198103548558788E-4 
-0.008433701945024531 2.7539074557871482E-5 
-0.01261320140247653 1.5985279564905412E-4 
-0.008339347589318015 2.620804866841975E-5 
-0.01274888088600106 1.688851237521719E-4 
-0.009761969160370757 4.3105508461825495E-5 
-0.011277110490531893 7.633837888261394E-5 
-0.012058464337339243 1.0911866537887395E-4 
-0.010377267889387785 5.298691134494235E-5 
-0.009307336614581815 3.706922446812251E-5 
-0.013662589761559967 3.9119263223148315E-4 
-0.011764504642933283 9.401542715343122E-5 
-0.010834109491471847 6.272877512436956E-5 
-0.013061754420972162 1.9746906258926453E-4 
-0.00945957962795706 3.83160025472581E-5 
-0.013456548807988904 2.4982928588126725E-4 
-0.009850380603853959 4.428540914112797E-5 
-0.011895970957529454 1.0207531063073957E-4 
-0.010766066681879823 6.088695404269293E-5 
-0.00809873281249682 2.545235318166783E-5 
-0.009322848679095785 3.718586059011042E-5 
-0.012070147836177715 1.119753937367057E-4 
-0.011433700628252122 8.053445558242153E-5 
-0.010084072554902093 4.8425647673095044E-5 
-0.007983094738949563 2.4869893728275816E-5 
-0.012640225693359 1.621557333078961E-4 
-0.013191594682649996 2.1221785225099862E-4 
-0.012209033070172312 1.1821009561340288E-4 
-0.009148072762850845 3.597289501563306E-5 
-0.010713292590386987 5.951856370510377E-5 
-0.007877338494465584 2.457215573636881E-5 
-0.013349755491090291 2.3023328443556873E-4 
-0.013245755778639543 2.169077047823062E-4 
-0.012348925135080194 1.322536377629484E-4 
-0.013019787475808484 1.920197049340585E-4 
-0.013458456773930916 2.502338595263104E-4 
-0.011691191332514528 9.032635953985414E-5 
-0.013759035590021142 3.9198818173140734E-4 
-0.010895652155566558 6.455805602058029E-5 
-0.011134834217103972 7.046399500681322E-5 
-0.012566563738103016 1.5395649017608946E-4 
-0.009577739534318846 4.0770631421671436E-5 
-0.011819304182701204 9.863451791812675E-5 
-0.013310988975444912 2.2817738837477815E-4 
-0.010974938882827145 6.67206414770508E-5 
-0.010179176062408639 5.054291964462202E-5 
-0.009144498711542912 3.5954900353032E-5 
-0.011985073252427267 1.0374047556491035E-4 
-0.010431769881891966 5.4908485215068276E-5 
-0.011998805068898076 1.043639049670132E-4 
-0.01297145840373497 1.871973188630935E-4 
-0.013792362899655498 3.923616689584588E-4 
-0.013288703759627488 2.2172200174342774E-4 
-0.013583568968983505 3.908568586397801E-4 
-0.013372742608750942 2.339453216880501E-4 
-0.011694362454610412 9.061293368175778E-5 
-0.0118878755623158 9.900168272450644E-5 
-0.009953530214831422 4.7148242794600685E-5 
-0.011785482841550333 9.66465256250532E-5 
-0.009682636792549246 4.1182913848998264E-5 
-0.01235821638509676 1.3439007299231108E-4 
-0.010646250810844032 5.862801952637062E-5 
-0.01220515018959671 1.1794753181339616E-4 
-0.011469444558649155 8.283801944730024E-5 
-0.01301274589256677 1.912547579849803E-4 
-0.012566563738103016 1.5395649017608946E-4 
-0.011238943968835121 7.428629138886533E-5 
-0.013254616040222322 2.1782157906448905E-4 
-0.013177431872918005 2.110242315894804E-4 
-0.011086583667104737 7.017585213248942E-5 
-0.010179176062408639 5.054291964462202E-5 
