0.0 0.29999999999999993 0.0 0.0 0.0 0.0 0.0 0.35 0.35 0.0 0.0 
0.0 0.29999999999999993 0.0 0.0 0.0 0.0 0.0 0.35 0.35 0.0 0.0 
0.11188659867071662 0.13989574771797497 0.0 0.10167110445006552 0.15007596472794113 0.11227972068182059 0.0 0.1085044370614273 0.2756864266900539 0.0 0.0 
0.10000340545230546 0.1999965945476947 0.0 0.0 0.0 0.0 0.0 0.35 0.35 0.0 0.0 
0.0 0.32825243362994383 0.0 0.0 0.0 0.0 0.0 0.3217475663700562 0.35 0.0 0.0 
0.22063666554773578 0.10480921625713423 0.0 0.11809524547140077 0.0 0.0 0.0 0.31227358450060755 0.24418528822312166 0.0 0.0 
0.1313320779991726 0.16866792200082759 0.0 0.0 0.0 0.0 0.0 0.35 0.35 0.0 0.0 
0.1988360538934648 0.11143434133855509 0.0 0.11119948188328153 0.0 0.0 0.0 0.33706875961151667 0.24146136327318202 0.0 0.0 
0.13369231757363895 0.10976569537927305 0.0 0.10171203057290733 0.0 0.0 0.0 0.35 0.30482995647418065 0.0 0.0 
0.20483256855602552 0.10971704646239634 0.0 0.11385403287588607 0.0 0.0 0.0 0.33187097160838025 0.2397253804973117 0.0 0.0 
0.1352350851807006 0.11104686393314925 0.0 0.10642927633016167 0.0 0.0 0.0 0.35 0.29728877455598857 0.0 0.0 
0.17391541660882143 0.12608458339117856 0.0 0.0 0.0 0.0 0.0 0.35 0.35 0.0 0.0 
0.2400311657891019 0.11369959124419332 0.0 0.1281125994210166 0.0 0.0 0.0 0.25325849383812726 0.26489814970756087 0.0 0.0 
0.12559149836579792 0.13741570213218834 0.0 0.10384550038736565 0.11496716578968041 0.10589117871802388 0.0 0.1371524000505153 0.27513655455642855 0.0 0.0 
0.23458537170469979 0.10886452595181499 0.0 0.1583086969874533 0.0 0.0 0.0 0.24934903699130562 0.24889236836472642 0.0 0.0 
0.2217130557524017 0.11449384576499036 0.0 0.14156694186554036 0.0 0.0 0.0 0.2843371518809871 0.23788900473608046 0.0 0.0 
0.11235289235117353 0.13831353446376266 0.0 0.1033785259025871 0.13585033571307198 0.11363661587239691 0.0 0.1186792804377295 0.2777888152592783 0.0 0.0 
0.12974529666960738 0.1391477703035048 0.0 0.10371532922646992 0.1051037822804707 0.10389174984491674 0.0 0.15133758367841513 0.2670584879966153 0.0 0.0 
0.1766018428254827 0.14054632944713338 0.0 0.0 0.0 0.0 0.0 0.35 0.332851827727384 0.0 0.0 
0.19941393090701057 0.12781651757619317 0.0 0.1353510967759103 0.0 0.1010141498639194 0.0 0.17353253018821 0.26287177468875644 0.0 0.0 
0.18571291311192212 0.10702840166186414 0.0 0.10769178527193837 0.0 0.0 0.0 0.35 0.24956689995427547 0.0 0.0 
0.15652388127422626 0.11011325335657537 0.0 0.10295591616246005 0.0 0.0 0.0 0.3498555597581295 0.28055138944860886 0.0 0.0 
0.12838188793401845 0.13788295356544777 0.0 0.1026254524485707 0.10399931515462539 0.10280001917775523 0.0 0.16005822726523025 0.2642521444543523 0.0 0.0 
0.15348211240294657 0.14651788759705336 0.0 0.0 0.0 0.0 0.0 0.35 0.35 0.0 0.0 
0.21925689150322558 0.11754933124389022 0.0 0.12196427142094628 0.0 0.0 0.0 0.29558981186425437 0.24563969396768354 0.0 0.0 
0.19342105190818557 0.12114286938175435 0.0 0.10852528572131127 0.0 0.11107377271818861 0.0 0.19668164946673453 0.2691553708038256 0.0 0.0 
0.1226413880254248 0.11992390347142726 0.0 0.10101422971237912 0.10732331724175787 0.10485457797998336 0.0 0.1796515051410938 0.2645910784279337 0.0 0.0 
0.21355616730623295 0.10847087247672409 0.0 0.12468222859160466 0.0 0.0 0.0 0.30217699054674874 0.25111374107868967 0.0 0.0 
0.19119488837104862 0.1518030175389744 0.0 0.0 0.0 0.0 0.0 0.35 0.30700209408997686 0.0 0.0 
0.1192559064796815 0.1807440935203186 0.0 0.0 0.0 0.0 0.0 0.35 0.35 0.0 0.0 
0.23146071293119852 0.11305859031390378 0.0 0.11853841917078146 0.0 0.0 0.0 0.2917966449253531 0.24514563265876316 0.0 0.0 
0.10591261886682299 0.19408738113317706 0.0 0.0 0.0 0.0 0.0 0.35 0.35 0.0 0.0 
0.1614604216160023 0.10511409130374527 0.0 0.10679446152196025 0.0 0.0 0.0 0.35 0.2766310255582922 0.0 0.0 
0.24674510788018272 0.11291426188566869 0.0 0.11333211908767873 0.0 0.0 0.0 0.28767304013684697 0.2393354710096229 0.0 0.0 
0.12173480219467743 0.1286156332590862 0.0 0.10304428922669384 0.10641733999366752 0.10312064684417192 0.0 0.17284532002426747 0.2642219684574356 0.0 0.0 
0.12481014061271628 0.11993601654521065 0.0 0.10280053428352898 0.10922118977640753 0.10670879408879243 0.0 0.1672532990098895 0.26927002568345454 0.0 0.0 
0.24129863706627058 0.1091093800793455 0.0 0.13530812412563828 0.0 0.0 0.0 0.2437039460786374 0.27057991265010833 0.0 0.0 
0.15826444030170747 0.10303344102231088 0.0 0.10009478256060614 0.0 0.0 0.0 0.35 0.28860733611537553 0.0 0.0 
0.13038124061577255 0.13162719652861707 0.0 0.10580821589779435 0.0 0.0 0.0 0.35 0.28218334695781605 0.0 0.0 
0.16667081286936078 0.13710077575984222 0.0 0.10515638611018405 0.0 0.10323706521057584 0.0 0.21866614784556912 0.2691688122044679 0.0 0.0 
0.1992422571050069 0.11782926765992435 0.0 0.12914600788849542 0.0 0.10683843211824345 0.0 0.17806598490268336 0.26887805032564643 0.0 0.0 
0.1852370152340773 0.12261075751308598 0.0 0.10349302576577184 0.0 0.0 0.0 0.3358901847054814 0.2527690167815836 0.0 0.0 
0.18953090453422225 0.13650393644502926 0.0 0.0 0.0 0.0 0.0 0.35 0.32396515902074857 0.0 0.0 
0.218011319825108 0.10326908120131838 0.0 0.11677127973810097 0.0 0.0 0.0 0.3190343237979489 0.2429139954375238 0.0 0.0 
0.24032808893459837 0.11174954616229664 0.0 0.13818219558970687 0.0 0.0 0.0 0.27753889020189854 0.23220127911149963 0.0 0.0 
0.18683993582977376 0.13405112631218585 0.0 0.11999392123839121 0.0 0.10841639869903298 0.0 0.17936870680241068 0.2713299111182054 0.0 0.0 
0.11277570218756534 0.12060782263075157 0.0 0.10519436359555677 0.10547279717837152 0.10406260025824624 0.0 0.18125360966160914 0.27063310448789935 0.0 0.0 
0.16467930123756075 0.13546258977542186 0.0 0.10372794178374824 0.0 0.10002970058352682 0.0 0.21837321860187164 0.2777272480178706 0.0 0.0 
0.21859019290855053 0.11713473423272372 0.0 0.11756820996455143 0.0 0.0 0.0 0.2984255889346257 0.24828127395954866 0.0 0.0 
0.17134393610119097 0.10475277693016301 0.0 0.10222485420213905 0.0 0.0 0.0 0.34598613318589605 0.27569229958061103 0.0 0.0 
0.18120386093578933 0.12994632533053044 0.0 0.11710132120095183 0.0 0.10003264732951588 0.0 0.2109062475720606 0.26080959763115197 0.0 0.0 
0.17031233316553834 0.11215378119383486 0.0 0.10682962731762037 0.0 0.0 0.0 0.35 0.2607042583230065 0.0 0.0 
0.15924893575415372 0.1608792468054638 0.0 0.0 0.0 0.0 0.0 0.3493784227622863 0.3304933946780962 0.0 0.0 
0.23911397072173057 0.10990773159132881 0.0 0.0 0.0 0.0 0.0 0.35 0.3009782976869406 0.0 0.0 
0.24111167418936003 0.10923798258314499 0.0 0.13476032037383076 0.0 0.0 0.0 0.24399118937182393 0.2708988334818402 0.0 0.0 
0.12989140072396674 0.10638729119917556 0.0 0.10238177058207638 0.0 0.0 0.0 0.35 0.31133953749478127 0.0 0.0 
0.16347920419229012 0.10642836073226816 0.0 0.10812974106605383 0.0 0.0 0.0 0.35 0.27196269400938794 0.0 0.0 
0.18756198656594203 0.14333624556206742 0.0 0.0 0.0 0.0 0.0 0.34503985002674314 0.3240619178452474 0.0 0.0 
0.0 0.31820884618817813 0.0 0.0 0.0 0.0 0.0 0.3400058789134601 0.34178527489836186 0.0 0.0 
0.21322627463008562 0.11042234929966463 0.0 0.10968472934310863 0.0 0.0 0.0 0.3192903451411803 0.24737630158596094 0.0 0.0 
0.11102488948189934 0.1386374883982465 0.0 0.10088807121835863 0.14997300122277607 0.11050483361015981 0.0 0.11540852424249662 0.27356319182606303 0.0 0.0 
0.1916606638364866 0.1134071105314844 0.0 0.10524823544782534 0.0 0.0 0.0 0.33280391497868483 0.2568800752055188 0.0 0.0 
0.19387228532997328 0.11136635335719035 0.0 0.11198332330212986 0.0 0.0 0.0 0.33961462168494144 0.24316341632576516 0.0 0.0 
0.204378182161953 0.13382154745507374 0.0 0.1345030703040706 0.0 0.10035070415694465 0.0 0.16423024820266552 0.2627162477192925 0.0 0.0 
0.18767584870818865 0.11119180480358973 0.0 0.10485561658087261 0.0 0.0 0.0 0.34080275878062033 0.2554739711267287 0.0 0.0 
0.23223009736644515 0.10824929173559948 0.0 0.13352606796136768 0.0 0.0 0.0 0.2681870595330282 0.2578074834035595 0.0 0.0 
0.20413339854437085 0.1358780604645085 0.0 0.0 0.0 0.0 0.0 0.35 0.3099885409911206 0.0 0.0 
0.12338706130540324 0.13500372146150588 0.0 0.10160334500514095 0.13092106386307442 0.10403253030812117 0.0 0.1347450409734476 0.27030723708330673 0.0 0.0 
0.18164342276339204 0.12974979847614726 0.0 0.11004549395018794 0.0 0.1012530887489368 0.0 0.21331218285625603 0.2639960132050801 0.0 0.0 
0.2019051907271904 0.14373810172319995 0.0 0.0 0.0 0.0 0.0 0.34790023060382413 0.30645647694578554 0.0 0.0 
0.14327576125216046 0.1567242387478397 0.0 0.0 0.0 0.0 0.0 0.35 0.35 0.0 0.0 
0.22388347472248862 0.11371398427216642 0.0 0.1423253321104925 0.0 0.0 0.0 0.2803372444840779 0.23973996441077464 0.0 0.0 
0.13080960664063493 0.10287236160553095 0.0 0.10049446375853521 0.0 0.0 0.0 0.35 0.315823567995299 0.0 0.0 
0.22803641664542054 0.10870562704839404 0.0 0.12192564120150612 0.0 0.0 0.0 0.2801365102237531 0.26119580488092625 0.0 0.0 
0.1894478646393389 0.1188715740514056 0.0 0.13069383800054096 0.0 0.10148922660957481 0.0 0.19521545902656415 0.2642820376725756 0.0 0.0 
0.13921570642187733 0.16078429357812268 0.0 0.0 0.0 0.0 0.0 0.35 0.35 0.0 0.0 
0.0 0.30634757925489053 0.0 0.0 0.0 0.0 0.0 0.3436524207451094 0.35 0.0 0.0 
0.1774811002255817 0.12806827637868873 0.0 0.10567315330386508 0.0 0.10090803649773601 0.0 0.21373303844518454 0.27413639514894383 0.0 0.0 
0.0 0.31996111644364145 0.0 0.0 0.0 0.0 0.0 0.3300388835563587 0.35 0.0 0.0 
0.15927806538399594 0.12904222878784394 0.0 0.10737206213540938 0.0 0.0 0.0 0.3403117776738205 0.2639958660189303 0.0 0.0 
0.18402792106854138 0.13203360396464486 0.0 0.1273589857506156 0.0 0.10611171073721327 0.0 0.1766691369861853 0.27379864149279964 0.0 0.0 
0.21458484255329954 0.12158454318178169 0.0 0.11038358390599243 0.0 0.0 0.0 0.32092764177085126 0.23251938858807503 0.0 0.0 
0.19002743194979035 0.1251365337295229 0.0 0.0 0.0 0.0 0.0 0.35 0.33483603432068676 0.0 0.0 
0.15235600499686247 0.14764399500313766 0.0 0.0 0.0 0.0 0.0 0.35 0.35 0.0 0.0 
0.17597731104647743 0.11313571406112459 0.0 0.10672942059573302 0.0 0.0 0.0 0.34667364454378147 0.25748390975288354 0.0 0.0 
0.17933066153317032 0.14663965484486655 0.0 0.0 0.0 0.0 0.0 0.35 0.3240296836219632 0.0 0.0 
0.12187583891192987 0.12543520756644444 0.0 0.10034091696635598 0.1285737861618543 0.10265759193385836 0.0 0.15048989384867498 0.2706267646108822 0.0 0.0 
0.12338706130540324 0.13500372146150588 0.0 0.10160334500514095 0.13092106386307442 0.10403253030812117 0.0 0.1347450409734476 0.27030723708330673 0.0 0.0 
0.12483807663182107 0.13183141896174122 0.0 0.10413506653316916 0.10925154777177515 0.10665560295666716 0.0 0.1381025772928499 0.2851857098519764 0.0 0.0 
0.20279666205525024 0.11365399795095768 0.0 0.11341446033869391 0.0 0.0 0.0 0.32386385622517216 0.24627102342992604 0.0 0.0 
0.11179470533885948 0.18820529466114047 0.0 0.0 0.0 0.0 0.0 0.35 0.35 0.0 0.0 
0.1407313591890142 0.12200373994353096 0.0 0.10238061140133438 0.0 0.0 0.0 0.34677287351290703 0.28811141595321355 0.0 0.0 
0.201925213046034 0.15519416253035484 0.0 0.0 0.0 0.0 0.0 0.35 0.29288062442361107 0.0 0.0 
0.19976270981526628 0.15425034594109915 0.0 0.0 0.0 0.0 0.0 0.34843714989616964 0.29754979434746487 0.0 0.0 
0.23234251364685127 0.12728947494093565 0.0 0.0 0.0 0.0 0.0 0.3497549931530232 0.2906130182591899 0.0 0.0 
0.1383211450565868 0.11955557606286688 0.0 0.10731749120304654 0.0 0.0 0.0 0.35 0.2848057876774998 0.0 0.0 
0.12489783061870974 0.13785881625289376 0.0 0.10286261707277561 0.13254369979872632 0.10222565649782651 0.0 0.12595395422161842 0.2736574255374495 0.0 0.0 
0.21423209573571442 0.11211616062744774 0.0 0.10082989373398539 0.0 0.0 0.0 0.3136012417616384 0.2592206081412141 0.0 0.0 
0.15883222090474097 0.15482254189893824 0.0 0.0 0.0 0.0 0.0 0.35 0.33634523719632087 0.0 0.0 
0.12453582959930658 0.14000955486674418 0.0 0.1025493007646961 0.1321399758428138 0.10191428035169714 0.0 0.12602718497956228 0.27282387359517996 0.0 0.0 
