0.0 0.29999999999999993 0.0 0.0 0.0 0.0 0.0 0.35 0.35 0.0 0.0 
0.0 0.29999999999999993 0.0 0.0 0.0 0.0 0.0 0.35 0.35 0.0 0.0 
0.12270512550147433 0.1405946153677147 0.0 0.10099048730426179 0.1376438620130158 0.10809099406572611 0.0 0.11825101405877025 0.27172390168903676 0.0 0.0 
0.10002360271687157 0.19997639728312858 0.0 0.0 0.0 0.0 0.0 0.35 0.35 0.0 0.0 
0.0 0.32826734809166375 0.0 0.0 0.0 0.0 0.0 0.32173265190833633 0.35 0.0 0.0 
0.22808274184388388 0.11512482322337592 0.0 0.13947300706321164 0.0 0.0 0.0 0.2696236152823123 0.24769581258721632 0.0 0.0 
0.17240622307283385 0.10509789776903054 0.0 0.10417067301996556 0.0 0.0 0.0 0.35 0.26832520613817007 0.0 0.0 
0.18828547999866407 0.1441029643809056 0.0 0.0 0.0 0.0 0.0 0.35 0.31761155562043025 0.0 0.0 
0.18853387956182835 0.1315382946140123 0.0 0.1374886852470561 0.0 0.10252488013833566 0.0 0.1738079211358697 0.26610633930289784 0.0 0.0 
0.12647769954530574 0.13950547858700973 0.0 0.10192115097735333 0.1136912548070116 0.110085538105042 0.0 0.1415726327041373 0.26674624527414026 0.0 0.0 
0.11365973391368579 0.11433507201783105 0.0 0.1070736972587719 0.10000079572967005 0.10268143333074989 0.0 0.1739250693698966 0.2883241983793948 0.0 0.0 
0.23060825962737905 0.10174454389670928 0.0 0.11989241671818594 0.0 0.0 0.0 0.27470182344252814 0.2730529563151976 0.0 0.0 
0.1958605775666113 0.1428662585566673 0.0 0.0 0.0 0.0 0.0 0.34686646231088464 0.31440670156583683 0.0 0.0 
0.24185032001437973 0.12222631030116211 0.0 0.1475147654623262 0.0 0.0 0.0 0.22556026318445374 0.2628483410376782 0.0 0.0 
0.1900316448082021 0.12187426136620662 0.0 0.0 0.0 0.0 0.0 0.35 0.33809409382559125 0.0 0.0 
0.11836831517092992 0.11910086608619544 0.0 0.11150943880678003 0.10414352821961059 0.10693521658186407 0.0 0.173346246706514 0.26659638842810596 0.0 0.0 
0.19048775823396757 0.11183478281655686 0.0 0.13418738765663035 0.0 0.1033638531530665 0.0 0.1972072430579704 0.2629189750818083 0.0 0.0 
0.2296762454388138 0.12409700332520443 0.0 0.12443741651647548 0.0 0.0 0.0 0.2726647966856745 0.2491245380338316 0.0 0.0 
0.1295005222053223 0.1261701505823126 0.0 0.101023553421241 0.10208946864056184 0.10558977820887284 0.0 0.1547206166754326 0.28090591026625694 0.0 0.0 
0.1311483528905651 0.10426173405285623 0.0 0.10141917967495401 0.0 0.0 0.0 0.34888457961712926 0.31428615376449537 0.0 0.0 
0.1966262170386313 0.11752363638152477 0.0 0.1268033601570615 0.0 0.10603674609803755 0.0 0.1836356928262082 0.2693743474985367 0.0 0.0 
0.18935356177570825 0.11570610516572571 0.0 0.10464176289696966 0.0 0.10728717930111233 0.0 0.22509947212536743 0.2579119187351166 0.0 0.0 
0.16409794906054248 0.15534527919783533 0.0 0.0 0.0 0.0 0.0 0.34996038503598054 0.3305963867056417 0.0 0.0 
0.18589694908133184 0.11281198701477224 0.0 0.10564734277594566 0.0 0.11702199335610532 0.0 0.22127534172391572 0.25734638604792925 0.0 0.0 
0.21114261929126635 0.14182770355550292 0.0 0.0 0.0 0.0 0.0 0.35 0.29702967715323075 0.0 0.0 
0.20184816660056312 0.1149577648430578 0.0 0.10527786499687038 0.0 0.0 0.0 0.33770097382063174 0.24021522973887702 0.0 0.0 
0.19066163309140774 0.11420829421899038 0.0 0.115124676069703 0.0 0.10354117041735349 0.0 0.21339943414753693 0.2630647920550085 0.0 0.0 
0.20875537493084767 0.11133890005481552 0.0 0.1333783489609489 0.0 0.0 0.0 0.3078498416429241 0.23867753441046374 0.0 0.0 
0.12138820505211456 0.13855695498098342 0.0 0.10053819170569332 0.1343956247285317 0.1078031251690177 0.0 0.1302063119323635 0.2671115864312959 0.0 0.0 
0.12703456585916725 0.12744688722598657 0.0 0.10355630057564047 0.11419182392085757 0.10250517885105918 0.0 0.14219596021879838 0.2830692833484905 0.0 0.0 
0.15465151077627529 0.1052459028116197 0.0 0.105828008737509 0.0 0.0 0.0 0.34263660045459154 0.2916379772200045 0.0 0.0 
0.2074856011694005 0.1138725799504179 0.0 0.109149055299482 0.0 0.0 0.0 0.33793806905872936 0.2315546945219703 0.0 0.0 
0.22090994815762288 0.13396802160065927 0.0 0.0 0.0 0.0 0.0 0.35 0.2951220302417178 0.0 0.0 
0.13063816910759768 0.11630962437996571 0.0 0.10245683897982964 0.0 0.0 0.0 0.35 0.300595367532607 0.0 0.0 
0.1711603845796542 0.12863877822075925 0.0 0.10342259320318732 0.0 0.0 0.0 0.35 0.24677824399639922 0.0 0.0 
0.20777088708461597 0.12505457094542657 0.0 0.12721232153343992 0.0 0.0 0.0 0.2887912301871479 0.2511709902493697 0.0 0.0 
0.12833454414472314 0.1216944691350504 0.0 0.10580725309249919 0.11536037903403601 0.10299813160076736 0.0 0.15531258306351156 0.27049263992941247 0.0 0.0 
0.20900287126918474 0.13428340333894545 0.0 0.0 0.0 0.0 0.0 0.35 0.3067137253918697 0.0 0.0 
0.1165818802070569 0.11768124199946253 0.0 0.11024510484286974 0.10148139660690168 0.10310253769634266 0.0 0.1796481268153704 0.2712597118319961 0.0 0.0 
0.2257960333218413 0.12198478357055643 0.0 0.11665645756941115 0.0 0.0 0.0 0.26805066649125375 0.26751205904693726 0.0 0.0 
0.11492647181759229 0.11588342514588264 0.0 0.10826703377434123 0.10152357810878809 0.10473666614205475 0.0 0.16312525301118794 0.291537572000153 0.0 0.0 
0.20203979254075488 0.11557793053185417 0.0 0.10126278199439719 0.0 0.0 0.0 0.33944364383548753 0.2416758510975061 0.0 0.0 
0.1888690706368918 0.12814880947839452 0.0 0.12178156836114624 0.0 0.10183737424415991 0.0 0.20968205265035114 0.2496811246290563 0.0 0.0 
0.12194092564635177 0.11098872998430664 0.0 0.100338735805793 0.0 0.0 0.0 0.35 0.3167316085635486 0.0 0.0 
0.19559579874135374 0.13271293527921943 0.0 0.1261189196052539 0.0 0.10546439652527127 0.0 0.18153422553408252 0.2585737243148192 0.0 0.0 
0.1447158195599489 0.11354731753429746 0.0 0.10093619898104655 0.0 0.0 0.0 0.35 0.2908006639247071 0.0 0.0 
0.0 0.32020346802977684 0.0 0.0 0.0 0.0 0.0 0.32979653197022324 0.35 0.0 0.0 
0.1864743810386767 0.11877462450627368 0.0 0.12013332198597847 0.0 0.10054616811925195 0.0 0.20702347319781844 0.26704803115200093 0.0 0.0 
0.12827428096112395 0.13354559090799226 0.0 0.10031279885913937 0.10394046520234788 0.10484689782076843 0.0 0.15242341207556195 0.27665655417306617 0.0 0.0 
0.19628136307451918 0.11766228450481317 0.0 0.11923847781443425 0.0 0.0 0.0 0.30855434722251684 0.25826352738371666 0.0 0.0 
0.12649617472348867 0.13170514453925367 0.0 0.10025784737983746 0.13161399126738083 0.10031478352018909 0.0 0.13132895596104735 0.2782831026088029 0.0 0.0 
0.12936607332283093 0.13488230325621817 0.0 0.10254270788860144 0.13460000100259822 0.10259068836353495 0.0 0.11975801376117683 0.27626021240503945 0.0 0.0 
0.12875986274811538 0.12323251562120635 0.0 0.10215571180762258 0.0 0.0 0.0 0.35 0.2958519098230558 0.0 0.0 
0.20598221840363584 0.11476252060161472 0.0 0.1167668603736174 0.0 0.0 0.0 0.3032862623263523 0.2592021382947796 0.0 0.0 
0.20976922761461778 0.1128029913578502 0.0 0.12305358020032922 0.0 0.0 0.0 0.30754881163606385 0.2468253891911389 0.0 0.0 
0.19524524223412232 0.10021357160825951 0.0 0.10210788174162783 0.0 0.0 0.0 0.34639322738023753 0.25604007703575277 0.0 0.0 
0.0 0.313123853154269 0.0 0.0 0.0 0.0 0.0 0.33687614684573103 0.35 0.0 0.0 
0.17111836526886398 0.1622394608852989 0.0 0.0 0.0 0.0 0.0 0.35 0.3166421738458372 0.0 0.0 
0.23822921499643412 0.12633730150726347 0.0 0.14899274558038106 0.0 0.0 0.0 0.24011069570016685 0.2463300422157544 0.0 0.0 
0.15355712209238895 0.10448906655747472 0.0 0.10507911870326873 0.0 0.0 0.0 0.3473004864204929 0.2895742062263749 0.0 0.0 
0.2022453594785723 0.10714962467868897 0.0 0.10036811724743121 0.0 0.0 0.0 0.3404344273687204 0.24980247122658722 0.0 0.0 
0.2397620972671273 0.12937955607798166 0.0 0.12634431815376163 0.0 0.0 0.0 0.24990141872876398 0.2546126097723654 0.0 0.0 
0.1656115813599183 0.10855706251867968 0.0 0.10175942988501785 0.0 0.0 0.0 0.34656443557800726 0.27750749065837693 0.0 0.0 
0.11188618330217602 0.18811381669782404 0.0 0.0 0.0 0.0 0.0 0.35 0.35 0.0 0.0 
0.1650686620842199 0.10821521048846713 0.0 0.10142795361881789 0.0 0.0 0.0 0.34861322018087426 0.27667495362762085 0.0 0.0 
0.2270554495699355 0.10396219863951038 0.0 0.11372346284600096 0.0 0.0 0.0 0.28904327449678446 0.26621561444776864 0.0 0.0 
0.14446307034025668 0.11296933825108577 0.0 0.10410745889939745 0.0 0.0 0.0 0.3485704028791171 0.2898897296301431 0.0 0.0 
0.1455195749770047 0.15448042502299533 0.0 0.0 0.0 0.0 0.0 0.35 0.35 0.0 0.0 
0.22115363453662762 0.11688017011430935 0.0 0.14498275086562037 0.0 0.0 0.0 0.23715843916917181 0.27982500531427074 0.0 0.0 
0.2227631587942623 0.13157730530582046 0.0 0.11779686918514451 0.0 0.0 0.0 0.2653566963103523 0.26250597040442036 0.0 0.0 
0.0 0.3091168914779321 0.0 0.0 0.0 0.0 0.0 0.340883108522068 0.35 0.0 0.0 
0.13094678200135318 0.12293313586926748 0.0 0.10603524873364405 0.0 0.0 0.0 0.35 0.29008483339573543 0.0 0.0 
0.2306159644094572 0.11819047723717696 0.0 0.15055326614861256 0.0 0.0 0.0 0.24701348898137257 0.25362680322338077 0.0 0.0 
0.2379890359713636 0.12842278315198669 0.0 0.1254099910728281 0.0 0.0 0.0 0.25544846214229205 0.25272972766152946 0.0 0.0 
0.0 0.3036252951568478 0.0 0.0 0.0 0.0 0.0 0.34637470484315225 0.35 0.0 0.0 
0.23495268558558285 0.11989461846268727 0.0 0.1463263442602034 0.0 0.0 0.0 0.23679287255593712 0.2620334791355894 0.0 0.0 
0.20163248727449218 0.14194709636352157 0.0 0.0 0.0 0.0 0.0 0.35 0.30642041636198614 0.0 0.0 
0.19246306406552116 0.10571880255950283 0.0 0.10652476794870418 0.0 0.0 0.0 0.33960358238762567 0.25568978303864626 0.0 0.0 
0.1923808530964432 0.10445987442372039 0.0 0.10043158045052732 0.0 0.0 0.0 0.3496001852282075 0.2531275068011016 0.0 0.0 
0.13409874304469385 0.16590125695530608 0.0 0.0 0.0 0.0 0.0 0.35 0.35 0.0 0.0 
0.2270368277927487 0.11636677608547205 0.0 0.148663846092169 0.0 0.0 0.0 0.24317986442941203 0.26475268560019827 0.0 0.0 
0.1904568369484968 0.11458792680643702 0.0 0.12094918263269072 0.0 0.0 0.0 0.32377084106633935 0.2502352125460361 0.0 0.0 
0.17303053094173987 0.16315431433174032 0.0 0.0 0.0 0.0 0.0 0.35 0.3138151547265198 0.0 0.0 
0.16301328740807808 0.13698671259192202 0.0 0.0 0.0 0.0 0.0 0.35 0.35 0.0 0.0 
0.1715002079133077 0.1285860364627173 0.0 0.10338019005335769 0.0 0.0 0.0 0.34985650038371 0.24667706518690724 0.0 0.0 
0.1283705435705309 0.1045950696890819 0.0 0.10174342736841073 0.0 0.0 0.0 0.35 0.31529095937197643 0.0 0.0 
0.2257537596443906 0.10128311581241327 0.0 0.10205526498435771 0.0 0.0 0.0 0.3259461566207246 0.24496170293811376 0.0 0.0 
0.20007579685164145 0.11460331968845959 0.0 0.10176146478939972 0.0 0.0 0.0 0.3122657592239345 0.27129365944656475 0.0 0.0 
0.1263966394979405 0.13160151056537087 0.0 0.10111188815782213 0.13151042901868254 0.10023584947633105 0.0 0.13107955149725045 0.27806413178660244 0.0 0.0 
0.15086195862066729 0.16816717255635308 0.0 0.0 0.0 0.0 0.0 0.35 0.33097086882297966 0.0 0.0 
0.11651654384854154 0.18348345615145858 0.0 0.0 0.0 0.0 0.0 0.35 0.35 0.0 0.0 
0.18430876205893426 0.11208398158218577 0.0 0.1344863941957842 0.0 0.10069242838262894 0.0 0.19764667523019305 0.27078175855027375 0.0 0.0 
0.21109811693471786 0.1700240660828801 0.0 0.0 0.0 0.0 0.0 0.35 0.26887781698240204 0.0 0.0 
0.1311280563099293 0.12327595617772207 0.0 0.10594900762990052 0.0 0.0 0.0 0.34979807969298227 0.289848900189466 0.0 0.0 
0.11876453795606803 0.181235462043932 0.0 0.0 0.0 0.0 0.0 0.35 0.35 0.0 0.0 
0.19205731392977787 0.11330846981804138 0.0 0.12371883440195758 0.0 0.10472591567939955 0.0 0.1998059135554116 0.26638355261541197 0.0 0.0 
0.12335851111238934 0.1766414888876107 0.0 0.0 0.0 0.0 0.0 0.35 0.35 0.0 0.0 
0.0 0.3257386320180866 0.0 0.0 0.0 0.0 0.0 0.3242613679819134 0.35 0.0 0.0 
0.10178699560237049 0.1982130043976295 0.0 0.0 0.0 0.0 0.0 0.35 0.35 0.0 0.0 
0.12769993940995059 0.1723000605900495 0.0 0.0 0.0 0.0 0.0 0.35 0.35 0.0 0.0 
