-0.010175008133170203 0.00688426808507991 
-0.010175008133170203 0.00688426808507991 
-9.343108519773904E-4 5.6844654697143876E-5 
-0.0044140108319623275 1.35581654746107E-4 
-0.0020817237210296125 7.382419104284523E-5 
-0.008586385884182932 0.0011638462351097625 
-0.0031294679041878964 9.694908968342728E-5 
-0.0040949462283945545 1.281728718606088E-4 
-0.009941358922789 0.005516149056158982 
-0.0012558914365147422 6.25679634975782E-5 
-0.009975483149842614 0.005705404580665393 
-0.002456061135669476 7.554557312913985E-5 
-0.010098016882675656 0.006414749258894403 
-0.008689505836923248 0.001353216121956048 
-0.00951999091506983 0.004152809131563523 
-0.004642107630318654 1.5040091962072085E-4 
-0.008007337533853048 6.841092701530933E-4 
-0.009037009611734568 0.002197028068221104 
-0.008248721461220054 6.956096987602493E-4 
-0.009353615943473465 0.0033923326670935124 
-0.0016208489107195183 6.5786072592737E-5 
-0.009126147818292643 0.002457523652112127 
-0.009913537085692384 0.005364519289889152 
-0.009323848388063653 0.0032108062105772007 
-0.009081523990474714 0.002317928851723661 
-0.010061843771235675 0.00620050034583157 
-0.01000058690169493 0.00584693723895735 
-0.0067492496854538835 2.9156026273287604E-4 
-0.006014100442974676 2.305495234438395E-4 
-0.006952176891444287 3.1408756602937637E-4 
-0.008526245728415281 0.0010634219676954654 
-0.005702587813822606 2.0717722046448053E-4 
-0.00630124070103141 2.5364438307924245E-4 
-0.003906461705559697 1.198000295533601E-4 
-0.007727359264885266 5.364408816120949E-4 
-0.009506694636915234 0.004002562141047108 
-0.002820478457355812 9.335623301875886E-5 
-0.009263736970013932 0.002975694915649885 
-0.008330851675299724 7.88086855443804E-4 
-0.009469056294894118 0.003886165539627948 
-0.004859245846317259 1.5624011293352915E-4 
-0.006569319920011089 2.752680601968233E-4 
-0.008991041472934044 0.002040701833484916 
-0.008913758074480183 0.0018622502816142503 
-0.009848992420946109 0.005021992889899858 
-0.0018989721117260855 7.194218639493093E-5 
-0.009299335478172138 0.003104091472964748 
-0.008450995977293829 9.481615412154018E-4 
-0.009157414005359212 0.0025940867691881028 
-0.007830958093722943 6.594216818053258E-4 
-0.0071044267176189144 3.4916852649717145E-4 
-0.008836553554915893 0.0016607867872482046 
-0.00918795854098145 0.002685780579065642 
-0.008872876817624378 0.0017435574574338726 
-0.009887894649295988 0.005226892993887496 
-0.005908271720553387 2.2342331252025684E-4 
-0.008401776222427982 8.790218337088489E-4 
-0.005145547792658988 1.72351083909527E-4 
-0.010149113710482225 0.006724303575813903 
-0.001110168328846935 5.919318611969514E-5 
-0.008783033236115914 0.0015437346294479189 
-0.0033493938787995973 1.0287977598829978E-4 
-0.009605109063830053 0.004481990015739892 
-0.008958161236725947 0.0019654050440594826 
-0.009871055803471009 0.005137625849927869 
-0.005514828927810721 1.9918993279101615E-4 
-0.009823161879343092 0.004888534634230665 
-0.0034430047860628966 1.0586074162564666E-4 
-0.007225723019033759 3.8145343016465435E-4 
-0.010130782990389395 0.006612321304664867 
-0.005015313371304077 1.651922079021497E-4 
-0.0100489225886619 0.0061249533378730245 
-0.007474442879087308 5.003151609539057E-4 
-0.010115605814971415 0.0065203925407067535 
-0.009448165085467461 0.0037522057334366072 
-0.009393796373975924 0.0035005736802693815 
-0.006399722326272145 2.59330071249927E-4 
-0.007259667647823162 4.6334189236708494E-4 
-0.0025722477445244882 8.06785532428331E-5 
-0.0053219285159277 1.8709316402137636E-4 
-0.009569614240057856 0.00430601109902583 
-0.0017067736952502295 6.739682440132686E-5 
-0.00942944772022023 0.0036936570327200046 
-0.009228180200105006 0.0028567912879549425 
-0.009216006874587884 0.0028097461958069337 
-0.00782967974823603 5.446534701251187E-4 
-0.003691507778732712 1.1880979998945555E-4 
-0.00364798711190734 1.1214281617171651E-4 
-0.002740297601821407 8.082224745682674E-5 
-0.00965215092896951 0.004737378826645049 
-0.00961925984015195 0.004587605956859969 
-0.009569614240057856 0.00430601109902583 
-0.010157668859775985 0.00683729743178116 
-0.008713549550045208 0.0014243904827417303 
-0.009644062362396701 0.004677648920748429 
-0.010025210004659961 0.005994574772205807 
-0.008753069731072944 0.0014807547733670292 
-0.00739739245557256 4.6991854181282973E-4 
-0.0098097088479362 0.004819846485141061 
-0.005408472626217126 1.908971595480147E-4 
