-0.017609275760070896 7.814526095630628E-4 
-0.007851178383000765 1.1467024165586054E-5 
-0.007851178383000765 1.1467024165586054E-5 
-0.017609275760070882 7.814526095630618E-4 
-0.01740529139647271 6.226270743753436E-4 
-0.009970234341788953 1.831799977038178E-5 
-0.008458475179326647 1.8183369458396336E-5 
-0.01698545250975945 4.8534157372518604E-4 
-0.01698538167888926 4.191773905690407E-4 
-0.011482938286624198 3.584715258043214E-5 
-0.015021088461658845 1.7160625335184266E-4 
-0.01680630713532316 3.5324128928058453E-4 
-0.014827537433844719 1.5268632235633934E-4 
-0.016035886706598813 2.489857034972415E-4 
-0.011228580079828453 3.036859144781756E-5 
-0.01712314503442145 4.942941398791778E-4 
-0.016979816653014474 3.917710034603062E-4 
-0.0081319669696154 1.4157728035369953E-5 
-0.015932018201274517 2.373685856797703E-4 
-0.014613416608271104 1.4434318848051113E-4 
-0.013563891877865601 9.115017993462865E-5 
-0.016926618635020575 3.726211906409511E-4 
-0.012187198336756544 5.341249487850178E-5 
-0.016890612973542975 3.6977236575593203E-4 
-0.012653280553568978 6.497863738445313E-5 
-0.014519965536803837 1.3566703706260522E-4 
-0.017240821397604883 5.31810360093585E-4 
-0.01611082085027586 2.5990481964454975E-4 
-0.010605373756059697 2.258598441557228E-5 
-0.012073372561368206 5.130658831075105E-5 
-0.013369182375011002 8.512739862599507E-5 
-0.011701530973829857 3.976523970170273E-5 
-0.013972650353283112 1.072592072699479E-4 
-0.017286836683660243 5.561911029592865E-4 
-0.017161067472750327 5.042651130909629E-4 
-0.017384691527891873 6.109753840271397E-4 
-0.013849820420162088 1.0254075692493442E-4 
-0.012884710930254187 7.054432467842853E-5 
-0.016644774462841887 3.27514878848099E-4 
-0.012339739671750588 5.92989274315192E-5 
-0.007918998288032435 1.1660277826757226E-5 
-0.010809527577854276 2.4273775380373057E-5 
-0.015217211888869323 1.8649524971611268E-4 
-0.014187349521387692 1.2275829061561802E-4 
-0.01188198718113728 4.963892031514525E-5 
-0.016327904670120883 2.843809568928141E-4 
-0.012493850252407302 6.223898813358828E-5 
-0.011011518913381545 2.69974490379443E-5 
-0.013705781724855795 9.582235435894883E-5 
-0.014075288860212613 1.116352489414471E-4 
-0.01736353217618198 5.998452469212202E-4 
-0.016981875260719426 4.0001661537500903E-4 
-0.013435635838509673 8.746824702026843E-5 
-0.016393609693090574 2.9385029256666665E-4 
-0.017205686829020392 5.145006852251399E-4 
-0.016221461300544717 2.7424743158910097E-4 
-0.014341131414075923 1.2415367075073146E-4 
-0.01618676370797313 2.656639490773948E-4 
-0.011102459523165093 3.0334534273950566E-5 
-0.01048622908586667 2.1396645321663128E-5 
-0.017218770470939036 5.208144203018765E-4 
-0.016665700896236063 3.3089815685575483E-4 
-0.014145718974659816 1.1591838029147443E-4 
-0.015350127363925159 1.9274210614485184E-4 
-0.01734696864901316 5.917251681204259E-4 
-0.013198935023033797 7.902609316074865E-5 
-0.01698444037184164 4.134005749258976E-4 
-0.015771954687296766 2.2309523752637623E-4 
-0.01519363926761424 1.8140290588553065E-4 
-0.01088049441540821 2.5015951114269906E-5 
-0.015448358728621405 2.0014511200807912E-4 
-0.010021067430355178 1.8989351599152452E-5 
-0.014728961051627562 1.488653539297928E-4 
-0.013757702783349198 9.820762427545275E-5 
-0.0165546344792847 3.142390742413615E-4 
-0.01304752176622679 7.428198193373882E-5 
-0.016731737337358762 3.406191595030226E-4 
-0.008458475179326646 1.8183369458396316E-5 
-0.010192727800759355 1.9136596467009587E-5 
-0.01563121006634532 2.1049340871275024E-4 
-0.01642660243437064 3.027697131793608E-4 
-0.0164943707461712 3.1341485499208264E-4 
-0.014419261718397188 1.3102286452585206E-4 
-0.016472173630577715 3.045906909108438E-4 
-0.01726733531981538 5.456216511615219E-4 
-0.016731737337358762 3.406191595030226E-4 
-0.01728797888101157 5.708559460384922E-4 
-0.01311524427406962 7.744300643834745E-5 
-0.01572633077298432 2.1753994237317515E-4 
-0.012415198597536972 6.059762344697367E-5 
-0.008278635447872044 1.4725306976825502E-5 
-0.011849770225807682 4.529714832914138E-5 
-0.008278635447872044 1.4725306976825502E-5 
-0.01582144318006252 2.294469326220499E-4 
-0.016345357729805145 2.8801588731155585E-4 
-0.017312952360156893 5.8145543299101E-4 
-0.01568463131922096 2.1467256991069265E-4 
-0.012781632242770711 6.81824135237716E-5 
-0.010233027313316203 1.9507722155951196E-5 
-0.015540726970808036 2.0292172498163425E-4 
