-0.01066835838195402 0.008605547393948894 
4.991536002705018E-4 1.0047332042621328E-4 
4.991536002705018E-4 1.0047332042621328E-4 
-0.01066835838195402 0.008605547393948894 
-0.0015376233348593704 1.3236249750857513E-4 
-0.0042975254382973775 1.3270707816105088E-4 
-0.010655209285523451 0.007718115556151977 
-0.010658187023735055 0.008570688447413004 
-0.010631907707612907 0.006910271444329452 
-0.010628928771591741 0.006207838657328669 
-0.005550763500132079 1.8215507176505763E-4 
-4.6024435673766876E-4 1.0673955747002295E-4 
-0.005010397340609816 1.7884712086575587E-4 
-0.0060494531120306606 2.2101110954641148E-4 
-9.385939104237946E-4 1.1399559976646003E-4 
-0.008253009106201005 0.0011687897197937805 
-0.007966766944723752 8.855319322162331E-4 
4.070508848619557E-5 1.0567458685131967E-4 
-0.006285429562966145 2.4519308198687816E-4 
-0.004746815403464579 1.5747652051587284E-4 
-0.010650251466330037 0.0074063309373036115 
-0.01025047314791613 0.004979742664926561 
-0.01020644710071308 0.004846405355995447 
-6.414227734884493E-4 1.0823129360708507E-4 
-0.004449960564899966 1.4586015406901958E-4 
-0.008329129053924807 0.0012545127861444889 
-0.01030487861849584 0.005147258347393815 
-0.006917995446636485 3.3710091119354163E-4 
-0.007817208599364227 7.7048389695375E-4 
-0.006439238846713718 3.0557543425860606E-4 
-0.00811653471090633 0.0010260340435161155 
-0.010552962233454657 0.005949554552996717 
-0.008939587435952669 0.002274940886818847 
-0.008415529951558618 0.00140894401253054 
-0.00935247536868273 0.0030553138558992534 
-0.010653825210094933 0.007629817298188845 
-0.010452501997522488 0.005630542428880114 
-0.010040533935223826 0.004361763438408083 
-0.0012135055826592014 1.1875023716610204E-4 
-0.006664016795500047 3.0619851541536657E-4 
-0.008781783221531923 0.001974618097240632 
-0.0087103384023881 0.0017691663738200435 
-0.008650828432468727 0.001665035366506281 
-0.009181743033598717 0.002700866570027894 
-0.010591580130543777 0.006101999596669988 
-0.007261586145997832 5.201755100803988E-4 
-0.009772800843548118 0.0041576081077430984 
-0.008889860601212763 0.002109583652446341 
-0.00963367349770149 0.003771709678874444 
-0.00924861787046885 0.0028540443457550804 
-0.010516761819533052 0.005828554173875688 
-0.008762745429404781 0.0018620107587097624 
-0.010411536246696319 0.005484459478984313 
-0.008058301116805576 9.69394022890245E-4 
-0.009058358820396413 0.0024234667481383477 
-0.00997015106899198 0.004164690478554774 
-0.007117963676685678 4.3099878894673274E-4 
-0.005795480780239991 2.0329516571907994E-4 
-0.010647808044261731 0.007257267109687599 
-0.009011062360382993 0.002346628826399796 
-0.010151626654394293 0.004683151948473209 
-0.007437773077078456 5.719608173964776E-4 
2.7838161009516126E-4 1.0529836399776896E-4 
-0.00948398140837464 0.0033687624973967097 
-0.008575473608068488 0.0015905940599616726 
-0.006787049161831192 3.265495730134021E-4 
-0.0092952997678898 0.0029440964587821882 
-0.00940982447721269 0.0032723213538090735 
-0.004910206151842536 1.762460219940204E-4 
-0.007636730430704777 6.482481300067598E-4 
-0.008823650855185192 0.00209909624435741 
-0.009583090546578747 0.003626455730141788 
-0.0011636486943935348 1.1811812276622101E-4 
-0.010344074890816872 0.005269823951708205 
-0.005764822405889559 1.9700991025793234E-4 
-0.007117963676685678 4.3099878894673274E-4 
-0.009671712086109367 0.0038671738318574347 
-0.009532146328126125 0.003495617833271926 
-0.009380182288575262 0.0031951506530577857 
-0.009080787696912798 0.002547322584985808 
-0.007332157031074458 5.449126953389685E-4 
-0.009595442839879254 0.00366203986125157 
-0.009135381833484998 0.0026590028506666107 
4.070508848619557E-5 1.0567458685131967E-4 
-0.010646351564833003 0.007169856674353312 
-0.010359781675718997 0.005319380356869281 
-0.010057448263108596 0.0044098801664283396 
-0.008487462020633156 0.0014570247202139951 
-0.009970151068991975 0.004164690478554766 
-0.009103146837733344 0.002578488784137347 
-0.007741693876823021 7.061833886291689E-4 
-0.01064364431787626 0.007010246804959867 
-0.007562522907996038 5.972359329436784E-4 
-0.008542581088056108 0.001521939176249332 
-0.009690824155098369 0.003928316655067459 
-0.01010618858921359 0.004550172564814363 
-0.007714462433980669 6.989112834712081E-4 
-0.0106189772570606 0.006180028083648546 
-0.010125128110710296 0.004605344024617553 
-0.009742577456699826 0.004069431532759905 
