0.0 0.29999999999999993 0.0 0.0 0.0 0.0 0.0 0.35 0.35 0.0 0.0 
0.3113595831066661 0.0 0.0 0.0 0.18296425503945643 0.25833159030725467 0.0 0.10020792884482141 0.14713664270180132 0.0 0.0 
0.0 0.30000000000000004 0.0 0.0 0.0 0.0 0.0 0.35 0.35 0.0 0.0 
0.10028321795926583 0.19971678204073426 0.0 0.0 0.0 0.0 0.0 0.35 0.35 0.0 0.0 
0.0 0.30073399209973173 0.0 0.0 0.0 0.0 0.0 0.3492660079002684 0.35 0.0 0.0 
0.19674567105426785 0.10325432894573228 0.0 0.0 0.0 0.0 0.0 0.35 0.35 0.0 0.0 
0.32225786338104606 0.0 0.0 0.0 0.11476485719988819 0.22669157836707082 0.0 0.10046186465848403 0.23582383639351098 0.0 0.0 
0.3000000000000002 0.0 0.0 0.0 0.0 0.0 0.0 0.3499999999999999 0.3499999999999999 0.0 0.0 
0.35 0.0 0.0 0.0 0.0 0.34389953750256336 0.0 0.10150287921488396 0.20459758328255273 0.0 0.0 
0.318003270144204 0.0 0.0 0.0 0.16622146212324881 0.25586397429895563 0.0 0.10041097361293963 0.15950031982065185 0.0 0.0 
0.35 0.15923856286352733 0.0 0.0 0.0 0.0 0.0 0.1407614371364727 0.35 0.0 0.0 
0.33333038846080976 0.0 0.0 0.0 0.14139894651366489 0.21505982018749664 0.0 0.10010071191544423 0.21011013292258462 0.0 0.0 
0.35 0.0 0.0 0.0 0.0 0.2838931722960438 0.0 0.10028055654692151 0.26582627115703467 0.0 0.0 
0.34501182505156713 0.15341508622619776 0.0 0.0 0.0 0.0 0.0 0.15157308872223516 0.35 0.0 0.0 
0.35 0.0 0.0 0.0 0.0 0.2384677760608082 0.0 0.10347130275697555 0.30806092118221623 0.0 0.0 
0.3262620309283274 0.0 0.0 0.0 0.0 0.0 0.0 0.32373796907167274 0.35 0.0 0.0 
0.28102135062835 0.10649124198358627 0.0 0.0 0.0 0.0 0.0 0.26248740738806364 0.35 0.0 0.0 
0.35 0.0 0.0 0.0 0.0 0.2622582252527266 0.0 0.10018505239789391 0.28755672234937946 0.0 0.0 
0.334884367486201 0.0 0.0 0.0 0.0 0.0 0.0 0.315115632513799 0.35 0.0 0.0 
0.2631299732151445 0.10227602882256255 0.0 0.0 0.0 0.0 0.0 0.2845939979622931 0.35 0.0 0.0 
0.3083971002004585 0.0 0.0 0.0 0.15590709786250853 0.25428455177353876 0.0 0.10296553582912889 0.1784457143343653 0.0 0.0 
0.13879836490743028 0.16120163509256974 0.0 0.0 0.0 0.0 0.0 0.35 0.35 0.0 0.0 
0.3339959536379998 0.10242498829319534 0.0 0.0 0.0 0.0 0.0 0.2135790580688049 0.35 0.0 0.0 
0.30112613680844263 0.10006449352383197 0.0 0.0 0.0 0.0 0.0 0.2488093696677255 0.35 0.0 0.0 
0.35 0.0 0.0 0.0 0.0 0.3190242369840521 0.0 0.10024022225243878 0.23073554076350916 0.0 0.0 
0.31040366763701754 0.0 0.0 0.0 0.145959732077376 0.2751734077217525 0.0 0.10016295897480877 0.16830023358904528 0.0 0.0 
0.30949330047233775 0.10284282341617965 0.0 0.0 0.0 0.0 0.0 0.2376638761114825 0.35 0.0 0.0 
0.2808325800170281 0.11137980096820706 0.0 0.0 0.0 0.0 0.0 0.2577876190147649 0.35 0.0 0.0 
0.35 0.0 0.0 0.0 0.0 0.20630278203973887 0.0 0.10134382866331441 0.34235338929694675 0.0 0.0 
0.3255032804201115 0.0 0.0 0.0 0.0 0.27175979479923895 0.0 0.10049491534776966 0.30224200943288 0.0 0.0 
0.34493468596061133 0.21327870510380229 0.0 0.0 0.0 0.0 0.0 0.10254337883290708 0.3392432301026793 0.0 0.0 
0.34039215113714844 0.10362321401448989 0.0 0.0 0.0 0.0 0.0 0.2059846348483617 0.35 0.0 0.0 
0.31270084128242287 0.10391077851640186 0.0 0.0 0.0 0.0 0.0 0.23338838020117525 0.35 0.0 0.0 
0.35 0.130804556237849 0.0 0.0 0.0 0.0 0.0 0.16919544376215098 0.35 0.0 0.0 
0.11077312250636154 0.18922687749363842 0.0 0.0 0.0 0.0 0.0 0.35 0.35 0.0 0.0 
0.2951021741671917 0.10612058868197763 0.0 0.0 0.0 0.0 0.0 0.2541791309914559 0.3445981061593747 0.0 0.0 
0.34463794921845825 0.0 0.0 0.0 0.0 0.0 0.0 0.30536205078154177 0.35 0.0 0.0 
0.35 0.1844710129328553 0.0 0.0 0.0 0.0 0.0 0.11552898706714484 0.35 0.0 0.0 
0.30933920996238984 0.0 0.0 0.0 0.0 0.0 0.0 0.34066079003761024 0.35 0.0 0.0 
0.35 0.1773435305905436 0.0 0.0 0.0 0.0 0.0 0.12265646940945647 0.35 0.0 0.0 
0.32618769192451236 0.0 0.0 0.0 0.14675132496164475 0.23086753067569982 0.0 0.10034329396999972 0.1958501584681433 0.0 0.0 
0.30426543535007333 0.10110768533015534 0.0 0.0 0.0 0.0 0.0 0.24462687931977134 0.35 0.0 0.0 
0.1571978597969276 0.14280214020307244 0.0 0.0 0.0 0.0 0.0 0.35 0.35 0.0 0.0 
0.3465848365114932 0.17211277634077582 0.0 0.0 0.0 0.0 0.0 0.13130238714773113 0.35 0.0 0.0 
0.30016275042852286 0.10874658687796589 0.0 0.0 0.0 0.0 0.0 0.24109066269351134 0.35 0.0 0.0 
0.31948224118339813 0.10152357328248855 0.0 0.0 0.0 0.0 0.0 0.23027203756732798 0.34872214796678547 0.0 0.0 
0.3410754245185968 0.0 0.0 0.0 0.0 0.19364025321797473 0.0 0.11528432226342858 0.35 0.0 0.0 
0.35 0.0 0.0 0.0 0.0 0.19352824633617902 0.0 0.10647175366382106 0.35 0.0 0.0 
0.32148541154107796 0.0 0.0 0.0 0.11048745749147694 0.24333295080015366 0.0 0.10102739756398944 0.2236667826033019 0.0 0.0 
0.3416129821645903 0.0 0.0 0.0 0.0 0.0 0.0 0.30838701783540967 0.35 0.0 0.0 
0.34755802988084306 0.0 0.0 0.0 0.0 0.0 0.0 0.30244197011915697 0.35 0.0 0.0 
0.2898253617690105 0.10500143284953273 0.0 0.0 0.0 0.0 0.0 0.2551732053814567 0.35 0.0 0.0 
0.34848288733607574 0.0 0.0 0.0 0.0 0.21984480843391824 0.0 0.10102733620076611 0.33064496802924 0.0 0.0 
0.35 0.11810001533973234 0.0 0.0 0.0 0.0 0.0 0.18189998466026774 0.35 0.0 0.0 
0.3220403860788312 0.0 0.0 0.0 0.0 0.0 0.0 0.32795961392116885 0.35 0.0 0.0 
0.3300329002745689 0.0 0.0 0.0 0.0 0.0 0.0 0.3199670997254311 0.35 0.0 0.0 
0.30182835282426873 0.0 0.0 0.0 0.0 0.0 0.0 0.3481716471757312 0.35 0.0 0.0 
0.3279184836010851 0.10317900155226296 0.0 0.0 0.0 0.0 0.0 0.218902514846652 0.35 0.0 0.0 
0.30552517326683926 0.0 0.0 0.0 0.0 0.0 0.0 0.34447482673316077 0.35 0.0 0.0 
0.33117889069600825 0.0 0.0 0.0 0.0 0.0 0.0 0.3188211093039918 0.35 0.0 0.0 
0.34073689046484523 0.0 0.0 0.0 0.0 0.3050576415792343 0.0 0.10022993051148074 0.2539755374444397 0.0 0.0 
0.34450945335524125 0.0 0.0 0.0 0.0 0.18423134623967455 0.0 0.12125920040508416 0.35 0.0 0.0 
0.35 0.14222911530816285 0.0 0.0 0.0 0.0 0.0 0.15777088469183725 0.35 0.0 0.0 
0.32374054882030584 0.0 0.0 0.0 0.11223687589927757 0.2518233028879579 0.0 0.10043267984570434 0.21176659254675428 0.0 0.0 
0.3479543026724783 0.10770146558122229 0.0 0.0 0.0 0.0 0.0 0.19490504821160382 0.34943918353469555 0.0 0.0 
0.2774040148045525 0.10512047572797406 0.0 0.0 0.0 0.0 0.0 0.26747550946747345 0.35 0.0 0.0 
0.35 0.1245237300706603 0.0 0.0 0.0 0.0 0.0 0.1754762699293398 0.35 0.0 0.0 
0.3143111224539567 0.0 0.0 0.0 0.0 0.0 0.0 0.33568887754604315 0.35 0.0 0.0 
0.2774040148045525 0.10512047572797406 0.0 0.0 0.0 0.0 0.0 0.26747550946747345 0.35 0.0 0.0 
0.32618769192451236 0.0 0.0 0.0 0.14675132496164475 0.23086753067569982 0.0 0.10034329396999972 0.1958501584681433 0.0 0.0 
0.31834352860033266 0.0 0.0 0.0 0.0 0.0 0.0 0.33165647139966736 0.35 0.0 0.0 
0.35 0.11200535181238336 0.0 0.0 0.0 0.0 0.0 0.1879946481876167 0.35 0.0 0.0 
0.31415789208586187 0.11440940720492924 0.0 0.0 0.0 0.0 0.0 0.22143270070920887 0.35 0.0 0.0 
0.3386228177270576 0.0 0.0 0.0 0.0 0.0 0.0 0.31137718227294237 0.35 0.0 0.0 
0.3062741312051171 0.0 0.0 0.0 0.0 0.0 0.0 0.34372586879488287 0.35 0.0 0.0 
0.33989172209693985 0.11773543864955313 0.0 0.0 0.0 0.0 0.0 0.19237283925350693 0.35 0.0 0.0 
0.35 0.1357847611084789 0.0 0.0 0.0 0.0 0.0 0.16421523889152112 0.35 0.0 0.0 
0.35 0.0 0.0 0.0 0.0 0.0 0.0 0.2999999999999998 0.35 0.0 0.0 
0.35 0.0 0.0 0.0 0.0 0.17542356057302044 0.0 0.12457643942697975 0.35 0.0 0.0 
0.33223039684845507 0.10174344562054956 0.0 0.0 0.0 0.0 0.0 0.2160261575309955 0.35 0.0 0.0 
0.33454144064019864 0.18797638788797538 0.0 0.0 0.0 0.0 0.0 0.12748217147182606 0.35 0.0 0.0 
0.3430952074977638 0.0 0.0 0.0 0.0 0.35 0.0 0.10460198388235417 0.20230280861988204 0.0 0.0 
0.1759589574385754 0.12404104256142459 0.0 0.0 0.0 0.0 0.0 0.35 0.35 0.0 0.0 
0.35 0.0 0.0 0.0 0.0 0.19189161840120597 0.0 0.11035316771404526 0.34775521388474884 0.0 0.0 
0.34114131449759627 0.10435238394932982 0.0 0.0 0.0 0.0 0.0 0.2045063015530741 0.35 0.0 0.0 
0.34853154788505614 0.12424967486489841 0.0 0.0 0.0 0.0 0.0 0.17721877725004542 0.35 0.0 0.0 
0.3375697261182018 0.20811876507304655 0.0 0.0 0.0 0.0 0.0 0.11064370802135678 0.3436678007873949 0.0 0.0 
0.2663879699114327 0.10553252003380721 0.0 0.0 0.0 0.0 0.0 0.2780795100547602 0.35 0.0 0.0 
0.34073689046484523 0.0 0.0 0.0 0.0 0.3050576415792343 0.0 0.10022993051148074 0.2539755374444397 0.0 0.0 
0.35 0.11382646450359904 0.0 0.0 0.0 0.0 0.0 0.18617353549640098 0.35 0.0 0.0 
0.26476380831702856 0.1042984239779575 0.0 0.0 0.0 0.0 0.0 0.2809377677050139 0.35 0.0 0.0 
0.35 0.0 0.0 0.0 0.0 0.3282094532380244 0.0 0.10212759276240596 0.21966295399956967 0.0 0.0 
0.3114848140770556 0.0 0.0 0.0 0.0 0.0 0.0 0.33851518592294444 0.35 0.0 0.0 
0.35 0.13851497206342372 0.0 0.0 0.0 0.0 0.0 0.16148502793657632 0.35 0.0 0.0 
0.3375697261182018 0.20811876507304655 0.0 0.0 0.0 0.0 0.0 0.11064370802135678 0.3436678007873949 0.0 0.0 
0.27499176576396356 0.102020159073182 0.0 0.0 0.0 0.0 0.0 0.27298807516285456 0.35 0.0 0.0 
0.3248339673189399 0.10276412774166258 0.0 0.0 0.0 0.0 0.0 0.22856313569971862 0.34383876923967904 0.0 0.0 
0.3440690370898359 0.10536895388543481 0.0 0.0 0.0 0.0 0.0 0.20056200902472937 0.35 0.0 0.0 
0.3237259083573636 0.0 0.0 0.0 0.11223930573566582 0.25182875465610327 0.0 0.10043485413092124 0.21177117711994614 0.0 0.0 
0.3440690370898359 0.10536895388543481 0.0 0.0 0.0 0.0 0.0 0.20056200902472937 0.35 0.0 0.0 
