-0.013896768393873302 3.938594904027273E-4 
-0.0038289309663592968 9.788410551417293E-6 
-0.013896768393873302 3.938594904027273E-4 
-0.013405935475155159 2.3979523326615181E-4 
-0.013422720701073075 3.588037164798006E-4 
-0.006253193552652943 1.5720528879680287E-5 
-0.004995658490951224 1.5694363919133183E-5 
-0.007948186512747493 2.3810274982061187E-5 
-0.008431554516034494 2.6716001201123124E-5 
-0.007396142768909729 2.3677237472016383E-5 
-0.011133074667378787 7.207103056512357E-5 
-0.011602632504207486 8.674687004245343E-5 
-0.011297462590405996 7.71787497121057E-5 
-0.008672875796462157 2.877245893388577E-5 
-0.008199489633650258 2.5339728294375E-5 
-0.012987697756189326 1.8869288615739772E-4 
-0.013825198123542895 3.8756432202276085E-4 
-0.004050850197910045 1.1214954959051284E-5 
-0.00449878795818603 1.2803719472788735E-5 
-0.011405368241395139 8.000846510897902E-5 
-0.013043929476916367 1.9537029251863306E-4 
-0.006459505698408325 1.6793532330089948E-5 
-0.011515214933726124 8.418498852438831E-5 
-0.010412856436630607 5.491106943238204E-5 
-0.011039856887526305 6.776239697600089E-5 
-0.013261799561380011 2.2290808820537764E-4 
-0.00923169809540507 3.637945142342734E-5 
-0.01259314581338436 1.5596148223230832E-4 
-0.012690204631299622 1.6528193441379485E-4 
-0.011747852026612573 9.41915168101704E-5 
-0.01377091185694164 3.830233385931643E-4 
-0.004302418274341476 1.1773788743717496E-5 
-0.012926265538453979 1.840293702658853E-4 
-0.006952008572468353 1.9070345844993884E-5 
-0.012341696159724407 1.3302657361536203E-4 
-0.012125802788957335 1.1624373130413761E-4 
-0.0072027583752623525 2.1608095876914867E-5 
-0.010897015220234584 6.712157227503754E-5 
-0.010572290489553746 5.746997710489991E-5 
-0.012519724031379964 1.512833174176171E-4 
-0.007063521317153369 2.0196367806862493E-5 
-0.012300560783194312 1.281282628025624E-4 
-0.012241947217974954 1.2237034867539084E-4 
-0.010777241659753963 6.09799473445965E-5 
-0.013715802114480428 3.78619197286434E-4 
-0.01353398839373474 3.655593147612646E-4 
-0.008054136906475422 2.435915173616263E-5 
-0.01347447465102327 3.617744720824448E-4 
-0.004660150125084683 1.3568660572703917E-5 
-0.008792553798460827 3.391374153844152E-5 
-0.01367329124018912 3.7536351663814533E-4 
-0.011853994024709037 9.817763193346113E-5 
-0.013241380594913824 2.1660046297092083E-4 
-0.004746384440899019 1.4329030375314136E-5 
-0.013186774774237497 2.0987096617074047E-4 
-0.013323276350652346 2.2737183467303544E-4 
-0.009624967638859672 4.078186374401564E-5 
-0.00898314055782414 3.476596638681567E-5 
-0.004188157986205004 1.1559103842882747E-5 
-0.011957330467648247 1.0414548269095536E-4 
-0.011887886098019254 9.975716968005351E-5 
-0.013619539676314896 3.7142353681637565E-4 
-0.009385304543344384 3.839415850971078E-5 
-0.00879003875140315 3.1185932990435595E-5 
-0.009592267802111011 3.9712348171762006E-5 
-0.00734180541511881 2.2053972122389857E-5 
-0.009797788739932416 4.317749224490998E-5 
-0.0067789761021867425 1.8261622860572273E-5 
-0.009418586690208666 3.910481801177089E-5 
-0.013583691040516686 3.689054454498536E-4 
-0.013065389913667784 2.010335954723072E-4 
-0.011964047352219816 1.0677800350582402E-4 
-0.0138964905377939 3.9383335361210564E-4 
-0.009082029503192427 3.631067564628481E-5 
-0.012886207059724332 1.7968875950455157E-4 
-0.0097805171367556 4.279469930321412E-5 
-0.013210225643080751 2.1430014418655438E-4 
-0.010556110923090388 5.728096424624405E-5 
-0.012694090002836255 1.6556176928292344E-4 
-0.009956286416663976 4.538170414777116E-5 
-0.012108970207200281 1.1493591631688538E-4 
-0.01269511834056934 1.7357310236277527E-4 
-0.01248230145928586 1.475656478657959E-4 
-0.011750600470781337 9.424714629565061E-5 
-0.004899726720183624 1.4994019528006571E-5 
-0.013370467318326265 2.3527721682972176E-4 
-0.010136967950470128 5.090198850161391E-5 
-0.010236590652961827 5.136641025223619E-5 
-0.013337930863057783 2.30358212173538E-4 
-0.012081308857955013 1.0974633226998861E-4 
-0.012592948394627494 1.5546373616150464E-4 
-0.012062802395064048 1.0918909275810018E-4 
-0.013106374250674853 2.0260526338283541E-4 
-0.006740098748378309 1.793060597239845E-5 
-0.012842537986601059 1.7823392893642916E-4 
-0.012267332927855708 1.238163943077183E-4 
-0.010306100465076289 5.2729657413823706E-5 
-0.012422327447569303 1.428409348730183E-4 
-0.012421069507374417 1.3661617485158386E-4 
-0.012418942676375777 1.3631324944972186E-4 
