-0.0038299819219300745 9.963561520441485E-6 
-0.013896589701596858 3.938565034573116E-4 
-0.013455917160757204 2.4969760071640723E-4 
-0.013465128968076317 3.6127440314705493E-4 
-0.0067470446233189535 1.905176669570678E-5 
-0.005262765462159653 1.9014198515377196E-5 
-0.007419690867351201 2.1832807389255784E-5 
-0.0069138171936209535 1.9866393718646538E-5 
-0.012897486391632452 1.8127413974623242E-4 
-0.012469287377588767 1.4241141959041266E-4 
-0.012254492911255885 1.2368927089050766E-4 
-0.008358901015094166 2.6464113809879648E-5 
-0.012606533513698743 1.5766853383615732E-4 
-0.01261976687047356 1.6927104460974667E-4 
-0.011030834672233022 6.884184484276508E-5 
-0.01086077643346595 6.325209459826127E-5 
-0.004125546439679813 1.132170989568641E-5 
-0.008220750013991193 2.585429934025739E-5 
-0.013139074529652003 2.045175464397206E-4 
-0.013301674412862449 2.289329438271443E-4 
-0.01229339761929209 1.2827928291387906E-4 
-0.008887700685876345 3.198652560484047E-5 
-0.009928388566680043 4.537923858730473E-5 
-0.013188743213502142 2.0957773778025504E-4 
-0.004584075027637398 1.3559710554447346E-5 
-0.012168449972570088 1.1551135792558544E-4 
-0.008001414365881714 2.5230961155220817E-5 
-0.012948383487241533 1.863095879652233E-4 
-0.010450073312008864 5.4716505021292745E-5 
-0.00433305982656333 1.211536089977092E-5 
-0.013633424416625475 3.724223968564426E-4 
-0.012797745347171548 1.725100345424231E-4 
-0.003977769970012349 1.0421205853708056E-5 
-0.011479969329686673 8.468647031765382E-5 
-0.009010453202476731 3.5046642590255315E-5 
-0.011818615459007207 9.572563725471427E-5 
-0.013389206444896596 2.378495184510579E-4 
-0.009786926355183427 4.2925124884840845E-5 
-0.011410353407715379 8.043924446161249E-5 
-0.010998545244397957 6.645188803387182E-5 
-0.01326495563758432 2.2235149326920448E-4 
-0.011982101978083933 1.0347655116474996E-4 
-0.007912597562780099 2.4069809883331408E-5 
-0.009477272434616324 3.87669351192568E-5 
-0.013414453236148026 2.4466248806289596E-4 
-0.012044896142636645 1.0726851957728838E-4 
-0.008591052255870582 2.8438852757206714E-5 
-0.01001401731943979 4.814827392905819E-5 
-0.007478452914540042 2.2509485798920985E-5 
-0.012363983035628176 1.3363648529827836E-4 
-0.004433597483176261 1.2755299316561403E-5 
-0.005144995802199325 1.8292401639680804E-5 
-0.00767686081687472 2.3170719195270866E-5 
-0.013790875004877197 3.8466985131003947E-4 
-0.009118934046778363 3.561377923740158E-5 
-0.005032175332077883 1.686965350228605E-5 
-0.012098967383196975 1.1048095051070244E-4 
-0.01134254873021916 7.778166663020844E-5 
-0.013748452404798883 3.8120344940749054E-4 
-0.009302335254638947 3.8264451919186235E-5 
-0.013828659252705256 3.890109420912781E-4 
-0.012486718655259571 1.4986514102823396E-4 
-0.012559685510882417 1.552126965853888E-4 
-0.004735749961647479 1.494746060506673E-5 
-0.013558170193399631 3.6716624662160664E-4 
-0.012957659373471946 1.9246772036058318E-4 
-0.011745604861073863 9.258677041975139E-5 
-0.007736638828115757 2.3558549621606684E-5 
-0.01239237289537704 1.35641905684759E-4 
-0.010576997760904271 5.6465727480720625E-5 
-0.009242876919821976 3.7019618465555305E-5 
-0.01158770657022826 8.628346057002386E-5 
-0.013226422814510388 2.150292110447426E-4 
-0.010266900129399735 5.256111573443636E-5 
-0.010321550811952095 5.2891679741735256E-5 
-0.011265437198316682 7.519362873163522E-5 
-0.010160252470373598 4.988939945527349E-5 
-0.01308441294182165 1.9883324574871943E-4 
-0.009543601441487084 4.080962606387573E-5 
-0.013245697813177634 2.1662968649082944E-4 
-0.011696361956757328 9.048451165019934E-5 
-0.008599582304575783 2.8527243872709617E-5 
-0.01370008903704533 3.7740144797217794E-4 
-0.011861097425293385 1.0054354740155784E-4 
-0.011210816172829314 7.387227040646496E-5 
-0.008774212556216323 2.9825313968250358E-5 
-0.012516647709133329 1.5087057951745643E-4 
-0.013270436323773994 2.2774213402438503E-4 
-0.010616150144611685 5.8063517321538705E-5 
-0.013398116908996897 2.389600247285117E-4 
-0.01353837918373308 3.658481267730236E-4 
-0.01211304222755305 1.1545401169562304E-4 
-0.013067605690990563 1.9839742305178707E-4 
-0.011897567563000137 1.00952053503496E-4 
-0.01367742519840991 3.756747007150935E-4 
-0.0049264271136685595 1.582013595789987E-5 
-0.010705432338447474 5.944935456376674E-5 
-0.013873101951054274 3.9219751463603523E-4 
-0.010121223186357076 4.918470260561633E-5 
-0.006898724057107918 1.9680839969327442E-5 
