0.0 0.1567544480011475 0.0 0.0 0.15384781744447096 0.12494420765011079 0.0 0.0 0.15057135591195286 0.12730040429877337 0.0 
0.0 0.29999999746679695 0.0 0.0 0.0 0.0 0.0 0.35 0.35 0.0 0.0 
0.0 0.25628600402836466 0.0 0.0 0.0 0.0 0.0 0.35 0.35 0.0 0.0 
0.10446880095721621 0.1957726313890496 0.0 0.0 0.0 0.0 0.0 0.3497286500389373 0.35 0.0 0.0 
0.1028426741829841 0.16324164204625943 0.0 0.0 0.13147971421383406 0.12171678711531643 0.0 0.1012453313297859 0.15489836661212314 0.13070584468205357 0.0 
0.0 0.19734325578792497 0.0 0.0 0.2365523259045014 0.19703197609648143 0.0 0.0 0.2100588473328655 0.15901359487822664 0.0 
0.0 0.17752388703985414 0.0 0.0 0.21447306116033654 0.17724386946053028 0.0 0.0 0.18896243976898708 0.14304371001813931 0.0 
0.0 0.1428262292018908 0.0 0.0 0.20228266315712298 0.16426974353888404 0.0 0.0 0.17941579465838445 0.1324398700770437 0.0 
0.2256664584700585 0.12006894464704615 0.0 0.133101562544707 0.0 0.0 0.0 0.2595658849894178 0.26159714934877054 0.0 0.0 
0.136635784994509 0.11139017932697529 0.0 0.10389161415827762 0.0 0.0 0.0 0.34949888904263204 0.29858353247760605 0.0 0.0 
0.17234737092439362 0.12191033348243681 0.0 0.10451299513003302 0.0 0.1048354099095199 0.0 0.227785672107774 0.26754437969853406 0.0 0.0 
0.16752856164018498 0.11880686718365621 0.0 0.10629859158059182 0.0 0.0 0.0 0.3451210363620723 0.2622449432334947 0.0 0.0 
0.1591331432440646 0.10177961559173668 0.0 0.10025840608828665 0.0 0.0 0.0 0.3423584765491907 0.29647035852672127 0.0 0.0 
0.12437812621755724 0.17562187259982828 0.0 0.0 0.0 0.0 0.0 0.35 0.35 0.0 0.0 
0.12403726562208461 0.12941601290715632 0.0 0.10249695707405554 0.12119676021288939 0.10239908850736375 0.0 0.11606128194007959 0.25987424463385106 0.0 0.0 
0.23160878383094638 0.11766213172257228 0.0 0.13420175141860083 0.0 0.0 0.0 0.286965330295262 0.22956200273261834 0.0 0.0 
0.16444007916740777 0.10934550298159702 0.0 0.10186354836818691 0.0 0.0 0.0 0.34747884163436715 0.27687202784844106 0.0 0.0 
0.16870978679967283 0.11918155067041723 0.0 0.12480420189174479 0.0 0.10262274126972522 0.0 0.222784163192828 0.2618975561756119 0.0 0.0 
0.18204623682300164 0.12067827035410053 0.0 0.0 0.0 0.0 0.0 0.34850433527521124 0.3487711575476868 0.0 0.0 
0.0 0.18510100440029564 0.0 0.0 0.22950066525835106 0.18480903504311866 0.0 0.0 0.20084209737620884 0.15025850910497732 0.0 
0.12140054516161362 0.12666495380057666 0.0 0.10031812942497957 0.11711588147727983 0.1008478773121738 0.0 0.11359411084254603 0.254072953946226 0.0 0.0 
0.23687912683689916 0.12268579939625218 0.0 0.1416060880665928 0.0 0.0 0.0 0.26213918070077485 0.23668980499948103 0.0 0.0 
0.12253113257401288 0.12681628188285227 0.0 0.10125237905468537 0.11820656637670911 0.10179427286421673 0.0 0.17348567649068425 0.2559136907568394 0.0 0.0 
0.12901598743670092 0.13476230890493385 0.0 0.10303017054143589 0.12578679098908804 0.10525864626666881 0.0 0.13700327260174314 0.26514282325942934 0.0 0.0 
0.19303464789902564 0.15058262312062978 0.0 0.0 0.0 0.0 0.0 0.3499670794589016 0.30641564952144307 0.0 0.0 
0.22638117590244053 0.15100672444053165 0.0 0.0 0.0 0.0 0.0 0.34559898946228995 0.2736306002580276 0.0 0.0 
0.1640784673448004 0.10518219012542683 0.0 0.10755390908108307 0.0 0.0 0.0 0.3422068467853854 0.2809785866633044 0.0 0.0 
0.1846362164453273 0.10011999087215333 0.0 0.10149744322965608 0.0 0.0 0.0 0.3331799519109568 0.28056639754190643 0.0 0.0 
0.1256140136766863 0.13120881256822206 0.0 0.10435231528113009 0.12271186948853202 0.1024831208474679 0.0 0.1333906851411702 0.2649435812956487 0.0 0.0 
0.10004176295931833 0.17130737563715814 0.0 0.0 0.13745698319782226 0.14582524673485678 0.0 0.10131928759863687 0.16417651342157785 0.15824058711378128 0.0 
0.1781560665941013 0.13814534286077657 0.0 0.0 0.0 0.0 0.0 0.341057099817944 0.34264149072717814 0.0 0.0 
0.13156090905891957 0.13231680700789633 0.0 0.11315126852352363 0.10371861923314513 0.10668309011438055 0.0 0.14634722495313596 0.26622208110899875 0.0 0.0 
0.21081713182199138 0.15001879412294822 0.0 0.0 0.0 0.0 0.0 0.35 0.2882980137046199 0.0 0.0 
0.23837152057127375 0.12079604237038655 0.0 0.14897027193612883 0.0 0.0 0.0 0.2558384555762361 0.2312092715333906 0.0 0.0 
0.0 0.26592235999548913 0.0 0.0 0.0 0.0 0.0 0.35 0.35 0.0 0.0 
0.1259208159287143 0.10008103966959808 0.0 0.12114351753182 0.10503232551340348 0.10698252863609825 0.0 0.1782413953693066 0.2625983773510593 0.0 0.0 
0.19652766540541813 0.16034041654918596 0.0 0.0 0.0 0.0 0.0 0.34528550748384745 0.2978464105615484 0.0 0.0 
0.16984854475457278 0.14746527745604673 0.0 0.0 0.0 0.0 0.0 0.35 0.33241729095096867 0.0 0.0 
0.12883430656962108 0.10255239174940672 0.0 0.10144940303916788 0.1064725311158477 0.10945783499131016 0.0 0.18255928989406464 0.26867424264058176 0.0 0.0 
0.21597570539224978 0.10433588734009366 0.0 0.11120882316694944 0.0 0.0 0.0 0.3139763061727323 0.24677435415928206 0.0 0.0 
0.0 0.1661479947728863 0.0 0.0 0.16621315882967325 0.13498645464041897 0.0 0.0 0.16267335546976985 0.13753202788483276 0.0 
0.1320926350748382 0.1697913098009778 0.0 0.0 0.0 0.0 0.0 0.3464839651384743 0.35 0.0 0.0 
0.10650954509903743 0.19824115044957522 0.0 0.0 0.0 0.0 0.0 0.35 0.3418786815016991 0.0 0.0 
0.1940768664990208 0.1511970265849359 0.0 0.0 0.0 0.0 0.0 0.3394337539387546 0.3144537679277889 0.0 0.0 
0.10588336734959868 0.1686738439739193 0.0 0.0 0.14226369966902114 0.14355423221756577 0.0 0.11931328130157214 0.18222499947279053 0.13808657601553243 0.0 
0.0 0.15471130204991843 0.0 0.0 0.13840453586993334 0.13480180729165697 0.0 0.0 0.15594690800382324 0.1324966332586533 0.0 
0.13192621764176843 0.16770868713614057 0.0 0.0 0.0 0.0 0.0 0.35 0.35 0.0 0.0 
0.15435594271570566 0.14888708795075267 0.0 0.0 0.0 0.0 0.0 0.34985375227114457 0.34690321706239713 0.0 0.0 
0.1788760869486346 0.13066637320517463 0.0 0.1012341754414834 0.0 0.10682313245644713 0.0 0.20505063096128814 0.26296938714698204 0.0 0.0 
0.13314924128207928 0.12106319419283659 0.0 0.10935996961073294 0.0 0.0 0.0 0.35 0.28635052256601046 0.0 0.0 
0.18808605680064697 0.13536484373556673 0.0 0.12757430966005112 0.0 0.10254648041855108 0.0 0.17172240378339756 0.2640324116996833 0.0 0.0 
0.0 0.190362249559901 0.0 0.0 0.23598112597262255 0.19006198136948874 0.0 0.0 0.20655076176778833 0.15338849818184738 0.0 
0.15206990015649718 0.10085994585688296 0.0 0.10282373421471366 0.0 0.0 0.0 0.34194730380647215 0.3022991159654341 0.0 0.0 
0.179534852433737 0.1507975504480154 0.0 0.0 0.0 0.0 0.0 0.35 0.3123901269415913 0.0 0.0 
0.10161800356922386 0.17333731110206635 0.0 0.0 0.13918607707405323 0.1480131070384427 0.0 0.10508737543837822 0.1725270044344774 0.16023112134335812 0.0 
0.1582937097613927 0.1480011983742354 0.0 0.0 0.0 0.0 0.0 0.3495620913396223 0.3441430005247496 0.0 0.0 
0.1849970543662278 0.13358226955240143 0.0 0.1260591831045572 0.0 0.10299056588009856 0.0 0.19051087126637392 0.26002523698833535 0.0 0.0 
0.12470433874378394 0.13293157372150785 0.0 0.11604930736162276 0.10090963232128962 0.10124946981704543 0.0 0.14705195572040397 0.2771037223143463 0.0 0.0 
0.0 0.2814326834261592 0.0 0.0 0.0 0.0 0.0 0.35 0.35 0.0 0.0 
0.1276610337611753 0.13319692199047944 0.0 0.10549142172575435 0.12315541482402102 0.1060484881114282 0.0 0.11949586871372013 0.26662780004846487 0.0 0.0 
0.21113314950564477 0.10146022333260478 0.0 0.10829520137231369 0.0 0.0 0.0 0.3362237197311467 0.24288770605829005 0.0 0.0 
0.10518511933316746 0.1760968781314613 0.0 0.0 0.13959247454044113 0.12289951250922206 0.0 0.12611449279862352 0.19014091970155975 0.1399706029855249 0.0 
0.22691790077157895 0.11690247814531109 0.0 0.10450303504247743 0.0 0.0 0.0 0.30225775835148483 0.24941882768914783 0.0 0.0 
0.10449891629626303 0.1664683920053505 0.0 0.0 0.14040356682862987 0.14167722534690025 0.0 0.11775323082235473 0.19291760860688945 0.13628106009361232 0.0 
0.21589682932758492 0.11303830950497869 0.0 0.10110561109827561 0.0 0.0 0.0 0.3289279755978059 0.2410312744713549 0.0 0.0 
0.23518786889826868 0.12228764437856983 0.0 0.14946264397214434 0.0 0.0 0.0 0.2589975752511831 0.23406426749983417 0.0 0.0 
0.19086006606340838 0.10788782666761076 0.0 0.13582583957842168 0.0 0.1006409286775614 0.0 0.18215006178772972 0.25405665797442634 0.0 0.0 
0.19305456413768543 0.10468488561677178 0.0 0.10662423929819391 0.0 0.0 0.0 0.34820849638047174 0.24742781456687724 0.0 0.0 
0.1910652156574875 0.11650312420462657 0.0 0.10479923417951018 0.0 0.0 0.0 0.33900233364240473 0.24863009231597114 0.0 0.0 
0.18635099941456124 0.11538327577175744 0.0 0.12474229651497015 0.0 0.10761229876324234 0.0 0.2038128432188224 0.2620982863166464 0.0 0.0 
0.21963383171344802 0.11351989268085665 0.0 0.14001459318335077 0.0 0.0 0.0 0.2916655077641743 0.23516617465817022 0.0 0.0 
0.20867989924562466 0.16207054636204377 0.0 0.0 0.0 0.0 0.0 0.3454479633057864 0.2838015910865452 0.0 0.0 
0.0 0.28787186734696013 0.0 0.0 0.0 0.0 0.0 0.35 0.35 0.0 0.0 
0.12663442480750178 0.13211754929826686 0.0 0.10464256903000255 0.12441152754396663 0.10914388365304627 0.0 0.1190721288756098 0.26878041630959254 0.0 0.0 
0.2222627822606088 0.10299579230901851 0.0 0.1416037270861602 0.0 0.0 0.0 0.295156655690897 0.2379810426533155 0.0 0.0 
0.10126581159124158 0.1734033858691279 0.0 0.0 0.13913882113484474 0.1476094735266043 0.0 0.10255896722546413 0.16618527486982754 0.16017672026899288 0.0 
0.1882463843301036 0.13548023086920424 0.0 0.12768305601923294 0.0 0.10063832897059032 0.0 0.17089086312871654 0.27706113668215226 0.0 0.0 
0.21010758286017356 0.10150105103157181 0.0 0.10818724719938196 0.0 0.0 0.0 0.34013469549793857 0.2400694234109341 0.0 0.0 
0.22728462814495085 0.1516093689107977 0.0 0.0 0.0 0.0 0.0 0.3470635379639697 0.2740424649802816 0.0 0.0 
0.1834541147290111 0.1506275443639913 0.0 0.0 0.0 0.0 0.0 0.3484906440013834 0.31742769690561423 0.0 0.0 
0.10001417909229124 0.17463353534829773 0.0 0.0 0.1418937931529685 0.1450917014507932 0.0 0.11213218668093812 0.17134954804559216 0.14728813239073238 0.0 
0.0 0.295630087541385 0.0 0.0 0.0 0.0 0.0 0.35 0.35 0.0 0.0 
0.14786589781717444 0.10724465453924652 0.0 0.10104548498915022 0.0 0.0 0.0 0.3450461627386797 0.2987977999157492 0.0 0.0 
0.14695471320854048 0.1523852431372358 0.0 0.0 0.0 0.0 0.0 0.35 0.35 0.0 0.0 
0.22341801241352227 0.11852861658133378 0.0 0.11615557416055565 0.0 0.0 0.0 0.3021884195612813 0.23493555111426478 0.0 0.0 
0.10479495222856894 0.17544367538277433 0.0 0.0 0.13996826818517438 0.12244363674222873 0.0 0.12049255740033382 0.19740550527797338 0.13945140478294654 0.0 
0.17686991513809325 0.1534308618302341 0.0 0.0 0.0 0.0 0.0 0.3491321823882099 0.3205670406434627 0.0 0.0 
0.147887483706632 0.15279750531769148 0.0 0.0 0.0 0.0 0.0 0.34998686427306824 0.34932814670260826 0.0 0.0 
0.10776132374086954 0.1845260321206192 0.0 0.0 0.1479344659427939 0.13258017358778598 0.0 0.10913742650207862 0.17684492845916971 0.1412156496466831 0.0 
0.0 0.27160983661769156 0.0 0.0 0.0 0.0 0.0 0.35 0.35 0.0 0.0 
0.10699641527238694 0.19914733874654564 0.0 0.0 0.0 0.0 0.0 0.35 0.3434414572395211 0.0 0.0 
0.0 0.2914060789281024 0.0 0.0 0.0 0.0 0.0 0.35 0.35 0.0 0.0 
0.18305720188336097 0.13372888227781898 0.0 0.10360098588212277 0.0 0.10470837086638601 0.0 0.20926148058253516 0.265643078507776 0.0 0.0 
0.18723931206625183 0.13549472525106349 0.0 0.12756019733959775 0.0 0.10056051528592752 0.0 0.17492663372425382 0.2742186163329057 0.0 0.0 
0.18400830659633166 0.13224956769594473 0.0 0.10246076025366722 0.0 0.10759067098075341 0.0 0.2075350882956713 0.2661556061776316 0.0 0.0 
0.20245194677266332 0.12310546189569131 0.0 0.14043976779862982 0.0 0.0 0.0 0.29377023328465296 0.2402325902483626 0.0 0.0 
0.2176579672286083 0.10514857264243388 0.0 0.11207504262779264 0.0 0.0 0.0 0.3164219069704513 0.24869651053071384 0.0 0.0 
0.22897960617461902 0.13926288983747961 0.0 0.0 0.0 0.0 0.0 0.34897888359162677 0.28277862039627444 0.0 0.0 
0.10445987184233758 0.19575589839030025 0.0 0.0 0.0 0.0 0.0 0.3496987581739601 0.35 0.0 0.0 
0.21285947085373388 0.1348588067997164 0.0 0.10144151537132422 0.0 0.0 0.0 0.32317459917005836 0.22766560780516715 0.0 0.0 
