0.18388594926509355 0.14942665434803037 0.0 0.10136652526246885 0.0 0.10843768330608143 0.0 0.12428958925215139 0.1859805403710474 0.11395427445211359 0.0 
0.0 0.29999999496286595 0.0 0.0 0.0 0.0 0.0 0.35 0.35 0.0 0.0 
0.0 0.2592086680475508 0.0 0.0 0.0 0.0 0.0 0.34709390714111443 0.34709390714111443 0.0 0.0 
0.10685994493305875 0.1929672658509738 0.0 0.0 0.0 0.0 0.0 0.35 0.35 0.0 0.0 
0.18486937820444593 0.1504093147794825 0.0 0.10042855446303713 0.0 0.11411072742954731 0.0 0.13782375714790018 0.18989082960416573 0.1074657932480864 0.0 
0.185624248431177 0.15083920506047965 0.0 0.10232475696552576 0.0 0.10946275963853813 0.0 0.12546451583144322 0.18773863999489998 0.1150314998793059 0.0 
0.21950885723944658 0.10035980306635187 0.0 0.10155733259920277 0.0 0.0 0.0 0.33977779102550987 0.23879621606948884 0.0 0.0 
0.17859845744399627 0.124783801348457 0.0 0.12601671950131763 0.0 0.10447803193699667 0.0 0.14772415673537218 0.2601649187262583 0.0 0.0 
0.14738679967550652 0.1179224612746769 0.0 0.10226631273329202 0.0 0.0 0.0 0.3470739209104586 0.28535050540606605 0.0 0.0 
0.1818193921987486 0.12152820530409413 0.0 0.1373736393320347 0.0 0.10191053149230034 0.0 0.1809338787905325 0.2686934630369036 0.0 0.0 
0.1326447028539566 0.12012641049593396 0.0 0.10507048153596847 0.0 0.0 0.0 0.3441149736543962 0.2980434314597447 0.0 0.0 
0.18697417357632012 0.13996640197374033 0.0 0.10669380780156235 0.0 0.1024134883502323 0.0 0.17167021345369518 0.19180571393113327 0.10047620091331641 0.0 
0.1831251905157326 0.15286984813062318 0.0 0.0 0.0 0.0 0.0 0.35 0.3067834329952075 0.0 0.0 
0.12917556205055808 0.1102223411888423 0.0 0.10176958097438567 0.0 0.0 0.0 0.35 0.30873619223828186 0.0 0.0 
0.1787384312563835 0.10882987880416865 0.0 0.10216686254903662 0.0 0.0 0.0 0.3496359157533063 0.26062891163710483 0.0 0.0 
0.18966834475841754 0.11972502454692721 0.0 0.13479123872246185 0.0 0.10315303817018033 0.0 0.17345914411237606 0.25778456603966965 0.0 0.0 
0.1866451535673284 0.10614640604552765 0.0 0.10369059544549368 0.0 0.0 0.0 0.3414180501020484 0.26209979483960183 0.0 0.0 
0.1823141318708129 0.1212163095592862 0.0 0.12250370363567567 0.0 0.10133194950952563 0.0 0.22032445195527517 0.2523094534694245 0.0 0.0 
0.15268536967161295 0.14730768913422163 0.0 0.0 0.0 0.0 0.0 0.35 0.35 0.0 0.0 
0.2237772431124321 0.10751126258952998 0.0 0.1031356737591395 0.0 0.0 0.0 0.32887684305523407 0.23669897748366417 0.0 0.0 
0.1305468256677577 0.17798710132869275 0.0 0.0 0.0 0.0 0.0 0.3459902152455928 0.34547585775795675 0.0 0.0 
0.15890690287981213 0.15052777798621458 0.0 0.0 0.0 0.0 0.0 0.35 0.3386377395181567 0.0 0.0 
0.0 0.2585047001690893 0.0 0.0 0.0 0.0 0.0 0.35 0.35 0.0 0.0 
0.20297236005714725 0.1163813601677175 0.0 0.10208936474016324 0.0 0.0 0.0 0.340985512102991 0.23757140293198095 0.0 0.0 
0.2291672660889428 0.1134982746448782 0.0 0.11375571964297383 0.0 0.0 0.0 0.26492692836575993 0.27865181125744515 0.0 0.0 
0.16702556730058543 0.14677246359500293 0.0 0.0 0.0 0.0 0.0 0.35 0.335961347707194 0.0 0.0 
0.18686164242890244 0.10767012453144766 0.0 0.11141660890117325 0.0 0.0 0.0 0.34001867471135083 0.25403294942712584 0.0 0.0 
0.18870372779848288 0.1658504838056633 0.0 0.0 0.0 0.0 0.0 0.34993101534385795 0.29551477305199586 0.0 0.0 
0.22512610757559023 0.14151079830810484 0.0 0.10388483272531594 0.0 0.0 0.0 0.2763230393703295 0.25315522202065965 0.0 0.0 
0.13188230292219896 0.16957801498425168 0.0 0.0 0.0 0.0 0.0 0.34952965069610065 0.3490100313974487 0.0 0.0 
0.20060737078550037 0.13137535655967994 0.0 0.10836337832454628 0.0 0.0 0.0 0.30982075162260364 0.2498331427076698 0.0 0.0 
0.1871717133577632 0.14065436040455054 0.0 0.10789952296951692 0.0 0.10356671496867595 0.0 0.1663067675530065 0.19200183155041664 0.10239908919607035 0.0 
0.17234703608086535 0.12788847263849304 0.0 0.12496200697207877 0.0 0.10720600931952969 0.0 0.15139959331692304 0.262984938060563 0.0 0.0 
0.16815222223662474 0.10926606070392425 0.0 0.10205748159528844 0.0 0.0 0.0 0.3492615917408472 0.2712626437233154 0.0 0.0 
0.19286932872873416 0.12449044410515361 0.0 0.13554614229765222 0.0 0.10430077749038565 0.0 0.17746432672071003 0.2587766241116982 0.0 0.0 
0.1347267433621889 0.11242956812825064 0.0 0.10060572662923992 0.0 0.0 0.0 0.34951633005403004 0.3027216318262906 0.0 0.0 
0.18768496139020865 0.15270006699484867 0.0 0.10195809360068639 0.0 0.11584864773082336 0.0 0.13992282978498735 0.19278289010740793 0.10910251039103772 0.0 
0.0 0.2631631888392821 0.0 0.0 0.0 0.0 0.0 0.35 0.35 0.0 0.0 
0.19770461167712958 0.1500779171517773 0.0 0.0 0.0 0.0 0.0 0.3394034457227503 0.312814025448343 0.0 0.0 
0.21673212732180638 0.1334125435333573 0.0 0.0 0.0 0.0 0.0 0.3498099634026794 0.3000453657421569 0.0 0.0 
0.0 0.2939688453348877 0.0 0.0 0.0 0.0 0.0 0.35 0.35 0.0 0.0 
0.18379312645482215 0.1382069645811048 0.0 0.0 0.0 0.0 0.0 0.34884986140498075 0.32915004755909233 0.0 0.0 
0.14880624339019818 0.1098120971552858 0.0 0.106045198209312 0.0 0.0 0.0 0.34386785839190676 0.29146860285329734 0.0 0.0 
0.18170470509773626 0.12456886006184342 0.0 0.1286844909763153 0.0 0.10446034897435266 0.0 0.18516537926455098 0.27541621562520147 0.0 0.0 
0.178427673723052 0.1132716694804557 0.0 0.10683477040757416 0.0 0.0 0.0 0.34649964003880646 0.2549662463501117 0.0 0.0 
0.0 0.28080742095347955 0.0 0.0 0.0 0.0 0.0 0.35 0.35 0.0 0.0 
0.2232774917146043 0.12026268068250723 0.0 0.11481541608997614 0.0 0.0 0.0 0.2991669158271934 0.24247749568571914 0.0 0.0 
0.22745167937078792 0.11878833031341568 0.0 0.14149413088465795 0.0 0.0 0.0 0.25442066244437067 0.2504171578791438 0.0 0.0 
0.18621678944426817 0.12427451681337011 0.0 0.100620795254781 0.0 0.10040213480760542 0.0 0.23078175648914873 0.25770400719082664 0.0 0.0 
0.18659994672534896 0.12503322992714244 0.0 0.13136641927615356 0.0 0.1005320923697012 0.0 0.20523361940080073 0.2512346923008531 0.0 0.0 
0.17572134244030072 0.1387690211472214 0.0 0.0 0.0 0.0 0.0 0.35 0.33425441408517076 0.0 0.0 
0.17217991437808638 0.12112110034254671 0.0 0.12240748323667784 0.0 0.10147561386900693 0.0 0.2201513983573271 0.26266448981635504 0.0 0.0 
0.18742748580661345 0.11831051917254506 0.0 0.1331987317898964 0.0 0.10193432447663353 0.0 0.1714097906667519 0.25473893998550284 0.0 0.0 
0.17711336517635096 0.14946106420092584 0.0 0.10113959923349088 0.0 0.10819492729959404 0.0 0.15431045683584807 0.1864526548351892 0.11369916862778423 0.0 
0.2218615300977118 0.10934632034904311 0.0 0.154936919296718 0.0 0.0 0.0 0.24762916368273843 0.25495011584702787 0.0 0.0 
0.20724061126601193 0.11294996603053412 0.0 0.12892114165174928 0.0 0.0 0.0 0.3227228746060999 0.22816540644560468 0.0 0.0 
0.1803849950913661 0.12056886583460007 0.0 0.10799793752419022 0.0 0.10122226826988234 0.0 0.22346154658264447 0.2663643866973169 0.0 0.0 
0.20548025040324108 0.10191935776986424 0.0 0.10394911626473392 0.0 0.0 0.0 0.3458174081338786 0.24283386742828209 0.0 0.0 
0.18382062005933444 0.15110221554871683 0.0 0.0 0.0 0.0 0.0 0.35 0.3149625500464011 0.0 0.0 
0.17952528777766968 0.11396847045206247 0.0 0.10134038330583921 0.0 0.0 0.0 0.34863116407255523 0.2565346943918734 0.0 0.0 
0.1326447028539566 0.12012641049593396 0.0 0.10507048153596847 0.0 0.0 0.0 0.3441149736543962 0.2980434314597447 0.0 0.0 
0.22110655472735063 0.12209639490581672 0.0 0.15592800414128866 0.0 0.0 0.0 0.24678650331038246 0.25408254291516147 0.0 0.0 
0.0 0.2710280404382021 0.0 0.0 0.0 0.0 0.0 0.35 0.35 0.0 0.0 
0.18723753858838318 0.11113356055163565 0.0 0.13069711009993387 0.0 0.10089492772504206 0.0 0.1681905224016436 0.24995465676461606 0.0 0.0 
0.23006200343239058 0.11478806943982622 0.0 0.14451839135119757 0.0 0.0 0.0 0.2573404930597551 0.2532910427168305 0.0 0.0 
0.18255365825335934 0.15064115784961163 0.0 0.1006321042203085 0.0 0.10965549679384372 0.0 0.1580702719126172 0.18784689428244228 0.11060041668781721 0.0 
0.17543459876362416 0.12412026219513786 0.0 0.12213424159455268 0.0 0.10697070797705488 0.0 0.20399241784585428 0.26734777162377615 0.0 0.0 
0.17996108253230306 0.14460039362961552 0.0 0.10276577234484514 0.0 0.10993996730761096 0.0 0.16114851811780306 0.18899426139914827 0.112590004668674 0.0 
0.23639331056045876 0.11417876939478712 0.0 0.13315099121272378 0.0 0.0 0.0 0.27082391074915413 0.24545301808287626 0.0 0.0 
0.12263257190450312 0.1785005757238225 0.0 0.0 0.0 0.0 0.0 0.3495575555571543 0.34930929681451994 0.0 0.0 
0.18357260492587843 0.13804113895025572 0.0 0.0 0.0 0.0 0.0 0.3484312989359009 0.3287551216272051 0.0 0.0 
0.22654638407635283 0.10890121499807133 0.0 0.11497804866502391 0.0 0.0 0.0 0.30354686670592057 0.24602748555463128 0.0 0.0 
0.11457023452090484 0.18326300106910748 0.0 0.0 0.0 0.0 0.0 0.35 0.35 0.0 0.0 
0.1858932852186616 0.12455972405430128 0.0 0.1308689293604118 0.0 0.10015137329067075 0.0 0.20845603620709988 0.2500706518688547 0.0 0.0 
0.21954029248488433 0.11375852894101064 0.0 0.10118292489344363 0.0 0.0 0.0 0.33330088418912657 0.2322173694915349 0.0 0.0 
0.2274087137951497 0.1314114487876883 0.0 0.0 0.0 0.0 0.0 0.3451400417945093 0.2960397956226528 0.0 0.0 
0.1347267433621889 0.11242956812825064 0.0 0.10060572662923992 0.0 0.0 0.0 0.34951633005403004 0.3027216318262906 0.0 0.0 
0.2242712401496911 0.11689106088878445 0.0 0.13490134457256026 0.0 0.0 0.0 0.2503570937202667 0.2735792606686974 0.0 0.0 
0.11456233212594161 0.1853080126568178 0.0 0.0 0.0 0.0 0.0 0.35 0.35 0.0 0.0 
0.12360250560459166 0.17820993971937601 0.0 0.0 0.0 0.0 0.0 0.34944400503020845 0.348743549645824 0.0 0.0 
0.15329170944785656 0.15011959722461707 0.0 0.0 0.0 0.0 0.0 0.3452367862261852 0.35 0.0 0.0 
0.22406713304263962 0.1201426072164285 0.0 0.1238467672468149 0.0 0.0 0.0 0.2728814713756239 0.25580947123806286 0.0 0.0 
0.17852386762098102 0.15981552403058571 0.0 0.0 0.0 0.0 0.0 0.35 0.31138646324237107 0.0 0.0 
0.15886208451818465 0.1074644102259269 0.0 0.10324174672301313 0.0 0.0 0.0 0.34408507400401694 0.28634668452885825 0.0 0.0 
0.18170470509773626 0.12456886006184342 0.0 0.1286844909763153 0.0 0.10446034897435266 0.0 0.18516537926455098 0.27541621562520147 0.0 0.0 
0.21993106126155362 0.10931952207473161 0.0 0.10960573406827816 0.0 0.0 0.0 0.29265752279455676 0.2684861598008799 0.0 0.0 
0.19381969984166994 0.12234549919639212 0.0 0.1377414742757963 0.0 0.105410794412563 0.0 0.17725572124054528 0.2634268110330335 0.0 0.0 
0.21954029248488433 0.11375852894101064 0.0 0.10118292489344363 0.0 0.0 0.0 0.33330088418912657 0.2322173694915349 0.0 0.0 
0.23298536215352186 0.10595139979141385 0.0 0.1433345030667505 0.0 0.0 0.0 0.26016459596221864 0.2575641390260952 0.0 0.0 
0.18825652005579158 0.12156332644270584 0.0 0.10888647698574203 0.0 0.10205506176397502 0.0 0.22760739828901297 0.2516312164627725 0.0 0.0 
0.22621071258528602 0.12115924849441267 0.0 0.12483609738104685 0.0 0.0 0.0 0.27566159988496575 0.2521323416542886 0.0 0.0 
0.10674944459111388 0.19397440230408985 0.0 0.0 0.0 0.0 0.0 0.3496380765523982 0.3496380765523982 0.0 0.0 
0.16830304363542387 0.10844471525721344 0.0 0.10217143653018679 0.0 0.0 0.0 0.3495748562407896 0.2715059483363863 0.0 0.0 
0.18643526076057923 0.11956334301664584 0.0 0.1301750332224891 0.0 0.10082133212741454 0.0 0.16854645270368437 0.24980635823885147 0.0 0.0 
0.17717016206927436 0.143622555529453 0.0 0.10117203278237782 0.0 0.10823496698117405 0.0 0.15435994126908176 0.186512446660958 0.11084390632596207 0.0 
0.18934128633561756 0.1222132154382844 0.0 0.13363155314424688 0.0 0.10239286622711447 0.0 0.16685208859960207 0.2540429792847504 0.0 0.0 
0.20112537357096652 0.13298254830782572 0.0 0.1086431912326904 0.0 0.0 0.0 0.3063202755917304 0.250928611296787 0.0 0.0 
0.23812150825355186 0.11501349473198237 0.0 0.12592071461183965 0.0 0.0 0.0 0.27280381981122315 0.248140462591403 0.0 0.0 
0.15882056210329437 0.10769769580300692 0.0 0.1032147620170373 0.0 0.0 0.0 0.34399513911965685 0.2862718409570046 0.0 0.0 
0.15349922614172792 0.15032281971207945 0.0 0.0 0.0 0.0 0.0 0.34570414611628286 0.35 0.0 0.0 
