0.0 0.3000026724704678 0.0 0.0 0.0 0.0 0.0 0.34999999297403384 0.34999733455549836 0.0 0.0 
0.0 0.15676579832120444 0.0 0.0 0.18613544991804767 0.15891416481329418 0.0 0.0 0.16186912179180993 0.14831120847412077 0.0 
0.0 0.3000026724704678 0.0 0.0 0.0 0.0 0.0 0.34999999297403384 0.34999733455549836 0.0 0.0 
0.12696679966437624 0.17303316626561455 0.0 0.0 0.0 0.0 0.0 0.35 0.35 0.0 0.0 
0.0 0.24000809741907195 0.0 0.0 0.0 0.0 0.0 0.34939289568586784 0.34939289568586784 0.0 0.0 
0.10727146466754466 0.17688818422484012 0.0 0.0 0.13288851577376615 0.13567892814594876 0.0 0.10220042562165838 0.14768700132951723 0.1634564731305334 0.0 
0.0 0.1977331158525725 0.0 0.0 0.23238256851990122 0.1977110747984696 0.0 0.0 0.22086963446952326 0.15130360635953335 0.0 
0.12732264521193143 0.13052482325937295 0.0 0.10078151633280703 0.10398149115979624 0.10215400612916696 0.0 0.13465012833268858 0.255804333755305 0.0 0.0 
0.12914780470220674 0.1335838543775678 0.0 0.1019255918017085 0.11146982507671223 0.10432605235009174 0.0 0.14443164632047212 0.27511522537124095 0.0 0.0 
0.10722323022761876 0.17512612730318722 0.0 0.0 0.11031649572351526 0.14862553710009502 0.0 0.13547112596331562 0.18396318775782133 0.13927429592444684 0.0 
0.23644445340465084 0.1128496962594009 0.0 0.10426654353629691 0.0 0.0 0.0 0.28961034224539994 0.25615003736740805 0.0 0.0 
0.2159760760592212 0.10494434152079667 0.0 0.10773442954529353 0.0 0.0 0.0 0.3244104842890551 0.2469346685856336 0.0 0.0 
0.2273353539578561 0.11562380034936338 0.0 0.10542063130447596 0.0 0.0 0.0 0.3105514830826566 0.23599540408872718 0.0 0.0 
0.1268842704147622 0.1290083113226102 0.0 0.1001391729590249 0.10951612736068536 0.10249756136557457 0.0 0.16166119207366955 0.2702933645036733 0.0 0.0 
0.13134829031374642 0.13465171376298088 0.0 0.10396799283824985 0.10726914340633963 0.10538387756107248 0.0 0.13890745136174587 0.2638922702059733 0.0 0.0 
0.18732679596260976 0.1478412520714609 0.0 0.0 0.0 0.0 0.0 0.3493346872357634 0.31549726473016587 0.0 0.0 
0.0 0.2905386171923444 0.0 0.0 0.0 0.0 0.0 0.35 0.35 0.0 0.0 
0.0 0.18102487757518446 0.0 0.0 0.19473170535904658 0.18151077030371907 0.0 0.0 0.15819927611458878 0.16861594659623577 0.0 
0.0 0.17664677308666252 0.0 0.0 0.20816333317253616 0.18214973774205181 0.0 0.0 0.19882715293859474 0.13620371742843138 0.0 
0.23009618178064128 0.11664089474716358 0.0 0.1013201330964431 0.0 0.0 0.0 0.31433383116116664 0.23760895921458552 0.0 0.0 
0.1829341182454564 0.14014170524007194 0.0 0.0 0.0 0.0 0.0 0.35 0.3247339936481203 0.0 0.0 
0.1108004820179343 0.1827074528732456 0.0 0.0 0.139112320523474 0.14039705015200388 0.0 0.10556261589615325 0.15254560927091296 0.16887446926627592 0.0 
0.21971067966553257 0.1032242751227326 0.0 0.1197653277621948 0.0 0.0 0.0 0.33277428849699814 0.22452542895254188 0.0 0.0 
0.23100660810896162 0.10679369826308979 0.0 0.1374817871497737 0.0 0.0 0.0 0.2564200223765652 0.2531116046053944 0.0 0.0 
0.22716048212600407 0.11547901319278422 0.0 0.12498259193681574 0.0 0.0 0.0 0.2963162437871714 0.23581010323656496 0.0 0.0 
0.14554097149920728 0.16253890989515746 0.0 0.0 0.0 0.0 0.0 0.3460548053811744 0.3458653132244609 0.0 0.0 
0.20196867445078479 0.12287028241186364 0.0 0.13377863403795826 0.0 0.10020519905733118 0.0 0.179443609757152 0.2617336002849101 0.0 0.0 
0.13157243788538373 0.1104376756402302 0.0 0.10151979050442504 0.0 0.0 0.0 0.34914792633239433 0.30732216963756664 0.0 0.0 
0.22367250438762115 0.14255024970031904 0.0 0.0 0.0 0.0 0.0 0.35 0.28349482381022517 0.0 0.0 
0.21551269671608714 0.10528816470759811 0.0 0.1128028198730811 0.0 0.0 0.0 0.35 0.21604418276237386 0.0 0.0 
0.0 0.28336350390615717 0.0 0.0 0.0 0.0 0.0 0.35 0.35 0.0 0.0 
0.0 0.1780726615525787 0.0 0.0 0.20913555390020228 0.1785506301752243 0.0 0.0 0.18187072081204414 0.15319296533861765 0.0 
0.2014871049269925 0.13388000579615317 0.0 0.0 0.0 0.0 0.0 0.34861405417527863 0.31601883510157563 0.0 0.0 
0.10105664417479138 0.17524588285475554 0.0 0.0 0.1426514003990881 0.1375870396456291 0.0 0.12180372924164011 0.1748827455848432 0.14677255809925252 0.0 
0.14946191598154776 0.11875075670181243 0.0 0.10121390064123577 0.0 0.0 0.0 0.3425792827546076 0.2879941439207964 0.0 0.0 
0.16335684675636575 0.12594147553494006 0.0 0.10790789677899443 0.0 0.0 0.0 0.3447451337603028 0.2580486471693971 0.0 0.0 
0.10862281716422563 0.17741205209310235 0.0 0.0 0.11175645911558167 0.15066128886679617 0.0 0.12306170519178873 0.1863644628719531 0.14212121469655223 0.0 
0.19853397488046706 0.11354565305547676 0.0 0.14617397429854173 0.0 0.0 0.0 0.2726319939358254 0.2691144038296892 0.0 0.0 
0.22612136197630106 0.13483787772088432 0.0 0.1339811509186411 0.0 0.0 0.0 0.2601018354515382 0.24495777393263515 0.0 0.0 
0.13083679849466548 0.11721472785765508 0.0 0.10176298333540985 0.0 0.0 0.0 0.35 0.29627894977203934 0.0 0.0 
0.10720314337052071 0.18149304962593302 0.0 0.0 0.12654617180690672 0.14696230791597759 0.0 0.12220992612817642 0.17587550662093676 0.1397098945315487 0.0 
0.15896526805104336 0.10919450005300513 0.0 0.10349041333749315 0.0 0.0 0.0 0.35 0.2752918186784997 0.0 0.0 
0.16218383873284967 0.12456691795677723 0.0 0.1003157657137951 0.0 0.0 0.0 0.3476154507728371 0.2649154160743301 0.0 0.0 
0.22863089977317358 0.10418275682116356 0.0 0.1413134463799994 0.0 0.0 0.0 0.27905695498312105 0.24681594204254254 0.0 0.0 
0.0 0.2760795503376379 0.0 0.0 0.0 0.0 0.0 0.35 0.35 0.0 0.0 
0.0 0.25204890455910933 0.0 0.0 0.0 0.0 0.0 0.35 0.35 0.0 0.0 
0.12722320936898507 0.13042288659441742 0.0 0.10070280845634652 0.10390028418198735 0.10207422637205546 0.0 0.1387788118483876 0.257590498571091 0.0 0.0 
0.0 0.24418286637349712 0.0 0.0 0.0 0.0 0.0 0.35 0.35 0.0 0.0 
0.0 0.18887181606149825 0.0 0.0 0.22196847274744586 0.18383424178152846 0.0 0.0 0.2032867326049095 0.144523019255337 0.0 
0.10452497110978932 0.11852536089083777 0.0 0.1107806239073031 0.10931661892283234 0.10231083883580101 0.0 0.16136668958650752 0.2913666074951019 0.0 0.0 
0.0 0.270460811786773 0.0 0.0 0.0 0.0 0.0 0.35 0.35 0.0 0.0 
0.1987102586097048 0.11167632747718677 0.0 0.10075501262195542 0.0 0.0 0.0 0.33155562342183287 0.2573027778693202 0.0 0.0 
0.16919847130968058 0.1306310380941937 0.0 0.0 0.0 0.0 0.0 0.35 0.35 0.0 0.0 
0.0 0.1964479639702168 0.0 0.0 0.2307162334705011 0.19697525413335423 0.0 0.0 0.20063794463347495 0.1690009340734517 0.0 
0.17211685390485434 0.1356872105777939 0.0 0.0 0.0 0.0 0.0 0.35 0.3418213917148823 0.0 0.0 
0.14066385004327517 0.1651228744857178 0.0 0.0 0.0 0.0 0.0 0.34998139874316503 0.344231876727842 0.0 0.0 
0.18726693406231518 0.1272010798837584 0.0 0.11218097207617983 0.0 0.10872456604081303 0.0 0.19678989691786897 0.2678365510190646 0.0 0.0 
0.1286861224091001 0.10877899486900089 0.0 0.10665998308004673 0.10437547125490777 0.1026733745108777 0.0 0.19073576496813896 0.25809028890792773 0.0 0.0 
0.0 0.17285862387035342 0.0 0.0 0.20293594997277575 0.17325768420102125 0.0 0.0 0.1764793542366206 0.16068822151267154 0.0 
0.18402354441837054 0.11964901559157858 0.0 0.10511947041833997 0.0 0.0 0.0 0.3390365176271684 0.25217145194454255 0.0 0.0 
0.1999751585890678 0.10543039834574407 0.0 0.10133317611964544 0.0 0.0 0.0 0.3340346487081885 0.25922661823735416 0.0 0.0 
0.0 0.2633563711196677 0.0 0.0 0.0 0.0 0.0 0.35 0.35 0.0 0.0 
0.17291507502242165 0.12591139279768948 0.0 0.13883352485369332 0.0 0.10763243284348556 0.0 0.18394968833111772 0.2707578861515923 0.0 0.0 
0.12755650281918202 0.1145898657280728 0.0 0.10325875343882052 0.10920065183675427 0.10292667359076152 0.0 0.17221334714490907 0.2702542054414998 0.0 0.0 
0.1868779278403949 0.11916085099405015 0.0 0.1313901832112311 0.0 0.10186188880300469 0.0 0.20446752231923207 0.25624162683208707 0.0 0.0 
0.12647695879007043 0.13181062831921458 0.0 0.10379956475366524 0.10329083840865108 0.10081041683208167 0.0 0.10575317459729683 0.2541052624600929 0.0 0.0 
0.18220856583080217 0.12390404809071755 0.0 0.11277875282166772 0.0 0.10863415385720648 0.0 0.21153691551091225 0.2609375638886939 0.0 0.0 
0.11125816698547258 0.1723953614733071 0.0 0.0 0.13133285714956686 0.15149934113041563 0.0 0.10599866474314171 0.18252810383233195 0.14498750468576418 0.0 
0.16842946675558998 0.13571353616801873 0.0 0.13384232256447265 0.0 0.10480558105174101 0.0 0.17911844469653565 0.2780906487636419 0.0 0.0 
0.0 0.25861819258739227 0.0 0.0 0.0 0.0 0.0 0.35 0.35 0.0 0.0 
0.18394064705334953 0.1310391984470321 0.0 0.0 0.0 0.0 0.0 0.3444399860149803 0.340580168484638 0.0 0.0 
0.1834510415869056 0.10658447219146272 0.0 0.10851839181997998 0.0 0.0 0.0 0.34625691912656875 0.2484286845445985 0.0 0.0 
0.0 0.29996146353493935 0.0 0.0 0.0 0.0 0.0 0.35 0.35 0.0 0.0 
0.17670332866987565 0.12002575007920749 0.0 0.10585291673909236 0.0 0.10259148430980548 0.0 0.18568910741293976 0.25272806617733645 0.0 0.0 
0.199720526831281 0.1450380055072356 0.0 0.0 0.0 0.0 0.0 0.35 0.30446650963030475 0.0 0.0 
0.18234554227235716 0.1240077686767251 0.0 0.11307929352821179 0.0 0.10557417609714305 0.0 0.21094793479263718 0.2610654122835536 0.0 0.0 
0.16696046324309347 0.1375847391829774 0.0 0.0 0.0 0.0 0.0 0.3477287193705238 0.34772607820340534 0.0 0.0 
0.2304138168094977 0.10570186773758047 0.0 0.13683643052239292 0.0 0.0 0.0 0.2656274779944498 0.25041481774273316 0.0 0.0 
0.2231503018223409 0.14244688091993674 0.0 0.0 0.0 0.0 0.0 0.35 0.2840155289594152 0.0 0.0 
0.18030942367440553 0.11549974331977748 0.0 0.12003992825857557 0.0 0.10090819324480992 0.0 0.22425234297235502 0.25899036853007656 0.0 0.0 
0.17779425450357336 0.10328446502572645 0.0 0.10113775148938006 0.0 0.0 0.0 0.33517484201427106 0.28260868696704905 0.0 0.0 
0.20693808924465953 0.13750196369915857 0.0 0.0 0.0 0.0 0.0 0.33794707973547783 0.3113196829933636 0.0 0.0 
0.1309746484443951 0.1197858503077562 0.0 0.10713019676817 0.0 0.0 0.0 0.3480655144579784 0.2940437900217003 0.0 0.0 
0.21543972754911062 0.105252515811787 0.0 0.11276462663470506 0.0 0.0 0.0 0.35 0.21630961771726004 0.0 0.0 
0.0 0.19928851570294037 0.0 0.0 0.2330123952052336 0.19298081600529857 0.0 0.0 0.21340115508931382 0.1517136846604972 0.0 
0.1332134785000749 0.1652904541056322 0.0 0.0 0.0 0.0 0.0 0.35 0.35 0.0 0.0 
0.2273567264440229 0.10873513061438503 0.0 0.1432089417917874 0.0 0.0 0.0 0.24234362129990558 0.25316928142336287 0.0 0.0 
0.24990836754030915 0.11522748797260358 0.0 0.14533827123468518 0.0 0.0 0.0 0.24726049809832126 0.24226537515408075 0.0 0.0 
0.13873776877907018 0.16383304468341878 0.0 0.0 0.0 0.0 0.0 0.34881009371538096 0.3486190928221301 0.0 0.0 
0.18565829315316312 0.10773416472198392 0.0 0.10561118730914724 0.0 0.0 0.0 0.35 0.2507390129846376 0.0 0.0 
0.1318924299526174 0.11070626669696342 0.0 0.10176669272916714 0.0 0.0 0.0 0.3499970750485927 0.3056375355726595 0.0 0.0 
0.18176359227284483 0.11817963269086952 0.0 0.1038285216244815 0.0 0.0 0.0 0.3471536628806401 0.24907459053116401 0.0 0.0 
0.1829328440022451 0.1303212402027573 0.0 0.0 0.0 0.0 0.0 0.3480317716961765 0.33871414409882117 0.0 0.0 
0.109606826365962 0.17252612401835712 0.0 0.0 0.1341894090403948 0.1508653619677402 0.0 0.10442538787325502 0.1827581797933254 0.1428355390162206 0.0 
0.20475852773878284 0.1360537335151695 0.0 0.0 0.0 0.0 0.0 0.35 0.3049134515263122 0.0 0.0 
0.16280673982630559 0.1192460863320402 0.0 0.10060735990859443 0.0 0.0 0.0 0.35 0.26600146766276955 0.0 0.0 
0.22510774038978656 0.12865291075415355 0.0 0.15375695139270412 0.0 0.0 0.0 0.24795386322714044 0.24452853423621537 0.0 0.0 
0.13461476738297082 0.11927835185986495 0.0 0.10822637704059757 0.0 0.0 0.0 0.3457547958316215 0.29212570788494524 0.0 0.0 
0.15480996196942687 0.10507978694537683 0.0 0.10025618183344935 0.0 0.0 0.0 0.3485884640480555 0.2912656052036912 0.0 0.0 
0.15502710715147194 0.10522717777976007 0.0 0.10039680680731032 0.0 0.0 0.0 0.34885234444904895 0.2904965638124088 0.0 0.0 
