-0.01127687514369144 5.028269787301297E-5 
-0.017609275760070896 7.814526095630626E-4 
-0.01127687514369144 5.028269787301297E-5 
-0.017381129067331087 6.122112026222237E-4 
-0.01760927576007089 7.814526095630619E-4 
-0.016990835589044503 4.793646920024756E-4 
-0.01698525848855137 4.183949457230514E-4 
-0.01452878609038476 1.324787627744049E-4 
-0.015042789382302814 1.6838926404721242E-4 
-0.012983041098870458 7.250010348461905E-5 
-0.011858233622953209 5.268815587378942E-5 
-0.01550607767468848 2.010126373483316E-4 
-0.015619370533401242 2.0860764232353565E-4 
-0.01437963458496952 1.2617437162933218E-4 
-0.011739738992648165 5.171916273266082E-5 
-0.017381129067331087 6.122112026222237E-4 
-0.012059185965097948 5.468124374326906E-5 
-0.017251458038270606 5.43955944570972E-4 
-0.016525973033745284 3.0970707958293296E-4 
-0.012599836250380535 6.389076917448294E-5 
-0.016982571568727182 4.0330856709464295E-4 
-0.01279491188003537 6.83795577457993E-5 
-0.014891928707275402 1.547860203322173E-4 
-0.01642344811089433 2.9526518044830903E-4 
-0.01591601750669008 2.3536248946229803E-4 
-0.01615816624490639 2.6194257399085965E-4 
-0.014765877108493381 1.472152783802619E-4 
-0.017348508152274227 5.919092408167004E-4 
-0.012281471728069957 5.8100930003307474E-5 
-0.013885206789256695 1.0573830156009612E-4 
-0.011432026958174272 5.037418028339527E-5 
-0.013440008212771614 8.982767842421202E-5 
-0.012750410049675875 6.825233914314202E-5 
-0.016919936327332637 3.7133613296689975E-4 
-0.011562675601171586 5.1158793291504786E-5 
-0.01760927576007089 7.814526095630619E-4 
-0.014140256252447848 1.1611341853033065E-4 
-0.016889662412105707 3.6733797049873473E-4 
-0.013662826394147775 9.483181013914337E-5 
-0.01717666157691899 5.01053914192565E-4 
-0.01569651167260452 2.1539522812601873E-4 
-0.012528922158827265 6.250074729659529E-5 
-0.01573621774085973 2.1958944331630897E-4 
-0.01736696361492173 6.03275434972908E-4 
-0.013984470351602376 1.0752242277334168E-4 
-0.01429445082127312 1.236581553848568E-4 
-0.015082796161712386 1.756624685799045E-4 
-0.016628810738011108 3.2501127927618063E-4 
-0.016274078195775955 2.765498492609725E-4 
-0.014830357647737968 1.520723519401833E-4 
-0.017326800576076704 5.789395255946431E-4 
-0.01697620378462377 3.84352543826131E-4 
-0.01722552132245115 5.292196096635701E-4 
-0.01598010471912971 2.4331123787548376E-4 
-0.01731756519398752 5.735525258462683E-4 
-0.01466080338205869 1.4113221592044814E-4 
-0.013773862827093575 1.0041282318135393E-4 
-0.015806237571170136 2.270128713690756E-4 
-0.01583683038794511 2.290826521519954E-4 
-0.01466080338205869 1.4113221592044814E-4 
-0.017116710434560346 4.985721616917656E-4 
-0.016274078195775955 2.765498492609725E-4 
-0.016829157650404884 3.5681113685189804E-4 
-0.01670169743420531 3.365927477210489E-4 
-0.016648093624151202 3.3486649095472595E-4 
-0.013233960169887208 7.973226041850023E-5 
-0.016829157650404884 3.5681113685189804E-4 
-0.013342361647040389 8.303223986949325E-5 
-0.017295759486843865 5.61143307500519E-4 
-0.013204781567556109 7.89405481179331E-5 
-0.01657697716025051 3.1980081565550404E-4 
-0.015359170717682077 1.9130071262989332E-4 
-0.016747393050783793 3.434701365446614E-4 
-0.016060866340994035 2.521439183732644E-4 
-0.017206910292889344 5.150844418338339E-4 
-0.016093707232742213 2.548371974984238E-4 
-0.01379396375207767 1.0086586141144383E-4 
-0.01238988700333828 6.055545557327195E-5 
-0.01632515641109352 2.8548471913271363E-4 
-0.016008530026139535 2.4606749171435585E-4 
-0.013361507065121542 8.496792830578165E-5 
-0.011280000548314323 5.029330317582847E-5 
-0.012416252978044436 6.0717102022602004E-5 
-0.013095897364794995 7.612835840420913E-5 
-0.01640420046413294 2.929752939547124E-4 
-0.01724219956733518 5.325123904400829E-4 
-0.01708205287532844 4.914392698238452E-4 
-0.017295759486843865 5.61143307500519E-4 
-0.017203298334827595 5.13365004475886E-4 
-0.016978587879835447 3.8790831077423205E-4 
-0.013544142106156901 9.165657246632419E-5 
-0.013078960054340116 7.549395040076349E-5 
-0.016351102930721822 2.8582954488273006E-4 
-0.01523580899108745 1.8478047081478142E-4 
-0.016747393050783793 3.434701365446614E-4 
-0.01406948802881338 1.1263612336975682E-4 
-0.01708205287532844 4.914392698238452E-4 
-0.016539811658711653 3.159551119536905E-4 
-0.011515376859074583 5.1040432743782004E-5 
-0.015158756126151916 1.806187551489056E-4 
