-0.017609275760070896 7.814526095630626E-4 
-0.017609275760070896 7.814526095630626E-4 
-0.007858630388305797 1.1491123649260023E-5 
-0.017379057130662276 6.108927178671102E-4 
-0.01760927576007089 7.814526095630618E-4 
-0.008431123662845869 1.827157972742824E-5 
-0.009925823430701426 1.8367869033855547E-5 
-0.016985236714001768 4.1825747201369734E-4 
-0.017007409575137387 4.771816084688582E-4 
-0.016503810543016733 3.0738829674171244E-4 
-0.017312584582404422 5.706797675782057E-4 
-0.011662436409847004 4.0612670452276416E-5 
-0.016013230078079612 2.507415348509807E-4 
-0.012067902306613719 5.5384420735551816E-5 
-0.01144213562719166 3.4688027124048833E-5 
-0.017035247386170693 4.887133510688627E-4 
-0.0172719443177543 5.480882188355408E-4 
-0.01637501327420227 2.956182360853546E-4 
-0.01732232513725732 5.828130054399601E-4 
-0.01723179996419265 5.272578785235255E-4 
-0.015868047840646927 2.3843918120091474E-4 
-0.016778520715875975 3.502447616702913E-4 
-0.013769107835110077 9.824726546989662E-5 
-0.010532783686377592 2.158823374249885E-5 
-0.016678485164166274 3.427374673198638E-4 
-0.010382363486513793 2.092543263679322E-5 
-0.008295906637994668 1.4924805161626561E-5 
-0.01106566062360509 2.742128673097766E-5 
-0.014926715782913822 1.57666228690838E-4 
-0.011765271829559353 4.495320981346165E-5 
-0.016580595654666515 3.189686152291617E-4 
-0.014995010096244717 1.7192365397766904E-4 
-0.01690757142798506 3.856696875110775E-4 
-0.015351246772741384 1.9161325649824114E-4 
-0.017379057130662276 6.108927178671102E-4 
-0.008116764302859937 1.4714436855943721E-5 
-0.012796933781489044 6.964001837189608E-5 
-0.011184574135623161 3.0483063195112655E-5 
-0.01698253241307655 4.0311670371479967E-4 
-0.012963087260921885 7.310052527396648E-5 
-0.012264215072045533 5.815153723065595E-5 
-0.011328232425724685 3.2704831428636365E-5 
-0.012577017607163763 6.68179354950773E-5 
-0.016100096332053816 2.5503257573487984E-4 
-0.00799477092508797 1.2500955638989754E-5 
-0.016980202767942168 3.931482492268691E-4 
-0.017327285463793918 6.008828648439715E-4 
-0.01232970606743709 5.937155883600014E-5 
-0.014254556890623209 1.1983444611623142E-4 
-0.014391962580769765 1.2664957081863726E-4 
-0.015860744731774182 2.3209129931935394E-4 
-0.014165214175692688 1.1539146824309695E-4 
-0.016649980852016744 3.3154801943984847E-4 
-0.015146088064418462 1.8376020690858563E-4 
-0.015673625537007654 2.139972181986858E-4 
-0.017135443736022826 5.008762346365495E-4 
-0.01552927824980454 2.0411605910895865E-4 
-0.010190292619249707 1.9817055973363887E-5 
-0.016227765361232334 2.7259082682931776E-4 
-0.011964353862400799 4.7145852154346704E-5 
-0.01720542605611308 5.143764388144066E-4 
-0.01327990504076486 8.496127529337307E-5 
-0.016319794896443328 2.8912780822264026E-4 
-0.01404101604536855 1.10173164213585E-4 
-0.010719164958234384 2.3188853493453804E-5 
-0.009967283932144607 1.9246167097521067E-5 
-0.010143725555013056 1.9627215391632543E-5 
-0.01760927576007089 7.814526095630618E-4 
-0.01662123009393821 3.2530218805549107E-4 
-0.013489340594834687 8.806724013536414E-5 
-0.011934460792512615 4.6353269602591494E-5 
-0.014643472139132401 1.3922152690353374E-4 
-0.017135443736022826 5.008762346365495E-4 
-0.015577243447174972 2.0835322987373283E-4 
-0.015781049623011086 2.2330686402405458E-4 
-0.0136134781985625 9.367908817452338E-5 
-0.013430720262441463 8.605820950277272E-5 
-0.012501196952990977 6.21045410898683E-5 
-0.01631383339928437 2.811620120104455E-4 
-0.010724374991965512 2.5085905221400423E-5 
-0.015267639506002606 1.847642734438237E-4 
-0.016786586330979607 3.65250929665422E-4 
-0.014423861999586689 1.2850269284246847E-4 
-0.016884482234839262 3.7257355734776355E-4 
-0.014696616923482876 1.471928871628259E-4 
-0.014872752109592133 1.5410340817357575E-4 
-0.014600408971511387 1.3705757223839778E-4 
-0.013202428127858244 8.067236356119657E-5 
-0.016780978555663673 3.643087506603837E-4 
-0.015781049623011086 2.2330686402405458E-4 
-0.013611685616015955 9.365270524132281E-5 
-0.01627486045681728 2.7601337099E-4 
-0.014009447242881177 1.0847684007921852E-4 
-0.014795538465175161 1.51836283033009E-4 
-0.016130401180419907 2.674938989592801E-4 
-0.01725913896448098 5.412833381442426E-4 
-0.017206199436625175 5.147451009936507E-4 
-0.01688800876035117 3.7357890887258294E-4 
-0.016106230776059334 2.670874151990832E-4 
-0.013101840569736383 7.685634921996353E-5 
