-0.009689601092239822 2.645514236593419E-5 
-0.017609275760070896 7.814526095630626E-4 
-0.01760927576007089 7.814526095630618E-4 
-0.01738319420130737 6.135292720110794E-4 
-0.016985302565863402 4.186739890210307E-4 
-0.016987523679299673 4.7565510876050853E-4 
-0.01481531276549346 1.5122862455892378E-4 
-0.016590058648331938 3.2066252804879305E-4 
-0.014636377468786276 1.4241998194497156E-4 
-0.010772490632364939 3.770185067432084E-5 
-0.010986576937330768 3.9575545576484726E-5 
-0.011784189808164286 5.212833855318966E-5 
-0.0167019076148861 3.362562823958846E-4 
-0.01738319420130737 6.135292720110794E-4 
-0.014963766875466087 1.5973618722431217E-4 
-0.013487574532100937 8.828264049656732E-5 
-0.014005262091177535 1.0950052542427385E-4 
-0.017257871310781162 5.406178672857006E-4 
-0.017355892613945788 5.964196719640561E-4 
-0.01712651604284981 4.957364606458122E-4 
-0.01033407835424323 3.0537098212151705E-5 
-0.01698082000909321 3.9551227981865695E-4 
-0.014140181230406262 1.138247642172552E-4 
-0.017284588487611836 5.549548460584672E-4 
-0.011338608700569637 4.988299961398292E-5 
-0.01059178922832451 3.568263848990615E-5 
-0.012158906547004158 5.588374604049242E-5 
-0.0157832470761655 2.2315937505134925E-4 
-0.01284561070815183 6.893258156285393E-5 
-0.01706814039240758 4.8554158248580366E-4 
-0.015871952406058938 2.327700983279453E-4 
-0.017190635668185197 5.074314644349966E-4 
-0.010495127083861846 3.191167709794565E-5 
-0.012331872136023424 5.985476523057333E-5 
-0.015130029619869208 1.778765666920921E-4 
-0.011117646511679463 4.360290707218602E-5 
-0.013868355902028206 1.0475362759779164E-4 
-0.012533330914073024 6.289196738369732E-5 
-0.01593990853321822 2.3837313750986596E-4 
-0.01453895984546413 1.3580330654071272E-4 
-0.01733457568245087 5.835353296344928E-4 
-0.014252295242517948 1.1919090333301247E-4 
-0.011918143755058853 5.35707259266854E-5 
-0.013613567915228539 9.265070722765853E-5 
-0.01318389380280108 7.826196814362846E-5 
-0.017228153799434806 5.254390734869219E-4 
-0.011223383004106078 4.6060799191485874E-5 
-0.015227136399341572 1.8328358451967391E-4 
-0.015704737177738695 2.1794782092812904E-4 
-0.01153321473152619 5.154810998448347E-5 
-0.01298879468484172 7.34293418051416E-5 
-0.01331365878505428 8.612329341994823E-5 
-0.0163180599343579 2.872670685570597E-4 
-0.016222965849078327 2.7108879838084196E-4 
-0.013695492315696537 9.632295545873817E-5 
-0.012044678849192504 5.5295940790741966E-5 
-0.01629310830388968 2.784590238165547E-4 
-0.0156350700696792 2.1052847267212909E-4 
-0.015497256745759186 2.0088267055985422E-4 
-0.013804848711535743 9.969471731201141E-5 
-0.016749989950626418 3.4412461391331186E-4 
-0.0160240526936297 2.469250252178686E-4 
-0.01640760183706984 2.9360674776695705E-4 
-0.015312521443703946 1.8747702649573222E-4 
-0.016984624918972086 4.1449652754628995E-4 
-0.012672446794764865 6.548658703215158E-5 
-0.01305023456951278 7.595825194765884E-5 
-0.016117087520826138 2.586708099802787E-4 
-0.014449595007662894 1.3163061310310354E-4 
-0.00979418108444884 2.6517371905097705E-5 
-0.015574522783469122 2.0515179916149665E-4 
-0.016177203861493898 2.639737513639717E-4 
-0.01648677548103454 3.1349648414139583E-4 
-0.01689361113182524 3.6847523889811966E-4 
-0.012412506078247608 6.137654884572611E-5 
-0.016422998795645138 3.02085324880208E-4 
-0.01681652119343835 3.582777374088379E-4 
-0.010166773176684553 2.9774223798023418E-5 
-0.017212202255645043 5.176252128280899E-4 
-0.016964713633562518 3.802123723052811E-4 
-0.00998434233010348 2.729286558046964E-5 
-0.01606560797822919 2.512157890249841E-4 
-0.016778532429689488 3.5381538679823325E-4 
-0.013268913163531388 8.295189397340593E-5 
-0.011513250676254864 5.132619445347068E-5 
-0.012716142669538431 6.891703302498405E-5 
-0.010114363510662971 2.9639631571465677E-5 
-0.017309405208582263 5.688578260521792E-4 
-0.015057340819240386 1.6983502665710452E-4 
-0.015035071771899434 1.6754419036006587E-4 
-0.01541450150848375 1.954026694862999E-4 
-0.009925718006159781 2.676656276323107E-5 
-0.015368897319001623 1.9414320904495312E-4 
-0.01700281189872911 4.772885600154815E-4 
-0.01687895262387963 3.661066444996566E-4 
-0.016458677768285888 3.108861535718711E-4 
-0.017314669641932602 5.71879639887224E-4 
-0.016975799247631592 3.8207939871805685E-4 
-0.014378812098154009 1.2780583528643582E-4 
-0.014335431752441011 1.2325498471187546E-4 
