0.0 0.3000000000000003 0.0 0.0 0.0 0.0 0.0 0.35 0.35 0.0 0.0 
0.0 0.3000000000000003 0.0 0.0 0.0 0.0 0.0 0.35 0.35 0.0 0.0 
0.12206386725208873 0.0 0.0 0.0 0.0 0.11128357725637658 0.35 0.10330379557057572 0.10062028505454602 0.0 0.21272847486641303 
0.12206386725208873 0.0 0.0 0.0 0.0 0.11128357725637658 0.35 0.10330379557057572 0.10062028505454602 0.0 0.21272847486641303 
0.0 0.19197477279545447 0.0 0.0 0.0 0.0 0.10802522720454573 0.35 0.35 0.0 0.0 
0.0 0.2999999999999998 0.0 0.0 0.0 0.0 0.0 0.35 0.35 0.0 0.0 
0.0 0.0 0.0 0.0 0.0 0.0 0.10120347707273539 0.35 0.35 0.0 0.19879652292726468 
0.0 0.10206687830519932 0.0 0.0 0.0 0.0 0.22161603444615055 0.35 0.3263170872486502 0.0 0.0 
0.0 0.0 0.0 0.0 0.0 0.105942326341301 0.22059679469224425 0.35 0.17333097288258545 0.0 0.1501299060838693 
0.0 0.16106914375255438 0.0 0.0 0.0 0.0 0.13893085624744575 0.35 0.35 0.0 0.0 
0.10558894915314303 0.0 0.0 0.0 0.0 0.10548991813192043 0.2955754897352163 0.19098329898884508 0.1134906100998643 0.0 0.188871733891011 
0.0 0.0 0.0 0.0 0.0 0.0 0.3214629500708627 0.35 0.1742202184635312 0.0 0.15431683146560626 
0.13093425264344372 0.0 0.0 0.0 0.0 0.10579479078248939 0.3337369411900112 0.11081088591376714 0.10793236459712291 0.0 0.21079076487316578 
0.0 0.0 0.0 0.0 0.0 0.0 0.31919135033516965 0.3425040135712356 0.17384117575686633 0.0 0.16446346033672848 
0.0 0.0 0.0 0.0 0.0 0.0 0.14002210668841994 0.35 0.35 0.0 0.15997789331158002 
0.10285065028809627 0.0 0.0 0.0 0.0 0.10891051801285244 0.3045231829415745 0.16820451776958142 0.10958757615016027 0.0 0.20592355483773486 
0.0 0.0 0.0 0.0 0.0 0.0 0.18593184349919747 0.35 0.3466023885590057 0.0 0.11746576794179685 
0.0 0.0 0.0 0.0 0.0 0.0 0.30618622529729295 0.34566594180880694 0.19519138292861316 0.0 0.15295644996528693 
0.0 0.0 0.0 0.0 0.0 0.11190829958119852 0.35 0.2252867248557726 0.10773320858956976 0.0 0.20507176697345925 
0.0 0.0 0.0 0.0 0.0 0.0 0.3456129757316323 0.3421512643279557 0.12112720633752704 0.0 0.19110855360288492 
0.0 0.0 0.0 0.0 0.0 0.11326775719272462 0.33202531396493773 0.24526453482952734 0.10368483508665317 0.0 0.20575755892615707 
0.0 0.0 0.0 0.0 0.0 0.10371049950292151 0.26040951514320515 0.3215280821631547 0.1293173567720349 0.0 0.1850345464186836 
0.11578328609087186 0.0 0.0 0.0 0.0 0.11130343756095094 0.3165867419765571 0.13944508435002695 0.11205407022239976 0.0 0.20482737979919335 
0.0 0.12746946865532333 0.0 0.0 0.0 0.0 0.17253053134467677 0.35 0.35 0.0 0.0 
0.11112734263608028 0.0 0.0 0.0 0.0 0.10734196886706945 0.2898650049542113 0.19472162511348975 0.1350105103173023 0.0 0.1619335481118469 
0.0 0.18010978714974266 0.0 0.0 0.0 0.0 0.11989021285025725 0.35 0.35 0.0 0.0 
0.10527968300662098 0.0 0.0 0.0 0.0 0.10180781348459408 0.27488212642713156 0.19260394471171632 0.12303916019384954 0.0 0.20238727217608757 
0.0 0.14332624758562038 0.0 0.0 0.0 0.0 0.15667375241437967 0.35 0.35 0.0 0.0 
0.0 0.0 0.0 0.0 0.0 0.0 0.24123757521519734 0.3331014429907043 0.2667067895789335 0.0 0.1589541922151648 
0.0 0.0 0.0 0.0 0.0 0.1303463497783089 0.2976148293715161 0.24954176729386499 0.12158902151635385 0.0 0.2009080320399561 
0.10528522820844184 0.0 0.0 0.0 0.0 0.11465847195788871 0.285368735341483 0.1790797130669385 0.12010392443666461 0.0 0.19550392698858335 
0.0 0.0 0.0 0.0 0.0 0.0 0.24157999211682504 0.35 0.24974017685504704 0.0 0.15867983102812788 
0.0 0.0 0.0 0.0 0.0 0.0 0.3151523334277639 0.3381700004464566 0.17164140609723116 0.0 0.17503626002854827 
0.0 0.0 0.0 0.0 0.0 0.0 0.25286434338398434 0.3491557133542101 0.27956108065987106 0.0 0.11841886260193465 
0.0 0.0 0.0 0.0 0.0 0.10325476144285224 0.30484687273581396 0.2876789699741394 0.10395111366779289 0.0 0.2002682821794014 
0.0 0.0 0.0 0.0 0.0 0.0 0.18923641702778593 0.347885035740485 0.3429124826745785 0.0 0.11996606455715045 
0.0 0.0 0.0 0.0 0.0 0.12556811050343564 0.30538749740342575 0.2606421637734167 0.11076400342441071 0.0 0.19763822489531127 
0.10634502221168377 0.0 0.0 0.0 0.0 0.11581261640027223 0.2882412377767618 0.18088231737563495 0.11124694990922226 0.0 0.197471856326425 
0.0 0.0 0.0 0.0 0.0 0.10616906440551141 0.3033099454238164 0.2791522855734405 0.10941324697141183 0.0 0.2019554576258198 
0.0 0.10406849075975523 0.0 0.0 0.0 0.0 0.20949504439660055 0.35 0.33643646484364426 0.0 0.0 
0.0 0.0 0.0 0.0 0.0 0.10242232560170736 0.24664846179747887 0.34327814048134986 0.15313918114520159 0.0 0.15451189097426238 
0.0 0.0 0.0 0.0 0.0 0.0 0.34129475440925733 0.35 0.1365729745393905 0.0 0.17213227105135223 
0.0 0.0 0.0 0.0 0.0 0.0 0.19654508501929635 0.35 0.29720158041517686 0.0 0.1562533345655268 
0.0 0.0 0.0 0.0 0.0 0.10956921139277656 0.28510413698610737 0.30219895044740475 0.10764518152988715 0.0 0.19548251964382427 
0.0 0.0 0.0 0.0 0.0 0.0 0.28778366511691145 0.34897504909346483 0.20510930212365783 0.0 0.15813198366596598 
0.0 0.0 0.0 0.0 0.0 0.0 0.20969466031099418 0.35 0.2867787457187779 0.0 0.15352659397022797 
0.11853466841427795 0.0 0.0 0.0 0.0 0.10576161832411388 0.3459775093075805 0.11991139876561976 0.10538967980542184 0.0 0.20442512538298593 
0.0 0.0 0.0 0.0 0.0 0.11320428184632644 0.2135033078394205 0.35 0.12336131092708286 0.0 0.19993109938717027 
0.0 0.11897953149822872 0.0 0.0 0.0 0.0 0.18102046850177117 0.35 0.35 0.0 0.0 
0.0 0.0 0.0 0.0 0.0 0.1035524689400659 0.3057258171859042 0.2744474639960504 0.10425082891046224 0.0 0.21202342096751728 
0.0 0.0 0.0 0.0 0.0 0.0 0.2605046162879402 0.35 0.21374063060606882 0.0 0.175754753105991 
0.0 0.0 0.0 0.0 0.0 0.11465648714711299 0.2049993271405469 0.35 0.16054346269031133 0.0 0.16980072302202892 
0.0 0.0 0.0 0.0 0.0 0.10441699964935097 0.2872929351450949 0.31416097324466064 0.11198643361394252 0.0 0.182142658346951 
0.0 0.0 0.0 0.0 0.0 0.0 0.2522428248563703 0.35 0.2589634082799369 0.0 0.13879376686369277 
0.10603421001919852 0.0 0.0 0.0 0.0 0.10023412067883326 0.2712621568158504 0.20334858295414093 0.13042092794289661 0.0 0.18870000158908018 
0.0 0.0 0.0 0.0 0.0 0.0 0.2570207737555282 0.35 0.26570252333680816 0.0 0.1272767029076638 
0.0 0.0 0.0 0.0 0.0 0.0 0.3461998325842259 0.3461998325842259 0.12446858776362522 0.0 0.18313174706792304 
0.0 0.0 0.0 0.0 0.0 0.101431685243092 0.24084927682413074 0.35 0.12852819276900634 0.0 0.17919084516377096 
0.0 0.0 0.0 0.0 0.0 0.12053970988201383 0.35 0.21747273363742056 0.11151554128622797 0.0 0.20047201519433772 
0.10489852601078381 0.0 0.0 0.0 0.0 0.12638360257535292 0.3060397143500069 0.15462599789979184 0.1084350904873838 0.0 0.19961706867668058 
0.0 0.0 0.0 0.0 0.0 0.11058396063771048 0.30252214917024517 0.2573731568155731 0.11996237376087347 0.0 0.20955835961559768 
0.0 0.0 0.0 0.0 0.0 0.10342269010108664 0.3093295066468122 0.26400659037092655 0.11219376963634149 0.0 0.21104744324483315 
0.0 0.1504925599649014 0.0 0.0 0.0 0.0 0.14950744003509867 0.35 0.35 0.0 0.0 
0.0 0.0 0.0 0.0 0.0 0.0 0.11563525008584889 0.35 0.35 0.0 0.1843647499141512 
0.0 0.0 0.0 0.0 0.0 0.0 0.35 0.35 0.12583485495091992 0.0 0.17416514504908015 
0.0 0.0 0.0 0.0 0.0 0.10349267671627352 0.2885059531689601 0.3058047391635579 0.1089295863245897 0.0 0.1932670446266188 
0.0 0.0 0.0 0.0 0.0 0.10158887881253942 0.26934199564791206 0.31968221457009827 0.11614391099425872 0.0 0.1932429999751915 
0.0 0.0 0.0 0.0 0.0 0.0 0.2643737232668149 0.34072514771108553 0.24777320084553903 0.0 0.14712792817656045 
0.0 0.0 0.0 0.0 0.0 0.0 0.29748699025643943 0.35 0.19763874817265553 0.0 0.1548742615709051 
0.0 0.0 0.0 0.0 0.0 0.0 0.16817351714312082 0.35 0.3111106268545558 0.0 0.17071585600232322 
0.0 0.0 0.0 0.0 0.0 0.0 0.21386295993103965 0.35 0.2703535839641298 0.0 0.16578345610483047 
0.0 0.2999999999999998 0.0 0.0 0.0 0.0 0.0 0.35 0.35 0.0 0.0 
0.0 0.0 0.0 0.0 0.0 0.10845312182420702 0.2563300048969298 0.34498053672139944 0.12102885440544998 0.0 0.16920748215201362 
0.0 0.0 0.0 0.0 0.0 0.10479777425812177 0.24769055548547472 0.3333531741887159 0.11694964929880361 0.0 0.19720884676888392 
0.0 0.0 0.0 0.0 0.0 0.0 0.2050701457019103 0.35 0.3064007179852676 0.0 0.13852913631282204 
0.0 0.10354724558476383 0.0 0.0 0.0 0.0 0.20327137398616507 0.35 0.3431813804290711 0.0 0.0 
0.1136605441755038 0.0 0.0 0.0 0.0 0.10576144403277778 0.3488150914686696 0.13264501160073183 0.10391320682309449 0.0 0.19520470189922243 
0.0 0.10559254661324638 0.0 0.0 0.0 0.0 0.1944074533867538 0.35 0.35 0.0 0.0 
0.0 0.0 0.0 0.0 0.0 0.10392895424648922 0.2633581021308981 0.30730168315893625 0.11274296907071049 0.0 0.2126682913929659 
0.0 0.0 0.0 0.0 0.0 0.0 0.18811181544441458 0.35 0.32402565754052626 0.0 0.1378625270150593 
0.0 0.0 0.0 0.0 0.0 0.0 0.22080407295430127 0.35 0.29257445803398907 0.0 0.13662146901170985 
0.0 0.1010305262444919 0.0 0.0 0.0 0.0 0.21827908901684237 0.34893429851033364 0.331756086228332 0.0 0.0 
0.10557705647364475 0.0 0.0 0.0 0.0 0.1296034621992945 0.29258675171483817 0.15872488571372131 0.11130953124791566 0.0 0.20219831265058572 
0.0 0.0 0.0 0.0 0.0 0.0 0.2578305781058638 0.35 0.22663470679073222 0.0 0.16553471510340387 
0.0 0.0 0.0 0.0 0.0 0.1070225655952637 0.2506348722620641 0.3132263010938958 0.12650051249670946 0.0 0.20261574855206696 
0.0 0.0 0.0 0.0 0.0 0.0 0.18895358299267404 0.35 0.30871386869409373 0.0 0.1523325483132322 
0.0 0.0 0.0 0.0 0.0 0.0 0.16545028407698337 0.34941598391616246 0.330212687578332 0.0 0.15492104442852217 
0.0 0.0 0.0 0.0 0.0 0.0 0.2468036576937059 0.35 0.21694197409481422 0.0 0.18625436821147998 
0.0 0.0 0.0 0.0 0.0 0.1063992096375877 0.2768556463456322 0.2934558811932104 0.10453084484670955 0.0 0.2187584179768601 
0.10650647464279489 0.0 0.0 0.0 0.0 0.1102733351392383 0.31418168214298453 0.15395889290635856 0.12134421573296678 0.0 0.1937353994356568 
0.0 0.0 0.0 0.0 0.0 0.1033327743457128 0.2880601942293293 0.2933711680936118 0.10876128360375803 0.0 0.206474579727588 
0.0 0.0 0.0 0.0 0.0 0.1044743547322036 0.2584449044246482 0.32608704098802577 0.1396691869842957 0.0 0.17132451287082673 
0.0 0.0 0.0 0.0 0.0 0.12336453656530519 0.31577243213896466 0.24175877775642052 0.100275921628209 0.0 0.21882833191110068 
0.10641768769717783 0.0 0.0 0.0 0.0 0.1225028853868715 0.3036362135676583 0.16072019540924057 0.12191807077806555 0.0 0.18480494716098617 
0.0 0.0 0.0 0.0 0.0 0.10001377083172207 0.24174387968904626 0.35 0.1500940225317192 0.0 0.15814832694751252 
0.0 0.0 0.0 0.0 0.0 0.0 0.18582063248960898 0.35 0.32101084126746726 0.0 0.14316852624292387 
0.11650473725967998 0.0 0.0 0.0 0.0 0.11295694848794119 0.3217387781437678 0.12444974922778045 0.11540254071425837 0.0 0.20894724616657218 
0.0 0.10054140792809778 0.0 0.0 0.0 0.0 0.19945859207190222 0.35 0.35 0.0 0.0 
0.0 0.0 0.0 0.0 0.0 0.12336453656530519 0.31577243213896466 0.24175877775642052 0.100275921628209 0.0 0.21882833191110068 
0.0 0.18964370648593185 0.0 0.0 0.0 0.0 0.1103562935140682 0.35 0.35 0.0 0.0 
