-0.016723060783871917 0.0015954576182566184 
-0.016723060783871917 0.0015954576182566184 
-0.005471700703393929 6.47923651555424E-5 
-0.01657396799702661 9.585371490871529E-4 
-0.01672306078387191 0.0015954576182566158 
-0.008357969006233621 7.054452743924244E-5 
-0.006526266969448792 7.051013727034764E-5 
-0.016291883000463712 4.220030992684774E-4 
-0.01631785443745458 5.580131283047076E-4 
-0.01652645384765103 7.87537992440707E-4 
-0.01617284499755628 3.754045257916863E-4 
-0.016184614683593543 4.1937908565705523E-4 
-0.009332817399494646 8.045693471800808E-5 
-0.016518869002213065 7.655325125991116E-4 
-0.0130538104425603 1.414442683994471E-4 
-0.01280969178706127 1.3602170001701018E-4 
-0.016439693091934736 5.764655346540537E-4 
-0.016563964439176092 9.0637318182089E-4 
-0.015601254885933209 2.7727572840193366E-4 
-0.016540600850696672 8.304008132989276E-4 
-0.016554947729254386 8.762878156071161E-4 
-0.006353556934761429 6.859990894586996E-5 
-0.015960908987056942 3.6081810173306175E-4 
-0.014540732810331978 2.0309817741918286E-4 
-0.0165710700288085 9.307596275190823E-4 
-0.009632605638445082 8.209686810637804E-5 
-0.0143770852866606 1.942609317122762E-4 
-0.013667627983346605 1.6390859266074951E-4 
-0.009208676667033167 7.804341830125859E-5 
-0.005920325502642977 6.57729518861963E-5 
-0.0146517768340073 2.1048863058547036E-4 
-0.00987117172412308 8.278712970089731E-5 
-0.008547281337524196 7.06216060630508E-5 
-0.01416799039985558 1.8466547273623518E-4 
-0.015492245657501059 2.586419741478588E-4 
-0.015660790428623506 2.9206664454149044E-4 
-0.013999609806269889 1.8030297470937012E-4 
-0.015838115553377073 3.1776115439637617E-4 
-0.011563126286719416 1.0277449692409371E-4 
-0.012055856276209942 1.1167178424203762E-4 
-0.011086609324012047 9.475322737341273E-5 
-0.016098915062516546 3.671036990201653E-4 
-0.013801233299357176 1.6929469003522022E-4 
-0.015024381209133719 2.4014258729062248E-4 
-0.0164574553755154 6.124268916768761E-4 
-0.010128537524662591 8.37162692241487E-5 
-0.01650642023169733 7.308911067161617E-4 
-0.010874190420071273 9.107956606620361E-5 
-0.014987140102317895 2.257372665765487E-4 
-0.008686427221155476 7.27006537381344E-5 
-0.010625917632874394 8.806446013156946E-5 
-0.01646886353536156 6.374925986515228E-4 
-0.016497636869827213 7.075528339194141E-4 
-0.006145388196856113 6.800410368691307E-5 
-0.012488250546901874 1.2732250385943554E-4 
-0.01169857728723642 1.0459579883294751E-4 
-0.014800773278721011 2.1513298488098036E-4 
-0.00882147894390751 7.413714729858583E-5 
-0.013503713177847853 1.6105765260206585E-4 
-0.015328156146164314 2.534015091303058E-4 
-0.014275319766772605 1.895571593369587E-4 
-0.013911504082013347 1.7399838940191205E-4 
-0.011385050508234254 1.0216568606445347E-4 
-0.01648980445527006 6.875112875540287E-4 
-0.012365793341244043 1.2384691542369878E-4 
-0.010341016767150877 8.490373545291096E-5 
-0.016548000514559756 8.537637279656882E-4 
-0.009003799425795449 7.752763799540866E-5 
-0.012170862227022631 1.1749033133571462E-4 
-0.010812539019010326 9.09138061213782E-5 
-0.011327947844955158 9.68741645745498E-5 
-0.011893010554647407 1.1032993900036067E-4 
-0.014872899321663151 2.1983355839997405E-4 
-0.010041352700439165 8.336388539089277E-5 
-0.015935055371948836 3.3565413680673153E-4 
-0.016378738138167547 5.663622216758295E-4 
-0.011168592521704858 9.503366014218276E-5 
-0.010543937808684097 8.696368040745558E-5 
-0.0057343719650867955 6.511606244861986E-5 
-0.013166094378589913 1.4570809977156897E-4 
-0.012615316032222369 1.295537963154782E-4 
-0.013349332064348064 1.5163427929423866E-4 
-0.009703818517443119 8.212994273927628E-5 
-0.012706707346739322 1.3149772048325276E-4 
-0.012272642133266874 1.1931898144653498E-4 
-0.006071661301557797 6.6792207982559E-5 
-0.011813387670518087 1.0837452907417965E-4 
-0.01520384912951794 2.4651512470417374E-4 
-0.015914669506860248 3.3169389386716766E-4 
-0.013253080675624139 1.482437918396277E-4 
-0.015180852353628172 2.4213201177957356E-4 
-0.013433087641085894 1.5721728471255228E-4 
-0.010386454948020337 8.587963354330394E-5 
-0.005673654033254827 6.493214850846763E-5 
-0.015749743618845284 3.035216179336654E-4 
-0.008950515480118305 7.59604621953634E-5 
-0.016476169720408947 6.543545010218743E-4 
-0.0055191059818859 6.489467140754786E-5 
-0.015400830929849943 2.579548293597992E-4 
-0.016459270194776235 6.163113597500179E-4 
