0.0 0.30000000000000027 0.0 0.0 0.0 0.0 0.0 0.35 0.35 0.0 0.0 
0.0 0.30000000000000027 0.0 0.0 0.0 0.0 0.0 0.35 0.35 0.0 0.0 
0.0 0.0 0.17711769347855325 0.0 0.0 0.32511977339655396 0.0 0.10168725739460653 0.2639265475818863 0.13214872814839987 0.0 
0.0 0.1860206051910842 0.0 0.0 0.0 0.0 0.11397939480891589 0.35 0.35 0.0 0.0 
0.0 0.2999999999999998 0.0 0.0 0.0 0.0 0.0 0.35 0.35 0.0 0.0 
0.0 0.10079706109626228 0.0 0.0 0.0 0.0 0.2012691058816328 0.3479338330221049 0.35 0.0 0.0 
0.0 0.0 0.0 0.0 0.0 0.0 0.29999999999999993 0.35 0.35 0.0 0.0 
0.0 0.0 0.0 0.0 0.0 0.0 0.19480019332352122 0.35 0.35 0.10519980667647882 0.0 
0.0 0.0 0.17961923486616316 0.0 0.0 0.24171769148810152 0.0 0.14423205841196984 0.3334857285235885 0.10094528671017701 0.0 
0.0 0.0 0.18849838919458023 0.0 0.0 0.1203190692271623 0.0 0.23962366078111033 0.3453208244719028 0.10623805632524437 0.0 
0.0 0.0 0.19188562367128614 0.0 0.0 0.20221563193191294 0.0 0.1745049957951651 0.33054872837940286 0.10084502022223306 0.0 
0.0 0.13069546405148663 0.0 0.0 0.0 0.0 0.16948633927274645 0.3498181966757671 0.35 0.0 0.0 
0.0 0.0 0.18140981730442354 0.0 0.0 0.16790055210543825 0.0 0.20863797632103073 0.34037076456760623 0.10168088970150141 0.0 
0.0 0.0 0.1871150420673878 0.0 0.0 0.22263374058792057 0.0 0.15588341646147302 0.3254338867133859 0.10893391416983267 0.0 
0.0 0.0 0.1758604794894533 0.0 0.0 0.1835208780899151 0.0 0.2021534248702237 0.3364709417775065 0.10199427577290138 0.0 
0.0 0.0 0.1929524489748991 0.0 0.0 0.1678649900133743 0.0 0.2891825610117267 0.35 0.0 0.0 
0.0 0.11755032771467312 0.0 0.0 0.0 0.0 0.18244967228532685 0.35 0.35 0.0 0.0 
0.0 0.0 0.1809839291827459 0.0 0.0 0.2876529510426028 0.0 0.118987414570711 0.2938770956045869 0.11849860959935336 0.0 
0.0 0.0 0.19325740501333855 0.0 0.0 0.10866820362806255 0.0 0.25471694019891405 0.3397577733788718 0.1035996777808131 0.0 
0.0 0.0 0.17909210965706138 0.0 0.0 0.12106983012797712 0.0 0.24685298197154837 0.34608412301627517 0.10690095522713805 0.0 
0.0 0.0 0.1858534188618305 0.0 0.0 0.2664720422246989 0.0 0.12218884792343697 0.30052383928666265 0.12496185170337101 0.0 
0.0 0.0 0.18819759580919412 0.0 0.0 0.19691265973784786 0.0 0.18308671412822028 0.33086233411328 0.10094069621145771 0.0 
0.0 0.0 0.19831639296480263 0.0 0.0 0.1758733416346067 0.0 0.27581026540059067 0.35 0.0 0.0 
0.0 0.0 0.18537015286230035 0.0 0.0 0.13294072673014656 0.0 0.23547299557539 0.34190614287704835 0.10430998195511477 0.0 
0.0 0.0 0.19054831386535973 0.0 0.0 0.23543549642758352 0.0 0.13412626618439738 0.3382283361608604 0.10166158736179888 0.0 
0.0 0.0 0.0 0.0 0.0 0.0 0.2999999999999998 0.35 0.35 0.0 0.0 
0.0 0.0 0.20421489203762022 0.0 0.0 0.1255769551466826 0.0 0.3202081528156971 0.35 0.0 0.0 
0.0 0.0 0.20856236756677402 0.0 0.0 0.1462011464646946 0.0 0.29523648596853136 0.35 0.0 0.0 
0.0 0.16876428409906544 0.0 0.0 0.0 0.0 0.13123571590093464 0.35 0.35 0.0 0.0 
0.0 0.0 0.13749835835861704 0.0 0.0 0.0 0.162501641641383 0.35 0.35 0.0 0.0 
0.0 0.0 0.19485187899112594 0.0 0.0 0.21782513522165323 0.0 0.18350690418190058 0.3009840360301094 0.10283204557521078 0.0 
0.0 0.0 0.1854274698892974 0.0 0.0 0.1425738323292591 0.0 0.2196962428774699 0.35 0.1023024549039736 0.0 
0.0 0.0 0.1654619920954588 0.0 0.0 0.0 0.13453800790454112 0.35 0.35 0.0 0.0 
0.0 0.0 0.2093650493102321 0.0 0.0 0.13771248993381668 0.0 0.30292246075595136 0.35 0.0 0.0 
0.0 0.0 0.1846600492857774 0.0 0.0 0.11533995071422266 0.0 0.35 0.35 0.0 0.0 
0.1608214163286329 0.0 0.0 0.0 0.0 0.0 0.14840336959495257 0.3407752140764146 0.35 0.0 0.0 
0.0 0.0 0.18202934241251115 0.0 0.0 0.15244820619340457 0.0 0.21757896645424335 0.3469417385669944 0.10100174637284662 0.0 
0.0 0.0 0.207499039714176 0.0 0.0 0.13421984421980776 0.0 0.30828111606601627 0.35 0.0 0.0 
0.0 0.0 0.1810692745585825 0.0 0.0 0.12336420832400227 0.0 0.3455665171174152 0.35 0.0 0.0 
0.0 0.0 0.17797660335420015 0.0 0.0 0.3170455811814478 0.0 0.10218037690112411 0.27345681794056464 0.12934062062266324 0.0 
0.0 0.0 0.17213593971108437 0.0 0.0 0.3016636656320965 0.0 0.11317032685394016 0.2969808545663559 0.11604921323652298 0.0 
0.0 0.0 0.17706792192082127 0.0 0.0 0.0 0.0 0.34569916787669197 0.35 0.0 0.12723291020248673 
0.13701579051016294 0.0 0.0 0.0 0.0 0.0 0.16298420948983716 0.35 0.35 0.0 0.0 
0.0 0.17760471686957566 0.0 0.0 0.0 0.0 0.12239528313042448 0.35 0.35 0.0 0.0 
0.0 0.0 0.2054195095438751 0.0 0.0 0.16149331944200418 0.0 0.2830871710141208 0.35 0.0 0.0 
0.0 0.0 0.16660261023013495 0.0 0.0 0.23411378115331685 0.0 0.16283179885997473 0.33450727076775005 0.10194453898882337 0.0 
0.14956087590389774 0.0 0.0 0.0 0.0 0.0 0.15455790811892875 0.34588121597717353 0.35 0.0 0.0 
0.0 0.0 0.1763079714621514 0.0 0.0 0.17824869911368452 0.0 0.18956783283666487 0.35 0.1058754965874993 0.0 
0.0 0.10521456487883904 0.0 0.0 0.0 0.0 0.19478543512116092 0.35 0.35 0.0 0.0 
0.0 0.0 0.17963564487786704 0.0 0.0 0.2943535543453674 0.0 0.11772895848415342 0.27143629373684425 0.13684554855576786 0.0 
0.0 0.0 0.1792125400044754 0.0 0.0 0.19672601734069411 0.0 0.1926676940531947 0.33054872837940286 0.10084502022223306 0.0 
0.0 0.0 0.18733809019116907 0.0 0.0 0.17586175806484738 0.0 0.1870293164604621 0.34536833054762406 0.10440250473589731 0.0 
0.0 0.14378831345547272 0.0 0.0 0.0 0.0 0.15621168654452738 0.35 0.35 0.0 0.0 
0.0 0.0 0.21871866343090718 0.0 0.0 0.11687503597434715 0.0 0.3144063005947457 0.35 0.0 0.0 
0.0 0.0 0.20891548270810972 0.0 0.0 0.17812400681684118 0.0 0.19095752942619373 0.3193282632443368 0.10267471780451855 0.0 
0.0 0.0 0.18949715467470532 0.0 0.0 0.2170331105189546 0.0 0.162140251595789 0.32121878299856443 0.11011070021198671 0.0 
0.0 0.0 0.18157273608535326 0.0 0.0 0.1509547489653658 0.0 0.2091494812626983 0.35 0.1083230336865827 0.0 
0.0 0.0 0.18162627197410192 0.0 0.0 0.0 0.11837372802589813 0.35 0.35 0.0 0.0 
0.0 0.0 0.216686144479428 0.0 0.0 0.13534367244770953 0.0 0.29797018307286255 0.35 0.0 0.0 
0.0 0.1767127025407363 0.0 0.0 0.0 0.0 0.12328729745926384 0.35 0.35 0.0 0.0 
0.0 0.0 0.1921895608786058 0.0 0.0 0.0 0.0 0.3284838583506736 0.35 0.0 0.12932658077072054 
0.0 0.0 0.19796058022374857 0.0 0.0 0.0 0.0 0.35 0.33092956016459546 0.0 0.12110985961165585 
0.0 0.0 0.16609108598175046 0.0 0.0 0.1255295604328068 0.0 0.2706379423644709 0.3359281426069174 0.10181326861405435 0.0 
0.0 0.0 0.19779197573232624 0.0 0.0 0.12561523203408445 0.0 0.3271486085543625 0.3494441836792266 0.0 0.0 
0.0 0.11158028869904953 0.0 0.0 0.0 0.0 0.1884197113009505 0.35 0.35 0.0 0.0 
0.0 0.0 0.18413455329142953 0.0 0.0 0.2599376383511083 0.0 0.12227954268773257 0.33106461018311417 0.10258365548661544 0.0 
0.0 0.0 0.20229481311368233 0.0 0.0 0.13526203558914912 0.0 0.31244315129716854 0.35 0.0 0.0 
0.0 0.0 0.13562418611203353 0.0 0.0 0.0 0.0 0.35 0.35 0.0 0.1643758138879664 
0.0 0.0 0.17171456806653274 0.0 0.0 0.16988913898841465 0.0 0.21110905064330093 0.34440206064900764 0.10288518165274405 0.0 
0.0 0.0 0.18366277532273728 0.0 0.0 0.1398199126999928 0.0 0.2283692337071734 0.3445978844370085 0.10355019383308812 0.0 
0.0 0.0 0.18618028328484948 0.0 0.0 0.2936602486073645 0.0 0.11283927258248883 0.27079696617591664 0.1365232293493806 0.0 
0.0 0.16471419819404817 0.0 0.0 0.0 0.0 0.1352858018059519 0.35 0.35 0.0 0.0 
0.0 0.0 0.17838968872891495 0.0 0.0 0.0 0.0 0.35 0.35 0.0 0.12161031127108499 
0.0 0.1494334184879309 0.0 0.0 0.0 0.0 0.15056658151206906 0.35 0.35 0.0 0.0 
0.0 0.15300851582527808 0.0 0.0 0.0 0.0 0.14699148417472213 0.35 0.35 0.0 0.0 
0.0 0.0 0.1839041565005142 0.0 0.0 0.26392517686055333 0.0 0.12393062102470713 0.3079172792009538 0.12032276641327175 0.0 
0.0 0.0 0.19809437397632662 0.0 0.0 0.25548998974032794 0.0 0.12018728532318984 0.3253999474474677 0.10082840351268801 0.0 
0.0 0.0 0.18262770470973996 0.0 0.0 0.3086787644862489 0.0 0.10783998088314983 0.2721371233455133 0.12871642657534785 0.0 
0.0 0.0 0.19718013756587627 0.0 0.0 0.24362956896214596 0.0 0.13879438280479423 0.31702762738724605 0.10336828327993741 0.0 
0.0 0.0 0.15291580557508905 0.0 0.0 0.0 0.0 0.35 0.34995799138795675 0.0 0.14712620303695428 
0.0 0.0 0.1812227198950369 0.0 0.0 0.12703619412846326 0.0 0.3417410859764999 0.35 0.0 0.0 
0.0 0.0 0.1208308804009909 0.0 0.0 0.0 0.17916911959900933 0.35 0.35 0.0 0.0 
0.0 0.0 0.20479212700210792 0.0 0.0 0.10725246273715895 0.0 0.33795541026073306 0.35 0.0 0.0 
0.0 0.2999999999999998 0.0 0.0 0.0 0.0 0.0 0.35 0.35 0.0 0.0 
0.0 0.0 0.16455618332498606 0.0 0.0 0.16280685217965674 0.0 0.2385357905633684 0.3316566732466589 0.10244450068533 0.0 
0.0 0.15832954149995318 0.0 0.0 0.0 0.0 0.14167045850004686 0.35 0.35 0.0 0.0 
0.0 0.13676695020165608 0.0 0.0 0.0 0.0 0.16323304979834394 0.35 0.35 0.0 0.0 
0.0 0.0 0.1770572242718538 0.0 0.0 0.0 0.0 0.3394346218688272 0.34215183629897233 0.0 0.1413563175603466 
0.0 0.0 0.20986950984272026 0.0 0.0 0.11071698699975839 0.0 0.32941350315752144 0.35 0.0 0.0 
0.0 0.0 0.18571322795765366 0.0 0.0 0.0 0.0 0.3358643282534723 0.33855296205952523 0.0 0.1398694817293487 
0.0 0.0 0.18494129128215553 0.0 0.0 0.2944445027602519 0.0 0.10617896111986487 0.2755846440567255 0.13885060078100234 0.0 
0.0 0.16027146934510444 0.0 0.0 0.0 0.0 0.1397285306548956 0.35 0.35 0.0 0.0 
0.0 0.0 0.10065832766099903 0.0 0.0 0.0 0.19934167233900105 0.35 0.35 0.0 0.0 
0.0 0.0 0.18873233157091074 0.0 0.0 0.12574065527786407 0.0 0.3355270131512252 0.35 0.0 0.0 
0.0 0.0 0.16774709959160697 0.0 0.0 0.0 0.0 0.3310262069161035 0.35 0.0 0.15122669349228954 
0.0 0.0 0.20410638217978327 0.0 0.0 0.24582932121460518 0.0 0.1395050829618296 0.30185564801946557 0.10870356562431645 0.0 
0.0 0.13858997359942754 0.0 0.0 0.0 0.0 0.16141002640057242 0.35 0.35 0.0 0.0 
0.0 0.0 0.2013419185066747 0.0 0.0 0.11544043258160312 0.0 0.3332176489117223 0.35 0.0 0.0 
0.0 0.0 0.11267866001922168 0.0 0.0 0.0 0.18732133998077838 0.35 0.35 0.0 0.0 
0.0 0.0 0.17069737979837182 0.0 0.0 0.27970718448030363 0.0 0.14673602864712407 0.2991134426733191 0.10374596440088131 0.0 
