0.0 0.0 0.0 0.0 0.0 0.0 0.29999999999999993 0.35 0.35 0.0 0.0 
0.0 0.0 0.16978107275381138 0.0 0.0 0.29860392065138364 0.0 0.12338098390461019 0.29969452457813556 0.0 0.10853949811205924 
0.0 0.0 0.0 0.0 0.0 0.0 0.29999999999999993 0.35 0.35 0.0 0.0 
0.0 0.0 0.0 0.0 0.0 0.0 0.3059491116125522 0.34405088838744774 0.35 0.0 0.0 
0.10076483851666307 0.0 0.0 0.0 0.0 0.0 0.199235161483337 0.35 0.35 0.0 0.0 
0.16526525633749045 0.0 0.0 0.0 0.0 0.0 0.1419141996851892 0.3428205439773204 0.35 0.0 0.0 
0.0 0.0 0.10020991170463293 0.0 0.0 0.0 0.199790088295367 0.35 0.35 0.0 0.0 
0.0 0.0 0.17315389010407573 0.0 0.0 0.2854247720489363 0.0 0.12772939472705153 0.3077519188647913 0.0 0.10594002425514516 
0.0 0.0 0.16778758597621232 0.0 0.0 0.24141883069944564 0.0 0.16160189869043162 0.32909301981673417 0.0 0.10009866481717627 
0.0 0.0 0.17153209644037348 0.0 0.0 0.27307076375213074 0.0 0.13022363577167542 0.3204475581446323 0.0 0.10472594589118812 
0.0 0.0 0.21576559466373332 0.0 0.0 0.14135520243138594 0.0 0.29287920290488073 0.35 0.0 0.0 
0.0 0.0 0.20278357900779723 0.0 0.0 0.15850034546414474 0.0 0.2887160755280582 0.35 0.0 0.0 
0.0 0.0 0.2366307401861269 0.0 0.0 0.1350255908864055 0.0 0.2783436689274677 0.35 0.0 0.0 
0.0 0.0 0.16589258607446367 0.0 0.0 0.20540531244701699 0.0 0.18280819055295305 0.3425397025162455 0.0 0.10335420840932068 
0.0 0.0 0.21164693343625104 0.0 0.0 0.18660350674385276 0.0 0.2517495598198962 0.35 0.0 0.0 
0.0 0.0 0.17026795188444957 0.0 0.0 0.20940821352879896 0.0 0.17783603777227533 0.34090939609056975 0.0 0.10157840072390653 
0.0 0.0 0.2076248788457794 0.0 0.0 0.0 0.0 0.33690419895347223 0.3456903701381108 0.0 0.10978055206263763 
0.0 0.0 0.20036106255639954 0.0 0.0 0.17225625926712848 0.0 0.277382678176472 0.35 0.0 0.0 
0.0 0.0 0.10919361138280612 0.0 0.0 0.0 0.0 0.35 0.35 0.0 0.190806388617194 
0.0 0.0 0.16578491393264935 0.0 0.0 0.0 0.13421508606735053 0.35 0.35 0.0 0.0 
0.0 0.0 0.1879615535437241 0.0 0.0 0.11646443745591119 0.0 0.3455740090003648 0.35 0.0 0.0 
0.0 0.0 0.17602306482047614 0.0 0.0 0.2645785845813785 0.0 0.13728165030304232 0.3199086726492599 0.0 0.1022080276458432 
0.0 0.0 0.17015161729775283 0.0 0.0 0.22595534898256917 0.0 0.16387877720860017 0.338505258638 0.0 0.1015089978730779 
0.0 0.0 0.12986966692697607 0.0 0.0 0.0 0.170130333073024 0.35 0.35 0.0 0.0 
0.0 0.0 0.16995674449444817 0.0 0.0 0.2501458654758629 0.0 0.16114780517301447 0.3173568441387758 0.0 0.10139274071789874 
0.0 0.0 0.13684405742029582 0.0 0.0 0.0 0.0 0.35 0.35 0.0 0.1631559425797042 
0.0 0.0 0.21878808143050368 0.0 0.0 0.10859956736598088 0.0 0.3226123512035155 0.35 0.0 0.0 
0.0 0.0 0.1695056213908768 0.0 0.0 0.1670663064047701 0.0 0.20782287468262453 0.35 0.0 0.10560519752172852 
0.0 0.0 0.22453305355569986 0.0 0.0 0.11914128987324042 0.0 0.3063256565710596 0.35 0.0 0.0 
0.0 0.0 0.18441636027455174 0.0 0.0 0.1375763830951568 0.0 0.32800725663029145 0.35 0.0 0.0 
0.0 0.0 0.21200204819054982 0.0 0.0 0.1744100062229326 0.0 0.26358794558651755 0.35 0.0 0.0 
0.0 0.0 0.16379159915424812 0.0 0.0 0.2723375008700596 0.0 0.14377371230233418 0.32009706812476035 0.0 0.10000011954859785 
0.0 0.0 0.16972187200084596 0.0 0.0 0.2597402143803197 0.0 0.14897921335686728 0.31793795550012416 0.0 0.10362074476184284 
0.0 0.0 0.2012082419391371 0.0 0.0 0.13142572323712884 0.0 0.31736603482373393 0.35 0.0 0.0 
0.0 0.0 0.205479092318422 0.0 0.0 0.2074247942786705 0.0 0.23709611340290748 0.35 0.0 0.0 
0.0 0.0 0.20208561921397117 0.0 0.0 0.15075782064895138 0.0 0.2971565601370775 0.35 0.0 0.0 
0.0 0.0 0.2138065855769108 0.0 0.0 0.10371213502119087 0.0 0.3350995400563286 0.34738173934556976 0.0 0.0 
0.0 0.0 0.20530492237957387 0.0 0.0 0.13108547636245294 0.0 0.31442205173491306 0.34918754952306 0.0 0.0 
0.0 0.0 0.16754782734534898 0.0 0.0 0.17178292140957116 0.0 0.1986293320130671 0.35 0.0 0.11203991923201287 
0.16227245366788345 0.0 0.0 0.0 0.0 0.0 0.13955540986299753 0.348172136469119 0.35 0.0 0.0 
0.0 0.0 0.1664550465284683 0.0 0.0 0.17066251845264607 0.0 0.20385603358874269 0.35 0.0 0.1090264014301429 
0.0 0.0 0.12006598452869284 0.0 0.0 0.0 0.17993401547130716 0.35 0.35 0.0 0.0 
0.0 0.0 0.20545490095758778 0.0 0.0 0.13349360969478166 0.0 0.3110514893476304 0.35 0.0 0.0 
0.0 0.0 0.17589774572428707 0.0 0.0 0.0 0.0 0.35 0.35 0.0 0.12410225427571286 
0.0 0.0 0.19419524886034262 0.0 0.0 0.15506361822390105 0.0 0.3007411329157562 0.35 0.0 0.0 
0.0 0.0 0.21019978919096724 0.0 0.0 0.0 0.0 0.32955455897011676 0.35 0.0 0.11024565183891591 
0.0 0.0 0.15051668370668916 0.0 0.0 0.0 0.0 0.35 0.35 0.0 0.14948331629331085 
0.0 0.0 0.20631663117911686 0.0 0.0 0.10197342229351176 0.0 0.3417099465273714 0.35 0.0 0.0 
0.0 0.0 0.18496711546131206 0.0 0.0 0.15651789769964755 0.0 0.22945108691259353 0.32797253799508885 0.0 0.10109136193135808 
0.0 0.0 0.18816129515239596 0.0 0.0 0.17230931337899014 0.0 0.1953010049875422 0.3407384629408913 0.0 0.10348992354018054 
0.0 0.0 0.18000062999846053 0.0 0.0 0.0 0.0 0.34772688789633155 0.3495539548451644 0.0 0.12271852726004365 
0.0 0.0 0.18389861167912203 0.0 0.0 0.18244253089932255 0.0 0.18380148873239854 0.34487155417152787 0.0 0.10498581451762905 
0.0 0.0 0.17192305853639941 0.0 0.0 0.17027736164752835 0.0 0.2222307076498285 0.3331254183512391 0.0 0.10244345381500451 
0.0 0.0 0.14963775979247512 0.0 0.0 0.0 0.1503622402075249 0.35 0.35 0.0 0.0 
0.0 0.0 0.16056401050673602 0.0 0.0 0.0 0.0 0.35 0.35 0.0 0.13943598949326397 
0.0 0.0 0.2079191170246875 0.0 0.0 0.20094843869949464 0.0 0.2411324442758179 0.35 0.0 0.0 
0.0 0.0 0.12416908457144599 0.0 0.0 0.0 0.0 0.35 0.3487707837535341 0.0 0.17706013167502005 
0.0 0.0 0.20314325108005715 0.0 0.0 0.1727427997911554 0.0 0.27411394912878756 0.35 0.0 0.0 
0.0 0.0 0.1999524061893674 0.0 0.0 0.18913049375635455 0.0 0.260917100054278 0.35 0.0 0.0 
0.0 0.0 0.179315237569395 0.0 0.0 0.12122036719238694 0.0 0.3494643952382181 0.35 0.0 0.0 
0.0 0.0 0.1977699248784489 0.0 0.0 0.0 0.0 0.34815707349078073 0.34815707349078073 0.0 0.10591592813998969 
0.0 0.0 0.15654229679367035 0.0 0.0 0.0 0.14345770320632967 0.35 0.35 0.0 0.0 
0.0 0.0 0.20420555664850396 0.0 0.0 0.14108845150397717 0.0 0.3047059918475189 0.35 0.0 0.0 
0.0 0.0 0.2173672907410984 0.0 0.0 0.10213414084237309 0.0 0.33049856841652847 0.35 0.0 0.0 
0.0 0.0 0.11836135519185266 0.0 0.0 0.0 0.0 0.35 0.35 0.0 0.18163864480814734 
0.0 0.0 0.21375006629522114 0.0 0.0 0.1804676695333728 0.0 0.25578226417140604 0.35 0.0 0.0 
0.0 0.0 0.19797681186028152 0.0 0.0 0.10208603093431473 0.0 0.34993715720540375 0.35 0.0 0.0 
0.0 0.0 0.17156687354818992 0.0 0.0 0.21100572417074476 0.0 0.1715640026073198 0.34351008867572047 0.0 0.10235331099802507 
0.0 0.0 0.19787718299932736 0.0 0.0 0.2040226638957927 0.0 0.24810015310488012 0.35 0.0 0.0 
0.0 0.0 0.20482787239616693 0.0 0.0 0.0 0.0 0.34668862527212296 0.34724862587115196 0.0 0.10123487646055815 
0.0 0.0 0.20909829090336965 0.0 0.0 0.10389697824291375 0.0 0.3370047308537166 0.35 0.0 0.0 
0.0 0.0 0.2034438501779717 0.0 0.0 0.10710215342133571 0.0 0.3394539964006926 0.35 0.0 0.0 
0.0 0.0 0.1828175461097655 0.0 0.0 0.136383652310832 0.0 0.3311514427436694 0.349647358835733 0.0 0.0 
0.0 0.0 0.17558738187905606 0.0 0.0 0.19276036540694522 0.0 0.19785292509157262 0.3333790399889672 0.0 0.10042028763345887 
0.0 0.0 0.16456693329119698 0.0 0.0 0.16709926036158132 0.0 0.2180829355036943 0.34437177313229916 0.0 0.1058790977112283 
0.0 0.0 0.17803082727945999 0.0 0.0 0.2498409910991493 0.0 0.15452583013891763 0.3166724933416407 0.0 0.10092985814083233 
0.0 0.0 0.2128763628408072 0.0 0.0 0.16998036383567022 0.0 0.2671432733235225 0.35 0.0 0.0 
0.0 0.0 0.23088148494201619 0.0 0.0 0.11881229617965054 0.0 0.3003062188783332 0.35 0.0 0.0 
0.0 0.0 0.1924150311618382 0.0 0.0 0.0 0.0 0.34246246789850904 0.3442618739211449 0.0 0.12086062701850779 
0.0 0.0 0.16851418592336 0.0 0.0 0.2327153985183566 0.0 0.17744824624651298 0.31725269750478124 0.0 0.10406947180698926 
0.0 0.0 0.20210716256306308 0.0 0.0 0.0 0.0 0.3373206488314617 0.35 0.0 0.11057218860547534 
0.0 0.0 0.20352604268497376 0.0 0.0 0.1751835006859867 0.0 0.2712904566290395 0.35 0.0 0.0 
0.0 0.0 0.11395702684340563 0.0 0.0 0.0 0.18604297315659452 0.35 0.35 0.0 0.0 
0.0 0.0 0.1886728506403206 0.0 0.0 0.0 0.0 0.3377150420838231 0.35 0.0 0.12361210727585638 
0.0 0.0 0.18822313303128874 0.0 0.0 0.21737997901871495 0.0 0.24439688794999634 0.35 0.0 0.0 
0.0 0.0 0.174328255472099 0.0 0.0 0.18981359394335492 0.0 0.18941731227399883 0.34303325019829395 0.0 0.10340758811225335 
0.12226992179099513 0.0 0.0 0.0 0.0 0.0 0.1777300782090049 0.35 0.35 0.0 0.0 
0.0 0.0 0.16644068916206514 0.0 0.0 0.2490140467807046 0.0 0.14523700374242973 0.33921561564736874 0.0 0.10009264466743165 
0.0 0.0 0.16860232139342474 0.0 0.0 0.2227148382085998 0.0 0.17196956034061275 0.336128560643431 0.0 0.10058471941393167 
0.0 0.0 0.21021328296472375 0.0 0.0 0.0 0.0 0.32863756004090505 0.35 0.0 0.1111491569943712 
0.0 0.0 0.1793098975200637 0.0 0.0 0.16849894644519406 0.0 0.1936940799910027 0.35 0.0 0.1084970760437396 
0.0 0.0 0.20044428551789253 0.0 0.0 0.12860308421493802 0.0 0.3209526302671696 0.35 0.0 0.0 
0.0 0.0 0.2045148757044491 0.0 0.0 0.16007268954718037 0.0 0.2854124347483706 0.35 0.0 0.0 
0.0 0.0 0.19645176918876428 0.0 0.0 0.132804974744213 0.0 0.3207432560670228 0.35 0.0 0.0 
0.0 0.0 0.14016460746944104 0.0 0.0 0.0 0.15983539253055892 0.35 0.35 0.0 0.0 
0.0 0.0 0.22412333864922257 0.0 0.0 0.16958751833599822 0.0 0.25628914301477923 0.35 0.0 0.0 
0.0 0.0 0.15979869137366953 0.0 0.0 0.18723085837086628 0.0 0.1973652527337357 0.35 0.0 0.10560519752172852 
0.0 0.0 0.19293507593475595 0.0 0.0 0.2100732326021089 0.0 0.24699169146313518 0.35 0.0 0.0 
0.0 0.0 0.13904619981290015 0.0 0.0 0.0 0.16095380018709993 0.35 0.35 0.0 0.0 
0.0 0.0 0.10886697804766915 0.0 0.0 0.0 0.19113302195233076 0.35 0.35 0.0 0.0 
