-0.01066835838195402 0.008605547393948892 
-0.002709365565574589 8.359339486369432E-5 
-0.01066835838195402 0.008605547393948892 
-0.005492169431201821 1.7995082992915734E-4 
-0.010655546581194907 0.008561651959985463 
-0.010655201258985102 0.007717600688932383 
-0.004738842957720745 1.7328315190126467E-4 
-0.010628928771591741 0.006207838657328669 
-0.010629683798231431 0.0068809883847543 
-0.002907297571082222 8.710856307764704E-5 
-0.0033800604743418733 9.419896818638125E-5 
-0.005573936066101815 2.1378783169862453E-4 
-0.009538382834731775 0.003522749847453246 
-0.006007411099791166 2.171682122316105E-4 
-0.010410724288776901 0.005481848426349888 
-0.009191467254565327 0.002718413848790141 
-0.008950616761347134 0.002347055951147127 
-0.010463734040579575 0.0056537318792083974 
-0.006040334212243519 2.227243013429709E-4 
-0.006380279056276491 2.618453572247108E-4 
-0.009667941725918106 0.0038663743689326237 
-0.00841044218438131 0.0013631532845651685 
-0.009100072493424788 0.002528414565505147 
-0.007503457184681555 5.579495898312072E-4 
-0.00799397330407875 9.097982794037467E-4 
-0.008108223324258292 0.0010177937043102522 
-0.009383936067696493 0.0031276763771947427 
-0.006891273875170634 3.514530819152942E-4 
-0.003791898885201046 1.2402472541304913E-4 
-0.009050446053612007 0.0024887283557920347 
-0.010301283912150624 0.005136096601053222 
-0.006653837856643197 2.9596126478593663E-4 
-0.010576579736287017 0.006029220070855023 
-0.006537572477827153 2.834504056820551E-4 
-0.010012931215305082 0.004319213450989018 
-0.01035365948234578 0.0053042008791589195 
-0.0034887732028744487 9.700070377863204E-5 
-0.007792967241457322 7.88678615931265E-4 
-0.007123648146474065 4.699486985964977E-4 
-0.009431649308075805 0.0032895266354801053 
-0.00736214246952968 4.911725207880337E-4 
-0.009431649308075805 0.0032895266354801053 
-0.004218936567862302 1.4205213374059267E-4 
-0.008913256844890355 0.0021872600033933077 
-0.01064543176777144 0.007115210734731132 
-0.009606526234696988 0.0036904583185985796 
-0.010040482886709386 0.004392719846190833 
-0.010509648314247184 0.005804935018592489 
-0.010158683702098107 0.004710576577546268 
-0.008651958678872394 0.0016958256524214667 
-0.007577253057024365 6.229809144430663E-4 
-0.010113665211094882 0.004571908312135083 
-0.00831032022525334 0.0012427117446009062 
-0.01009042291907733 0.004504526922070444 
-0.007052175790520889 4.113065787616875E-4 
-0.009246757366847425 0.0028443449743316943 
-0.010648452885044827 0.0072963115748624135 
-0.0041465247524913006 1.3788243732439876E-4 
-0.009779224077100024 0.00414891445112247 
-0.008227895724860303 0.0011449597288987656 
-0.009325561313371616 0.0030004460787158116 
-0.009597104364214395 0.003668354261644915 
-0.00881558341664965 0.00200150496908251 
-0.010600846953709747 0.006111672435004646 
-0.004577514875862682 1.5823268649864383E-4 
-0.008572724849306013 0.001558195611812292 
-0.00874277808256647 0.0018621598144924099 
-0.010530326403873733 0.0058737366963954 
-0.003948189801119877 1.2707887999654471E-4 
-0.010652090873406635 0.007520548553124438 
-0.010340943948679182 0.005259975743344956 
-0.01022107793522356 0.004893422996048244 
-0.00848545016009253 0.0014442507848503006 
-0.009779739992782938 0.004150548780442542 
-0.0073631113725118255 4.912222905237355E-4 
-0.009970151068991975 0.004164690478554762 
-0.00763582383245549 6.799017657205008E-4 
-0.009710158993200664 0.003977637064989386 
-0.002784312698367212 8.515188933663466E-5 
-0.008703557785730953 0.0017743469160748611 
-0.004528286833512957 1.4916151264359292E-4 
-0.010643550451876399 0.007004779624436343 
-0.007929109286536801 8.545504507988682E-4 
-0.004399913343458642 1.4217887000060565E-4 
-0.00997015106899198 0.004164690478554774 
-0.008492389113629102 0.0014983006750160339 
-0.010652584217939185 0.007709541393731552 
-0.0068147982770836776 3.0801992160405455E-4 
-0.008902453306828081 0.002123315391341476 
-0.006395763772950705 2.627481959852641E-4 
-0.010652117913162576 0.007522240409627489 
-0.009327794759420579 0.0030469131958720695 
-0.004722001579047321 1.7318535846100848E-4 
-0.010153254895591528 0.0046991139290123414 
-0.009710158993200664 0.003977637064989386 
-0.009240394552745508 0.002835629146351684 
-0.010648085666894305 0.007274050969114533 
-0.007718333956640929 6.897565766129119E-4 
-0.01022107793522356 0.004893422996048244 
-0.010261912339896683 0.005017839175456049 
