-0.004242325217804433 3.5683354046864116E-5 
-0.013716700458063329 4.153849936821963E-4 
-0.00673357619983281 4.904624400900001E-5 
-0.004905341712912332 4.784496068818952E-5 
-0.01339340829942582 3.5973063627617964E-4 
-0.013369406353377588 2.9577528665968754E-4 
-0.004853302125506414 3.8997154216673306E-5 
-0.012791973943818436 2.1666494450107285E-4 
-0.012860327627487598 2.3856691611568245E-4 
-0.009161323180206089 8.46338553830013E-5 
-0.012486932754703443 1.9966123702247636E-4 
-0.01204617659091266 1.6240523123858038E-4 
-0.011662793668951284 1.5033906498095376E-4 
-0.013275555811326953 2.817616486259013E-4 
-0.013332380284765986 2.9100281119970913E-4 
-0.012432824830192613 1.911499041173206E-4 
-0.013159969804893996 2.5799261078769507E-4 
-0.011534188819485666 1.4608145286046934E-4 
-0.01140519492886543 1.4430003522155293E-4 
-0.00933403746543542 8.780765965298163E-5 
-0.01191066170491732 1.5804269987031158E-4 
-0.013689949671748539 4.1055579822567377E-4 
-0.013207590694934858 2.6752155319346456E-4 
-0.007738572122004293 6.006362423695454E-5 
-0.008625863199353335 7.435862926119004E-5 
-0.012504031340528252 2.0698672984042016E-4 
-0.00688461849408238 5.093268930015848E-5 
-0.011292864254029283 1.3948466029858902E-4 
-0.008963233742935908 8.058883744993569E-5 
-0.012065055170685391 1.704899211414608E-4 
-0.013633592230868102 4.0051415554593077E-4 
-0.010287490680401731 1.1473568142245864E-4 
-0.008439437103966094 7.29206525521715E-5 
-0.009732113075887129 1.0120780824177716E-4 
-0.006983079493129759 5.3518816132198747E-5 
-0.007207619787456868 5.700621721019415E-5 
-0.012588074707111386 2.1011502287247158E-4 
-0.011785771229244778 1.5441928373477291E-4 
-0.007369939850806459 5.736688991542059E-5 
-0.007125332819218592 5.426874196815066E-5 
-0.012370323239531848 1.873508220168712E-4 
-0.013513972933605452 3.797952736189397E-4 
-0.009594069228765583 9.790789694397117E-5 
-0.0075737735386193486 5.954808597600483E-5 
-0.010212155030271071 1.1232798272375962E-4 
-0.004873186980004072 4.5514366920375056E-5 
-0.009932051562415608 1.0584667259073013E-4 
-0.011055335927620745 1.3368899391762775E-4 
-0.0074890668550547015 5.822353789089636E-5 
-0.013472675536684495 3.728299988412628E-4 
-0.008198412754024487 6.683950894522769E-5 
-0.01323633348890987 2.695968147087658E-4 
-0.010569219278314461 1.2112969988418392E-4 
-0.013424255837348655 3.647861763355599E-4 
-0.012131186842226634 1.7293498177988606E-4 
-0.010434214955291612 1.1719408768027178E-4 
-0.013589381330844457 3.927623510145046E-4 
-0.010082735195485944 1.1136403261284314E-4 
-0.009508528435923456 9.44687597150594E-5 
-0.008717469538240069 7.631969608368428E-5 
-0.013556488150064348 3.870666022634233E-4 
-0.012908246138570587 2.4216552178708405E-4 
-0.012274343708036688 1.7664374790694746E-4 
-0.013065869846969162 2.4862473949868887E-4 
-0.010883469628427152 1.300593899938201E-4 
-0.009448674518752684 9.127493665053992E-5 
-0.01183364997839217 1.5598968874764563E-4 
-0.013497555276629158 3.7701471121650735E-4 
-0.01268888111672143 2.124564961438966E-4 
-0.008379381121525772 7.093187686821271E-5 
-0.00785277349121492 6.293342046356307E-5 
-0.010678949700578484 1.2436199312892754E-4 
-0.010764978401989133 1.2673147719998958E-4 
-0.008828084257430294 7.834846362326818E-5 
-0.012337700724289273 1.8089880368952647E-4 
-0.009852847761238749 1.028160404413795E-4 
-0.012714731324718473 2.1365854641096913E-4 
-0.010021184641585511 1.0659147382265552E-4 
-0.009387615226800566 9.065240310413331E-5 
-0.011147408248807188 1.3642296722886062E-4 
-0.012343791924650849 1.8223385870496379E-4 
-0.013116341208309922 2.534046083167E-4 
-0.008914915650833957 8.027782166748777E-5 
-0.01064844841148639 1.2287987388741217E-4 
-0.01302031636494623 2.4517489810679403E-4 
-0.012952667101953443 2.437785185372631E-4 
-0.011215283556353976 1.3767093486484241E-4 
-0.013267183901220267 2.752916705883092E-4 
-0.010022441504948638 1.1046944523964184E-4 
-0.007861921859191474 6.367712333864081E-5 
-0.008297853746098949 6.928079893562321E-5 
-0.013556864396570542 3.871314071233706E-4 
-0.00954068403225003 9.682133187691993E-5 
-0.013271421358781878 2.7553658420749136E-4 
-0.01096567578366882 1.3086610371932294E-4 
-0.008760918436300582 7.806612519850726E-5 
-0.00980551814531162 1.0255768275634444E-4 
-0.010979377837695321 1.3271839072575992E-4 
-0.007988620010691384 6.468295571383864E-5 
-0.013123596199981897 2.540016182753375E-4 
