0.0 0.0 0.14948894939538207 0.0 0.0 0.23486936371190792 0.0 0.0 0.3027827995546077 0.0 0.0 
0.0 0.2999999999959876 0.0 0.0 0.0 0.0 0.0 0.35 0.35 0.0 0.0 
0.0 0.0 0.10885658005465 0.0 0.10499606788590835 0.14046247923527838 0.0 0.11860079302040016 0.3280546304454798 0.1004782266425907 0.0 
0.0 0.0 0.17271015130328707 0.0 0.0 0.2722256733590209 0.0 0.0 0.35 0.0 0.0 
0.0 0.2379308226903172 0.0 0.0 0.0 0.0 0.0 0.35 0.35 0.0 0.0 
0.0 0.1973216113419409 0.0 0.0 0.0 0.10267479230418389 0.0 0.35 0.35 0.0 0.0 
0.0 0.0 0.15138523173143514 0.0 0.0 0.22855281857000762 0.0 0.0 0.35 0.0 0.0 
0.0 0.10134963216334099 0.0 0.0 0.0 0.10139177018600368 0.0 0.3489898749984653 0.34807510487169063 0.10019361778049929 0.0 
0.0 0.1012784909763919 0.0 0.0 0.0 0.101793558759689 0.0 0.35 0.34945443378236263 0.0 0.0 
0.0 0.0 0.10004498847662306 0.0 0.10238689645799341 0.12601064060200018 0.0 0.22123503415951018 0.3455981308031878 0.10472430950068537 0.0 
0.0 0.0 0.0 0.0 0.0 0.1976916299400269 0.0 0.35 0.35 0.10094904116183244 0.0 
0.0 0.0 0.0 0.0 0.10025566440502169 0.10134036513118826 0.0 0.34941323257650087 0.34855770491138105 0.10043303297590808 0.0 
0.0 0.0 0.0 0.0 0.10255554051318617 0.10755310736322994 0.0 0.33044898370054243 0.35 0.10375966322619193 0.0 
0.0 0.18086444751917777 0.0 0.0 0.0 0.12018818725377675 0.0 0.35 0.346969173372224 0.0 0.0 
0.0 0.19015202746236515 0.0 0.0 0.0 0.10284851525366964 0.0 0.35 0.35 0.0 0.0 
0.0 0.0 0.0 0.0 0.0 0.1686841220007134 0.0 0.35 0.35 0.10499491738558225 0.0 
0.0 0.13675645270553397 0.0 0.0 0.0 0.1607277902015555 0.0 0.35 0.35 0.0 0.0 
0.0 0.0 0.0 0.0 0.100679448423553 0.10558559265919813 0.0 0.32440393999792355 0.35 0.10186154360800677 0.0 
0.0 0.0 0.0 0.0 0.10245174063066546 0.11488957968692105 0.0 0.31902642711161777 0.3482976969329818 0.11533455563781389 0.0 
0.0 0.0 0.10152724854070101 0.0 0.10039271943971924 0.12078915780340714 0.0 0.227926409865875 0.34822267120030376 0.10114179314999394 0.0 
0.0 0.0 0.0 0.0 0.10084778941256808 0.10523507448862282 0.0 0.3423953529599934 0.34931761396357974 0.1022041691752359 0.0 
0.0 0.2948640904031398 0.0 0.0 0.0 0.0 0.0 0.35 0.35 0.0 0.0 
0.0 0.1559133543089289 0.0 0.0 0.0 0.13216757845617189 0.0 0.35 0.35 0.0 0.0 
0.0 0.0 0.10290681369097732 0.0 0.10203067585756549 0.15841910787390157 0.0 0.15074240160876692 0.3482197399197306 0.10068956399375624 0.0 
0.0 0.0 0.10109012012005082 0.0 0.10177578012938955 0.1252721262997214 0.0 0.1989140706873784 0.3413893698375004 0.1004062512331354 0.0 
0.0 0.10065308212664573 0.0 0.0 0.0 0.11488559299074833 0.0 0.3388933525455899 0.34121350892398367 0.10435446341303234 0.0 
0.0 0.0 0.10846001211555882 0.0 0.10308927440442632 0.11538399306961533 0.0 0.12153321843101722 0.33778896451860774 0.10037720242941281 0.0 
0.0 0.0 0.0 0.0 0.10204359608381044 0.10157800276797134 0.0 0.3138039491773259 0.35 0.11272891333197822 0.0 
0.0 0.0 0.10135911821030734 0.0 0.1037317880614998 0.12454551338012605 0.0 0.20967351674368068 0.35 0.10610293019343145 0.0 
0.0 0.0 0.0 0.0 0.0 0.10575395016589216 0.0 0.3382344442789722 0.35 0.10499741911311744 0.0 
0.0 0.28404397028255307 0.0 0.0 0.0 0.0 0.0 0.35 0.35 0.0 0.0 
0.0 0.0 0.0 0.0 0.1128792084480165 0.11656781571521503 0.0 0.26690209935435494 0.35 0.11139832696579448 0.0 
0.0 0.0 0.10227485159917334 0.0 0.11905525547635419 0.133708193214415 0.0 0.18621247973672703 0.35 0.10437770628115227 0.0 
0.0 0.0 0.0 0.0 0.10566666083724012 0.11954928748493852 0.0 0.23996215380520744 0.35 0.10663135189355119 0.0 
0.0 0.0 0.1222804551023537 0.0 0.10509541275306584 0.17028639779648316 0.0 0.11504797197880719 0.35 0.10551097646922278 0.0 
0.0 0.0 0.11673296417701569 0.0 0.11259312230000273 0.15694648694237365 0.0 0.12718222560423556 0.35 0.1113339410566871 0.0 
0.0 0.100587952906167 0.0 0.0 0.0 0.10209855712913933 0.0 0.343133229538596 0.3423917048308296 0.10068541748315715 0.0 
0.0 0.0 0.0 0.0 0.10479741958832667 0.1079199538395226 0.0 0.33655226922357184 0.34966179288692356 0.1007530230080581 0.0 
0.0 0.0 0.11184594784219642 0.0 0.10472125766187156 0.17356537092715163 0.0 0.13364473752222283 0.3474499241993476 0.10354588134051328 0.0 
0.0 0.0 0.10373195282065932 0.0 0.0 0.13384994514609808 0.0 0.12219084882124696 0.3316548691866728 0.0 0.0 
0.0 0.0 0.0 0.0 0.0 0.13681796586950404 0.0 0.35 0.35 0.12038415540280148 0.0 
0.0 0.2610781445654498 0.0 0.0 0.0 0.0 0.0 0.35 0.35 0.0 0.0 
0.0 0.0 0.0 0.0 0.10195729058399718 0.12308055775788547 0.0 0.23278797954462035 0.35 0.10287952804242352 0.0 
0.0 0.0 0.11026953477676733 0.0 0.1042443055856442 0.17277486892332575 0.0 0.14393915770861485 0.34595796101568266 0.10125394650605248 0.0 
0.0 0.0 0.0 0.0 0.11006097591916716 0.1142983995056752 0.0 0.2632671388533875 0.35 0.11008492323121835 0.0 
0.0 0.0 0.17930752999714233 0.0 0.0 0.259314865465786 0.0 0.0 0.35 0.0 0.0 
0.0 0.0 0.10388379737483967 0.0 0.0 0.15068473186729642 0.0 0.24148079284026525 0.35 0.10786673343156361 0.0 
0.0 0.0 0.0 0.0 0.11205622934810894 0.10949084880621872 0.0 0.3031100248795237 0.35 0.10870813895929933 0.0 
0.0 0.0 0.10903625700030253 0.0 0.10307841524556027 0.1708425182826332 0.0 0.14232931175502062 0.3420886940801191 0.10012150097376589 0.0 
0.0 0.25314941699422683 0.0 0.0 0.0 0.0 0.0 0.35 0.35 0.0 0.0 
0.0 0.0 0.10522248027609668 0.0 0.10073455716324978 0.13601897720163747 0.0 0.17301499750639468 0.35 0.1058875707373424 0.0 
0.0 0.15971748895775773 0.0 0.0 0.0 0.1370565306419139 0.0 0.35 0.35 0.0 0.0 
0.0 0.0 0.0 0.0 0.11360840033250588 0.10760772703527827 0.0 0.28086422414156087 0.35 0.11231064214483005 0.0 
0.0 0.24385327162580975 0.0 0.0 0.0 0.0 0.0 0.35 0.35 0.0 0.0 
0.0 0.0 0.0 0.0 0.0 0.11287067201670284 0.0 0.3406980937197931 0.35 0.10431459335347774 0.0 
0.0 0.0 0.0 0.0 0.11094532416843529 0.1068256513258576 0.0 0.2743258900650009 0.35 0.10967798652084464 0.0 
0.0 0.27555587640494134 0.0 0.0 0.0 0.0 0.0 0.35 0.35 0.0 0.0 
0.0 0.0 0.11117197346643054 0.0 0.0 0.1400340274220464 0.0 0.2498875113977541 0.35 0.11162191933686524 0.0 
0.0 0.0 0.1008396155030582 0.0 0.0 0.12590955695071995 0.0 0.22468271767106052 0.34823633684992555 0.10036322362803839 0.0 
0.0 0.0 0.10254891019041193 0.0 0.1032365796912491 0.12172595151725094 0.0 0.20178451807461328 0.3445773583947532 0.10221190803036936 0.0 
0.0 0.26924068249924177 0.0 0.0 0.0 0.0 0.0 0.35 0.35 0.0 0.0 
0.0 0.11501371690376612 0.0 0.0 0.0 0.12906547305234262 0.0 0.3462470536193022 0.35 0.0 0.0 
0.0 0.0 0.0 0.0 0.0 0.10103190567322883 0.0 0.3483113017330396 0.35 0.10012733525247017 0.0 
0.0 0.11561234340088347 0.0 0.0 0.0 0.1695055618423143 0.0 0.35 0.35 0.0 0.0 
0.0 0.0 0.0 0.0 0.11967932959529491 0.10819964075337361 0.0 0.2961056668049162 0.35 0.11318126728682847 0.0 
0.0 0.0 0.10302998779291339 0.0 0.10215280126809882 0.11071259350026766 0.0 0.23414609943891845 0.3486365408311827 0.10132197716861897 0.0 
0.0 0.0 0.0 0.0 0.10066273367439556 0.10985236689245459 0.0 0.33879165896608165 0.348676615987469 0.10201662447959903 0.0 
0.0 0.25792610256696835 0.0 0.0 0.0 0.0 0.0 0.35 0.35 0.0 0.0 
0.0 0.1003473181513465 0.0 0.0 0.0 0.10415806632806285 0.0 0.3434798408548276 0.34929835351972616 0.10271642114603687 0.0 
0.0 0.0 0.11474032030389747 0.0 0.10409586631678097 0.13558716738872095 0.0 0.1824038614548176 0.35 0.10523142840568799 0.0 
0.0 0.0 0.10603654477037401 0.0 0.1070850557921873 0.16323714846518964 0.0 0.15532696858131542 0.35 0.1037518612945791 0.0 
0.0 0.0 0.0 0.0 0.1149903445287834 0.10991173513591411 0.0 0.28594195771168707 0.35 0.11367680027783776 0.0 
0.0 0.0 0.0 0.0 0.11728564638072678 0.11173935021479146 0.0 0.29000311258178907 0.35 0.1109700314299255 0.0 
0.0 0.0 0.10387075796916391 0.0 0.10450727926734125 0.12208730080053619 0.0 0.20464533695400433 0.3486182866610527 0.10341321714154035 0.0 
0.0 0.0 0.0 0.0 0.0 0.11692172419878896 0.0 0.35 0.35 0.10710696481395267 0.0 
0.0 0.0 0.0 0.0 0.10052548049651952 0.10886885581735166 0.0 0.2500589345697441 0.34318993636492684 0.1014792307610006 0.0 
0.0 0.102066701546491 0.0 0.0 0.0 0.1025055225632991 0.0 0.34395114784624703 0.35 0.10093882059099424 0.0 
0.0 0.0 0.0 0.0 0.10354553692372959 0.11026104075857802 0.0 0.25396776204260196 0.35 0.10619639697316682 0.0 
0.0 0.0 0.10318802938461959 0.0 0.10230949731024636 0.11088241973118863 0.0 0.23450526498906393 0.3434632844365074 0.10147739877828404 0.0 
0.0 0.0 0.0 0.0 0.11377290440753701 0.10770697767513238 0.0 0.3077535991189962 0.35 0.11037352206199624 0.0 
0.0 0.0 0.0 0.0 0.0 0.12083038072912858 0.0 0.35 0.35 0.11085057743367395 0.0 
0.0 0.12653966079194273 0.0 0.0 0.0 0.16597687109506526 0.0 0.35 0.35 0.0 0.0 
0.0 0.0 0.10556038863689497 0.0 0.10620726401284254 0.1240732538407011 0.0 0.20797423378778207 0.35 0.10509540514658938 0.0 
0.0 0.0 0.0 0.0 0.11521276552110944 0.10466506580018323 0.0 0.28505467798348844 0.3497994493647042 0.10895721803752513 0.0 
0.0 0.11129970112365782 0.0 0.0 0.0 0.15686205842222523 0.0 0.35 0.35 0.0 0.0 
0.0 0.11657703957716076 0.0 0.0 0.0 0.1474643465696506 0.0 0.34637160231246805 0.35 0.0 0.0 
0.0 0.0 0.0 0.0 0.10233484124795876 0.11137261373707712 0.0 0.3093658607332878 0.35 0.11064515189925125 0.0 
0.0 0.16895619563320946 0.0 0.0 0.0 0.1276001572187744 0.0 0.35 0.35 0.0 0.0 
0.0 0.0 0.11535552910908317 0.0 0.0 0.13752430851271888 0.0 0.24755301841519428 0.35 0.11199438039129117 0.0 
0.0 0.0 0.11509232310889207 0.0 0.10775242560571074 0.16425446637687588 0.0 0.15629498908884956 0.35 0.10442454435554127 0.0 
0.0 0.0 0.10822523976521456 0.0 0.10517915084356484 0.1403651907428177 0.0 0.17795236853356342 0.35 0.10716274526885866 0.0 
0.0 0.2693129184334572 0.0 0.0 0.0 0.0 0.0 0.35 0.35 0.0 0.0 
0.0 0.0 0.0 0.0 0.10138995988580912 0.12239568884496914 0.0 0.23149265513762238 0.3480524615431769 0.10230706565018802 0.0 
0.0 0.16944635959646137 0.0 0.0 0.0 0.12852246258179303 0.0 0.35 0.35 0.0 0.0 
0.0 0.0 0.0 0.0 0.1104919266002565 0.10796235872004795 0.0 0.2988786149206211 0.35 0.10719057548712788 0.0 
0.0 0.0 0.10606531220602211 0.0 0.10774100913526975 0.127644179698416 0.0 0.20216889501747554 0.34769317004831995 0.10868743389449664 0.0 
0.0 0.0 0.0 0.0 0.10708552029545622 0.11603778610261632 0.0 0.24382300916932143 0.35 0.10609601644366144 0.0 
0.0 0.0 0.0 0.0 0.11090341248199945 0.11223547141201044 0.0 0.29935012793930643 0.35 0.11890728022471259 0.0 
0.0 0.0 0.10630042589866653 0.0 0.10539539520636187 0.16309398653844978 0.0 0.1614969698368208 0.35 0.10401005679010521 0.0 
0.0 0.1274937562514561 0.0 0.0 0.0 0.16722831888704573 0.0 0.35 0.35 0.0 0.0 
