0.0 0.30000000000000016 0.0 0.0 0.0 0.0 0.0 0.35 0.35 0.0 0.0 
0.1 0.0 0.0 0.0 0.2157299549208463 0.0 0.0 0.33427004507915375 0.0 0.0 0.35 
0.0 0.30000000000000016 0.0 0.0 0.0 0.0 0.0 0.35 0.35 0.0 0.0 
0.17409743592000193 0.0 0.0 0.17409037782815162 0.1957697789653407 0.0 0.0 0.35 0.0 0.0 0.1060424072865057 
0.10467603419801844 0.0 0.0 0.0 0.19532396580198158 0.0 0.0 0.35 0.0 0.0 0.35 
0.17125672074659076 0.0 0.0 0.29877264901110434 0.17997063024230486 0.0 0.0 0.35 0.0 0.0 0.0 
0.0 0.3355531862843455 0.0 0.0 0.0 0.0 0.0 0.35 0.3144468137156545 0.0 0.0 
0.17524359560734798 0.0 0.0 0.3382816275811475 0.1364747768115046 0.0 0.0 0.35 0.0 0.0 0.0 
0.1672529054277761 0.1002600758356232 0.0 0.28248701873660076 0.1 0.0 0.0 0.35 0.0 0.0 0.0 
0.14609422485579193 0.1 0.0 0.26745870222878565 0.13644707291542246 0.0 0.0 0.35 0.0 0.0 0.0 
0.14896477704316669 0.0 0.0 0.24386574406088216 0.1571694788959512 0.0 0.0 0.35 0.1 0.0 0.0 
0.12809614584303636 0.35 0.0 0.0 0.0 0.0 0.0 0.35 0.1719038541569637 0.0 0.0 
0.1 0.2000000000000002 0.0 0.0 0.0 0.0 0.0 0.35 0.34999999999999987 0.0 0.0 
0.12275403142870273 0.23739483773044304 0.0 0.1 0.0 0.0 0.0 0.35 0.18985113084085428 0.0 0.0 
0.17495542086853755 0.13737391593253065 0.0 0.10475428635968294 0.1329163768392489 0.0 0.0 0.35 0.1 0.0 0.0 
0.1670319793404865 0.1 0.0 0.14214451318802568 0.13266998526167165 0.0 0.0 0.35 0.1081535222098162 0.0 0.0 
0.14418437100186493 0.24116165510453258 0.0 0.0 0.0 0.0 0.0 0.35 0.26465397389360246 0.0 0.0 
0.13497752101922375 0.10023098812146086 0.0 0.12246800260554429 0.1 0.0 0.0 0.35 0.19232348825377113 0.0 0.0 
0.1346513347527092 0.31151235259570365 0.0 0.0 0.0 0.0 0.0 0.35 0.20383631265158725 0.0 0.0 
0.11417475700475466 0.26698656114564967 0.0 0.1 0.0 0.0 0.0 0.35 0.16883868184959566 0.0 0.0 
0.13925909626827981 0.2919302661813585 0.0 0.0 0.0 0.0 0.0 0.35 0.21881063755036184 0.0 0.0 
0.12282734607080124 0.2036421984163643 0.0 0.11615686595256956 0.1 0.0 0.0 0.35 0.10737358956026494 0.0 0.0 
0.138118178603364 0.25564672538936595 0.0 0.1538481067810134 0.0 0.0 0.0 0.35 0.10238698922625666 0.0 0.0 
0.17513869459716647 0.0 0.0 0.22566257180908014 0.1387122279793219 0.0 0.0 0.35 0.11048650561443155 0.0 0.0 
0.12222481486711198 0.2070611216565411 0.0 0.0 0.0 0.0 0.0 0.35 0.32071406347634696 0.0 0.0 
0.18444875327132326 0.11202661404123805 0.0 0.1 0.10550648657055291 0.0 0.0 0.35 0.14801814611688585 0.0 0.0 
0.10242327560303907 0.22431495126470175 0.0 0.11639129593750429 0.1 0.0 0.0 0.35 0.10687047719475495 0.0 0.0 
0.147670341596353 0.1127720001557801 0.0 0.11299094322218198 0.1 0.0 0.0 0.35 0.17656671502568497 0.0 0.0 
0.15863263559497875 0.0 0.0 0.25839887217489976 0.11256844018764621 0.0 0.0 0.35 0.12040005204247531 0.0 0.0 
0.17852603308242193 0.1466985305386934 0.0 0.11415948705678282 0.1 0.0 0.0 0.35 0.11061594932210189 0.0 0.0 
0.16709883972344416 0.0 0.0 0.22641070247642653 0.13588825680085617 0.0 0.0 0.35 0.12060220099927324 0.0 0.0 
0.14463444493154992 0.3386182995037288 0.0 0.0 0.0 0.0 0.0 0.35 0.1667472555647213 0.0 0.0 
0.15233637187866883 0.27266098182267673 0.0 0.1 0.0 0.0 0.0 0.35 0.12500264629865443 0.0 0.0 
0.14126762689723096 0.2825995656621093 0.0 0.0 0.0 0.0 0.0 0.35 0.22613280744065978 0.0 0.0 
0.10469014334001189 0.22019704262626888 0.0 0.1 0.10082750857067718 0.0 0.0 0.35 0.12428530546304206 0.0 0.0 
0.1 0.21736782357853693 0.0 0.0 0.0 0.0 0.0 0.35 0.33263217642146303 0.0 0.0 
0.11537587086643498 0.35 0.0 0.0 0.0 0.0 0.0 0.35 0.18462412913356496 0.0 0.0 
0.1746982880564581 0.24760979176252548 0.0 0.11796274668284522 0.0 0.0 0.0 0.35 0.10972917349817121 0.0 0.0 
0.1 0.0 0.0 0.0 0.2139048538949342 0.0 0.0 0.33609514610506586 0.0 0.0 0.35 
0.1616100572334263 0.1466985305386934 0.0 0.14155797195395078 0.1 0.0 0.0 0.35 0.10013344027392951 0.0 0.0 
0.1 0.22544343415387363 0.0 0.0 0.0 0.0 0.0 0.35 0.32455656584612635 0.0 0.0 
0.15397237937969338 0.21351201215925616 0.0 0.0 0.0 0.0 0.0 0.35 0.2825156084610505 0.0 0.0 
0.1 0.2080074107552477 0.0 0.0 0.0 0.0 0.0 0.35 0.3419925892447523 0.0 0.0 
0.1496530425071868 0.3423046072421964 0.0 0.0 0.0 0.0 0.0 0.35 0.1580423502506168 0.0 0.0 
0.1519273658939104 0.2052788454081858 0.0 0.0 0.0 0.0 0.0 0.35 0.2927937886979038 0.0 0.0 
0.16006114139206615 0.0 0.0 0.2612604739078692 0.1286783847000646 0.0 0.0 0.35 0.1 0.0 0.0 
0.1 0.3185997923789836 0.0 0.0 0.0 0.0 0.0 0.35 0.23140020762101646 0.0 0.0 
0.1 0.22786991419818603 0.0 0.0 0.0 0.0 0.0 0.35 0.322130085801814 0.0 0.0 
0.14835479842292476 0.24731841411238586 0.0 0.14201091662881823 0.0 0.0 0.0 0.35 0.11231587083587113 0.0 0.0 
0.12950102594223056 0.25121512229428883 0.0 0.14126897674578762 0.0 0.0 0.0 0.35 0.12801487501769301 0.0 0.0 
0.1 0.24829620478504605 0.0 0.0 0.0 0.0 0.0 0.35 0.301703795214954 0.0 0.0 
0.1 0.21475971948266034 0.0 0.0 0.0 0.0 0.0 0.35 0.3352402805173397 0.0 0.0 
0.1 0.2607058531712083 0.0 0.0 0.0 0.0 0.0 0.35 0.28929414682879173 0.0 0.0 
0.0 0.3201980717153102 0.0 0.0 0.0 0.0 0.0 0.35 0.3298019282846898 0.0 0.0 
0.15837520994737458 0.1 0.0 0.27912192064507246 0.11250286940755296 0.0 0.0 0.35 0.0 0.0 0.0 
0.0 0.32584271212344795 0.0 0.0 0.0 0.0 0.0 0.35 0.3241572878765521 0.0 0.0 
0.1 0.2777583967593431 0.0 0.0 0.0 0.0 0.0 0.35 0.272241603240657 0.0 0.0 
0.1 0.33133752750213774 0.0 0.0 0.0 0.0 0.0 0.35 0.2186624724978623 0.0 0.0 
0.0 0.3299690943499829 0.0 0.0 0.0 0.0 0.0 0.35 0.3200309056500172 0.0 0.0 
0.12191105009583536 0.2363600947699524 0.0 0.0 0.0 0.0 0.0 0.35 0.2917288551342123 0.0 0.0 
0.17662263359442382 0.0 0.0 0.3175514788260078 0.15582588757956833 0.0 0.0 0.35 0.0 0.0 0.0 
0.13590016498987137 0.11053271873598013 0.0 0.11872827505978623 0.1 0.0 0.0 0.35 0.18483884121436228 0.0 0.0 
0.0 0.30328141128974306 0.0 0.0 0.0 0.0 0.0 0.35 0.34671858871025696 0.0 0.0 
0.14555486300320636 0.24050136013333834 0.0 0.1 0.0 0.0 0.0 0.35 0.16394377686345535 0.0 0.0 
0.1 0.20487311176781908 0.0 0.0 0.0 0.0 0.0 0.35 0.34512688823218096 0.0 0.0 
0.1 0.32676036652340473 0.0 0.0 0.0 0.0 0.0 0.35 0.22323963347659526 0.0 0.0 
0.10192740639885874 0.2520386210011055 0.0 0.0 0.0 0.0 0.0 0.35 0.29603397260003583 0.0 0.0 
0.0 0.308295492107146 0.0 0.0 0.0 0.0 0.0 0.35 0.341704507892854 0.0 0.0 
0.1 0.2908163969762847 0.0 0.0 0.0 0.0 0.0 0.35 0.25918360302371535 0.0 0.0 
0.10587858003102928 0.0 0.0 0.0 0.19637670382929118 0.0 0.0 0.3477447161396795 0.0 0.0 0.35 
0.15942293126884027 0.13592913221285086 0.0 0.14201091662881823 0.1 0.0 0.0 0.35 0.11263701988949067 0.0 0.0 
0.0 0.3109978882394499 0.0 0.0 0.0 0.0 0.0 0.35 0.33900211176055023 0.0 0.0 
0.1 0.0 0.0 0.0 0.20607935219869922 0.0 0.0 0.3439206478013008 0.0 0.0 0.35 
0.1 0.3118176306958226 0.0 0.0 0.0 0.0 0.0 0.35 0.2381823693041775 0.0 0.0 
0.13743591926568313 0.1839849276573428 0.0 0.12520239468008565 0.10337675839688841 0.0 0.0 0.35 0.1 0.0 0.0 
0.1251173812690433 0.22569909084246173 0.0 0.1 0.0 0.0 0.0 0.35 0.19918352788849508 0.0 0.0 
0.1 0.24094017247401187 0.0 0.0 0.0 0.0 0.0 0.35 0.30905982752598815 0.0 0.0 
0.12222481486711198 0.20706112165654111 0.0 0.1 0.0 0.0 0.0 0.35 0.22071406347634692 0.0 0.0 
0.16524770965910068 0.24046683944205766 0.0 0.1 0.0 0.0 0.0 0.35 0.14428545089884173 0.0 0.0 
0.11412290086281324 0.2737838518723761 0.0 0.1 0.0 0.0 0.0 0.35 0.16209324726481064 0.0 0.0 
0.1 0.24403532474832673 0.0 0.10422958375903009 0.0 0.0 0.0 0.35 0.20173509149264324 0.0 0.0 
0.15637169672529277 0.0 0.0 0.24930959918422582 0.14431870409048142 0.0 0.0 0.35 0.1 0.0 0.0 
0.12036133748543797 0.1 0.0 0.2160056634626644 0.11256844018764621 0.0 0.0 0.35 0.10106455886425152 0.0 0.0 
0.10220458043006334 0.2895460830202735 0.0 0.0 0.0 0.0 0.0 0.35 0.25824933654966326 0.0 0.0 
0.16446758147407953 0.24909104461191084 0.0 0.11142018529427321 0.0 0.0 0.0 0.35 0.1250211886197364 0.0 0.0 
0.16734923450166195 0.23318164167027 0.0 0.10284370607623264 0.0 0.0 0.0 0.35 0.1466254177518354 0.0 0.0 
0.12669942639194337 0.27901512270921497 0.0 0.1 0.0 0.0 0.0 0.35 0.14428545089884173 0.0 0.0 
0.16912296481630615 0.1695845864159304 0.0 0.2111159090370167 0.0 0.0 0.0 0.35 0.10017653973074671 0.0 0.0 
0.15558876739553548 0.2801565992516079 0.0 0.1 0.0 0.0 0.0 0.35 0.11425463335285664 0.0 0.0 
0.1 0.0 0.0 0.0 0.20607935219869922 0.0 0.0 0.3439206478013008 0.0 0.0 0.35 
0.1651031689931941 0.19057095425949533 0.0 0.16549650337637092 0.0 0.0 0.0 0.35 0.12882937337093975 0.0 0.0 
0.1449952922717409 0.21945597269159928 0.0 0.10963592691731441 0.0 0.0 0.0 0.35 0.17591280811934543 0.0 0.0 
0.13770211648729613 0.1 0.0 0.2822646448010249 0.1300332387116789 0.0 0.0 0.35 0.0 0.0 0.0 
0.12222481486711198 0.20706112165654111 0.0 0.1 0.0 0.0 0.0 0.35 0.22071406347634692 0.0 0.0 
0.11958105918451946 0.1 0.0 0.2214283907806321 0.1086049446648755 0.0 0.0 0.35 0.10038560536997297 0.0 0.0 
0.1 0.2440353247483268 0.0 0.10422958375903009 0.0 0.0 0.0 0.35 0.20173509149264324 0.0 0.0 
0.12669942639194337 0.27901512270921497 0.0 0.1 0.0 0.0 0.0 0.35 0.14428545089884173 0.0 0.0 
0.1 0.25149525963191977 0.0 0.0 0.0 0.0 0.0 0.35 0.2985047403680803 0.0 0.0 
0.11457284388359308 0.35 0.0 0.0 0.0 0.0 0.0 0.35 0.18542715611640692 0.0 0.0 
0.1 0.3118176306958226 0.0 0.0 0.0 0.0 0.0 0.35 0.2381823693041775 0.0 0.0 
