0.0 0.30000000000000016 0.0 0.0 0.0 0.0 0.0 0.35 0.35 0.0 0.0 
0.16854267827371783 0.13145732172628216 0.0 0.35 0.0 0.0 0.0 0.35 0.0 0.0 0.0 
0.16854267827371783 0.13145732172628216 0.0 0.35 0.0 0.0 0.0 0.35 0.0 0.0 0.0 
0.0 0.30000000000000016 0.0 0.0 0.0 0.0 0.0 0.35 0.35 0.0 0.0 
0.15807076823463642 0.1 0.0 0.29192860890239164 0.0 0.0 0.0 0.35 0.10000062286297198 0.0 0.0 
0.1539174530034353 0.23932818489459462 0.0 0.2567543621019701 0.0 0.0 0.0 0.35 0.0 0.0 0.0 
0.1 0.2000000000000001 0.0 0.0 0.0 0.0 0.0 0.35 0.34999999999999987 0.0 0.0 
0.15889909381501957 0.15098435853889663 0.0 0.22067656093345955 0.0 0.0 0.0 0.35 0.11943998671262421 0.0 0.0 
0.0 0.33555831090174215 0.0 0.0 0.0 0.0 0.0 0.35 0.3144416890982579 0.0 0.0 
0.10947197801463227 0.24106201280847983 0.0 0.1 0.0 0.0 0.0 0.35 0.199466009176888 0.0 0.0 
0.12080073093673457 0.2502379092994064 0.0 0.17896135976385907 0.0 0.0 0.0 0.35 0.1 0.0 0.0 
0.167826328945836 0.14978533899051444 0.0 0.33238833206364954 0.0 0.0 0.0 0.35 0.0 0.0 0.0 
0.14933521956585954 0.26740124448840324 0.0 0.0 0.0 0.0 0.0 0.35 0.23326353594573726 0.0 0.0 
0.1 0.24524573168916808 0.0 0.10010541987068713 0.0 0.0 0.0 0.35 0.20464884844014491 0.0 0.0 
0.13789354508475865 0.31074287538152273 0.0 0.10136357953371868 0.0 0.0 0.0 0.35 0.1 0.0 0.0 
0.1 0.26955146368539673 0.0 0.0 0.0 0.0 0.0 0.35 0.2804485363146033 0.0 0.0 
0.14278902945135805 0.2069526823629858 0.0 0.30025828818565614 0.0 0.0 0.0 0.35 0.0 0.0 0.0 
0.1456012547757283 0.28430939772294206 0.0 0.1 0.0 0.0 0.0 0.35 0.12008934750132967 0.0 0.0 
0.12143374145835922 0.26918644560549443 0.0 0.1593798129361464 0.0 0.0 0.0 0.35 0.1 0.0 0.0 
0.16016217072230376 0.15975804475655048 0.0 0.1697649328249506 0.0 0.0 0.0 0.35 0.1603148516961952 0.0 0.0 
0.0 0.31490241833608945 0.0 0.0 0.0 0.0 0.0 0.35 0.33509758166391057 0.0 0.0 
0.10174153469878558 0.3086922569344672 0.0 0.0 0.0 0.0 0.0 0.35 0.2395662083667472 0.0 0.0 
0.0 0.320103743396433 0.0 0.0 0.0 0.0 0.0 0.35 0.32989625660356703 0.0 0.0 
0.140974696658297 0.27434446524539846 0.0 0.1 0.0 0.0 0.0 0.35 0.13468083809630466 0.0 0.0 
0.12906607835700065 0.3034942746287989 0.0 0.0 0.0 0.0 0.0 0.35 0.21743964701420043 0.0 0.0 
0.13268679718045173 0.24581855765425814 0.0 0.1 0.0 0.0 0.0 0.35 0.1714946451652901 0.0 0.0 
0.1 0.20761314341802733 0.0 0.0 0.0 0.0 0.0 0.35 0.3423868565819727 0.0 0.0 
0.15069316556588064 0.21953250174749195 0.0 0.27977433268662744 0.0 0.0 0.0 0.35 0.0 0.0 0.0 
0.13789354508475865 0.14785621377875946 0.0 0.2642502411364819 0.0 0.0 0.0 0.35 0.1 0.0 0.0 
0.1 0.26186729073575904 0.0 0.0 0.0 0.0 0.0 0.35 0.28813270926424095 0.0 0.0 
0.1 0.32897248484309505 0.0 0.0 0.0 0.0 0.0 0.35 0.22102751515690497 0.0 0.0 
0.0 0.32438790348422564 0.0 0.0 0.0 0.0 0.0 0.35 0.3256120965157744 0.0 0.0 
0.0 0.31043198788283466 0.0 0.0 0.0 0.0 0.0 0.35 0.33956801211716536 0.0 0.0 
0.13466674339467982 0.18604173538268245 0.0 0.22929152122263777 0.0 0.0 0.0 0.35 0.1 0.0 0.0 
0.16402309210816518 0.2942568760649057 0.0 0.0 0.0 0.0 0.0 0.35 0.1917200318269291 0.0 0.0 
0.1 0.3220211880785492 0.0 0.0 0.0 0.0 0.0 0.35 0.22797881192145086 0.0 0.0 
0.1757373006814727 0.16822514959109686 0.0 0.30603754972743047 0.0 0.0 0.0 0.35 0.0 0.0 0.0 
0.1 0.2446533406214776 0.0 0.0 0.0 0.0 0.0 0.35 0.30534665937852246 0.0 0.0 
0.1 0.2595657007967872 0.0 0.0 0.0 0.0 0.0 0.35 0.29043429920321284 0.0 0.0 
0.1 0.23852365059153385 0.0 0.0 0.0 0.0 0.0 0.35 0.31147634940846614 0.0 0.0 
0.1 0.30023255455904374 0.0 0.0 0.0 0.0 0.0 0.35 0.24976744544095633 0.0 0.0 
0.13268679718045173 0.3439631057625238 0.0 0.0 0.0 0.0 0.0 0.35 0.17335009705702445 0.0 0.0 
0.1376161813803655 0.32207726173538287 0.0 0.0 0.0 0.0 0.0 0.35 0.1903065568842517 0.0 0.0 
0.1 0.20256509666467648 0.0 0.0 0.0 0.0 0.0 0.35 0.3474349033353235 0.0 0.0 
0.17200672133222694 0.26917527235657834 0.0 0.10881800631119473 0.0 0.0 0.0 0.35 0.1 0.0 0.0 
0.13923547437112882 0.28728952332722985 0.0 0.1 0.0 0.0 0.0 0.35 0.12347500230164132 0.0 0.0 
0.1 0.281971174989347 0.0 0.0 0.0 0.0 0.0 0.35 0.268028825010653 0.0 0.0 
0.1 0.2213028578301227 0.0 0.0 0.0 0.0 0.0 0.35 0.32869714216987733 0.0 0.0 
0.16458917373659837 0.222943152170145 0.0 0.26246767409325666 0.0 0.0 0.0 0.35 0.0 0.0 0.0 
0.1 0.29393860505497704 0.0 0.0 0.0 0.0 0.0 0.35 0.256061394945023 0.0 0.0 
0.0 0.3063923548862911 0.0 0.0 0.0 0.0 0.0 0.35 0.34360764511370895 0.0 0.0 
0.14891188398170835 0.22091500992770657 0.0 0.18017310609058518 0.0 0.0 0.0 0.35 0.1 0.0 0.0 
0.14374914059652638 0.12372474163419875 0.0 0.28252611776927494 0.0 0.0 0.0 0.35 0.1 0.0 0.0 
0.12320712877050381 0.28377046600110817 0.0 0.143022405228388 0.0 0.0 0.0 0.35 0.1 0.0 0.0 
0.1 0.23147540963166147 0.0 0.0 0.0 0.0 0.0 0.35 0.31852459036833863 0.0 0.0 
0.1399783816536825 0.3121949021235054 0.0 0.0 0.0 0.0 0.0 0.35 0.1978267162228121 0.0 0.0 
0.1 0.29062003718186946 0.0 0.0 0.0 0.0 0.0 0.35 0.2593799628181306 0.0 0.0 
0.1 0.21895787035310083 0.0 0.0 0.0 0.0 0.0 0.35 0.33104212964689916 0.0 0.0 
0.14840960119922297 0.2214172927101919 0.0 0.18017310609058518 0.0 0.0 0.0 0.35 0.1 0.0 0.0 
0.1633617715562235 0.1522921099808623 0.0 0.23434611846291425 0.0 0.0 0.0 0.35 0.1 0.0 0.0 
0.1 0.2527151231637854 0.0 0.0 0.0 0.0 0.0 0.35 0.29728487683621463 0.0 0.0 
0.10106182804981276 0.23250743708270977 0.0 0.0 0.0 0.0 0.0 0.35 0.3164307348674775 0.0 0.0 
0.15122200130467034 0.1870154498202116 0.0 0.31176254887511806 0.0 0.0 0.0 0.35 0.0 0.0 0.0 
0.1 0.2513417239463853 0.0 0.0 0.0 0.0 0.0 0.35 0.2986582760536147 0.0 0.0 
0.0 0.3032003651701298 0.0 0.0 0.0 0.0 0.0 0.35 0.3467996348298702 0.0 0.0 
0.13052389219292904 0.22032949516687206 0.0 0.1 0.0 0.0 0.0 0.35 0.19914661264019895 0.0 0.0 
0.1649932003661571 0.15456023032709632 0.0 0.1 0.0 0.0 0.0 0.35 0.23044656930674656 0.0 0.0 
0.1443592268640262 0.33414612797068377 0.0 0.0 0.0 0.0 0.0 0.35 0.17149464516529012 0.0 0.0 
0.12948947031815256 0.2692392259972677 0.0 0.1 0.0 0.0 0.0 0.35 0.15127130368457975 0.0 0.0 
0.15994041643200274 0.15953581839665687 0.0 0.23052376517134043 0.0 0.0 0.0 0.35 0.1 0.0 0.0 
0.11684739053043633 0.2581094072347382 0.0 0.1 0.0 0.0 0.0 0.35 0.1750432022348255 0.0 0.0 
0.1 0.3045424405893734 0.0 0.0 0.0 0.0 0.0 0.35 0.24545755941062658 0.0 0.0 
0.1294198344196163 0.2825372678572601 0.0 0.1 0.0 0.0 0.0 0.35 0.13804289772312356 0.0 0.0 
0.12929429621689914 0.23079505828845898 0.0 0.1 0.0 0.0 0.0 0.35 0.18991064549464187 0.0 0.0 
0.1701888248112838 0.31508755013424006 0.0 0.0 0.0 0.0 0.0 0.35 0.16472362505447613 0.0 0.0 
0.1 0.21110865703907428 0.0 0.0 0.0 0.0 0.0 0.35 0.3388913429609257 0.0 0.0 
0.13054033938134257 0.22119748024434815 0.0 0.1 0.0 0.0 0.0 0.35 0.19826218037430937 0.0 0.0 
0.10214247085827072 0.23960396419886174 0.0 0.0 0.0 0.0 0.0 0.35 0.30825356494286754 0.0 0.0 
0.12068556054695849 0.2880306933665532 0.0 0.14128374608648842 0.0 0.0 0.0 0.35 0.1 0.0 0.0 
0.13502713904031977 0.3117350025140986 0.0 0.0 0.0 0.0 0.0 0.35 0.20323785844558173 0.0 0.0 
0.13673602147863298 0.25069114980654333 0.0 0.1 0.0 0.0 0.0 0.35 0.1625728287148237 0.0 0.0 
0.15331815176811203 0.20755366253631669 0.0 0.0 0.0 0.0 0.0 0.35 0.2891281856955713 0.0 0.0 
0.15568844374716623 0.32529078156860164 0.0 0.0 0.0 0.0 0.0 0.35 0.16902077468423218 0.0 0.0 
0.15545525085698697 0.20351104941445378 0.0 0.0 0.0 0.0 0.0 0.35 0.29103369972855925 0.0 0.0 
0.12929429621689914 0.23079505828845898 0.0 0.1 0.0 0.0 0.0 0.35 0.18991064549464187 0.0 0.0 
0.1 0.21441838394235396 0.0 0.0 0.0 0.0 0.0 0.35 0.3355816160576461 0.0 0.0 
0.13789354508475865 0.25486443675444 0.0 0.15724201816080144 0.0 0.0 0.0 0.35 0.1 0.0 0.0 
0.1173554337244224 0.29776180283648734 0.0 0.1 0.0 0.0 0.0 0.35 0.13488276343909023 0.0 0.0 
0.1 0.2265914232538275 0.0 0.0 0.0 0.0 0.0 0.35 0.3234085767461725 0.0 0.0 
0.13673602147863298 0.25069114980654333 0.0 0.1 0.0 0.0 0.0 0.35 0.1625728287148237 0.0 0.0 
0.13390683587166838 0.26590597321808235 0.0 0.1 0.0 0.0 0.0 0.35 0.1501871909102494 0.0 0.0 
0.1 0.28101671900440317 0.0 0.0 0.0 0.0 0.0 0.35 0.2689832809955969 0.0 0.0 
0.0 0.32898715455211824 0.0 0.0 0.0 0.0 0.0 0.35 0.3210128454478818 0.0 0.0 
0.1347320129709506 0.1847099549192432 0.0 0.23055803210980624 0.0 0.0 0.0 0.35 0.1 0.0 0.0 
0.1 0.2265914232538275 0.0 0.0 0.0 0.0 0.0 0.35 0.3234085767461725 0.0 0.0 
0.1 0.32290214523082805 0.0 0.0 0.0 0.0 0.0 0.35 0.22709785476917202 0.0 0.0 
0.13576936046625482 0.30414422306741906 0.0 0.0 0.0 0.0 0.0 0.35 0.2100864164663261 0.0 0.0 
0.14571977377654927 0.299692695238025 0.0 0.0 0.0 0.0 0.0 0.35 0.20458753098542568 0.0 0.0 
0.0 0.33191812244317154 0.0 0.0 0.0 0.0 0.0 0.35 0.3180818775568285 0.0 0.0 
0.16283631870494658 0.15456023032709632 0.0 0.1 0.0 0.0 0.0 0.35 0.23260345096795706 0.0 0.0 
