-0.01066835838195402 0.008605547393948894 
-0.01066835838195402 0.008605547393948894 
-0.0032535592109166145 8.772330488512851E-5 
-0.010655214949161225 0.007718478873375348 
-0.005273938021623783 1.683618666274102E-4 
-0.01065596923696098 0.00856559907186701 
-0.010635452606184773 0.0069293104744984416 
-0.010628928771591741 0.006207838657328669 
-0.004632575317655072 1.5902340650818098E-4 
-0.006873525058768689 3.220600027967898E-4 
-0.010648606433133433 0.007305639918965808 
-0.006060506601230779 2.2525740413607424E-4 
-0.009225599364198298 0.0027650762442486317 
-0.0075647606240835195 5.920049697796759E-4 
-0.007678195079329061 7.222724642463836E-4 
-0.010540536319578499 0.0059078694347775825 
-0.00977877114087295 0.0041563963548475425 
-0.009714691462825897 0.00402279197514655 
-0.010653655009248085 0.0076190264335067835 
-0.010111705534425093 0.004566205677325806 
-0.010611935598632913 0.006190358882812788 
-0.010380312709637464 0.0054096642154817355 
-0.009057511076429606 0.002425777120147905 
-0.0040286090048479405 1.206177102925235E-4 
-0.006279280539830983 2.505701380004859E-4 
-0.010301882838926916 0.005137955380088124 
-0.007383816142284382 5.85912720481005E-4 
-0.0036824553438502146 1.0112149865178796E-4 
-0.00835658081075372 0.0013403993218054394 
-0.009143645198814606 0.002620304726708143 
-0.008093115874109817 0.0010056388578334673 
-0.008996283964841211 0.0023221215641679397 
-0.00830844145010605 0.0012371511045464307 
-0.010645541570439223 0.0071217115992249225 
-0.00734423883938848 4.89991939464734E-4 
-0.008930189841416993 0.0022378812250740494 
-0.008427631757993194 0.0014386051735560022 
-0.00549337101716928 1.7763270326513593E-4 
-0.0036099417608836224 1.0084288925142786E-4 
-0.006675327108870135 2.8864952545463757E-4 
-0.008173861138098718 0.001096088714106177 
-0.009274379906497935 0.0029462156576034845 
-0.009542938253839239 0.0035276515204052945 
-0.010014835895613167 0.004289220354973722 
-0.008222302421514373 0.0011632147723301713 
-0.009107598264665728 0.0025650038807266385 
-0.009624900554794282 0.003765792270954 
-0.0102189702827891 0.004884130977860171 
-0.007993467712864938 9.67701255685618E-4 
-0.005678686542514837 1.9379024503484403E-4 
-0.009436532094964839 0.0032718126884129298 
-0.01043247416374587 0.0055520238392381465 
-0.010073662976761127 0.004456281852804479 
-0.0070505793430686 3.995333031814633E-4 
-0.010175863248636646 0.004754947984386576 
-0.009376576968288556 0.003146345367420912 
-0.008904541526277357 0.0021108126783058673 
-0.008855955480778508 0.002059655715446901 
-0.004203519846002524 1.2565445802072681E-4 
-0.005420638254855767 1.7372026681953005E-4 
-0.0042468085955254566 1.3221366389567184E-4 
-0.003899829093182501 1.1084321302860106E-4 
-0.008738433731740197 0.0018252262257014013 
-0.004632575317655072 1.5902340650818098E-4 
-0.009347254697778057 0.0030396497544923477 
-0.004420032628051099 1.3808679024402467E-4 
-0.0071993643444133795 4.680848900927167E-4 
-0.010479187013075625 0.005727941175746776 
-0.0057184707532893855 1.955244136978386E-4 
-0.008510267420754381 0.0014804037346913585 
-0.010253947868351036 0.004990350754025055 
-0.005871934373722106 2.1902884338609405E-4 
-0.007152046110768979 4.609318352434755E-4 
-0.0034092595134098324 9.88630447613306E-5 
-0.010045035603218868 0.004374540853192716 
-0.010448310106422384 0.005603423000515405 
-0.009970151068991975 0.004164690478554765 
-0.006345886771545362 2.541959040342095E-4 
-0.008555914213854798 0.0015358013539854727 
-0.009490078996574596 0.0034144341028578278 
-0.004420032628051099 1.3808679024402467E-4 
-0.0064973524795497815 2.781504919941063E-4 
-0.007798594437733313 7.68554555320071E-4 
-0.00663964756342353 2.8114615064141516E-4 
-0.009665505703331741 0.0038545924734656282 
-0.00863087743112389 0.0016688102972927735 
-0.010643142020219383 0.006981042863822385 
-0.008817615567949976 0.001947603464226432 
-0.007924886383016298 8.492677249430633E-4 
-0.006464140840780319 2.6412262493291216E-4 
-0.007959272729540074 8.789455885320825E-4 
-0.007857460644604606 7.962910588821613E-4 
-0.009422200799682352 0.0032175942240699994 
-0.0070505793430686 3.995333031814633E-4 
-0.009587912231165972 0.0036541282850164514 
-0.0033400985998072535 9.261439076234501E-5 
-0.010346400945345998 0.005277146932055456 
-0.005871934373722106 2.1902884338609405E-4 
-0.010176313697692535 0.004756288045550355 
-0.00956933018017795 0.0036368228722131165 
