-0.01487996315903729 6.763246056511909E-4 
-0.008234093939660856 6.626356738403869E-5 
-0.01487996315903729 6.763246056511909E-4 
-0.014572553476186545 6.113667427378102E-4 
-0.014568894416268451 5.323254999258946E-4 
-0.014635769128857648 6.204411612388669E-4 
-0.014653581582926104 6.613030050501129E-4 
-0.013872832026931948 3.9188158319135557E-4 
-0.013894754205643456 4.2026399726428584E-4 
-0.010119690093467004 1.1583929099692315E-4 
-0.011522278116513985 1.8830071320766382E-4 
-0.011650779575837407 1.948160326693728E-4 
-0.014047862983924637 4.5146378937323804E-4 
-0.01084874955328317 1.4777045707182714E-4 
-0.00980205353789459 1.0455086959361545E-4 
-0.01477317310298049 6.691034848133929E-4 
-0.009967188583691456 1.1057252757643871E-4 
-0.010549765627255103 1.3296951986623197E-4 
-0.010722970019752545 1.4086031482163315E-4 
-0.011134099695822392 1.640716382370801E-4 
-0.013716331022858942 3.792848094016915E-4 
-0.014273690457500005 4.856241521261198E-4 
-0.00841908400072604 6.746456663676448E-5 
-0.009577513529770012 9.110245107642141E-5 
-0.011943131858229625 2.1453850600952368E-4 
-0.008575874943481162 6.960473898233726E-5 
-0.014133567133994196 4.7069857243785696E-4 
-0.013402812378245471 3.51610965227754E-4 
-0.012622632726609028 2.607196682438466E-4 
-0.01023938551514118 1.2008130216406081E-4 
-0.013307785938001922 3.2550700895359573E-4 
-0.014534033778794484 5.223033059990099E-4 
-0.010402560449298987 1.3200850418132606E-4 
-0.013221291433495938 3.0973506866463583E-4 
-0.013928644879810163 4.2620649762203694E-4 
-0.009706689622629635 9.539687244595197E-5 
-0.010649930999690218 1.378608948901414E-4 
-0.013267377822190715 3.177501609780128E-4 
-0.012707064755390634 2.65973041330477E-4 
-0.011864914695260978 2.066435539761912E-4 
-0.011738255480389849 1.9950113334753314E-4 
-0.009447534635146445 8.768178193279579E-5 
-0.012010096325497696 2.1887076719448754E-4 
-0.012189984460657222 2.2691662480252902E-4 
-0.014357217407588732 4.904498985603699E-4 
-0.01440360690453295 4.957387143191412E-4 
-0.013643635446657207 3.72894471208773E-4 
-0.013373457234919608 3.3866376921881224E-4 
-0.011013756533336302 1.5753264699964808E-4 
-0.013987860425962605 4.3853375100157306E-4 
-0.009920678720922163 1.0538856186582592E-4 
-0.009221324108623303 8.103938191481456E-5 
-0.010913106307854373 1.5320875523507224E-4 
-0.008950358202151523 7.497080648593757E-5 
-0.011193686246159303 1.676749428245956E-4 
-0.01126643884635442 1.7240273534919912E-4 
-0.00928106917140182 8.385436749370554E-5 
-0.01450166145156975 5.141002023253574E-4 
-0.013576699836911864 3.618194781020238E-4 
-0.01335129399189424 3.346207596251472E-4 
-0.009390773790683444 8.541985136343422E-5 
-0.01468562861867743 6.63363640079716E-4 
-0.011809449825982084 2.034636173767822E-4 
-0.009110839754957526 7.830284388381994E-5 
-0.014433809165318872 5.054267764370373E-4 
-0.01255652881214849 2.5488887297553354E-4 
-0.008317180142775826 6.737721694964972E-5 
-0.009059536481206474 7.71429598416861E-5 
-0.00874431961955004 7.247019621078159E-5 
-0.013978733726980752 4.366057401581767E-4 
-0.012453991576612783 2.4760304317628286E-4 
-0.010338298074958344 1.2806815188849262E-4 
-0.013609794394572897 3.672264952187882E-4 
-0.01030796091116661 1.2338115652813167E-4 
-0.012867319321853598 2.809923472991512E-4 
-0.014872323663445963 6.758000151995537E-4 
-0.013039564519167718 2.9309966523675723E-4 
-0.013039564519167718 2.9309966523675723E-4 
-0.013156223433611612 3.0367830705072744E-4 
-0.012526757261747928 2.508674482881679E-4 
-0.012247726904601295 2.3359513587031542E-4 
-0.013810915777180775 3.8390592709698244E-4 
-0.013156223433611612 3.0367830705072744E-4 
-0.009646477363131945 9.500657941053563E-5 
-0.0127693475992627 2.706939290973572E-4 
-0.012256651641393553 2.374575586710523E-4 
-0.012946364146887419 2.8658572551036696E-4 
-0.011335104779155338 1.7719608853933338E-4 
-0.014212589210480386 4.7767355018416E-4 
-0.014092891579426146 4.6145727369051456E-4 
-0.012800402421826628 2.730773123752915E-4 
-0.01239319911983158 2.457223044698106E-4 
-0.012970393363067604 2.869972225475628E-4 
-0.013502195309439267 3.521228508140668E-4 
-0.01445385182423432 5.098414998605054E-4 
-0.014580033073487196 6.12324737876365E-4 
-0.011422142508230043 1.8352640677742573E-4 
-0.01141557030304103 1.8322232976964955E-4 
-0.012086327587082734 2.2417477610067754E-4 
-0.014200693446840733 4.7689268527599743E-4 
