-0.01487996315903729 6.763246056511909E-4 
-0.00669288058654809 6.547375185392547E-5 
-0.00669288058654809 6.547375185392547E-5 
-0.01487996315903729 6.763246056511909E-4 
-0.006752557817532518 6.61153977255438E-5 
-0.008270765205901413 6.633743656884104E-5 
-0.014569908395009271 6.110353890076575E-4 
-0.014568894416268451 5.323254999258946E-4 
-0.014635769128857648 6.204411612388669E-4 
-0.014638483773104331 6.603397372757328E-4 
-0.011637724261589513 1.9413416459440893E-4 
-0.013886477615842843 3.927389989942455E-4 
-0.013892239035374811 4.188412886960216E-4 
-0.008834521522411104 7.285795543862796E-5 
-0.01141557030304103 1.8322232976964955E-4 
-0.012395543938474852 2.4117900910053017E-4 
-0.014824035006643728 6.725126769624471E-4 
-0.010954697956556752 1.5532223458006674E-4 
-0.011044405471850191 1.5910425265183828E-4 
-0.013338250078736754 3.318054992854704E-4 
-0.011284092435811466 1.7453422435152543E-4 
-0.014672988206027781 6.625482634685097E-4 
-0.013284377611290348 3.2093045093195126E-4 
-0.013606732050950605 3.6672052347977186E-4 
-0.012489406873226382 2.50095297252812E-4 
-0.009453783644584468 8.728635209632123E-5 
-0.014237609866327735 4.799044939969167E-4 
-0.014435352946671245 5.006159286831903E-4 
-0.010677563239648566 1.3974070291298806E-4 
-0.010821801944991572 1.4709128334639232E-4 
-0.01368879895710271 3.722484949250105E-4 
-0.010296311197708533 1.2228861044026267E-4 
-0.009578948677002253 9.111436861768046E-5 
-0.0141343747212951 4.7088410826688187E-4 
-0.01118046322723421 1.6685441794657153E-4 
-0.012039240858008551 2.1716790308953102E-4 
-0.009676027859390635 9.427952970245095E-5 
-0.012156507985724605 2.2469975155150923E-4 
-0.014493213544659904 5.121343887575674E-4 
-0.013750330252299221 3.800045311643642E-4 
-0.014026365276797442 4.4678042366831834E-4 
-0.013963713778156283 4.3345503801384773E-4 
-0.01454881422796793 5.264020764100698E-4 
-0.013921689801446322 4.2478685772352005E-4 
-0.013098424345849315 2.991992837996397E-4 
-0.009716525600688086 1.0333240019291737E-4 
-0.009120032385629195 7.851260702827908E-5 
-0.012673993079163538 2.634983873071045E-4 
-0.00898604719397314 7.568893014641797E-5 
-0.009233752666628898 8.122395024731393E-5 
-0.012552912953414742 2.546283057670996E-4 
-0.01434458851159486 4.893880597196984E-4 
-0.008441623164766739 6.784455538216052E-5 
-0.011390612970958336 1.8232749443606656E-4 
-0.011712216266515104 1.991447794983953E-4 
-0.01040117670408202 1.2659437149441986E-4 
-0.010739752175382452 1.469834548455068E-4 
-0.01439654054806576 4.947921754832444E-4 
-0.013993880594862246 4.398111042539707E-4 
-0.010539174514691137 1.3745034326851022E-4 
-0.012616844533727693 2.592746137930357E-4 
-0.008622594912844513 6.970001827891979E-5 
-0.013546859569197595 3.5705938744127693E-4 
-0.01425782567349961 4.864660974214142E-4 
-0.011896712532422984 2.085033000276063E-4 
-0.012768770279706507 2.7099812172968443E-4 
-0.008622594912844513 6.970001827891979E-5 
-0.014112392482336138 4.6586245107000214E-4 
-0.014065305734222499 4.5530544470528196E-4 
-0.010409508537134113 1.3227262863623406E-4 
-0.011217801966873848 1.692020951502048E-4 
-0.011822173664356561 2.0418591360237763E-4 
-0.00931897139749919 8.568687041279343E-5 
-0.010493177326512528 1.3553338214170786E-4 
-0.012741951298699351 2.6906951044572603E-4 
-0.009959946590458377 1.098454123292365E-4 
-0.01344489831528152 3.471307551833444E-4 
-0.01382598326162412 3.8679203908455943E-4 
-0.014593643696922343 6.141476539581368E-4 
-0.008406299206675202 6.723809948237578E-5 
-0.009838978879295177 1.0573920986047561E-4 
-0.013476431338704305 3.4916702025231496E-4 
-0.012256651641393555 2.3745755867105237E-4 
-0.014080498741763694 4.5868203399874617E-4 
-0.010191613179851743 1.1841994715171043E-4 
-0.012855501320098883 2.7736539063457055E-4 
-0.01178114797519099 2.018723579862818E-4 
-0.01337303245335631 3.409920892573507E-4 
-0.01289481869758343 2.8445003980587827E-4 
-0.009932408860572143 1.0883647841489223E-4 
-0.010064298507962048 1.1346807855899554E-4 
-0.01451084913496077 5.163203277331816E-4 
-0.009037765975945857 7.667212869770351E-5 
-0.010191613179851743 1.1841994715171043E-4 
-0.010064298507962048 1.1346807855899554E-4 
-0.011927950050025874 2.1359055126247273E-4 
-0.013811631744454019 3.8394641633429313E-4 
-0.012180555379153152 2.3127865567105287E-4 
-0.01324160084648783 3.131579328908529E-4 
-0.012991776267838158 2.888701581583218E-4 
