-0.014955806920304897 5.382172823917211E-4 
-0.005345642995398235 2.5324525954859855E-5 
-0.014955806920304897 5.382172823917211E-4 
-0.006401429147607556 3.6351594201787605E-5 
-0.006858789463348801 3.9968961515102544E-5 
-0.005905239002965374 3.0236451683172784E-5 
-0.007272375310848693 4.177229005239235E-5 
-0.010352787301012476 8.756678800781091E-5 
-0.011961104507243112 1.4562663480739807E-4 
-0.011813657645650302 1.3823377692503576E-4 
-0.005661963654679049 2.7601976669768506E-5 
-0.009520001394604346 7.120299810543576E-5 
-0.014436917848423651 4.291273736180685E-4 
-0.010148086290371864 8.270562448670797E-5 
-0.014009714222613413 3.2481002629182806E-4 
-0.013930445722240904 3.14474741987859E-4 
-0.008354818500048189 4.993247925997545E-5 
-0.013226649401969045 2.4819736831595187E-4 
-0.01343665175041376 2.655318370956571E-4 
-0.012167611198595107 1.682168255202171E-4 
-0.014287945647708553 3.8666249607134065E-4 
-0.011519177201755174 1.2551292695897755E-4 
-0.014881853912428616 5.111071717849409E-4 
-0.010510474000116536 9.161382611904836E-5 
-0.012515505303210361 1.8834402396336933E-4 
-0.013643842843420004 2.854628200156791E-4 
-0.01235621085163851 1.7910672628032625E-4 
-0.008568363551796004 5.193456322869343E-5 
-0.01124361853116326 1.1288977348630655E-4 
-0.014855497878341156 5.019861264771391E-4 
-0.013878482993061134 3.082332530482143E-4 
-0.007898263219146535 4.47040787846848E-5 
-0.012938252599770207 2.1036631416452087E-4 
-0.0120975192777388 1.5593059848030216E-4 
-0.012268568259127043 1.7010534651279425E-4 
-0.008830031436415118 5.6418956448860624E-5 
-0.012671903757455586 1.9323102650793748E-4 
-0.014312748471901506 3.9609060866188444E-4 
-0.014550101041784995 4.695773133752037E-4 
-0.01409485783144951 3.4686753758254385E-4 
-0.007729437632735684 4.4530938693133134E-5 
-0.014355425186009605 4.037193015861184E-4 
-0.009899582251207052 7.633152748196342E-5 
-0.014036707441362407 3.3369782590453366E-4 
-0.014243111150227321 3.766037043946532E-4 
-0.01350930316651238 2.760550372714058E-4 
-0.014508509842422556 4.5425162413813714E-4 
-0.010009864000035791 8.096765988139871E-5 
-0.013253777456036217 2.5783850401889436E-4 
-0.008086999692406675 4.6837914475757555E-5 
-0.013225670514664492 2.3580758753712365E-4 
-0.011018659272115048 1.1286736455540091E-4 
-0.014392873821286028 4.169632764067819E-4 
-0.008985493585778557 5.9288725315302155E-5 
-0.005475468150237399 2.6260057053749037E-5 
-0.011364192442348575 1.164273673637423E-4 
-0.01492639487824755 5.271673212220412E-4 
-0.014226805175204159 3.696958639004483E-4 
-0.014450544543546686 4.402565421526725E-4 
-0.014165454853854391 3.572618383822719E-4 
-0.014797500658726318 4.829155626296328E-4 
-0.008692898049369907 5.4037878379952213E-5 
-0.014911240997096226 5.216122033749262E-4 
-0.013726911320934385 2.924412035041352E-4 
-0.0124493875807933 1.8267224516389227E-4 
-0.012077012068499284 1.5168994919553155E-4 
-0.0145250284887722 4.6339591203716575E-4 
-0.009156671805208745 6.305711382197935E-5 
-0.013796121995352916 3.001531130282246E-4 
-0.01336482046511623 2.602605388562449E-4 
-0.010651429360131408 9.407143527997584E-5 
-0.00821499047381883 4.7235563175263725E-5 
-0.01146103708470793 1.2037787092076427E-4 
-0.013026719007971938 2.175661460716859E-4 
-0.014468812559468958 4.4633023578127324E-4 
-0.011681000023729191 1.3151672445170737E-4 
-0.013548347905473644 2.796730343399965E-4 
-0.0075560818021922615 4.25228889169062E-5 
-0.013114552490447668 2.259031709140087E-4 
-0.0140885193204839 3.4085627507329666E-4 
-0.010873674427479295 1.0544188368832832E-4 
-0.009314390932920684 6.72933053270174E-5 
-0.007459891966524256 4.237563629937384E-5 
-0.013165789667258792 2.3206460046393512E-4 
-0.010817764195439299 1.0006945766582759E-4 
-0.01285555917551192 2.0532731394568354E-4 
-0.014182414535136164 3.6093079325197526E-4 
-0.012746873958327229 1.967282612526306E-4 
-0.01437505793785772 4.131537973652074E-4 
-0.011012748255498616 1.0589067500606873E-4 
-0.009367126287704596 6.801792922531504E-5 
-0.010747253302110847 9.641670918648346E-5 
-0.012824677062084061 2.0068255305424602E-4 
-0.014826028222959892 4.921240169364559E-4 
-0.011715952247909243 1.317864402836629E-4 
-0.014760401119012386 4.714380987751536E-4 
-0.014760401119012383 4.714380987751533E-4 
-0.013041626480097039 2.2220574188443085E-4 
-0.009074935281258516 6.255278976452811E-5 
-0.009738328715133304 7.511045647430916E-5 
