-0.014376763121341365 4.2232773941764865E-4 
-0.007885053822434162 1.4037952581409614E-5 
-0.014376763121341365 4.2232773941764865E-4 
-0.013962918100774002 3.2705845797846274E-4 
-0.014165115158007887 3.6192136977494E-4 
-0.009639505096093688 3.341700362540008E-5 
-0.013878659003876607 3.090415522315695E-4 
-0.011640716630520504 1.086296522025001E-4 
-0.012785814460896381 1.916826019399313E-4 
-0.014165467937023302 3.837168353163344E-4 
-0.010695807672564658 6.169562812988606E-5 
-0.009833289667802066 3.812466857672309E-5 
-0.010027664971694475 4.187548695543624E-5 
-0.014231466716128838 3.977377422725158E-4 
-0.010364401264338113 5.3539212513128104E-5 
-0.014135011271076626 3.577719022941111E-4 
-0.010494951892534464 5.62226540358356E-5 
-0.014188907245372397 3.8760039510659386E-4 
-0.012227081841921991 1.439965918234768E-4 
-0.00942265135462055 2.9229545086460463E-5 
-0.012172163594627729 1.3922820845524254E-4 
-0.011286884052015549 8.72299396948735E-5 
-0.011175455191011319 8.34092498634175E-5 
-0.011124058256739944 7.986806356132588E-5 
-0.0137607821019047 2.9483421041080293E-4 
-0.010919149592548225 6.951922544592405E-5 
-0.011834775731658191 1.2159042594698482E-4 
-0.014063448882663424 3.4528825303452266E-4 
-0.009295000754695339 2.841627467433421E-5 
-0.014269515660548831 4.019078429253242E-4 
-0.012092453065192098 1.34510098048576E-4 
-0.011682528532427515 1.1117467926452042E-4 
-0.008467353694234033 1.7644776057690393E-5 
-0.011348471129179388 9.039603024073181E-5 
-0.012313232775283034 1.484573156929774E-4 
-0.012990681832988158 2.0821803264699384E-4 
-0.009886713697066734 3.9441730667567903E-5 
-0.012876493575563237 1.985760861436803E-4 
-0.013619438236462337 2.7013203468746673E-4 
-0.01353058765325319 2.5851314423115787E-4 
-0.01323437947386784 2.2661370818911577E-4 
-0.007995226299542274 1.421304148157944E-5 
-0.01380206054474301 2.9942566924411534E-4 
-0.013847162774968193 3.0384543945786974E-4 
-0.008383394778076324 1.6046861930521014E-5 
-0.008115594387731462 1.4460557402548072E-5 
-0.01084181905491536 6.673217445513545E-5 
-0.014309497773852216 4.0973206195025325E-4 
-0.012921800202472201 2.0593275367298934E-4 
-0.011009120874058814 7.637577271311607E-5 
-0.013694646325779408 2.822650698756904E-4 
-0.0114926774335766 1.0023541576727638E-4 
-0.013160992749385023 2.2020170153664713E-4 
-0.008999431245009053 2.3195699014227297E-5 
-0.009156212839276937 2.528280275665476E-5 
-0.012021042803907667 1.3200464239974624E-4 
-0.0114926774335766 1.0023541576727638E-4 
-0.01237744724419378 1.561631758936127E-4 
-0.014047397681361207 3.400187485567447E-4 
-0.010993680929748466 7.45504721381709E-5 
-0.013314415576659347 2.3933099436117706E-4 
-0.010285967716889053 5.0065676793957034E-5 
-0.013484958391648717 2.5334838238231583E-4 
-0.008275501072860743 1.5312913872745448E-5 
-0.00901904880544902 2.4630897973939862E-5 
-0.013075028713306467 2.1497196962403677E-4 
-0.00920753545644075 2.580947852199789E-5 
-0.011914931954881457 1.2526460252823988E-4 
-0.01402378084768352 3.3485420773546977E-4 
-0.012356575235529407 1.5208172286756426E-4 
-0.012732726784006934 1.8496243394995705E-4 
-0.01366196072777924 2.7738169838512354E-4 
-0.011762134770941202 1.1760302085943266E-4 
-0.010260093738390787 4.7850083976026935E-5 
-0.01017549375473694 4.5654032583311036E-5 
-0.013179528307740294 2.217350219780232E-4 
-0.013279180763604619 2.3348395918936456E-4 
-0.008208986017731408 1.5061478325428674E-5 
-0.013063223920128361 2.1304066033533603E-4 
-0.009549169335573846 3.0478515492938725E-5 
-0.008612417686090352 1.815331750000999E-5 
-0.01141244300464403 9.564845533389292E-5 
-0.008835313053463741 2.314275016167262E-5 
-0.011972846404483206 1.2927889557028468E-4 
-0.013725359393874424 2.868012122764809E-4 
-0.012900505178804998 2.0036075701486967E-4 
-0.01363122052302963 2.7469200748499547E-4 
-0.008818684396727179 2.240089684911639E-5 
-0.012660544056024592 1.7677186046395838E-4 
-0.013264802413421092 2.3152392856372333E-4 
-0.010613295365957032 5.941486728881521E-5 
-0.011423375592048514 9.617732074939734E-5 
-0.01012004908365274 4.41694127657264E-5 
-0.0134328521145109 2.4855102955915353E-4 
-0.012455948321033777 1.5850323928063003E-4 
-0.014324172290726852 4.1211696767248123E-4 
-0.008624443582441106 1.8275091103614694E-5 
-0.012537731503200013 1.6460607309518746E-4 
-0.013565771044723384 2.634852221957738E-4 
-0.009551407653981835 3.188124982251416E-5 
