0.0 0.3000000000000002 0.0 0.0 0.0 0.0 0.0 0.35 0.35 0.0 0.0 
0.18150484107183895 0.0 0.0 0.14090887478882505 0.2035990515840534 0.0 0.0 0.19429249896667838 0.14996461060228433 0.0 0.12973012298631986 
0.18150484107183895 0.0 0.0 0.14090887478882505 0.2035990515840534 0.0 0.0 0.19429249896667838 0.14996461060228433 0.0 0.12973012298631986 
0.0 0.3000000000000002 0.0 0.0 0.0 0.0 0.0 0.35 0.35 0.0 0.0 
0.0 0.33558093140182194 0.0 0.0 0.0 0.0 0.0 0.3499999999999999 0.3144190685981779 0.0 0.0 
0.16800255461805597 0.11923159870871143 0.0 0.14713304010953 0.10273690785785902 0.0 0.0 0.33571291557384225 0.12718298313200138 0.0 0.0 
0.19556923012877966 0.0 0.0 0.244271827852766 0.19449299394744063 0.0 0.0 0.19631418230414902 0.16935176576686475 0.0 0.0 
0.1922108440994666 0.0 0.0 0.23089350804264677 0.1930981478813491 0.0 0.0 0.22539456774458613 0.15840293223195134 0.0 0.0 
0.16137301064592818 0.11362022704028334 0.0 0.14471945115000748 0.10209953635836623 0.0 0.0 0.34993551774324017 0.1282522570621746 0.0 0.0 
0.19735653373764547 0.0 0.0 0.22902940607830063 0.18214560669816668 0.0 0.0 0.18951692998427633 0.20195152350161102 0.0 0.0 
0.20149213310299866 0.0 0.0 0.22353423162391683 0.17693618279466017 0.0 0.0 0.22894084437476706 0.1690966081036573 0.0 0.0 
0.17098439087774336 0.10129346410783434 0.0 0.1921073008248467 0.1378348645740906 0.0 0.0 0.28848792371452514 0.10929205590095976 0.0 0.0 
0.14168645505086466 0.2623964580571788 0.0 0.0 0.0 0.0 0.0 0.3498068066526136 0.2461102802393429 0.0 0.0 
0.11261391268121183 0.2232187320513115 0.0 0.0 0.0 0.0 0.0 0.35 0.31416735526747674 0.0 0.0 
0.13361667074001582 0.23076622464418395 0.0 0.11466633826334179 0.0 0.0 0.0 0.3499999999999999 0.17095076635245843 0.0 0.0 
0.0 0.32577999859407747 0.0 0.0 0.0 0.0 0.0 0.35 0.32422000140592255 0.0 0.0 
0.13594898897625957 0.2846652901442688 0.0 0.0 0.0 0.0 0.0 0.35 0.2293857208794717 0.0 0.0 
0.1000395595000682 0.19996044049993209 0.0 0.0 0.0 0.0 0.0 0.35 0.35 0.0 0.0 
0.18146498750008422 0.10581238052138589 0.0 0.16035680123093796 0.16616089103707926 0.0 0.0 0.27911461633067225 0.10709032337984055 0.0 0.0 
0.106179481944502 0.212233001502398 0.0 0.0 0.0 0.0 0.0 0.35 0.3315875165531001 0.0 0.0 
0.11538130991401156 0.2263035548070954 0.0 0.0 0.0 0.0 0.0 0.35 0.30831513527889304 0.0 0.0 
0.10059738188796571 0.21098482923256875 0.0 0.0 0.0 0.0 0.0 0.35 0.3384177888794655 0.0 0.0 
0.1832653875073158 0.0 0.0 0.14276945679840952 0.20625715215176676 0.0 0.0 0.19080857069691942 0.1627391918723488 0.0 0.11416024097323951 
0.12458881438530513 0.26880979486536694 0.0 0.0 0.0 0.0 0.0 0.35 0.256601390749328 0.0 0.0 
0.1780668272746115 0.0 0.0 0.1557866328653736 0.19449452081484406 0.0 0.0 0.2042140661007671 0.1563537421771347 0.0 0.11108421076726907 
0.1439383763779112 0.23309431890644 0.0 0.1363149458500417 0.0 0.0 0.0 0.35 0.1366523588656071 0.0 0.0 
0.16478317819174204 0.1280567233525508 0.0 0.1157929307834343 0.10918777309538658 0.0 0.0 0.34901216397311163 0.13316723060377453 0.0 0.0 
0.1793781864197783 0.13627846514177808 0.0 0.12326664452490399 0.0 0.0 0.0 0.35 0.2110767039135398 0.0 0.0 
0.0 0.3051600375801096 0.0 0.0 0.0 0.0 0.0 0.35 0.34483996241989034 0.0 0.0 
0.15194160395267745 0.24045804950064853 0.0 0.11275261054912662 0.0 0.0 0.0 0.35 0.1448477359975474 0.0 0.0 
0.15775319383055372 0.12259356399130865 0.0 0.11085296966922091 0.10452960139535795 0.0 0.0 0.3341668169449598 0.17010385416859886 0.0 0.0 
0.18389018149480998 0.10444859810147292 0.0 0.17890911701442896 0.15492324691772227 0.0 0.0 0.24803510495806425 0.12979375151350167 0.0 0.0 
0.13886707097729772 0.28875402059690186 0.0 0.0 0.0 0.0 0.0 0.35 0.2223789084258005 0.0 0.0 
0.18957233695386624 0.0 0.0 0.22409014239642927 0.17507710559923775 0.0 0.0 0.2301092201524049 0.1811511948980619 0.0 0.0 
0.1013086553156539 0.2046042197958592 0.0 0.0 0.0 0.0 0.0 0.3492317902475042 0.34485533464098267 0.0 0.0 
0.11288893387258962 0.23943899519911774 0.0 0.0 0.0 0.0 0.0 0.34648786308537965 0.301184207842913 0.0 0.0 
0.10724714350856095 0.30055946989010157 0.0 0.0 0.0 0.0 0.0 0.35 0.24219338660133752 0.0 0.0 
0.10639274040390789 0.22141902403356922 0.0 0.0 0.0 0.0 0.0 0.35 0.32218823556252285 0.0 0.0 
0.12629746672947173 0.23427151278870773 0.0 0.0 0.0 0.0 0.0 0.35 0.2894310204818205 0.0 0.0 
0.16261894546098124 0.145077718187416 0.0 0.2147109487175833 0.0 0.0 0.0 0.35 0.12759238763401942 0.0 0.0 
0.0 0.31221264492791717 0.0 0.0 0.0 0.0 0.0 0.35 0.3377873550720828 0.0 0.0 
0.16912394634869532 0.11156548472101024 0.0 0.16923992528312037 0.10202265404233792 0.0 0.0 0.33400363005925576 0.11404435954558034 0.0 0.0 
0.1561874965612515 0.10067946358044606 0.0 0.17832860384364796 0.12753591444872842 0.0 0.0 0.31148150998305163 0.12578701158287453 0.0 0.0 
0.13482527692434662 0.3228174302885828 0.0 0.0 0.0 0.0 0.0 0.35 0.19235729278707067 0.0 0.0 
0.1791414014828933 0.0 0.0 0.14302021719301092 0.1958192663507611 0.0 0.0 0.21146104752473735 0.1587172373600833 0.0 0.11184083008851413 
0.1317131189254034 0.24935863609192696 0.0 0.0 0.0 0.0 0.0 0.3497708792437489 0.2691573657389208 0.0 0.0 
0.13168102030977066 0.24683276597287884 0.0 0.0 0.0 0.0 0.0 0.35 0.2714862137173506 0.0 0.0 
0.16685201444552367 0.11000566667491621 0.0 0.18010521409507704 0.10065212947991353 0.0 0.0 0.32951678168982246 0.11286819361474706 0.0 0.0 
0.16146782949315652 0.20962909297160337 0.0 0.13452976107396084 0.0 0.0 0.0 0.3349304423464355 0.15944287411484379 0.0 0.0 
0.16661399774854 0.11008456597539362 0.0 0.1693220293121126 0.100508547830733 0.0 0.0 0.3423124154865401 0.11115844364668065 0.0 0.0 
0.13318087460193523 0.2228115128900074 0.0 0.12916845921798123 0.0 0.0 0.0 0.35 0.1648391532900762 0.0 0.0 
0.12642486677357176 0.21150871637486482 0.0 0.12261599345093599 0.0 0.0 0.0 0.35 0.18945042340062765 0.0 0.0 
0.11958748309826175 0.2530241776887832 0.0 0.0 0.0 0.0 0.0 0.35 0.27738833921295497 0.0 0.0 
0.0 0.31898119476493697 0.0 0.0 0.0 0.0 0.0 0.35 0.33101880523506316 0.0 0.0 
0.1788156326358055 0.0 0.0 0.22941240152787243 0.18166168714202313 0.0 0.0 0.25699325184524946 0.15311702684904946 0.0 0.0 
0.14254893362522353 0.19970246140841583 0.0 0.13261725928608722 0.0 0.0 0.0 0.35 0.17513134568027353 0.0 0.0 
0.14648707818183448 0.28959940246691973 0.0 0.0 0.0 0.0 0.0 0.35 0.21391351935124572 0.0 0.0 
0.15984449648026655 0.1259790740184904 0.0 0.10911205119656758 0.10160267190718267 0.0 0.0 0.34851917322249687 0.15494253317499587 0.0 0.0 
0.16309792532041514 0.11530684843549228 0.0 0.18216727080718964 0.12001145861018382 0.0 0.0 0.3041593677676185 0.11525712905910046 0.0 0.0 
0.13499259872028238 0.19688430131063592 0.0 0.10158999974117265 0.0 0.0 0.0 0.34983594459074807 0.2166971556371609 0.0 0.0 
0.14730850454825872 0.20105804158191104 0.0 0.17189691996132395 0.0 0.0 0.0 0.35 0.12973653390850617 0.0 0.0 
0.10581930810729683 0.21151308110786599 0.0 0.1285396002907622 0.0 0.0 0.0 0.35 0.20412801049407497 0.0 0.0 
0.11455453373971793 0.21730732659689772 0.0 0.11326799077144493 0.0 0.0 0.0 0.34828365199810896 0.20658649689383035 0.0 0.0 
0.13835499577657087 0.13184154449319468 0.0 0.11511873767181753 0.10312355910003582 0.0 0.0 0.34710800048441753 0.16445316247396344 0.0 0.0 
0.15310693961859578 0.3209224711193782 0.0 0.0 0.0 0.0 0.0 0.3356983414680408 0.19027224779398522 0.0 0.0 
0.13019991877186315 0.33404235243484753 0.0 0.0 0.0 0.0 0.0 0.3423803309225001 0.1933773978707892 0.0 0.0 
0.16028393770617985 0.20979247035290566 0.0 0.16337872523063 0.0 0.0 0.0 0.33858503177269805 0.12795983493758648 0.0 0.0 
0.11215555113413879 0.23917223876096078 0.0 0.0 0.0 0.0 0.0 0.35 0.2986722101049006 0.0 0.0 
0.11568310702611041 0.17249226283715352 0.0 0.10349720517750038 0.10002379675168119 0.0 0.0 0.3498487579634434 0.1584548702441111 0.0 0.0 
0.16279783032163403 0.11509468749921598 0.0 0.18183208881880172 0.1374458063974296 0.0 0.0 0.2877845273580222 0.11504505960489646 0.0 0.0 
0.13157473061289846 0.10062090335118695 0.0 0.18644853133759642 0.12369455423849054 0.0 0.0 0.3203056456165288 0.13735563484329866 0.0 0.0 
0.15965574533586277 0.3407076953405949 0.0 0.0 0.0 0.0 0.0 0.35 0.14963655932354242 0.0 0.0 
0.18665734006925377 0.11240951662241394 0.0 0.19258163435760983 0.12737680215677086 0.0 0.0 0.24128826644490994 0.13968644034904176 0.0 0.0 
0.19393560721776268 0.11756894704994303 0.0 0.17893627627421427 0.10786789098026817 0.0 0.0 0.28052906962674007 0.1211622088510718 0.0 0.0 
0.12631728581723597 0.21132873350787298 0.0 0.1225116536467965 0.0 0.0 0.0 0.35 0.18984232702809464 0.0 0.0 
0.11142278414932785 0.21124079713511718 0.0 0.0 0.0 0.0 0.0 0.35 0.3273364187155551 0.0 0.0 
0.16274972339907187 0.2121345138550026 0.0 0.14659092510146443 0.0 0.0 0.0 0.3488790126917239 0.12964582495273716 0.0 0.0 
0.10121239269342457 0.19880098635145618 0.0 0.0 0.0 0.0 0.0 0.3499933104775596 0.3499933104775596 0.0 0.0 
0.17525484340091074 0.1130518034637757 0.0 0.2002431236395378 0.14320860106003633 0.0 0.0 0.22688738254252075 0.14135424589321868 0.0 0.0 
0.13770129110702398 0.12841333358644072 0.0 0.1485459925986926 0.12842562729058085 0.0 0.0 0.3262153140355637 0.13069844138169812 0.0 0.0 
0.15732366050446997 0.14898752717034944 0.0 0.11055113714455311 0.10424498625526904 0.0 0.0 0.33321284247197436 0.14567984645338414 0.0 0.0 
0.14871822865765102 0.2358933929005477 0.0 0.12352737771488663 0.0 0.0 0.0 0.35 0.14186100072691468 0.0 0.0 
0.13008339411068684 0.2323235273354263 0.0 0.0 0.0 0.0 0.0 0.35 0.2875930785538868 0.0 0.0 
0.0 0.31605206153600435 0.0 0.0 0.0 0.0 0.0 0.35 0.33394793846399573 0.0 0.0 
0.16233824527054397 0.11371888000592656 0.0 0.1930330315512546 0.11835869981879495 0.0 0.0 0.29997058383912656 0.11258055951435329 0.0 0.0 
0.13902817891063224 0.1041293652904596 0.0 0.1761918340185663 0.130431826604226 0.0 0.0 0.32819972169039524 0.12201907348572066 0.0 0.0 
0.13505590343888396 0.19650768056407644 0.0 0.10163764032597 0.0 0.0 0.0 0.35 0.21679877567106956 0.0 0.0 
0.16568742555806143 0.10055939489583082 0.0 0.18758197467791776 0.16169414903526608 0.0 0.0 0.2602251640795945 0.12425189175332942 0.0 0.0 
0.16459878987355192 0.11530240457851937 0.0 0.1821602501895282 0.12000683344034864 0.0 0.0 0.30414764564750446 0.11378407627054744 0.0 0.0 
0.12348651338405686 0.14004553140634562 0.0 0.11056592574050143 0.10675858270160897 0.0 0.0 0.35 0.16914344676748708 0.0 0.0 
0.1360687552243887 0.2297561694174443 0.0 0.0 0.0 0.0 0.0 0.34979416392734713 0.2843809114308199 0.0 0.0 
0.14607971333933312 0.10352005425749385 0.0 0.17516085079796828 0.140565779003613 0.0 0.0 0.3256317428231141 0.10904185977847768 0.0 0.0 
0.1469896750120981 0.2018003923669582 0.0 0.17626200351769344 0.0 0.0 0.0 0.34696080609422425 0.12798712300902607 0.0 0.0 
0.1618477654079787 0.11509406845083493 0.0 0.19377682737148968 0.1180010973405633 0.0 0.0 0.2990642691842537 0.11221597224487956 0.0 0.0 
0.12975416340776869 0.3341823413459172 0.0 0.0 0.0 0.0 0.0 0.3390166714231118 0.1970468238232022 0.0 0.0 
0.13743866510918462 0.3312314225794318 0.0 0.0 0.0 0.0 0.0 0.3360230642390077 0.195306848072376 0.0 0.0 
0.1661055911006147 0.10957437539804052 0.0 0.1681148766666223 0.10041540573563995 0.0 0.0 0.3437807413580691 0.11200900974101347 0.0 0.0 
0.14762376862011703 0.10461425606546167 0.0 0.17701229225057402 0.13082723353685669 0.0 0.0 0.3297280227317202 0.11019442679527043 0.0 0.0 
0.1454336648572183 0.10232915206952416 0.0 0.16243771193581671 0.15624157008893627 0.0 0.0 0.2712174999663364 0.16234040108216816 0.0 0.0 
0.14991174379206218 0.2044305631228182 0.0 0.17225531085719065 0.0 0.0 0.0 0.3401403590556475 0.13326202317228145 0.0 0.0 
