0.0 0.3000000000000002 0.0 0.0 0.0 0.0 0.0 0.35 0.35 0.0 0.0 
0.0 0.30000000000000016 0.0 0.0 0.0 0.0 0.0 0.35 0.35 0.0 0.0 
0.18399714882758403 0.0 0.0 0.14137774932573094 0.2040107485243123 0.0 0.0 0.1915055814546367 0.15071206212116134 0.0 0.12839670974657472 
0.13658180102082584 0.1753153204469033 0.0 0.13209787313603272 0.10039753614092356 0.0 0.0 0.3278793543974909 0.1277281148578237 0.0 0.0 
0.12483164606389463 0.19138859347626666 0.0 0.10728408742424952 0.0 0.0 0.0 0.35 0.22649567303558935 0.0 0.0 
0.13707250501704943 0.19260789239549628 0.0 0.10573748213006298 0.0 0.0 0.0 0.34651980841002905 0.21806231204736226 0.0 0.0 
0.0 0.33553019785577065 0.0 0.0 0.0 0.0 0.0 0.3499999999999999 0.31446980214422926 0.0 0.0 
0.10012519640927946 0.1998748035907208 0.0 0.0 0.0 0.0 0.0 0.35 0.35 0.0 0.0 
0.10888394469697563 0.20234928322266424 0.0 0.0 0.0 0.0 0.0 0.349783243996174 0.3389835280841863 0.0 0.0 
0.0 0.3213861342187148 0.0 0.0 0.0 0.0 0.0 0.35 0.32861386578128526 0.0 0.0 
0.0 0.3041530303000898 0.0 0.0 0.0 0.0 0.0 0.34584696969991036 0.35 0.0 0.0 
0.12374871106042457 0.23495413977309113 0.0 0.0 0.0 0.0 0.0 0.35 0.2912971491664842 0.0 0.0 
0.18443192304581632 0.12282816406329078 0.0 0.16656776229672057 0.14457915632538645 0.0 0.0 0.22825836384554202 0.1533346304232438 0.0 0.0 
0.17848415932323225 0.11825891451163693 0.0 0.1738593429886876 0.10440309651379996 0.0 0.0 0.2919643153491647 0.13303017131347836 0.0 0.0 
0.12369161157382341 0.12762993629081648 0.0 0.12283340807871125 0.11144412807651803 0.0 0.0 0.34628838936970374 0.1681125266104272 0.0 0.0 
0.13961372617544118 0.17920707561545146 0.0 0.1128316585267981 0.10262622117078822 0.0 0.0 0.3351578179617926 0.13056350054972846 0.0 0.0 
0.16258466292833407 0.115003957440936 0.0 0.18662202887710932 0.13632747096573228 0.0 0.0 0.2710449559723014 0.1284169238155869 0.0 0.0 
0.12869258502866307 0.24056337482896772 0.0 0.0 0.0 0.0 0.0 0.35 0.2807440401423692 0.0 0.0 
0.12112417810084115 0.12864579701873827 0.0 0.1221271002604664 0.10920734944963965 0.0 0.0 0.35 0.16889557517031445 0.0 0.0 
0.20177413880232145 0.0 0.0 0.24029594312475916 0.19340555167956539 0.0 0.0 0.1887972653841601 0.17572710100919386 0.0 0.0 
0.16336010523886108 0.10747311252834546 0.0 0.1801190019315189 0.10827833412752216 0.0 0.0 0.30280145653066387 0.1379679896430885 0.0 0.0 
0.1550123221718614 0.22519424970521582 0.0 0.0 0.0 0.0 0.0 0.34998203642771963 0.2698113916952031 0.0 0.0 
0.21447106457944407 0.0 0.0 0.19777027597569796 0.19111148733460243 0.0 0.0 0.2451586167944763 0.1514885553157793 0.0 0.0 
0.156587859486132 0.14159488166175663 0.0 0.13594445780155573 0.11709800124350137 0.0 0.0 0.3110461086783911 0.13772869112866318 0.0 0.0 
0.1533673712763473 0.2372424633091594 0.0 0.123701035564075 0.0 0.0 0.0 0.33761006262581444 0.1480790672246038 0.0 0.0 
0.13514965288512612 0.2819734215410072 0.0 0.0 0.0 0.0 0.0 0.35 0.23287692557386672 0.0 0.0 
0.15898588538250122 0.11842351764620218 0.0 0.19444233540944333 0.1100983686817272 0.0 0.0 0.2801836358243937 0.13786625705573238 0.0 0.0 
0.15341731843507256 0.20473904147255018 0.0 0.10000168580353291 0.0 0.0 0.0 0.34728203996048435 0.1945599143283601 0.0 0.0 
0.11639365762550173 0.2200479052322061 0.0 0.0 0.0 0.0 0.0 0.34969113846041616 0.31386729868187596 0.0 0.0 
0.10356620754610713 0.20267882996381578 0.0 0.0 0.0 0.0 0.0 0.35 0.3437549624900771 0.0 0.0 
0.13663652686937658 0.11716102800959444 0.0 0.11492377877997807 0.1037879501253058 0.0 0.0 0.35 0.17749071621574508 0.0 0.0 
0.1339060350836491 0.11481972710040628 0.0 0.11262718619867307 0.10171389165962508 0.0 0.0 0.34300573465309 0.1939274253045565 0.0 0.0 
0.16938082383733724 0.10461036731663043 0.0 0.14705089100848803 0.12319789395999534 0.0 0.0 0.3067791306846308 0.14898089319291832 0.0 0.0 
0.16067408494462307 0.2179322549549487 0.0 0.1522752157074234 0.0 0.0 0.0 0.35 0.1191184443930049 0.0 0.0 
0.12847661489157836 0.23956513018514508 0.0 0.13986469035686058 0.0 0.0 0.0 0.35 0.1420935645664161 0.0 0.0 
0.14216610185726 0.2816684183340874 0.0 0.0 0.0 0.0 0.0 0.35 0.2261654798086526 0.0 0.0 
0.15562085952482474 0.20422326279374614 0.0 0.12180395324208848 0.0 0.0 0.0 0.35 0.16835192443934077 0.0 0.0 
0.1957190446821859 0.0 0.0 0.234877914498087 0.1693190429068095 0.0 0.0 0.23080226375459292 0.16928173415832473 0.0 0.0 
0.18005829766597267 0.0 0.0 0.13798248736982233 0.20151933923149923 0.0 0.0 0.21302734012818167 0.15261787307441319 0.0 0.11479466253011099 
0.12502333613152994 0.32344732226587386 0.0 0.0 0.0 0.0 0.0 0.35 0.2015293416025961 0.0 0.0 
0.15658414890106198 0.2889141621903719 0.0 0.0 0.0 0.0 0.0 0.35 0.20450168890856613 0.0 0.0 
0.10403236903891237 0.2447909978837346 0.0 0.0 0.0 0.0 0.0 0.35 0.30117663307735304 0.0 0.0 
0.0 0.3323247030554557 0.0 0.0 0.0 0.0 0.0 0.35 0.3176752969445444 0.0 0.0 
0.13359942130727634 0.27315632940360707 0.0 0.0 0.0 0.0 0.0 0.34694691446760084 0.24629733482151578 0.0 0.0 
0.13345369138866045 0.24057452823920492 0.0 0.0 0.0 0.0 0.0 0.35 0.2759717803721346 0.0 0.0 
0.16433628396964384 0.10149483654669172 0.0 0.1426723060205969 0.1195287850631471 0.0 0.0 0.3321527563216672 0.13981503207825324 0.0 0.0 
0.1540307492967091 0.22982354566840393 0.0 0.0 0.0 0.0 0.0 0.34793180828021125 0.26821389675467566 0.0 0.0 
0.0 0.32434153398393095 0.0 0.0 0.0 0.0 0.0 0.35 0.325658466016069 0.0 0.0 
0.20138271576375064 0.0 0.0 0.22837212897770442 0.17584917296039668 0.0 0.0 0.22180340583219893 0.17259257646594925 0.0 0.0 
0.1855484990525515 0.0 0.0 0.14218974498194709 0.20436157351022854 0.0 0.0 0.1921467201503408 0.15993559181645414 0.0 0.11581787048847803 
0.15752240730765588 0.17651233591515397 0.0 0.19030637534824124 0.0 0.0 0.0 0.34794353905172476 0.12771534237722398 0.0 0.0 
0.12249455296950008 0.19482612072658934 0.0 0.0 0.0 0.0 0.0 0.35 0.33267932630391067 0.0 0.0 
0.1298331786536458 0.21209933514987336 0.0 0.0 0.0 0.0 0.0 0.34491501375252154 0.31315247244395933 0.0 0.0 
0.13469742136857787 0.21170915247870475 0.0 0.10306793010544546 0.0 0.0 0.0 0.35 0.200525496047272 0.0 0.0 
0.16394511652803193 0.10125324975532844 0.0 0.18659650287410143 0.11924427230721323 0.0 0.0 0.2969340872775554 0.13202677125776946 0.0 0.0 
0.18902159045809305 0.11148822606191398 0.0 0.18734158951312516 0.10646346324573658 0.0 0.0 0.272297314643336 0.1333878160777952 0.0 0.0 
0.17726764194603803 0.11764294825221353 0.0 0.18944630036521784 0.14633899926269878 0.0 0.0 0.23039267181862325 0.13891143835520858 0.0 0.0 
0.14123748432518973 0.19602631123588193 0.0 0.11043135541572734 0.0 0.0 0.0 0.35 0.20230484902320095 0.0 0.0 
0.1596658129013487 0.20852123997530492 0.0 0.10758254159159726 0.0 0.0 0.0 0.3440300744950574 0.18020033103669197 0.0 0.0 
0.15470597176166903 0.11877915927174769 0.0 0.12478070632365598 0.1118059061808794 0.0 0.0 0.340556745417072 0.149371511044976 0.0 0.0 
0.15716127441779507 0.23673488242481142 0.0 0.14710079181111277 0.0 0.0 0.0 0.34248888831916846 0.11651416302711232 0.0 0.0 
0.17318192113731246 0.10280484514593308 0.0 0.17601349419765402 0.14856991186155522 0.0 0.0 0.24252199786884326 0.156907829788702 0.0 0.0 
0.16548948960488571 0.10662025878485076 0.0 0.18838091377953506 0.12036756068334974 0.0 0.0 0.2997312246348807 0.11941055251249817 0.0 0.0 
0.14896459279423135 0.1334681795107895 0.0 0.1181568464966334 0.10467942824357242 0.0 0.0 0.35 0.1447309529547733 0.0 0.0 
0.17862078651977362 0.1179234691044043 0.0 0.1856941397142934 0.1473788651616692 0.0 0.0 0.23062049321773023 0.13976224628212922 0.0 0.0 
0.16815721688028307 0.10044070380482026 0.0 0.17827840640924467 0.14642293984774743 0.0 0.0 0.25299977321078637 0.1537009598471182 0.0 0.0 
0.10089473464616143 0.2014109933757935 0.0 0.0 0.0 0.0 0.0 0.35 0.3476942719780452 0.0 0.0 
0.16815721688028307 0.10044070380482026 0.0 0.17827840640924467 0.14642293984774743 0.0 0.0 0.25299977321078637 0.1537009598471182 0.0 0.0 
0.13715898824359685 0.3253628976813826 0.0 0.0 0.0 0.0 0.0 0.35 0.1874781140750206 0.0 0.0 
0.20352212353490784 0.0 0.0 0.23043817675318348 0.18293237243494034 0.0 0.0 0.20563461212476136 0.17747271515220692 0.0 0.0 
0.15693726208807038 0.24597642001630213 0.0 0.10073921232699053 0.0 0.0 0.0 0.34482124195511216 0.15152586361352488 0.0 0.0 
0.17348568755174865 0.10298516800522212 0.0 0.1763222272782994 0.14707647730835013 0.0 0.0 0.2429473889098406 0.15718305094653917 0.0 0.0 
0.15322444155409964 0.11764167950618382 0.0 0.12358575319007471 0.11073520525378898 0.0 0.0 0.3468718545929968 0.14794106590285608 0.0 0.0 
0.12212476774059676 0.23162896889343654 0.0 0.0 0.0 0.0 0.0 0.35 0.29624626336596666 0.0 0.0 
0.15056373627730377 0.3360976425360098 0.0 0.0 0.0 0.0 0.0 0.3496619122279918 0.16367670895869477 0.0 0.0 
0.13589577495406338 0.26148702956592657 0.0 0.0 0.0 0.0 0.0 0.35 0.25261719548001 0.0 0.0 
0.15572090039332812 0.11304263123018479 0.0 0.18141246440090966 0.14070617222205678 0.0 0.0 0.274826972530915 0.1342908592226056 0.0 0.0 
0.11966725075054187 0.2445065362425055 0.0 0.14080174610045978 0.0 0.0 0.0 0.35 0.14502446690649282 0.0 0.0 
0.10938778221021696 0.2180812707780972 0.0 0.0 0.0 0.0 0.0 0.35 0.32253094701168583 0.0 0.0 
0.20411152842970437 0.0 0.0 0.23980723984679692 0.18611541709910412 0.0 0.0 0.19161554213178736 0.17835027249260724 0.0 0.0 
0.1497317352494569 0.12955164636934502 0.0 0.1233298573423578 0.1040610442378788 0.0 0.0 0.3494497485164117 0.1438759682845497 0.0 0.0 
0.20148720806703896 0.0 0.0 0.23875938346763634 0.18501389837491986 0.0 0.0 0.20477220891218617 0.16996730117821873 0.0 0.0 
0.17025597658844802 0.10169429794794503 0.0 0.1765684848065158 0.1399004363094239 0.0 0.0 0.2791351992139296 0.13244560513373765 0.0 0.0 
0.17648395559873206 0.0 0.0 0.15503298881561342 0.20057691265836558 0.0 0.0 0.20583287613267562 0.14955739617076158 0.0 0.11251587062385157 
0.1601906835456672 0.1303978299702999 0.0 0.17657325937088528 0.12278358092411064 0.0 0.0 0.26887191375804215 0.1411827324309949 0.0 0.0 
0.14692794884034038 0.21213969185244944 0.0 0.10760502679009826 0.0 0.0 0.0 0.35 0.18332733251711195 0.0 0.0 
0.10905038723626598 0.30285034703198743 0.0 0.0 0.0 0.0 0.0 0.35 0.23809926573174664 0.0 0.0 
0.14677215564858037 0.21191475221398354 0.0 0.10855126651020795 0.0 0.0 0.0 0.3496288819278675 0.18313294369936067 0.0 0.0 
0.1094788373495623 0.2177217386687473 0.0 0.0 0.0 0.0 0.0 0.35 0.32279942398169054 0.0 0.0 
0.18690030964927587 0.0 0.0 0.24058927699584656 0.17977847515690723 0.0 0.0 0.22147579006100285 0.17125614813696757 0.0 0.0 
0.12248066147557173 0.1950095954064652 0.0 0.0 0.0 0.0 0.0 0.35 0.33250974311796294 0.0 0.0 
0.1854876115726749 0.1220083621736551 0.0 0.1858764935365417 0.0 0.0 0.0 0.35 0.1566275327171283 0.0 0.0 
0.1477294958056512 0.20037470358321527 0.0 0.14483778552442234 0.0 0.0 0.0 0.32180250816302053 0.18525550692369067 0.0 0.0 
0.14804825038209887 0.28227969559539656 0.0 0.0 0.0 0.0 0.0 0.35 0.21967205402250453 0.0 0.0 
0.16214436020502704 0.3113841222571694 0.0 0.0 0.0 0.0 0.0 0.35 0.17647151753780368 0.0 0.0 
0.16027933286201643 0.12135844921758492 0.0 0.13914927424275583 0.11985852275122369 0.0 0.0 0.31837885102908675 0.14097556989733234 0.0 0.0 
0.0 0.3041530303000898 0.0 0.0 0.0 0.0 0.0 0.34584696969991036 0.35 0.0 0.0 
0.18426494003006494 0.0 0.0 0.14120612651557 0.20294787227918645 0.0 0.0 0.19773516398842697 0.15882921384551404 0.0 0.11501668334123755 
0.11700455089569886 0.21522625673731774 0.0 0.0 0.0 0.0 0.0 0.35 0.3177691923669835 0.0 0.0 
0.19869003616130662 0.0 0.0 0.2373517071824232 0.17788240809550104 0.0 0.0 0.21712426587449268 0.16895158268627636 0.0 0.0 
