-0.013896782101248402 3.938597041776102E-4 
-0.009017828217728455 3.5586301838838355E-5 
-0.013896782101248402 3.938597041776102E-4 
-0.01351018290017975 2.6193075053943345E-4 
-0.013529339018405966 3.907911352751844E-4 
-0.009998621313061284 4.615929724124291E-5 
-0.012813420387313658 1.735636694389189E-4 
-0.013187313156652291 2.0959214788979368E-4 
-0.010129591339554966 4.917998767558926E-5 
-0.012877831527802594 1.8046828032434754E-4 
-0.011747600612083454 9.328655478315736E-5 
-0.013224333951736618 2.1486856964350793E-4 
-0.012495313999758109 1.4424009226354095E-4 
-0.013125621420486313 2.04487782305975E-4 
-0.010636816741097304 5.80626669742248E-5 
-0.01041581173531804 5.3579664649698055E-5 
-0.009766166350917291 4.3539448083633936E-5 
-0.012766069562932044 1.701358699238422E-4 
-0.013078867464282667 1.9734725105368292E-4 
-0.012717077533082093 1.6679749286679381E-4 
-0.012367569178152701 1.31712783822274E-4 
-0.011800667459644133 9.537233369469241E-5 
-0.011662552846461399 8.930823976725246E-5 
-0.013759448503914959 3.9199249932834714E-4 
-0.009566051518681387 3.9400286980364056E-5 
-0.012637164981318241 1.625760671677704E-4 
-0.010836711574706996 6.313347137772981E-5 
-0.009683018667137375 4.151205890576503E-5 
-0.013820883438831727 3.9289291852214343E-4 
-0.01259743584322601 1.5666301043034452E-4 
-0.010335915936614273 5.2514415987709766E-5 
-0.013332063686291775 2.2756537337063735E-4 
-0.012469280307672735 1.409267873022016E-4 
-0.011034070333458915 6.811851535975937E-5 
-0.011256126831093328 7.507220857967437E-5 
-0.012337310670487952 1.2829853445418726E-4 
-0.01291893288617866 1.8212870771985173E-4 
-0.010166355306275793 5.062076275580004E-5 
-0.01110492174762703 6.959206363156965E-5 
-0.0098472545555298 4.354748470539124E-5 
-0.009440037612081923 3.8734737326891503E-5 
-0.009273048094413282 3.667681525588076E-5 
-0.00907912031765045 3.567404227620944E-5 
-0.011861516839578147 9.772618704887649E-5 
-0.009646246773910636 4.037136624961269E-5 
-0.010988386011609293 6.656643079767093E-5 
-0.013108952838424375 2.005965657827198E-4 
-0.011546546239441575 8.528746556867442E-5 
-0.013671809791300352 3.912503541488144E-4 
-0.013031920758891858 1.9256341559466343E-4 
-0.01240839028137957 1.3618058294481169E-4 
-0.010799907268308798 6.145986410284708E-5 
-0.009358213857657803 3.811474225926785E-5 
-0.013301054248578793 2.2328581896318106E-4 
-0.012668412936648953 1.637755864318355E-4 
-0.012580785681644883 1.5479555530685627E-4 
-0.013031920758891858 1.9256341559466343E-4 
-0.011593733333297601 8.688811852614783E-5 
-0.009494498129275945 3.9081602859817216E-5 
-0.012960158551919777 1.8573499714145112E-4 
-0.013268981192186047 2.193908724052179E-4 
-0.011437057210956466 8.055737685125312E-5 
-0.013630707554570364 3.9102290314494846E-4 
-0.013484181433449493 2.5587533003328436E-4 
-0.011333912382805589 7.77736134566373E-5 
-0.010494776572330947 5.502331325925615E-5 
-0.012145966270637161 1.1289511659012759E-4 
-0.010253644920157835 5.134214552771681E-5 
-0.01223047526467229 1.2300261009089256E-4 
-0.012080175096288299 1.0865871855454761E-4 
-0.01242914879002643 1.3746089899967348E-4 
-0.010740717466236161 5.9918787886934275E-5 
-0.011155571497620878 7.412935266923218E-5 
-0.012101136459475196 1.0995890758093881E-4 
-0.009188772988042394 3.6170412139955736E-5 
-0.012544703669494178 1.5047278485185125E-4 
-0.012960158551919777 1.8573499714145112E-4 
-0.01091688538237449 6.51508058959919E-5 
-0.009159713846574501 3.594155273874579E-5 
-0.009919416754388587 4.460106287027429E-5 
-0.013462936306697593 2.511912347812277E-4 
-0.011226383015264574 7.43054953651088E-5 
-0.012018151988910975 1.0672328997625613E-4 
-0.011145714493263022 7.111938297102172E-5 
-0.013421330078467235 2.4270477137579665E-4 
-0.012196955203302252 1.1944152463650206E-4 
-0.012544703669494178 1.5047278485185125E-4 
-0.01196071832288916 1.0328212952495573E-4 
-0.009324764707699548 3.699691425308553E-5 
-0.011498073071015557 8.343428827770236E-5 
-0.01354538329792912 3.9079661529502083E-4 
-0.012007133410409949 1.057321580420348E-4 
-0.011636062895621344 8.872510838602901E-5 
-0.01148390767990401 8.221062936615351E-5 
-0.01229517780871382 1.2570682210119366E-4 
-0.013355045742862864 2.3106298308031288E-4 
-0.010278283866638448 5.177318972217278E-5 
-0.01339311853812852 2.374677586077768E-4 
-0.012188307139642456 1.1615022950261708E-4 
-0.013372144736670494 2.3384525954935802E-4 
