-0.014376763121341365 4.2232773941764865E-4 
-0.008169799004142025 1.7182227493374805E-5 
-0.014376763121341365 4.2232773941764865E-4 
-0.01416897202553959 3.8420558599403204E-4 
-0.009484812377342467 3.0197692363750678E-5 
-0.01119656874727596 8.225109679492316E-5 
-0.012845855381099513 1.9670047873656044E-4 
-0.010525382371523112 5.779172695112652E-5 
-0.01416617574882385 3.620877360019263E-4 
-0.014069064709129567 3.435640756182542E-4 
-0.013661279632492598 2.778190278173124E-4 
-0.00841493315879841 1.849067743540357E-5 
-0.013587432905425353 2.698251193549082E-4 
-0.00934343184440205 2.678778644654022E-5 
-0.013480950097054467 2.5324841326766735E-4 
-0.011009785244020642 7.446420306791281E-5 
-0.012577960495480621 1.6934554867386814E-4 
-0.011090583552777979 7.756335590763705E-5 
-0.013139981966097971 2.201342643694456E-4 
-0.008847848192679787 2.067986315823978E-5 
-0.013321059846343202 2.3629286531930027E-4 
-0.008680753502373415 1.9334508471658748E-5 
-0.010324252053810557 5.338525244197155E-5 
-0.008584460007061239 1.8619062066052865E-5 
-0.010221384679829028 4.6887249732909496E-5 
-0.013233613900528343 2.3161874878265727E-4 
-0.01410793456319297 3.5508328848368113E-4 
-0.00987953920589102 3.860200546851696E-5 
-0.009766225883156508 3.652259232808926E-5 
-0.011791654167332606 1.2059861239513058E-4 
-0.010903216488582236 6.961948102804262E-5 
-0.013210146901781477 2.2538004064333582E-4 
-0.013377557972331863 2.4171014621665734E-4 
-0.012600505839109256 1.779723855863828E-4 
-0.012479111816729314 1.6584146018524247E-4 
-0.008941684944614886 2.2021264301588998E-5 
-0.014257697890263866 3.9975441508803046E-4 
-0.010760648220429866 6.599462966474818E-5 
-0.011393474480351691 9.52135860970893E-5 
-0.00964679438755239 3.249607920917661E-5 
-0.013985731242518914 3.285430634897739E-4 
-0.0138756005062982 3.1220726388404656E-4 
-0.009236927274203229 2.5176969028063755E-5 
-0.012770462643373191 1.8680706953153373E-4 
-0.014266373979312082 4.085357914158578E-4 
-0.01151501922782999 1.0069651297383518E-4 
-0.00907337760820759 2.3001590164953825E-5 
-0.013839376028620889 3.0366384104916447E-4 
-0.012806511194354362 1.930771318564489E-4 
-0.011564971056750374 1.0362148938151264E-4 
-0.013941431686138855 3.206710410776239E-4 
-0.013544569199366408 2.622698528828632E-4 
-0.011706817150551333 1.1785173790736606E-4 
-0.012212577517846924 1.4446211390856177E-4 
-0.008264867818722392 1.742689158963766E-5 
-0.01129876115517584 8.89198641922481E-5 
-0.012266691487478913 1.4928557205511536E-4 
-0.012957346826701063 2.074910582441044E-4 
-0.01421475433816272 3.920908329421031E-4 
-0.011436127294996769 9.68458517823909E-5 
-0.012644647842768676 1.8220209806151804E-4 
-0.012035632432738023 1.322485246327145E-4 
-0.00914174102090738 2.4022564977788316E-5 
-0.012717156830556912 1.8342117722851026E-4 
-0.012997945923247295 2.0921030209197495E-4 
-0.01060678550484851 5.9018268483268E-5 
-0.011301313064685119 8.905706302294455E-5 
-0.010312542566382869 4.980216426282143E-5 
-0.013068927091494759 2.1478034002394558E-4 
-0.009687285101023768 3.336544220180309E-5 
-0.012467123908408916 1.5943453526568572E-4 
-0.010115114584904456 4.45146165580401E-5 
-0.013692634520071724 2.853934991508881E-4 
-0.014363773459231434 4.206824260220048E-4 
-0.009978390824790646 4.059485123373676E-5 
-0.01433284087716789 4.137738580190798E-4 
-0.010683677010234316 6.127136923992427E-5 
-0.013851625098274933 3.1043815279336554E-4 
-0.014018569825768722 3.338666479687062E-4 
-0.013952347569534276 3.2194729858515904E-4 
-0.013798035797739742 2.9733855223453595E-4 
-0.00999045015512575 4.2663596228839956E-5 
-0.01188775390353414 1.2441965321512185E-4 
-0.013550887361549748 2.6319162742837984E-4 
-0.011608324694559406 1.0937937602602721E-4 
-0.012331058308742506 1.5021677593217474E-4 
-0.013066742113914113 2.1301989516582672E-4 
-0.012373165483725336 1.5256896058448327E-4 
-0.010097641639994926 4.337843816633002E-5 
-0.013439902346259953 2.484294209552129E-4 
-0.013757829125329177 2.905632600307242E-4 
-0.014032211509383302 3.3654009393845936E-4 
-0.01204341559155564 1.370458305259665E-4 
-0.013712762582349398 2.859085391942851E-4 
-0.011628528175412291 1.0977802126426362E-4 
-0.011952330820113781 1.2854221986237802E-4 
-0.011960248532965574 1.294273737051796E-4 
-0.012957346826701063 2.074910582441044E-4 
-0.012107679393723127 1.4074940444756584E-4 
-0.012400507025686288 1.5573516939791838E-4 
