-0.014376763121341365 4.2232773941764865E-4 
-0.007899662195001782 1.4046388001798551E-5 
-0.007899662195001782 1.4046388001798551E-5 
-0.014376763121341365 4.2232773941764865E-4 
-0.014166161414550571 3.6208547834669976E-4 
-0.014242584254700024 3.970283814079674E-4 
-0.01400830413871772 3.3277662298132637E-4 
-0.011596043665461365 1.0990178354711034E-4 
-0.009610591713278417 3.287482426438935E-5 
-0.012602457261126345 1.7049457538430705E-4 
-0.014166374811072469 3.8376071136244185E-4 
-0.013944652597890902 3.2192273890481205E-4 
-0.01007891674001115 4.408502379347793E-5 
-0.013809172202956074 2.9819682444207334E-4 
-0.008830654289514133 2.080188786481096E-5 
-0.008556018099856406 1.7628395778533605E-5 
-0.012685909489941645 1.7779934197741071E-4 
-0.011308620654348973 9.029492936338104E-5 
-0.012116509897925022 1.3672206153058004E-4 
-0.011963758631705113 1.2912741870421563E-4 
-0.014166374811072472 3.83760711362442E-4 
-0.008313789384515814 1.5765925597844988E-5 
-0.012397543173938975 1.546375908184275E-4 
-0.009731826990074808 3.490864648453585E-5 
-0.009430300257839988 3.058341421471118E-5 
-0.011515482212755335 1.0143444345620236E-4 
-0.013469925518309153 2.5196439112250957E-4 
-0.012540564851281962 1.6500568637643984E-4 
-0.008384946151271168 1.63313481639774E-5 
-0.0081312485128939 1.4810949834315176E-5 
-0.014121782189249681 3.562983580728356E-4 
-0.01108965693494832 7.969640466477554E-5 
-0.01383987375170196 3.0797217924480617E-4 
-0.014051453536255192 3.413144592494424E-4 
-0.012228936089879456 1.502332593260025E-4 
-0.01322484274281234 2.2564771142563118E-4 
-0.009986500483495316 4.092304167648533E-5 
-0.011198217613100412 8.290244185764817E-5 
-0.01272107103454662 1.8312341459323977E-4 
-0.012867273695834024 1.9694924222762967E-4 
-0.01372835492976257 2.853192707320753E-4 
-0.00930598834737075 2.687768311963582E-5 
-0.013130189408319094 2.1884480170214206E-4 
-0.012312876272205198 1.5181026536798805E-4 
-0.014280841690893975 4.0398967555982005E-4 
-0.013693735965089191 2.807746876757907E-4 
-0.008948949545739222 2.2533348175266287E-5 
-0.009029050046434246 2.3093648120174995E-5 
-0.011238673854092022 8.65145305746138E-5 
-0.014098578686173851 3.496463871426244E-4 
-0.010986453572570123 7.250307974491509E-5 
-0.012199615417385923 1.4270393531896122E-4 
-0.011946992919201677 1.2701882253433647E-4 
-0.009123064393080943 2.59352032797354E-5 
-0.011420606024999858 9.470069272395057E-5 
-0.010209750207850901 4.810233204746057E-5 
-0.013508699086795594 2.5868568872205636E-4 
-0.013578740443134403 2.657565187772944E-4 
-0.010712355660009065 6.223876749317277E-5 
-0.010376441267470402 5.131321170574114E-5 
-0.013193293181921906 2.2338198026777077E-4 
-0.01074737481360511 6.371243748227201E-5 
-0.01333919942627559 2.3715942630963036E-4 
-0.010874005508169067 6.830535173570208E-5 
-0.009195831219043028 2.605843294735417E-5 
-0.008670762679637371 1.968782853758271E-5 
-0.01061941060567599 5.877749497348804E-5 
-0.011748091770551215 1.1977493186500855E-4 
-0.01387238900454096 3.1059874468391694E-4 
-0.013301364811971729 2.3280733473753047E-4 
-0.009898806160393034 3.920206104125397E-5 
-0.013652510502889697 2.7515993399862993E-4 
-0.012902907693950447 2.0359063992601102E-4 
-0.013408329601924862 2.4774108073244514E-4 
-0.012470782712739877 1.5934443575249177E-4 
-0.009397215438482268 2.8899507368676975E-5 
-0.013386548397463446 2.426625541674254E-4 
-0.012771463896488106 1.8833685684208884E-4 
-0.010835157894400798 6.708003844158012E-5 
-0.01406585210596999 3.455330983482938E-4 
-0.008066876671605073 1.455992042171513E-5 
-0.0104948859437861 5.473521264017059E-5 
-0.007964952389886256 1.4093182380451957E-5 
-0.01182785513630676 1.2303768261392187E-4 
-0.01105501511065066 7.536271602029022E-5 
-0.010243293720421126 4.944167704231131E-5 
-0.014342080144132754 4.155511942786444E-4 
-0.013632835833133461 2.7171984114466907E-4 
-0.010358058586914798 5.047351600874864E-5 
-0.012150722610745292 1.4123960030255146E-4 
-0.013760128025686082 2.923275416769467E-4 
-0.009825955428570584 3.67540418065645E-5 
-0.012486315806249782 1.6062921013095953E-4 
-0.01308129368277574 2.1529910942373698E-4 
-0.014335917664598994 4.143644297632259E-4 
-0.00865526159165637 1.948074057772773E-5 
-0.013915995808273948 3.1530722336920683E-4 
-0.01182785513630676 1.2303768261392187E-4 
-0.012966996028287001 2.0928746954527826E-4 
-0.013923213163414744 3.165187406096395E-4 
