0.0 0.3000000000000002 0.0 0.0 0.0 0.0 0.0 0.35 0.35 0.0 0.0 
0.20206110967932556 0.0 0.0 0.23634385407021163 0.19601931329987465 0.0 0.0 0.1814521769621581 0.18412354598843006 0.0 0.0 
0.20206110967932556 0.0 0.0 0.23634385407021163 0.19601931329987465 0.0 0.0 0.1814521769621581 0.18412354598843006 0.0 0.0 
0.0 0.30000000000000016 0.0 0.0 0.0 0.0 0.0 0.35 0.35 0.0 0.0 
0.12584533618080515 0.2038121366536245 0.0 0.0 0.0 0.0 0.0 0.35 0.32034252716557043 0.0 0.0 
0.12990164850470995 0.2591106105044836 0.0 0.1372348161557337 0.0 0.0 0.0 0.33789876488932724 0.13585415994574557 0.0 0.0 
0.0 0.335588152521952 0.0 0.0 0.0 0.0 0.0 0.35 0.314411847478048 0.0 0.0 
0.12397410148593259 0.21333070546707777 0.0 0.1773379123309211 0.0 0.0 0.0 0.3328677569713769 0.1524895237446916 0.0 0.0 
0.10835679955796418 0.20945911993269561 0.0 0.0 0.0 0.0 0.0 0.34995819825719765 0.3322258822521426 0.0 0.0 
0.14609300993427635 0.1337725745598221 0.0 0.1206904670737237 0.10564660615270037 0.0 0.0 0.3499411511903894 0.14385619108908812 0.0 0.0 
0.12477546674241898 0.2493129812168541 0.0 0.0 0.0 0.0 0.0 0.35 0.2759115520407269 0.0 0.0 
0.16155018648142322 0.10307369388955387 0.0 0.19377226234635328 0.1440443170774169 0.0 0.0 0.26387427816422626 0.13368526204102657 0.0 0.0 
0.10006360855815838 0.19993639144184172 0.0 0.0 0.0 0.0 0.0 0.35 0.35 0.0 0.0 
0.12463000629230375 0.23626557561364697 0.0 0.0 0.0 0.0 0.0 0.35 0.28910441809404935 0.0 0.0 
0.1928078347984973 0.0 0.0 0.22552062019023958 0.18778765172219036 0.0 0.0 0.19733370912988585 0.19655018415918704 0.0 0.0 
0.15507232251281972 0.10924511183896744 0.0 0.1714178217402869 0.13243816137910464 0.0 0.0 0.2912431798474593 0.14058340268136207 0.0 0.0 
0.0 0.30870742690061487 0.0 0.0 0.0 0.0 0.0 0.35 0.3412925730993852 0.0 0.0 
0.15402519643552023 0.12258407990131727 0.0 0.17894906924279005 0.1092487449644951 0.0 0.0 0.2819344407362618 0.1532584687196156 0.0 0.0 
0.14777962896146063 0.21524326600824564 0.0 0.1694589688344606 0.0 0.0 0.0 0.33686924159579085 0.13064889460004228 0.0 0.0 
0.15621993209073323 0.10869487973687099 0.0 0.19841164139245318 0.139757282681246 0.0 0.0 0.24416885548271436 0.15274740861598235 0.0 0.0 
0.15578895476870205 0.13522966868746 0.0 0.12189265429524974 0.10716389510334867 0.0 0.0 0.35 0.12992482714523948 0.0 0.0 
0.13572175305688527 0.27111129191846167 0.0 0.0 0.0 0.0 0.0 0.35 0.24316695502465308 0.0 0.0 
0.12762234691992377 0.1995909839108512 0.0 0.10361137043088214 0.0 0.0 0.0 0.349503551695753 0.21967174704258982 0.0 0.0 
0.13455384186307967 0.23257699267304638 0.0 0.14214963369350841 0.0 0.0 0.0 0.35 0.14071953177036547 0.0 0.0 
0.1371042847362078 0.19547811881902133 0.0 0.10103757774725822 0.10543677239259584 0.0 0.0 0.337484434678762 0.12345881162615478 0.0 0.0 
0.15554096266684153 0.30607501912038265 0.0 0.0 0.0 0.0 0.0 0.35 0.18838401821277578 0.0 0.0 
0.16277972392733017 0.10385817436020767 0.0 0.19524703781843447 0.13180871010624384 0.0 0.0 0.2656730570925939 0.1406332966951899 0.0 0.0 
0.12399431836369376 0.27166629427302524 0.0 0.0 0.0 0.0 0.0 0.35 0.2543393873632809 0.0 0.0 
0.16547612778699888 0.1229321215752395 0.0 0.14435034361573973 0.10609051326416408 0.0 0.0 0.3063338137957053 0.15481707996215255 0.0 0.0 
0.14611709779918025 0.12830201992225718 0.0 0.16856798955189575 0.10167402122587255 0.0 0.0 0.3320699326460316 0.12326893885476278 0.0 0.0 
0.1561231321938758 0.1159837864484562 0.0 0.14759672808935104 0.10022106765390869 0.0 0.0 0.3371874814986812 0.14288780411572707 0.0 0.0 
0.13912484731492578 0.1998448333672083 0.0 0.10279156192043824 0.0 0.0 0.0 0.3433518141169147 0.21488694328051292 0.0 0.0 
0.14809367138532473 0.30176682835913426 0.0 0.0 0.0 0.0 0.0 0.3459356189000632 0.20420388135547776 0.0 0.0 
0.14157544794594148 0.26414882919187255 0.0 0.11160729497234184 0.0 0.0 0.0 0.34441886958803714 0.13824955830180696 0.0 0.0 
0.1684709163781559 0.11034014782907825 0.0 0.18693077158908145 0.1104291372017274 0.0 0.0 0.2448910543652207 0.17893797263673625 0.0 0.0 
0.14244789556597226 0.3328388954469 0.0 0.0 0.0 0.0 0.0 0.34823396343626606 0.17647924555086172 0.0 0.0 
0.19803182798519348 0.0 0.0 0.23482192581347425 0.1947570535599251 0.0 0.0 0.18028372180409344 0.19210547083731358 0.0 0.0 
0.11084014465489475 0.23032783989594818 0.0 0.0 0.0 0.0 0.0 0.35 0.30883201544915706 0.0 0.0 
0.14242623016198863 0.2035420932555534 0.0 0.10968471010952646 0.0 0.0 0.0 0.3408903602434376 0.2034566062294939 0.0 0.0 
0.14717941853525995 0.12052990817623324 0.0 0.18990757716771428 0.1011425590742048 0.0 0.0 0.3187930253381277 0.1224475117084601 0.0 0.0 
0.16283133612293121 0.122648116862081 0.0 0.15845584652436992 0.11010551714003405 0.0 0.0 0.3251797124577902 0.12077947089279364 0.0 0.0 
0.13056486249838517 0.22637189566457544 0.0 0.12564628201204567 0.0 0.0 0.0 0.3474183376415238 0.16999862218347 0.0 0.0 
0.0 0.3184378316947122 0.0 0.0 0.0 0.0 0.0 0.35 0.3315621683052878 0.0 0.0 
0.13209417631534864 0.10167773052856394 0.0 0.11194954572736357 0.11522120969572949 0.0 0.0 0.35 0.1890573377329945 0.0 0.0 
0.11992474351473309 0.19939835504752862 0.0 0.10502372422199732 0.0 0.0 0.0 0.35 0.22565317721574096 0.0 0.0 
0.0 0.3289819512637219 0.0 0.0 0.0 0.0 0.0 0.35 0.3210180487362781 0.0 0.0 
0.11904621792875565 0.2698275093610279 0.0 0.0 0.0 0.0 0.0 0.35 0.2611262727102164 0.0 0.0 
0.12707427129840038 0.11342569175689665 0.0 0.12161089435343668 0.11478125206938815 0.0 0.0 0.3486323155332002 0.17447557498867808 0.0 0.0 
0.17248103227208256 0.11194047377473582 0.0 0.19012431567510357 0.15957682662771375 0.0 0.0 0.23055454973531844 0.13532280191504592 0.0 0.0 
0.15597247899147726 0.11587186626975346 0.0 0.14745430255997724 0.1001243579314115 0.0 0.0 0.3369342089197741 0.14364278532760646 0.0 0.0 
0.17724693663981783 0.10702825956923365 0.0 0.18295239069168936 0.14465453816192028 0.0 0.0 0.20857795192852274 0.17953992300881622 0.0 0.0 
0.12543749170192767 0.23267136248404216 0.0 0.1363038531022124 0.0 0.0 0.0 0.35 0.15558729271181784 0.0 0.0 
0.0 0.3044878308382708 0.0 0.0 0.0 0.0 0.0 0.35 0.3455121691617292 0.0 0.0 
0.19912176438648632 0.0 0.0 0.23900664285726467 0.17754457107729768 0.0 0.0 0.21891380276853695 0.16541321891041438 0.0 0.0 
0.1341017533753633 0.20579832621585598 0.0 0.12904993273453713 0.0 0.0 0.0 0.35 0.18104998767424352 0.0 0.0 
0.14523299693672667 0.12999262521979518 0.0 0.11728017275245495 0.10266139920339103 0.0 0.0 0.35 0.15483280588763232 0.0 0.0 
0.19806520975484548 0.0 0.0 0.2362497720949175 0.1913423524706682 0.0 0.0 0.19993336650163743 0.17440929917793146 0.0 0.0 
0.16156068094178155 0.14481152180997903 0.0 0.14266680241411478 0.10059709273908567 0.0 0.0 0.3284417825826728 0.12192211951236599 0.0 0.0 
0.19288731651999466 0.0 0.0 0.22445291586192745 0.18445141991984182 0.0 0.0 0.21330975639426808 0.1848985913039679 0.0 0.0 
0.12863133806743976 0.20774273528640833 0.0 0.11566188541675584 0.0 0.0 0.0 0.34877263563963223 0.19919140558976384 0.0 0.0 
0.14233779368585603 0.2702873894426328 0.0 0.0 0.0 0.0 0.0 0.3460271990791842 0.24134761779232689 0.0 0.0 
0.15503534184750478 0.12691465383103745 0.0 0.1469356317183743 0.1065003123848652 0.0 0.0 0.33568022299809286 0.1289338372201254 0.0 0.0 
0.15498463334566515 0.10065397180574365 0.0 0.17360460664271157 0.14531093419735183 0.0 0.0 0.28051138226370237 0.14493447174482546 0.0 0.0 
0.19803680992584527 0.0 0.0 0.23621589712446134 0.19145830286366236 0.0 0.0 0.19990469880463443 0.17438429128139663 0.0 0.0 
0.1312308900260585 0.29915941705312266 0.0 0.0 0.0 0.0 0.0 0.35 0.21960969292081892 0.0 0.0 
0.15503534184750478 0.12691465383103745 0.0 0.1469356317183743 0.1065003123848652 0.0 0.0 0.33568022299809286 0.1289338372201254 0.0 0.0 
0.1636329175379991 0.10389791902144696 0.0 0.17874630501314592 0.10955146577776985 0.0 0.0 0.3092817098930002 0.13488968275663793 0.0 0.0 
0.1639004130066491 0.10907529492320456 0.0 0.18196982109858784 0.10330316506345197 0.0 0.0 0.28936183895318596 0.1523894669549205 0.0 0.0 
0.1617032025526469 0.3182011347013449 0.0 0.0 0.0 0.0 0.0 0.34924703968162785 0.17084862306438042 0.0 0.0 
0.13989607680467162 0.11961626022590265 0.0 0.10328063742073822 0.10783400787576652 0.0 0.0 0.3396515525169674 0.18972146515595367 0.0 0.0 
0.12715893457092944 0.27990142835329895 0.0 0.10800583363213337 0.0 0.0 0.0 0.35 0.13493380344363826 0.0 0.0 
0.14970506036311695 0.29418222453013454 0.0 0.0 0.0 0.0 0.0 0.34968691649741007 0.20642579860933832 0.0 0.0 
0.1071943577043308 0.23904740285652298 0.0 0.0 0.0 0.0 0.0 0.3499658941178475 0.30379234532129873 0.0 0.0 
0.11162006232055746 0.2729838941578618 0.0 0.0 0.0 0.0 0.0 0.35 0.2653960435215808 0.0 0.0 
0.171932137933363 0.23937868624841366 0.0 0.0 0.0 0.0 0.0 0.35 0.2386891758182233 0.0 0.0 
0.10916035031493915 0.24884649307070372 0.0 0.0 0.0 0.0 0.0 0.35 0.29199315661435715 0.0 0.0 
0.19844264300111994 0.0 0.0 0.23743685395787345 0.1756196119965801 0.0 0.0 0.23431307865002288 0.1541878123944036 0.0 0.0 
0.17002845479190032 0.10763311653471995 0.0 0.20101080865703488 0.1303692233566817 0.0 0.0 0.23178132325835468 0.15917707340130863 0.0 0.0 
0.1277373557350609 0.2372070598796844 0.0 0.11961236895763604 0.0 0.0 0.0 0.35 0.1654432154276187 0.0 0.0 
0.15453058686033402 0.10886347073768025 0.0 0.18291588819797874 0.13197549678102471 0.0 0.0 0.290225739652394 0.13148881777058835 0.0 0.0 
0.13151556937423278 0.2089756976676991 0.0 0.10094928329621071 0.0 0.0 0.0 0.35 0.20855944966185735 0.0 0.0 
0.1111371644378816 0.19168672809281975 0.0 0.0 0.0 0.0 0.0 0.35 0.3471761074692987 0.0 0.0 
0.19328323263163102 0.0 0.0 0.23126361342911186 0.17029642196946812 0.0 0.0 0.23136691662829784 0.1737898153414911 0.0 0.0 
0.15565074478860405 0.10108657445124283 0.0 0.17249233988026696 0.14281024838695933 0.0 0.0 0.2834578168557295 0.14450227563719736 0.0 0.0 
0.13067488266454244 0.20763986273565704 0.0 0.10030398539556142 0.0 0.0 0.0 0.34776269570369767 0.21361857350054123 0.0 0.0 
0.12908400408488935 0.20495470597565527 0.0 0.11606891068625017 0.0 0.0 0.0 0.35 0.19989237925320527 0.0 0.0 
0.10972770698390805 0.2398093251302599 0.0 0.0 0.0 0.0 0.0 0.34869676985842785 0.30176619802740423 0.0 0.0 
0.15897344864602111 0.11312801525833502 0.0 0.20066370234812972 0.142183998990802 0.0 0.0 0.22834597191382344 0.15670486284288862 0.0 0.0 
0.1639279804032693 0.10909364095334234 0.0 0.1820004276976751 0.10332054024433887 0.0 0.0 0.2894105084619129 0.1522469022394615 0.0 0.0 
0.0 0.31885426349136564 0.0 0.0 0.0 0.0 0.0 0.35 0.3311457365086343 0.0 0.0 
0.11012150556375508 0.2412715496247394 0.0 0.0 0.0 0.0 0.0 0.3471615667183454 0.3014453780931602 0.0 0.0 
0.10359854763683615 0.20699952831589122 0.0 0.0 0.0 0.0 0.0 0.35 0.3394019240472727 0.0 0.0 
0.12104710705065574 0.23705925515756807 0.0 0.0 0.0 0.0 0.0 0.35 0.29189363779177613 0.0 0.0 
0.1265390871351376 0.2748776681740253 0.0 0.0 0.0 0.0 0.0 0.35 0.2485832446908371 0.0 0.0 
0.1734257641214606 0.10978371533549475 0.0 0.19485662472645834 0.13798074362767898 0.0 0.0 0.2215955890443952 0.16235756314451205 0.0 0.0 
0.166352911858272 0.11016396900565627 0.0 0.18336934276763364 0.14178513069405377 0.0 0.0 0.22236312123956847 0.17596552443481583 0.0 0.0 
0.12713727690249904 0.1138606490738071 0.0 0.12281618881502068 0.11038259821892356 0.0 0.0 0.3499692276049167 0.1758340593848329 0.0 0.0 
0.10454119780091747 0.21133891364508361 0.0 0.0 0.0 0.0 0.0 0.34889947707202174 0.3352204114819772 0.0 0.0 
0.1457811403638217 0.10760008880739982 0.0 0.18976769384993214 0.14609034798589604 0.0 0.0 0.27387938949619656 0.1368813394967538 0.0 0.0 
0.13380226752475 0.17454853389427563 0.0 0.10669415936548263 0.0 0.0 0.0 0.35 0.2349550392154919 0.0 0.0 
