0.0 0.30000000000000016 0.0 0.0 0.0 0.0 0.0 0.35 0.35 0.0 0.0 
0.20157433849281386 0.0 0.0 0.24052813059296624 0.19265403317195606 0.0 0.0 0.18377383466212224 0.18146966308014148 0.0 0.0 
0.0 0.30000000000000016 0.0 0.0 0.0 0.0 0.0 0.35 0.35 0.0 0.0 
0.0 0.33535654815998944 0.0 0.0 0.0 0.0 0.0 0.34994803650268913 0.3146954153373213 0.0 0.0 
0.10000300340307344 0.19999699659692657 0.0 0.0 0.0 0.0 0.0 0.35 0.35 0.0 0.0 
0.16243641070038833 0.10184305704604174 0.0 0.19623766036732163 0.11229522334740494 0.0 0.0 0.29417035062961905 0.13301729790922412 0.0 0.0 
0.0 0.32282273797386535 0.0 0.0 0.0 0.0 0.0 0.35 0.32717726202613484 0.0 0.0 
0.14741756035748207 0.15417877364530205 0.0 0.15874598722963995 0.10475222195431534 0.0 0.0 0.30490568727915157 0.12999976953410905 0.0 0.0 
0.1595667878042606 0.1029307376474559 0.0 0.20192029726293442 0.11866662195512973 0.0 0.0 0.2890712299586259 0.12784432537159346 0.0 0.0 
0.1751824074321495 0.11412255472121469 0.0 0.13100873573020227 0.11081264706330309 0.0 0.0 0.33951073497139916 0.12936292008173136 0.0 0.0 
0.10364687654517268 0.20570189791713864 0.0 0.0 0.0 0.0 0.0 0.35 0.3406512255376887 0.0 0.0 
0.17754777192551027 0.10806691011458244 0.0 0.1201632637699507 0.1081257180096394 0.0 0.0 0.35 0.13609633618031725 0.0 0.0 
0.17271913541433315 0.1125178565111198 0.0 0.14384912802730052 0.1092544900729277 0.0 0.0 0.33411546568018535 0.12754392429413344 0.0 0.0 
0.12088561218737388 0.3316391586170542 0.0 0.0 0.0 0.0 0.0 0.35 0.197475229195572 0.0 0.0 
0.15977554514913672 0.11684241998557408 0.0 0.17497320623410959 0.11352057014050672 0.0 0.0 0.2927608607219815 0.14212739776869146 0.0 0.0 
0.1484419260619991 0.108587229867561 0.0 0.10504133891598873 0.10578493556335702 0.0 0.0 0.35 0.1821445695910942 0.0 0.0 
0.16098050151574725 0.23489199733819088 0.0 0.11739133133395964 0.0 0.0 0.0 0.33997023363990314 0.14676593617219916 0.0 0.0 
0.15655548421979346 0.31029562136447997 0.0 0.0 0.0 0.0 0.0 0.35 0.1831488944157266 0.0 0.0 
0.168279980011619 0.10544282163494724 0.0 0.1642758638853731 0.13514888473533868 0.0 0.0 0.26052026925299915 0.16633218047972292 0.0 0.0 
0.11357078679525198 0.22356614048523335 0.0 0.1086588245930895 0.0 0.0 0.0 0.35 0.2042042481264252 0.0 0.0 
0.15285242825905979 0.11865829523751023 0.0 0.10702753167608865 0.10229133441598429 0.0 0.0 0.34963288722532837 0.16953752318602872 0.0 0.0 
0.17254619656910822 0.18639246132819615 0.0 0.15637858602532498 0.0 0.0 0.0 0.34802637809907444 0.1366563779782962 0.0 0.0 
0.11539429715484066 0.30507547210999025 0.0 0.0 0.0 0.0 0.0 0.35 0.22953023073516912 0.0 0.0 
0.1908936649706687 0.0 0.0 0.22778344069362694 0.18279171696161273 0.0 0.0 0.25592365462273325 0.14260752275135852 0.0 0.0 
0.10862593841469143 0.21472488481102403 0.0 0.0 0.0 0.0 0.0 0.35 0.3266491767742845 0.0 0.0 
0.12651409560501786 0.21856253211858687 0.0 0.14168466271562763 0.0 0.0 0.0 0.33301948241223656 0.180219227148531 0.0 0.0 
0.18848726701388382 0.0 0.0 0.2362242430970217 0.183968188750835 0.0 0.0 0.2447613255693402 0.14655897556891936 0.0 0.0 
0.20147524435719827 0.0 0.0 0.22527733883064502 0.19713952440317234 0.0 0.0 0.20052362835693102 0.17558426405205338 0.0 0.0 
0.19599780340558184 0.0 0.0 0.21894258797935906 0.19533242354668837 0.0 0.0 0.21299549139692447 0.17673169367144614 0.0 0.0 
0.1674456488428168 0.11856725070415403 0.0 0.17888937493801046 0.13776508155653086 0.0 0.0 0.25365914225020736 0.1436735017082805 0.0 0.0 
0.11319474615996562 0.21621213857115712 0.0 0.0 0.0 0.0 0.0 0.35 0.32059311526887724 0.0 0.0 
0.20406668675490464 0.0 0.0 0.22870060984429255 0.1859475010385429 0.0 0.0 0.20328393463582806 0.17800126772643182 0.0 0.0 
0.11167142684434059 0.23314551936262104 0.0 0.0 0.0 0.0 0.0 0.34797157748112806 0.30721147631191026 0.0 0.0 
0.13955828087667074 0.11092076582444538 0.0 0.16211610852002456 0.10274802538980819 0.0 0.0 0.3434815253913856 0.14117529399766565 0.0 0.0 
0.17217628405001179 0.10016265140717778 0.0 0.18976570231444873 0.13577772616631945 0.0 0.0 0.2466154605980166 0.15550217546402562 0.0 0.0 
0.11837198562640157 0.24696503579078563 0.0 0.0 0.0 0.0 0.0 0.35 0.28466297858281286 0.0 0.0 
0.11559935726491725 0.27429435676959046 0.0 0.0 0.0 0.0 0.0 0.34442331072814114 0.265682975237351 0.0 0.0 
0.20069921194763465 0.0 0.0 0.2447011034529373 0.18659983155228446 0.0 0.0 0.19092016294887915 0.1770796900982646 0.0 0.0 
0.1556362522053545 0.3251410344995685 0.0 0.0 0.0 0.0 0.0 0.35 0.16922271329507707 0.0 0.0 
0.18442274736942899 0.0 0.0 0.22029755892798206 0.17173766347717026 0.0 0.0 0.24751297203007575 0.17602905819534306 0.0 0.0 
0.15287174677286647 0.11182770223654745 0.0 0.10817599440700505 0.10918695659866273 0.0 0.0 0.35 0.16793759998491847 0.0 0.0 
0.17094237150758312 0.10021873601588308 0.0 0.18822894281816882 0.1465726116973513 0.0 0.0 0.24461832072299616 0.1494190172380177 0.0 0.0 
0.15752175335520247 0.14382468858269845 0.0 0.14881084739873013 0.10306439932805399 0.0 0.0 0.3293886799639441 0.11738963137137076 0.0 0.0 
0.18594241207385567 0.0 0.0 0.2218753691986737 0.17647473261208585 0.0 0.0 0.24928570392642024 0.16642178218896447 0.0 0.0 
0.12288939261324383 0.23091243935538497 0.0 0.11768918107015924 0.0 0.0 0.0 0.35 0.1785089869612121 0.0 0.0 
0.10928833618380714 0.20928234543380309 0.0 0.0 0.0 0.0 0.0 0.35 0.3314293183823897 0.0 0.0 
0.154349032392606 0.10039222065063462 0.0 0.19531760294123768 0.14458326102562558 0.0 0.0 0.27961874303935236 0.12573913995054378 0.0 0.0 
0.1616044024928831 0.19582747868347655 0.0 0.17555582215541476 0.0 0.0 0.0 0.3418639767088302 0.1251483199593954 0.0 0.0 
0.15251313974143782 0.22449105421097443 0.0 0.11522823239751971 0.0 0.0 0.0 0.35 0.15776757365006805 0.0 0.0 
0.11883012658310252 0.22388964809546563 0.0 0.11673242421707922 0.0 0.0 0.0 0.34474564961508736 0.1958021514892652 0.0 0.0 
0.1927192359377271 0.0 0.0 0.22690114660359886 0.17660770381834534 0.0 0.0 0.23524198041703048 0.16852993322329815 0.0 0.0 
0.14727049808757098 0.12655145219013994 0.0 0.18636022671823654 0.10952211774256705 0.0 0.0 0.3124051254110296 0.11789057985045602 0.0 0.0 
0.193247777404382 0.0 0.0 0.22881093548867787 0.1832939300297678 0.0 0.0 0.22175662957253117 0.1728907275046412 0.0 0.0 
0.17670109056878658 0.14974494693672113 0.0 0.11288191039528368 0.0 0.0 0.0 0.3499343514261035 0.21073770067310515 0.0 0.0 
0.17115642915733512 0.10721957723202773 0.0 0.1999929651904262 0.12254277333123212 0.0 0.0 0.2652683544632852 0.1338199006256936 0.0 0.0 
0.14809535021079423 0.31117987981385903 0.0 0.0 0.0 0.0 0.0 0.35 0.1907247699753468 0.0 0.0 
0.15902504186549357 0.10049212093029106 0.0 0.11992761151362615 0.13483617091305752 0.0 0.0 0.35 0.1357190547775317 0.0 0.0 
0.11097755393966117 0.20959353658979898 0.0 0.1082596918341781 0.0 0.0 0.0 0.35 0.22116921763636188 0.0 0.0 
0.12091675463780749 0.23411962892538898 0.0 0.0 0.0 0.0 0.0 0.3493408338015957 0.2956227826352078 0.0 0.0 
0.0 0.3169916586122145 0.0 0.0 0.0 0.0 0.0 0.35 0.33300834138778557 0.0 0.0 
0.15632214307204215 0.12397302186612473 0.0 0.10945703192206496 0.10453586802747997 0.0 0.0 0.35 0.15571193511228815 0.0 0.0 
0.14929300178086274 0.1886195510097353 0.0 0.17882372345691316 0.0 0.0 0.0 0.35 0.13326372375248893 0.0 0.0 
0.16158533103315192 0.12126418989167838 0.0 0.1172322599530117 0.10706547822397865 0.0 0.0 0.34716269773146 0.14569004316671944 0.0 0.0 
0.12391560552965518 0.21213817017742603 0.0 0.0 0.0 0.0 0.0 0.35 0.31394622429291874 0.0 0.0 
0.16268196375047123 0.10134443583366312 0.0 0.17027826328231993 0.10791284050317704 0.0 0.0 0.3167852256421915 0.1409972709881772 0.0 0.0 
0.12344263273729564 0.2328273514462099 0.0 0.0 0.0 0.0 0.0 0.34847437194168335 0.29525564387481107 0.0 0.0 
0.12338896040423712 0.3033492731385175 0.0 0.0 0.0 0.0 0.0 0.35 0.22326176645724535 0.0 0.0 
0.0 0.31420539610877385 0.0 0.0 0.0 0.0 0.0 0.3499751390118738 0.3358194648793523 0.0 0.0 
0.12089456662155797 0.2069662819131575 0.0 0.1069026567543237 0.0 0.0 0.0 0.34952177476702045 0.2157147199439403 0.0 0.0 
0.17140377663095102 0.10039888850723538 0.0 0.18873700759939585 0.14407953127591117 0.0 0.0 0.24527859087986736 0.1501022051066392 0.0 0.0 
0.13820379497531804 0.24164039581549054 0.0 0.0 0.0 0.0 0.0 0.35 0.27015580920919147 0.0 0.0 
0.1555301567003745 0.12358794970364298 0.0 0.11147398650227773 0.10654102410300609 0.0 0.0 0.35 0.1528668829906988 0.0 0.0 
0.17707073876545823 0.14977303946943346 0.0 0.11237898616364005 0.0 0.0 0.0 0.35 0.21077723560146824 0.0 0.0 
0.1539637318139314 0.2054014167672635 0.0 0.11447188791139762 0.0 0.0 0.0 0.35 0.17616296350740757 0.0 0.0 
0.19270118960603697 0.0 0.0 0.23284023319259756 0.18277549599129844 0.0 0.0 0.22112940648332155 0.17055367472674554 0.0 0.0 
0.14798791583676665 0.34199431194874413 0.0 0.0 0.0 0.0 0.0 0.35 0.16001777221448923 0.0 0.0 
0.11747107057645291 0.28363347215037304 0.0 0.0 0.0 0.0 0.0 0.35 0.24889545727317408 0.0 0.0 
0.14640366163732405 0.19638081929445517 0.0 0.0 0.0 0.0 0.0 0.3498767876691667 0.30733873139905404 0.0 0.0 
0.0 0.30473777657895074 0.0 0.0 0.0 0.0 0.0 0.35 0.34526222342104934 0.0 0.0 
0.0 0.30907237971191415 0.0 0.0 0.0 0.0 0.0 0.35 0.34092762028808593 0.0 0.0 
0.17743848128046905 0.16504576413315175 0.0 0.15880307096205226 0.0 0.0 0.0 0.35 0.1487126836243269 0.0 0.0 
0.1252976623224712 0.20500037436579208 0.0 0.0 0.0 0.0 0.0 0.35 0.3197019633117367 0.0 0.0 
0.14809535021079423 0.31117987981385903 0.0 0.0 0.0 0.0 0.0 0.35 0.1907247699753468 0.0 0.0 
0.1589874672009052 0.19489713968950606 0.0 0.16985313638842556 0.0 0.0 0.0 0.3355776828348619 0.14068457388630115 0.0 0.0 
0.14265588962339606 0.25235839333443216 0.0 0.0 0.0 0.0 0.0 0.35 0.254985717042172 0.0 0.0 
0.10405024581198337 0.21130441845122283 0.0 0.0 0.0 0.0 0.0 0.35 0.33464533573679384 0.0 0.0 
0.13407738824686108 0.23245967301524012 0.0 0.0 0.0 0.0 0.0 0.35 0.28346293873789874 0.0 0.0 
0.1379902669649574 0.10922476966115142 0.0 0.15884832397571125 0.12684235157193366 0.0 0.0 0.3286842195634046 0.13841006826284172 0.0 0.0 
0.16944795904667764 0.182167167090939 0.0 0.12073339428325107 0.0 0.0 0.0 0.34629091651686333 0.18136056306226894 0.0 0.0 
0.16416098156864478 0.22125954755089927 0.0 0.1146028948634445 0.0 0.0 0.0 0.35 0.14997657601701156 0.0 0.0 
0.12632638747663827 0.2808257417865 0.0 0.0 0.0 0.0 0.0 0.35 0.24284787073686182 0.0 0.0 
0.16135568594333616 0.10107997996922985 0.0 0.1885409869849461 0.11552574066664749 0.0 0.0 0.31471758799192806 0.11878001844391245 0.0 0.0 
0.126026191790087 0.28253475139650175 0.0 0.0 0.0 0.0 0.0 0.35 0.24143905681341118 0.0 0.0 
0.11267078298648318 0.2021589924944031 0.0 0.10991145336888714 0.0 0.0 0.0 0.35 0.2252587711502266 0.0 0.0 
0.10435451611145508 0.20899806502632567 0.0 0.0 0.0 0.0 0.0 0.35 0.33664741886221927 0.0 0.0 
0.12182584646806292 0.2381924159886005 0.0 0.11655701039944195 0.0 0.0 0.0 0.3466329977730508 0.17679172937084398 0.0 0.0 
0.1664719197408416 0.12293913987160417 0.0 0.16375029986815176 0.1245724461201577 0.0 0.0 0.25772114633572724 0.1645450480635175 0.0 0.0 
0.11866179782844057 0.22498904681507387 0.0 0.11656706696162439 0.0 0.0 0.0 0.3442573003425293 0.1955247880523318 0.0 0.0 
0.16371959373615633 0.18605084623586 0.0 0.17586931540373638 0.0 0.0 0.0 0.348835506695609 0.12552473792863839 0.0 0.0 
0.11298207881515317 0.21685367815276094 0.0 0.10806366604844186 0.0 0.0 0.0 0.34818573245066925 0.21391484453297485 0.0 0.0 
