-0.014792454096488659 5.123216769697924E-4 
-0.01019429038357388 8.587894421237904E-5 
-0.014792454096488659 5.123216769697924E-4 
-0.014461597469069297 4.350027110342495E-4 
-0.014521905950852673 4.3990968637299896E-4 
-0.014792454096488657 5.123216769697922E-4 
-0.014368970021372666 3.7144199624822695E-4 
-0.012480367811093561 1.735882677717255E-4 
-0.011534504476732916 1.259772641864507E-4 
-0.01275345395058183 1.8831277616410157E-4 
-0.014521905950852673 4.3990968637299896E-4 
-0.014182776721496076 3.368838233027249E-4 
-0.014792454096488657 5.123216769697922E-4 
-0.01164005936997208 1.3108041440555186E-4 
-0.014034607361893634 3.1985919932926916E-4 
-0.013103241617126279 2.0854275881122169E-4 
-0.012531962473912263 1.8830663085193605E-4 
-0.014236012614456114 3.450572457502906E-4 
-0.012526234851479657 1.8786087502377485E-4 
-0.013849370022055111 3.0165966810925305E-4 
-0.013174603998812727 2.1494903775079357E-4 
-0.013839612239679843 2.86066192648722E-4 
-0.012273907536384637 1.669976531427282E-4 
-0.014264740802494619 3.5003593530434846E-4 
-0.010662100099146627 9.522199750441605E-5 
-0.011861975330424301 1.4131112528070308E-4 
-0.014304775513795396 3.576381290755942E-4 
-0.013346713531029331 2.2984452987308886E-4 
-0.014102239702742107 3.270481104018403E-4 
-0.011262183382725976 1.1514379289093025E-4 
-0.012403734867997682 1.7100151445659912E-4 
-0.014125541681383389 3.296215709221903E-4 
-0.010784355232651394 9.940927723342815E-5 
-0.011161003067776712 1.1095668358236655E-4 
-0.010257023811404885 8.796249493801959E-5 
-0.011352837580961292 1.1724795191488945E-4 
-0.012331601454632428 1.700362446662944E-4 
-0.0105853127752809 9.356000103970195E-5 
-0.013056114343342057 2.0491330281755335E-4 
-0.011898236462497476 1.4542285882968294E-4 
-0.010751389068068763 9.709355751303072E-5 
-0.01340592602422004 2.3568965731787637E-4 
-0.013460740680048704 2.4131770897375043E-4 
-0.013498758579925087 2.4583820828435267E-4 
-0.012938912471886055 1.970128143549329E-4 
-0.013897111887234144 3.068856127122324E-4 
-0.011962578095984699 1.4756640830906564E-4 
-0.011073025621830306 1.0541096786494003E-4 
-0.013611109498312518 2.5824870954922616E-4 
-0.014368970021372666 3.7144199624822695E-4 
-0.01089700871942559 1.0083012976889249E-4 
-0.013720995390238069 2.7198001810128865E-4 
-0.01434656978918942 3.663994041181584E-4 
-0.014328506744999366 3.6250947402930773E-4 
-0.013209364487936744 2.179533062911199E-4 
-0.01139095474303177 1.1943085607953656E-4 
-0.010969730470537625 1.0342880038034493E-4 
-0.013589677159432394 2.5598289196814884E-4 
-0.013675462210699343 2.6869838342487697E-4 
-0.0117264590652445 1.3481451620323703E-4 
-0.013939674602505163 3.1062234423725386E-4 
-0.012042840614663888 1.53385554092834E-4 
-0.013244193966388797 2.2096400894227572E-4 
-0.013543750076048668 2.5021571093872865E-4 
-0.011699163419928368 1.3344707832042602E-4 
-0.012122110449505553 1.5721767635407742E-4 
-0.011014313114093496 1.0392145823246086E-4 
-0.012080252514741228 1.5479702479593812E-4 
-0.012973047831619127 1.9908386395838185E-4 
-0.013277696542632571 2.2337092503058303E-4 
-0.011439363803667875 1.2158856043978407E-4 
-0.010340062888348378 8.894075721327795E-5 
-0.013425602521566056 2.37683031516239E-4 
-0.014504985337515406 4.3843916056327654E-4 
-0.011192123730808311 1.1469770842746448E-4 
-0.011781853074590983 1.377922105454739E-4 
-0.012208164048535362 1.6233245640075451E-4 
-0.010361268617073104 8.913973610568703E-5 
-0.010531242485050211 9.137972947834011E-5 
-0.012864202043517552 1.944106617064218E-4 
-0.01376414698470135 2.7634285698984254E-4 
-0.013849371199409613 3.044823982346225E-4 
-0.010912739005632522 1.0109299647433957E-4 
-0.011439363803667875 1.2158856043978407E-4 
-0.01380107319335158 2.8115708869313745E-4 
-0.011781853074590983 1.377922105454739E-4 
-0.013957905296389366 3.132491740139179E-4 
-0.013665316607562874 2.6510931594566863E-4 
-0.01396824093218959 3.1780276638826275E-4 
-0.013534498949451313 2.4935313612521354E-4 
-0.012208164048535362 1.6233245640075451E-4 
-0.012801018378622494 1.9123977969478487E-4 
-0.013747640594467703 2.750421670672684E-4 
-0.012147964351423512 1.5994419646277484E-4 
-0.010447468216522366 9.094305111002581E-5 
-0.010429878329978262 9.057319365051017E-5 
-0.013665316607562874 2.6510931594566863E-4 
-0.01282325867195016 1.9276360603908392E-4 
-0.013309678278511214 2.2636733092501533E-4 
-0.011070954260538625 1.0531732019330647E-4 
