0.0 0.3000000000000001 0.0 0.0 0.0 0.0 0.0 0.35 0.35 0.0 0.0 
0.18798108897781504 0.0 0.2600390820936862 0.0 0.0 0.0 0.0 0.35 0.10197982892849879 0.1 0.0 
0.0 0.3000000000000001 0.0 0.0 0.0 0.0 0.0 0.35 0.35 0.0 0.0 
0.0 0.20000000000000004 0.0 0.0 0.0 0.0 0.1 0.35 0.3499999999999999 0.0 0.0 
0.0 0.29999999999999993 0.0 0.0 0.0 0.0 0.0 0.35 0.35 0.0 0.0 
0.0 0.2224492689413926 0.0 0.0 0.0 0.0 0.10218202454981237 0.35 0.32536870650879496 0.0 0.0 
0.1 0.19999999999999998 0.0 0.0 0.0 0.0 0.0 0.35 0.35 0.0 0.0 
0.19392724177454645 0.0 0.13111562858629103 0.0 0.0 0.0 0.0 0.35 0.21783891756651463 0.10711821207264793 0.0 
0.0 0.20000000000000004 0.0 0.0 0.0 0.0 0.1 0.35 0.3499999999999999 0.0 0.0 
0.0 0.29999999999999993 0.0 0.0 0.0 0.0 0.0 0.35 0.35 0.0 0.0 
0.16977643731916897 0.0 0.263005271477176 0.0 0.0 0.0 0.0 0.35 0.1172182912036551 0.1 0.0 
0.22300810108351288 0.0 0.13018380193411414 0.0 0.0 0.0 0.0 0.35 0.19680809698237306 0.1 0.0 
0.19726165137957555 0.10479178902380541 0.0 0.0 0.0 0.0 0.0 0.35 0.22671574747223647 0.12123081212438273 0.0 
0.19528162650067354 0.1 0.0 0.0 0.0 0.0 0.0 0.35 0.23757474753410932 0.11714362596521706 0.0 
0.1940176188079733 0.0 0.13124237793304952 0.0 0.0 0.0 0.0 0.35 0.2247400032589773 0.1 0.0 
0.1761493201464277 0.12385067985357237 0.0 0.0 0.0 0.0 0.0 0.35 0.35 0.0 0.0 
0.17418719504838684 0.13799273558935796 0.0 0.0 0.0 0.0 0.0 0.35 0.3378200693622553 0.0 0.0 
0.17692990031534037 0.0 0.2430306290367637 0.0 0.0 0.0 0.0 0.35 0.130039470647896 0.1 0.0 
0.18841618179049308 0.13926824427501888 0.0 0.0 0.0 0.0 0.0 0.35 0.3223155739344881 0.0 0.0 
0.1524504523937643 0.1475495476062357 0.0 0.0 0.0 0.0 0.0 0.35 0.35 0.0 0.0 
0.17753634541841407 0.0 0.13763111696232638 0.0 0.0 0.0 0.0 0.35 0.2348325376192596 0.1 0.0 
0.16488679986818616 0.13511320013181385 0.0 0.0 0.0 0.0 0.0 0.35 0.35 0.0 0.0 
0.1086125723657628 0.10009549941928349 0.0 0.0 0.0 0.0 0.0 0.35 0.3412919282149537 0.1 0.0 
0.10000286281892783 0.10016130660671702 0.0 0.0 0.0 0.0 0.0 0.35 0.34983583057435524 0.1 0.0 
0.247035514200819 0.0 0.13158800612017246 0.0 0.0 0.0 0.0 0.35 0.17137647967900865 0.1 0.0 
0.1920098729964851 0.1 0.0 0.0 0.0 0.0 0.0 0.35 0.24921352894558874 0.10877659805792612 0.0 
0.11701963082540953 0.1 0.0 0.0 0.0 0.0 0.0 0.35 0.3325621141611239 0.10041825501346656 0.0 
0.1084489505599426 0.10377939057616858 0.0 0.0 0.0 0.0 0.0 0.35 0.33777165886388894 0.1 0.0 
0.14123596112865722 0.10009591407501263 0.0 0.0 0.0 0.0 0.0 0.35 0.30866812479633016 0.1 0.0 
0.10783761796194771 0.1921623820380523 0.0 0.0 0.0 0.0 0.0 0.35 0.35 0.0 0.0 
0.1970328073389415 0.10210763499745312 0.1 0.0 0.0 0.0 0.0 0.35 0.15054577001822772 0.10031378764537764 0.0 
0.19113305709144837 0.1 0.0 0.0 0.0 0.0 0.0 0.35 0.2446987156186396 0.1141682272899119 0.0 
0.1701269907439273 0.0 0.23322173851566627 0.0 0.0 0.0 0.0 0.35 0.14665127074040651 0.1 0.0 
0.24830014821411397 0.10026625973465991 0.0 0.0 0.0 0.0 0.0 0.35 0.20143359205122618 0.1 0.0 
0.18829017076415708 0.0 0.12062092248731224 0.0 0.0 0.0 0.0 0.35 0.24108890674853073 0.1 0.0 
0.23919459099182672 0.10253068411089207 0.0 0.0 0.0 0.0 0.0 0.35 0.2082747248972813 0.1 0.0 
0.23973564085196655 0.0 0.16859000010320924 0.0 0.0 0.0 0.0 0.35 0.14167435904482434 0.1 0.0 
0.2420351686756362 0.0 0.13906396509038438 0.0 0.0 0.0 0.0 0.35 0.16890086623397946 0.1 0.0 
0.22245757015830356 0.1001188029020075 0.10115359843995936 0.0 0.0 0.0 0.0 0.35 0.12627002849972963 0.1 0.0 
0.1893531689249832 0.0 0.12470071626039425 0.0 0.0 0.0 0.0 0.35 0.23594611481462255 0.1 0.0 
0.1826311779267838 0.1 0.0 0.0 0.0 0.0 0.0 0.35 0.2659454486141898 0.10142337345902637 0.0 
0.1701269907439273 0.0 0.2416611423210338 0.0 0.0 0.0 0.0 0.35 0.13821186693503895 0.1 0.0 
0.24920806179729116 0.0 0.1564280168990428 0.0 0.0 0.0 0.0 0.35 0.14436392130366618 0.1 0.0 
0.1314016079933086 0.16923530736739928 0.0 0.0 0.0 0.0 0.0 0.35 0.3493630846392921 0.0 0.0 
0.15043760486033064 0.10003028856488776 0.10149811038993546 0.0 0.0 0.0 0.0 0.35 0.19803399618484618 0.1 0.0 
0.12412674454296256 0.17587325545703744 0.0 0.0 0.0 0.0 0.0 0.35 0.35 0.0 0.0 
0.19415945034459242 0.1 0.0 0.0 0.0 0.0 0.0 0.35 0.2206923294976998 0.13514822015770783 0.0 
0.25301572928369354 0.0 0.1376930580391971 0.0 0.0 0.0 0.0 0.35 0.15929121267710944 0.1 0.0 
0.19351941723380983 0.10043509910307014 0.0 0.0 0.0 0.0 0.0 0.35 0.25604548366312 0.1 0.0 
0.1364216701758546 0.10080940614045843 0.10126596510929085 0.0 0.0 0.0 0.0 0.35 0.21150295857439622 0.1 0.0 
0.2329033437921688 0.0 0.15806802100712808 0.0 0.0 0.0 0.0 0.35 0.15902863520070326 0.1 0.0 
0.1816669180733971 0.13890762512881336 0.0 0.0 0.0 0.0 0.0 0.35 0.32942545679778956 0.0 0.0 
0.17699700464783974 0.14063621312030603 0.0 0.0 0.0 0.0 0.0 0.35 0.33236678223185423 0.0 0.0 
0.11864711328534074 0.10648134237100745 0.0 0.0 0.0 0.0 0.0 0.35 0.32487154434365184 0.1 0.0 
0.24335933211577146 0.0 0.1564280168990428 0.0 0.0 0.0 0.0 0.35 0.15021265098518574 0.1 0.0 
0.15200448098593036 0.10654650093037778 0.0 0.0 0.0 0.0 0.0 0.35 0.28951427881040087 0.10193473927329089 0.0 
0.1286181752240511 0.1 0.0 0.0 0.0 0.0 0.0 0.35 0.314627518026004 0.10675430674994485 0.0 
0.14337835911916552 0.15662164088083458 0.0 0.0 0.0 0.0 0.0 0.35 0.35 0.0 0.0 
0.0 0.2067113820409323 0.0 0.0 0.0 0.0 0.1048438724670408 0.35 0.33844474549202697 0.0 0.0 
0.11396268915781015 0.18603731084218988 0.0 0.0 0.0 0.0 0.0 0.35 0.35 0.0 0.0 
0.0 0.20638146537817958 0.0 0.0 0.0 0.0 0.1 0.35 0.34361853462182046 0.0 0.0 
0.1696240523446697 0.10944605479679924 0.0 0.0 0.0 0.0 0.0 0.35 0.2709298928585311 0.1 0.0 
0.16977643731916897 0.0 0.2673506959890898 0.0 0.0 0.0 0.0 0.35 0.11287286669174135 0.1 0.0 
0.19530473758022338 0.10183727412115037 0.0 0.0 0.0 0.0 0.0 0.35 0.216130801680969 0.1367271866176572 0.0 
0.1893531689249832 0.1335628198771166 0.0 0.0 0.0 0.0 0.0 0.35 0.32708401119790015 0.0 0.0 
0.2440713394290963 0.0 0.14690002537020042 0.0 0.0 0.0 0.0 0.35 0.15902863520070326 0.1 0.0 
0.17052031672329437 0.0 0.23778461198542228 0.0 0.0 0.0 0.0 0.35 0.1416950712912834 0.1 0.0 
0.11839957955173214 0.18160042044826796 0.0 0.0 0.0 0.0 0.0 0.35 0.35 0.0 0.0 
0.1384353663591874 0.10000127873666764 0.0 0.0 0.0 0.0 0.0 0.35 0.311563354904145 0.1 0.0 
0.12387286651219931 0.1 0.0 0.0 0.0 0.0 0.0 0.35 0.32332491387535206 0.1028022196124487 0.0 
0.1384353663591874 0.1615646336408127 0.0 0.0 0.0 0.0 0.0 0.35 0.35 0.0 0.0 
0.13073330937815703 0.10011750383189048 0.10019658535194907 0.0 0.0 0.0 0.0 0.35 0.2189526014380034 0.1 0.0 
0.21296053475004678 0.10011882465386354 0.10436109283454512 0.0 0.0 0.0 0.0 0.35 0.13255954776154466 0.1 0.0 
0.17619858243263906 0.0 0.26686349653175545 0.0 0.0 0.0 0.0 0.35 0.10693792103560557 0.1 0.0 
0.1892988802835988 0.1 0.0 0.0 0.0 0.0 0.0 0.35 0.2600047798534715 0.10069633986292967 0.0 
0.16103244728304938 0.1 0.0 0.0 0.0 0.0 0.0 0.35 0.28828618716613197 0.1006813655508186 0.0 
0.14515993176441466 0.1 0.0 0.0 0.0 0.0 0.0 0.35 0.30198370025717136 0.10285636797841405 0.0 
0.13073330937815703 0.10011750383189048 0.10019658535194907 0.0 0.0 0.0 0.0 0.35 0.2189526014380034 0.1 0.0 
0.15046025143339276 0.1046477302420104 0.0 0.0 0.0 0.0 0.0 0.35 0.2948920183245969 0.1 0.0 
0.10034020766067547 0.19965979233932463 0.0 0.0 0.0 0.0 0.0 0.35 0.35 0.0 0.0 
0.14515993176441466 0.1 0.0 0.0 0.0 0.0 0.0 0.35 0.30198370025717136 0.10285636797841405 0.0 
0.10034020766067547 0.10245449521553252 0.0 0.0 0.0 0.0 0.0 0.35 0.3472052971237921 0.1 0.0 
0.1980899701241637 0.1014363692794202 0.10006975254667445 0.0 0.0 0.0 0.0 0.35 0.15040390804974163 0.1 0.0 
0.16103244728304938 0.1 0.0 0.0 0.0 0.0 0.0 0.35 0.28828618716613197 0.1006813655508186 0.0 
0.25405583549033833 0.1 0.0 0.0 0.0 0.0 0.0 0.35 0.1947339168770867 0.10121024763257493 0.0 
0.1934384615857742 0.0 0.1 0.0 0.0 0.0 0.0 0.35 0.2502039703354579 0.10635756807876796 0.0 
0.17692990031534037 0.0 0.2430306290367637 0.0 0.0 0.0 0.0 0.35 0.130039470647896 0.1 0.0 
0.14609223129635285 0.10210220742940784 0.1 0.0 0.0 0.0 0.0 0.35 0.20149177362886167 0.10031378764537764 0.0 
0.11881153541438219 0.1 0.0 0.0 0.0 0.0 0.0 0.35 0.3307702095721513 0.10041825501346656 0.0 
0.11839957955173214 0.11939797039426188 0.0 0.0 0.0 0.0 0.0 0.35 0.31220245005400604 0.1 0.0 
0.1780441450990136 0.1 0.0 0.0 0.0 0.0 0.0 0.35 0.2707456072684115 0.10121024763257493 0.0 
0.24439411914236006 0.0 0.17022207546776164 0.0 0.0 0.0 0.0 0.35 0.13538380538987838 0.1 0.0 
0.25405583549033833 0.1 0.0 0.0 0.0 0.0 0.0 0.35 0.1947339168770867 0.10121024763257493 0.0 
0.1695708879167094 0.10363812634269487 0.0 0.0 0.0 0.0 0.0 0.35 0.2767909857405958 0.1 0.0 
0.24439411914236006 0.0 0.17022207546776164 0.0 0.0 0.0 0.0 0.35 0.13538380538987838 0.1 0.0 
0.1693884986779871 0.10009549941928347 0.0 0.0 0.0 0.0 0.0 0.35 0.2805160019027294 0.1 0.0 
0.0 0.2213142078417864 0.0 0.0 0.0 0.0 0.1 0.35 0.3286857921582136 0.0 0.0 
0.1693884986779871 0.10009549941928349 0.0 0.0 0.0 0.0 0.0 0.35 0.2805160019027294 0.1 0.0 
0.10034020766067547 0.10245449521553252 0.0 0.0 0.0 0.0 0.0 0.35 0.3472052971237921 0.1 0.0 
0.15232151226764973 0.10250028319485908 0.0 0.0 0.0 0.0 0.0 0.35 0.2951782045374912 0.1 0.0 
