-0.013896782101248402 3.938597041776102E-4 
-0.004526105313980811 1.4056985776013707E-5 
-0.013896782101248402 3.938597041776102E-4 
-0.01351017132847021 2.619279766413804E-4 
-0.013529777570585412 3.907911290687534E-4 
-0.006604976274202423 1.6862300407524542E-5 
-0.005015156034608097 1.6631372812303873E-5 
-0.012278213600442643 1.2320549030399026E-4 
-0.010576601135724095 5.6596140054272E-5 
-0.013032795709409576 1.9314232352736133E-4 
-0.013448632338189086 2.5233737961880893E-4 
-0.008718166389073733 2.9112399922288064E-5 
-0.008906858427764635 3.185571058197584E-5 
-0.012336190795303561 1.3276875631454142E-4 
-0.012752687131288158 1.7061626125053757E-4 
-0.01293559481502566 1.8599892886881622E-4 
-0.012162322109980441 1.1717749085232263E-4 
-0.013242007315618184 2.1653349039942884E-4 
-0.0072505422099793946 2.2107320967759255E-5 
-0.007818320924325004 2.4671688713824314E-5 
-0.00795539050134609 2.502925069214629E-5 
-0.00748912688415907 2.445077911383245E-5 
-0.011169396557124886 7.197789829139353E-5 
-0.008523615144728791 2.7498150171260464E-5 
-0.011618210400971348 8.85352675052976E-5 
-0.012825095206823865 1.744603118458865E-4 
-0.010861348699708154 6.312896268192088E-5 
-0.011867106295328634 9.946871602894193E-5 
-0.01329325789745674 2.222893206718518E-4 
-0.013403571183266152 2.3935936775822293E-4 
-0.01196131911616659 1.0281335581144954E-4 
-0.008320561375306769 2.7062098884833718E-5 
-0.007486860166637154 2.442250394447793E-5 
-0.0070789417389080685 2.035522548731578E-5 
-0.009437973690400524 3.819172610183045E-5 
-0.012007193675951476 1.0625017722233603E-4 
-0.010288840296317875 5.2251968157244524E-5 
-0.011484455315333247 8.262091439914766E-5 
-0.01262767364692921 1.6059824625688893E-4 
-0.01255731279750498 1.5249438433887548E-4 
-0.012414266728971111 1.361930104821167E-4 
-0.011548870960457407 8.563957907344875E-5 
-0.004762844091175822 1.471180616910078E-5 
-0.009167503503668746 3.670615654528438E-5 
-0.013191071164535755 2.121585072640713E-4 
-0.013376972370262984 2.3465859375545632E-4 
-0.013336164492866495 2.3109074191069736E-4 
-0.00901210070527753 3.542856560800024E-5 
-0.013320804502264052 2.2595310967168507E-4 
-0.012875940490924609 1.7841438941270543E-4 
-0.013140568904901425 2.06462881146192E-4 
-0.01351017132847021 2.619279766413804E-4 
-0.013090256037574514 1.9862138574636422E-4 
-0.006914826705471114 1.8923454167917208E-5 
-0.013096508169327751 2.008860355046829E-4 
-0.013432842325670987 2.449619426371152E-4 
-0.011400124314122954 7.996328512434761E-5 
-0.010131565082920527 4.976845285441697E-5 
-0.00813683628640367 2.5429384801008796E-5 
-0.008611347325545476 2.8226561509047304E-5 
-0.013757525893994014 3.919724618901022E-4 
-0.012463171754547706 1.4343423961747287E-4 
-0.009320402732302792 3.776032632622267E-5 
-0.010275061026062713 5.217143621648857E-5 
-0.0072041635426607475 2.2094125157506496E-5 
-0.013554689186550724 3.9080517088082727E-4 
-0.009802780080135617 4.458484272571799E-5 
-0.009573612504217881 3.94409444597361E-5 
-0.006970853442124588 1.9564526068018233E-5 
-0.00993527374231758 4.645850191567866E-5 
-0.004973732359365461 1.655796258476839E-5 
-0.013445369321977419 2.4749716542335655E-4 
-0.01067779729461982 5.97263312969701E-5 
-0.008944853236922855 3.498165539135281E-5 
-0.013165283811621771 2.0857969046480206E-4 
-0.006735610005520183 1.7854484294258168E-5 
-0.01267624355100877 1.655970229867466E-4 
-0.011819828968752779 9.586976616214337E-5 
-0.004826126691687445 1.6263906511927725E-5 
-0.009602254515297849 3.981071880261033E-5 
-0.011072918878043929 6.898987981552356E-5 
-0.010954184573747822 6.58542738406916E-5 
-0.009249592372840123 3.6889530040748914E-5 
-0.011713650396756786 9.18945453477172E-5 
-0.01061751335314251 5.845416928775332E-5 
-0.01208197709623728 1.1029461971794947E-4 
-0.013722176228583075 3.916340794909095E-4 
-0.012076504067484648 1.0997421683155895E-4 
-0.0067611135914504095 1.8174053794722863E-5 
-0.012632926650996142 1.6112282014863483E-4 
-0.011257114908912576 7.471092394364672E-5 
-0.01267624355100877 1.655970229867466E-4 
-0.012550456643072796 1.521491023453256E-4 
-0.010036390325041646 4.740322371425742E-5 
-0.010769767770036704 6.062030845687579E-5 
-0.004603079028816153 1.4191672616341408E-5 
-0.01289467359619648 1.8217302699287906E-4 
-0.012463171754547706 1.4343423961747287E-4 
-0.012507650769667691 1.4779811858192337E-4 
-0.012507650769667691 1.4779811858192337E-4 
