0.0 0.29999999999999993 0.0 0.0 0.0 0.0 0.0 0.35 0.35 0.0 0.0 
0.10229394091591319 0.17857457162878024 0.0 0.0 0.14491033114828247 0.14651051990493932 0.0 0.10014140926092144 0.16580073526274708 0.16176849187841624 0.0 
0.0 0.29999999999999993 0.0 0.0 0.0 0.0 0.0 0.35 0.35 0.0 0.0 
0.10229394091591319 0.17857457162878024 0.0 0.0 0.14491033114828247 0.14651051990493932 0.0 0.10014140926092144 0.16580073526274708 0.16176849187841624 0.0 
0.10008181629724965 0.19991818370275047 0.0 0.0 0.0 0.0 0.0 0.35 0.35 0.0 0.0 
0.0 0.3282615436491139 0.0 0.0 0.0 0.0 0.0 0.32173845635088605 0.35 0.0 0.0 
0.20934773618762134 0.11382597281782314 0.0 0.1417625121270057 0.0 0.0 0.0 0.27633674306832023 0.25872703579922945 0.0 0.0 
0.11990940067499994 0.14158722722884454 0.0 0.10423762064433528 0.1046547062544104 0.10346160360893542 0.0 0.1602541432328781 0.26589529835559644 0.0 0.0 
0.21627512517441308 0.10851342601853198 0.0 0.10534598928126006 0.0 0.0 0.0 0.33773951982047795 0.23212593970531692 0.0 0.0 
0.1140200774712162 0.1393273605517456 0.0 0.1015608829735459 0.14994632682624198 0.1097773003294938 0.0 0.11409686890913529 0.27127118293862124 0.0 0.0 
0.20739668772738198 0.11350846056517473 0.0 0.12165306322577578 0.0 0.0 0.0 0.32986219490658647 0.22757959357508092 0.0 0.0 
0.18659866164939115 0.12514442049239374 0.0 0.11216960847870516 0.0 0.10084116351972514 0.0 0.22626614419634603 0.24898000166343867 0.0 0.0 
0.18819986810278697 0.17086956018597027 0.0 0.0 0.0 0.0 0.0 0.35 0.29093057171124287 0.0 0.0 
0.18556799149758757 0.15087500173609336 0.0 0.0 0.0 0.0 0.0 0.34660809453277375 0.3169489122335452 0.0 0.0 
0.12625326257320305 0.13521651926128295 0.0 0.10794680383736871 0.11027310756187353 0.1000458829172529 0.0 0.14807156568529684 0.272192858163722 0.0 0.0 
0.23913192757048474 0.110686400760552 0.0 0.1552296384124012 0.0 0.0 0.0 0.23611241252315857 0.2588396207334034 0.0 0.0 
0.13606807368481832 0.11039789802089128 0.0 0.1001331046679491 0.0 0.0 0.0 0.35 0.3034009236263413 0.0 0.0 
0.1978418278224194 0.13726534785341263 0.0 0.1322075458992625 0.0 0.10237779450488547 0.0 0.17136566160398925 0.25894182231603063 0.0 0.0 
0.12975761916428333 0.13488468502793458 0.0 0.1079492556428255 0.11707989320101915 0.10922070002871487 0.0 0.12958297600342408 0.27152487093179856 0.0 0.0 
0.22358615769627 0.1267192981089266 0.0 0.0 0.0 0.0 0.0 0.35 0.29969454419480335 0.0 0.0 
0.15706259078363893 0.14293740921636108 0.0 0.0 0.0 0.0 0.0 0.35 0.35 0.0 0.0 
0.22814938546884012 0.1146570716593329 0.0 0.11638268024385358 0.0 0.0 0.0 0.2888171704568254 0.25199369217114787 0.0 0.0 
0.10743139914339885 0.1925686008566012 0.0 0.0 0.0 0.0 0.0 0.35 0.35 0.0 0.0 
0.10664277476102424 0.17814342348794177 0.0 0.0 0.13050143082077356 0.14367628972017138 0.0 0.1271784493179192 0.1904362392548789 0.12342139263729081 0.0 
0.1057328427108478 0.17662341042636232 0.0 0.0 0.12940101029130735 0.14238303086205287 0.0 0.12609329612882186 0.18881133744599973 0.13095507213460822 0.0 
0.22395370723996802 0.1278773232647348 0.0 0.14501670755935395 0.0 0.0 0.0 0.2524137948932302 0.2507384670427131 0.0 0.0 
0.17008957764249294 0.13026840175049872 0.0 0.0 0.0 0.0 0.0 0.35 0.34964202060700833 0.0 0.0 
0.1827041043683524 0.1311849801523768 0.0 0.11674008747788209 0.0 0.10404368864081197 0.0 0.22154367485201504 0.24378346450856167 0.0 0.0 
0.10340640477715773 0.1801093836634865 0.0 0.0 0.122952688582578 0.13658940829393026 0.0 0.14005172414424577 0.18593941621936255 0.1309509743192391 0.0 
0.10430916825215253 0.17754546819658837 0.0 0.0 0.12452550056343861 0.14738821501800817 0.0 0.10909762264619005 0.19873880081482337 0.13839522450879893 0.0 
0.15668068246183398 0.11126772578513996 0.0 0.10622528155898753 0.0 0.0 0.0 0.3456431152261489 0.28018319496788974 0.0 0.0 
0.16876842842682419 0.10720902066556717 0.0 0.10535375244800112 0.0 0.0 0.0 0.34588820432816003 0.2727805941314476 0.0 0.0 
0.16338673556138636 0.1483413348108616 0.0 0.0 0.0 0.0 0.0 0.35 0.33827192962775215 0.0 0.0 
0.16912177680872728 0.14641785836344337 0.0 0.0 0.0 0.0 0.0 0.35 0.33446036482782926 0.0 0.0 
0.1887878574422857 0.10855057952850164 0.0 0.1075506230084454 0.0 0.0 0.0 0.34653878803160015 0.24857215198916716 0.0 0.0 
0.12185049208455334 0.13405284811467466 0.0 0.1018862692588115 0.14113916674156024 0.10621309571667199 0.0 0.12860679420709448 0.26625133387663397 0.0 0.0 
0.23831226264858946 0.13800397540971313 0.0 0.0 0.0 0.0 0.0 0.35 0.27368376194169736 0.0 0.0 
0.10439332511205346 0.18182836435550545 0.0 0.0 0.12412616046619825 0.13419875821540558 0.0 0.14138839081197327 0.18186421845379683 0.1322007825850673 0.0 
0.1333567805208389 0.12968371220353458 0.0 0.10039494119878654 0.10455310747413184 0.10004523678941363 0.0 0.17723368365983333 0.2547325381534613 0.0 0.0 
0.220058078268533 0.12032355532886685 0.0 0.0 0.0 0.0 0.0 0.35 0.30961836640260004 0.0 0.0 
0.1423037810819074 0.10898778385796709 0.0 0.10618385920354322 0.0 0.0 0.0 0.35 0.2925245758565823 0.0 0.0 
0.23223930202852142 0.11566200337910865 0.0 0.15154256313653036 0.0 0.0 0.0 0.24677986604188573 0.2537762654139537 0.0 0.0 
0.23690878360543635 0.10399567290719558 0.0 0.11935937390685183 0.0 0.0 0.0 0.297389509521931 0.24234666005858535 0.0 0.0 
0.11286938281465857 0.13792126389881493 0.0 0.10053592694874021 0.148433063189906 0.10866942392998548 0.0 0.12303743465670079 0.2685335045611939 0.0 0.0 
0.21561186637487773 0.14953010709821044 0.0 0.0 0.0 0.0 0.0 0.35 0.2848580265269118 0.0 0.0 
0.19046021690150072 0.13499896371320605 0.0 0.12849579342500567 0.0 0.10212210482360795 0.0 0.170777695392257 0.2731452257444227 0.0 0.0 
0.21766836496153127 0.1229434405536347 0.0 0.13921221639740713 0.0 0.0 0.0 0.27685552141686487 0.24332045667056199 0.0 0.0 
0.2165135804937878 0.1297470819589562 0.0 0.11522929900518122 0.0 0.0 0.0 0.30130884869750807 0.23720118984456662 0.0 0.0 
0.1643988218777748 0.10804565705076404 0.0 0.1051968544524374 0.0 0.0 0.0 0.3499843107795538 0.27237435583947006 0.0 0.0 
0.12738949536111505 0.14049973760936257 0.0 0.10889675839480616 0.1060513967686221 0.10636866031373379 0.0 0.14465240222090184 0.26614154933145856 0.0 0.0 
0.19186483846937796 0.13261680882380647 0.0 0.12579109845719433 0.0 0.10574924002900912 0.0 0.19468835746437216 0.24928965675624 0.0 0.0 
0.17272835152435018 0.11953212922639506 0.0 0.11860406868379723 0.0 0.11615509710145533 0.0 0.20208925404972344 0.2708910994142788 0.0 0.0 
0.19038683829918496 0.13219171297780397 0.0 0.12165507270159885 0.0 0.11088036211857316 0.0 0.18065378720172023 0.26423222670111907 0.0 0.0 
0.10436724191435036 0.1821939339716367 0.0 0.0 0.12645798490885768 0.1504372465683885 0.0 0.10217108259197671 0.16916119656557674 0.16521131347921336 0.0 
0.17493665905173475 0.1433207548482107 0.0 0.0 0.0 0.0 0.0 0.35 0.33174258610005447 0.0 0.0 
0.1258485338011355 0.17415146619886474 0.0 0.0 0.0 0.0 0.0 0.35 0.35 0.0 0.0 
0.18563913992111716 0.1287792302201559 0.0 0.12215336458120554 0.0 0.10003412917095382 0.0 0.1947130141991122 0.2686811219074553 0.0 0.0 
0.22866250738099733 0.14546457975171695 0.0 0.0 0.0 0.0 0.0 0.35 0.27587291286728566 0.0 0.0 
0.12324510405774328 0.18550506411209952 0.0 0.0 0.0 0.0 0.0 0.3498260235710506 0.34142380825910673 0.0 0.0 
0.23373985582452586 0.12785271278734608 0.0 0.0 0.0 0.0 0.0 0.35 0.2884074313881281 0.0 0.0 
0.10076870169437716 0.17441444911312423 0.0 0.0 0.1425790685901882 0.1406801100987775 0.0 0.10547955773707791 0.17672164692215675 0.1593564658442984 0.0 
0.12264426297338851 0.1125639471096011 0.0 0.10503556040474285 0.10479330475110857 0.109383780672683 0.0 0.19030836521942093 0.255270778869055 0.0 0.0 
0.15882683296443773 0.10469861479156713 0.0 0.10150816503291676 0.0 0.0 0.0 0.34987089137640737 0.2850954958346712 0.0 0.0 
0.10475702319262316 0.17985956798702785 0.0 0.0 0.1349164920335414 0.1526299631992272 0.0 0.10269496488494079 0.18615255961841953 0.13898942908422007 0.0 
0.18731815033771074 0.1020688579891064 0.0 0.10191820000128751 0.0 0.0 0.0 0.3475997769879575 0.2610950146839377 0.0 0.0 
0.20406505850371948 0.11463362303949995 0.0 0.12281957029031804 0.0 0.0 0.0 0.3034813825752499 0.25500036559121264 0.0 0.0 
0.0 0.30388868488407567 0.0 0.0 0.0 0.0 0.0 0.3480556575579621 0.3480556575579621 0.0 0.0 
0.18858701744637843 0.13039992300142383 0.0 0.12369067052600662 0.0 0.10129306347853298 0.0 0.19313291670043817 0.26289640884722 0.0 0.0 
0.21789510068431073 0.11692511778382728 0.0 0.11079884549584618 0.0 0.0 0.0 0.3162616889351224 0.23811924710089338 0.0 0.0 
0.0 0.31182288052712304 0.0 0.0 0.0 0.0 0.0 0.3381771194728771 0.35 0.0 0.0 
0.1778909561196868 0.12780920478769833 0.0 0.10420169773495498 0.0 0.0 0.0 0.33295508873716995 0.25714305262049 0.0 0.0 
0.1435852637915254 0.10990994155402564 0.0 0.10926201813379059 0.0 0.0 0.0 0.3477224431071683 0.28952033341349 0.0 0.0 
0.10402681299731402 0.1758494768220001 0.0 0.0 0.12859748032322835 0.14680015422464623 0.0 0.10850464088229045 0.19820083329297794 0.13802060145754277 0.0 
0.18887377483453105 0.12640151395816082 0.0 0.0 0.0 0.0 0.0 0.35 0.33472471120730823 0.0 0.0 
0.18546069690971614 0.10706066817334316 0.0 0.10425756931128717 0.0 0.0 0.0 0.3468790174652418 0.25634204814041167 0.0 0.0 
0.12361984619737937 0.1421059797205605 0.0 0.11058511932046444 0.11288387423048653 0.10070957227090141 0.0 0.13144269461687108 0.2786529136433369 0.0 0.0 
0.12150059140105533 0.131135080081578 0.0 0.11232964199745953 0.0 0.0 0.0 0.3495093779194617 0.2855253086004454 0.0 0.0 
0.2110986908191237 0.10631663985651713 0.0 0.10782370507248146 0.0 0.0 0.0 0.34014743919726875 0.23461352505460897 0.0 0.0 
0.22703877366788575 0.13473676729833398 0.0 0.12811055689069553 0.0 0.0 0.0 0.2558694926069987 0.2542444095360861 0.0 0.0 
0.17196085401914135 0.11900100269062988 0.0 0.12252044472986291 0.0 0.11563897599883433 0.0 0.20119129493100396 0.2696874276305275 0.0 0.0 
0.20506493622581917 0.11837758326740132 0.0 0.0 0.0 0.0 0.0 0.35 0.3265574805067795 0.0 0.0 
0.22119522300004932 0.13608895552406924 0.0 0.12908453577712609 0.0 0.0 0.0 0.25781477712944084 0.25581650856931454 0.0 0.0 
0.10410588997494773 0.17874162347444117 0.0 0.0 0.13407789804816486 0.14710098405901206 0.0 0.10205664870444335 0.19824257718085753 0.13567437855813322 0.0 
0.1430839072695944 0.10952616912106086 0.0 0.10888050805438403 0.0 0.0 0.0 0.35 0.28850941555496074 0.0 0.0 
0.0 0.32118066308607135 0.0 0.0 0.0 0.0 0.0 0.3288193369139287 0.35 0.0 0.0 
0.17579247773006337 0.16029197736008388 0.0 0.0 0.0 0.0 0.0 0.35 0.3139155449098528 0.0 0.0 
0.21805958158470287 0.13067353252983552 0.0 0.10891165155864194 0.0 0.0 0.0 0.3034603248669305 0.23889490945988917 0.0 0.0 
0.13853550692835648 0.1614644930716435 0.0 0.0 0.0 0.0 0.0 0.35 0.35 0.0 0.0 
0.1215186811096085 0.131092856952916 0.0 0.11229347388040294 0.0 0.0 0.0 0.3493957785875768 0.2856992094694956 0.0 0.0 
0.11918008463651578 0.12190025174760974 0.0 0.10466577760317942 0.1039193323149222 0.10847152383050371 0.0 0.18872120021901853 0.2531418296482507 0.0 0.0 
0.2030185317583842 0.1053930935563805 0.0 0.10614888272759729 0.0 0.0 0.0 0.34090701139144897 0.2445324805661891 0.0 0.0 
0.14732176398765057 0.15267823601234948 0.0 0.0 0.0 0.0 0.0 0.35 0.35 0.0 0.0 
0.1895844528808363 0.12468504687723822 0.0 0.1117578621271323 0.0 0.10047100103337313 0.0 0.22543557822913943 0.24806605885228064 0.0 0.0 
0.18698629591981647 0.13306829154405098 0.0 0.0 0.0 0.0 0.0 0.34925723563350375 0.3306881769026289 0.0 0.0 
0.11417716449159508 0.18582283550840506 0.0 0.0 0.0 0.0 0.0 0.35 0.35 0.0 0.0 
0.18264615673936138 0.10276318555398609 0.0 0.10188818431208145 0.0 0.0 0.0 0.34996433863255366 0.26273813476201735 0.0 0.0 
0.12043800640233375 0.1423186647258273 0.0 0.11066787937633088 0.11305282354164471 0.10281324206806779 0.0 0.13163942025960507 0.2790699636261904 0.0 0.0 
0.14732176398765057 0.15267823601234948 0.0 0.0 0.0 0.0 0.0 0.35 0.35 0.0 0.0 
0.1381617363663202 0.16183826363367973 0.0 0.0 0.0 0.0 0.0 0.35 0.35 0.0 0.0 
0.23027677840127064 0.1146846088880643 0.0 0.1586127254536874 0.0 0.0 0.0 0.2446944682922081 0.2517314189647696 0.0 0.0 
