-8.128250276320189E-4 6.168569915367152E-5 
-0.010668265535192165 0.008605517350996168 
-0.010628906270909736 0.006207883882914449 
-0.010635921851378804 0.008511468223370827 
-0.001987164984479729 7.696089194661297E-5 
-0.002936976144121792 7.762626990771371E-5 
-0.0015701174917487468 7.303241686286454E-5 
-0.01053241728475636 0.006040579531514294 
-0.0045972375404617575 1.3447061210312655E-4 
-0.009059436665026926 0.002606135174039091 
-0.009005525390121016 0.0023183508684518597 
-0.0011646248228119472 7.196586634963266E-5 
-0.00796175974233428 9.395513571492642E-4 
-0.0037964282288457224 1.151442580251042E-4 
-0.00431605100157976 1.2404337632973704E-4 
-0.003538500479853369 9.258583052412516E-5 
-0.008779893361800259 0.0019647825554415673 
-0.007863237812337755 8.164564924526503E-4 
-0.00661936568253603 2.8523313827205307E-4 
-0.00640399621948356 2.671660159745229E-4 
-0.009037635394774049 0.002379302024858051 
-0.003985533802315582 1.2377144166294347E-4 
-0.004861480133238524 1.4559016403234646E-4 
-0.006772274802108902 3.0396737060704195E-4 
-0.005983337999593557 2.1630203705774427E-4 
-0.0034080112299150426 8.720747459872238E-5 
-0.010451451237142913 0.005633880756861673 
-0.010471209492308871 0.005786348115344607 
-0.0011402174406302487 6.875588057639857E-5 
-0.010216217532985345 0.004882156283357138 
-0.00937303593234548 0.0031458928788127356 
-0.008159610019784106 0.0011331095644599998 
-0.010514043142182152 0.005896183477669405 
-0.010343269306055228 0.005300633699087353 
-0.010167588563454594 0.0047605923867103436 
-0.010106760346511165 0.004677370180915839 
-0.007778234474655995 7.354110934652856E-4 
-0.008667200354549697 0.0017888916335407209 
-0.0031734930069861325 8.342650029768941E-5 
-0.010254692967385431 0.004999926409126266 
-0.008904630632866116 0.0021169052606406064 
-0.009492077124339212 0.0032976596130173076 
-0.008261800686260144 0.0012033428455248878 
-0.009295039426523925 0.0029717481385449812 
-0.008402026805346992 0.0013853327359354434 
-0.008560606024116211 0.0016136893836066874 
-0.01038270463613819 0.005420986656282451 
-0.006145375697170317 2.415030814190395E-4 
-0.008753611505279639 0.0018638409525058484 
-0.010418054477205823 0.005512359795347908 
-0.0076444137548095665 7.128351504137786E-4 
-0.008619446033714517 0.0016874422165786868 
-0.007579304418225749 6.391840773168238E-4 
-0.009886029405397803 0.0040042968717109795 
-0.007053338278741155 4.121539346383374E-4 
-0.009967678807901264 0.004205428331331597 
-0.00713631261807807 4.4956936502623735E-4 
-0.008889693563646252 0.0021091711117474403 
-0.004413982479991233 1.2576176740245306E-4 
-0.009156533066979066 0.0026580938798796013 
-0.005629928970601021 1.984511504368083E-4 
-0.0072618881263928365 4.916744520830918E-4 
-0.004962860091683367 1.4562646395783045E-4 
-0.010066932516843964 0.004504857064993454 
-0.005526207101155572 1.7633945301164224E-4 
-0.010312356110604388 0.005176123712337331 
-0.00981369629135967 0.0038690546070479733 
-0.010033440523019226 0.004342691359846707 
-0.010283627591860096 0.005113850524470249 
-0.007366566781280099 4.989011856679462E-4 
-0.00918372524993415 0.0027521941221919197 
-0.008057397782762626 0.0010221592941322322 
-0.009207249526789512 0.0028324475974805348 
-0.008509525232199621 0.0015033415459216502 
-0.009668571614485214 0.0036051704717263546 
-0.008492298096488314 0.0014607476935297823 
-0.0030793832600955386 8.023224469264321E-5 
-0.009550386285487152 0.0033976246792844314 
-0.008080542288510038 0.0010522144425069205 
-0.00533782150358033 1.7086797897535012E-4 
-0.009732117895950696 0.003719493370677271 
-0.0051742245688740605 1.5571211745923666E-4 
-0.006927342580281693 3.445443017869282E-4 
-0.010022682284014676 0.0043151110475894185 
-0.005132674944651926 1.5322138543196495E-4 
-0.005811163406919733 2.0535710941314405E-4 
-0.00979109048232796 0.0038272953604749954 
-0.009438226257544938 0.003206765121881788 
-0.00960431615216609 0.0034915122832286753 
-0.006946698320989194 3.477682617663632E-4 
-0.009945662569135047 0.004117653507562867 
-0.008308283072022367 0.0012915486346371668 
-0.008359021320282305 0.0012945231119582943 
-0.009253273890553419 0.0029050224723329915 
-0.0039413659713324 1.1732808166297055E-4 
-0.01009318535470273 0.004531005599783322 
-0.005384209898325037 1.7219137438623778E-4 
-0.007456094863487778 5.475499835002064E-4 
-0.005782452367673797 2.037028195208303E-4 
-0.007507006464683268 5.645554914862499E-4 
