0.0 0.10615974312292967 0.0 0.0 0.1803470159932675 0.18566365709003005 0.0 0.0 0.143200017893819 0.0 0.0 
0.0 0.29997188862005025 0.0 0.0 0.0 0.0 0.0 0.35 0.35 0.0 0.0 
0.29999290509426024 0.0 0.0 0.0 0.0 0.0 0.0 0.35 0.35 0.0 0.0 
0.0 0.30041813963512115 0.0 0.0 0.0 0.0 0.0 0.3479312599036427 0.35 0.0 0.0 
0.3239642508862269 0.0 0.0 0.0 0.13183500424020345 0.35 0.0 0.1010574474791208 0.0 0.0 0.0 
0.30925674492195737 0.0 0.0 0.0 0.1515661620087124 0.3363966785517633 0.0 0.10054641589157938 0.10223399862598749 0.0 0.0 
0.30443962359548843 0.0 0.0 0.0 0.17880614718454488 0.33966842202521846 0.0 0.10032282600650737 0.0 0.0 0.0 
0.2955887211342687 0.0 0.0 0.0 0.0 0.0 0.0 0.3449518611937985 0.35 0.0 0.0 
0.3430568659299745 0.0 0.0 0.0 0.0 0.3430568659299745 0.0 0.1004322739879727 0.14353450396117853 0.0 0.0 
0.35 0.0 0.0 0.0 0.0 0.0 0.0 0.24428838531799305 0.35 0.0 0.0 
0.3215293425198856 0.10085718280744294 0.0 0.0 0.0 0.0 0.0 0.22613619715095704 0.35 0.0 0.0 
0.29568797553074555 0.0 0.0 0.0 0.23446544520313087 0.35 0.0 0.10110074376377993 0.0 0.0 0.0 
0.34147511467974123 0.14062521721370122 0.0 0.0 0.0 0.0 0.0 0.15038085860784947 0.35 0.0 0.0 
0.3431126038911084 0.0 0.0 0.0 0.13478483483785672 0.25843257115784096 0.0 0.10046740127541727 0.16320258883777664 0.0 0.0 
0.3484677336625127 0.0 0.0 0.0 0.0 0.35 0.0 0.10110160083905201 0.11573247378297884 0.0 0.0 
0.33435403404822084 0.0 0.0 0.0 0.10349500653625876 0.34484807221163893 0.0 0.10216116851679703 0.11514171868708441 0.0 0.0 
0.338685773394957 0.10528103069443656 0.0 0.0 0.0 0.0 0.0 0.21276808163951072 0.34326511427109574 0.0 0.0 
0.35 0.15030240818993584 0.0 0.0 0.0 0.0 0.0 0.14074482709155434 0.35 0.0 0.0 
0.3395041167669458 0.0 0.0 0.0 0.0 0.22478799344248457 0.0 0.10017851174559192 0.331275169558761 0.0 0.0 
0.3264073126390322 0.0 0.0 0.0 0.0 0.25978063952883007 0.0 0.10029094461442827 0.31352110321770943 0.0 0.0 
0.3211683906867444 0.10096850826251359 0.0 0.0 0.0 0.0 0.0 0.2287864925088337 0.34907660854190836 0.0 0.0 
0.35 0.0 0.0 0.0 0.11392807961523532 0.27167082934775283 0.0 0.10331504859575613 0.15985619002137977 0.0 0.0 
0.34822238787843746 0.0 0.0 0.0 0.0 0.35 0.0 0.10199837576461185 0.1627592008894996 0.0 0.0 
0.34289374195568384 0.0 0.0 0.0 0.0 0.2128494401862488 0.0 0.10136307590238347 0.34289374195568384 0.0 0.0 
0.3450838132326207 0.0 0.0 0.0 0.0 0.28507337555006984 0.0 0.10009810715910213 0.26974470405820733 0.0 0.0 
0.330271240206951 0.0 0.0 0.0 0.11444222024761955 0.3406371357729405 0.0 0.10091367948671955 0.11373572428576949 0.0 0.0 
0.3138867583088697 0.0 0.0 0.0 0.0 0.0 0.0 0.3372013408661339 0.34891190082499646 0.0 0.0 
0.3141736542785475 0.0 0.0 0.0 0.0 0.0 0.0 0.34158117886418327 0.3442451668572693 0.0 0.0 
0.2879167699008975 0.0 0.0 0.0 0.23205947909596317 0.35 0.0 0.10006329893819225 0.0 0.0 0.0 
0.330801584568534 0.0 0.0 0.0 0.0 0.0 0.0 0.31877733990438034 0.35 0.0 0.0 
0.3449465396847414 0.0 0.0 0.0 0.0 0.0 0.0 0.2644527552478491 0.35 0.0 0.0 
0.35 0.11135279858582267 0.0 0.0 0.0 0.0 0.0 0.16674453554765015 0.35 0.0 0.0 
0.30303245122112077 0.0 0.0 0.0 0.0 0.0 0.0 0.34238373028064667 0.35 0.0 0.0 
0.3190552347560299 0.0 0.0 0.0 0.0 0.0 0.0 0.32882839418373117 0.35 0.0 0.0 
0.3324805607049155 0.0 0.0 0.0 0.0 0.0 0.0 0.3154768046729256 0.35 0.0 0.0 
0.3425019864786342 0.0 0.0 0.0 0.0 0.0 0.0 0.31499602704273155 0.3425019864786342 0.0 0.0 
0.34874692765575654 0.16888787452914608 0.0 0.0 0.0 0.0 0.0 0.13203287419841167 0.35 0.0 0.0 
0.33958469948521425 0.112894856768331 0.0 0.0 0.0 0.0 0.0 0.20395129900622458 0.34356914474023015 0.0 0.0 
0.3182183525952795 0.0 0.0 0.0 0.1353052709153983 0.33575788080641555 0.0 0.10106179729927021 0.10965669838363652 0.0 0.0 
0.32780984827433984 0.0 0.0 0.0 0.0 0.0 0.0 0.3217114293929598 0.35 0.0 0.0 
0.3287442016242962 0.10314723131253824 0.0 0.0 0.0 0.0 0.0 0.21810169816034877 0.35 0.0 0.0 
0.35 0.0 0.0 0.0 0.0 0.0 0.0 0.2707545293255029 0.35 0.0 0.0 
0.3478962073716764 0.1329679126913927 0.0 0.0 0.0 0.0 0.0 0.17049148749733062 0.3478962073716764 0.0 0.0 
0.35 0.0 0.0 0.0 0.0 0.0 0.0 0.2587010378569127 0.35 0.0 0.0 
0.35 0.10420421640943545 0.0 0.0 0.0 0.0 0.0 0.18301836137452057 0.35 0.0 0.0 
0.33563544392852507 0.11295869903371317 0.0 0.0 0.0 0.0 0.0 0.19373720594756239 0.35 0.0 0.0 
0.3164476833009032 0.0 0.0 0.0 0.0 0.0 0.0 0.3317466701564748 0.35 0.0 0.0 
0.3367315137552825 0.0 0.0 0.0 0.0 0.25654948219223783 0.0 0.10009461357424138 0.2882320756768927 0.0 0.0 
0.34128211709900186 0.10133023204538537 0.0 0.0 0.0 0.0 0.0 0.2079663330972435 0.3483103504550347 0.0 0.0 
0.3161489091637406 0.0 0.0 0.0 0.0 0.0 0.0 0.33422710007748074 0.34962399075877865 0.0 0.0 
0.35 0.12356981443036276 0.0 0.0 0.0 0.0 0.0 0.13275977437248188 0.35 0.0 0.0 
0.33688174034746393 0.11779174700593585 0.0 0.0 0.0 0.0 0.0 0.19789291864109607 0.3474335940055041 0.0 0.0 
0.3460110181474185 0.157132605916508 0.0 0.0 0.0 0.0 0.0 0.12276949360215077 0.35 0.0 0.0 
0.35 0.0 0.0 0.0 0.0 0.0 0.0 0.29485398090975184 0.35 0.0 0.0 
0.3460063900810091 0.0 0.0 0.0 0.0 0.16985157253182104 0.0 0.11491869819337559 0.35 0.0 0.0 
0.35 0.0 0.0 0.0 0.0 0.0 0.0 0.3014138877943164 0.3477364612618403 0.0 0.0 
0.35 0.0 0.0 0.0 0.0 0.15983750717957593 0.0 0.11965747447920583 0.35 0.0 0.0 
0.326376641988308 0.10456776939862394 0.0 0.0 0.0 0.0 0.0 0.21736025033238296 0.35 0.0 0.0 
0.35 0.0 0.0 0.0 0.0 0.35 0.0 0.10088376932978803 0.12428171859050906 0.0 0.0 
0.3104327043122746 0.10337000540933017 0.0 0.0 0.0 0.0 0.0 0.23886032346203756 0.34733696681635756 0.0 0.0 
0.35 0.0 0.0 0.0 0.0 0.313655687770152 0.0 0.10409610786531712 0.22950986034087958 0.0 0.0 
0.35 0.13671964768008496 0.0 0.0 0.0 0.0 0.0 0.10670247322389237 0.35 0.0 0.0 
0.3484099003868738 0.0 0.0 0.0 0.0 0.3473754495830253 0.0 0.10056054336082311 0.17392116612786468 0.0 0.0 
0.34423353624776254 0.0 0.0 0.0 0.0 0.0 0.0 0.30989131406117854 0.3458751496910589 0.0 0.0 
0.3474076639149981 0.0 0.0 0.0 0.0 0.32642509559960275 0.0 0.100022996552441 0.22614424393295812 0.0 0.0 
0.3241479180326517 0.0 0.0 0.0 0.0 0.0 0.0 0.3261672263182346 0.3496848556491138 0.0 0.0 
0.35 0.0 0.0 0.0 0.0 0.0 0.0 0.2904291090064446 0.35 0.0 0.0 
0.3451063202732222 0.0 0.0 0.0 0.0 0.0 0.0 0.30482103691104306 0.35 0.0 0.0 
0.32374447881039203 0.0 0.0 0.0 0.0 0.0 0.0 0.3243242201186761 0.34992182199386146 0.0 0.0 
0.34407370735865844 0.20524619220588672 0.0 0.0 0.0 0.0 0.0 0.10041031893052813 0.35 0.0 0.0 
0.29930459444596985 0.10382769027327636 0.0 0.0 0.0 0.0 0.0 0.24074884432114302 0.35 0.0 0.0 
0.3457011833908751 0.15333553581799697 0.0 0.0 0.0 0.0 0.0 0.15705682264840432 0.3439064581427236 0.0 0.0 
0.35 0.0 0.0 0.0 0.0 0.0 0.0 0.2533306198140205 0.35 0.0 0.0 
0.34029664616040023 0.12142785404417707 0.0 0.0 0.0 0.0 0.0 0.18799696721290424 0.35 0.0 0.0 
0.35 0.0 0.0 0.0 0.0 0.0 0.0 0.28155132026863666 0.35 0.0 0.0 
0.3476489186368813 0.11572412322211674 0.0 0.0 0.0 0.0 0.0 0.18676372126640864 0.3498632368745933 0.0 0.0 
0.3088152716783275 0.0 0.0 0.0 0.1446700502040826 0.3352077241412132 0.0 0.10034597603170681 0.11096097794466987 0.0 0.0 
0.35 0.0 0.0 0.0 0.0 0.0 0.0 0.2743215065295109 0.35 0.0 0.0 
0.35 0.11626892772923741 0.0 0.0 0.0 0.0 0.0 0.16091440395619022 0.35 0.0 0.0 
0.348892576079236 0.0 0.0 0.0 0.0 0.33535393970643473 0.0 0.10220428621441555 0.20534178436932887 0.0 0.0 
0.35 0.0 0.0 0.0 0.0 0.0 0.0 0.2854386706081786 0.35 0.0 0.0 
0.3488049290703868 0.0 0.0 0.0 0.0 0.35 0.0 0.10110999137618126 0.19154948005112882 0.0 0.0 
0.35 0.0 0.0 0.0 0.0 0.18097964252661936 0.0 0.1059499000806119 0.35 0.0 0.0 
0.34567458056822464 0.0 0.0 0.0 0.0 0.0 0.0 0.30405267220269155 0.35 0.0 0.0 
0.34600398497977175 0.0 0.0 0.0 0.0 0.34718945935102474 0.0 0.10029806640252327 0.19001131547977518 0.0 0.0 
0.3471970445359017 0.0 0.0 0.0 0.0 0.29818866206618183 0.0 0.10144247175679895 0.25114590189980446 0.0 0.0 
0.35 0.0 0.0 0.0 0.0 0.0 0.0 0.2890462318751876 0.35 0.0 0.0 
0.35 0.0 0.0 0.0 0.0 0.0 0.0 0.26746028172375985 0.35 0.0 0.0 
0.35 0.0 0.0 0.0 0.0 0.0 0.0 0.2776205868330484 0.35 0.0 0.0 
0.35 0.0 0.0 0.0 0.0 0.18706723028067668 0.0 0.10686786575121181 0.35 0.0 0.0 
0.35 0.0 0.0 0.0 0.0 0.0 0.0 0.29850195202554186 0.35 0.0 0.0 
0.35 0.10410325596812212 0.0 0.0 0.0 0.0 0.0 0.1773041248691412 0.35 0.0 0.0 
0.34970912703984536 0.12377651107576533 0.0 0.0 0.0 0.0 0.0 0.17679452604859303 0.34955887540194147 0.0 0.0 
0.35 0.0 0.0 0.0 0.0 0.0 0.0 0.2561460925998201 0.35 0.0 0.0 
0.3389198064172477 0.0 0.0 0.0 0.12121959811418298 0.2719436620443576 0.0 0.10118441415457445 0.16673251926963728 0.0 0.0 
0.3410898706928086 0.0 0.0 0.0 0.0 0.0 0.0 0.310028006409143 0.34888212289804843 0.0 0.0 
0.3444864702258775 0.0 0.0 0.0 0.0 0.3311188110221494 0.0 0.10091356541780738 0.21281649190956084 0.0 0.0 
0.3479618513301775 0.17986747091896016 0.0 0.0 0.0 0.0 0.0 0.11026039302502295 0.35 0.0 0.0 
0.33813890810275266 0.0 0.0 0.0 0.0 0.3097582325380645 0.0 0.10089462052975243 0.2512082388294304 0.0 0.0 
0.35 0.18320348461009797 0.0 0.0 0.0 0.0 0.0 0.11230539971157075 0.35 0.0 0.0 
