-0.01066835838195402 0.008605547393948894 
-0.0028645383393208724 8.141643499952919E-5 
-0.01066835838195402 0.008605547393948894 
-0.010655214232640441 0.0077184329083161765 
-0.004703949477508218 1.6117845391850608E-4 
-0.010655995872503078 0.008563189215731433 
-0.010628928771591741 0.006207838657328669 
-0.005322340664651547 1.647267317859697E-4 
-0.010634271414847258 0.006962911386746182 
-0.010502423867426225 0.005781000562802448 
-0.010434582479697417 0.005558852033347065 
-0.010563481306364596 0.005984966444814658 
-0.0035337672410981967 9.031795870048062E-5 
-0.00950280727774679 0.0034246831148312157 
-0.006883806942939317 3.346093819497141E-4 
-0.008871654293362313 0.0020526340034119806 
-0.009770674167187594 0.004129772891873092 
-0.009573795404762477 0.003613518687882176 
-0.008778982655023021 0.0018914718382881171 
-0.010385535508298398 0.0054011831289808784 
-0.004506018457252733 1.4746976753129441E-4 
-0.007045708190137969 3.8734727481064214E-4 
-0.009671629936411495 0.003855630273960188 
-0.0037563450203237326 9.785114010360868E-5 
-0.010068244612364486 0.00444074613963055 
-0.009607698378456035 0.003702605115072354 
-0.008888222219814189 0.0022043767212424304 
-0.006636071051770832 2.8680787369745014E-4 
-0.004088073784493322 1.1834251644720947E-4 
-0.006722464569388166 2.9912699338105887E-4 
-0.009448686056757458 0.003280731467835733 
-0.007500902212282911 5.651355009195207E-4 
-0.010651346751393242 0.007474135278169565 
-0.008572914675390847 0.0015731632458087278 
-0.00584205170075109 2.0400356513187935E-4 
-0.007892068576844179 8.217749312421609E-4 
-0.00911837248487125 0.0025609702147901406 
-0.010615000619798327 0.006160040699639576 
-0.007653509658055738 6.681235950179598E-4 
-0.009071261311211795 0.0024479432634333304 
-0.0030742404546765514 8.381242892712043E-5 
-0.008474722108322688 0.0015629739438244251 
-0.0071854352859487425 4.7201552349303787E-4 
-0.007809943033811402 7.565331688650734E-4 
-0.010267860006025531 0.005032947488965846 
-0.007963253730845044 8.862695005299107E-4 
-0.006015380185913923 2.2458479208431307E-4 
-0.006431139066884135 2.820671869371797E-4 
-0.003940879238006157 1.0658075157740009E-4 
-0.005426986873691692 1.701915688823866E-4 
-0.003129716466491069 8.91412306235996E-5 
-0.00807185973569188 0.0010145161497745355 
-0.007741252023576891 7.058688583161057E-4 
-0.004371062384940963 1.4365668012524937E-4 
-0.010014980004593312 0.004289625274290661 
-0.009970151068991975 0.004164690478554765 
-0.010645943077594273 0.007145535004048906 
-0.009353530474745832 0.003070927786833009 
-0.009255356897103363 0.002870755853260546 
-0.006221079944880841 2.4554760481389844E-4 
-0.005737477074366745 2.0116851221739466E-4 
-0.0033079945386385893 8.985584541878992E-5 
-0.010345070584842499 0.005272957957958083 
-0.00903316938294913 0.0023638834794427383 
-0.009212170034054955 0.0027424397267159385 
-0.007339775222978695 4.924462372618458E-4 
-0.010106876151417653 0.004552169028020334 
-0.009684022108054753 0.003988255061782018 
-0.009288664405863723 0.0029084531595306054 
-0.005556558989251898 1.787119281455747E-4 
-0.00713251667400917 4.37264592431345E-4 
-0.009736337868974695 0.004024929132260418 
-0.008181379245131756 0.0011087312760573985 
-0.009337550946157729 0.003020027411639453 
-0.0028754667940551347 8.30979931619407E-5 
-0.004224097907854321 1.238268581418479E-4 
-0.008242132574501512 0.0012100031488537879 
-0.006223579018548347 2.4669483056832147E-4 
-0.010647802832878656 0.00732121492241432 
-0.006408333865531586 2.6365501247798626E-4 
-0.00562342865662304 1.9393594691013066E-4 
-0.00873082637433618 0.0018227649398595619 
-0.009129560890427005 0.0026789759024481016 
-0.010159047091553838 0.004705069580024087 
-0.008687343623139023 0.001773120815094942 
-0.008417054364709672 0.0014609720192523535 
-0.0038545490641681062 1.0325349017062949E-4 
-0.005994049766048978 2.203584920106525E-4 
-0.010128738997030515 0.004615904368831161 
-0.007572640728775404 5.965880277134188E-4 
-0.008654824681608018 0.0016706255972681334 
-0.009407592852323714 0.0031939844724943917 
-0.01032208070591982 0.005226340620367934 
-0.008028522524290458 9.508109607391789E-4 
-0.008976971627692832 0.0022738985372318748 
-0.007339775222978695 4.924462372618458E-4 
-0.0033079945386385885 8.985584541878977E-5 
-0.01022801455523671 0.004911476435293256 
-0.010634271414847258 0.006962911386746182 
-0.008408021223903335 0.001420342651156375 
