-0.009620034506934286 8.85946025625343E-5 
-0.01479245409648866 5.123216769697926E-4 
-0.014368805877433931 3.714041648283194E-4 
-0.014792454096488656 5.123216769697921E-4 
-0.014368805877433931 3.714041648283194E-4 
-0.014792454096488656 5.123216769697921E-4 
-0.012427381558573746 1.8580106405078644E-4 
-0.012322578085835999 1.793167174539458E-4 
-0.013187689659924 2.4646455660418543E-4 
-0.009712139117934046 8.980029872724925E-5 
-0.01415244086223568 3.328378308173986E-4 
-0.009867089306696865 8.990329605093866E-5 
-0.014202837012745382 3.398031906972819E-4 
-0.01207784869241714 1.6476439347553018E-4 
-0.012642278092221754 2.0093860231186944E-4 
-0.011988992394305675 1.598336569786917E-4 
-0.013100402493626859 2.422990110291274E-4 
-0.01404267275833028 3.2190736164270457E-4 
-0.011476975855226113 1.3551283614479068E-4 
-0.012994136499954668 2.29067620819723E-4 
-0.010345629317805988 9.761398312230405E-5 
-0.013479960213680291 2.72629659628816E-4 
-0.0127940868506105 2.1089938772645407E-4 
-0.012487648642956602 1.8944322158374126E-4 
-0.013049039884800632 2.3314042944195932E-4 
-0.013961924640786614 3.1347798041658054E-4 
-0.011398581814184409 1.3338278775794265E-4 
-0.011675110386419897 1.4565903626187279E-4 
-0.011751286225842286 1.4807648019959444E-4 
-0.010940415603828794 1.1774383468173818E-4 
-0.010590500188677507 1.0554026037023532E-4 
-0.014007146069448124 3.171180402076132E-4 
-0.01354078562733133 2.773701697121206E-4 
-0.014237950482890354 3.4538056168790404E-4 
-0.013287818760487992 2.575743011327164E-4 
-0.011120157750782175 1.248308248495606E-4 
-0.010532515445261431 1.0278727853655168E-4 
-0.013920163726716867 3.085135099149997E-4 
-0.011055623099854375 1.2203822983577917E-4 
-0.012731977612589093 2.0636576921012536E-4 
-0.010775743401825575 1.1061625452296533E-4 
-0.011178322824529855 1.269293793689673E-4 
-0.01217271169846737 1.7051029437897065E-4 
-0.013652244078649506 2.866548106284912E-4 
-0.01295125605817687 2.2475542157048765E-4 
-0.01343596848123543 2.699858156073493E-4 
-0.011340344584518899 1.3117888289350057E-4 
-0.013359840880385441 2.681463793849341E-4 
-0.010098554493120433 9.161075369249584E-5 
-0.011525169412674275 1.3960389935535676E-4 
-0.010999627510764437 1.198379033227973E-4 
-0.010011342305769744 9.043787182940164E-5 
-0.014263673056642745 3.4984376725753633E-4 
-0.012130911444108022 1.6759675929821407E-4 
-0.012839066592306835 2.1532317638046005E-4 
-0.013091905277844037 2.3680919269027247E-4 
-0.012911768108486764 2.21429583067096E-4 
-0.013611908553072493 2.8215261175960275E-4 
-0.011801886474820842 1.5076469621191793E-4 
-0.010435730973634212 9.940322431769999E-5 
-0.01432725502421119 3.6224574407403164E-4 
-0.012269804355584234 1.7544739659937033E-4 
-0.012229646445117738 1.7399127251179974E-4 
-0.011623332642359128 1.4306292463476882E-4 
-0.010705428847948617 1.0796845066195275E-4 
-0.011879772763122947 1.5641286640247587E-4 
-0.010879530565576487 1.1424544006843768E-4 
-0.011945190474008986 1.5773479418998098E-4 
-0.009950447172290912 9.00746419955787E-5 
-0.01252206087391175 1.9393315454431818E-4 
-0.012870840457417586 2.1812625077734628E-4 
-0.011849300691243054 1.5314050159717464E-4 
-0.01067193546301862 1.0658091111663399E-4 
-0.011558387007811042 1.4263155993202365E-4 
-0.013825400088586591 2.9966036968419264E-4 
-0.010469460907684032 1.0053259536569982E-4 
-0.013238582793515072 2.5280915155159235E-4 
-0.013789957409868606 2.9671822060898286E-4 
-0.013880390173732599 3.052618982909158E-4 
-0.014101201154107472 3.270120880926305E-4 
-0.013757012997510164 2.941493108560702E-4 
-0.01028524420735902 9.551251820791209E-5 
-0.012567355950108437 1.952125680493512E-4 
-0.01357410629802034 2.799557338914529E-4 
-0.01367973879927091 2.910389933992141E-4 
-0.010153931757049574 9.26897768226647E-5 
-0.013310794740194584 2.6258086374916794E-4 
-0.011247145020763996 1.289133540346893E-4 
-0.013841702973316203 3.0387337263426304E-4 
-0.011277877318696762 1.2894911676889759E-4 
-0.014095814169763705 3.26473192768956E-4 
-0.010198456756955823 9.375406791754695E-5 
-0.014290118591544956 3.547652021320735E-4 
-0.012743747048024338 2.0717941242134717E-4 
-0.013335898469185573 2.639289759202443E-4 
-0.01371851016847318 2.916424881955201E-4 
-0.014299300535318813 3.565528435255328E-4 
-0.010249613963388048 9.472347120360197E-5 
-0.01324681041082942 2.5287494370157234E-4 
-0.010827256758344275 1.1252424289347546E-4 
