0.0 0.30000000000000027 0.0 0.0 0.0 0.0 0.0 0.35 0.35 0.0 0.0 
0.22501322075902278 0.0 0.27164756458578854 0.0 0.0 0.0 0.0 0.3009269396532811 0.10236484513408096 0.1000474298678267 0.0 
0.22501322075902278 0.0 0.27164756458578854 0.0 0.0 0.0 0.0 0.3009269396532811 0.10236484513408096 0.1000474298678267 0.0 
0.0 0.30000000000000027 0.0 0.0 0.0 0.0 0.0 0.35 0.35 0.0 0.0 
0.0 0.1967095578705908 0.0 0.0 0.0 0.0 0.10329044212940933 0.35 0.35 0.0 0.0 
0.0 0.2999999999999998 0.0 0.0 0.0 0.0 0.0 0.35 0.35 0.0 0.0 
0.1000093951936943 0.19999060480630568 0.0 0.0 0.0 0.0 0.0 0.35 0.35 0.0 0.0 
0.0 0.204800917134318 0.0 0.0 0.0 0.0 0.11476218597376354 0.35 0.3304368968919186 0.0 0.0 
0.22467178465701437 0.0 0.25259278651479344 0.0 0.0 0.0 0.0 0.3196074304540881 0.10220951624457227 0.10091848212953185 0.0 
0.14106706554575127 0.15893293445424878 0.0 0.0 0.0 0.0 0.0 0.35 0.35 0.0 0.0 
0.10382236523169233 0.105988789110599 0.0 0.0 0.0 0.0 0.0 0.35 0.33093553226227856 0.10925331339543018 0.0 
0.20010822859693986 0.0 0.23791347511179353 0.0 0.0 0.0 0.0 0.34669219540645646 0.11439764193269769 0.10088845895211253 0.0 
0.20950286601386786 0.1319365316213051 0.0 0.0 0.0 0.0 0.0 0.35 0.308560602364827 0.0 0.0 
0.22165311696238774 0.0 0.24501295881965507 0.0 0.0 0.0 0.0 0.33050087975417647 0.1003358009505287 0.10249724351325198 0.0 
0.12377456959066617 0.17622543040933386 0.0 0.0 0.0 0.0 0.0 0.35 0.35 0.0 0.0 
0.0 0.1967095578705908 0.0 0.0 0.0 0.0 0.10329044212940933 0.35 0.35 0.0 0.0 
0.15335027159708062 0.1466497284029193 0.0 0.0 0.0 0.0 0.0 0.35 0.35 0.0 0.0 
0.0 0.2999999999999998 0.0 0.0 0.0 0.0 0.0 0.35 0.35 0.0 0.0 
0.20446367820287048 0.0 0.24074857576057734 0.0 0.0 0.0 0.0 0.3383738864997548 0.11576086370359709 0.10065299583320024 0.0 
0.21953016383962695 0.10803492645102789 0.0 0.0 0.0 0.0 0.0 0.35 0.19350375581081633 0.12893115389852874 0.0 
0.2205412196829716 0.0 0.16923608207184246 0.0 0.0 0.0 0.0 0.3478070805056146 0.1607221812357496 0.10169343650382189 0.0 
0.22030392979553023 0.10360770774292156 0.0 0.0 0.0 0.0 0.0 0.34827776756706225 0.21083216797071078 0.11697842692377505 0.0 
0.20740162824516947 0.0 0.22307192631719475 0.0 0.0 0.0 0.0 0.35 0.11803010793858267 0.1014963374990532 0.0 
0.21262696867079922 0.0 0.16295277259211338 0.0 0.0 0.0 0.0 0.3472279664494515 0.16996143571663744 0.10723085657099857 0.0 
0.20587016604504732 0.0 0.27312168692340694 0.0 0.0 0.0 0.0 0.3087373148946175 0.11168048501006277 0.10059034712686547 0.0 
0.14675434184026173 0.10837715227228407 0.0 0.0 0.0 0.0 0.0 0.35 0.2847137492697197 0.11015475661773451 0.0 
0.0 0.20321399235914805 0.0 0.0 0.0 0.0 0.10670586292236765 0.35 0.34008014471848425 0.0 0.0 
0.1431037712736912 0.11070639664186133 0.0 0.0 0.0 0.0 0.0 0.34887311208943445 0.2929104370097154 0.10440628298529755 0.0 
0.23494641270077973 0.10988563866532945 0.0 0.0 0.0 0.0 0.0 0.35 0.17815817241741375 0.12700977621647702 0.0 
0.20333216226350745 0.0 0.14322272677164707 0.0 0.0 0.0 0.0 0.35 0.19686059685486804 0.10658451410997734 0.0 
0.19254069670818683 0.0 0.1321543974773906 0.0 0.0 0.0 0.0 0.35 0.21359874651870195 0.11170615929572064 0.0 
0.22202261166794102 0.0 0.174580714567289 0.0 0.0 0.0 0.0 0.34662136169402646 0.1554443304588711 0.1013309816118725 0.0 
0.1881448475259903 0.0 0.13862469955976703 0.0 0.0 0.0 0.0 0.35 0.20834494356672736 0.11488550934751532 0.0 
0.1733612188308732 0.0 0.1226951704537513 0.0 0.0 0.0 0.0 0.35 0.2491140266637748 0.10482958405160081 0.0 
0.16791616726907763 0.1320838327309224 0.0 0.0 0.0 0.0 0.0 0.35 0.35 0.0 0.0 
0.1995902400966978 0.0 0.16427794294783524 0.0 0.0 0.0 0.0 0.3460767452781195 0.17970436495478206 0.11035070672256526 0.0 
0.19633567353540762 0.0 0.14439675077827482 0.0 0.0 0.0 0.0 0.35 0.2040646894178113 0.10520288626850621 0.0 
0.20238654235228815 0.0 0.2156585719036064 0.0 0.0 0.0 0.0 0.35 0.1300792739125826 0.10187561183152286 0.0 
0.16484929421082584 0.10399559524093462 0.0 0.0 0.0 0.0 0.0 0.35 0.2692900029067086 0.11186510764153085 0.0 
0.1098332680746579 0.19016673192534211 0.0 0.0 0.0 0.0 0.0 0.35 0.35 0.0 0.0 
0.17077028885107562 0.103258294346901 0.0 0.0 0.0 0.0 0.0 0.34764183919855585 0.267380808969817 0.1109487686336504 0.0 
0.2091267721327986 0.10312341406478336 0.0 0.0 0.0 0.0 0.0 0.35 0.230141885423591 0.10760792837882702 0.0 
0.11809032680036091 0.10407460894212511 0.0 0.0 0.0 0.0 0.0 0.3499999999999999 0.3195067033715428 0.10832836088597118 0.0 
0.22917735462392613 0.0 0.2576582845011872 0.0 0.0 0.0 0.0 0.30596283181551903 0.10425922679201437 0.10294230226735325 0.0 
0.10110353316440365 0.1095511303250847 0.0 0.0 0.0 0.0 0.0 0.35 0.32299460439891803 0.11635073211159375 0.0 
0.20092318070724668 0.10254567180148554 0.0 0.0 0.0 0.0 0.0 0.34524263810861433 0.24371037375215715 0.10757813563049633 0.0 
0.2126893740944109 0.0 0.1953582087284402 0.0 0.0 0.0 0.0 0.3479382458455464 0.14165097809873287 0.10236319323286958 0.0 
0.22721216601442543 0.10955822559885521 0.0 0.0 0.0 0.0 0.0 0.35 0.186160051206731 0.12706955717998847 0.0 
0.10895499658251377 0.10515267390600083 0.0 0.0 0.0 0.0 0.0 0.35 0.32281633850858027 0.11307599100290507 0.0 
0.2085484559398069 0.0 0.20158718943491802 0.0 0.0 0.0 0.0 0.35 0.13526081179975824 0.10460354282551698 0.0 
0.14458960777419247 0.10677850987052975 0.0 0.0 0.0 0.0 0.0 0.35 0.28051401286401034 0.1181178694912675 0.0 
0.19949467447673946 0.10761891403778115 0.0 0.0 0.0 0.0 0.0 0.35 0.2223511955196992 0.12053521596578022 0.0 
0.1976756724063404 0.0 0.16614025881899544 0.0 0.0 0.0 0.0 0.35 0.18174156048430198 0.10444250829036221 0.0 
0.21514861318267745 0.0 0.2378229506728674 0.0 0.0 0.0 0.0 0.33463354234701603 0.11210080307896168 0.10029409071847742 0.0 
0.20666727044647995 0.0 0.2168444714753743 0.0 0.0 0.0 0.0 0.3475198042554447 0.12798863302912208 0.10097982079357888 0.0 
0.2067366687295186 0.0 0.11903901809546201 0.0 0.0 0.0 0.0 0.35 0.21647083990229846 0.10775347327272103 0.0 
0.12374074975695008 0.10679226681118373 0.0 0.0 0.0 0.0 0.0 0.35 0.31486052101138207 0.10460646242048416 0.0 
0.1762695828961047 0.0 0.13157825299808235 0.0 0.0 0.0 0.0 0.3494444803920229 0.23823856236043595 0.10446912135335411 0.0 
0.18736498851427952 0.10265845893483773 0.0 0.0 0.0 0.0 0.0 0.348457213666633 0.25282477858540203 0.10869456029884764 0.0 
0.20273000039780434 0.12288735585123271 0.0 0.0 0.0 0.0 0.0 0.35 0.32438264375096304 0.0 0.0 
0.16320975885932082 0.10521929851577731 0.0 0.0 0.0 0.0 0.0 0.34625532616243776 0.2788732049761805 0.1064424114862836 0.0 
0.19577589450515773 0.0 0.12245111683281994 0.0 0.0 0.0 0.0 0.35 0.22171276308179869 0.11006022558022371 0.0 
0.16057721986456058 0.10333556538500913 0.0 0.0 0.0 0.0 0.0 0.3483928950388782 0.28059479779624485 0.1070995219153073 0.0 
0.12059722191030349 0.10692957958181258 0.0 0.0 0.0 0.0 0.0 0.35 0.305143141498885 0.11733005700899898 0.0 
0.20359631742065878 0.0 0.14021053119282104 0.0 0.0 0.0 0.0 0.35 0.18718495799941934 0.11900819338710092 0.0 
0.21853119420667888 0.0 0.273919637831024 0.0 0.0 0.0 0.0 0.3034439069943996 0.10322102960323482 0.10088423136466278 0.0 
0.17252821766009577 0.11420712113635756 0.0 0.0 0.0 0.0 0.0 0.34797842455198186 0.2560974727094077 0.10918876394215707 0.0 
0.21282861349446236 0.10541632104704296 0.0 0.0 0.0 0.0 0.0 0.35 0.21780042311028786 0.11395464234820696 0.0 
0.2110943917376267 0.0 0.15031996233146838 0.0 0.0 0.0 0.0 0.35 0.1821550667957634 0.10643057913514137 0.0 
0.18541024784088853 0.1599227453912369 0.0 0.0 0.0 0.0 0.0 0.35 0.30466700676787456 0.0 0.0 
0.23249862649289213 0.0 0.23334396043075656 0.0 0.0 0.0 0.0 0.3327766758787759 0.10098298178552259 0.10039775541205279 0.0 
0.20748658129716954 0.10889394026631162 0.0 0.0 0.0 0.0 0.0 0.35 0.2110282127065644 0.1225912657299544 0.0 
0.19177608836376264 0.15416659407479946 0.0 0.0 0.0 0.0 0.0 0.34762313387752514 0.3064341836839127 0.0 0.0 
0.19862874380077852 0.10352719469115641 0.0 0.0 0.0 0.0 0.0 0.35 0.34784406150806507 0.0 0.0 
0.1871293155339789 0.0 0.12664645000920285 0.0 0.0 0.0 0.0 0.35 0.22930892826708257 0.10691530618973566 0.0 
0.17980201076941377 0.10361387388653533 0.0 0.0 0.0 0.0 0.0 0.35 0.2551777515028452 0.11140636384120575 0.0 
0.20210124538554203 0.0 0.19562103084057675 0.0 0.0 0.0 0.0 0.3484063391253805 0.15099018446470666 0.10288120018379412 0.0 
0.19169514324989215 0.10061897528355734 0.0 0.0 0.0 0.0 0.0 0.35 0.24330538527932905 0.11438049618722143 0.0 
0.12419713106425341 0.11965141744761225 0.0 0.0 0.0 0.0 0.0 0.35 0.2922018233334627 0.11394962815467166 0.0 
0.13177940633162405 0.11112676958504714 0.0 0.0 0.0 0.0 0.0 0.35 0.29347203775024866 0.11362178633308019 0.0 
0.18228968344894456 0.13376845752782393 0.0 0.0 0.0 0.0 0.0 0.35 0.3339418590232315 0.0 0.0 
0.19403712262765185 0.10184825820189512 0.0 0.0 0.0 0.0 0.0 0.35 0.246277897702762 0.10783672146769102 0.0 
0.1621356131758985 0.0 0.11817621986917477 0.0 0.0 0.0 0.0 0.35 0.2546700280922602 0.11501813886266657 0.0 
0.12797745480782166 0.11648334321516139 0.0 0.0 0.0 0.0 0.0 0.35 0.2980871672785356 0.10745203469848132 0.0 
0.18679851259135533 0.0 0.11661079847327716 0.0 0.0 0.0 0.0 0.3474567376401672 0.24323406813304418 0.10589988316215602 0.0 
0.19257090588494857 0.12267718511951634 0.0 0.0 0.0 0.0 0.0 0.35 0.33475190899553514 0.0 0.0 
0.1771858921376811 0.15949108397508258 0.0 0.0 0.0 0.0 0.0 0.35 0.31332302388723643 0.0 0.0 
0.17765762723742556 0.0 0.1212676415843723 0.0 0.0 0.0 0.0 0.3476610766818425 0.24621564473468463 0.1071980097616751 0.0 
0.1756793014492906 0.12432069855070953 0.0 0.0 0.0 0.0 0.0 0.35 0.35 0.0 0.0 
0.16081017560109898 0.0 0.11721014462392657 0.0 0.0 0.0 0.0 0.35 0.25258813369659444 0.11939154607837986 0.0 
0.21666747435338848 0.0 0.24126317569705133 0.0 0.0 0.0 0.0 0.3360288842669921 0.10423337198844354 0.10180709369412456 0.0 
0.1173368937118781 0.1826631062881219 0.0 0.0 0.0 0.0 0.0 0.35 0.35 0.0 0.0 
0.21905334321715958 0.0 0.1354274414971162 0.0 0.0 0.0 0.0 0.35 0.18233906789294496 0.11318014739277933 0.0 
0.0 0.18483697946643246 0.0 0.0 0.0 0.0 0.11516302053356761 0.35 0.35 0.0 0.0 
0.19482688806549267 0.12449463316134807 0.0 0.0 0.0 0.0 0.0 0.35 0.3306784787731592 0.0 0.0 
0.19097440976966007 0.10902559023034 0.0 0.0 0.0 0.0 0.0 0.35 0.35 0.0 0.0 
0.1658626062408071 0.0 0.14059241808525882 0.0 0.0 0.0 0.0 0.35 0.23520543207410405 0.10833954359983002 0.0 
0.2018297169310123 0.0 0.1951009253637799 0.0 0.0 0.0 0.0 0.3495390560846292 0.1507873250941043 0.10274297652647435 0.0 
0.18469330744974274 0.11530669255025726 0.0 0.0 0.0 0.0 0.0 0.35 0.35 0.0 0.0 
0.12232680187701195 0.10846314109976211 0.0 0.0 0.0 0.0 0.0 0.35 0.30951944019096844 0.10969061683225757 0.0 
