0.0 0.30000000000000027 0.0 0.0 0.0 0.0 0.0 0.35 0.35 0.0 0.0 
0.0 0.30000000000000027 0.0 0.0 0.0 0.0 0.0 0.35 0.35 0.0 0.0 
0.23373527491091423 0.0 0.2869577866536393 0.0 0.0 0.0 0.0 0.2750638502145394 0.10285896397277969 0.10138412424812734 0.0 
0.23373527491091423 0.0 0.2869577866536393 0.0 0.0 0.0 0.0 0.2750638502145394 0.10285896397277969 0.10138412424812734 0.0 
0.0 0.19707094148055204 0.0 0.0 0.0 0.0 0.10292905851944797 0.35 0.35 0.0 0.0 
0.0 0.2999999999999998 0.0 0.0 0.0 0.0 0.0 0.35 0.35 0.0 0.0 
0.0 0.21016857350639162 0.0 0.0 0.0 0.0 0.11055854565727961 0.35 0.3292728808363288 0.0 0.0 
0.1000288008539882 0.1999711991460118 0.0 0.0 0.0 0.0 0.0 0.35 0.35 0.0 0.0 
0.2100249680231679 0.0 0.2752475193412903 0.0 0.0 0.0 0.0 0.31009085003073145 0.10337409802321512 0.10126256458159508 0.0 
0.22387137855459058 0.0 0.28083727215677773 0.0 0.0 0.0 0.0 0.27707444108908225 0.1112615500045152 0.10695535819503427 0.0 
0.19883827212046198 0.0 0.19677907671817807 0.0 0.0 0.0 0.0 0.34785058313438877 0.15514779744986393 0.10138427057710722 0.0 
0.20864059359574924 0.0 0.20219304728433893 0.0 0.0 0.0 0.0 0.34995817155306846 0.13640863339291798 0.10279955417392538 0.0 
0.15330171486175564 0.14696639272543519 0.0 0.0 0.0 0.0 0.0 0.3497318924128092 0.35 0.0 0.0 
0.18802162752084714 0.1523283134225093 0.0 0.0 0.0 0.0 0.0 0.35 0.3096500590566436 0.0 0.0 
0.1362830482974437 0.1637169517025564 0.0 0.0 0.0 0.0 0.0 0.35 0.35 0.0 0.0 
0.10308873601220725 0.10048864473480988 0.0 0.0 0.0 0.0 0.0 0.3461811454170677 0.3492811412528051 0.10096033258311009 0.0 
0.14311162462936478 0.10349957546967252 0.0 0.0 0.0 0.0 0.0 0.34880402484653966 0.30328087355895206 0.10130390149547097 0.0 
0.0 0.2999999999999998 0.0 0.0 0.0 0.0 0.0 0.35 0.35 0.0 0.0 
0.12935054967297555 0.10504483520531813 0.0 0.0 0.0 0.0 0.0 0.35 0.30780888945056695 0.1077957256711394 0.0 
0.2131879268853544 0.0 0.2474611675611051 0.0 0.0 0.0 0.0 0.3303077384426115 0.10872467715356625 0.10031848995736278 0.0 
0.20513283514400887 0.0 0.1574142007453199 0.0 0.0 0.0 0.0 0.3488471694913928 0.183550166999997 0.10505562761928142 0.0 
0.18651494475483402 0.0 0.19616434018152662 0.0 0.0 0.0 0.0 0.35 0.1612090594731032 0.10611165559053612 0.0 
0.17213456896932552 0.0 0.11243221463549698 0.0 0.0 0.0 0.0 0.35 0.24596787418058377 0.11946534221459383 0.0 
0.20998886802893843 0.0 0.2542383291301879 0.0 0.0 0.0 0.0 0.3232953395583913 0.10742428390012877 0.10505317938235358 0.0 
0.2115169014735592 0.0 0.10014136982470312 0.0 0.0 0.0 0.0 0.34972752812628105 0.23698892878410854 0.10162527179134814 0.0 
0.18971064432978088 0.10695989302752218 0.0 0.0 0.0 0.0 0.0 0.3487799821795828 0.2408114489626739 0.11373803150044011 0.0 
0.19782821686069252 0.0 0.14882679064192691 0.0 0.0 0.0 0.0 0.3470595009221773 0.19327663788069152 0.11300885369451164 0.0 
0.2118521635973218 0.0 0.19907091669535507 0.0 0.0 0.0 0.0 0.34337543085496736 0.13489128356950167 0.11081020528285411 0.0 
0.2119529822294408 0.0 0.26752449319813465 0.0 0.0 0.0 0.0 0.31719860530140204 0.1007164833077423 0.10260743596328033 0.0 
0.17326481370064914 0.14640453146319818 0.0 0.0 0.0 0.0 0.0 0.35 0.3303306548361526 0.0 0.0 
0.14363554330058576 0.10387847802348284 0.0 0.0 0.0 0.0 0.0 0.3492277066690281 0.28445380636883666 0.11880446563806668 0.0 
0.1679679460104399 0.10384536270791646 0.0 0.0 0.0 0.0 0.0 0.35 0.26912330871023354 0.10906338257141023 0.0 
0.18409062576421792 0.14914355816034217 0.0 0.0 0.0 0.0 0.0 0.35 0.31676581607543985 0.0 0.0 
0.2203870542922749 0.10130749661914869 0.0 0.0 0.0 0.0 0.0 0.35 0.222155761945877 0.10614968714269934 0.0 
0.18986129355454137 0.0 0.14122775753807545 0.0 0.0 0.0 0.0 0.34902574334551295 0.20768800356141393 0.11219720200045628 0.0 
0.1492818609067243 0.10796194417597568 0.0 0.0 0.0 0.0 0.0 0.35 0.275821800758787 0.11693439415851306 0.0 
0.10028683229830415 0.10288890942278894 0.0 0.0 0.0 0.0 0.0 0.34491631324217026 0.34491631324217026 0.10699163179456635 0.0 
0.19490110451906498 0.0 0.12203200212407303 0.0 0.0 0.0 0.0 0.35 0.22687135857587057 0.10619553478099146 0.0 
0.207556025943286 0.10745146663117851 0.0 0.0 0.0 0.0 0.0 0.35 0.22991526683787492 0.10507724058766056 0.0 
0.16270929127169612 0.11978253172425143 0.0 0.0 0.0 0.0 0.0 0.35 0.2537237459422613 0.11378443106179106 0.0 
0.0 0.20663194771177124 0.0 0.0 0.0 0.0 0.10537066745689115 0.35 0.3379973848313376 0.0 0.0 
0.21912736385701903 0.0 0.21984398815216064 0.0 0.0 0.0 0.0 0.34743593171093984 0.10890382820951003 0.1046888880703705 0.0 
0.19973613674818366 0.0 0.1761977459347666 0.0 0.0 0.0 0.0 0.35 0.1631971423971572 0.11086897491989252 0.0 
0.20372055372140718 0.0 0.11330034962961756 0.0 0.0 0.0 0.0 0.35 0.21681997076117449 0.1161591258878008 0.0 
0.10387347667249347 0.11916782901162432 0.0 0.0 0.0 0.0 0.0 0.35 0.3097557785123591 0.11720291580352313 0.0 
0.2049251162407809 0.0 0.12045603984314342 0.0 0.0 0.0 0.0 0.35 0.2105533581573388 0.11406548575873696 0.0 
0.22418345303970566 0.10326524227682042 0.0 0.0 0.0 0.0 0.0 0.35 0.21357816352755704 0.10897314115591691 0.0 
0.21229046389361347 0.0 0.219555231657617 0.0 0.0 0.0 0.0 0.3463816006036788 0.12161313149233614 0.1001595723527545 0.0 
0.14453797906020935 0.10453112743789332 0.0 0.0 0.0 0.0 0.0 0.35 0.2963368645336403 0.1045940289682571 0.0 
0.16554448033026029 0.0 0.11350956565760668 0.0 0.0 0.0 0.0 0.34946803624630385 0.2548684321417851 0.11660948562404407 0.0 
0.19952675684978957 0.0 0.22210438894903034 0.0 0.0 0.0 0.0 0.34634596030890447 0.12920374649294467 0.10281914739933111 0.0 
0.16219578917797675 0.1092517019744077 0.0 0.0 0.0 0.0 0.0 0.35 0.2714415683890097 0.10711094045860577 0.0 
0.1730476379170451 0.0 0.10358967649588564 0.0 0.0 0.0 0.0 0.35 0.2603554722521152 0.11300721333495414 0.0 
0.10538938198501048 0.19461061801498955 0.0 0.0 0.0 0.0 0.0 0.35 0.35 0.0 0.0 
0.11570469864343556 0.10366605735717449 0.0 0.0 0.0 0.0 0.0 0.35 0.3233459776047212 0.10728326639466877 0.0 
0.2034179080102514 0.0 0.10183700505670125 0.0 0.0 0.0 0.0 0.35 0.2291287495392382 0.11561633739380921 0.0 
0.2290066327099036 0.1067000534188906 0.0 0.0 0.0 0.0 0.0 0.35 0.19018740995603553 0.12410590391517026 0.0 
0.11172232177110276 0.1882776782288972 0.0 0.0 0.0 0.0 0.0 0.35 0.35 0.0 0.0 
0.16363592892998713 0.13636407107001294 0.0 0.0 0.0 0.0 0.0 0.35 0.35 0.0 0.0 
0.12234483827192044 0.17765516172807946 0.0 0.0 0.0 0.0 0.0 0.35 0.35 0.0 0.0 
0.22268093746920048 0.1025731410877758 0.0 0.0 0.0 0.0 0.0 0.3476542405670606 0.2121467264082295 0.11494495446773365 0.0 
0.2123664499161752 0.0 0.236500386720438 0.0 0.0 0.0 0.0 0.329281079477531 0.12165666099424542 0.10019542289161047 0.0 
0.1715906782504254 0.1284093217495746 0.0 0.0 0.0 0.0 0.0 0.35 0.35 0.0 0.0 
0.13037349664677786 0.10386470903316708 0.0 0.0 0.0 0.0 0.0 0.34907494550756624 0.3162512426852686 0.10043560612722026 0.0 
0.21464730226964895 0.0 0.15945578109946584 0.0 0.0 0.0 0.0 0.35 0.1753408791448759 0.10055603748600934 0.0 
0.21584731557745476 0.0 0.16034723912061324 0.0 0.0 0.0 0.0 0.35 0.1656605935989782 0.10814485170295388 0.0 
0.21304348837366824 0.11025404400934424 0.0 0.0 0.0 0.0 0.0 0.34940847054350704 0.22475044542515787 0.10254355164832253 0.0 
0.18646722752718084 0.10911011128489742 0.0 0.0 0.0 0.0 0.0 0.35 0.2473265824998387 0.10709607868808296 0.0 
0.2022005617311904 0.0 0.24616223514197436 0.0 0.0 0.0 0.0 0.325775425819302 0.1247885724436418 0.10107320486389135 0.0 
0.19213523354443 0.10847306224097741 0.0 0.0 0.0 0.0 0.0 0.34959139469410716 0.2442182256572252 0.10558208386326016 0.0 
0.19680934942110645 0.1190318709808973 0.0 0.0 0.0 0.0 0.0 0.35 0.33415877959799634 0.0 0.0 
0.1170764451398279 0.1829235548601722 0.0 0.0 0.0 0.0 0.0 0.35 0.35 0.0 0.0 
0.21108326095657987 0.0 0.232516410569738 0.0 0.0 0.0 0.0 0.3346329687139702 0.12092157085024825 0.10084578890946376 0.0 
0.10385108068513886 0.10380100556320432 0.0 0.0 0.0 0.0 0.0 0.34978533406876583 0.33387682360934834 0.10868575607354267 0.0 
0.14590091364923494 0.10196223519117432 0.0 0.0 0.0 0.0 0.0 0.35 0.29013399176368265 0.11200285939590802 0.0 
0.0 0.19975891050281036 0.0 0.0 0.0 0.0 0.10433296981510591 0.35 0.3459081196820837 0.0 0.0 
0.14237323359527002 0.1029655646319272 0.0 0.0 0.0 0.0 0.0 0.35 0.2918986270007472 0.11276257477205567 0.0 
0.19155584557519129 0.0 0.14740840048025855 0.0 0.0 0.0 0.0 0.35 0.20026293283446445 0.11077282111008585 0.0 
0.23811477857586513 0.1036313813120005 0.0 0.0 0.0 0.0 0.0 0.3443563714858991 0.209003661103198 0.10489380752303713 0.0 
0.22476868629939903 0.10472548568241788 0.0 0.0 0.0 0.0 0.0 0.34352297692811556 0.18666784354955787 0.1403150075405097 0.0 
0.22718884177185858 0.10236667082394597 0.0 0.0 0.0 0.0 0.0 0.344906235344358 0.20645299431778483 0.11908525774205257 0.0 
0.2097508433041472 0.0 0.10067788741826095 0.0 0.0 0.0 0.0 0.3462022819419776 0.23102036718437574 0.11234862015123866 0.0 
0.16389644221114502 0.15712328406780146 0.0 0.0 0.0 0.0 0.0 0.35 0.3289802737210535 0.0 0.0 
0.18483201093498677 0.10155938697421178 0.0 0.0 0.0 0.0 0.0 0.3468601531698774 0.2605150277096978 0.1062334212112262 0.0 
0.2092372479886276 0.0 0.2640967262528793 0.0 0.0 0.0 0.0 0.319152985842492 0.10622030367657699 0.1012927362394242 0.0 
0.24002838001266555 0.0 0.2753564061407404 0.0 0.0 0.0 0.0 0.2716670110979879 0.10909015144467249 0.10385805130393369 0.0 
0.12689177320524503 0.10311563998349546 0.0 0.0 0.0 0.0 0.0 0.3494270940970447 0.3139477472947708 0.1066177454194441 0.0 
0.18394346584551477 0.1010711593445429 0.0 0.0 0.0 0.0 0.0 0.35 0.2592626507678783 0.10572272404206405 0.0 
0.20806552815770307 0.0 0.12230199015869277 0.0 0.0 0.0 0.0 0.35 0.21378002108297242 0.10585246060063168 0.0 
0.11021877176248888 0.10597113538747958 0.0 0.0 0.0 0.0 0.0 0.3495930101926183 0.32711625153360724 0.10710083112380596 0.0 
0.21694990846193024 0.0 0.161166326096176 0.0 0.0 0.0 0.0 0.35 0.17099495494730083 0.10088881049459296 0.0 
0.2022794057366005 0.0 0.2707564626563365 0.0 0.0 0.0 0.0 0.32491564118203914 0.10168740186301255 0.1003610885620114 0.0 
0.1835222175931956 0.11647778240680438 0.0 0.0 0.0 0.0 0.0 0.35 0.35 0.0 0.0 
0.11021877176248888 0.10597113538747958 0.0 0.0 0.0 0.0 0.0 0.3495930101926183 0.32711625153360724 0.10710083112380596 0.0 
0.22374520113911564 0.0 0.11545128424812107 0.0 0.0 0.0 0.0 0.35 0.19357558448667195 0.11722793012609126 0.0 
0.10391481488658644 0.10325100139500748 0.0 0.0 0.0 0.0 0.0 0.35 0.3340817263662018 0.10875245735220412 0.0 
0.21366459437101432 0.0 0.22137622127644233 0.0 0.0 0.0 0.0 0.3278143224554647 0.13466280634727615 0.10248205554980247 0.0 
0.1964308767030155 0.12072601002115141 0.0 0.0 0.0 0.0 0.0 0.35 0.332843113275833 0.0 0.0 
0.1291215835978183 0.17087841640218182 0.0 0.0 0.0 0.0 0.0 0.35 0.35 0.0 0.0 
0.20243430537343346 0.0 0.14322822966685733 0.0 0.0 0.0 0.0 0.35 0.1931002685413786 0.11123719641833052 0.0 
