0.0 0.30000000000000027 0.0 0.0 0.0 0.0 0.0 0.35 0.35 0.0 0.0 
0.0 0.30000000000000027 0.0 0.0 0.0 0.0 0.0 0.35 0.35 0.0 0.0 
0.0 0.1896733766640029 0.14448219552725597 0.11001068878024485 0.0 0.15039694019922717 0.12484303515511733 0.0 0.0 0.11394223741963173 0.16665152625452018 
0.0 0.1347468959763072 0.0 0.1455610515990983 0.0 0.1001320471516286 0.22923745323127467 0.15030716275233905 0.0 0.0 0.24001538928935218 
0.0 0.2561622349791875 0.13132662005327184 0.11284204652273652 0.0 0.11154333118749155 0.13585234396151205 0.0 0.0 0.10181302014657162 0.15046040314922896 
0.0 0.0 0.0 0.1476040668705257 0.0 0.0 0.24061674108619752 0.309078315881827 0.0 0.0 0.30270087616144986 
0.0 0.11841667584343421 0.0 0.14520684058793307 0.0 0.0 0.14605994593560906 0.34067479637038267 0.11249154782987257 0.0 0.1371501934327683 
0.0 0.3272848759915524 0.0 0.0 0.0 0.0 0.0 0.35 0.3227151240084476 0.0 0.0 
0.0 0.31538300703503086 0.0 0.0 0.0 0.0 0.0 0.35 0.3346169929649691 0.0 0.0 
0.0 0.2858403876183278 0.0 0.14516032800024645 0.0 0.0 0.0 0.35 0.21899928438142582 0.0 0.0 
0.0 0.21532963260417726 0.0 0.10083032678519002 0.0 0.0 0.11358701368479511 0.3491867828916866 0.22106624403415098 0.0 0.0 
0.0 0.2966095054945439 0.0 0.0 0.0 0.0 0.11107673461061916 0.35 0.24231375989483692 0.0 0.0 
0.0 0.14638182033532102 0.0 0.1217433578722048 0.0 0.0 0.15146258316639266 0.35 0.1062988331474555 0.0 0.12411340547862597 
0.0 0.1202712084888656 0.0 0.14096849274678744 0.0 0.10060882938644818 0.17823152391638292 0.22192958693262865 0.0 0.0 0.2379903585288873 
0.0 0.21351862187385987 0.0 0.0 0.0 0.0 0.11269938640454026 0.35 0.32378199172159977 0.0 0.0 
0.0 0.23902472221625165 0.0 0.0 0.0 0.0 0.10954159782060105 0.35 0.3014336799631473 0.0 0.0 
0.0 0.25389425870994503 0.0 0.11781772326160994 0.0 0.0 0.12260300506175602 0.35 0.1556850129666889 0.0 0.0 
0.0 0.35 0.0 0.0 0.0 0.0 0.1371500477958671 0.3499320324868745 0.16291791971725833 0.0 0.0 
0.0 0.3275763320784396 0.0 0.0 0.0 0.0 0.10277282699245154 0.3492795103842734 0.22037133054483538 0.0 0.0 
0.0 0.2663999521122416 0.0 0.13103065371673597 0.0 0.0 0.13318810383108298 0.32961843762746323 0.13976285271247607 0.0 0.0 
0.0 0.20687409002285762 0.0 0.10416572935874252 0.0 0.0 0.10750593953366505 0.35 0.1313987703135478 0.0 0.10005547077118714 
0.0 0.0 0.0 0.17402115220313397 0.0 0.0 0.2376219962807437 0.2736247471656012 0.0 0.0 0.314732104350521 
0.0 0.2192486494492595 0.13702840471139896 0.11106654579318914 0.0 0.13941664468133935 0.13470029534978786 0.0 0.0 0.10491164635058248 0.15362781366444273 
0.0 0.0 0.0 0.16890479625285923 0.0 0.0 0.2508513372565734 0.2957692798927271 0.0 0.0 0.28447458659784036 
0.0 0.35 0.0 0.0 0.0 0.0 0.1544574434249588 0.35 0.1455425565750414 0.0 0.0 
0.0 0.20470713685356598 0.0 0.0 0.0 0.0 0.11369594512158562 0.35 0.3315969180248485 0.0 0.0 
0.0 0.2127277520859494 0.0 0.1225380264525122 0.0 0.10512096519271395 0.19574942714571372 0.17947293599685424 0.0 0.0 0.18439089312625648 
0.0 0.23031496924841924 0.0 0.14122756703606795 0.0 0.0 0.13685542356461095 0.3474928761403126 0.14410916401058926 0.0 0.0 
0.0 0.1252729575403282 0.0 0.14139101106451307 0.0 0.1015184742453251 0.1997612011664716 0.1926639993410025 0.0 0.0 0.2393923566423595 
0.0 0.27563737717448145 0.0 0.0 0.0 0.0 0.10843401580540424 0.35 0.26592860702011434 0.0 0.0 
0.0 0.24607892062901554 0.0 0.12968734002781823 0.0 0.0 0.11455427062354047 0.3286268156538608 0.18105265306576507 0.0 0.0 
0.0 0.10120618167745257 0.0 0.13447070149805254 0.0 0.0 0.17398130118391678 0.32368277226053216 0.10346366442283292 0.0 0.16319537895721303 
0.0 0.2852737804300627 0.0 0.0 0.0 0.0 0.10959051761324369 0.35 0.2551357019566936 0.0 0.0 
0.0 0.0 0.0 0.16960072770567694 0.0 0.0 0.20745280831947296 0.29412773217773047 0.10467556919542993 0.0 0.22414316260168982 
0.0 0.11513160109608749 0.0 0.14117856229216239 0.0 0.0 0.14200800108430878 0.3371503360510435 0.13118607960132836 0.0 0.13334541987506937 
0.0 0.22950958547799605 0.0 0.0 0.0 0.0 0.10675171858906311 0.35 0.31373869593294085 0.0 0.0 
0.0 0.0 0.0 0.17165266865659276 0.0 0.0 0.2046421009971781 0.3389438771400904 0.10532298598792036 0.0 0.1794383672182183 
0.0 0.35 0.0 0.0 0.0 0.0 0.10161209960386748 0.35 0.19838790039613255 0.0 0.0 
0.0 0.11629859515380365 0.0 0.14513338466128592 0.0 0.0 0.16302977961867549 0.3181305101467449 0.1019255966552793 0.0 0.15548213376421083 
0.0 0.35 0.0 0.0 0.0 0.0 0.12005792923312049 0.35 0.1799420707668795 0.0 0.0 
0.0 0.23452471989597573 0.0 0.0 0.0 0.0 0.10642605446595008 0.35 0.3090492256380741 0.0 0.0 
0.0 0.30946332035137486 0.0 0.0 0.0 0.0 0.0 0.35 0.34053667964862516 0.0 0.0 
0.0 0.1043177165046039 0.0 0.13565144337370144 0.0 0.0 0.16530692272831127 0.32408743701448917 0.12015607159046728 0.0 0.15048040878842686 
0.0 0.12039971147236614 0.0 0.1448495769487631 0.0 0.0 0.11624454028820899 0.35 0.149144839709581 0.0 0.11936133158108071 
0.0 0.1300234257595207 0.0 0.11919596577702911 0.0 0.0 0.14200608631010167 0.35 0.10543552578805186 0.0 0.15333899636529671 
0.0 0.25279474425593057 0.13184139558669883 0.11170595296818431 0.0 0.12712464616149707 0.12951808139039098 0.0 0.0 0.10114266700033264 0.1458725126369656 
0.0 0.11836807833317137 0.0 0.13509876041363778 0.0 0.11379725119156735 0.2194839332560145 0.19532538659678783 0.0 0.0 0.21792659020882113 
0.0 0.33156412762490917 0.0 0.0 0.0 0.0 0.10391081498938043 0.35 0.21452505738571043 0.0 0.0 
0.0 0.0 0.0 0.16940273967767785 0.0 0.0 0.21133106119370268 0.30172602931806575 0.10576069011745301 0.0 0.21177947969310074 
0.0 0.35 0.0 0.10472924444872418 0.0 0.0 0.0 0.35 0.1952707555512758 0.0 0.0 
0.0 0.0 0.0 0.17132751669870575 0.0 0.0 0.21255507056377088 0.30787205748271673 0.10504465028708569 0.0 0.20320070496772114 
0.0 0.3382735418126365 0.0 0.0 0.0 0.0 0.0 0.35 0.31172645818736344 0.0 0.0 
0.0 0.22836508715684972 0.0 0.10947756645153832 0.0 0.0 0.11693473432804286 0.35 0.19522261206356914 0.0 0.0 
0.0 0.17294447843995397 0.0 0.10142865889521271 0.0 0.0 0.1470748103969313 0.3427342509456644 0.13182449560509635 0.0 0.10399330571714124 
0.0 0.34597955987966283 0.0 0.0 0.0 0.0 0.0 0.35 0.3040204401203371 0.0 0.0 
0.0 0.2099452434910672 0.0 0.0 0.0 0.0 0.10247010117435791 0.35 0.33758465533457477 0.0 0.0 
0.0 0.35 0.0 0.0 0.0 0.0 0.11244360756990457 0.35 0.18755639243009536 0.0 0.0 
0.0 0.0 0.0 0.17056690663351667 0.0 0.0 0.18772725518684252 0.3316737073322525 0.10193450743057082 0.0 0.20809762341681753 
0.0 0.2573225148397694 0.0 0.11824815028061349 0.0 0.0 0.10880839568604522 0.35 0.1656209391935719 0.0 0.0 
0.0 0.3340151832783932 0.0 0.0 0.0 0.0 0.0 0.35 0.31598481672160683 0.0 0.0 
0.0 0.0 0.0 0.18051617054703323 0.0 0.0 0.2105264275502562 0.28746170768724344 0.10045376160832821 0.0 0.221041932607139 
0.0 0.35 0.0 0.0 0.0 0.0 0.16001256805140143 0.35 0.13998743194859856 0.0 0.0 
0.0 0.12335514770276487 0.0 0.1498718768453836 0.0 0.10644533122191939 0.2028910430328088 0.1799319717641521 0.0 0.0 0.23750462943297126 
0.0 0.30340274147870055 0.0 0.0 0.0 0.0 0.0 0.35 0.34659725852129947 0.0 0.0 
0.0 0.0 0.0 0.1805113997674137 0.0 0.0 0.17177093157812554 0.3232927166087929 0.10303547393760074 0.0 0.22138947810806728 
0.0 0.262472154351549 0.0 0.0 0.0 0.0 0.11391940194218535 0.35 0.27360844370626564 0.0 0.0 
0.0 0.24289401263099297 0.0 0.11500430540595573 0.0 0.0 0.1073638872439831 0.35 0.1847377947190681 0.0 0.0 
0.0 0.1148885663562128 0.0 0.142567429819233 0.0 0.0 0.14142808583646815 0.3260244613027823 0.11525269611125577 0.0 0.15983876057404806 
0.0 0.28862673049048665 0.0 0.0 0.0 0.0 0.11134112352647159 0.35 0.25003214598304174 0.0 0.0 
0.0 0.16930234355022655 0.0 0.12619069687089693 0.0 0.0 0.12365537775992738 0.35 0.1290483295251209 0.0 0.1018032522938283 
0.0 0.2728472645983141 0.0 0.11554534299477208 0.0 0.0 0.125617356165322 0.3270785772101935 0.1589114590313984 0.0 0.0 
0.0 0.2542919488849561 0.0 0.0 0.0 0.0 0.10460445559160926 0.35 0.2911035955234346 0.0 0.0 
0.0 0.21060007019303612 0.0 0.0 0.0 0.0 0.10473704475760831 0.35 0.33466288504935565 0.0 0.0 
0.0 0.2217403756279102 0.0 0.10461895550710612 0.0 0.0 0.12109608561082998 0.35 0.20254458325415362 0.0 0.0 
0.0 0.31180904967436196 0.0 0.1229848262469637 0.0 0.0 0.0 0.346693683982089 0.21851244009658535 0.0 0.0 
0.0 0.21010933406380156 0.0 0.11123442431695349 0.0 0.0 0.1093923693050005 0.35 0.21926387231424455 0.0 0.0 
0.0 0.343103753157448 0.0 0.0 0.0 0.0 0.11118162172474534 0.35 0.1957146251178067 0.0 0.0 
0.0 0.27084698382813366 0.0 0.10705054240059547 0.0 0.0 0.1114085226272629 0.35 0.160693951144008 0.0 0.0 
0.0 0.10271691332623453 0.0 0.15098702981943518 0.0 0.0 0.17050896597882806 0.29167470048039057 0.10215469233079438 0.0 0.18195769806431727 
0.0 0.25526358974559826 0.0 0.0 0.0 0.0 0.10517037113415552 0.35 0.2895660391202463 0.0 0.0 
0.0 0.27060459569553386 0.0 0.0 0.0 0.0 0.10317220347784918 0.35 0.2762232008266169 0.0 0.0 
0.0 0.0 0.0 0.17628973150940788 0.0 0.0 0.23168114540698942 0.2850901072599984 0.0 0.0 0.3069390158236043 
0.0 0.0 0.0 0.16922282339666866 0.0 0.0 0.20793479675752602 0.2847232082496846 0.10589024264242247 0.0 0.23222892895369815 
0.0 0.20991226769945304 0.0 0.12180581292148582 0.0 0.10460181535525266 0.18621914181734206 0.2037889355365121 0.0 0.0 0.1736720266699544 
0.0 0.0 0.0 0.1798442837069163 0.0 0.0 0.2164750839271671 0.2731824612835123 0.1044093545762611 0.0 0.2260888165061432 
0.0 0.20991226769945304 0.0 0.12180581292148582 0.0 0.10460181535525266 0.18621914181734206 0.2037889355365121 0.0 0.0 0.1736720266699544 
0.0 0.17712020867171857 0.0 0.10351479974251014 0.0 0.0 0.1289135305938446 0.3497834609860368 0.13453580489333491 0.0 0.10613219511255509 
0.0 0.1249436673146783 0.0 0.13913138718029838 0.0 0.107817417834507 0.21234362647559651 0.16346146734967815 0.0 0.0 0.25230243384524165 
0.0 0.0 0.0 0.1731728674513806 0.0 0.0 0.2388387231926166 0.2893717358747807 0.0 0.0 0.298616673481222 
0.0 0.19932620781552604 0.14228402860035572 0.11221701356118971 0.0 0.14810878574084224 0.12173918287908647 0.0 0.0 0.11220870854461128 0.16411607285838856 
0.0 0.35 0.0 0.0 0.0 0.0 0.12891017049743594 0.35 0.17108982950256393 0.0 0.0 
0.0 0.0 0.0 0.18028414645136048 0.0 0.0 0.2170045382003714 0.2738506103326642 0.10221892099074534 0.0 0.22664178402485846 
0.0 0.34113209150539375 0.0 0.1175496493087243 0.0 0.0 0.0 0.35 0.1913182591858821 0.0 0.0 
0.0 0.20872506318289225 0.0 0.10509773572656346 0.0 0.0 0.10846783190307262 0.35 0.11765413361223344 0.0 0.11005523557523833 
0.0 0.27000081270902576 0.0 0.0 0.0 0.0 0.10063731421813456 0.35 0.2793618730728397 0.0 0.0 
0.0 0.0 0.0 0.16692973357398588 0.0 0.0 0.1849766242875018 0.33495466581032657 0.10538737022616855 0.0 0.20775160610201723 
0.0 0.12210972405611277 0.0 0.14058847243921507 0.0 0.10713320123574337 0.2099311728654468 0.16755867189025533 0.0 0.0 0.2526787575132267 
0.0 0.1534288728319262 0.0 0.1269838829744942 0.0 0.0 0.11662417287106323 0.35 0.1299105171581362 0.0 0.12305255416438014 
0.0 0.0 0.0 0.14461323826363862 0.0 0.0 0.26238729199925215 0.2883371490828047 0.0 0.0 0.3046623206543045 
0.0 0.23535549852544352 0.0 0.10477668402516754 0.0 0.0 0.10517286872428606 0.34420130896894485 0.21049363975615815 0.0 0.0 
