0.0 0.3000000000000001 0.0 0.0 0.0 0.0 0.0 0.35 0.35 0.0 0.0 
0.0 0.30000000000000016 0.0 0.0 0.0 0.0 0.0 0.35 0.35 0.0 0.0 
0.12911648253739383 0.172453568213344 0.0 0.35 0.0 0.0 0.0 0.1 0.24842994924926218 0.0 0.0 
0.1 0.2000000000000001 0.0 0.0 0.0 0.0 0.0 0.35 0.35 0.0 0.0 
0.0 0.17267307590332956 0.0 0.0 0.0 0.0 0.1273269240966705 0.35 0.35 0.0 0.0 
0.0 0.3133036031520413 0.0 0.0 0.0 0.0 0.0 0.3366963968479587 0.35 0.0 0.0 
0.0 0.19999999999999996 0.0 0.0 0.0 0.0 0.1 0.35 0.35 0.0 0.0 
0.10067647560908388 0.10410274778739391 0.0 0.1 0.0 0.0 0.0 0.35 0.34522077660352224 0.0 0.0 
0.1 0.0 0.0 0.20837635880777036 0.0 0.0 0.0 0.34162364119222965 0.35 0.0 0.0 
0.14035426062492246 0.15964573937507762 0.0 0.0 0.0 0.0 0.0 0.35 0.35 0.0 0.0 
0.0 0.15200675968678362 0.0 0.14799324031321642 0.0 0.0 0.0 0.35 0.35 0.0 0.0 
0.1 0.11622796217748571 0.0 0.35 0.0 0.0 0.0 0.17950104909704512 0.25427098872546916 0.0 0.0 
0.10813855364024391 0.11916435810904782 0.0 0.1 0.0 0.0 0.0 0.35 0.3226970882507083 0.0 0.0 
0.0 0.1 0.0 0.21213667731814548 0.0 0.0 0.0 0.35 0.3378633226818546 0.0 0.0 
0.12079621076401902 0.17920378923598101 0.0 0.0 0.0 0.0 0.0 0.35 0.35 0.0 0.0 
0.1302584231578226 0.0 0.0 0.16974157684217744 0.0 0.0 0.0 0.35 0.35 0.0 0.0 
0.0 0.0 0.0 0.31248107279412696 0.0 0.0 0.0 0.35 0.33751892720587306 0.0 0.0 
0.1 0.10526728967260174 0.0 0.3035975584120547 0.0 0.0 0.0 0.14113515191534357 0.35 0.0 0.0 
0.1 0.11960714189802629 0.0 0.35 0.0 0.0 0.0 0.15724315369214084 0.27314970440983294 0.0 0.0 
0.0 0.1901356446356005 0.0 0.1098643553643996 0.0 0.0 0.0 0.35 0.35 0.0 0.0 
0.0 0.0 0.0 0.334069247393407 0.0 0.0 0.0 0.35 0.315930752606593 0.0 0.0 
0.0 0.10304554186306625 0.0 0.20453904742080287 0.0 0.0 0.0 0.35 0.3424154107161309 0.0 0.0 
0.11402945519062332 0.1 0.0 0.19478063927806166 0.0 0.0 0.0 0.24118990553131503 0.35 0.0 0.0 
0.1 0.0 0.0 0.25196971694819176 0.0 0.0 0.0 0.35 0.29803028305180823 0.0 0.0 
0.0 0.18280757911802947 0.0 0.11719242088197052 0.0 0.0 0.0 0.35 0.35 0.0 0.0 
0.1190836681084329 0.0 0.0 0.18131535625513692 0.0 0.0 0.0 0.35 0.3496009756364302 0.0 0.0 
0.15183397230822568 0.16396123999811543 0.0 0.0 0.0 0.0 0.0 0.33420478769365886 0.35 0.0 0.0 
0.0 0.0 0.0 0.35 0.0 0.0 0.0 0.3207737570502457 0.32922624294975433 0.0 0.0 
0.1 0.13464430248428794 0.0 0.35 0.0 0.0 0.0 0.1499784364996331 0.26537726101607895 0.0 0.0 
0.0 0.0 0.0 0.3004381704644081 0.0 0.0 0.0 0.35 0.3495618295355919 0.0 0.0 
0.1 0.1407343328752513 0.0 0.35 0.0 0.0 0.0 0.10877836462096199 0.30048730250378675 0.0 0.0 
0.10775398075323386 0.0 0.0 0.21937050662940566 0.0 0.0 0.0 0.35 0.32287551261736047 0.0 0.0 
0.1 0.11248822951827832 0.0 0.0 0.0 0.0 0.0 0.35 0.33359750988612014 0.0 0.10391426059560158 
0.10502325808526435 0.1 0.0 0.35 0.0 0.0 0.0 0.2054070561223631 0.2395696857923726 0.0 0.0 
0.1 0.10066650675638396 0.0 0.26679280551792395 0.0 0.0 0.0 0.1825406877256921 0.35 0.0 0.0 
0.10867974557259963 0.19132025442740036 0.0 0.0 0.0 0.0 0.0 0.35 0.35 0.0 0.0 
0.1 0.0 0.0 0.35 0.0 0.0 0.0 0.3467316750727901 0.20326832492720992 0.0 0.0 
0.1 0.11158018663692562 0.0 0.35 0.0 0.0 0.0 0.16323656404822212 0.2751832493148523 0.0 0.0 
0.1 0.1706527472338441 0.0 0.35 0.0 0.0 0.0 0.11619743797606549 0.26314981479009036 0.0 0.0 
0.0 0.0 0.0 0.35 0.0 0.0 0.0 0.29999999999999993 0.35 0.0 0.0 
0.1 0.0 0.0 0.35 0.0 0.0 0.0 0.3235118633123133 0.2264881366876867 0.0 0.0 
0.0 0.30801546446591316 0.0 0.0 0.0 0.0 0.0 0.34198453553408686 0.35 0.0 0.0 
0.1 0.13936118868349814 0.0 0.24622312047842565 0.0 0.0 0.0 0.16441569083807622 0.35 0.0 0.0 
0.10392962183981884 0.1 0.0 0.11027131732069828 0.0 0.0 0.0 0.33579906083948297 0.35 0.0 0.0 
0.1 0.0 0.0 0.2186763791224655 0.0 0.0 0.0 0.35 0.33132362087753453 0.0 0.0 
0.10967087713822894 0.0 0.0 0.35 0.0 0.0 0.0 0.3006180829049781 0.23971103995679302 0.0 0.0 
0.10928893655634273 0.1 0.0 0.24321549384115304 0.0 0.0 0.0 0.1974955696025043 0.35 0.0 0.0 
0.10994817828071665 0.0 0.0 0.35 0.0 0.0 0.0 0.31758311293800756 0.22246870878127578 0.0 0.0 
0.0 0.10002046804633663 0.0 0.32638676508069975 0.0 0.0 0.0 0.22359276687296364 0.35 0.0 0.0 
0.0 0.0 0.0 0.33267838952346956 0.0 0.0 0.0 0.3173216104765305 0.35 0.0 0.0 
0.10656643816839217 0.18188725320902913 0.0 0.35 0.0 0.0 0.0 0.1 0.2615463086225788 0.0 0.0 
0.1 0.0 0.0 0.2706147020601371 0.0 0.0 0.0 0.35 0.27938529793986294 0.0 0.0 
0.11419655097012658 0.1021967061877793 0.0 0.0 0.0 0.0 0.0 0.35 0.3336067428420942 0.0 0.1 
0.10055187246182089 0.1 0.0 0.25769645616564496 0.0 0.0 0.0 0.19175167137253418 0.35 0.0 0.0 
0.16753688138400033 0.1324631186159997 0.0 0.0 0.0 0.0 0.0 0.35 0.35 0.0 0.0 
0.1 0.0 0.0 0.2 0.0 0.0 0.0 0.35 0.35 0.0 0.0 
0.1 0.0 0.0 0.35 0.0 0.0 0.0 0.3365954631859056 0.2134045368140944 0.0 0.0 
0.1 0.1764159318321457 0.0 0.35 0.0 0.0 0.0 0.10666949786695736 0.266914570300897 0.0 0.0 
0.0 0.16048227392972783 0.0 0.13951772607027227 0.0 0.0 0.0 0.35 0.35 0.0 0.0 
0.0 0.11930634211236778 0.0 0.18069365788763225 0.0 0.0 0.0 0.35 0.35 0.0 0.0 
0.0 0.0 0.0 0.3469042647441026 0.0 0.0 0.0 0.3030957352558974 0.35 0.0 0.0 
0.1 0.13762312553381675 0.0 0.35 0.0 0.0 0.0 0.1425322970679821 0.26984457739820117 0.0 0.0 
0.1 0.0 0.0 0.327033705381731 0.0 0.0 0.0 0.35 0.22296629461826906 0.0 0.0 
0.10542598899962934 0.0 0.0 0.1945740110003707 0.0 0.0 0.0 0.35 0.35 0.0 0.0 
0.1 0.0 0.0 0.35 0.0 0.0 0.0 0.3147270030468191 0.23527299695318096 0.0 0.0 
0.0 0.10647378306643349 0.0 0.1935262169335665 0.0 0.0 0.0 0.35 0.35 0.0 0.0 
0.1 0.11962388175239705 0.0 0.2705674657879468 0.0 0.0 0.0 0.1598086524596562 0.35 0.0 0.0 
0.0 0.3026127274904149 0.0 0.0 0.0 0.0 0.0 0.3473872725095851 0.35 0.0 0.0 
0.11963906308594932 0.1 0.0 0.35 0.0 0.0 0.0 0.2069597421806882 0.2234011947333625 0.0 0.0 
0.1 0.0 0.0 0.3373682555274249 0.0 0.0 0.0 0.35 0.21263174447257518 0.0 0.0 
0.1 0.0 0.0 0.3468163198507034 0.0 0.0 0.0 0.35 0.20318368014929672 0.0 0.0 
0.1 0.0 0.0 0.35 0.0 0.0 0.0 0.33281641679005813 0.2171835832099419 0.0 0.0 
0.1 0.0 0.0 0.26500714108254797 0.0 0.0 0.0 0.35 0.28499285891745213 0.0 0.0 
0.20000000000000007 0.1 0.0 0.0 0.0 0.0 0.0 0.35 0.35 0.0 0.0 
0.0 0.15697593322709844 0.0 0.1430240667729016 0.0 0.0 0.0 0.35 0.35 0.0 0.0 
0.0 0.10887227283809824 0.0 0.35 0.0 0.0 0.0 0.2310997849653486 0.31002794219655316 0.0 0.0 
0.1 0.10926535468917807 0.0 0.28990691752743836 0.0 0.0 0.0 0.15082772778338357 0.35 0.0 0.0 
0.1 0.0 0.0 0.2783237206866074 0.0 0.0 0.0 0.35 0.27167627931339267 0.0 0.0 
0.0 0.17784598247654954 0.0 0.12215401752345058 0.0 0.0 0.0 0.35 0.35 0.0 0.0 
0.1 0.0 0.0 0.20000000000000004 0.0 0.0 0.0 0.35 0.35 0.0 0.0 
0.0 0.10243108860302547 0.0 0.2985686552478023 0.0 0.0 0.0 0.2490002561491723 0.35 0.0 0.0 
0.1 0.11143731452690377 0.0 0.26796176261247956 0.0 0.0 0.0 0.17060092286061668 0.35 0.0 0.0 
0.10483298681271198 0.0 0.0 0.24644932783411205 0.0 0.0 0.0 0.35 0.298717685353176 0.0 0.0 
0.0 0.0 0.0 0.35 0.0 0.0 0.0 0.3270352054411636 0.3229647945588364 0.0 0.0 
0.1 0.13696757242284752 0.0 0.35 0.0 0.0 0.0 0.13123391795867723 0.28179850961847525 0.0 0.0 
0.0 0.20305680205767007 0.0 0.0 0.0 0.0 0.1 0.3469431979423299 0.35 0.0 0.0 
0.11176850729639175 0.0 0.0 0.23736583892325436 0.0 0.0 0.0 0.35 0.3008656537803539 0.0 0.0 
0.0 0.12091507824927622 0.0 0.17908492175072385 0.0 0.0 0.0 0.35 0.35 0.0 0.0 
0.1 0.14664598572282184 0.0 0.2503810889180542 0.0 0.0 0.0 0.15297292535912405 0.35 0.0 0.0 
0.1 0.1092361965103242 0.0 0.2571500088724398 0.0 0.0 0.0 0.18361379461723606 0.35 0.0 0.0 
0.0 0.0 0.0 0.34788570780858846 0.0 0.0 0.0 0.35 0.3021142921914116 0.0 0.0 
0.11963906308594932 0.1 0.0 0.35 0.0 0.0 0.0 0.2069597421806882 0.2234011947333625 0.0 0.0 
0.1 0.1363547824725706 0.0 0.2650927190530571 0.0 0.0 0.0 0.14855249847437232 0.35 0.0 0.0 
0.1 0.12354965341653835 0.0 0.2719807822832799 0.0 0.0 0.0 0.15446956430018183 0.35 0.0 0.0 
0.1 0.10812313572224495 0.0 0.2563478483799951 0.0 0.0 0.0 0.18552901589775994 0.35 0.0 0.0 
0.1 0.1430202791694288 0.0 0.35 0.0 0.0 0.0 0.1263288334489837 0.2806508873815875 0.0 0.0 
0.1 0.11293264143436149 0.0 0.2692732574670025 0.0 0.0 0.0 0.16779410109863607 0.35 0.0 0.0 
0.10026988402368137 0.17918824818758022 0.0 0.35 0.0 0.0 0.0 0.1 0.27054186778873845 0.0 0.0 
0.0 0.1 0.0 0.33591621033681446 0.0 0.0 0.0 0.2140837896631856 0.35 0.0 0.0 
0.1018983056511651 0.1 0.0 0.29934350411651156 0.0 0.0 0.0 0.14875819023232334 0.35 0.0 0.0 
