0.0 0.3000000000000004 0.0 0.0 0.0 0.0 0.0 0.35 0.35 0.0 0.0 
0.0 0.13292552372960684 0.1850667323795508 0.0 0.0 0.12487271004299218 0.11687365946521182 0.0 0.10710130746891036 0.1386554337467807 0.19450463316694738 
0.0 0.16720634236566778 0.15100144577899774 0.0 0.0 0.11787427889255593 0.11537148200712974 0.0 0.16593225186567337 0.10374666147854449 0.17886753761143104 
0.0 0.20083226238090612 0.1004908131451469 0.0 0.0 0.0 0.10360456845482273 0.24870364040778384 0.34636871561134036 0.0 0.0 
0.0 0.15479015912527486 0.14625601372836988 0.0 0.0 0.11806145327463503 0.11730895868990103 0.0 0.15093125698688056 0.1335005940669428 0.17915156412799577 
0.0 0.2228352707018536 0.13861977449858498 0.0 0.0 0.0 0.12573016630079145 0.1914694340825353 0.3213453544162346 0.0 0.0 
0.0 0.25783598572817873 0.0 0.0 0.0 0.0 0.10931232665124202 0.2828516876205792 0.35 0.0 0.0 
0.0 0.30409575378685855 0.0 0.0 0.0 0.0 0.0 0.3459042462131414 0.35 0.0 0.0 
0.0 0.20440441474640558 0.11489930658666452 0.0 0.0 0.0 0.10845045819557217 0.22636750476585443 0.34587831570550326 0.0 0.0 
0.0 0.29707074330704747 0.1015134485296173 0.0 0.0 0.0 0.0 0.2514158081633353 0.35 0.0 0.0 
0.0 0.19130185305549077 0.10518290910897311 0.0 0.0 0.0 0.17002478324767709 0.2335764475217257 0.2999140070661332 0.0 0.0 
0.0 0.2035568750588124 0.17090485216658255 0.0 0.0 0.0 0.11652003547920713 0.11700533162263867 0.22786841919843853 0.0 0.1641444864743209 
0.0 0.2071681382536905 0.16468821522413618 0.0 0.0 0.0 0.12539555940138364 0.11129810162532452 0.25111710612746635 0.0 0.14033287936799882 
0.0 0.19468749190446485 0.1817025697679758 0.0 0.0 0.0 0.1378747690150455 0.10451451253752196 0.20670557058798475 0.0 0.17451508618700706 
0.0 0.23780617457920064 0.0 0.0 0.0 0.0 0.10329364890742564 0.3089001765133736 0.35 0.0 0.0 
0.0 0.24607340863642266 0.0 0.0 0.0 0.0 0.11400311956768608 0.2923174330761257 0.3476060387197655 0.0 0.0 
0.0 0.24061746100424786 0.10405036308532009 0.0 0.0 0.0 0.11259777647149147 0.0 0.24705441623780147 0.13358265332852698 0.1620973298726121 
0.0 0.21327567541217543 0.11988599780031127 0.0 0.0 0.0 0.11315726594807946 0.1513832172166754 0.2927071354682156 0.0 0.10959070815454293 
0.0 0.1967637852556729 0.10818602648078698 0.0 0.0 0.0 0.10480481046463085 0.24024537779890914 0.35 0.0 0.0 
0.0 0.26666761974643116 0.12538502147737524 0.0 0.0 0.0 0.0 0.25794735877619374 0.35 0.0 0.0 
0.0 0.2293361322190235 0.14311962577786375 0.0 0.0 0.0 0.12345068766389085 0.12397649228680775 0.2765686620987441 0.0 0.10354839995367003 
0.0 0.15373925202177716 0.15240584099624616 0.0 0.0 0.10269663579784091 0.11618784657756627 0.10214244168059607 0.17205904161573313 0.0 0.20076894131024042 
0.0 0.25970373168309163 0.10513960151820606 0.0 0.0 0.0 0.0 0.28515666679870233 0.35 0.0 0.0 
0.0 0.2448466721943068 0.11512498323170665 0.0 0.0 0.0 0.0 0.2988886739291614 0.34113967064482514 0.0 0.0 
0.0 0.24028596002317387 0.15547424480970906 0.0 0.0 0.0 0.11983343588731363 0.0 0.23974568177311187 0.1181582036798806 0.12650247382681087 
0.0 0.31178430898082227 0.0 0.0 0.0 0.0 0.0 0.33821569101917764 0.35 0.0 0.0 
0.0 0.32846320898336306 0.0 0.0 0.0 0.0 0.0 0.321536791016637 0.35 0.0 0.0 
0.0 0.22097866480018352 0.15586638373340944 0.0 0.0 0.0 0.11065278113382748 0.17940123871098204 0.33310093162159754 0.0 0.0 
0.0 0.23114314903321326 0.13671341147248767 0.0 0.0 0.0 0.1135005620940645 0.0 0.23188570562162186 0.10502921888497099 0.1817279528936417 
0.0 0.11945513740602343 0.17669701190900158 0.0 0.0 0.10392289079805457 0.13940863283895139 0.0 0.12725266675899172 0.1369440179730123 0.19631964231596502 
0.0 0.1971219662656828 0.1767215646210117 0.0 0.0 0.0 0.12048280716041086 0.1090231549021339 0.21562262401843238 0.0 0.18102788303232847 
0.0 0.19352745880867495 0.12720927340048224 0.0 0.0 0.0 0.13469434806301342 0.1803912577155321 0.2581852375302592 0.0 0.10599242448203813 
0.0 0.15748487267871125 0.10475472848150257 0.0 0.0 0.0 0.10495695257291011 0.28280344626687615 0.35 0.0 0.0 
0.0 0.2529229685731043 0.0 0.0 0.0 0.0 0.11898875191388326 0.27808827951301235 0.35 0.0 0.0 
0.0 0.2096641149918106 0.1420564321348303 0.0 0.0 0.0 0.12117256402548926 0.19860981141524356 0.3284970774326265 0.0 0.0 
0.0 0.2377757522510904 0.17575534449636168 0.0 0.0 0.0 0.10751807409596459 0.17907623941867742 0.299874589737906 0.0 0.0 
0.0 0.12775550978044847 0.15756505071822915 0.0 0.0 0.107879718515176 0.15084106575694625 0.0 0.1322027086821496 0.1378321629488878 0.1859237835981628 
0.0 0.23368602003853337 0.12318818609458732 0.0 0.0 0.0 0.12993036804988695 0.0 0.2641115550597906 0.11781537546295703 0.13126849529424467 
0.0 0.24816236543491685 0.10046714402040811 0.0 0.0 0.0 0.0 0.30137049054467496 0.35 0.0 0.0 
0.0 0.2031105883280463 0.0 0.0 0.0 0.0 0.10013340798635503 0.3483780018427993 0.3483780018427993 0.0 0.0 
0.0 0.23069195588440358 0.15050548249238183 0.0 0.0 0.0 0.12160801911956905 0.0 0.18231802061943628 0.10747652665535128 0.2073999952288579 
0.0 0.21260871669807535 0.1604178091435637 0.0 0.0 0.0 0.1217240263019473 0.0 0.18249194171462363 0.10757905319200038 0.2151784529497895 
0.0 0.12366853547450093 0.15299891652078995 0.0 0.0 0.10759801263731161 0.1612162695191891 0.0 0.1444436091682452 0.14008589597715446 0.16998876070280874 
0.0 0.18233911989358323 0.18193765038626045 0.0 0.0 0.0 0.1449348874526231 0.10125921099590372 0.18128220000766584 0.0 0.20824693126396376 
0.0 0.20228861317266766 0.16000214195443774 0.0 0.0 0.0 0.1337660798303822 0.17744282155897018 0.32650034348354223 0.0 0.0 
0.0 0.18831557954739186 0.10040446119863178 0.0 0.0 0.0 0.10315518924005039 0.3012094373010829 0.30691533271284316 0.0 0.0 
0.0 0.23059413663366582 0.13641512297788974 0.0 0.0 0.0 0.11982635919473932 0.10980060793067686 0.2674434947699124 0.0 0.1359202784931159 
0.0 0.24919306427178342 0.0 0.0 0.0 0.0 0.10528266494163432 0.2955242707865822 0.35 0.0 0.0 
0.0 0.17875903124174797 0.14651604853094521 0.0 0.0 0.0 0.13678125194175533 0.0 0.21668124740594585 0.10413776661595282 0.21712465426365285 
0.0 0.1963518829140965 0.1033201888277467 0.0 0.0 0.0 0.11110024782611909 0.2781127671711794 0.3111149132608583 0.0 0.0 
0.0 0.22089316869973366 0.11623379191530686 0.0 0.0 0.0 0.0 0.31287303938495953 0.35 0.0 0.0 
0.0 0.23910468797289117 0.0 0.0 0.0 0.0 0.13622473956652031 0.27467057246058857 0.35 0.0 0.0 
0.0 0.24586913029761706 0.1560201698551792 0.0 0.0 0.0 0.14151257981140097 0.16662649758483153 0.28997162245097124 0.0 0.0 
0.0 0.19271947493928218 0.16350494998905107 0.0 0.0 0.0 0.14381409650396892 0.0 0.1643419898417066 0.12802164561468324 0.20759784311130805 
0.0 0.19007614519874624 0.0 0.0 0.0 0.0 0.12648151529012389 0.33344233951112995 0.35 0.0 0.0 
0.0 0.21178737696744152 0.16222496154979155 0.0 0.0 0.0 0.14923930698880222 0.0 0.1596908930041535 0.10342774565460487 0.21362971583520635 
0.0 0.21086919641009544 0.16942226115680478 0.0 0.0 0.0 0.1326318343495658 0.14158237802496765 0.2436223082476518 0.0 0.10187202181091444 
0.0 0.225308834414517 0.0 0.0 0.0 0.0 0.10188074992387859 0.3228104156616045 0.35 0.0 0.0 
0.0 0.21476564555774288 0.0 0.0 0.0 0.0 0.1071762696487044 0.32805808479355275 0.35 0.0 0.0 
0.0 0.3348271301365653 0.0 0.0 0.0 0.0 0.0 0.3151728698634347 0.35 0.0 0.0 
0.0 0.31876185828996795 0.0 0.0 0.0 0.0 0.0 0.3312381417100323 0.35 0.0 0.0 
0.0 0.24004240350365058 0.1419770216781289 0.0 0.0 0.0 0.11787045317168245 0.10662982084650452 0.247744457903639 0.0 0.14573584289639463 
0.0 0.15516621863855432 0.17115357270735562 0.0 0.0 0.0 0.20437381083915587 0.10864380864922245 0.17746067629081613 0.0 0.18320191287489554 
0.0 0.2449232898775794 0.11720578420114239 0.0 0.0 0.0 0.1097285748512109 0.14047635194872612 0.2820611790990277 0.0 0.10560482002231339 
0.0 0.23720471598224258 0.15165686499821873 0.0 0.0 0.0 0.12029259103626702 0.0 0.21490895957755915 0.11613861048446378 0.15979825792124885 
0.0 0.10349026719918031 0.2052354522354886 0.0 0.0 0.10311911305249079 0.12784040510290987 0.12472469382289456 0.15092462348570995 0.0 0.18466544510132593 
0.0 0.1877862640421144 0.13860759120987473 0.0 0.0 0.0 0.12175221228312065 0.11156532682316847 0.2717418551960443 0.0 0.16854675044567735 
0.0 0.20088058784585064 0.1217724986570749 0.0 0.0 0.0 0.10918168102865937 0.163645127216347 0.30129855486202833 0.0 0.1032215503900398 
0.0 0.2261599675326323 0.0 0.0 0.0 0.0 0.11959276865012756 0.3042472638172401 0.35 0.0 0.0 
0.0 0.26368926274047716 0.10629344160490599 0.0 0.0 0.0 0.0 0.28001729565461686 0.35 0.0 0.0 
0.0 0.23147152869157747 0.12869293985482352 0.0 0.0 0.0 0.10640051454189477 0.2115215700162518 0.32191344689545237 0.0 0.0 
0.0 0.20466817445947855 0.11504757054747564 0.0 0.0 0.0 0.10140631478167286 0.16673064234688664 0.3069795138105185 0.0 0.10516778405396776 
0.0 0.18644444227838455 0.10291496228270129 0.0 0.0 0.0 0.10590470438493096 0.2547358910539833 0.35 0.0 0.0 
0.0 0.33786952453143615 0.0 0.0 0.0 0.0 0.0 0.3121304754685638 0.35 0.0 0.0 
0.0 0.13268383996815464 0.17022080209553667 0.0 0.0 0.12030417766627188 0.12927656892201422 0.1024422418176944 0.1371523614539019 0.0 0.20792000807642627 
0.0 0.2130260755899419 0.13797424353402785 0.0 0.0 0.0 0.10735488172625662 0.19514624285925808 0.3464985562905154 0.0 0.0 
0.0 0.19987214726415195 0.12747977049321577 0.0 0.0 0.0 0.12868479245675643 0.19396328978587585 0.35 0.0 0.0 
0.0 0.20735876588070964 0.11309377087233598 0.0 0.0 0.0 0.11395787738395832 0.24070447820158258 0.32488510766141343 0.0 0.0 
0.0 0.21833870736719052 0.0 0.0 0.0 0.0 0.11584354909935794 0.31581774353345154 0.35 0.0 0.0 
0.0 0.19154491298455395 0.1244329256756916 0.0 0.0 0.0 0.10368096519281941 0.2452394828441698 0.33510171330276534 0.0 0.0 
0.0 0.21352426850902892 0.15168293181450554 0.0 0.0 0.0 0.12247168744236851 0.14336505386380224 0.2658013572141902 0.0 0.10315470115610471 
0.0 0.2310806701567069 0.1403661747689179 0.0 0.0 0.0 0.10196387373437656 0.0 0.21510940335290227 0.14072074852513006 0.17075912946196625 
0.0 0.13029454514281408 0.16660263496378458 0.0 0.0 0.1048964124037869 0.14349581290306063 0.10167367650570909 0.15022915285408822 0.0 0.20280776522675653 
0.0 0.20628747906141742 0.14872383618266125 0.0 0.0 0.0 0.10944955201665295 0.14642299076762022 0.28311628582271947 0.0 0.1059998561489286 
0.0 0.3145916281063073 0.0 0.0 0.0 0.0 0.0 0.33540837189369266 0.35 0.0 0.0 
0.0 0.19220061251389084 0.1490420802530281 0.0 0.0 0.0 0.13316666340139444 0.15607937250091772 0.25572834395688326 0.0 0.11378292737388553 
0.0 0.23774634046363402 0.12782608573120796 0.0 0.0 0.0 0.0 0.284427573805158 0.35 0.0 0.0 
0.0 0.2025103392937095 0.12198361143530387 0.0 0.0 0.0 0.11006747594117061 0.2616955724349983 0.30374300089481765 0.0 0.0 
0.0 0.16632459902755317 0.11063467820475556 0.0 0.0 0.0 0.1108482532633943 0.2621924695042969 0.35 0.0 0.0 
0.0 0.22155911289916197 0.0 0.0 0.0 0.0 0.10874679664687405 0.31969409045396396 0.35 0.0 0.0 
0.0 0.19790534108235266 0.15486336075277102 0.0 0.0 0.0 0.1357232598191424 0.13241542853341906 0.25800938367476545 0.0 0.12108322613754949 
0.0 0.24339718276091274 0.10521044801908172 0.0 0.0 0.0 0.11294922458019435 0.2072791150868558 0.3311640295529553 0.0 0.0 
0.0 0.19250356888912964 0.1266563500918697 0.0 0.0 0.0 0.11146904840751222 0.1796071754832027 0.2842321355530867 0.0 0.10553172157519917 
0.0 0.21139488938645573 0.16017145074973588 0.0 0.0 0.0 0.12743800753207554 0.10307026223564598 0.23032001981670197 0.0 0.16760537027938488 
0.0 0.13131546140922268 0.16445845917626237 0.0 0.0 0.10947761125972966 0.13644766506418274 0.10201768559815524 0.16023088999106277 0.0 0.19605222750138446 
0.0 0.27051914030539154 0.0 0.0 0.0 0.0 0.1256069645874377 0.2538738951071708 0.35 0.0 0.0 
0.0 0.23320713392195996 0.0 0.0 0.0 0.0 0.11497098835940718 0.3018218777186329 0.35 0.0 0.0 
0.0 0.19786200036423465 0.12434818708728933 0.0 0.0 0.0 0.13200447703463494 0.2139732976568591 0.331812037856982 0.0 0.0 
0.0 0.15944152929248057 0.14398916392613137 0.0 0.0 0.11240037324527012 0.11001380251311381 0.10470163151721348 0.1897721350310548 0.0 0.17968136447473596 
0.0 0.19453241662314635 0.18660753810122063 0.0 0.0 0.0 0.11929228430747378 0.1138859022100071 0.22369370373854586 0.0 0.16198815501960617 
