-0.014805555974249724 6.591216372155806E-4 
-0.0035089182141140375 4.507027441717297E-5 
-0.014805555974249724 6.591216372155806E-4 
-0.014217296404181977 3.164776265598369E-4 
-0.01480555597424972 6.591216372155804E-4 
-0.0056969107754736015 5.205014484562501E-5 
-0.0044003537547565325 5.1899358144108085E-5 
-0.014217296404181977 3.164776265598369E-4 
-0.01480555597424972 6.591216372155804E-4 
-0.0070543683430393566 6.473322760793314E-5 
-0.009895898690092412 1.0295117497505129E-4 
-0.008237099178283726 7.809221199316438E-5 
-0.006797405957846005 6.274073872291107E-5 
-0.013944576496553998 2.9548369575252176E-4 
-0.00730547934046062 6.623299305518805E-5 
-0.006657162252176276 6.062098813596963E-5 
-0.005925777509307413 5.309191941834468E-5 
-0.006489740328153515 5.658980571996282E-5 
-0.004294212616540637 5.011169469516539E-5 
-0.00407621347377653 4.8303769205978665E-5 
-0.013814057964152856 2.870029563356253E-4 
-0.01041279217475459 1.1450509210629757E-4 
-0.012481934969423404 1.9121514560549834E-4 
-0.009661615996424547 9.773334335856122E-5 
-0.013636116476602783 2.827514147601034E-4 
-0.012920574983032288 2.234950091639156E-4 
-0.00952363116107417 9.517914783475406E-5 
-0.008391916527854846 8.160181365345239E-5 
-0.003698437229569009 4.698140656644362E-5 
-0.012556371507199422 1.938310194242756E-4 
-0.009786159359906104 9.993165363632154E-5 
-0.012255498870655282 1.8130926076688985E-4 
-0.008039144110851838 7.48548944635859E-5 
-0.007804585238794304 7.14916359268746E-5 
-0.012858305069865156 2.1720905577903352E-4 
-0.008660290610501012 8.628770825110419E-5 
-0.011674859388473156 1.5520260328795947E-4 
-0.012191176928261596 1.7413931340139348E-4 
-0.010223421757287441 1.0881590403660566E-4 
-0.008021446065369245 7.345071836203842E-5 
-0.012365848274628374 1.8352346337069554E-4 
-0.006338103785481366 5.565410172892967E-5 
-0.007440231360104703 6.77918422289659E-5 
-0.006086452913008897 5.328298326715313E-5 
-0.013445374777849958 2.696071781491821E-4 
-0.01293334971070659 2.3194914379992963E-4 
-0.012997964924406602 2.3409411436294458E-4 
-0.0038646672964806907 4.7107075480336474E-5 
-0.01267835155950991 2.1052769397438884E-4 
-0.014097923248861935 3.0674343227438724E-4 
-0.008776463882084806 8.68363527127387E-5 
-0.01259662014632281 2.0302828450182266E-4 
-0.01062406975805623 1.181992567329444E-4 
-0.013768720697378736 2.8429437801271687E-4 
-0.011097095913705713 1.3401110541431052E-4 
-0.010132987413199191 1.0801944636975916E-4 
-0.0076331091818871285 6.843335344861502E-5 
-0.009245107319196564 9.14126751143702E-5 
-0.013232172542633197 2.5331691775969903E-4 
-0.008960729933077673 8.837448723204576E-5 
-0.008518949928546486 8.450384355155485E-5 
-0.0039626939056722895 4.722508927011677E-5 
-0.0118143832971687 1.5933630847347072E-4 
-0.009100031820249788 8.969126312161366E-5 
-0.013550378231311708 2.772922120104008E-4 
-0.011227669060745078 1.3754280321482876E-4 
-0.011563580945098236 1.5211387938393554E-4 
-0.003551199457000742 4.5757029857751595E-5 
-0.014144053761885354 3.132165061495597E-4 
-0.013358494489894429 2.64275253168842E-4 
-0.01261230854930555 2.049427696410237E-4 
-0.011341699018767666 1.4070761502337157E-4 
-0.011762349273766534 1.5759917044294602E-4 
-0.013275468633106871 2.57160892232249E-4 
-0.008902860205401283 8.75327343770013E-5 
-0.0114704669646181 1.4703981055160176E-4 
-0.009399154414096026 9.328292120498052E-5 
-0.013150050128359368 2.473304087425733E-4 
-0.012799772069365126 2.1372406782574005E-4 
-0.013550378231311708 2.772922120104008E-4 
-0.007553971272663716 6.782288680256498E-5 
-0.013029486934893832 2.4139772784854697E-4 
-0.012074862638970256 1.7027346620308886E-4 
-0.011910901571401096 1.6216047476036034E-4 
-0.011440422608766562 1.4418714699516018E-4 
-0.011191639407036933 1.3652809640944306E-4 
-0.013079012499010502 2.433468377488245E-4 
-0.013181564371640024 2.491627612690408E-4 
-0.014021797365957852 3.053983471330243E-4 
-0.01093278668812453 1.2693008810805338E-4 
-0.009356021483620023 9.289057462350712E-5 
-0.012140818646992013 1.7131876410058944E-4 
-0.011546255229151408 1.4990261996274611E-4 
-0.0062497591765330275 5.431506280931772E-5 
-0.00618858719622536 5.3825472470938696E-5 
-0.010132987413199191 1.0801944636975916E-4 
-0.008461216244439193 8.432140213844298E-5 
-0.012732021032334971 2.1290338129799938E-4 
-0.0077626187750269105 7.002004271146522E-5 
-0.013443484878792726 2.6813716901296595E-4 
