0.0 0.29999999999999993 0.0 0.0 0.0 0.0 0.0 0.35 0.35 0.0 0.0 
0.10075783194553628 0.0 0.0 0.23030550986603104 0.0 0.0 0.31893665818843275 0.0 0.0 0.35 0.0 
0.10075783194553628 0.0 0.0 0.23030550986603104 0.0 0.0 0.31893665818843275 0.0 0.0 0.35 0.0 
0.0 0.29999999999999993 0.0 0.0 0.0 0.0 0.0 0.35 0.35 0.0 0.0 
0.0 0.2999999999999998 0.0 0.0 0.0 0.0 0.0 0.35 0.35 0.0 0.0 
0.10001687347708876 0.1999831265229113 0.0 0.0 0.0 0.0 0.0 0.35 0.35 0.0 0.0 
0.1004771775825462 0.0 0.0 0.216927962307718 0.0 0.0 0.23644193042223305 0.10030731121044739 0.0 0.3458456184770554 0.0 
0.10729128150937459 0.0 0.0 0.2138033427989364 0.0 0.0 0.3289053756916891 0.0 0.0 0.35 0.0 
0.22049345765793932 0.10117127632970757 0.0 0.0 0.0 0.0 0.0 0.35 0.32833526601235313 0.0 0.0 
0.3000000000000001 0.0 0.0 0.0 0.0 0.0 0.0 0.35 0.35 0.0 0.0 
0.2001260090904495 0.0 0.0 0.18099550669154635 0.0 0.0 0.11872000794999112 0.25070146468972976 0.12003848922701381 0.12941852235126935 0.0 
0.1687087446430706 0.0 0.0 0.16782354618419504 0.0 0.0 0.1062402144481188 0.2286179606067288 0.10949392573934977 0.219115608378537 0.0 
0.3348255916725597 0.0 0.0 0.0 0.0 0.0 0.0 0.35 0.31517440832744026 0.0 0.0 
0.1319346379426007 0.0 0.0 0.1854253420162284 0.0 0.0 0.20991457506352018 0.10684012791690792 0.1059091952916972 0.25997612176904555 0.0 
0.1904138490052069 0.0 0.0 0.1777984779805897 0.0 0.0 0.10296070786254898 0.24627317917511823 0.11577105584331068 0.1667827301332257 0.0 
0.15116508308401838 0.0 0.0 0.17069279898080142 0.0 0.0 0.18854126083038056 0.13415788379014848 0.11307184941326603 0.24237112390138527 0.0 
0.24675725202604626 0.0 0.0 0.1162656820094999 0.0 0.0 0.0 0.35 0.2869770659644538 0.0 0.0 
0.30249520937390106 0.0 0.0 0.13133054104410966 0.0 0.0 0.0 0.3448797697365718 0.22129447984541767 0.0 0.0 
0.1813963595593567 0.0 0.0 0.1699778535705748 0.0 0.0 0.10722627688175795 0.30165028712086633 0.10844403090570667 0.13130519196173765 0.0 
0.1889917967241054 0.0 0.0 0.1750360117830774 0.0 0.0 0.1176024668447289 0.27134818279048856 0.11400019389308531 0.13302134796451445 0.0 
0.35 0.0 0.0 0.0 0.0 0.0 0.0 0.35 0.30000000000000004 0.0 0.0 
0.10233011182444927 0.0 0.0 0.2191180965369336 0.0 0.0 0.21949443691001416 0.12480645804918315 0.0 0.33425089667942 0.0 
0.1612270172208246 0.0 0.0 0.16153740370843647 0.0 0.0 0.12531664937615294 0.2401230602872055 0.10521025795505769 0.20658561145232282 0.0 
0.13561185033811815 0.0 0.0 0.17838717890942593 0.0 0.0 0.210518280303446 0.10034539350583778 0.10243504774887477 0.27270224919429725 0.0 
0.2888584838513839 0.0 0.0 0.14128789105966316 0.0 0.0 0.1028966271685969 0.34458018039864297 0.12237681752171314 0.0 0.0 
0.3185559674851456 0.0 0.0 0.0 0.0 0.0 0.0 0.35 0.33144403251485444 0.0 0.0 
0.33290264352626364 0.0 0.0 0.14178199865600238 0.0 0.0 0.0 0.34456562470435914 0.18074973311337483 0.0 0.0 
0.1684621945256633 0.0 0.0 0.16825599305273797 0.0 0.0 0.1303116420909674 0.2156846491528271 0.10940383059385238 0.20788169058395195 0.0 
0.14796264261904005 0.0 0.0 0.17172255638412084 0.0 0.0 0.1795661359045032 0.11663885699902729 0.11430510637329522 0.26980470172001336 0.0 
0.1663201334871179 0.0 0.0 0.15666852979174883 0.0 0.0 0.11237790313492313 0.32366286258964927 0.11800064626727819 0.1229699247292826 0.0 
0.10433865548404571 0.0 0.0 0.20841738977761948 0.0 0.0 0.21899068949419584 0.1322188195443246 0.0 0.3360344456998145 0.0 
0.10086425789373862 0.0 0.0 0.2084911072538431 0.0 0.0 0.21220326750628854 0.15639503176411412 0.0 0.3220463355820155 0.0 
0.2786915515371784 0.0 0.0 0.14305250803136543 0.0 0.0 0.0 0.3478876583989123 0.23036828203254395 0.0 0.0 
0.1350789404110798 0.0 0.0 0.1714282714429041 0.0 0.0 0.16952519803591973 0.17809601606313427 0.10732108139661087 0.23855049265035114 0.0 
0.17930632247767844 0.0 0.0 0.1617276670503787 0.0 0.0 0.10581531359124326 0.3098017759849322 0.11137451149214843 0.1319744094036189 0.0 
0.1385757424025754 0.16142425759742474 0.0 0.0 0.0 0.0 0.0 0.35 0.35 0.0 0.0 
0.3202566840215156 0.0 0.0 0.13525056158664786 0.0 0.0 0.0 0.35 0.19449275439183666 0.0 0.0 
0.17982647483438638 0.1201735251656137 0.0 0.0 0.0 0.0 0.0 0.35 0.35 0.0 0.0 
0.302092489247223 0.0 0.0 0.15486565122775703 0.0 0.0 0.10163206517227015 0.3354713107038366 0.10593848364891319 0.0 0.0 
0.10239769204058648 0.0 0.0 0.2021178823270662 0.0 0.0 0.22906403534404104 0.13969745724383023 0.0 0.326722933044476 0.0 
0.257072343582745 0.0 0.0 0.13121796317862064 0.0 0.0 0.0 0.35 0.26170969323863447 0.0 0.0 
0.20592509313007154 0.0 0.0 0.12541218067365387 0.0 0.0 0.0 0.3480979172974068 0.3205648088988677 0.0 0.0 
0.2897173179851803 0.0 0.0 0.168609681922617 0.0 0.0 0.10286007730408643 0.3235985647415879 0.11521435804652844 0.0 0.0 
0.133589184665048 0.0 0.0 0.17827188470481745 0.0 0.0 0.17437782046465047 0.17503339758306583 0.10014954073376345 0.2385781718486547 0.0 
0.1842779464826338 0.0 0.0 0.16649440845820726 0.0 0.0 0.10079452275922134 0.3280308579147189 0.10091114601100394 0.11949111837421478 0.0 
0.17279568106564466 0.0 0.0 0.16654769144305603 0.0 0.0 0.10611439174485443 0.29855282366480307 0.10733048506437938 0.14865892701726238 0.0 
0.23943551331357038 0.0 0.0 0.10923796305461088 0.0 0.0 0.0 0.3483526357825241 0.3029738878492945 0.0 0.0 
0.287655776946439 0.0 0.0 0.1137820943345386 0.0 0.0 0.0 0.3492973935226811 0.24926473519634137 0.0 0.0 
0.2385773340127 0.0 0.0 0.10936122118775243 0.0 0.0 0.0 0.3487456978129835 0.30331574698656416 0.0 0.0 
0.10304734999420728 0.0 0.0 0.24111844605426272 0.0 0.0 0.22607153658731446 0.11183105607162029 0.0 0.3179316112925953 0.0 
0.2822165399210876 0.0 0.0 0.16269302924688844 0.0 0.0 0.1005584548028957 0.33496906222078354 0.11956291380834491 0.0 0.0 
0.20131225151345045 0.1002107825987886 0.0 0.0 0.0 0.0 0.0 0.34847696588776106 0.35 0.0 0.0 
0.1058042292401754 0.0 0.0 0.2221502044429129 0.0 0.0 0.20318553679438686 0.14948476046913597 0.0 0.3193752690533888 0.0 
0.1721504853315781 0.0 0.0 0.17829164121865956 0.0 0.0 0.10551346514125728 0.28833953445694394 0.10706511308750497 0.14863976076405602 0.0 
0.1276401934027232 0.17235980659727687 0.0 0.0 0.0 0.0 0.0 0.35 0.35 0.0 0.0 
0.30846687307207826 0.0 0.0 0.11061675599116204 0.0 0.0 0.0 0.35 0.23091637093675962 0.0 0.0 
0.1440229018678225 0.0 0.0 0.169847690490616 0.0 0.0 0.14163438879470527 0.2035501693286771 0.10476548452568019 0.23617936499249884 0.0 
0.19369157331621775 0.10630842668378224 0.0 0.0 0.0 0.0 0.0 0.35 0.35 0.0 0.0 
0.2723221578774941 0.0 0.0 0.12637842353631457 0.0 0.0 0.1015597786640889 0.28642668187959786 0.21331295804250472 0.0 0.0 
0.14894005935071272 0.0 0.0 0.1887268168056001 0.0 0.0 0.15096075669609332 0.18755080258035792 0.11165783052148544 0.21216373404575045 0.0 
0.24376203881204192 0.0 0.0 0.1244239570363918 0.0 0.0 0.0 0.35 0.28181400415156627 0.0 0.0 
0.16979377021349407 0.1302062297865059 0.0 0.0 0.0 0.0 0.0 0.35 0.35 0.0 0.0 
0.150269460349574 0.1497844464488174 0.0 0.0 0.0 0.0 0.0 0.3499999999999999 0.3499460932016087 0.0 0.0 
0.1594625261379012 0.14053747386209892 0.0 0.0 0.0 0.0 0.0 0.35 0.35 0.0 0.0 
0.3451058644446752 0.0 0.0 0.0 0.0 0.0 0.0 0.35 0.3048941355553247 0.0 0.0 
0.2119018844796742 0.0 0.0 0.14202648564350898 0.0 0.0 0.10626624058611275 0.31107530943730816 0.11153272022757939 0.11719735962581648 0.0 
0.20750951913996202 0.1032957068105938 0.0 0.0 0.0 0.0 0.0 0.35 0.3391947740494442 0.0 0.0 
0.30374254362811043 0.0 0.0 0.10551116534889883 0.0 0.0 0.0 0.34290479888509634 0.24784149213789428 0.0 0.0 
0.10157948779291745 0.0 0.0 0.22525754972333084 0.0 0.0 0.21995834749037826 0.10968999124984223 0.0 0.34351462374353126 0.0 
0.11906766785510581 0.18093233214489418 0.0 0.0 0.0 0.0 0.0 0.35 0.35 0.0 0.0 
0.14667337820723195 0.0 0.0 0.17022626126035245 0.0 0.0 0.17800149617862568 0.12433597611156964 0.11330911506679726 0.26745377317542307 0.0 
0.31183179308343845 0.0 0.0 0.14727562364094535 0.0 0.0 0.1110801362813007 0.29622900131252083 0.13358344568179456 0.0 0.0 
0.2558634617631797 0.0 0.0 0.12243290791345927 0.0 0.0 0.0 0.3443992522852929 0.2773043780380682 0.0 0.0 
0.13503076574064315 0.0 0.0 0.16534018305357864 0.0 0.0 0.1944555855662441 0.15004745543776046 0.10180209290929516 0.2533239172924785 0.0 
0.12849135470394696 0.0 0.0 0.20632923657963675 0.0 0.0 0.16524656352652695 0.16835403577223118 0.10208720245344763 0.22949160696421056 0.0 
0.2568783822551459 0.0 0.0 0.1189519074662043 0.0 0.0 0.0 0.34576536316393686 0.27840434711471296 0.0 0.0 
0.14490634326466548 0.0 0.0 0.1836083685202813 0.0 0.0 0.17453035404281567 0.18191571415975388 0.10862956542991761 0.20640965458256585 0.0 
0.18605020328753352 0.0 0.0 0.17358910873975122 0.0 0.0 0.10060119433819002 0.24230174719488454 0.11311797218001383 0.1843397742596269 0.0 
0.34775439145644327 0.0 0.0 0.17340063602728176 0.0 0.0 0.0 0.35 0.12884497251627486 0.0 0.0 
0.20705031261059473 0.0 0.0 0.1260974600956219 0.0 0.0 0.0 0.35 0.31685222729378343 0.0 0.0 
0.3128054746000831 0.0 0.0 0.1700490060519559 0.0 0.0 0.0 0.34554733779197677 0.17159818155598425 0.0 0.0 
0.16298367595987207 0.13701632404012798 0.0 0.0 0.0 0.0 0.0 0.35 0.35 0.0 0.0 
0.18807086741592952 0.0 0.0 0.18065447414098557 0.0 0.0 0.10918174789289792 0.2720803521421328 0.11644344323476935 0.1335691151732849 0.0 
0.35 0.0 0.0 0.12244542387864282 0.0 0.0 0.0 0.35 0.17755457612135717 0.0 0.0 
0.28373956110774906 0.0 0.0 0.17363373727094952 0.0 0.0 0.10073775842168857 0.3158523808861982 0.12603656231341454 0.0 0.0 
0.17510113424638651 0.0 0.0 0.16901605319219737 0.0 0.0 0.14114650102854673 0.20075735616820942 0.10510137055586684 0.20887758480879318 0.0 
0.16617594280851802 0.0 0.0 0.16597253975854379 0.0 0.0 0.12854314313288748 0.2127575271307261 0.10791907790935994 0.21863176925996478 0.0 
0.1262575801217215 0.1737424198782784 0.0 0.0 0.0 0.0 0.0 0.35 0.35 0.0 0.0 
0.10668070501826019 0.1933192949817399 0.0 0.0 0.0 0.0 0.0 0.35 0.35 0.0 0.0 
0.17639219908930004 0.12360780091070009 0.0 0.0 0.0 0.0 0.0 0.35 0.35 0.0 0.0 
0.10001687347708876 0.1999831265229113 0.0 0.0 0.0 0.0 0.0 0.35 0.35 0.0 0.0 
0.17809991514064133 0.0 0.0 0.16305900266111792 0.0 0.0 0.10658995688125898 0.3120697451366254 0.1121898520612786 0.12799152811907788 0.0 
0.20517221819162132 0.0 0.0 0.1782116910381619 0.0 0.0 0.10033490632713289 0.2884658893664957 0.10699737674166075 0.12081791833492732 0.0 
0.31683623091878194 0.0 0.0 0.17224022762986682 0.0 0.0 0.0 0.35 0.16092354145135118 0.0 0.0 
0.18224977897131395 0.0 0.0 0.18203884299644701 0.0 0.0 0.13198989483265816 0.22970097685618865 0.12350164585967562 0.1505188604837166 0.0 
0.14223505353223875 0.15776494646776126 0.0 0.0 0.0 0.0 0.0 0.35 0.35 0.0 0.0 
0.20750951913996202 0.1032957068105938 0.0 0.0 0.0 0.0 0.0 0.35 0.3391947740494442 0.0 0.0 
0.14377650617981372 0.0 0.0 0.17604901905269427 0.0 0.0 0.17475068393865328 0.16024552527737748 0.1055200630331572 0.239658202518304 0.0 
0.3154492451471103 0.0 0.0 0.0 0.0 0.0 0.0 0.35 0.33455075485288976 0.0 0.0 
0.30869036631702973 0.0 0.0 0.11491164206457417 0.0 0.0 0.10117919814202782 0.35 0.12521879347636844 0.0 0.0 
