0.0 0.3 0.0 0.0 0.0 0.0 0.0 0.35 0.35 0.0 0.0 
0.28536561057609977 0.0 0.0 0.10387141183322694 0.0 0.0 0.13078177830244692 0.10023342729630376 0.10721188895669215 0.1387799799444107 0.13375590309081983 
0.28536561057609977 0.0 0.0 0.10387141183322694 0.0 0.0 0.13078177830244692 0.10023342729630376 0.10721188895669215 0.1387799799444107 0.13375590309081983 
0.0 0.3 0.0 0.0 0.0 0.0 0.0 0.35 0.35 0.0 0.0 
0.10005061132108349 0.19994938867891654 0.0 0.0 0.0 0.0 0.0 0.35 0.35 0.0 0.0 
0.0 0.2999999999999998 0.0 0.0 0.0 0.0 0.0 0.35 0.35 0.0 0.0 
0.22085089405461863 0.1000530683301504 0.0 0.0 0.0 0.0 0.0 0.35 0.32909603761523093 0.0 0.0 
0.30000000000000004 0.0 0.0 0.0 0.0 0.0 0.0 0.35 0.35 0.0 0.0 
0.11149758790614933 0.19372405070035348 0.0 0.0 0.0 0.0 0.0 0.35 0.34477836139349716 0.0 0.0 
0.3352232453914859 0.0 0.0 0.0 0.0 0.0 0.0 0.3455292818698306 0.2173327372435507 0.0 0.10191473549513279 
0.2744883942663034 0.0 0.0 0.10064597509123409 0.0 0.0 0.12579679889619083 0.133795819522285 0.10312531768130427 0.1334901348986917 0.12865755964399087 
0.2621165318914921 0.0 0.0 0.0 0.0 0.0 0.0 0.3493092741399351 0.28548099112730163 0.0 0.10309320284127106 
0.285147304661021 0.0 0.0 0.1012322754549945 0.0 0.0 0.11310545955271191 0.1376976619903834 0.1138676748839829 0.11807465512414013 0.13087496833276618 
0.3463758908598723 0.0 0.0 0.0 0.0 0.0 0.0 0.3200135445158085 0.1971289432321623 0.0 0.1364816213921568 
0.140214421835482 0.15978557816451788 0.0 0.0 0.0 0.0 0.0 0.35 0.35 0.0 0.0 
0.32072989259950113 0.0 0.0 0.10540642489657305 0.0 0.0 0.0 0.297755041246396 0.1554242067105034 0.0 0.12068443454702633 
0.27517747930994313 0.0 0.0 0.0 0.0 0.0 0.0 0.3445189380008526 0.27714221239428 0.0 0.10316137029492431 
0.31417316649398264 0.0 0.0 0.1043888902291257 0.0 0.0 0.0 0.2827748585719716 0.16613817537275893 0.0 0.13252490933216104 
0.3458990770682819 0.0 0.0 0.10237456137411922 0.0 0.0 0.10596726027629827 0.19503213293762425 0.1259079611980045 0.0 0.12481900714567198 
0.30087170115311684 0.0 0.0 0.0 0.0 0.0 0.0 0.35 0.23277345575997796 0.0 0.1163548430869053 
0.13042714600587588 0.16957285399412428 0.0 0.0 0.0 0.0 0.0 0.35 0.35 0.0 0.0 
0.34666257743397366 0.0 0.0 0.11302680501767026 0.0 0.0 0.0 0.254353339782327 0.16538151436898307 0.0 0.12057576339704602 
0.30602260256957536 0.0 0.0 0.11034239962160944 0.0 0.0 0.0 0.3138905632358449 0.15206713030793245 0.0 0.11767730426503784 
0.10005061132108349 0.19994938867891654 0.0 0.0 0.0 0.0 0.0 0.35 0.35 0.0 0.0 
0.3391715827910932 0.0 0.0 0.0 0.0 0.0 0.0 0.34650886663443914 0.31431955057446753 0.0 0.0 
0.33050090055307396 0.0 0.0 0.0 0.0 0.0 0.0 0.31213209713251455 0.2459205215012594 0.0 0.1114464808131521 
0.34371548224264364 0.0 0.0 0.10588889521825055 0.0 0.0 0.10730896537057127 0.1782588700692136 0.13802228016911447 0.0 0.12680550693020648 
0.20384309308206613 0.10324734107716826 0.0 0.0 0.0 0.0 0.0 0.35 0.34290956584076554 0.0 0.0 
0.3270638253632366 0.0 0.0 0.0 0.0 0.0 0.0 0.35 0.32293617463676344 0.0 0.0 
0.3459505851736337 0.0 0.0 0.10847062600578872 0.0 0.0 0.10971640113946071 0.15827784273904427 0.13718812808212594 0.0 0.14039641685994675 
0.31805818871766256 0.0 0.0 0.10452838153028615 0.0 0.0 0.0 0.29527471958667356 0.16638587265407354 0.0 0.11575283751130432 
0.1569974884037105 0.14300251159628963 0.0 0.0 0.0 0.0 0.0 0.35 0.35 0.0 0.0 
0.3349553047624952 0.0 0.0 0.0 0.0 0.0 0.0 0.337084815183222 0.21715902533330025 0.0 0.11080085472098251 
0.28998296523944134 0.0 0.0 0.1002078699407576 0.0 0.0 0.11407457662511468 0.14385860658675692 0.11597226497474573 0.12025700186475545 0.11564671476842849 
0.21699932981510967 0.10001841289950636 0.0 0.0 0.0 0.0 0.0 0.35 0.3329822572853841 0.0 0.0 
0.3370692373289021 0.0 0.0 0.10054047686558512 0.0 0.0 0.10039609942608534 0.20080987949797863 0.1509189297909297 0.0 0.11026537709051924 
0.34732478857809995 0.0 0.0 0.0 0.0 0.0 0.0 0.3090787723607336 0.2255854266116266 0.0 0.11801101244953995 
0.33890283942817845 0.0 0.0 0.10284135418828241 0.0 0.0 0.10090916986219658 0.19280086627961449 0.15291033214057465 0.0 0.11163543810115324 
0.23995957179981842 0.0 0.0 0.0 0.0 0.0 0.0 0.3448680772345728 0.3151069415495904 0.0 0.10006540941601845 
0.28391017394181217 0.0 0.0 0.10080238647414354 0.0 0.0 0.10979156446983118 0.15287435930208923 0.11567266804907508 0.12830479402949985 0.10864405373354906 
0.341977914440296 0.0 0.0 0.10196343190654486 0.0 0.0 0.0 0.2735596778200319 0.15151980938671944 0.0 0.13097916644640784 
0.24194157715458622 0.0 0.0 0.0 0.0 0.0 0.0 0.3477166003030238 0.3062479043976616 0.0 0.10409391814472838 
0.34650842482829863 0.0 0.0 0.10804367768802453 0.0 0.0 0.0 0.2476048511467395 0.15984162483998562 0.0 0.13800142149695174 
0.34977738340549946 0.0 0.0 0.0 0.0 0.0 0.0 0.33309409827971925 0.190067135677252 0.0 0.1270613826375293 
0.35 0.0 0.0 0.11911915784189593 0.0 0.0 0.0 0.22017332796174244 0.160621433132306 0.0 0.15008608106405555 
0.2997524164170603 0.0 0.0 0.10608585128191918 0.0 0.0 0.0 0.34030953187115665 0.14751300293691788 0.0 0.1063391974929461 
0.24199368637679503 0.0 0.0 0.10375813242424595 0.0 0.0 0.0 0.3477650313003116 0.3064831498986473 0.0 0.0 
0.27484202219953535 0.0 0.0 0.10039950724548452 0.0 0.0 0.12774737834128408 0.10253123643496484 0.13379568161129057 0.13003889272617306 0.13064528144126755 
0.19991043395731625 0.10012609361925096 0.0 0.0 0.0 0.0 0.0 0.34997977848276723 0.3499836939406657 0.0 0.0 
0.2839515735406142 0.0 0.0 0.0 0.0 0.0 0.0 0.35 0.2488102215705862 0.0 0.11723820488879966 
0.30821425975267547 0.0 0.0 0.10360711188645802 0.0 0.0 0.0 0.3328433573194533 0.14370767283888927 0.0 0.11162759820252402 
0.30185058472965004 0.0 0.0 0.10146794418328711 0.0 0.0 0.0 0.3259711673005574 0.1613874716228134 0.0 0.109322832163692 
0.2825854638671721 0.0 0.0 0.0 0.0 0.0 0.0 0.3483161270080571 0.2476131792499518 0.0 0.121485229874819 
0.34829231762442253 0.0 0.0 0.10973587709537029 0.0 0.0 0.0 0.23132581321428075 0.16111789652282968 0.0 0.14952809554309682 
0.3323375900170284 0.0 0.0 0.10204466744897903 0.0 0.0 0.0 0.32477583033332214 0.13648971145197328 0.0 0.10435220074869712 
0.2883224442595744 0.0 0.0 0.10177883478669159 0.0 0.0 0.0 0.3273330610866729 0.18028132231860544 0.0 0.10228433754845562 
0.1886807982348894 0.11131920176511047 0.0 0.0 0.0 0.0 0.0 0.35 0.35 0.0 0.0 
0.27854785367690826 0.0 0.0 0.0 0.0 0.0 0.0 0.34363479872517183 0.2728803680984304 0.0 0.10493697949948938 
0.24349874814881528 0.0 0.0 0.10699213557911348 0.0 0.0 0.0 0.35 0.2995091162720712 0.0 0.0 
0.34201926825398493 0.0 0.0 0.10685051332802355 0.0 0.0 0.0 0.24439703030974788 0.15777081204126372 0.0 0.14896237606697976 
0.3496963816159444 0.0 0.0 0.0 0.0 0.0 0.0 0.32654394551298344 0.21083551292769717 0.0 0.11292415994337499 
0.34090958433825624 0.0 0.0 0.0 0.0 0.0 0.0 0.34125908235165875 0.20774461107936387 0.0 0.11008672223072115 
0.17589933855091863 0.12410066144908143 0.0 0.0 0.0 0.0 0.0 0.35 0.35 0.0 0.0 
0.311190275885929 0.0 0.0 0.0 0.0 0.0 0.0 0.35 0.3388097241140711 0.0 0.0 
0.35 0.0 0.0 0.10956147269102541 0.0 0.0 0.0 0.22499811481830662 0.16408807225734756 0.0 0.15135234023332056 
0.3417309892310411 0.0 0.0 0.10683720189793089 0.0 0.0 0.0 0.24011639163796872 0.16000798523618714 0.0 0.1513074319968722 
0.30231080120858744 0.0 0.0 0.10357175432409885 0.0 0.0 0.0 0.3128275940607259 0.1648631354780465 0.0 0.11642671492854127 
0.26096260518458114 0.0 0.0 0.10038449753744835 0.0 0.0 0.0 0.35 0.2886528972779706 0.0 0.0 
0.28523125756272777 0.0 0.0 0.10216717884711067 0.0 0.0 0.10291468423419124 0.1648543860446514 0.11225533251012457 0.11862060089803354 0.11395655990316071 
0.3258733773790823 0.0 0.0 0.10216060371219506 0.0 0.0 0.0 0.28876978829401173 0.14707949301772846 0.0 0.13611673759698253 
0.35 0.0 0.0 0.0 0.0 0.0 0.0 0.33148469506738915 0.3185153049326109 0.0 0.0 
0.3429572520332481 0.0 0.0 0.10188445152717461 0.0 0.0 0.10037309264815976 0.16793855756768467 0.14988005599529608 0.0 0.1369665902284367 
0.18317719262793586 0.11682280737206427 0.0 0.0 0.0 0.0 0.0 0.35 0.35 0.0 0.0 
0.23200194702673094 0.0 0.0 0.1036260020887634 0.0 0.0 0.0 0.34898724752267624 0.31538480336182945 0.0 0.0 
0.2898146054954224 0.0 0.0 0.10138119806087713 0.0 0.0 0.10329007827994002 0.17051440556925884 0.11127214373553686 0.11765397722191304 0.1060735916370517 
0.35 0.0 0.0 0.1075085561854451 0.0 0.0 0.10201487992665313 0.16946447263910355 0.13121295401583025 0.0 0.139799137232968 
0.27052827440459304 0.0 0.0 0.10110239766254915 0.0 0.0 0.0 0.35 0.27836932793285785 0.0 0.0 
0.32013242043080137 0.0 0.0 0.0 0.0 0.0 0.0 0.35 0.32986757956919865 0.0 0.0 
0.27655742227896063 0.0 0.0 0.0 0.0 0.0 0.0 0.3411869876526086 0.27093043509633796 0.0 0.11132515497209282 
0.2681574592362314 0.0 0.0 0.11237600174694615 0.0 0.0 0.0 0.35 0.2694665390168224 0.0 0.0 
0.3382948778361946 0.0 0.0 0.10152461596664653 0.0 0.0 0.0 0.26624693623885154 0.14337078120809796 0.0 0.15056278875020931 
0.35 0.0 0.0 0.10147431145528278 0.0 0.0 0.10503541728539706 0.19331708127351052 0.13582648242028988 0.0 0.11434670756551978 
0.27484202219953535 0.0 0.0 0.10039950724548452 0.0 0.0 0.12774737834128408 0.10253123643496484 0.13379568161129057 0.13003889272617306 0.13064528144126755 
0.26714284656508375 0.0 0.0 0.11212302975612222 0.0 0.0 0.0 0.35 0.2707341236787941 0.0 0.0 
0.3499999999999999 0.0 0.0 0.10800280261989476 0.0 0.0 0.10248387041869905 0.17024354748058215 0.13181617609393226 0.0 0.13745360338689175 
0.28478940181871554 0.0 0.0 0.10366167521843535 0.0 0.0 0.13054658458107019 0.10079632075104236 0.10822043763373598 0.13849975613036336 0.1334858238666373 
0.132645406170193 0.16735459382980694 0.0 0.0 0.0 0.0 0.0 0.35 0.35 0.0 0.0 
0.0 0.2999999999999998 0.0 0.0 0.0 0.0 0.0 0.35 0.35 0.0 0.0 
0.3453638280188421 0.0 0.0 0.10221614555200503 0.0 0.0 0.10580328506186475 0.19473033749876428 0.13681945014238792 0.0 0.11506695372613605 
0.16819886924070887 0.1318011307592912 0.0 0.0 0.0 0.0 0.0 0.35 0.35 0.0 0.0 
0.35 0.0 0.0 0.0 0.0 0.0 0.0 0.3365114114316519 0.31348858856834816 0.0 0.0 
0.28576220282421255 0.0 0.0 0.1023573584927486 0.0 0.0 0.10310625532776022 0.16516125512994492 0.112464290803763 0.1188414078548147 0.11230722956675611 
0.2528293234375587 0.0 0.0 0.0 0.0 0.0 0.0 0.3452749676541947 0.29995572318100855 0.0 0.1019399857272381 
0.2950967905086557 0.0 0.0 0.10476163669354467 0.0 0.0 0.11705198526316082 0.10436731172415407 0.11682352990690911 0.12219456820386763 0.13970417769970767 
0.29494598389011 0.0 0.0 0.10470809918079899 0.0 0.0 0.11683258993956792 0.10432071095524462 0.11742771118062789 0.12213212174484747 0.13963278310880314 
0.3410710641358043 0.0 0.0 0.10797714170793536 0.0 0.0 0.10705791260283545 0.16099597435220173 0.15884288331356308 0.0 0.12405502388766014 
0.2902738708017957 0.0 0.0 0.10390476004460594 0.0 0.0 0.10466497843130415 0.16765810329267755 0.11416448530546662 0.11500126983445615 0.10433253228969386 
0.31590970423643466 0.0 0.0 0.0 0.0 0.0 0.0 0.35 0.33409029576356536 0.0 0.0 
0.3382948778361946 0.0 0.0 0.10152461596664653 0.0 0.0 0.0 0.26624693623885154 0.14337078120809796 0.0 0.15056278875020931 
0.29525356339797826 0.0 0.0 0.10449365510206417 0.0 0.0 0.0 0.3388147861311737 0.15669479641825584 0.0 0.10474319895052808 
