0.0 0.3000000000000004 0.0 0.0 0.0 0.0 0.0 0.35 0.35 0.0 0.0 
0.35 0.0 0.0 0.10649740662564687 0.0 0.0 0.1295817409665765 0.10353027171993226 0.15484988471289232 0.0 0.15554069597495207 
0.35 0.0 0.0 0.10649740662564687 0.0 0.0 0.1295817409665765 0.10353027171993226 0.15484988471289232 0.0 0.15554069597495207 
0.1000502058886537 0.19994979411134634 0.0 0.0 0.0 0.0 0.0 0.35 0.35 0.0 0.0 
0.0 0.2999999999999998 0.0 0.0 0.0 0.0 0.0 0.35 0.35 0.0 0.0 
0.30000000000000004 0.0 0.0 0.0 0.0 0.0 0.0 0.35 0.35 0.0 0.0 
0.21955805700286365 0.10164311092280702 0.0 0.0 0.0 0.0 0.0 0.35 0.3287988320743294 0.0 0.0 
0.35 0.0 0.0 0.11872385193385794 0.0 0.0 0.11332431586198533 0.12085617687640268 0.15933236111342128 0.0 0.13776329421433292 
0.11799260019619645 0.18235928599346926 0.0 0.0 0.0 0.0 0.0 0.3496481138103343 0.35 0.0 0.0 
0.26665475037683745 0.0 0.0 0.10095465509323846 0.0 0.0 0.0 0.34379922950039415 0.2885913650295301 0.0 0.0 
0.34278032758432636 0.0 0.0 0.10183972804943275 0.0 0.0 0.10744633086269911 0.15042518456663348 0.15356214330874626 0.0 0.14394628562816203 
0.10791514714023177 0.1920848528597683 0.0 0.0 0.0 0.0 0.0 0.35 0.35 0.0 0.0 
0.15627635146750002 0.14372364853250003 0.0 0.0 0.0 0.0 0.0 0.35 0.35 0.0 0.0 
0.25740145780976065 0.0 0.0 0.10277547548312045 0.0 0.0 0.0 0.35 0.289823066707119 0.0 0.0 
0.12881786708033577 0.1711821329196644 0.0 0.0 0.0 0.0 0.0 0.35 0.35 0.0 0.0 
0.14017506204138147 0.15982493795861863 0.0 0.0 0.0 0.0 0.0 0.35 0.35 0.0 0.0 
0.3432209791106706 0.0 0.0 0.10460131864537106 0.0 0.0 0.10672482112782208 0.1354176484322651 0.15859391568380138 0.0 0.15144131700006974 
0.35 0.0 0.0 0.10231596611274943 0.0 0.0 0.12188576838738804 0.1100848099494979 0.1649916236510086 0.0 0.15072183189935603 
0.1000502058886537 0.19994979411134634 0.0 0.0 0.0 0.0 0.0 0.35 0.35 0.0 0.0 
0.3059202378423385 0.0 0.0 0.10235882854373868 0.0 0.0 0.0 0.32015525772867853 0.15099444652332522 0.0 0.12057122936191898 
0.29699069189722804 0.0 0.0 0.10414800769771508 0.0 0.0 0.0 0.29580728568869924 0.17989011598780988 0.0 0.1231638987285477 
0.29445684125367855 0.0 0.0 0.0 0.0 0.0 0.0 0.3458240088006206 0.25086096235564537 0.0 0.10885818759005544 
0.3395644908781809 0.0 0.0 0.10265337838894123 0.0 0.0 0.0 0.2822723252367003 0.14641950018160763 0.0 0.1290903053145699 
0.3205744524330264 0.0 0.0 0.10395272826644829 0.0 0.0 0.1006017713244536 0.19561999923522172 0.16587958427754654 0.0 0.1133714644633035 
0.33500044062011297 0.0 0.0 0.10530006684249127 0.0 0.0 0.0 0.27761872033024726 0.14684749197273783 0.0 0.13523328023441075 
0.3301667557660744 0.0 0.0 0.0 0.0 0.0 0.0 0.347274509769689 0.21941837172181772 0.0 0.10314036274241892 
0.34131934312829015 0.0 0.0 0.0 0.0 0.0 0.0 0.35 0.30868065687170976 0.0 0.0 
0.35 0.0 0.0 0.10741064449021608 0.0 0.0 0.0 0.23185786056272972 0.16668661472218557 0.0 0.14404488022486867 
0.35 0.0 0.0 0.1027594127704779 0.0 0.0 0.10132513922542717 0.15115003342698477 0.14259923843147643 0.0 0.1521661761456336 
0.28573972372244527 0.0 0.0 0.10342200677335762 0.0 0.0 0.0 0.34274881603859964 0.1637388069306412 0.0 0.10435064653495618 
0.31051161924316223 0.0 0.0 0.0 0.0 0.0 0.0 0.35 0.3394883807568378 0.0 0.0 
0.3296986975767131 0.0 0.0 0.10051242450501953 0.0 0.0 0.0 0.2910331802495532 0.17039088174275216 0.0 0.10836481592596203 
0.26133772201722133 0.0 0.0 0.0 0.0 0.0 0.0 0.34982503265964315 0.27800035847735083 0.0 0.11083688684578458 
0.3275147461025804 0.0 0.0 0.10130469594710026 0.0 0.0 0.1019520736076668 0.189184031829023 0.1600421555582737 0.0 0.12000229695535607 
0.30039939612053473 0.0 0.0 0.10029284676360982 0.0 0.0 0.0 0.3372834762546916 0.15016537564876808 0.0 0.11185890521239564 
0.35 0.0 0.0 0.0 0.0 0.0 0.0 0.3466414338861905 0.1788471538214733 0.0 0.12451141229233616 
0.20313862059929524 0.10328802950543729 0.0 0.0 0.0 0.0 0.0 0.3435733498952675 0.35 0.0 0.0 
0.3246248003524011 0.0 0.0 0.0 0.0 0.0 0.0 0.33252550468237224 0.22702462149790248 0.0 0.11582507346732421 
0.2649005516327767 0.0 0.0 0.1308859140371755 0.0 0.0 0.0 0.35 0.25421353433004784 0.0 0.0 
0.27211598167801626 0.0 0.0 0.10041560437554654 0.0 0.0 0.0 0.34840250728300887 0.17265025528206604 0.0 0.10641565138136237 
0.2936011677390414 0.0 0.0 0.10626741554516189 0.0 0.0 0.0 0.3462271159224392 0.14668269618808766 0.0 0.1072216046052699 
0.26216913546812914 0.0 0.0 0.0 0.0 0.0 0.0 0.34301378498048235 0.27978518217119697 0.0 0.11503189738019169 
0.3244250692028104 0.0 0.0 0.10852496427964774 0.0 0.0 0.10181016102859836 0.1964609718911219 0.15404559479796645 0.0 0.11473323879985506 
0.3451828021478512 0.0 0.0 0.0 0.0 0.0 0.0 0.3192085760861234 0.22797445823916707 0.0 0.10763416352685831 
0.1923990076091171 0.10760099239088299 0.0 0.0 0.0 0.0 0.0 0.35 0.35 0.0 0.0 
0.17160033251529283 0.12839966748470744 0.0 0.0 0.0 0.0 0.0 0.35 0.35 0.0 0.0 
0.35 0.0 0.0 0.10334735172268271 0.0 0.0 0.0 0.24949620828099428 0.15204559980049948 0.0 0.14511084019582357 
0.3405492587825531 0.0 0.0 0.0 0.0 0.0 0.0 0.3418605560876206 0.21603855003884065 0.0 0.1015516350909855 
0.24102650569946638 0.0 0.0 0.10023532545045809 0.0 0.0 0.0 0.3402446582137379 0.3184935106363377 0.0 0.0 
0.18133863320634733 0.1186613667936528 0.0 0.0 0.0 0.0 0.0 0.35 0.35 0.0 0.0 
0.35 0.0 0.0 0.10395186814599844 0.0 0.0 0.10445232225468451 0.18173902048030788 0.1336189899441607 0.0 0.1262377991748484 
0.22103684261472417 0.0 0.0 0.10929160698459615 0.0 0.0 0.0 0.35 0.3196715504006797 0.0 0.0 
0.35 0.0 0.0 0.10618945304358773 0.0 0.0 0.10764942448439778 0.15565499472565278 0.1600321202004415 0.0 0.12047400754592014 
0.3440832541154175 0.0 0.0 0.10561006338765083 0.0 0.0 0.0 0.28438526191777663 0.14752055190380123 0.0 0.11840086867535378 
0.3355569942579527 0.0 0.0 0.10473866524926133 0.0 0.0 0.0 0.2693521291093028 0.1517335705173738 0.0 0.13861864086610945 
0.19836189470121598 0.10163810529878411 0.0 0.0 0.0 0.0 0.0 0.35 0.35 0.0 0.0 
0.293809535783801 0.0 0.0 0.0 0.0 0.0 0.0 0.3482852071500307 0.25373903522791186 0.0 0.10416622183825647 
0.35 0.0 0.0 0.0 0.0 0.0 0.0 0.35 0.29999999999999993 0.0 0.0 
0.35 0.0 0.0 0.10205189570911001 0.0 0.0 0.10945123995506216 0.15323206329238 0.15642755653310184 0.0 0.128837244510346 
0.31801272565004296 0.0 0.0 0.10485035682706115 0.0 0.0 0.0 0.27932080721696617 0.17099330244894473 0.0 0.12682280785698516 
0.34495132556406105 0.0 0.0 0.10280813218223696 0.0 0.0 0.0 0.2528717070557084 0.16022184387933053 0.0 0.13914699131866315 
0.2453903454107017 0.0 0.0 0.10452497872409694 0.0 0.0 0.0 0.35 0.3000846758652013 0.0 0.0 
0.3343481501366751 0.0 0.0 0.10432719037921881 0.0 0.0 0.1015299829913382 0.1662995735038831 0.15952051579999363 0.0 0.13397458718889105 
0.32889408766837325 0.0 0.0 0.10174569499931849 0.0 0.0 0.0 0.2624099716507793 0.16196440261957917 0.0 0.1449858430619499 
0.13686633822570313 0.16313366177429706 0.0 0.0 0.0 0.0 0.0 0.35 0.35 0.0 0.0 
0.2403035696450527 0.0 0.0 0.0 0.0 0.0 0.0 0.34330139814039745 0.305893690253293 0.0 0.11050134196125672 
0.2579304838578176 0.0 0.0 0.0 0.0 0.0 0.0 0.3497863817275386 0.2857558301496897 0.0 0.10652730426495408 
0.3499999999999999 0.0 0.0 0.10438128505959106 0.0 0.0 0.10175452398692045 0.18884094656981396 0.1410733201160714 0.0 0.11394992426760311 
0.2605690663072368 0.0 0.0 0.0 0.0 0.0 0.0 0.3447198542718848 0.28138788297187883 0.0 0.1133231964489996 
0.21955805700286365 0.10164311092280702 0.0 0.0 0.0 0.0 0.0 0.35 0.3287988320743294 0.0 0.0 
0.3493801527082219 0.0 0.0 0.10431064063239433 0.0 0.0 0.13219019166948798 0.10753040118284053 0.15631594903345905 0.0 0.15027266477359602 
0.33741134579509724 0.0 0.0 0.0 0.0 0.0 0.0 0.3111482131904157 0.23162958712157167 0.0 0.11981085389291543 
0.2719235502319399 0.0 0.0 0.10034459377249612 0.0 0.0 0.0 0.348244037257638 0.17314742099493588 0.0 0.10634039774299026 
0.34678990694668477 0.0 0.0 0.1056548536671877 0.0 0.0 0.0 0.22390318503697415 0.17077722652695887 0.0 0.15287482782219433 
0.0 0.2999999999999998 0.0 0.0 0.0 0.0 0.0 0.35 0.35 0.0 0.0 
0.3232574721871325 0.0 0.0 0.0 0.0 0.0 0.0 0.35 0.3267425278128674 0.0 0.0 
0.23318744175866624 0.0 0.0 0.0 0.0 0.0 0.0 0.3492842962974409 0.3112246641601315 0.0 0.10630359778376132 
0.29030336722261385 0.0 0.0 0.0 0.0 0.0 0.0 0.35 0.2549988254306152 0.0 0.10469780734677112 
0.31150849700973493 0.0 0.0 0.10443121300852835 0.0 0.0 0.0 0.32467323003402543 0.14791246503976851 0.0 0.11147459490794277 
0.35 0.0 0.0 0.10294483310779048 0.0 0.0 0.0 0.21774336999833174 0.17073461728317899 0.0 0.15857717961069884 
0.2411998172168562 0.0 0.0 0.0 0.0 0.0 0.0 0.34375377727568496 0.30727633696695666 0.0 0.10777006854050213 
0.301591182177234 0.0 0.0 0.11536650294250095 0.0 0.0 0.0 0.3374303333614934 0.13513306877673303 0.0 0.11047891274203847 
0.35 0.0 0.0 0.1175871428258449 0.0 0.0 0.0 0.22391995721563832 0.16684534633117146 0.0 0.1416475536273454 
0.29162538149580053 0.0 0.0 0.0 0.0 0.0 0.0 0.34897521050519986 0.23627262922328934 0.0 0.12312677877571016 
0.32682667254535924 0.0 0.0 0.11029446569837953 0.0 0.0 0.0 0.29539824483434823 0.15249167095481328 0.0 0.11498894596709984 
0.33290792304227773 0.0 0.0 0.10056950536015809 0.0 0.0 0.0 0.25582629398557527 0.1639410220631104 0.0 0.14675525554887853 
0.2790897574961507 0.0 0.0 0.10294907977857949 0.0 0.0 0.0 0.34863730024282447 0.2693238624824453 0.0 0.0 
0.25846008350110633 0.0 0.0 0.0 0.0 0.0 0.0 0.35 0.28634256260353325 0.0 0.10519735389536053 
0.3373173667177453 0.0 0.0 0.0 0.0 0.0 0.0 0.31134007886465387 0.23156507140460966 0.0 0.1197774830129912 
0.3472563815765533 0.0 0.0 0.10916233637606598 0.0 0.0 0.10092076399037654 0.18726514565734165 0.13990838560897303 0.0 0.11548698679068954 
0.2336652562989307 0.0 0.0 0.0 0.0 0.0 0.0 0.35 0.31186238147759554 0.0 0.10447236222347377 
0.3304377062031924 0.0 0.0 0.0 0.0 0.0 0.0 0.3431832246396957 0.21905682119318579 0.0 0.10732224796392602 
0.20127183663835393 0.10486603842708961 0.0 0.0 0.0 0.0 0.0 0.3438621249345564 0.35 0.0 0.0 
0.35 0.0 0.0 0.10495517545689773 0.0 0.0 0.0 0.24786870973368946 0.1510537851572857 0.0 0.1461223296521271 
0.1609893671899231 0.13901063281007697 0.0 0.0 0.0 0.0 0.0 0.35 0.35 0.0 0.0 
0.3074874758541499 0.0 0.0 0.10384611435461043 0.0 0.0 0.0 0.33669939338652405 0.14346833636771034 0.0 0.10849868003700525 
0.3334100426966772 0.0 0.0 0.10799605623167502 0.0 0.0 0.0 0.29170744528610537 0.15092556016010186 0.0 0.11596089562544046 
0.28442179264775075 0.0 0.0 0.0 0.0 0.0 0.0 0.34415767379024226 0.24983252432077455 0.0 0.12158800924123248 
0.1765229354151348 0.12347706458486514 0.0 0.0 0.0 0.0 0.0 0.35 0.35 0.0 0.0 
0.33598481763305865 0.0 0.0 0.0 0.0 0.0 0.0 0.34431293496071913 0.199400389649654 0.0 0.12030185775656824 
