0.0 0.15574762174749276 0.0 0.0 0.1355415548621286 0.13472042922000357 0.0 0.0 0.1396826913083841 0.1591110492267564 0.0 
0.0 0.2999999998242227 0.0 0.0 0.0 0.0 0.0 0.35 0.35 0.0 0.0 
0.0 0.25047215402822426 0.0 0.0 0.0 0.0 0.0 0.3496036892824314 0.3496036892824314 0.0 0.0 
0.11150515270136745 0.18847994879979837 0.0 0.0 0.0 0.0 0.0 0.35 0.35 0.0 0.0 
0.1005009360419783 0.16733387413448875 0.0 0.0 0.14513728842099896 0.14034939091983872 0.0 0.10098205019647485 0.1512626004382924 0.17014781634802462 0.0 
0.0 0.20295927360353996 0.0 0.0 0.22672777374761272 0.19478233428633315 0.0 0.0 0.21067486802626176 0.16485575033625247 0.0 
0.0 0.18451101572704226 0.0 0.0 0.21294664714033415 0.1797235912249793 0.0 0.0 0.16765317872127905 0.15908641858666428 0.0 
0.10985398440775036 0.13194947285895034 0.0 0.10135256602539085 0.11714418345486796 0.10766403507993938 0.0 0.11899176040344886 0.24854882696607825 0.0 0.0 
0.11380221840334832 0.1365032717272705 0.0 0.1048504140309008 0.12118702681368387 0.11137970252811406 0.0 0.12309836675907929 0.257084637768293 0.0 0.0 
0.22562678098198607 0.11641990051125034 0.0 0.1437519710277511 0.0 0.0 0.0 0.2591312818107935 0.2550700656682189 0.0 0.0 
0.14423651834718185 0.11923010157731544 0.0 0.10195872149404929 0.0 0.0 0.0 0.3474163240393696 0.2871583345420837 0.0 0.0 
0.21434248900352082 0.1350146252154967 0.0 0.0 0.0 0.0 0.0 0.34731855928242045 0.3033243264985621 0.0 0.0 
0.10072290986570845 0.1766722764369923 0.0 0.0 0.12992288955812026 0.14125078224238996 0.0 0.13410885867629393 0.17534100284396234 0.1419812803765328 0.0 
0.155420170838932 0.1104200849560178 0.0 0.1019119278010718 0.0 0.0 0.0 0.34867811384981895 0.2835697025541595 0.0 0.0 
0.23884477154779196 0.1134437141738034 0.0 0.0 0.0 0.0 0.0 0.34332749586128725 0.3043840184171175 0.0 0.0 
0.0 0.1740722796600524 0.0 0.0 0.2073641235633612 0.1779395070482062 0.0 0.0 0.19257636269606712 0.1506934408774803 0.0 
0.10727924987831475 0.1718778552167171 0.0 0.0 0.14900979415544016 0.1382123504739817 0.0 0.10367642028369292 0.15525668517053462 0.1746876448213189 0.0 
0.17523696876958508 0.10840152366568279 0.0 0.11183246718103504 0.0 0.0 0.0 0.35 0.25408549537975234 0.0 0.0 
0.17433522201844165 0.1570674228936083 0.0 0.0 0.0 0.0 0.0 0.3482578298406763 0.3203395252472738 0.0 0.0 
0.23607887989364798 0.11146651746393657 0.0 0.14503888627579584 0.0 0.0 0.0 0.24877106760458287 0.2586446487620368 0.0 0.0 
0.23147945804971848 0.10449357481096785 0.0 0.1378233868735386 0.0 0.0 0.0 0.2776651220867557 0.24523838958948574 0.0 0.0 
0.0 0.27368604443532724 0.0 0.0 0.0 0.0 0.0 0.35 0.35 0.0 0.0 
0.1662859044787167 0.1620440966997893 0.0 0.0 0.0 0.0 0.0 0.35 0.3208416261181577 0.0 0.0 
0.1778612797706883 0.11006860724963641 0.0 0.11885668101369291 0.0 0.101410503617754 0.0 0.22681007077493262 0.26499285757329577 0.0 0.0 
0.22343270337271148 0.17702953224262735 0.0 0.0 0.0 0.0 0.0 0.34647597452375617 0.25306178986090505 0.0 0.0 
0.18070009129217937 0.12139561531339417 0.0 0.12111583627385439 0.0 0.10895496206293857 0.0 0.17886843133573374 0.26203927781335384 0.0 0.0 
0.1606320365267557 0.11543014295732201 0.0 0.10089079878925862 0.0 0.0 0.0 0.34989725775604474 0.2724839930467459 0.0 0.0 
0.19325530858567166 0.13135110045683243 0.0 0.10366242711260185 0.0 0.0 0.0 0.3338956166012416 0.23783554724365236 0.0 0.0 
0.13961986608308713 0.10943527569950007 0.0 0.10106130459008482 0.0 0.0 0.0 0.34352252326839205 0.3063610303589358 0.0 0.0 
0.12083219143312014 0.12234711879109925 0.0 0.10853046231277744 0.10539607262276918 0.11075886152801162 0.0 0.17825163094478122 0.25388366236744125 0.0 0.0 
0.19587301021091813 0.11130351870590385 0.0 0.11908288733260271 0.0 0.0 0.0 0.3131895472575522 0.2605510364930231 0.0 0.0 
0.0 0.18524176186982683 0.0 0.0 0.22092040928493817 0.1895721788780803 0.0 0.0 0.20516590880977675 0.16054492003307533 0.0 
0.1021995367024202 0.1812108176280108 0.0 0.0 0.14075816050099393 0.13916234744619982 0.0 0.10847913962405971 0.18067544587923698 0.14751455221907858 0.0 
0.12235567379118516 0.10731275968342052 0.0 0.11066771044634137 0.0 0.0 0.0 0.3486842929852841 0.3109795630937688 0.0 0.0 
0.18869536396020836 0.12746750543974367 0.0 0.12680230501051687 0.0 0.11215603356819612 0.0 0.1800442991925765 0.2648344928287584 0.0 0.0 
0.0 0.20042653185717002 0.0 0.0 0.231314958561005 0.1952261546022098 0.0 0.0 0.18211457475062537 0.1635758563133969 0.0 
0.1682597334063726 0.11096802362943027 0.0 0.10249091591761292 0.0 0.0 0.0 0.34267905833486195 0.2756022687117222 0.0 0.0 
0.11458884847159137 0.1455611521143762 0.0 0.10343727616285699 0.12220303745108609 0.11004431741544886 0.0 0.13287533049053674 0.2690903951013256 0.0 0.0 
0.12392377906724325 0.1768615299744119 0.0 0.0 0.0 0.0 0.0 0.34960734547917244 0.34960734547917244 0.0 0.0 
0.11501712227182342 0.18525228205166563 0.0 0.0 0.0 0.0 0.0 0.35 0.3481378420225384 0.0 0.0 
0.20329918161021085 0.13878458783130718 0.0 0.0 0.0 0.0 0.0 0.35 0.3064254472424118 0.0 0.0 
0.142483498709903 0.15569586260060891 0.0 0.0 0.0 0.0 0.0 0.3492053543606813 0.3492053543606813 0.0 0.0 
0.2370328200385105 0.11191692787703567 0.0 0.1456249548654425 0.0 0.0 0.0 0.23984303054193057 0.2596897719590764 0.0 0.0 
0.17292224909491669 0.11661001575768606 0.0 0.11763823128891049 0.0 0.0 0.0 0.34032540770626474 0.2525040961522221 0.0 0.0 
0.11795795764799967 0.13943898075427194 0.0 0.10959320739426895 0.1247437804896255 0.11467720603160572 0.0 0.12671121691296497 0.2646731523290324 0.0 0.0 
0.17566625974601777 0.11801385123369494 0.0 0.11774186610585227 0.0 0.1059197620183717 0.0 0.17388562504143926 0.2547395494426723 0.0 0.0 
0.11947159682786797 0.13489450181861662 0.0 0.10550139771193164 0.10519346258438093 0.11533900598147061 0.0 0.15931659514489865 0.2548747291177813 0.0 0.0 
0.17731454457976614 0.11978125361174172 0.0 0.11915445346789626 0.0 0.1053548987223112 0.0 0.1765090181262872 0.258456390062179 0.0 0.0 
0.17542864221733656 0.1265626634891204 0.0 0.11777934018943392 0.0 0.10065780920945638 0.0 0.21721212798216477 0.2623594169124879 0.0 0.0 
0.17692195040598427 0.1276400078690149 0.0 0.11878191793805783 0.0 0.1015146426708794 0.0 0.20911812377750805 0.2647524834868415 0.0 0.0 
0.1883957503824373 0.12540500044892744 0.0 0.11291901555336607 0.0 0.11359513815932248 0.0 0.1864860836552519 0.2731990118006949 0.0 0.0 
0.1298652600306014 0.12028229543348047 0.0 0.10777146529453764 0.0 0.0 0.0 0.34966432961952487 0.29194355417961343 0.0 0.0 
0.12304006783048105 0.110495994871704 0.0 0.10296692126616158 0.0 0.0 0.0 0.35 0.31271902112403094 0.0 0.0 
0.21727047217055082 0.1102953778992021 0.0 0.10686630923515943 0.0 0.0 0.0 0.3097031759565086 0.2463298845510148 0.0 0.0 
0.0 0.2555363431439909 0.0 0.0 0.0 0.0 0.0 0.35 0.35 0.0 0.0 
0.0 0.26300615030655494 0.0 0.0 0.0 0.0 0.0 0.35 0.35 0.0 0.0 
0.17442481576004346 0.13870980058818716 0.0 0.0 0.0 0.0 0.0 0.35 0.33679897803735653 0.0 0.0 
0.10104938951689348 0.18196836192110577 0.0 0.0 0.13930491365160363 0.14931628226917185 0.0 0.10547347396390351 0.1640770492115569 0.15021514115570841 0.0 
0.11089934917327651 0.1731081239103491 0.0 0.0 0.13129427575009364 0.13233878736976823 0.0 0.1311907977142743 0.1718163702605991 0.1391272311870908 0.0 
0.22929373409176781 0.11347823958001453 0.0 0.1163746426610351 0.0 0.0 0.0 0.29641460387049523 0.24443877979668738 0.0 0.0 
0.0 0.2794451257284301 0.0 0.0 0.0 0.0 0.0 0.35 0.35 0.0 0.0 
0.1986678762398609 0.1079423862430423 0.0 0.10713844041352487 0.0 0.0 0.0 0.34523743809877855 0.24101385900479344 0.0 0.0 
0.12924266768591716 0.16966639784392812 0.0 0.0 0.0 0.0 0.0 0.34872661306075653 0.3483390574060661 0.0 0.0 
0.1544785052727287 0.15018865976169873 0.0 0.0 0.0 0.0 0.0 0.35 0.3452139890412214 0.0 0.0 
0.20826322685973683 0.10789719542360113 0.0 0.12393047629315461 0.0 0.0 0.0 0.3232581428642637 0.2363757775178041 0.0 0.0 
0.11482808890273337 0.13669979095041757 0.0 0.10524122069548907 0.12063175721188311 0.11165927390504556 0.0 0.14394294195470178 0.26699692637972955 0.0 0.0 
0.1756833600925488 0.1269485161148192 0.0 0.11813841502566373 0.0 0.10096468549437192 0.0 0.2029072568036943 0.2633181827351379 0.0 0.0 
0.0 0.19712051589478452 0.0 0.0 0.22392334878123435 0.19616772840485852 0.0 0.0 0.2080743090004772 0.16281662837756083 0.0 
0.20648828170953915 0.12396681829287085 0.0 0.10650935736423972 0.0 0.0 0.0 0.3385260561516833 0.2245094864816669 0.0 0.0 
0.1730851929006352 0.13745754139021932 0.0 0.0 0.0 0.0 0.0 0.3499796398165206 0.33947762589262487 0.0 0.0 
0.14308554396621753 0.15635373496025207 0.0 0.0 0.0 0.0 0.0 0.35 0.35 0.0 0.0 
0.15766929025525633 0.1535332498600011 0.0 0.0 0.0 0.0 0.0 0.35 0.33792231810710927 0.0 0.0 
0.0 0.2848031218474822 0.0 0.0 0.0 0.0 0.0 0.35 0.35 0.0 0.0 
0.11287494076284903 0.14424696308640028 0.0 0.1014407365969303 0.12033847941525766 0.10839248356597295 0.0 0.14635858840256075 0.26634780817002895 0.0 0.0 
0.2274901925061675 0.1125856607882131 0.0 0.11545928181011647 0.0 0.0 0.0 0.30194875213654754 0.2425161127589554 0.0 0.0 
0.13010053498757185 0.16820691817028402 0.0 0.0 0.0 0.0 0.0 0.35 0.35 0.0 0.0 
0.0 0.2914040236574506 0.0 0.0 0.0 0.0 0.0 0.35 0.35 0.0 0.0 
0.0 0.3034034174612552 0.0 0.0 0.0 0.0 0.0 0.3484273370403087 0.34752838567545574 0.0 0.0 
0.2191702010079172 0.11125975795476188 0.0 0.10878591549912087 0.0 0.0 0.0 0.312411100547047 0.24837302499115302 0.0 0.0 
0.1552536269033516 0.15005097611961332 0.0 0.0 0.0 0.0 0.0 0.3497978786958927 0.3448975182811424 0.0 0.0 
0.10249155160127199 0.18456538772575165 0.0 0.0 0.14129305297235015 0.1514473023762548 0.0 0.10697877593342205 0.16641873282212494 0.1468051965688245 0.0 
0.22843978596690945 0.13741885869685116 0.0 0.1440207623390554 0.0 0.0 0.0 0.23984522642774153 0.2502753665694426 0.0 0.0 
0.19254658556286572 0.13725568876018196 0.0 0.0 0.0 0.0 0.0 0.35 0.3201970226286038 0.0 0.0 
0.11375341629326817 0.17807734198312702 0.0 0.0 0.132858917910999 0.13578401565138065 0.0 0.11971971421851348 0.17192121731961724 0.14317985117023835 0.0 
0.2243059258314857 0.10606225502801654 0.0 0.13690505147840162 0.0 0.0 0.0 0.2866220599636047 0.2461047076984915 0.0 0.0 
0.15824885867283947 0.15225003419234476 0.0 0.0 0.0 0.0 0.0 0.35 0.3370794828561651 0.0 0.0 
0.20209062664029037 0.13795955350483613 0.0 0.0 0.0 0.0 0.0 0.3494012720367166 0.31054854781815694 0.0 0.0 
0.11769403691287364 0.132887471984309 0.0 0.1038818690600788 0.10061236823287843 0.11358589162168256 0.0 0.15694620083493582 0.27439216135324185 0.0 0.0 
0.17741127800725523 0.12905304077376087 0.0 0.12009688776090172 0.0 0.10204695341962206 0.0 0.20172087755913684 0.2676834138199392 0.0 0.0 
0.1176126783489941 0.1412687122214583 0.0 0.1085108274593314 0.12541776471205454 0.11369101842309717 0.0 0.12739583109307812 0.2661031677419864 0.0 0.0 
0.191477236344061 0.1070686866128976 0.0 0.10077870025978576 0.0 0.0 0.0 0.3498766876460134 0.25079868913724235 0.0 0.0 
0.18091969695723448 0.12638500018134546 0.0 0.11766949776972198 0.0 0.0 0.0 0.3128595701091612 0.2602765193873753 0.0 0.0 
0.17577108183728313 0.12035039807982666 0.0 0.11745285514936266 0.0 0.10040232765650582 0.0 0.2241446343077012 0.2618787029693204 0.0 0.0 
0.11747188127040066 0.13263885797724687 0.0 0.10148797798313364 0.1036234895855819 0.1092642495314058 0.0 0.15437718942481554 0.27836428896830007 0.0 0.0 
0.22255689316496793 0.11893719758411923 0.0 0.11926339084612497 0.0 0.0 0.0 0.28201638439478105 0.2572261340100069 0.0 0.0 
0.2250417727098387 0.12106879131236221 0.0 0.11842729165769343 0.0 0.0 0.0 0.2800393009960615 0.25542284332404414 0.0 0.0 
0.1852177615885983 0.14967973210886998 0.0 0.0 0.0 0.0 0.0 0.35 0.3081345312454918 0.0 0.0 
0.10626678133621152 0.16587692613380717 0.0 0.0 0.12580975628659086 0.12681063581129992 0.0 0.13414067406094965 0.16463913255195525 0.1333155078427979 0.0 
0.2049437984904813 0.13953208233234438 0.0 0.10993215000756994 0.0 0.0 0.0 0.29337162487531926 0.25222034429428514 0.0 0.0 
0.15705613153548434 0.11109131139291309 0.0 0.11206246471243678 0.0 0.0 0.0 0.34818632460957916 0.2716037677495866 0.0 0.0 
