-0.013698792162351307 5.79052713100763E-4 
-0.003921772584187501 3.3834342274851706E-5 
-0.013698792162351307 5.79052713100763E-4 
-0.011892014734676104 3.6398852320746155E-4 
-0.012134595523863654 3.9003508975677065E-4 
-0.00837086652088522 1.248550570600563E-4 
-0.0061755835741720555 7.563086867831882E-5 
-0.010077267405021038 2.186930738652859E-4 
-0.007648372497848539 9.52089057246768E-5 
-0.004221702983829023 4.083881841175409E-5 
-0.009163892768374239 1.6826516947138648E-4 
-0.005827251057390941 6.890212618288001E-5 
-0.006687967398795248 7.574907861476964E-5 
-0.008107775433387072 1.1250413781033544E-4 
-0.005510798823463316 6.673395839632413E-5 
-0.007158158006852262 8.17395918347778E-5 
-0.012977237462741131 4.8173076438074944E-4 
-0.012671317265626853 4.455653779949728E-4 
-0.012772994490288302 4.5804542619974674E-4 
-0.009977353787007367 2.1195641787038374E-4 
-0.006965887747717376 7.905570915733028E-5 
-0.007372799568795411 9.100964593882083E-5 
-0.008576564657286678 1.3439483018491054E-4 
-0.00393271235465613 3.39012466989752E-5 
-0.010239241893486444 2.2991040776546703E-4 
-0.013539997988786408 5.565443881188599E-4 
-0.012398948922439833 4.2269158192539925E-4 
-0.01305813843482005 4.975438574258808E-4 
-0.013358647996579213 5.388506755288242E-4 
-0.009491307042066835 1.862313350007138E-4 
-0.011789919207073273 3.5570281846134964E-4 
-0.010535111327143187 2.5434146403990264E-4 
-0.01102674147749701 2.8656592383779876E-4 
-0.013480148323227779 5.485066436753493E-4 
-0.004309716051943464 4.46088518230657E-5 
-0.010492763574827157 2.468426886140126E-4 
-0.013044510471783963 4.917948944764438E-4 
-0.010675523762651688 2.574173278081674E-4 
-0.004835705794416186 5.222540403482312E-5 
-0.00875850646257747 1.4134240991295268E-4 
-0.005328180337342301 6.0620492195424004E-5 
-0.013275635651369019 5.227734080961121E-4 
-0.009414002892810303 1.844914686670208E-4 
-0.012916001669847717 4.735886292838514E-4 
-0.01317247394051258 5.071636988090467E-4 
-0.009098248781101617 1.5661025830554254E-4 
-0.006805309744944584 7.646981093095273E-5 
-0.011505182195024334 3.254500795735982E-4 
-0.01321285806057005 5.122702742230347E-4 
-0.010270694049153662 2.316210008716789E-4 
-0.008920177241843314 1.4832927858640104E-4 
-0.01231048627126977 4.0957307591939186E-4 
-0.01037787922567716 2.3948269030516541E-4 
-0.004525545836402017 4.799637603417801E-5 
-0.010890662369772645 2.713612692525116E-4 
-0.008920177241843314 1.4832927858640104E-4 
-0.009310648809840859 1.76463696033263E-4 
-0.0111471582165801 2.911441000471684E-4 
-0.013405256490122478 5.434919543516941E-4 
-0.005424576650994828 6.496199410467244E-5 
-0.012403018080471648 4.274038896279334E-4 
-0.007311794880271354 8.56768030882385E-5 
-0.00985890955977392 2.0582387890143213E-4 
-0.009633462952632704 1.9414637907977256E-4 
-0.01223768092530184 4.0107548105301673E-4 
-0.009818325523765048 2.032997274346301E-4 
-0.00504288480880638 5.5074433448264255E-5 
-0.004475223880380775 4.7248504281853545E-5 
-0.009104627917809319 1.569357631610474E-4 
-0.0096816119670953 1.9645918668259642E-4 
-0.006023009737250876 7.117045730118512E-5 
-0.011183860945952511 2.943876265771517E-4 
-0.011716095954865247 3.526683729704101E-4 
-0.012545897904695418 4.306559281050729E-4 
-0.01157440360196327 3.3587381675520295E-4 
-0.0047455382092337385 4.9140371908969564E-5 
-0.011519397798615364 3.2967044418037576E-4 
-0.00791631911728402 1.0883685894527428E-4 
-0.01083555841320392 2.678101897235739E-4 
-0.01330692901279227 5.266298952860268E-4 
-0.011379337111202443 3.1911449271963707E-4 
-0.009313497581271948 1.7658099221376842E-4 
-0.010391591880483702 2.419249045855699E-4 
-0.008734985312532908 1.3873679414644794E-4 
-0.01133489015018063 3.089020496545115E-4 
-0.010951175887471517 2.782872861207455E-4 
-0.01231048627126977 4.0957307591939186E-4 
-0.012640138210232622 4.4020856730382705E-4 
-0.013600005870561203 5.64848333163876E-4 
-0.00600128564499541 7.037154740286632E-5 
-0.008622409096172743 1.3529478689716713E-4 
-0.007882683056962124 1.0705695819835306E-4 
-0.008056860316368934 1.1155549899228288E-4 
-0.007803554309439018 1.0196177674316994E-4 
-0.010975568125194958 2.800740672318849E-4 
-0.012779514841795032 4.647440016375256E-4 
-0.007754107049552926 1.0156072090135468E-4 
-0.01137119331168029 3.119550716851588E-4 
-0.010749259591378565 2.625816290203721E-4 
-0.0051727945519583025 5.9193527806826816E-5 
