0.0 0.3000000000000002 0.0 0.0 0.0 0.0 0.0 0.35 0.35 0.0 0.0 
0.11918643169981939 0.1357627346141037 0.1693453203520309 0.17494737977742703 0.0 0.0 0.11883537938103714 0.0 0.0 0.0 0.2819227541755817 
0.0 0.3000000000000002 0.0 0.0 0.0 0.0 0.0 0.35 0.35 0.0 0.0 
0.12956665021253128 0.15319578385110846 0.14961424287362507 0.15761354467815225 0.0 0.0 0.12103523276941339 0.0 0.0 0.0 0.28897454561516955 
0.0 0.19918184063916175 0.13958107122375907 0.0 0.13766338410211343 0.0 0.10276736894052511 0.0 0.15963436195070205 0.2611719731437386 0.0 
0.0 0.23513636379415087 0.0 0.0 0.0 0.0 0.11046526836457425 0.3069509910720497 0.3474473767692253 0.0 0.0 
0.2230074219357296 0.20298569861016164 0.1107305671643487 0.0 0.16824328945704392 0.0 0.0 0.10154004412554767 0.19349297870716842 0.0 0.0 
0.3415790649587193 0.2231990727107266 0.0 0.0 0.1871690865921852 0.0 0.0 0.0 0.24805277573836884 0.0 0.0 
0.0 0.2134195660056699 0.10759946872274975 0.0 0.11181623415753468 0.0 0.10288368454018394 0.0 0.21349038998158132 0.25079065659228045 0.0 
0.16230599839399154 0.2227182968607291 0.10554034299060945 0.0 0.13987405705128633 0.0 0.0 0.11687634856247485 0.2526849561409088 0.0 0.0 
0.0 0.22390088185214527 0.11704506619264875 0.0 0.0 0.0 0.11462063411213204 0.22115902621338898 0.32327439162968485 0.0 0.0 
0.0 0.23855792167007722 0.11796212208188721 0.0 0.0 0.0 0.0 0.29347995624803547 0.35 0.0 0.0 
0.0 0.20129172082335167 0.0 0.0 0.0 0.0 0.11046141833933433 0.3382468608373139 0.35 0.0 0.0 
0.1724590151995723 0.22341828006221112 0.10008393848151041 0.0 0.10203169454701952 0.0 0.0 0.11683815415465053 0.28516891755503626 0.0 0.0 
0.0 0.24991980454747093 0.0 0.0 0.0 0.0 0.10509239887059618 0.29498779658193297 0.35 0.0 0.0 
0.0 0.24054846110027606 0.10339315359213407 0.0 0.11347000491100609 0.0 0.1029483318238568 0.0 0.21972308492563272 0.21991696364709423 0.0 
0.34919893506404964 0.23392783686252996 0.0 0.0 0.20595706674993192 0.0 0.0 0.0 0.21091616132348837 0.0 0.0 
0.0 0.2249681840444001 0.12231551892547506 0.0 0.0 0.0 0.10441247389321243 0.20015308473805585 0.3481507383988565 0.0 0.0 
0.0 0.26219902379455984 0.0 0.0 0.0 0.0 0.10509657315242504 0.2955453228894991 0.33715908016351587 0.0 0.0 
0.0 0.31163313487224703 0.0 0.0 0.0 0.0 0.0 0.33836686512775294 0.35 0.0 0.0 
0.0 0.2755370698733561 0.10866446563732687 0.0 0.0 0.0 0.0 0.2657984644893171 0.35 0.0 0.0 
0.0 0.23234875350968442 0.0 0.0 0.0 0.0 0.1012947040870499 0.31635654240326566 0.35 0.0 0.0 
0.10836321906265178 0.2254545878745801 0.10847613046201864 0.0 0.14021360743600267 0.0 0.0 0.14479635451314096 0.2726961006516058 0.0 0.0 
0.0 0.27023471831194845 0.10864545203358028 0.0 0.0 0.0 0.0 0.27111982965447107 0.35 0.0 0.0 
0.0 0.21800209968530046 0.0 0.0 0.0 0.0 0.10318780340842076 0.3288100969062788 0.35 0.0 0.0 
0.0 0.25771057762483834 0.11176440971256037 0.0 0.0 0.0 0.0 0.2805250126626013 0.35 0.0 0.0 
0.11154881635221824 0.26623151849550547 0.0 0.0 0.11548021345421589 0.0 0.0 0.15673945169806044 0.35 0.0 0.0 
0.11149480731213773 0.21063335048170112 0.10341308505081366 0.0 0.10417088170063885 0.0 0.0 0.1415700235165298 0.3287178519381789 0.0 0.0 
0.1693052011053738 0.2690347463658055 0.0 0.0 0.11201066503349089 0.0 0.0 0.11251474505312185 0.3371346424422081 0.0 0.0 
0.28653897193830047 0.20025386728019628 0.1002314365102953 0.0 0.191734374006333 0.0 0.0 0.0 0.22124135026487496 0.0 0.0 
0.1257157638640003 0.2603379517376984 0.0 0.0 0.1133615071414368 0.0 0.0 0.1505847772568646 0.35 0.0 0.0 
0.0 0.188457494385395 0.10363768100382015 0.0 0.0 0.0 0.11073727662639324 0.26551530996398137 0.3316522380204101 0.0 0.0 
0.0 0.31987184307002436 0.0 0.0 0.0 0.0 0.0 0.33012815692997566 0.35 0.0 0.0 
0.11020212172255495 0.23175520854479797 0.10594467599194612 0.0 0.1188035033409822 0.0 0.0 0.1442606975081611 0.2890337928915576 0.0 0.0 
0.0 0.26371862385375067 0.0 0.0 0.0 0.0 0.1055261533812636 0.2826749175539528 0.34808030521103267 0.0 0.0 
0.0 0.2674982898568585 0.10219621054014737 0.0 0.0 0.0 0.0 0.28030549960299433 0.35 0.0 0.0 
0.11690625432070664 0.23406251658168487 0.10702313426580908 0.0 0.104399812020184 0.0 0.0 0.14569692786888305 0.29191135494273235 0.0 0.0 
0.12611487147604694 0.22445273893251533 0.10283887780269307 0.0 0.11080089247471925 0.0 0.0 0.12141836855365434 0.314374250760371 0.0 0.0 
0.1080697302988851 0.2128917053351121 0.10388879023355647 0.0 0.11232760028282125 0.0 0.0 0.14146927871031345 0.32135289513931176 0.0 0.0 
0.0 0.2543628801185267 0.10188273850890951 0.0 0.11181238251574349 0.0 0.10074776329006951 0.0 0.2285859710652922 0.2026082645014585 0.0 
0.0 0.21734120801712156 0.11381411720051035 0.0 0.0 0.0 0.10550912101853059 0.21769180840733984 0.34564374535649756 0.0 0.0 
0.14380435913587247 0.2712134892714028 0.0 0.0 0.12552245785760635 0.0 0.0 0.143852875991169 0.3156068177439493 0.0 0.0 
0.0 0.32771353448862406 0.0 0.0 0.0 0.0 0.0 0.3222864655113759 0.35 0.0 0.0 
0.24663181499069317 0.2067811064282654 0.1091346823565437 0.0 0.13619374803043155 0.0 0.0 0.10372932257713288 0.1975293256169334 0.0 0.0 
0.0 0.2739176271935671 0.0 0.0 0.0 0.0 0.1060076149671698 0.2700747578392632 0.35 0.0 0.0 
0.15722757076309304 0.27927067267021016 0.0 0.0 0.11291929353744479 0.0 0.0 0.12996830274550172 0.3206141602837504 0.0 0.0 
0.0 0.2564238393276185 0.12679646111816736 0.0 0.0 0.0 0.0 0.26677969955421416 0.35 0.0 0.0 
0.0 0.23805387956312954 0.11270434119447964 0.0 0.0 0.0 0.0 0.2992417792423909 0.35 0.0 0.0 
0.1210544358391972 0.250685060540477 0.0 0.0 0.1097093889116896 0.0 0.0 0.18043692180086837 0.3381141929077677 0.0 0.0 
0.1865520624045706 0.22559930017080346 0.10350102224738066 0.0 0.14245326842072362 0.0 0.0 0.10861229919855636 0.2332820475579653 0.0 0.0 
0.0 0.20995572761397618 0.1372812266942234 0.0 0.13121820392564593 0.0 0.10621232433403671 0.0 0.15846381355287553 0.2568687038792423 0.0 
0.14133583510627548 0.25010695471301025 0.0 0.0 0.12336775819942133 0.0 0.0 0.13518945198129287 0.35 0.0 0.0 
0.0 0.22272036264044967 0.0 0.0 0.0 0.0 0.10542111763313693 0.32185851972641344 0.35 0.0 0.0 
0.0 0.19458963403297475 0.0 0.0 0.0 0.0 0.1054103659670253 0.35 0.35 0.0 0.0 
0.0 0.23284898409108262 0.10656359171659589 0.0 0.10603052551504176 0.0 0.0 0.20654708446228284 0.3480098142149969 0.0 0.0 
0.14040450426386877 0.2902299383319608 0.0 0.0 0.1266067653219443 0.0 0.0 0.12886222419272075 0.31389656788950543 0.0 0.0 
0.19154446836783576 0.20648694412420937 0.1054864510352508 0.0 0.1304904017973076 0.0 0.0 0.1435552915912008 0.2224364430841956 0.0 0.0 
0.3053908975933148 0.20312170929756038 0.10375483003422598 0.0 0.15866417057720006 0.0 0.0 0.0 0.22906839249769892 0.0 0.0 
0.21440281122197974 0.20193546047416094 0.11015765259325704 0.0 0.16678282693271715 0.0 0.0 0.10101468087384072 0.2057065679040446 0.0 0.0 
0.17051767830426984 0.262022905435588 0.0 0.0 0.12836696611013937 0.0 0.0 0.11934373222702405 0.31974871792297876 0.0 0.0 
0.12730101361684493 0.2636207594060726 0.0 0.0 0.11479097227496184 0.0 0.0 0.1442872547021207 0.35 0.0 0.0 
0.0 0.2146151124677204 0.11096447753684281 0.0 0.11523336782450501 0.0 0.1033140811150559 0.0 0.1955456842291972 0.26032727682667867 0.0 
0.0 0.22087543483609276 0.10462306712352278 0.0 0.11556648081462956 0.0 0.11298170088826369 0.0 0.23626074004720352 0.20969257629028773 0.0 
0.0 0.19962608576713137 0.10749567925515618 0.0 0.0 0.0 0.10322720339831651 0.25129570655559236 0.3383553250238036 0.0 0.0 
0.0 0.3136229379697145 0.0 0.0 0.0 0.0 0.0 0.34811087492798976 0.3382661871022959 0.0 0.0 
0.0 0.196014532590893 0.13335842975716758 0.0 0.13136005755060584 0.0 0.10152627011987175 0.0 0.19005593161444295 0.2476847783670189 0.0 
0.0 0.2791921378518799 0.0 0.0 0.0 0.0 0.1065371672770125 0.26427069487110766 0.35 0.0 0.0 
0.22110959163566835 0.20209810728113023 0.10168530872819051 0.0 0.14797316159814655 0.0 0.0 0.10138773452695564 0.2257460962299086 0.0 0.0 
0.0 0.27165181081504924 0.12647031088209015 0.0 0.0 0.0 0.0 0.25187787830286057 0.35 0.0 0.0 
0.0 0.18316447503440633 0.1144332719425258 0.0 0.0 0.0 0.11218843871277115 0.24021381431029676 0.35 0.0 0.0 
0.22733017160759564 0.20713137583891839 0.11566071804057068 0.0 0.13098395718633535 0.0 0.0 0.11632035361895465 0.20257342370762535 0.0 0.0 
0.0 0.19605899754763 0.10557485528245321 0.0 0.0 0.0 0.10857818016441001 0.24680534172666216 0.3429826252788446 0.0 0.0 
0.0 0.2204930700549589 0.10115837297311368 0.0 0.0 0.0 0.10348099460053585 0.22486756237139152 0.35 0.0 0.0 
0.33511294064012354 0.23240993368224222 0.0 0.0 0.20295206212385888 0.0 0.0 0.0 0.22952506355377544 0.0 0.0 
0.0 0.2309413441822677 0.10015507802838705 0.0 0.10519059202387426 0.0 0.0 0.21371298576547101 0.35 0.0 0.0 
0.17517753401170885 0.22466496977452438 0.10037472953968775 0.0 0.10848746982842193 0.0 0.0 0.11613478026799902 0.275160516577658 0.0 0.0 
0.0 0.19623999245423934 0.10607365164531235 0.0 0.0 0.0 0.11225900588426062 0.24016355810607218 0.34526379191011547 0.0 0.0 
0.17492818958401707 0.2603437144474146 0.0 0.0 0.12754431798205695 0.0 0.0 0.11857891008554962 0.3186048679009619 0.0 0.0 
0.0 0.26099904799304474 0.10112919414162073 0.0 0.10210153536554634 0.0 0.0 0.1977862721321901 0.33798395036759815 0.0 0.0 
0.0 0.21502583072903808 0.0 0.0 0.0 0.0 0.11003850715828527 0.3249356621126766 0.35 0.0 0.0 
0.0 0.26778859225446167 0.12261855836537029 0.0 0.0 0.0 0.0 0.259592849380168 0.35 0.0 0.0 
0.0 0.1948492163655889 0.13227334167302696 0.0 0.13053509395170793 0.0 0.10377395784068984 0.0 0.18878891337381448 0.24977947679517196 0.0 
0.0 0.16313489745136905 0.10687149217831851 0.0 0.0 0.0 0.11419261679918953 0.27380019600200717 0.3420007975691158 0.0 0.0 
0.0 0.21513526165641306 0.11138653074534842 0.0 0.11251460268588324 0.0 0.10364231466363892 0.0 0.1961669417882047 0.2611543484605116 0.0 
0.30771098668548763 0.2036677507171039 0.1049852195941102 0.0 0.15740232874680857 0.0 0.0 0.0 0.2262337142564896 0.0 0.0 
0.0 0.3098966363855281 0.0 0.0 0.0 0.0 0.0 0.34397480594938096 0.34612855766509093 0.0 0.0 
0.0 0.2288399707958311 0.10472886240631264 0.0 0.10031844428132639 0.0 0.0 0.21611272251652983 0.35 0.0 0.0 
0.0 0.2063085356446273 0.1119822575351651 0.0 0.0 0.0 0.11426443569304032 0.23582143295736563 0.3316233381698018 0.0 0.0 
0.17691024180150108 0.2204184718651812 0.10605303327687145 0.0 0.13424739567995922 0.0 0.0 0.10545104466642322 0.25691981271006387 0.0 0.0 
0.0 0.27316484061551477 0.0 0.0 0.0 0.0 0.1033682138758569 0.27615750916561643 0.34730943634301187 0.0 0.0 
0.0 0.25874527829222055 0.10026039968592834 0.0 0.10079663056642911 0.0 0.0 0.19635147582253829 0.34384621563288376 0.0 0.0 
0.0 0.24373609559187268 0.101944517201914 0.0 0.0 0.0 0.0 0.3043193872062133 0.35 0.0 0.0 
0.15821553075593375 0.23683337814245695 0.0 0.0 0.11120512689991588 0.0 0.0 0.14374596420169344 0.35 0.0 0.0 
0.0 0.3088321240595745 0.0 0.0 0.0 0.0 0.0 0.3411678759404255 0.35 0.0 0.0 
0.0 0.19896490700767672 0.0 0.0 0.0 0.0 0.10992198873713396 0.3411131042551893 0.35 0.0 0.0 
0.0 0.20950624242143412 0.10799295236561804 0.0 0.0 0.0 0.10061418816194248 0.2655234924667341 0.31636312458427124 0.0 0.0 
0.0 0.2643175238184566 0.0 0.0 0.0 0.0 0.10739229826265723 0.2831819281851821 0.34510824973370385 0.0 0.0 
0.0 0.23234875350968445 0.0 0.0 0.0 0.0 0.10129470408704991 0.3163565424032658 0.35 0.0 0.0 
0.0 0.20973802572473327 0.11071049268074874 0.0 0.0 0.0 0.10853868907299141 0.22101279252152656 0.35 0.0 0.0 
0.0 0.20950624242143412 0.10799295236561804 0.0 0.0 0.0 0.10061418816194248 0.2655234924667341 0.31636312458427124 0.0 0.0 
