-0.01611301372473826 3.490790714687223E-4 
-0.01611301372473826 3.490790714687223E-4 
-0.008420518820603972 3.329949968039884E-5 
-0.015863264243700534 3.112223717636211E-4 
-0.013563440329647292 8.496503952039558E-5 
-0.014840794906969733 1.8426967648925904E-4 
-0.014991660084074864 1.9233145587943588E-4 
-0.013682908338432859 9.260501674938516E-5 
-0.009975550741718391 3.933935785032346E-5 
-0.01605131917776834 3.373324191491412E-4 
-0.014111068434185504 1.1501673587098669E-4 
-0.01540296831551665 2.371092341179234E-4 
-0.014370280234035903 1.4029635208609914E-4 
-0.01471935275920763 1.7928595318999848E-4 
-0.013385763759969355 7.892615817804851E-5 
-0.014629284283750765 1.7250962397524807E-4 
-0.014538031835849802 1.6353728306123448E-4 
-0.01019719306881046 4.0136417542826455E-5 
-0.009388584725610138 3.570178259803614E-5 
-0.015383794874791194 2.294449339856685E-4 
-0.014194966707552655 1.2360335800205065E-4 
-0.015544122851270211 2.612900343854455E-4 
-0.01431412120624918 1.355851707933409E-4 
-0.014476863017086502 1.5838602860188003E-4 
-0.010437836835668039 4.276650101826393E-5 
-0.014253606247062662 1.3060532178440893E-4 
-0.012108180257904525 5.2494995943319476E-5 
-0.016091252834040472 3.447564021416958E-4 
-0.01560622553331735 2.7097267690950313E-4 
-0.011944540175269332 5.1326073027341853E-5 
-0.015984828189206844 3.2643202307478967E-4 
-0.009817092723991703 3.803672553676654E-5 
-0.011237359137481232 4.7272507573025965E-5 
-0.01158605181594431 4.913221859116364E-5 
-0.016013103560723274 3.3084436177093396E-4 
-0.013495820074825512 8.095029475969719E-5 
-0.015531287928844773 2.554998517661505E-4 
-0.015635720759993702 2.800480062443085E-4 
-0.01526948212284605 2.1610685829561002E-4 
-0.012932584120636154 6.367066433594383E-5 
-0.01107324224361201 4.649548395603656E-5 
-0.013275112409546281 7.434102200444483E-5 
-0.01458001012324851 1.6955245233808727E-4 
-0.013087596589015498 6.618847778664086E-5 
-0.008914620401329426 3.426644666160107E-5 
-0.010302282524936052 4.110334616212846E-5 
-0.010823101707311057 4.641572403045E-5 
-0.010581147082696779 4.423616795844942E-5 
-0.012712599042196892 6.009652164318311E-5 
-0.013134178925584003 6.811194467072333E-5 
-0.015571782089007833 2.683980435616461E-4 
-0.013246702852207175 7.190379946259425E-5 
-0.01440948688090922 1.4816664674565711E-4 
-0.012230018786860985 5.388890996049867E-5 
-0.015291148246446278 2.222840462015454E-4 
-0.00968869463256491 3.729950786100398E-5 
-0.015026918898359066 1.9509098264759503E-4 
-0.015333481881288087 2.2511456138120796E-4 
-0.012508470134460917 5.748541710042967E-5 
-0.00868073886006903 3.4008733643046125E-5 
-0.015714839238964825 2.980858643692909E-4 
-0.013757435498659487 9.509075987131196E-5 
-0.01567564469973624 2.963849821518875E-4 
-0.011761632860127973 4.994338006650463E-5 
-0.01567109184975048 2.892781303377806E-4 
-0.008979408213663187 3.4357583390048316E-5 
-0.011430320218824515 4.801653362333692E-5 
-0.008454587655475488 3.33400776020573E-5 
-0.014463529334674732 1.521886882008152E-4 
-0.015938847891981404 3.1996168847000335E-4 
-0.010823101707311057 4.641572403045E-5 
-0.014032263829113371 1.1129232829877478E-4 
-0.008665929724558374 3.369729361796177E-5 
-0.015450012062991136 2.4344662506190672E-4 
-0.015224375630983321 2.119370557864193E-4 
-0.015725780827417202 3.071993599821565E-4 
-0.012584873837150993 5.844880760713063E-5 
-0.015729683773956317 3.0732572202371393E-4 
-0.009159313089172784 3.475222559729072E-5 
-0.013912288820476917 1.0287992434361515E-4 
-0.014208579112912876 1.2562468684592038E-4 
-0.013815119767167098 9.789577328746214E-5 
-0.013939981018145742 1.0609478225907733E-4 
-0.013844158961106419 1.0055933948854045E-4 
-0.011808585945615579 5.0567447744257305E-5 
-0.00920901416622389 3.48458237562373E-5 
-0.015500386853284377 2.4975420877057514E-4 
-0.00953811712878809 3.632060524948798E-5 
-0.015142797130069361 2.049842157130482E-4 
-0.01592887753032239 3.186738224368671E-4 
-0.015657714624369715 2.86553771467198E-4 
-0.015088689563120088 1.9982657224900703E-4 
-0.012341388054165268 5.458082220326115E-5 
-0.011118464335437438 4.7112198076432954E-5 
-0.01146006077511207 4.865837466618776E-5 
-0.012341388054165268 5.458082220326115E-5 
-0.015652749435396334 2.822478220464508E-4 
-0.010577875443223937 4.408770771029088E-5 
-0.015086783203565792 1.9972098612989881E-4 
-0.00956906639492713 3.664567144489123E-5 
