-0.01611301372473826 3.490790714687223E-4 
-0.01611301372473826 3.490790714687223E-4 
-0.008499845799034645 3.3473321774785944E-5 
-0.015548015373365497 2.582185655168521E-4 
-0.01574045471363241 3.071822432465387E-4 
-0.015496250154229214 2.4771916571010875E-4 
-0.015257435670136633 2.1466161272272406E-4 
-0.011607127210147318 4.982613500593394E-5 
-0.01073624022998644 4.518962677800583E-5 
-0.011329134524826957 4.819056764190877E-5 
-0.015153291099449595 2.047355524853457E-4 
-0.009409620494719138 3.579995175879465E-5 
-0.012188355673950746 5.392363420991848E-5 
-0.015696436673295146 2.958536081038036E-4 
-0.008867798935046245 3.4593021247690563E-5 
-0.015432731568356497 2.4078672218394304E-4 
-0.013602297754913529 8.617765470328011E-5 
-0.010492758329496036 4.2939791788453464E-5 
-0.015971784710670615 3.245078609097869E-4 
-0.015665327689929065 2.851700765129378E-4 
-0.012717433081001473 5.863755205265604E-5 
-0.013764895776143182 9.398914111775984E-5 
-0.0153050567849597 2.1971470152092499E-4 
-0.015863264243700534 3.112223717636212E-4 
-0.01098382588364818 4.635116898246391E-5 
-0.014487815521846982 1.6180460919076403E-4 
-0.011775858631831093 4.996659650409974E-5 
-0.009191409908468453 3.482059981108529E-5 
-0.009954728388496537 3.844680689134914E-5 
-0.015614709200018402 2.7383492553424867E-4 
-0.011214701028205622 4.7116245510468754E-5 
-0.014771667354051339 1.8117806526592802E-4 
-0.013425712552346404 7.921772836741911E-5 
-0.014126648914457637 1.166922510045018E-4 
-0.014518104292838181 1.691906137707913E-4 
-0.013882035957279321 1.0179923381354412E-4 
-0.014359296760894487 1.420334231038001E-4 
-0.016025464421559235 3.3287695267966277E-4 
-0.01314625179557848 6.790821413363597E-5 
-0.013047664615766145 6.579075233391918E-5 
-0.014454406001760917 1.576775768069251E-4 
-0.010567845654974617 4.415516448597833E-5 
-0.014844353455524808 1.8519193026530538E-4 
-0.010254846947060883 4.055427218239497E-5 
-0.013830511138606675 9.855264607112416E-5 
-0.012833694997564224 6.152484164451191E-5 
-0.012073090963497719 5.257802380903741E-5 
-0.015586234862471023 2.683643060404028E-4 
-0.01457582242203114 1.7865303922005472E-4 
-0.01356227653449143 8.397132457918582E-5 
-0.014575099247428405 1.7107477170992237E-4 
-0.014338088194473781 1.3526548282539837E-4 
-0.012410292523450085 5.608164467911026E-5 
-0.008564186025677486 3.350862581793859E-5 
-0.01501359549694776 1.9379818293845604E-4 
-0.015414364299590332 2.341845338252953E-4 
-0.01468028615727101 1.787463769777275E-4 
-0.014383164130209026 1.461580198731548E-4 
-0.015021001770191889 1.976583539331464E-4 
-0.014056916515426815 1.1155105862612479E-4 
-0.014950119121171754 1.8988764126608973E-4 
-0.011046874285945335 4.659649140748082E-5 
-0.008755480410862741 3.386085296948789E-5 
-0.016035291159452916 3.3453784816048253E-4 
-0.009191409908468454 3.482059981108533E-5 
-0.009580382010973006 3.672087703813455E-5 
-0.009793263134146885 3.762358808016618E-5 
-0.016096379946032597 3.45757266320375E-4 
-0.015918903004470294 3.2084071215507913E-4 
-0.013990225770955801 1.0646268158774104E-4 
-0.01533077363231138 2.2603744007901504E-4 
-0.013973162850390772 1.054829957528323E-4 
-0.014401222049466443 1.5297766050449365E-4 
-0.014913989993808545 1.875779236359683E-4 
-0.014238383962337675 1.2624447266759725E-4 
-0.011899394528955037 5.149797805908707E-5 
-0.010073525603352226 3.9724321360936994E-5 
-0.012924531925118953 6.454985144725155E-5 
-0.010254784893674491 4.0551986873572626E-5 
-0.01418472072141486 1.217948221762854E-4 
-0.011948450250268808 5.170134317177369E-5 
-0.014243092578957874 1.291051158832266E-4 
-0.015898680167380524 3.150236455534125E-4 
-0.014077805334649342 1.1327956327253343E-4 
-0.009577029999713464 3.66508830752527E-5 
-0.015101405852433913 2.0062701935588467E-4 
-0.015669718538225127 2.873270865242083E-4 
-0.012564353029760387 5.6955829903797735E-5 
-0.00979452050798641 3.7648695333743155E-5 
-0.016071492881905316 3.410005782927743E-4 
-0.013774360107425873 9.403951542131346E-5 
-0.012413235799445251 5.611812869531729E-5 
-0.012564353029760387 5.6955829903797735E-5 
-0.015346195902020987 2.275211389722229E-4 
-0.012908051764678765 6.29356595309758E-5 
-0.01420396711292456 1.2183114986543153E-4 
-0.015916767226670417 3.171647432593235E-4 
-0.015587964293539477 2.6869984981288365E-4 
-0.013232208773615835 7.069566393238665E-5 
-0.015115592214438802 2.0169047070743988E-4 
