-0.01611301372473826 3.490790714687223E-4 
-0.010647681118569629 4.571214638459667E-5 
-0.01611301372473826 3.490790714687223E-4 
-0.014619387075194999 1.7261840251891399E-4 
-0.012382521687854201 5.5126654982744955E-5 
-0.014146130064270509 1.2064251810840468E-4 
-0.012904828084838916 6.454629410826171E-5 
-0.01572505294074809 3.0654169804660025E-4 
-0.01384814270867755 1.0090376088045661E-4 
-0.014210225912012847 1.3366635837600975E-4 
-0.013087701310676964 6.629209258309574E-5 
-0.014341532985368671 1.374531215370675E-4 
-0.01593417322359604 3.1935275370040326E-4 
-0.013642922435792161 8.837798685726542E-5 
-0.014721919687450197 1.8219810524955533E-4 
-0.014897810719926833 1.8728043476640304E-4 
-0.0157086360427047 2.967413103995225E-4 
-0.014703965549470474 1.810256642734705E-4 
-0.012825078181773326 6.13208146644147E-5 
-0.01146707418427045 4.8183976616079635E-5 
-0.01501593335092688 1.9483696872800644E-4 
-0.014947877739391975 1.899849127807515E-4 
-0.01545361227553698 2.4023121390151291E-4 
-0.014417361713965293 1.520710391176696E-4 
-0.015059391533154946 1.9768329702352588E-4 
-0.01087340416648154 4.6338963813343516E-5 
-0.010647681118569632 4.5712146384596704E-5 
-0.013265587310559235 7.485811552364545E-5 
-0.011338441047847606 4.783146257556253E-5 
-0.015382349330264512 2.2946841116247555E-4 
-0.015265406868820323 2.187352052779669E-4 
-0.015863264243700534 3.112223717636212E-4 
-0.0145544135524313 1.649430085055136E-4 
-0.013440997566914095 7.930150114217378E-5 
-0.013515327904222897 8.335258051773376E-5 
-0.013721178952638025 9.336039082404698E-5 
-0.015124830015371704 2.0229846945862758E-4 
-0.014395872200937842 1.4718170481143006E-4 
-0.013939106673133118 1.0750550301559807E-4 
-0.011958209829126008 5.144317371986293E-5 
-0.016077419285170848 3.4211010032530017E-4 
-0.01590687876449271 3.159774373994133E-4 
-0.015551020440603098 2.610844883158804E-4 
-0.012224352005866072 5.372741830474765E-5 
-0.014239068178004941 1.338652914511854E-4 
-0.015988705777320044 3.2701758629850007E-4 
-0.015624107636513743 2.7514812077409766E-4 
-0.01572206082973459 3.002557578949012E-4 
-0.014482222763817497 1.5747170869884894E-4 
-0.015671739075801976 2.881593357430314E-4 
-0.012615245524980556 5.777711592862209E-5 
-0.014537393336963798 1.6345267738315794E-4 
-0.012224828720311404 5.373257611308213E-5 
-0.013373473665288196 7.896347552911426E-5 
-0.01558561866981644 2.6670835968673335E-4 
-0.011861901281613012 5.094328188168109E-5 
-0.015502846297730289 2.494568570402588E-4 
-0.012053382674550125 5.205309814526881E-5 
-0.016032101339038176 3.3399434073951137E-4 
-0.01172828599898401 4.984759768866825E-5 
-0.016063367429290508 3.3950292784973063E-4 
-0.015337904592349001 2.2342081024914653E-4 
-0.01411763284896474 1.1908285480705135E-4 
-0.011039686147014957 4.641077423871363E-5 
-0.015990146472234016 3.2723673057302315E-4 
-0.013668060902154666 9.036994736190147E-5 
-0.01515116140631522 2.0455638602826838E-4 
-0.014093878583685613 1.1390304859484357E-4 
-0.01547633289820648 2.4789977353234337E-4 
-0.011597332261185953 4.882988470529397E-5 
-0.010877974233076668 4.6353755233275794E-5 
-0.014472109400008678 1.5652136131801545E-4 
-0.013262135976372824 7.206344729841724E-5 
-0.01610889750889358 3.482464167199368E-4 
-0.015331736436158847 2.22632237065836E-4 
-0.015637340895093086 2.829790387996883E-4 
-0.015236501601618227 2.127559395246257E-4 
-0.012527590649621079 5.719060025410245E-5 
-0.015430468531118114 2.3685569191137526E-4 
-0.011186262684484517 4.6976008619642E-5 
-0.01559119702707535 2.6898259195767366E-4 
-0.011039686147014957 4.641077423871363E-5 
-0.013515327904222892 8.335258051773371E-5 
-0.012727700523134999 5.969321858228285E-5 
-0.015606344574017834 2.738339186522463E-4 
-0.011584096773067726 4.87983014002624E-5 
-0.0143869052386938 1.4182524156568384E-4 
-0.015519620004771629 2.5560589761968014E-4 
-0.01317810661161707 7.071778081654446E-5 
-0.013809142308914673 9.59752533382398E-5 
-0.01525213558508507 2.1449476470472768E-4 
-0.014045715918260007 1.1379078755115619E-4 
-0.015196819861366815 2.0915470506494197E-4 
-0.016035954052713214 3.346513245067434E-4 
-0.015671739075801976 2.881593357430314E-4 
-0.015868478059948662 3.117494755801605E-4 
-0.015189244863867232 2.0802153561552098E-4 
-0.01313100266062621 6.89759893069519E-5 
-0.01563734089509309 2.829790387996884E-4 
-0.012727700523135 5.969321858228286E-5 
