-0.014955806920304897 5.382172823917211E-4 
-0.007218068512283123 4.1710752432752124E-5 
-0.007218068512283123 4.1710752432752124E-5 
-0.014955806920304897 5.382172823917211E-4 
-0.014902382580818205 5.184083839480649E-4 
-0.013951746551129992 3.1856989459229883E-4 
-0.008688351928144914 5.583495701359448E-5 
-0.013839084992623398 3.038542894680411E-4 
-0.0131050291798548 2.2734875852246187E-4 
-0.014119871844739822 3.5005256797110786E-4 
-0.013617099986938882 2.8460379284278825E-4 
-0.01485427928927961 5.015712810719991E-4 
-0.011510832104135324 1.213593092240102E-4 
-0.014066290860951406 3.387648966166048E-4 
-0.013722553010200634 2.921744433976517E-4 
-0.013273835462022583 2.496033459803683E-4 
-0.01424548881069638 3.731102997129503E-4 
-0.009516425034378039 6.989420232986564E-5 
-0.0122850554763101 1.6611583861338852E-4 
-0.014944786889922538 5.340356584362231E-4 
-0.011941618910300157 1.4509527486954263E-4 
-0.012066237024290124 1.4969223983027209E-4 
-0.00895027410635082 5.8657048511556525E-5 
-0.011333061111107108 1.1813975489435121E-4 
-0.008565133562667861 5.215418543215398E-5 
-0.010567867922451844 9.175974601430567E-5 
-0.013556306953840302 2.7722429755777656E-4 
-0.01068988917386755 9.495273932546587E-5 
-0.009981739639342402 8.222636330952554E-5 
-0.011591589538319218 1.265729747574478E-4 
-0.007747602353358441 4.3312983531100714E-5 
-0.0143185277107898 3.954522520116373E-4 
-0.011707095612727442 1.3049813551757247E-4 
-0.008001248618764415 4.511303261894724E-5 
-0.009654267173007694 7.170470899641178E-5 
-0.013016883843080168 2.1868404720801614E-4 
-0.010197941321102817 8.247431373022552E-5 
-0.013488189809560852 2.7075823811684933E-4 
-0.00895027410635082 5.8657048511556525E-5 
-0.012306147507253312 1.8027534142786924E-4 
-0.011866323143630092 1.3945585571245413E-4 
-0.012849369981514949 2.0318411561898967E-4 
-0.014181122729185373 3.6259577291727695E-4 
-0.012960073305103287 2.101908283670419E-4 
-0.009224251314223922 6.44257380117831E-5 
-0.01434788642143735 4.041782605458334E-4 
-0.011765820337960555 1.3630961479986335E-4 
-0.013779393428191941 2.987273598355765E-4 
-0.00833270139935679 4.885531963215568E-5 
-0.012176303362397948 1.650142459656296E-4 
-0.014550035548301756 4.706283425159482E-4 
-0.007492320603147936 4.260491504891904E-5 
-0.011180788070805402 1.1079725734785946E-4 
-0.014486032980369538 4.502845038641683E-4 
-0.012627319088109329 1.9097854168939393E-4 
-0.014369452819055287 4.1146584974335773E-4 
-0.01106495733315964 1.0907319636480932E-4 
-0.008424198310397589 5.060918713637018E-5 
-0.0143984313981047 4.193139384897139E-4 
-0.0078088445800769055 4.372806678468923E-5 
-0.008177496953473452 4.732247196358797E-5 
-0.009353668431419403 6.713487329710897E-5 
-0.014014007340193167 3.2601057423604614E-4 
-0.010801120404597221 9.881765852079704E-5 
-0.012517223518146598 1.889572843664421E-4 
-0.011268093873853685 1.1448162478832728E-4 
-0.00739771124787207 4.1951802456099784E-5 
-0.010866019940500075 1.0099505580981694E-4 
-0.013166106298834482 2.3567075658139164E-4 
-0.009750666443309082 7.566486007964767E-5 
-0.014155597909434344 3.5892979955639073E-4 
-0.014267244114889204 3.809538971100491E-4 
-0.014806920057996218 4.859192533872613E-4 
-0.013230098668997919 2.391587383704521E-4 
-0.014021565706895354 3.31639365245326E-4 
-0.014760401119012383 4.714380987751533E-4 
-0.010266406095235983 8.43889090755049E-5 
-0.01479383580251211 4.817567076544664E-4 
-0.01445438937302146 4.417938309628319E-4 
-0.01037313913576784 8.71069873557707E-5 
-0.013424044083163784 2.6529787726345633E-4 
-0.012799759654168 2.0050618877927241E-4 
-0.014432764859681278 4.3845693985541294E-4 
-0.008087998355336906 4.6640737184507666E-5 
-0.0148358506575021 4.953716555347368E-4 
-0.009852034280349649 7.581537031584318E-5 
-0.0133983563627512 2.622228580824871E-4 
-0.014424238029002338 4.300834094614112E-4 
-0.014541021539969856 4.668089172924103E-4 
-0.014408446241618938 4.2715794871292203E-4 
-0.013335728011459318 2.567389518702026E-4 
-0.012704162220290355 1.9534321254635034E-4 
-0.012132723923963825 1.568731225677748E-4 
-0.014513606377884646 4.6049230573380287E-4 
-0.0129992066445241 2.1349501413894817E-4 
-0.014503990463114257 4.570225871413007E-4 
-0.010978039909535397 1.0445115358750402E-4 
-0.010439003274566419 8.892007704930493E-5 
-0.012120564174909858 1.563579396421626E-4 
-0.012704701091984913 1.9825305286252083E-4 
