-0.014955806920304897 5.382172823917211E-4 
-0.014955806920304897 5.382172823917211E-4 
-0.005165531954051305 2.5963037371048783E-5 
-0.005165531954051305 2.5963037371048783E-5 
-0.0060683959508682946 3.171740103959699E-5 
-0.007270481881588344 4.1726987773360745E-5 
-0.013022494005707493 2.146631772025184E-4 
-0.008679660030687814 5.441066595746901E-5 
-0.007691333876685037 4.301358172155182E-5 
-0.01482369276759412 4.945624815466422E-4 
-0.01285679864846162 2.025370565292633E-4 
-0.010719169521407966 9.928006035559902E-5 
-0.010378170029599907 8.878407769206071E-5 
-0.013849323411941178 3.0491585192794947E-4 
-0.008970328182185211 6.0695984362842554E-5 
-0.013095031405784448 2.3002323859006764E-4 
-0.010550389593015208 9.263110611283991E-5 
-0.012267297362442312 1.7467933766411557E-4 
-0.012100134106551605 1.5673035049315284E-4 
-0.013758239516977645 2.9541048697172436E-4 
-0.011709352730498937 1.304722348884311E-4 
-0.009363730231503805 7.0124456457551E-5 
-0.011470341878686523 1.2772463716235222E-4 
-0.014910779436864141 5.214444784463968E-4 
-0.013192957455195196 2.3433540756950455E-4 
-0.013932926199064813 3.155360145829317E-4 
-0.0136714354602144 2.8793695167116215E-4 
-0.007413834932892429 4.210477496689082E-5 
-0.014775704391793355 4.761042453568995E-4 
-0.010166040553450523 8.242183300795565E-5 
-0.014039685645187563 3.325018736791287E-4 
-0.01273426582362008 1.9853673870469688E-4 
-0.013987495240853104 3.218138581708571E-4 
-0.010931321743080289 1.0348824022920547E-4 
-0.008213346592269279 4.821252007704598E-5 
-0.014359653989771352 4.0886879988114976E-4 
-0.014087502577288417 3.3961694908140835E-4 
-0.014858717032946112 5.030849479888428E-4 
-0.012404056391906473 1.8422720097243446E-4 
-0.005629830512440274 2.76040148234303E-5 
-0.011304931622288647 1.178239352556543E-4 
-0.014886484206892779 5.127389236143111E-4 
-0.014138296079968684 3.4916157965717346E-4 
-0.009667936678603462 7.211687332623166E-5 
-0.0057957140505591805 2.9355705803476786E-5 
-0.014535389831851868 4.6639901069406514E-4 
-0.01338885317336386 2.624789944883135E-4 
-0.013556284470015074 2.8221865906107415E-4 
-0.013454663859925137 2.6804564549576406E-4 
-0.014760401119012383 4.714380987751533E-4 
-0.013531145305249513 2.750617355297054E-4 
-0.009839064397934461 7.678494237203463E-5 
-0.013265905685803821 2.454158238601378E-4 
-0.014476242957035762 4.503210299587919E-4 
-0.014945083047307978 5.341473877846969E-4 
-0.011436348178835565 1.1995793858569619E-4 
-0.012623070409993482 1.917923182553E-4 
-0.011996519557293204 1.4616130001805287E-4 
-0.014448494861118545 4.378322011172435E-4 
-0.0143235869644442 3.949786736856089E-4 
-0.011016767952376154 1.0597108444028357E-4 
-0.011846623632475725 1.3817625131166194E-4 
-0.0079641959145934 4.496245223711007E-5 
-0.007270481881588344 4.1726987773360745E-5 
-0.009984367454201427 7.792816345331653E-5 
-0.009085348392829113 6.204379902214591E-5 
-0.005972571446954114 3.053433096476728E-5 
-0.01116790875550314 1.127475931265748E-4 
-0.01197360260285972 1.4492061109454868E-4 
-0.005441344814036913 2.6532388136240415E-5 
-0.014484395459125355 4.551678769947185E-4 
-0.014425799350997876 4.263075994741083E-4 
-0.012182238901107053 1.6759768203529954E-4 
-0.00921972204970609 6.450387856242476E-5 
-0.013317592674430142 2.548855007842494E-4 
-0.012125838549745582 1.6681161599034928E-4 
-0.0060683959508682946 3.171740103959699E-5 
-0.00535699836526362 2.629423948967011E-5 
-0.0079641959145934 4.496245223711007E-5 
-0.011792538965936775 1.368288357715509E-4 
-0.014401787998701376 4.208631568416737E-4 
-0.011156246749876727 1.097649294320304E-4 
-0.014300496194241131 3.938888100489523E-4 
-0.012576159579969938 1.883170975020302E-4 
-0.014369989826030452 4.144865391732435E-4 
-0.014272161601294929 3.832268998869029E-4 
-0.01007124795144571 8.168678489205435E-5 
-0.014528379403823795 4.629124813022845E-4 
-0.009710401699318947 7.286261379280277E-5 
-0.009290057401258755 6.654602683427876E-5 
-0.012468930267095698 1.8554308809356514E-4 
-0.014430075517574139 4.3465360261195704E-4 
-0.014150587921494154 3.573130072625935E-4 
-0.008486295794756044 5.2461342886419586E-5 
-0.01424360569938929 3.7631774246499593E-4 
-0.008441920727541304 5.120053915554535E-5 
-0.014188054193540448 3.6940765300527917E-4 
-0.014186846679317097 3.6227693346112624E-4 
-0.008325872103168932 4.975499971631296E-5 
-0.0142699807662791 3.8134543149160054E-4 
