-0.014955806920304897 5.382172823917211E-4 
-0.014955806920304897 5.382172823917211E-4 
-0.0072596014079894106 4.170088705885894E-5 
-0.013540799166430776 2.821095113452867E-4 
-0.013477407510893909 2.711658835188616E-4 
-0.013827585203897718 3.027985841497744E-4 
-0.01441174233266973 4.30434884255857E-4 
-0.01493242516584636 5.294040339552232E-4 
-0.0114372647166789 1.1962174112125777E-4 
-0.011273762213745278 1.1344959859515034E-4 
-0.014383223712454676 4.1409895466075735E-4 
-0.011791997360570095 1.350274397112288E-4 
-0.010878621172595191 1.0216726480115717E-4 
-0.011983434599722077 1.4576021470143405E-4 
-0.014889475984496255 5.137979131121877E-4 
-0.01291677230954464 2.0619528101160792E-4 
-0.014813109457943001 4.8791270919170776E-4 
-0.012325983652738128 1.7935942078682848E-4 
-0.01451136443547651 4.5593626309450543E-4 
-0.013920616025974624 3.1618476480414293E-4 
-0.012814867252262586 2.0030919388422256E-4 
-0.011653333245618546 1.2897778853046335E-4 
-0.010739646717898406 9.684496963860707E-5 
-0.01405423734280361 3.3514538769536677E-4 
-0.007465146113992882 4.2075298495849355E-5 
-0.014274440508429 3.836715932628704E-4 
-0.011893341213089915 1.3953373493413791E-4 
-0.010492983020952733 9.056984559690606E-5 
-0.014238289041407419 3.7529860259381223E-4 
-0.010640030421894188 9.401951465449972E-5 
-0.014310971095933527 3.9369405182639153E-4 
-0.009602984296453683 7.081215916121352E-5 
-0.012712699962263712 1.9567697907191644E-4 
-0.012078541004320346 1.518911525895139E-4 
-0.011130889088753225 1.1289462253806916E-4 
-0.014832211416653474 4.941637937691654E-4 
-0.010100505376319341 8.023501886759615E-5 
-0.008187021612396483 4.7069097749314224E-5 
-0.007863924935547278 4.3975861844017266E-5 
-0.008320374271724534 4.848029240622832E-5 
-0.012435075288253012 1.8229315166710925E-4 
-0.009222562503249786 6.589161959237656E-5 
-0.00934403524587679 6.852415055712846E-5 
-0.014018250910898294 3.285479049356265E-4 
-0.013353544349336778 2.613812603941012E-4 
-0.013212116363986783 2.3462661729894204E-4 
-0.01476953085011667 4.7421033311557503E-4 
-0.013677645086240402 2.903921064319685E-4 
-0.014194880197525258 3.666128353534549E-4 
-0.013742298300376914 2.9788798196049603E-4 
-0.00946994200111356 7.055787147837968E-5 
-0.014109694701449267 3.46154597593475E-4 
-0.009925380254979984 7.75605276187433E-5 
-0.008742173325514028 5.5977114155718674E-5 
-0.013281826695881814 2.482294053202694E-4 
-0.008582038005061134 5.305673094584694E-5 
-0.012309662853279344 1.6656969345782153E-4 
-0.013030363292089835 2.1560142409022772E-4 
-0.007695171210487503 4.334574256446655E-5 
-0.013383052901366705 2.621487365276451E-4 
-0.014454984399869749 4.3848084372475477E-4 
-0.013281826695881814 2.482294053202694E-4 
-0.014543665338225239 4.6927825567270073E-4 
-0.014859853782877967 5.066018751972329E-4 
-0.012543553870785996 1.860973024658559E-4 
-0.014338980737179785 4.0164539154544386E-4 
-0.012999607773349181 2.1251180477193401E-4 
-0.008981284964166263 6.02225816004646E-5 
-0.013110176702796319 2.2325872760099746E-4 
-0.008456885328694482 5.048197773314356E-5 
-0.012158024555687956 1.563316655407192E-4 
-0.014549303525002211 4.710415606751632E-4 
-0.007608068280506021 4.2644532189306614E-5 
-0.011021243959145657 1.0801901994040994E-4 
-0.013212116363986783 2.3462661729894204E-4 
-0.01220626289999956 1.600138646242868E-4 
-0.014354180852223262 4.0785762532613687E-4 
-0.010985517564945046 1.0635586431651656E-4 
-0.011551500517349109 1.232043898587641E-4 
-0.009764567858331331 7.354364486159543E-5 
-0.013965323736308348 3.2027823256354043E-4 
-0.008855081682158594 5.977195366919263E-5 
-0.010239158757218184 8.43990610178158E-5 
-0.014478827281837883 4.4974733968411505E-4 
-0.013110176702796319 2.2325872760099746E-4 
-0.014132631251219552 3.489180172727769E-4 
-0.008025922859120295 4.6125406538490314E-5 
-0.014760401119012383 4.714380987751533E-4 
-0.009981770573878262 7.83103506832448E-5 
-0.007263855196435056 4.170137041819011E-5 
-0.014147381959905746 3.5793173836316913E-4 
-0.012275136357504558 1.6460621561939682E-4 
-0.009121852002244036 6.219496681835647E-5 
-0.010233695365218407 8.350603954076144E-5 
-0.009764567858331331 7.354364486159543E-5 
-0.014464090079540259 4.44740249425049E-4 
-0.007987130261226731 4.5812644322473496E-5 
-0.010389497060734453 8.772006709308435E-5 
-0.011576851647206475 1.2533637036398938E-4 
-0.014174792448173523 3.598083949297693E-4 
