-5.035199271640502E-4 5.051620810335755E-5 
-0.014805445502785914 6.591298059147137E-4 
-0.006966849540900034 5.1374759438867614E-5 
-0.014265101309271699 5.247288375038735E-4 
-0.014217296402396749 3.1647762652895265E-4 
-0.014561749803374413 5.56740682879769E-4 
-0.014561750652221223 6.026216321780685E-4 
-0.007054413809897621 5.620644551894613E-5 
-0.0075936649262947215 6.122871149489061E-5 
-0.009001812202505375 8.50323876529784E-5 
-0.007824091319615792 6.437241698077631E-5 
-0.008764864376209302 8.161208628283348E-5 
-0.007983417896991746 6.777327768779103E-5 
-0.012681152073426079 2.037991724881914E-4 
-0.012830206954901108 2.2169635025914044E-4 
-0.010727898422498355 1.22653036976919E-4 
-0.012737358256496599 2.1153433351141161E-4 
-0.014675229927245601 6.282315085889411E-4 
-0.008150424911637139 6.991397696935256E-5 
-0.012972306436577067 2.278442912213349E-4 
-0.013283966108001245 2.6087952808123856E-4 
-0.013215146564123528 2.541337823437567E-4 
-0.010861435032480236 1.2572551356093982E-4 
-0.014330428649940743 5.307874632054636E-4 
-0.014510131603251764 5.486031414052097E-4 
-0.012069931019249231 1.6950996985041258E-4 
-0.013536534907457307 2.7271009801265513E-4 
-0.014601408166992343 6.114352901598491E-4 
-0.010622878632513766 1.180096175562034E-4 
-0.010273095697855058 1.1245787949110784E-4 
-0.010407068589590607 1.1381156153409392E-4 
-0.008288460279237807 7.232551314836577E-5 
-0.013833848700019944 2.884280597401643E-4 
-0.0128139082687386 2.1580909440861384E-4 
-0.01256291977540562 1.9992797986014235E-4 
-0.014719781789828773 6.455153369783171E-4 
-0.013164452835221054 2.4903744401349965E-4 
-0.011937404584127783 1.6415970892874252E-4 
-0.013754622044491419 2.8470085571241383E-4 
-0.01441291314169688 5.347132254501671E-4 
-0.014628515603657268 6.175439664324904E-4 
-0.009767782852187138 9.981054965567846E-5 
-0.011562547480895101 1.49113155419938E-4 
-0.010527492168236235 1.1609742443676743E-4 
-0.009895927480301861 1.0210824877637426E-4 
-0.012463011374597556 1.8994832703700268E-4 
-0.008378002621966904 7.457027112579143E-5 
-0.008666615245099166 7.838022837433202E-5 
-0.007603114097303838 6.265133300129381E-5 
-0.013059030123484878 2.3585659288553575E-4 
-0.011212947478888671 1.3571710074555859E-4 
-0.013885047926883047 2.9328520675650537E-4 
-0.013992701142337645 3.003943554779059E-4 
-0.012143707749124278 1.7124865007084344E-4 
-0.009135999029114652 9.061224266365965E-5 
-0.012995885854228378 2.3207251082478297E-4 
-0.013944255937889068 2.9614586458933404E-4 
-0.013603405087926023 2.7598028928501147E-4 
-0.012290422650128573 1.7961779218146937E-4 
-0.011420164315679143 1.4495995066803925E-4 
-0.009272536337628801 9.317488693417638E-5 
-0.009123361211292612 8.7779645867024E-5 
-0.013100063551840957 2.449977253044361E-4 
-0.014773687324996124 6.514220876381372E-4 
-0.011096380757593647 1.3182566381006393E-4 
-0.010941268214005978 1.2988020603760876E-4 
-0.014693083717537761 6.323698234146507E-4 
-0.013064058307941852 2.420383748823564E-4 
-0.011843823473109315 1.6025358958582557E-4 
-0.010157004194675386 1.0993057163502766E-4 
-0.011359109696316474 1.3963949944024404E-4 
-0.008493350522827275 7.661069554091935E-5 
-0.0095445984874361 9.629913950667595E-5 
-0.014566556749162244 6.036819671029041E-4 
-0.013431953908151113 2.677029501302464E-4 
-0.011477303906549566 1.4659008003356194E-4 
-0.013367412455460725 2.646781048314398E-4 
-0.013693931066722533 2.804925497017551E-4 
-0.01173634951570482 1.5887172093842418E-4 
-0.00941521115939471 9.556156003760707E-5 
-0.014123680017689953 3.1266387679824634E-4 
-0.011655373726471574 1.5266372419680765E-4 
-0.014479224160852403 5.441451927796158E-4 
-0.012408939306100467 1.8822999651806313E-4 
-0.012205252829152713 1.7553410070181584E-4 
-0.012560499639480858 1.9484460081563328E-4 
-0.008565811988651587 7.711284850397241E-5 
-0.014106848703378264 3.115795850268661E-4 
-0.01115887485522325 1.3531444957495226E-4 
-0.009635055685955976 9.946105565515242E-5 
-0.011002094904083758 1.308082782903937E-4 
-0.013662700411358461 2.789247848162569E-4 
-0.01444749446657501 5.396116846365468E-4 
-0.014076588578069676 3.056779140832665E-4 
-0.012389540432828684 1.8361186303590883E-4 
-0.014765976312957736 6.495732861962705E-4 
-0.014715780280232345 6.376734597077739E-4 
-0.014561749803374413 5.56740682879769E-4 
-0.010103195066129618 1.066511146780406E-4 
-0.011366024723874399 1.399109585268077E-4 
