0.11881340089626746 0.0 0.0 0.0 0.110716485441348 0.0 0.0 0.0 0.0 0.0 0.11331423111482493 
0.0 0.2999999999996505 0.0 0.0 0.0 0.0 0.0 0.35 0.35 0.0 0.0 
0.2999999999996803 0.0 0.0 0.0 0.0 0.0 0.0 0.35 0.35 0.0 0.0 
0.0 0.1934435973623923 0.0 0.0 0.0 0.0 0.10647373163072457 0.35 0.3250870095318232 0.0 0.0 
0.29515894627956124 0.0 0.0 0.0 0.0 0.0 0.13275319912668157 0.0 0.17201600884564525 0.0 0.12515732507524513 
0.35 0.0 0.0 0.0 0.0 0.0 0.1545034545902272 0.0 0.20397688721571663 0.0 0.1456803421638627 
0.3203365952293378 0.0 0.0 0.0 0.0 0.0 0.0 0.11246070549680363 0.20276050134862997 0.0 0.11057806154586128 
0.0 0.26444126468361495 0.0 0.0 0.0 0.0 0.0 0.35 0.35 0.0 0.0 
0.0 0.19331659785591046 0.0 0.0 0.0 0.0 0.10896258784148191 0.35 0.3475534144112177 0.0 0.0 
0.3423256635227741 0.0 0.0 0.0 0.0 0.0 0.0 0.16129987707005394 0.1775588022813056 0.0 0.14819497404748722 
0.32618753367944214 0.0 0.0 0.10460492009686716 0.0 0.0 0.11748267784891073 0.1270582666176521 0.1438161483319979 0.0 0.12524181592186634 
0.0 0.1785929162071881 0.0 0.0 0.0 0.0 0.11273357296399523 0.35 0.34466041757710747 0.0 0.0 
0.21839352741986132 0.0 0.0 0.0 0.0 0.0 0.0 0.3499768100996021 0.324518116363917 0.0 0.10711154611661955 
0.14922716319008986 0.0 0.128615728182495 0.10345123820297406 0.0 0.0 0.12724400656461027 0.12100493464714021 0.0 0.0 0.0 
0.35 0.0 0.0 0.0 0.0 0.0 0.159017676683915 0.0 0.18640936359305002 0.0 0.15065355046539197 
0.0 0.28061325331699916 0.0 0.0 0.0 0.0 0.0 0.35 0.35 0.0 0.0 
0.35 0.0 0.0 0.0 0.0 0.0 0.0 0.2506694821250341 0.17962495269486842 0.0 0.13678566059806035 
0.3473635306474494 0.0 0.0 0.0 0.0 0.0 0.0 0.3268246126433033 0.20786879515895682 0.0 0.11794306155029045 
0.33224218497925706 0.0 0.0 0.0 0.0 0.0 0.0 0.35 0.30256711107055234 0.0 0.0 
0.2878686912447639 0.0 0.0 0.0 0.0 0.0 0.0 0.35 0.2612797960932624 0.0 0.10070068591409768 
0.35 0.0 0.0 0.0 0.0 0.0 0.0 0.33006257064979155 0.20992976657773416 0.0 0.10905375654340618 
0.35 0.0 0.0 0.0 0.0 0.0 0.0 0.1686294351323732 0.19911438313879506 0.0 0.1458111038746356 
0.34508015248265417 0.0 0.0 0.0 0.0 0.0 0.0 0.16801819177491673 0.17921284625117945 0.0 0.10726155449240064 
0.33690672550181416 0.0 0.0 0.0 0.0 0.0 0.0 0.35 0.26911955483315064 0.0 0.0 
0.0 0.1812607660425109 0.0 0.0 0.0 0.0 0.11704931305711225 0.3490757823191243 0.3481289421871562 0.0 0.0 
0.0 0.17701602385707385 0.0 0.0 0.0 0.0 0.11173818797010367 0.346909662856394 0.3416172264617667 0.0 0.0 
0.0 0.27419115540474615 0.0 0.0 0.0 0.0 0.0 0.35 0.35 0.0 0.0 
0.0 0.27077842684235426 0.0 0.0 0.0 0.0 0.0 0.35 0.35 0.0 0.0 
0.35 0.0 0.0 0.0 0.0 0.0 0.14994872358585196 0.0 0.17577823244638202 0.0 0.16122311705985579 
0.2771051942304187 0.0 0.0 0.10274167009041033 0.0 0.0 0.0 0.3366631908962636 0.17907934981160348 0.0 0.10177363866075155 
0.35 0.0 0.0 0.0 0.0 0.0 0.0 0.35 0.1858896953912245 0.0 0.11190484323284314 
0.32702612993922925 0.0 0.0 0.10235166868608293 0.0 0.0 0.0 0.2597152528292939 0.14027004861732795 0.0 0.13060459610112035 
0.2347963121584522 0.0 0.0 0.0 0.0 0.0 0.0 0.3499029146617034 0.3100953910700258 0.0 0.10520538210981863 
0.3490790730881559 0.0 0.0 0.0 0.0 0.0 0.0 0.16448200522687947 0.1818735966603721 0.0 0.15315372532452518 
0.35 0.0 0.0 0.0 0.0 0.0 0.0 0.35 0.2869818183434607 0.0 0.0 
0.35 0.0 0.0 0.0 0.0 0.0 0.0 0.21892310835076206 0.1568761089222035 0.0 0.14776205548521923 
0.3112924797530698 0.0 0.0 0.0 0.0 0.0 0.0 0.35 0.33650387113214547 0.0 0.0 
0.30524823099439824 0.0 0.0 0.0 0.0 0.0 0.0 0.35 0.3433095394748805 0.0 0.0 
0.30703865588231355 0.0 0.0 0.11059261774123702 0.0 0.0 0.0 0.3271753910308017 0.1447034854884774 0.0 0.11048984985717036 
0.33378216270471683 0.0 0.0 0.0 0.0 0.0 0.0 0.320569856320862 0.24305830361529 0.0 0.10258967735913127 
0.35 0.0 0.0 0.0 0.0 0.0 0.0 0.22384189566545082 0.17288475624245248 0.0 0.12716226080099705 
0.3139185490731582 0.0 0.0 0.10410837091412908 0.0 0.0 0.0 0.3099147330311092 0.1343274453497511 0.0 0.12562167127585755 
0.3444128131703009 0.0 0.0 0.10779330126127568 0.0 0.0 0.0 0.2735232834966285 0.14772765117211373 0.0 0.12639613240464975 
0.0 0.29058744484381677 0.0 0.0 0.0 0.0 0.0 0.35 0.35 0.0 0.0 
0.3093394905013886 0.0 0.0 0.0 0.0 0.0 0.0 0.34953800503932014 0.2403129916041904 0.0 0.10080951285510086 
0.25741257775024873 0.0 0.0 0.0 0.0 0.0 0.0 0.34360285564663245 0.2968333816900988 0.0 0.1007654344797651 
0.34069191833763707 0.0 0.0 0.0 0.0 0.0 0.0 0.32041145110587066 0.2037913629741979 0.0 0.12634732176611893 
0.3402579881817175 0.0 0.0 0.10083851398242535 0.0 0.0 0.11369591853317323 0.12296286222642241 0.13918059567503463 0.0 0.12120496026071147 
0.32781738428477464 0.0 0.0 0.0 0.0 0.0 0.0 0.35 0.207028635284345 0.0 0.11337994338789627 
0.29863124790170137 0.0 0.0 0.0 0.0 0.0 0.0 0.34473825671043423 0.2369332833165238 0.0 0.11969721207134072 
0.256061840455273 0.0 0.0 0.0 0.0 0.0 0.0 0.3453227507925592 0.29834041484132007 0.0 0.1002749939108476 
0.35 0.0 0.0 0.0 0.0 0.0 0.0 0.2159780855947417 0.2009561715075209 0.0 0.1394843073244517 
0.24728920193264856 0.0 0.0 0.0 0.0 0.0 0.0 0.35 0.30002441345410186 0.0 0.10261427928129975 
0.35 0.0 0.0 0.0 0.0 0.0 0.0 0.3448279316420682 0.27648796119454744 0.0 0.0 
0.35 0.0 0.0 0.0 0.0 0.0 0.0 0.26122515319543205 0.18530789741721695 0.0 0.12149960163715272 
0.3078961596122707 0.0 0.0 0.10211109755250526 0.0 0.0 0.0 0.30396915502212907 0.1317504323201905 0.0 0.12321167469749514 
0.3375661261243169 0.0 0.0 0.0 0.0 0.0 0.0 0.35 0.306944984523014 0.0 0.0 
0.28869386388501445 0.0 0.0 0.0 0.0 0.0 0.0 0.3460346455264665 0.2579850977319935 0.0 0.10098934339369878 
0.35 0.0 0.0 0.0 0.0 0.0 0.0 0.18333645270477963 0.1850866690237572 0.0 0.15759142185001557 
0.35 0.0 0.0 0.0 0.0 0.0 0.0 0.2796194897103444 0.2001749764105215 0.0 0.13080616934891007 
0.35 0.0 0.0 0.0 0.0 0.0 0.0 0.28508292777489025 0.21840685544674365 0.0 0.1388875832356324 
0.3211624727894813 0.0 0.0 0.10051647865404693 0.0 0.0 0.0 0.25505849589236634 0.13775497291489605 0.0 0.1282628242865544 
0.315077946195158 0.0 0.0 0.0 0.0 0.0 0.0 0.34767609765514385 0.3260040559041065 0.0 0.0 
0.35 0.0 0.0 0.0 0.0 0.0 0.0 0.2030853556393686 0.1921996550984562 0.0 0.12978121849280833 
0.35 0.0 0.0 0.0 0.0 0.0 0.0 0.2845488693188129 0.201853275003985 0.0 0.13234779976441624 
0.3130620430562065 0.0 0.0 0.0 0.0 0.0 0.0 0.34775054917145837 0.23597280384323088 0.0 0.1000417400670985 
0.31836279500428094 0.0 0.0 0.11795981162261751 0.0 0.0 0.0 0.29085751793862313 0.1518875818221336 0.0 0.12093229361234493 
0.31961771585214316 0.0 0.0 0.0 0.0 0.0 0.0 0.35 0.2856195367347115 0.0 0.0 
0.0 0.2954792898998823 0.0 0.0 0.0 0.0 0.0 0.34954536415367754 0.34954536415367754 0.0 0.0 
0.29972139484369054 0.0 0.0 0.10602737898696078 0.0 0.0 0.0 0.3457461711992399 0.14132850427397503 0.0 0.10717655069613376 
0.3467156519193237 0.0 0.0 0.10851403690622628 0.0 0.0 0.0 0.2575869015508083 0.14871539885864665 0.0 0.13846801076499518 
0.24127106771382537 0.0 0.0 0.0 0.0 0.0 0.0 0.34735365139840996 0.3078361507052071 0.0 0.10353913018255767 
0.0 0.2861609838208931 0.0 0.0 0.0 0.0 0.0 0.35 0.35 0.0 0.0 
0.3435470801415493 0.0 0.0 0.0 0.0 0.0 0.0 0.3232213143678798 0.20582543252277571 0.0 0.1274061729677953 
0.2878633982482138 0.0 0.0 0.0 0.0 0.0 0.0 0.3450392316358315 0.2572429698752046 0.0 0.10069883434635396 
0.3001153615105551 0.0 0.0 0.11101318992214315 0.0 0.0 0.0 0.3450726870956913 0.13684856568347173 0.0 0.10695019578813866 
0.0 0.2970924967479903 0.0 0.0 0.0 0.0 0.0 0.35 0.35 0.0 0.0 
0.2690796127751648 0.0 0.0 0.0 0.0 0.0 0.0 0.3489938050134196 0.2804016789438121 0.0 0.10152490326760355 
0.35 0.0 0.0 0.0 0.0 0.0 0.0 0.23298989938526343 0.19421490191650606 0.0 0.1294417135900662 
0.35 0.0 0.0 0.0 0.0 0.0 0.0 0.27730095426462126 0.19568550598444684 0.0 0.12897668951330887 
0.0 0.1929606211825352 0.0 0.0 0.0 0.0 0.10876194216505077 0.35 0.3468745856932659 0.0 0.0 
0.23020073879675249 0.0 0.0 0.0 0.0 0.0 0.0 0.3481355774394151 0.3193019096767202 0.0 0.10236177408711225 
0.30728063338269224 0.0 0.0 0.0 0.0 0.0 0.0 0.34012605142374275 0.2348784082745598 0.0 0.11771490691900517 
0.3205010623643486 0.0 0.0 0.0 0.0 0.0 0.0 0.35 0.3285305458683556 0.0 0.0 
0.30145561107338226 0.0 0.0 0.0 0.0 0.0 0.0 0.23893042346136745 0.12514383740585222 0.0 0.12026190833765528 
0.26033297284685136 0.0 0.0 0.0 0.0 0.0 0.0 0.35 0.27404461963982657 0.0 0.11481061844757345 
0.3171839591851613 0.0 0.0 0.0 0.0 0.0 0.0 0.35 0.3281831001210018 0.0 0.0 
0.23010952335228352 0.0 0.0 0.0 0.0 0.0 0.0 0.3483806954318398 0.31918536803616976 0.0 0.10232441317970697 
0.35 0.0 0.0 0.0 0.0 0.0 0.0 0.17657759851764354 0.20588770890494318 0.0 0.14684791696305008 
0.287870105352958 0.0 0.0 0.1054119090647404 0.0 0.0 0.0 0.341400631986926 0.15993823240189603 0.0 0.10537912119347977 
0.30655154971997145 0.0 0.0 0.0 0.0 0.0 0.0 0.2084400599282622 0.1728739244038687 0.0 0.11774137581389671 
0.2704017780600145 0.0 0.0 0.0 0.0 0.0 0.0 0.3494106988515925 0.2791427215379238 0.0 0.10104480155046905 
0.3133619549592023 0.0 0.0 0.1096039077118503 0.0 0.0 0.0 0.30526950681647314 0.1642184778579446 0.0 0.10754615265452977 
0.29444853876472 0.0 0.0 0.10145216035728372 0.0 0.0 0.0 0.24915608898865163 0.13346707304172917 0.0 0.1246616500414543 
0.33673615337708174 0.0 0.0 0.0 0.0 0.0 0.0 0.21062664397539915 0.15119703231880036 0.0 0.14216236051195327 
0.2605444800068621 0.0 0.0 0.0 0.0 0.0 0.0 0.35 0.27426726680811414 0.0 0.1149038961740995 
0.35 0.0 0.0 0.0 0.0 0.0 0.0 0.22549947448121035 0.16158860700961203 0.0 0.1522007709062587 
0.3258558464945522 0.0 0.0 0.0 0.0 0.0 0.0 0.35 0.3145750675841923 0.0 0.0 
0.0 0.28668709274558735 0.0 0.0 0.0 0.0 0.0 0.3499283928631396 0.3499283928631396 0.0 0.0 
0.3180157410535036 0.0 0.0 0.10545738284936976 0.0 0.0 0.0 0.3131849639865717 0.13608065596267038 0.0 0.1272612561478846 
