-0.01487996315903729 6.763246056511909E-4 
-0.006729016073894837 4.448221640055637E-5 
-0.006729016073894837 4.448221640055637E-5 
-0.01487996315903729 6.763246056511909E-4 
-0.014574319863835785 6.115901833267986E-4 
-0.014568894416268451 5.323254999258946E-4 
-0.014635854262297139 6.601724625938532E-4 
-0.014635769128857648 6.204411612388669E-4 
-0.013950090196322552 4.2213801152318656E-4 
-0.009845264829855926 1.0600147240008532E-4 
-0.014157343370569586 4.426621757985802E-4 
-0.014157793886577863 4.736600325334153E-4 
-0.010040295372893637 1.1267870718279932E-4 
-0.008257539052072556 5.861126742758969E-5 
-0.013784806635503426 3.815259500260491E-4 
-0.01389463770118853 3.9315526328617315E-4 
-0.009378172248069468 8.638081502503281E-5 
-0.009718482315560224 9.599166891248627E-5 
-0.01304987947595608 2.959739512454385E-4 
-0.010922588382115857 1.5560887953433746E-4 
-0.01126389719454062 1.7223148216486908E-4 
-0.014463576635977119 5.058103135589317E-4 
-0.00850774905176747 6.688977572618967E-5 
-0.013458673536990711 3.502336670703388E-4 
-0.007074688627914881 4.624797751045313E-5 
-0.01368884471722785 3.7171512718524216E-4 
-0.013359533542412852 3.383452682575134E-4 
-0.006854276838669423 4.4880609908355805E-5 
-0.00797550789317451 5.800735761707149E-5 
-0.012443679472612882 2.468821568804438E-4 
-0.011906690739174757 2.1233440887647888E-4 
-0.010708605623418924 1.402918477640807E-4 
-0.013134775798710224 3.0228438953982015E-4 
-0.011443570800842079 1.838904158578929E-4 
-0.013285678765098095 3.211788371716901E-4 
-0.014784853031838876 6.698815326705029E-4 
-0.01013667147110309 1.226680909338525E-4 
-0.011332344838835766 1.769972231318841E-4 
-0.014510027903088727 5.161183998003469E-4 
-0.010663207827537876 1.380691026255425E-4 
-0.010502207224482666 1.3103124035046928E-4 
-0.0074483712897043825 5.076199564093546E-5 
-0.011110281228500999 1.626990351698351E-4 
-0.01232677212998734 2.4164010490090748E-4 
-0.010310504116939411 1.2860544812597592E-4 
-0.007712272555712384 5.7218847903629314E-5 
-0.012713148420559928 2.664306883041862E-4 
-0.013335099405223516 3.311361379485623E-4 
-0.007394055356734205 4.9935579552411814E-5 
-0.013604969439920282 3.664298202227433E-4 
-0.01278112032699504 2.715951472016557E-4 
-0.011443570800842079 1.838904158578929E-4 
-0.009605762394953452 9.183058908052964E-5 
-0.01169482863261991 1.9714994573534735E-4 
-0.01470150529125135 6.643925608245295E-4 
-0.00908021298916873 7.853410641371965E-5 
-0.008907846537173903 7.415954055027803E-5 
-0.012067560827036961 2.1895352642854174E-4 
-0.009122941789312049 7.869856202501692E-5 
-0.012922873408079742 2.8656773993084494E-4 
-0.014530157086312277 5.259291443509643E-4 
-0.008872553085824512 7.347240475632736E-5 
-0.013883390136887455 3.919776931657604E-4 
-0.014391200816148213 4.941105116829303E-4 
-0.010876127554965014 1.4878019884577206E-4 
-0.008681423510943054 7.151306217524881E-5 
-0.010210161493805622 1.2510021165574144E-4 
-0.011110281228500999 1.626990351698351E-4 
-0.01402865468260003 4.2937011616526723E-4 
-0.007645436837815671 5.474359846716172E-5 
-0.014097295821922429 4.3707023905820185E-4 
-0.01355997846483828 3.591386402091236E-4 
-0.009296265765145553 8.291033830146119E-5 
-0.01253426117703687 2.5328844275722255E-4 
-0.01169482863261991 1.9714994573534735E-4 
-0.013221291433495938 3.097350686646359E-4 
-0.007201752004782682 4.7264404796833105E-5 
-0.012146556883478841 2.270410330289066E-4 
-0.007906766224052553 5.7583207779217864E-5 
-0.0084092451625602 6.091330506425854E-5 
-0.008681423510943054 7.151306217524881E-5 
-0.012184661696634052 2.3160200216130913E-4 
-0.014377588276282391 4.925035796212837E-4 
-0.013237597373608377 3.124695826518629E-4 
-0.01263057301965763 2.6028320070173316E-4 
-0.012082130635828699 2.1988044293280061E-4 
-0.009605762394953452 9.183058908052964E-5 
-0.011738595973135254 1.9946404070825374E-4 
-0.012858558684878523 2.775934745541351E-4 
-0.012915600238354419 2.855517223146955E-4 
-0.014879963159037288 6.763246056511908E-4 
-0.014290653968802941 4.86673796917942E-4 
-0.008423228492182182 6.13811259104613E-5 
-0.010458158919652096 1.290569915640384E-4 
-0.014593692120752896 6.168096747463747E-4 
-0.014033245898866103 4.3459229003065095E-4 
-0.012556630367718952 2.5489619514930514E-4 
-0.007201752004782682 4.7264404796833105E-5 
-0.010876127554965014 1.4878019884577206E-4 
-0.014176412849551755 4.806525082726512E-4 
