0.0 0.3000000000000001 0.0 0.0 0.0 0.0 0.0 0.35 0.35 0.0 0.0 
0.11663729023100347 0.11314878927328767 0.11681268479604041 0.35 0.0 0.0 0.0 0.2034012356996685 0.1 0.0 0.0 
0.0 0.3000000000000001 0.0 0.0 0.0 0.0 0.0 0.35 0.35 0.0 0.0 
0.11663729023100347 0.11314878927328767 0.11681268479604041 0.35 0.0 0.0 0.0 0.2034012356996685 0.1 0.0 0.0 
0.0 0.18087961294663044 0.0 0.0 0.0 0.0 0.11912038705336968 0.35 0.35 0.0 0.0 
0.1 0.2000000000000001 0.0 0.0 0.0 0.0 0.0 0.35 0.35 0.0 0.0 
0.0 0.3173012393904022 0.0 0.0 0.0 0.0 0.0 0.3326987606095978 0.35 0.0 0.0 
0.0 0.19999999999999996 0.0 0.0 0.0 0.0 0.1 0.35 0.35 0.0 0.0 
0.10321985550119303 0.0 0.0 0.2176370218094218 0.0 0.0 0.0 0.35 0.32914312268938517 0.0 0.0 
0.1 0.10012453322700443 0.0 0.0 0.0 0.0 0.0 0.35 0.34574601478890904 0.0 0.10412945198408666 
0.0 0.19024380005054026 0.0 0.10975619994945977 0.0 0.0 0.0 0.35 0.35 0.0 0.0 
0.1 0.0 0.0 0.32381236165923866 0.0 0.0 0.0 0.35 0.22618763834076142 0.0 0.0 
0.0 0.0 0.0 0.3153109267097858 0.0 0.0 0.0 0.33468907329021425 0.35 0.0 0.0 
0.0 0.15415109692124085 0.0 0.14584890307875914 0.0 0.0 0.0 0.35 0.35 0.0 0.0 
0.1 0.10127602651628685 0.0 0.2796516563054672 0.0 0.0 0.0 0.169072317178246 0.35 0.0 0.0 
0.0 0.0 0.0 0.32800178982079664 0.0 0.0 0.0 0.3219982101792034 0.35 0.0 0.0 
0.1 0.10072148473941833 0.0 0.0 0.0 0.0 0.0 0.344489746389758 0.35 0.0 0.10478876887082367 
0.10021611501567532 0.1018180100610557 0.10091798133375103 0.35 0.0 0.0 0.0 0.24704789358951806 0.1 0.0 0.0 
0.0 0.1 0.0 0.20415402789090867 0.0 0.0 0.0 0.3458459721090914 0.35 0.0 0.0 
0.0 0.15825961593494625 0.0 0.14222290785164202 0.0 0.0 0.0 0.35 0.3495174762134118 0.0 0.0 
0.0 0.0 0.0 0.33352540662582353 0.0 0.0 0.0 0.31647459337417644 0.35 0.0 0.0 
0.0 0.0 0.0 0.307158359319183 0.0 0.0 0.0 0.35 0.3428416406808171 0.0 0.0 
0.10000431820405291 0.0 0.0 0.34279926891438656 0.0 0.0 0.0 0.35 0.2071964128815606 0.0 0.0 
0.1 0.0 0.0 0.35 0.0 0.0 0.0 0.31589521523927094 0.23410478476072913 0.0 0.0 
0.1470351628257793 0.0 0.10658674756354837 0.35 0.0 0.0 0.0 0.28076710911738645 0.11561098049328593 0.0 0.0 
0.1282393092634919 0.0 0.12739943880719762 0.35 0.0 0.0 0.0 0.27228971782849065 0.12207153410081983 0.0 0.0 
0.10697128951885515 0.10685212014566266 0.0 0.1 0.0 0.0 0.0 0.3361765903354822 0.35 0.0 0.0 
0.1 0.10004324088746959 0.0 0.28593989644926454 0.0 0.0 0.0 0.16401686266326587 0.35 0.0 0.0 
0.1 0.10000000009805413 0.0 0.100000172361133 0.0 0.0 0.0 0.35 0.34999982754081294 0.0 0.0 
0.10433459565137518 0.0 0.0 0.19566540434862492 0.0 0.0 0.0 0.35 0.35 0.0 0.0 
0.0 0.10437869711862902 0.0 0.20551040066302395 0.0 0.0 0.0 0.34011090221834706 0.35 0.0 0.0 
0.16330573196995507 0.13669426803004503 0.0 0.0 0.0 0.0 0.0 0.35 0.35 0.0 0.0 
0.11742547403468385 0.1 0.0 0.35 0.0 0.0 0.0 0.22848043953668334 0.20409408642863297 0.0 0.0 
0.11693043336549097 0.0 0.0 0.18306956663450907 0.0 0.0 0.0 0.35 0.35 0.0 0.0 
0.11684748984963386 0.1 0.10176598172057859 0.35 0.0 0.0 0.0 0.23135666699659638 0.10002986143319115 0.0 0.0 
0.0 0.0 0.0 0.32168241528921937 0.0 0.0 0.0 0.32831758471078065 0.35 0.0 0.0 
0.1063090780093935 0.1 0.0 0.2683942211855366 0.0 0.0 0.0 0.1752967008050699 0.35 0.0 0.0 
0.1190408337180547 0.0 0.0 0.35 0.0 0.0 0.0 0.31721544907945515 0.2137437172024902 0.0 0.0 
0.1 0.0 0.0 0.2047316340284807 0.0 0.0 0.0 0.35 0.3452683659715193 0.0 0.0 
0.12410577401545937 0.1758942259845406 0.0 0.0 0.0 0.0 0.0 0.35 0.35 0.0 0.0 
0.1 0.0 0.0 0.21624332873645685 0.0 0.0 0.0 0.33375667126354314 0.35 0.0 0.0 
0.1 0.0 0.0 0.2047316340284807 0.0 0.0 0.0 0.35 0.3452683659715193 0.0 0.0 
0.0 0.0 0.0 0.33728474998177416 0.0 0.0 0.0 0.31271525001822587 0.35 0.0 0.0 
0.1575493018800496 0.15665502601877906 0.0 0.0 0.0 0.0 0.0 0.3357956721011713 0.35 0.0 0.0 
0.10621483746473338 0.1 0.0 0.24623314837385157 0.0 0.0 0.0 0.19755201416141502 0.35 0.0 0.0 
0.10528737393803568 0.10197781747645676 0.0 0.1 0.0 0.0 0.0 0.3427348085855075 0.35 0.0 0.0 
0.13650499151814843 0.0 0.1221041168272414 0.35 0.0 0.0 0.0 0.26298223225793277 0.12840865939667734 0.0 0.0 
0.10013103986137292 0.1 0.0 0.10382204500301775 0.0 0.0 0.0 0.34604691513560937 0.35 0.0 0.0 
0.1 0.11272669420703525 0.0 0.35 0.0 0.0 0.0 0.1932893762896422 0.24398392950332257 0.0 0.0 
0.1 0.10000815418618496 0.0 0.35 0.0 0.0 0.0 0.2321084133714462 0.21788343244236885 0.0 0.0 
0.0 0.0 0.0 0.34057960791142694 0.0 0.0 0.0 0.3094203920885731 0.35 0.0 0.0 
0.0 0.11010408498355748 0.0 0.18989591501644254 0.0 0.0 0.0 0.35 0.35 0.0 0.0 
0.0 0.0 0.0 0.3161248672979694 0.0 0.0 0.0 0.35 0.3338751327020306 0.0 0.0 
0.11644416642396818 0.1835558335760319 0.0 0.0 0.0 0.0 0.0 0.35 0.35 0.0 0.0 
0.1108232516171163 0.1 0.0 0.35 0.0 0.0 0.0 0.1749170631680623 0.26425968521482135 0.0 0.0 
0.0 0.3077779787731674 0.0 0.0 0.0 0.0 0.0 0.34222202122683265 0.35 0.0 0.0 
0.0 0.0 0.0 0.3229928186828699 0.0 0.0 0.0 0.32700718131713014 0.35 0.0 0.0 
0.1 0.10132251355596161 0.0 0.35 0.0 0.0 0.0 0.22925411611572508 0.21942337032831324 0.0 0.0 
0.1167201395132442 0.1 0.11000657863987749 0.35 0.0 0.0 0.0 0.22258680718006696 0.1006864746668114 0.0 0.0 
0.1 0.10000004756971953 0.0 0.35 0.0 0.0 0.0 0.20464505487379414 0.24535489755648632 0.0 0.0 
0.10532711116183059 0.19467288883816947 0.0 0.0 0.0 0.0 0.0 0.35 0.35 0.0 0.0 
0.19033676408798209 0.10966323591201803 0.0 0.0 0.0 0.0 0.0 0.35 0.35 0.0 0.0 
0.10012037512092904 0.1 0.0 0.35 0.0 0.0 0.0 0.14174722330296174 0.30813240157610927 0.0 0.0 
0.0 0.1 0.0 0.20000000000000004 0.0 0.0 0.0 0.35 0.35 0.0 0.0 
0.1 0.11272669420703525 0.0 0.35 0.0 0.0 0.0 0.1932893762896422 0.24398392950332257 0.0 0.0 
0.10186801156558856 0.1 0.0 0.21022887620137654 0.0 0.0 0.0 0.237903112233035 0.35 0.0 0.0 
0.11129742492843495 0.1 0.0 0.35 0.0 0.0 0.0 0.17426597624008103 0.2644365988314841 0.0 0.0 
0.1 0.10127602651628685 0.0 0.2610550264916367 0.0 0.0 0.0 0.18766894699207648 0.35 0.0 0.0 
0.1 0.0 0.0 0.35 0.0 0.0 0.0 0.35 0.20000000000000012 0.0 0.0 
0.14062577915637697 0.15937422084362307 0.0 0.0 0.0 0.0 0.0 0.35 0.35 0.0 0.0 
0.155076869969764 0.15500409493411246 0.0 0.0 0.0 0.0 0.0 0.33991903509612353 0.35 0.0 0.0 
0.10137428709200695 0.1 0.0 0.22885602545092532 0.0 0.0 0.0 0.21976968745706776 0.35 0.0 0.0 
0.11302801088045972 0.1 0.11214302585663671 0.35 0.0 0.0 0.0 0.2048733764540153 0.11995558680888825 0.0 0.0 
0.10000419265958581 0.1 0.0 0.35 0.0 0.0 0.0 0.24591594855543977 0.20407985878497448 0.0 0.0 
0.0 0.10127602651628687 0.0 0.1987239734837132 0.0 0.0 0.0 0.35 0.35 0.0 0.0 
0.1 0.10905411495190974 0.0 0.24989548456816943 0.0 0.0 0.0 0.19105040047992078 0.35 0.0 0.0 
0.0 0.10271536124630526 0.0 0.35 0.0 0.0 0.0 0.19728463875369476 0.35 0.0 0.0 
0.11663729023100347 0.11175018600918157 0.11661369095324348 0.35 0.0 0.0 0.0 0.2049988328065715 0.1 0.0 0.0 
0.1 0.10244028038084076 0.0 0.23030855909285053 0.0 0.0 0.0 0.21725116052630866 0.35 0.0 0.0 
0.0 0.0 0.0 0.3112318218139589 0.0 0.0 0.0 0.3387681781860411 0.35 0.0 0.0 
0.1 0.10600996007047872 0.0 0.2529396394496005 0.0 0.0 0.0 0.19105040047992078 0.35 0.0 0.0 
0.0 0.0 0.0 0.34837519372411097 0.0 0.0 0.0 0.30162480627588906 0.35 0.0 0.0 
0.14360697017688004 0.15639302982311998 0.0 0.0 0.0 0.0 0.0 0.35 0.35 0.0 0.0 
0.0 0.3059734934014241 0.0 0.0 0.0 0.0 0.0 0.3440265065985759 0.35 0.0 0.0 
0.11327575088497559 0.1 0.11204714709215413 0.35 0.0 0.0 0.0 0.20776088777943827 0.11691621424343204 0.0 0.0 
0.1 0.10127602651628685 0.0 0.2624632251312915 0.0 0.0 0.0 0.18626074835242165 0.35 0.0 0.0 
0.10000000152590763 0.1 0.0 0.10000016467379132 0.0 0.0 0.0 0.3499998338003011 0.35 0.0 0.0 
0.1 0.10004114239801362 0.10159969520430968 0.35 0.0 0.0 0.0 0.21957741104917278 0.12878175134850403 0.0 0.0 
0.10010161965082962 0.1 0.10123430717022897 0.35 0.0 0.0 0.0 0.22891668341817506 0.11974738976076638 0.0 0.0 
0.1 0.0 0.0 0.33211702338292826 0.0 0.0 0.0 0.35 0.2178829766170718 0.0 0.0 
0.0 0.10298123549103352 0.0 0.32557575824171703 0.0 0.0 0.0 0.22144300626724947 0.35 0.0 0.0 
0.10010161965082962 0.1 0.10123430717022897 0.35 0.0 0.0 0.0 0.22891668341817506 0.11974738976076638 0.0 0.0 
0.0 0.0 0.0 0.30071702545469337 0.0 0.0 0.0 0.34928297454530666 0.35 0.0 0.0 
0.1 0.0 0.0 0.35 0.0 0.0 0.0 0.3378473741966008 0.21215262580339928 0.0 0.0 
0.10000419169898245 0.1 0.0 0.35 0.0 0.0 0.0 0.24624862582386087 0.20374718247715679 0.0 0.0 
0.1 0.0 0.0 0.35 0.0 0.0 0.0 0.3458888194769052 0.20411118052309485 0.0 0.0 
0.12935610204591236 0.0 0.0 0.1706438979540877 0.0 0.0 0.0 0.35 0.35 0.0 0.0 
0.11679601098819134 0.1 0.11003586558614128 0.35 0.0 0.0 0.0 0.22245122445898197 0.1007168989666855 0.0 0.0 
0.0 0.0 0.0 0.34453072589207256 0.0 0.0 0.0 0.30546927410792746 0.35 0.0 0.0 
0.0 0.3000256640246706 0.0 0.0 0.0 0.0 0.0 0.34997433597532934 0.35 0.0 0.0 
