0.0 0.30000000000000027 0.0 0.0 0.0 0.0 0.0 0.35 0.35 0.0 0.0 
0.0 0.0 0.13993006766590754 0.0 0.18203085204137653 0.26065800607484074 0.10057578518973694 0.10134209119282485 0.0 0.21546319783531337 0.0 
0.0 0.30000000000000027 0.0 0.0 0.0 0.0 0.0 0.35 0.35 0.0 0.0 
0.0 0.0 0.13993006766590754 0.0 0.18203085204137653 0.26065800607484074 0.10057578518973694 0.10134209119282485 0.0 0.21546319783531337 0.0 
0.0 0.19987442250101406 0.0 0.0 0.0 0.0 0.10012557749898596 0.35 0.35 0.0 0.0 
0.0 0.2999999999999998 0.0 0.0 0.0 0.0 0.0 0.35 0.35 0.0 0.0 
0.0 0.1005901303204805 0.0 0.0 0.0 0.0 0.20769602430824957 0.34171384537126986 0.35 0.0 0.0 
0.0 0.0 0.0 0.0 0.0 0.0 0.29999999999999993 0.35 0.35 0.0 0.0 
0.0 0.0 0.13789993861139485 0.0 0.11249899411189797 0.2832193424766589 0.10067457603558479 0.10081528473965834 0.10365916333781722 0.1612327006869879 0.0 
0.0 0.0 0.11905758918753687 0.0 0.1136314470191676 0.2653226703027593 0.11323182852460814 0.10685088048810876 0.10645051218676105 0.17545507229105828 0.0 
0.0 0.1893756985678211 0.0 0.0 0.0 0.0 0.11062430143217895 0.35 0.35 0.0 0.0 
0.0 0.0 0.19241494849210095 0.0 0.0 0.12183799145861123 0.0 0.23020672383537982 0.33907908530014014 0.11646125091376797 0.0 
0.0 0.0 0.13843580384843546 0.0 0.17706959885681 0.2486434067974123 0.11183950386611158 0.10632890082908913 0.0 0.21768278580214168 0.0 
0.0 0.0 0.1971669742653014 0.0 0.0 0.0 0.0 0.35 0.35 0.10283302573469863 0.0 
0.0 0.0 0.1693020180673192 0.0 0.0 0.0 0.134040780899529 0.3483755447531985 0.34828165627995333 0.0 0.0 
0.0 0.0 0.18876964764289436 0.0 0.0 0.18365686692265065 0.0 0.1797469052290408 0.347802273972167 0.10002430623324704 0.0 
0.0 0.0 0.19424782839369514 0.0 0.0 0.10870326198634021 0.0 0.3470489096199648 0.35 0.0 0.0 
0.0 0.0 0.19749784437119972 0.0 0.1018189465907694 0.2434266782291583 0.0 0.12302708311884128 0.1813666961560582 0.15286275153397305 0.0 
0.0 0.0 0.1903825940660176 0.0 0.0 0.24858945944657873 0.0 0.1626142335054524 0.29478934010178964 0.10362437288016166 0.0 
0.0 0.0 0.11765720707900115 0.0 0.11236481807246272 0.25103148626149785 0.10792589269487718 0.13243084822485557 0.10519841734990029 0.17339133031740542 0.0 
0.0 0.0 0.20341623924044377 0.0 0.10586286548557644 0.2330750991305458 0.0 0.13986019492438387 0.16346280291381943 0.15432279830523066 0.0 
0.0 0.0 0.19590716950941664 0.0 0.0 0.26562351905718135 0.0 0.15642210588954217 0.275956222582645 0.10609098296121475 0.0 
0.0 0.1009786496108579 0.0 0.0 0.0 0.0 0.20454234712468247 0.34979343823221953 0.34468556503224 0.0 0.0 
0.0 0.18381158729674169 0.0 0.0 0.0 0.0 0.11618841270325841 0.35 0.35 0.0 0.0 
0.0 0.0 0.10023679147415704 0.0 0.0 0.0 0.1997632085258431 0.35 0.35 0.0 0.0 
0.0 0.15163831506417433 0.0 0.0 0.0 0.0 0.14836168493582577 0.35 0.35 0.0 0.0 
0.0 0.0 0.13573482621538083 0.0 0.11407133337033447 0.24875247614522225 0.100767136898622 0.10829513674173423 0.1257347602491423 0.16664433037956383 0.0 
0.0 0.0 0.19856827864771937 0.0 0.10333986632865898 0.22752028747957137 0.0 0.14257948431250206 0.17657167003766372 0.15142041319388433 0.0 
0.0 0.0 0.12856696404375142 0.0 0.0 0.0 0.17143303595624873 0.35 0.35 0.0 0.0 
0.0 0.0 0.0 0.0 0.0 0.0 0.3025298193859301 0.34747018061406987 0.34999999999999987 0.0 0.0 
0.0 0.0 0.19464130191570383 0.0 0.0 0.11756434165161374 0.0 0.23722361940217965 0.3429310547420614 0.10763968228844135 0.0 
0.0 0.0 0.19961422966177916 0.0 0.0 0.12563298518227792 0.0 0.21910159198831705 0.345087292682325 0.11056390048530086 0.0 
0.0 0.19807581284174972 0.0 0.0 0.0 0.0 0.10192418715825027 0.3499999999999999 0.3499999999999999 0.0 0.0 
0.0 0.1236661450830647 0.0 0.0 0.0 0.0 0.1763338549169353 0.35 0.35 0.0 0.0 
0.0 0.0 0.1697665708212295 0.0 0.0 0.12169514443711686 0.0 0.24814879020609032 0.3432760571783991 0.11711343735716406 0.0 
0.0 0.0 0.1800309822181158 0.0 0.0 0.1386791473645287 0.0 0.33289956026557566 0.3483903101517799 0.0 0.0 
0.0 0.0 0.13508550097921512 0.0 0.11352564146836895 0.2475624995944474 0.10028508931519182 0.11696062586306241 0.12513327310564779 0.16144736967406648 0.0 
0.0 0.0 0.13737843570472 0.0 0.16903098388024307 0.25237651537407124 0.10006879185039183 0.1334386636663902 0.0 0.20770660952418393 0.0 
0.0 0.0 0.0 0.0 0.0 0.0 0.1999008812780239 0.35 0.35 0.10009911872197622 0.0 
0.0 0.0 0.13558183976693583 0.0 0.1672051023959497 0.2532219462487069 0.10101807228342574 0.13722718954280944 0.0 0.2057458497621723 0.0 
0.0 0.0 0.19390331604800726 0.0 0.0 0.16354393208770288 0.0 0.1963239464753835 0.34485179557430956 0.10137700981459666 0.0 
0.0 0.0 0.166822678332986 0.0 0.0 0.0 0.0 0.35 0.35 0.1331773216670141 0.0 
0.0 0.0 0.2215824886633615 0.0 0.0 0.12274175179709644 0.0 0.3068766485345894 0.34879911100495276 0.0 0.0 
0.0 0.0 0.0 0.0 0.0 0.0 0.13420756616395357 0.34395460263211847 0.34860772021945136 0.0 0.17323011098447655 
0.0 0.0 0.17835739304175283 0.0 0.0 0.28004622359724435 0.0 0.14117589846092016 0.2973713822891773 0.1030491026109053 0.0 
0.0 0.0 0.20763121889366584 0.0 0.0 0.0 0.0 0.33644707236254107 0.34513822603563366 0.11078348270815938 0.0 
0.0 0.0 0.19856514829108024 0.0 0.100814713660713 0.2186657100423394 0.0 0.14257723659882715 0.18800898826585674 0.15136820314118343 0.0 
0.0 0.0 0.2007772737397078 0.0 0.0 0.14019692969466996 0.0 0.2135045841586348 0.3365046693167486 0.1090165430902389 0.0 
0.0 0.16053655478844664 0.0 0.0 0.0 0.0 0.13946344521155338 0.35 0.35 0.0 0.0 
0.0 0.0 0.0 0.0 0.0 0.0 0.11244336937281754 0.35 0.35 0.0 0.1875566306271827 
0.0 0.0 0.20367000710494176 0.0 0.0 0.12780916795910982 0.0 0.21658068845431705 0.34135291865472667 0.11058721782690474 0.0 
0.0 0.0 0.18834701151262312 0.0 0.0 0.17677838666296058 0.0 0.19232197219203925 0.339410474724929 0.10314215490744788 0.0 
0.0 0.16784757989623464 0.0 0.0 0.0 0.0 0.1321524201037654 0.35 0.35 0.0 0.0 
0.0 0.0 0.1794409188845059 0.0 0.0 0.28212229021548385 0.0 0.1236199816711959 0.31062098701777946 0.10419582221103481 0.0 
0.0 0.0 0.1821068814757323 0.0 0.0 0.1937444911884119 0.0 0.16870626777455092 0.34260446633073044 0.11283789323057446 0.0 
0.0 0.0 0.16497165255264368 0.0 0.0 0.1233590282536071 0.0 0.256329610942935 0.34312520945217817 0.11221449879863608 0.0 
0.0 0.0 0.19666651255799764 0.0 0.0 0.21240025064343326 0.0 0.15000547492933347 0.33605939818700187 0.1048683636822338 0.0 
0.0 0.0 0.20632735829931634 0.0 0.0 0.12908274542166934 0.0 0.3145898962790143 0.35 0.0 0.0 
0.0 0.0 0.16393698244717336 0.0 0.0 0.12258534443096887 0.0 0.26099376692352266 0.3409731949020413 0.11151071129629393 0.0 
0.0 0.12015533557264385 0.0 0.0 0.0 0.0 0.17984466442735614 0.35 0.35 0.0 0.0 
0.0 0.13530760198774117 0.0 0.0 0.0 0.0 0.16469239801225885 0.35 0.35 0.0 0.0 
0.0 0.0 0.1350575155491004 0.0 0.1694465388024539 0.24106454866716415 0.11547378683478693 0.11509672024714666 0.0 0.22386088989934785 0.0 
0.0 0.0 0.16102316655693993 0.0 0.0 0.2921574031720706 0.0 0.11476137075933104 0.30331227126416155 0.1287457882474968 0.0 
0.0 0.17024232206954298 0.0 0.0 0.0 0.0 0.12975767793045703 0.35 0.35 0.0 0.0 
0.0 0.0 0.20472029521779228 0.0 0.0 0.17837131294346398 0.0 0.15608041238444462 0.35 0.11082797945429924 0.0 
0.0 0.11080607525766725 0.0 0.0 0.0 0.0 0.19152811056876917 0.34883290708678183 0.34883290708678183 0.0 0.0 
0.0 0.0 0.2254779932070871 0.0 0.0 0.12489959854173178 0.0 0.3036475414126766 0.3459748668385045 0.0 0.0 
0.0 0.0 0.13528513718983484 0.0 0.16975358673155688 0.2416669087338458 0.1157014370429431 0.1153236270893016 0.0 0.2222693032125178 0.0 
0.0 0.0 0.1903165899261316 0.0 0.0 0.0 0.0 0.3285480970476454 0.35 0.0 0.13113531302622292 
0.0 0.0 0.16854157434216757 0.0 0.0 0.2632636961879845 0.0 0.1468667653580336 0.31708354821140755 0.10424441590040681 0.0 
0.0 0.0 0.18077565467591186 0.0 0.0 0.0 0.0 0.34518135526935684 0.34548564683447 0.0 0.1285573432202614 
0.0 0.1111767999873229 0.0 0.0 0.0 0.0 0.18882320001267713 0.35 0.35 0.0 0.0 
0.0 0.0 0.2270025814704056 0.0 0.0 0.13422716748847222 0.0 0.2887702510411221 0.35 0.0 0.0 
0.0 0.0 0.1769132723718083 0.0 0.0 0.29463895496341624 0.0 0.14104484789486207 0.2841720308648559 0.10323089390505766 0.0 
0.0 0.0 0.19227406309957373 0.0 0.0 0.12550792150414747 0.0 0.34724335552054963 0.33497465987572916 0.0 0.0 
0.0 0.0 0.18844305185677823 0.0 0.0 0.1367118222457395 0.0 0.3248451258974823 0.35 0.0 0.0 
0.0 0.0 0.19193282707360926 0.0 0.0 0.12007722320208704 0.0 0.3379899497243038 0.35 0.0 0.0 
0.0 0.0 0.2093611931580799 0.0 0.0 0.14416503644838022 0.0 0.29647377039353995 0.35 0.0 0.0 
0.0 0.0 0.17458730425780095 0.0 0.0 0.10922549842698162 0.0 0.2639242217082799 0.3499770479158148 0.1022859276911228 0.0 
0.0 0.0 0.19058083152619157 0.0 0.0 0.3009419086192494 0.0 0.10520979452172283 0.28721198176187673 0.11605548357095957 0.0 
0.0 0.17725464189416107 0.0 0.0 0.0 0.0 0.12274535810583893 0.35 0.35 0.0 0.0 
0.0 0.0 0.18778110281835034 0.0 0.0 0.1765899509779001 0.0 0.18303051599211972 0.35 0.10259843021163009 0.0 
0.0 0.0 0.12378135820762778 0.0 0.0 0.0 0.17621864179237212 0.35 0.35 0.0 0.0 
0.0 0.0 0.19568187371977885 0.0 0.0 0.26912490281859486 0.0 0.10258497177768668 0.3238717518762718 0.10873649980766771 0.0 
0.0 0.14338665580098942 0.0 0.0 0.0 0.0 0.15661334419901068 0.35 0.35 0.0 0.0 
0.0 0.0 0.22562894387166377 0.0 0.0 0.13791284887616878 0.0 0.2864582072521675 0.35 0.0 0.0 
0.0 0.17645966196107446 0.0 0.0 0.0 0.0 0.1235403380389256 0.35 0.35 0.0 0.0 
0.0 0.0 0.19086870080281126 0.0 0.0 0.30484609838051663 0.0 0.10649042180837297 0.2802336805072837 0.11756109850101547 0.0 
0.0 0.13530760198774117 0.0 0.0 0.0 0.0 0.16469239801225888 0.35 0.35 0.0 0.0 
0.0 0.0 0.17666772715090323 0.0 0.0 0.1068644011344328 0.0 0.2670692040723774 0.34802356398487727 0.10137510365740925 0.0 
0.0 0.0 0.18591230650116308 0.0 0.0 0.1373958363775897 0.0 0.3266918571212473 0.35 0.0 0.0 
0.0 0.14338665580098942 0.0 0.0 0.0 0.0 0.15661334419901068 0.35 0.35 0.0 0.0 
0.0 0.0 0.18870751803998392 0.0 0.0 0.0 0.0 0.3296981440030528 0.35 0.0 0.13159433795696335 
0.0 0.0 0.20552078036293878 0.0 0.0 0.1936544103174898 0.0 0.1555254771705571 0.335620811780821 0.1096785203681933 0.0 
0.0 0.0 0.2108102077216624 0.0 0.0 0.14066409046168968 0.0 0.29852570181664795 0.35 0.0 0.0 
0.0 0.0 0.20021718937971056 0.0 0.0 0.13212716283806242 0.0 0.31769731567560405 0.34995833210662297 0.0 0.0 
0.0 0.0 0.18322450256372513 0.0 0.0 0.0 0.0 0.3458424306010212 0.3406342425567589 0.0 0.13029882427849473 
0.0 0.0 0.1821068814757323 0.0 0.0 0.1937444911884119 0.0 0.16870626777455092 0.34260446633073044 0.11283789323057446 0.0 
0.0 0.0 0.1856481973678388 0.0 0.0 0.11926311906172372 0.0 0.2433803238651078 0.3438053271956016 0.10790303250972816 0.0 
0.0 0.0 0.1906367603753601 0.0 0.0 0.21268336292490872 0.0 0.1550623648078653 0.3364487532358891 0.10516875865597679 0.0 
