0.0 0.30000000000000027 0.0 0.0 0.0 0.0 0.0 0.35 0.35 0.0 0.0 
0.0 0.30000000000000027 0.0 0.0 0.0 0.0 0.0 0.35 0.35 0.0 0.0 
0.0 0.0 0.20252111486622365 0.0 0.12851151122676244 0.28133998439214436 0.0 0.10058912770352645 0.10120080530137261 0.1858374565099704 0.0 
0.0 0.29999999999999977 0.0 0.0 0.0 0.0 0.0 0.35 0.35 0.0 0.0 
0.0 0.19970628111792488 0.0 0.0 0.0 0.0 0.1002937188820752 0.35 0.35 0.0 0.0 
0.0 0.10035426305211734 0.0 0.0 0.0 0.0 0.204624187997299 0.3450215489505837 0.3499999999999999 0.0 0.0 
0.0 0.0 0.0 0.0 0.0 0.0 0.29999999999999993 0.35 0.35 0.0 0.0 
0.0 0.0 0.19976715276781012 0.0 0.11153188984385395 0.23426516822333834 0.0 0.1391457501504357 0.15723897724012953 0.15805106177443234 0.0 
0.0 0.16843872178718147 0.0 0.0 0.0 0.0 0.13156127821281857 0.35 0.35 0.0 0.0 
0.0 0.0 0.12440235499629797 0.0 0.0 0.0 0.17559764500370204 0.35 0.35 0.0 0.0 
0.0 0.0 0.1942627246514846 0.0 0.0 0.2790644641618932 0.0 0.13030049156418932 0.2908041257397203 0.10556819388271273 0.0 
0.0 0.0 0.1976469635947532 0.0 0.0 0.0 0.0 0.3413334160323797 0.35 0.0 0.11101962037286715 
0.17828366115894229 0.0 0.0 0.0 0.0 0.0 0.13014029989627487 0.3415760389447828 0.35 0.0 0.0 
0.0 0.0 0.21011717764946589 0.0 0.10107534442289669 0.220264371682986 0.0 0.14158789655528364 0.17511215877149913 0.15184305091786862 0.0 
0.0 0.0 0.0 0.0 0.0 0.0 0.19967965571928079 0.35 0.35 0.10032034428071927 0.0 
0.0 0.0 0.17922962424913 0.0 0.0 0.2371112958935117 0.0 0.15056500129478523 0.3320937827500531 0.10100029581252012 0.0 
0.0 0.0 0.17512717991766988 0.0 0.0 0.0 0.0 0.3484920243587344 0.34815387876083514 0.0 0.1282269169627606 
0.0 0.0 0.20197635507702327 0.0 0.0 0.2872144535314574 0.0 0.1257877602735023 0.27532249462910435 0.10969893648891262 0.0 
0.0 0.0 0.19615336649530332 0.0 0.0 0.15635514359632566 0.0 0.20008321367003257 0.339585257533313 0.10782301870502549 0.0 
0.0 0.0 0.18085175104220838 0.0 0.0 0.11008292157409126 0.0 0.27201030414046173 0.33371148585717675 0.10334353738606206 0.0 
0.0 0.12307203825013177 0.0 0.0 0.0 0.0 0.1769279617498682 0.35 0.35 0.0 0.0 
0.0 0.0 0.19858666245272805 0.0 0.10606342866354881 0.20822878472238807 0.0 0.1373043726697641 0.1922544929586721 0.15756225853289899 0.0 
0.0 0.0 0.18301096704409045 0.0 0.0 0.13556999552559484 0.0 0.2241822609338527 0.34953855067928813 0.10769822581717381 0.0 
0.0 0.0 0.0 0.0 0.0 0.0 0.30501463486929986 0.34498536513070016 0.35 0.0 0.0 
0.0 0.0 0.17194267826441892 0.0 0.0 0.2285419104176451 0.0 0.15073277286966857 0.34800597131691324 0.10077666713135423 0.0 
0.0 0.0 0.19483583023337456 0.0 0.11297598759374157 0.24042654194063626 0.0 0.1265724133405064 0.1599712950894042 0.16521793180233715 0.0 
0.0 0.13190865704529436 0.0 0.0 0.0 0.0 0.16809134295470568 0.35 0.35 0.0 0.0 
0.0 0.0 0.18437910206771685 0.0 0.0 0.183195385380409 0.0 0.20165989827556674 0.3297685435686768 0.10099707070763056 0.0 
0.0 0.15673218433368577 0.0 0.0 0.0 0.0 0.14326781566631425 0.35 0.35 0.0 0.0 
0.0 0.0 0.18920314735301721 0.0 0.0 0.21592889360214002 0.0 0.1656378943294063 0.32834637669935135 0.10088368801608522 0.0 
0.0 0.16186629549381362 0.0 0.0 0.0 0.0 0.13813370450618642 0.35 0.35 0.0 0.0 
0.0 0.178965346857751 0.0 0.0 0.0 0.0 0.12103465314224907 0.35 0.35 0.0 0.0 
0.0 0.0 0.18838075516236624 0.0 0.0 0.2688654679415917 0.0 0.12861451522023937 0.3106637237316922 0.10347553794411045 0.0 
0.0 0.1380892513778226 0.0 0.0 0.0 0.0 0.16191074862217744 0.35 0.35 0.0 0.0 
0.0 0.0 0.19892991933595577 0.0 0.0 0.10107008066404428 0.0 0.3499999999999999 0.3499999999999999 0.0 0.0 
0.0 0.0 0.19785191905162627 0.0 0.0 0.18045945227744076 0.0 0.20044553258272238 0.3179979646667929 0.10324513142141753 0.0 
0.0 0.0 0.1918916932004341 0.0 0.12311169091153655 0.282142888257312 0.0 0.10806894520577429 0.11485724695532772 0.17992753546961537 0.0 
0.0 0.0 0.19900246168402147 0.0 0.11084297345883248 0.24788269834128165 0.0 0.122940226120283 0.1603377134303437 0.15899392696523773 0.0 
0.0 0.0 0.1853850246532361 0.0 0.0 0.26378416754583733 0.0 0.14350516139177757 0.30544116470692323 0.10188448170222572 0.0 
0.0 0.0 0.16916104912380361 0.0 0.0 0.13150467005911773 0.0 0.2501365875849398 0.3431127732178429 0.10608492001429588 0.0 
0.0 0.0 0.17521781855028465 0.0 0.0 0.10689272666593215 0.0 0.2772004061373865 0.33957989779412573 0.101109150852271 0.0 
0.0 0.0 0.18909506995835765 0.0 0.10186190720685748 0.23900719615877647 0.0 0.17183430964234547 0.15024378375415828 0.14795773327950476 0.0 
0.0 0.0 0.19890685752845583 0.0 0.0 0.18354572642747802 0.0 0.271897701880161 0.34564971416390516 0.0 0.0 
0.0 0.14949325394941668 0.0 0.0 0.0 0.0 0.15072146495245042 0.3497852810981329 0.35 0.0 0.0 
0.0 0.0 0.20516764667596438 0.0 0.13205138702641492 0.2631397298625837 0.0 0.10386233414103015 0.10380000295933689 0.19197889933466997 0.0 
0.0 0.11534899876901575 0.0 0.0 0.0 0.0 0.18465100123098427 0.35 0.35 0.0 0.0 
0.0 0.0 0.17185550007163206 0.0 0.0 0.0 0.13342487548865636 0.3473598122198558 0.3473598122198558 0.0 0.0 
0.0 0.0 0.17209199673242992 0.0 0.0 0.14049068228651815 0.0 0.3409606672227205 0.3464566537583314 0.0 0.0 
0.0 0.0 0.19226624402367562 0.0 0.0 0.27776373914209884 0.0 0.11145234865620841 0.2878154679590377 0.1307022002189795 0.0 
0.0 0.14512335732480108 0.0 0.0 0.0 0.0 0.15487664267519902 0.35 0.35 0.0 0.0 
0.1548937555047405 0.0 0.0 0.0 0.0 0.0 0.14545993756437564 0.35 0.3496463069308839 0.0 0.0 
0.0 0.0 0.18863146575814163 0.0 0.0 0.13973352188591381 0.0 0.2106292375460091 0.35 0.11100577480993548 0.0 
0.0 0.0 0.20338005677036006 0.0 0.0 0.11389418550158577 0.0 0.3327257577280542 0.35 0.0 0.0 
0.0 0.0 0.20747619706146095 0.0 0.0 0.13864545277097215 0.0 0.3063565141873042 0.34752183598026265 0.0 0.0 
0.0 0.0 0.19479332748548372 0.0 0.11534321684786956 0.28109710880976313 0.0 0.11343980861386196 0.12984444274836435 0.1654820954946573 0.0 
0.0 0.0 0.19116853327903416 0.0 0.10297884234648902 0.23074771979975325 0.0 0.17371850545112905 0.15243900660001586 0.14894739252357878 0.0 
0.0 0.0 0.14354680464952535 0.0 0.0 0.0 0.15645319535047467 0.35 0.35 0.0 0.0 
0.0 0.0 0.1908981301831496 0.0 0.0 0.21188150463849093 0.0 0.178837751349542 0.31692191431666256 0.10146069951215482 0.0 
0.0 0.0 0.18646166952450924 0.0 0.0 0.2066735230241648 0.0 0.17427587204228548 0.3306211626067085 0.10196777280233202 0.0 
0.0 0.1961843482226229 0.0 0.0 0.0 0.0 0.10381565177737717 0.35 0.35 0.0 0.0 
0.0 0.19970628111792488 0.0 0.0 0.0 0.0 0.10029371888207518 0.35 0.35 0.0 0.0 
0.0 0.0 0.19352041938374348 0.0 0.11218584917657419 0.2808581417915628 0.0 0.11309290584762731 0.11702277682289249 0.18331990697759967 0.0 
0.0 0.0 0.1846159688946223 0.0 0.0 0.1687798754808541 0.0 0.22739705674537308 0.3136188636182078 0.10558823526094249 0.0 
0.0 0.10444883160504058 0.0 0.0 0.0 0.0 0.19555116839495948 0.34999999999999987 0.35 0.0 0.0 
0.0 0.0 0.20084302121733702 0.0 0.0 0.12520056152949655 0.0 0.3283224424065604 0.3456339748466061 0.0 0.0 
0.0 0.0 0.17635546504384694 0.0 0.0 0.101623281913988 0.0 0.2789482203171899 0.3414299648800124 0.10164306784496284 0.0 
0.0 0.0 0.22700496385244667 0.0 0.0 0.1270672410160798 0.0 0.29596247414731885 0.34996532098415467 0.0 0.0 
0.0 0.0 0.19163512537459096 0.0 0.0 0.0 0.0 0.33064929483581607 0.35 0.0 0.127715579789593 
0.0 0.0 0.18872027224259882 0.0 0.10589025333775248 0.2632262879135195 0.0 0.11766397777885859 0.15018194537628904 0.17431726335098163 0.0 
0.0 0.1007775118294962 0.0 0.0 0.0 0.0 0.20274579477142915 0.34647669339907466 0.35 0.0 0.0 
0.1767393706485251 0.0 0.0 0.0 0.0 0.0 0.12901302648913135 0.3472792978316549 0.3469683050306885 0.0 0.0 
0.0 0.10883249749576701 0.0 0.0 0.0 0.0 0.19116750250423303 0.35 0.35 0.0 0.0 
0.0 0.0 0.1904014819372491 0.0 0.11245419183869715 0.28056743195752853 0.0 0.12237643871990382 0.12661537902138037 0.16758507652524116 0.0 
0.0 0.0 0.1840537128570967 0.0 0.0 0.24187665342917347 0.0 0.14785898070668305 0.3193661253330215 0.10684452767402534 0.0 
0.0 0.18443553438268379 0.0 0.0 0.0 0.0 0.11556446561731623 0.35 0.35 0.0 0.0 
0.0 0.0 0.22001739303295217 0.0 0.1020664136904441 0.2549792098959591 0.0 0.11341090905331831 0.14150364210386773 0.16802243222345864 0.0 
0.0 0.0 0.19732081018334527 0.0 0.0 0.11505644477081889 0.0 0.34734765906088727 0.34027508598494843 0.0 0.0 
0.0 0.0 0.20048390326306612 0.0 0.0 0.16795318143299148 0.0 0.17454317680425688 0.35 0.1070197384996856 0.0 
0.0 0.18618677109192286 0.0 0.0 0.0 0.0 0.11381322890807723 0.35 0.35 0.0 0.0 
0.0 0.0 0.18773311077574814 0.0 0.0 0.18535282001939676 0.0 0.27691406920485506 0.35 0.0 0.0 
0.0 0.0 0.18665242764255513 0.0 0.0 0.0 0.0 0.35 0.35 0.11334757235744491 0.0 
0.0 0.0 0.20090416747244072 0.0 0.0 0.13411722283208236 0.0 0.22122344760832294 0.34219126253199955 0.10156389955515442 0.0 
0.0 0.0 0.199562372192447 0.0 0.0 0.16718117893014345 0.0 0.17562875684837317 0.35 0.10762769202903642 0.0 
0.0 0.0 0.21057641241624592 0.0 0.0 0.17265833759647553 0.0 0.1721331022387418 0.3429679982977031 0.10166414945083375 0.0 
0.0 0.0 0.18721042813316968 0.0 0.0 0.18778277275883828 0.0 0.2760540022938683 0.3489527968141237 0.0 0.0 
0.0 0.19078159050146418 0.0 0.0 0.0 0.0 0.10921840949853595 0.35 0.35 0.0 0.0 
0.0 0.0 0.21057641241624592 0.0 0.0 0.17265833759647553 0.0 0.1721331022387418 0.3429679982977031 0.10166414945083375 0.0 
0.0 0.0 0.21144887463275433 0.0 0.0 0.12528884483635716 0.0 0.19763009262415404 0.35 0.11563218790673449 0.0 
0.0 0.0 0.20917624981194285 0.0 0.0 0.1324121112606051 0.0 0.30841163892745205 0.35 0.0 0.0 
0.0 0.19185733339265004 0.0 0.0 0.0 0.0 0.10814266660735003 0.35 0.35 0.0 0.0 
0.0 0.0 0.18665242764255513 0.0 0.0 0.0 0.0 0.35 0.35 0.11334757235744491 0.0 
0.0 0.0 0.18466089224301152 0.0 0.0 0.25974606403708195 0.0 0.15170712608539985 0.3027142415192116 0.1011716761152951 0.0 
0.0 0.0 0.21061802690192052 0.0 0.0 0.14259969297583763 0.0 0.2967822801222419 0.35 0.0 0.0 
0.0 0.0 0.20419111911215354 0.0 0.0 0.13104109906332612 0.0 0.31476778182452037 0.35 0.0 0.0 
0.0 0.0 0.21516547041288867 0.0 0.0 0.11598907679685694 0.0 0.31926997233173543 0.3495754804585189 0.0 0.0 
0.0 0.0 0.1702874032943525 0.0 0.0 0.13311356890848575 0.0 0.3465990277971618 0.35 0.0 0.0 
0.0 0.17936894716222274 0.0 0.0 0.0 0.0 0.12063105283777731 0.35 0.35 0.0 0.0 
0.0 0.0 0.1706215325342048 0.0 0.0 0.1364118272015566 0.0 0.24415428465850741 0.34582454664437445 0.10298780896135676 0.0 
0.0 0.0 0.1883301889303186 0.0 0.0 0.13409622971812596 0.0 0.23757702744954912 0.3368352021302039 0.10316135177180247 0.0 
0.0 0.0 0.1700561409200561 0.0 0.0 0.27568699563646876 0.0 0.12872348744642367 0.32122670207764803 0.10430667391940356 0.0 
