0.0 0.30000000000000004 0.0 0.0 0.0 0.0 0.0 0.35 0.35 0.0 0.0 
0.0 0.0 0.13645447134717006 0.0 0.10078719470075169 0.21020912294308744 0.0 0.1 0.35 0.1025492110089908 0.0 
0.0 0.0 0.13645447134717006 0.0 0.10078719470075169 0.21020912294308744 0.0 0.1 0.35 0.1025492110089908 0.0 
0.0 0.30000000000000004 0.0 0.0 0.0 0.0 0.0 0.35 0.35 0.0 0.0 
0.0 0.29999999999999993 0.0 0.0 0.0 0.0 0.0 0.35 0.35 0.0 0.0 
0.0 0.19999999999999998 0.0 0.0 0.0 0.0 0.1 0.35 0.35 0.0 0.0 
0.0 0.19999999999999998 0.0 0.0 0.0 0.1 0.0 0.35 0.35 0.0 0.0 
0.0 0.11412967750130282 0.0 0.0 0.0 0.0 0.18587032249869728 0.35 0.35 0.0 0.0 
0.0 0.0 0.1 0.0 0.12137897152088951 0.13525757117939707 0.0 0.18256928384699986 0.35 0.1107941734527136 0.0 
0.0 0.1 0.0 0.0 0.0 0.2102042816909862 0.0 0.3397957183090138 0.35 0.0 0.0 
0.0 0.10000506085958996 0.0 0.0 0.0 0.10002052642831877 0.0 0.35 0.3499744127120913 0.1 0.0 
0.0 0.0 0.11276745815315078 0.0 0.0 0.174574134305454 0.0 0.2624264570869068 0.35 0.10023195045448843 0.0 
0.0 0.0 0.0 0.0 0.0 0.18997048051528503 0.0 0.33662784989037375 0.35 0.12340166959434114 0.0 
0.0 0.0 0.1 0.0 0.1002040913788162 0.18725514349696915 0.0 0.158762704922742 0.35 0.10377806020147266 0.0 
0.0 0.0 0.10000494197785341 0.0 0.0 0.1000047366740239 0.0 0.35 0.3499903213481227 0.1 0.0 
0.0 0.0 0.12960042694226714 0.0 0.0 0.1637371741531751 0.0 0.25666239890455783 0.35 0.1 0.0 
0.0 0.0 0.10772081521855084 0.0 0.10729646710317799 0.18016743988897804 0.0 0.15481527778929316 0.35 0.1 0.0 
0.0 0.0 0.1 0.0 0.0 0.17155012256174612 0.0 0.2673349643296994 0.35 0.11111491310855451 0.0 
0.0 0.0 0.10022318409489626 0.0 0.1 0.111492962538796 0.0 0.23416678678964828 0.35 0.1041170665766595 0.0 
0.0 0.0 0.12132074595003806 0.0 0.0 0.19447764440076848 0.0 0.2342016096491935 0.35 0.1 0.0 
0.0 0.0 0.0 0.0 0.0 0.19444825762291973 0.0 0.3461230818853516 0.35 0.10942866049172871 0.0 
0.0 0.0 0.1 0.0 0.12145928450820163 0.13807439009785596 0.0 0.18992870011011292 0.35 0.10053762528382948 0.0 
0.0 0.0 0.0 0.0 0.10090354702983091 0.1045728077045684 0.0 0.3399974951565039 0.35 0.10452615010909684 0.0 
0.0 0.0 0.0 0.0 0.1043931524418202 0.1359549803663318 0.0 0.3058129446978229 0.35 0.10383892249402511 0.0 
0.0 0.0 0.0 0.0 0.0 0.19226225258329482 0.0 0.3395378007145995 0.35 0.11819994670210568 0.0 
0.0 0.0 0.1 0.0 0.0 0.1570563058653038 0.0 0.2928939074459679 0.35 0.10004978668872838 0.0 
0.0 0.0 0.12811148052117682 0.0 0.0 0.17944302401722984 0.0 0.24207769234135984 0.35 0.10036780312023351 0.0 
0.0 0.11157887145392952 0.0 0.0 0.0 0.18842112854607057 0.0 0.35 0.35 0.0 0.0 
0.0 0.0 0.1 0.0 0.0 0.17605439456232466 0.0 0.27238310510607266 0.35 0.10156250033160277 0.0 
0.0 0.0 0.10176682087731326 0.0 0.1 0.12214470536267927 0.0 0.22519888863613102 0.35 0.1008895851238765 0.0 
0.0 0.0 0.13238411641273334 0.0 0.1 0.19878725807775388 0.0 0.1162572008605941 0.35 0.10257142464891865 0.0 
0.0 0.0 0.1 0.0 0.10005273210779353 0.10004044588538122 0.0 0.2498930285879759 0.35 0.10001379341884939 0.0 
0.0 0.19263643148220588 0.0 0.0 0.0 0.10736356851779415 0.0 0.35 0.35 0.0 0.0 
0.0 0.0 0.12680518207802016 0.0 0.1 0.1991237125873459 0.0 0.12369602905942338 0.35 0.1003750762752106 0.0 
0.0 0.0 0.1 0.0 0.11036661328333455 0.1383767085849728 0.0 0.2006364992081146 0.35 0.10062017892357798 0.0 
0.0 0.0 0.1 0.0 0.0 0.16830947680590427 0.0 0.2803394500557004 0.35 0.10135107313839531 0.0 
0.0 0.0 0.1 0.0 0.10771591008175606 0.1288678812887069 0.0 0.21332718923193722 0.35 0.10008901939759988 0.0 
0.0 0.0 0.1231869674190578 0.0 0.10054591872109718 0.18292313537750488 0.0 0.14334397848234018 0.35 0.1 0.0 
0.0 0.1000066300720591 0.0 0.0 0.0 0.11004948542967147 0.0 0.3399438844982695 0.35 0.1 0.0 
0.0 0.1803115249098379 0.0 0.0 0.0 0.11968847509016219 0.0 0.35 0.35 0.0 0.0 
0.0 0.0 0.12318696741905781 0.0 0.0 0.18198753734248946 0.0 0.24482549523845276 0.35 0.1 0.0 
0.0 0.132241810428027 0.0 0.0 0.0 0.16775818957197305 0.0 0.35 0.35 0.0 0.0 
0.0 0.0 0.0 0.0 0.10771591008175606 0.12767942548502895 0.0 0.31451564503561524 0.35 0.10008901939759988 0.0 
0.0 0.10167927518231845 0.0 0.0 0.0 0.20484429414009095 0.0 0.3434764306775906 0.35 0.0 0.0 
0.0 0.0 0.0 0.0 0.11419171378340555 0.12421633840330548 0.0 0.3115420789362218 0.35 0.1000498688770672 0.0 
0.0 0.0 0.1 0.0 0.1002040913788162 0.18725514349696915 0.0 0.158762704922742 0.35 0.10377806020147266 0.0 
0.0 0.18307141004698918 0.0 0.0 0.0 0.0 0.11692858995301088 0.35 0.35 0.0 0.0 
0.0 0.0 0.10021181711024844 0.0 0.10034312991815554 0.10315844246185289 0.0 0.2462866105097431 0.35 0.1 0.0 
0.0 0.0 0.0 0.0 0.10011135790928292 0.10002099312347218 0.0 0.35 0.34986764896724487 0.1 0.0 
0.0 0.0 0.13238411641273334 0.0 0.1 0.20837004579689233 0.0 0.10656690509066384 0.35 0.10267893269971053 0.0 
0.0 0.0 0.1 0.0 0.0 0.10299686991673301 0.0 0.346703689494136 0.35 0.10029944058913093 0.0 
0.0 0.0 0.1 0.0 0.10834960976022884 0.1383772294453044 0.0 0.2026523680818515 0.35 0.10062079271261525 0.0 
0.0 0.18614943301747836 0.0 0.0 0.0 0.11385056698252163 0.0 0.35 0.35 0.0 0.0 
0.0 0.0 0.10775172084735093 0.0 0.10030117333730831 0.12367337866976053 0.0 0.2182737271455803 0.35 0.1 0.0 
0.0 0.14823156165828116 0.0 0.0 0.0 0.15176843834171894 0.0 0.35 0.35 0.0 0.0 
0.0 0.0 0.10253006021282168 0.0 0.1 0.12204774475999153 0.0 0.22453260990331037 0.35 0.1008895851238765 0.0 
0.0 0.1 0.0 0.0 0.0 0.11176763460914696 0.0 0.336255166014791 0.35 0.10197719937606212 0.0 
0.0 0.0 0.11273185862800551 0.0 0.1 0.1914497588034408 0.0 0.14561646321776867 0.35 0.10020191935078507 0.0 
0.0 0.1 0.0 0.0 0.0 0.20683570457583053 0.0 0.35 0.3431642954241695 0.0 0.0 
0.0 0.1000066300720591 0.0 0.0 0.0 0.1029911591339939 0.0 0.347002210793947 0.35 0.1 0.0 
0.0 0.0 0.1 0.0 0.0 0.16405936392396248 0.0 0.2855080855598454 0.35 0.10043255051619213 0.0 
0.0 0.0 0.12546135800275404 0.0 0.1 0.20401717079381756 0.0 0.11795004655450972 0.35 0.10257142464891865 0.0 
0.0 0.0 0.0 0.0 0.10118966407424099 0.1 0.0 0.34474062678379314 0.35 0.10406970914196594 0.0 
0.0 0.0 0.0 0.0 0.1001976604435756 0.1 0.0 0.34600484456856506 0.35 0.10379749498785926 0.0 
0.0 0.0 0.1 0.0 0.0 0.15221494802017996 0.0 0.2897582238691079 0.35 0.1080268281107122 0.0 
0.0 0.0 0.0 0.0 0.1008299425372005 0.12300268900638345 0.0 0.32519231720318487 0.35 0.10097505125323127 0.0 
0.0 0.16140977496396772 0.0 0.0 0.0 0.13876519872035012 0.0 0.34982502631568213 0.35 0.0 0.0 
0.0 0.0 0.1 0.0 0.11020909247298204 0.13485215117169339 0.0 0.19360467998343642 0.35 0.11133407637188816 0.0 
0.0 0.0 0.12318696741905781 0.0 0.0 0.17600997444995475 0.0 0.25080305813098747 0.35 0.1 0.0 
0.0 0.0 0.12960042593111637 0.0 0.0 0.16959059071543942 0.0 0.2508089833534442 0.35 0.1 0.0 
0.0 0.1 0.0 0.0 0.0 0.20000000000000004 0.0 0.35 0.35 0.0 0.0 
0.0 0.0 0.10019490325823031 0.0 0.1 0.13854169286102963 0.0 0.20787386697438404 0.35 0.10338953690635602 0.0 
0.0 0.0 0.13400067818070788 0.0 0.10000208218512611 0.18451057182388947 0.0 0.13148666781027657 0.35 0.1 0.0 
0.0 0.16302446558613212 0.0 0.0 0.0 0.0 0.13697553441386798 0.35 0.35 0.0 0.0 
0.0 0.0 0.0 0.0 0.11359537748431137 0.1 0.0 0.33629573906530774 0.35 0.10010888345038091 0.0 
0.0 0.0 0.12733292410006494 0.0 0.1 0.17996898016170815 0.0 0.1383191266365822 0.35 0.10437896910164471 0.0 
0.0 0.17149817550357532 0.0 0.0 0.0 0.12850182449642475 0.0 0.35 0.35 0.0 0.0 
0.0 0.1708234208581331 0.0 0.0 0.0 0.1291765791418669 0.0 0.35 0.35 0.0 0.0 
0.0 0.10563387614031972 0.0 0.0 0.0 0.10038838353236332 0.0 0.3413132796202839 0.35 0.10266446070703306 0.0 
0.0 0.15669986169797975 0.0 0.0 0.0 0.0 0.14330013830202026 0.35 0.35 0.0 0.0 
0.0 0.0 0.10022318409489626 0.0 0.1 0.11164631805397163 0.0 0.23722451106177794 0.35 0.10090598678935411 0.0 
0.0 0.1613272430454309 0.0 0.0 0.0 0.13867275695456918 0.0 0.35 0.35 0.0 0.0 
0.0 0.0 0.0 0.0 0.1073995147972361 0.11146724174269212 0.0 0.3311332434600719 0.35 0.1 0.0 
0.0 0.0 0.10250464523021205 0.0 0.10231154408187416 0.1 0.0 0.23951406995558838 0.35 0.10566974073232545 0.0 
0.0 0.0 0.1 0.0 0.10773079266993428 0.12448441846309354 0.0 0.21769576946937236 0.35 0.10008901939759987 0.0 
0.0 0.0 0.1342393165159371 0.0 0.10000208218512611 0.2102637740991794 0.0 0.1054948271997574 0.35 0.1 0.0 
0.0 0.19999999999999998 0.0 0.0 0.0 0.0 0.1 0.35 0.35 0.0 0.0 
0.0 0.0 0.0 0.0 0.1000541951077357 0.10004044588538123 0.0 0.3498915655880337 0.35 0.10001379341884939 0.0 
0.0 0.0 0.0 0.0 0.1 0.10785349105540656 0.0 0.32538604314628555 0.35 0.1167604657983079 0.0 
0.0 0.19670028754858207 0.0 0.0 0.0 0.0 0.103299712451418 0.35 0.35 0.0 0.0 
0.0 0.0 0.12313234753674432 0.0 0.1003840946172578 0.19402659433528202 0.0 0.13245696351071592 0.35 0.1 0.0 
0.0 0.0 0.1 0.0 0.11020909247298204 0.13485215117169339 0.0 0.19360467998343642 0.35 0.11133407637188816 0.0 
0.0 0.0 0.10511534143508214 0.0 0.0 0.16699602417823406 0.0 0.2778886343866839 0.35 0.1 0.0 
0.0 0.0 0.10019490325823031 0.0 0.1 0.13854169286102963 0.0 0.20787386697438415 0.35 0.10338953690635602 0.0 
0.0 0.0 0.0 0.0 0.11003910021906944 0.13414367651969436 0.0 0.29468939649462117 0.35 0.11112782676661506 0.0 
0.0 0.0 0.0 0.0 0.0 0.20000000000000004 0.0 0.35 0.35 0.1 0.0 
0.0 0.0 0.0 0.0 0.0 0.19121538314730602 0.0 0.35 0.35 0.10878461685269401 0.0 
0.0 0.10529775651339889 0.0 0.0 0.0 0.1 0.0 0.3424078744098339 0.35 0.10229436907676723 0.0 
0.0 0.0 0.1331124516456173 0.0 0.10078719470075169 0.21350379482245713 0.0 0.1 0.35 0.10259655883117394 0.0 
0.0 0.0 0.0 0.0 0.10203543903974388 0.12740945783496063 0.0 0.32055510312529556 0.35 0.1 0.0 
