-0.0031729244908365187 3.0050057357739118E-5 
-0.01171352808367975 4.302904682056644E-4 
-0.006221883569905612 3.404596852572207E-5 
-0.007368008275376701 4.108232454446567E-5 
-0.006532458443032883 3.6972970467619946E-5 
-0.007600717251570965 4.209223210175279E-5 
-0.011381736142533724 3.7078581074059363E-4 
-0.00778768370124501 4.9237348372747516E-5 
-0.011036628341492436 2.9187757197220924E-4 
-0.01096461642023483 2.827737642954117E-4 
-0.010567109428952993 2.3117467927852485E-4 
-0.010118412442234805 1.837636325103118E-4 
-0.006408704832440036 3.595730977654399E-5 
-0.011371680390052572 3.541567804322499E-4 
-0.007899180344113814 5.6216421145138896E-5 
-0.008047138111085704 5.783177339971951E-5 
-0.011657518559321862 4.1144297006243715E-4 
-0.009458137142880628 1.2849354758087895E-4 
-0.009079694279957558 1.0452632602275919E-4 
-0.010196571556192593 1.897433244509763E-4 
-0.011610923572923563 4.0335517065900704E-4 
-0.011213620628577637 3.3038176292265656E-4 
-0.00936074829946797 1.2364268186932953E-4 
-0.009888865650460566 1.608952228072016E-4 
-0.008389534652867528 7.603034027875912E-5 
-0.010518028784512023 2.226723743549898E-4 
-0.010019228522703505 1.7203971369289425E-4 
-0.01146079343591379 3.789444513679319E-4 
-0.008469176087540126 7.954720932774289E-5 
-0.009718923301484708 1.4754199783475276E-4 
-0.01083341732377652 2.6242317014413946E-4 
-0.01156711555980015 3.968887397929414E-4 
-0.008974877159329406 1.0277145278695512E-4 
-0.008343328048053376 7.169805672542915E-5 
-0.008875902861471444 1.0121431366673825E-4 
-0.00914684390838496 1.0925119874914812E-4 
-0.01127641511582386 3.3431950961165574E-4 
-0.011292168859543924 3.391192027148496E-4 
-0.00784088416545174 5.1784335365679594E-5 
-0.009491707200368515 1.321999692289775E-4 
-0.010936522654287743 2.7706376040164375E-4 
-0.011341694181522645 3.4660719860118186E-4 
-0.009948587983272132 1.660765827200677E-4 
-0.011500465069751546 3.83896593426615E-4 
-0.011431132024270133 3.7391409311124976E-4 
-0.011076264455617256 2.9827086365456746E-4 
-0.010626532569663137 2.3585866541220632E-4 
-0.008722817203858294 9.27619468413488E-5 
-0.011505814699083673 3.887082129448276E-4 
-0.009563870737072051 1.3571395770834056E-4 
-0.00866987434253662 8.500212877942816E-5 
-0.011083764942853912 3.0148658211950235E-4 
-0.011662446277786249 4.216060357078318E-4 
-0.009792476159735204 1.5365478843022283E-4 
-0.011539902297893437 3.937190287314804E-4 
-0.008092622068706493 6.253996096213148E-5 
-0.011182982553867241 3.18175720716296E-4 
-0.009187880220024038 1.1188351668679197E-4 
-0.011128623691138442 3.0716504448525075E-4 
-0.008255265502355412 6.962339011684995E-5 
-0.008200597217762342 6.759530942223595E-5 
-0.011155115643483333 3.132775187574217E-4 
-0.01166201576450091 4.2135867609313513E-4 
-0.009340941428267684 1.2006372179270345E-4 
-0.011628990834226843 4.0804399581788613E-4 
-0.008702776564311364 8.796625951131384E-5 
-0.00814874462678074 6.411246800554525E-5 
-0.010897669493722333 2.737397831610914E-4 
-0.011323932574231607 3.443140880922996E-4 
-0.010774689808929292 2.541754199235474E-4 
-0.00883721842316636 9.665512881311161E-5 
-0.010873309316219057 2.6906248711542984E-4 
-0.009237435422444847 1.1589285392243624E-4 
-0.009844378010852445 1.5716471803295403E-4 
-0.009965059086700302 1.692252513361251E-4 
-0.008791331752972672 9.558011312897092E-5 
-0.008544461950824912 8.403606981627609E-5 
-0.009272389216413109 1.175004629117296E-4 
-0.011371679247687994 3.541567210365852E-4 
-0.011212628714460982 3.2338563808104214E-4 
-0.010396257170370592 2.0884711676593667E-4 
-0.010325844730801085 2.0150825794513466E-4 
-0.010072114205424967 1.7756561315469577E-4 
-0.009666535744002166 1.4652798722256433E-4 
-0.009593942081600892 1.3883738902179834E-4 
-0.010356790503952868 2.0556302360067764E-4 
-0.010740824827827974 2.501156450221058E-4 
-0.010080484130711215 1.7769748806902252E-4 
-0.010696769121875959 2.443601431801697E-4 
-0.008520120648519144 8.295766218530495E-5 
-0.010728067986233584 2.47884550043847E-4 
-0.010438622507912786 2.1340758832803647E-4 
-0.011138951453209213 3.0976258001884875E-4 
-0.009642413878323451 1.4260325232630394E-4 
-0.010222129150450432 1.9332454301023265E-4 
-0.010475081194677547 2.175638277902478E-4 
-0.010807939529779969 2.5912379009829933E-4 
-0.011195477158656165 3.224120806456178E-4 
-0.010796340666513853 2.57197489718326E-4 
-0.01025901302020346 1.9547411595977537E-4 
