0.0 0.1322364569296472 0.0 0.0 0.16794320525558828 0.0 0.0 0.35 0.0 0.0 0.0 
0.0 0.2999876346639276 0.0 0.0 0.0 0.0 0.0 0.35 0.35 0.0 0.0 
0.0 0.1770626276724355 0.0 0.0 0.1721635534267806 0.0 0.0 0.35 0.0 0.0 0.0 
0.0 0.14811781529638146 0.0 0.0 0.14435207997654986 0.0 0.0 0.35 0.10152431069519986 0.0 0.0 
0.0 0.27568032585143243 0.0 0.0 0.0 0.0 0.0 0.35 0.33539564269603306 0.0 0.0 
0.0 0.19959367480142196 0.0 0.0 0.0 0.0 0.10216643783771595 0.35 0.34823988715075677 0.0 0.0 
0.0 0.18177280656154707 0.0 0.0 0.1431721982095798 0.0 0.0 0.35 0.12051087247551655 0.0 0.0 
0.0 0.18750229853793296 0.0 0.0 0.14926012770469285 0.0 0.0 0.35 0.11181462834043143 0.0 0.0 
0.0 0.20638594465580778 0.0 0.0 0.0 0.1587145270584619 0.0 0.35 0.16945542392807791 0.0 0.0 
0.0 0.20572293420154547 0.0 0.0 0.0 0.15661746201736235 0.0 0.35 0.17925083336571052 0.0 0.0 
0.0 0.23915039688266324 0.0 0.0 0.0 0.17073709932420164 0.0 0.35 0.2183084193442606 0.0 0.0 
0.0 0.1702262047987479 0.0 0.0 0.1637783807192649 0.0 0.0 0.35 0.11322499998743639 0.0 0.0 
0.0 0.24206954772716457 0.0 0.0 0.0 0.0 0.0 0.35 0.35 0.0 0.0 
0.0 0.22146260027263015 0.0 0.0 0.0 0.11149346522292711 0.0 0.34960826962306535 0.3174356648813774 0.0 0.0 
0.0 0.1680799239592082 0.0 0.0 0.15265519431127503 0.0 0.0 0.35 0.1378532449644061 0.0 0.0 
0.0 0.21700481640721386 0.0 0.0 0.0 0.1506239722357619 0.0 0.35 0.1937525779937952 0.0 0.0 
0.0 0.2535860961977145 0.0 0.0 0.0 0.15649738169483396 0.0 0.35 0.2199531389271053 0.0 0.0 
0.0 0.2266426490073757 0.0 0.0 0.0 0.11193159845306687 0.0 0.34992547134061824 0.3115002811989391 0.0 0.0 
0.0 0.2552042630766302 0.0 0.0 0.0 0.12165565434976439 0.0 0.35 0.2688790845822705 0.0 0.0 
0.0 0.2394938511026263 0.0 0.0 0.0 0.13381238884552246 0.0 0.35 0.21456507587225243 0.0 0.0 
0.0 0.22677589305724233 0.0 0.0 0.0 0.11278191896894725 0.0 0.35 0.3063967792928408 0.0 0.0 
0.0 0.15365442479287855 0.0 0.0 0.17486700445002593 0.0 0.0 0.35 0.11755945284416583 0.0 0.0 
0.0 0.21925302010736253 0.0 0.0 0.1139609861933227 0.11563277672669231 0.0 0.35 0.12521690921426692 0.0 0.0 
0.0 0.24113452794646698 0.0 0.0 0.0 0.13420272829096944 0.0 0.35 0.2646183844940666 0.0 0.0 
0.0 0.19692394270519076 0.0 0.0 0.0 0.0 0.10476398088838071 0.35 0.3419597496501141 0.0 0.0 
0.0 0.21175745638445598 0.0 0.0 0.0 0.0 0.10260165276856198 0.35 0.33477650481812926 0.0 0.0 
0.0 0.2520113274032189 0.0 0.0 0.0 0.14088446552761497 0.0 0.35 0.1742075936412038 0.0 0.0 
0.0 0.24525797567925442 0.0 0.0 0.12509686079069582 0.11529330869507144 0.0 0.35 0.1110166945063569 0.0 0.0 
0.0 0.22871259460030302 0.0 0.0 0.12067568922575556 0.12760950145628389 0.0 0.35 0.13589018468163588 0.0 0.0 
0.0 0.18724170802801396 0.0 0.0 0.0 0.12357565109913232 0.0 0.35 0.15402639080610336 0.0 0.0 
0.0 0.23161285284550168 0.0 0.0 0.0 0.1155551295523324 0.0 0.35 0.2823262095033071 0.0 0.0 
0.0 0.23136436179708395 0.0 0.0 0.0 0.1318751141846339 0.0 0.35 0.1931006285360937 0.0 0.0 
0.0 0.24562883664734664 0.0 0.0 0.0 0.11897670924809521 0.0 0.35 0.27494020602655744 0.0 0.0 
0.0 0.20286949971100748 0.0 0.0 0.0 0.15325975437645298 0.0 0.35 0.15800843954329732 0.0 0.0 
0.0 0.22330177224390063 0.0 0.0 0.0 0.16097795026101508 0.0 0.35 0.20275134023086325 0.0 0.0 
0.0 0.22341239669138532 0.0 0.0 0.0 0.1018477418288855 0.0 0.35 0.32126320826352006 0.0 0.0 
0.0 0.22776938365100735 0.0 0.0 0.0 0.10691301005258405 0.0 0.35 0.19846023196778262 0.0 0.0 
0.0 0.25034080173305845 0.0 0.0 0.0 0.0 0.0 0.35 0.35 0.0 0.0 
0.0 0.2521347045914587 0.0 0.0 0.0 0.1201923984402568 0.0 0.35 0.26564504740117206 0.0 0.0 
0.0 0.22122921482578153 0.0 0.0 0.11368667141356119 0.13272881267579786 0.0 0.35 0.1397588041906941 0.0 0.0 
0.0 0.2857853478849387 0.0 0.0 0.0 0.0 0.0 0.35 0.3407604168024652 0.0 0.0 
0.0 0.16359646033026867 0.0 0.0 0.0 0.11954714472138375 0.0 0.35 0.13121212181302935 0.0 0.0 
0.0 0.20211844534125056 0.0 0.0 0.0 0.10116078827014428 0.0 0.35 0.33752547850225645 0.0 0.0 
0.0 0.2112357728107088 0.0 0.0 0.0 0.0 0.10234888435226833 0.35 0.3298594793074353 0.0 0.0 
0.0 0.23251568199185121 0.0 0.0 0.0 0.15137425000626223 0.0 0.35 0.2628102311431982 0.0 0.0 
0.0 0.2389409271734925 0.0 0.0 0.0 0.11823864219289257 0.0 0.35 0.28981214382147463 0.0 0.0 
0.0 0.2231587630469087 0.0 0.0 0.0 0.17430363887784867 0.0 0.35 0.17582815489539763 0.0 0.0 
0.0 0.22777268160683434 0.0 0.0 0.0 0.10818200620242534 0.0 0.35 0.30906109898781436 0.0 0.0 
0.0 0.23678198673936135 0.0 0.0 0.0 0.16388587459092216 0.0 0.35 0.24377151204347206 0.0 0.0 
0.0 0.22021120921699727 0.0 0.0 0.0 0.11654945738670029 0.0 0.35 0.157846681795781 0.0 0.0 
0.0 0.2049961199374303 0.0 0.0 0.12543054179368343 0.0 0.0 0.35 0.14616527589948883 0.0 0.0 
0.0 0.2218389569835168 0.0 0.0 0.11245418415032962 0.10802002709064584 0.0 0.35 0.14746892199962247 0.0 0.0 
0.0 0.2000675835636251 0.0 0.0 0.0 0.16724797671904604 0.0 0.35 0.16575503926279894 0.0 0.0 
0.0 0.2192468997752478 0.0 0.0 0.10992796092197932 0.10641286669260237 0.0 0.35 0.1691121683249995 0.0 0.0 
0.0 0.21187302394167906 0.0 0.0 0.0 0.11088997897429756 0.0 0.35 0.32185305638357686 0.0 0.0 
0.0 0.1989025897856042 0.0 0.0 0.15330274146873432 0.0 0.0 0.35 0.130104093929593 0.0 0.0 
0.0 0.184566374109785 0.0 0.0 0.0 0.10144020826458593 0.0 0.35 0.1598539022161195 0.0 0.0 
0.0 0.2015491036311531 0.0 0.0 0.14145944799335136 0.0 0.0 0.35 0.1306088019459357 0.0 0.0 
0.0 0.2319498719199811 0.0 0.0 0.0 0.15143108985842288 0.0 0.35 0.26112306314937267 0.0 0.0 
0.0 0.2283639221386407 0.0 0.0 0.0 0.14908996210064046 0.0 0.35 0.2570860952327598 0.0 0.0 
0.0 0.21161477155226174 0.0 0.0 0.0 0.0 0.11811024488924508 0.35 0.31671886362199614 0.0 0.0 
0.0 0.19828794880108574 0.0 0.0 0.0 0.0 0.10528150749058829 0.35 0.3458673425122215 0.0 0.0 
0.0 0.19818286502130866 0.0 0.0 0.0 0.0 0.10543373039498682 0.35 0.34414587671081953 0.0 0.0 
0.0 0.21815731443520142 0.0 0.0 0.1105878928787983 0.10622732515400334 0.0 0.35 0.16307416731562552 0.0 0.0 
0.0 0.2740110353791703 0.0 0.0 0.0 0.0 0.0 0.35 0.35 0.0 0.0 
0.0 0.2396230885131787 0.0 0.0 0.0 0.15545055980541933 0.0 0.35 0.23963641449617412 0.0 0.0 
0.0 0.21129064662853236 0.0 0.0 0.0 0.13591440455334797 0.0 0.35 0.1518335677452854 0.0 0.0 
0.0 0.19444356603400115 0.0 0.0 0.0 0.16184542164145835 0.0 0.35 0.1427982542393425 0.0 0.0 
0.0 0.19472328295207336 0.0 0.0 0.0 0.15120092203662458 0.0 0.35 0.13726448172731057 0.0 0.0 
0.0 0.23926457176067117 0.0 0.0 0.0 0.14943365303822292 0.0 0.35 0.2553906467164556 0.0 0.0 
0.0 0.2959866125089572 0.0 0.0 0.0 0.0 0.0 0.35 0.35 0.0 0.0 
0.0 0.2636282693523927 0.0 0.0 0.0 0.1624442720043919 0.0 0.35 0.2184929117322273 0.0 0.0 
0.0 0.21027944904873605 0.0 0.0 0.0 0.1318105846029229 0.0 0.35 0.12817754164579223 0.0 0.0 
0.0 0.2159198711559024 0.0 0.0 0.1631080522689317 0.0 0.0 0.35 0.13883944969853568 0.0 0.0 
0.0 0.23269065614335846 0.0 0.0 0.0 0.11502765560369105 0.0 0.35 0.30141032875899304 0.0 0.0 
0.0 0.21807343639220125 0.0 0.0 0.11054537358001522 0.10618648242466314 0.0 0.34986543052601254 0.15462361889574486 0.0 0.0 
0.0 0.22619086617022185 0.0 0.0 0.11427213035474926 0.12347129907053726 0.0 0.35 0.16244401387735433 0.0 0.0 
0.0 0.2352907605693104 0.0 0.0 0.0 0.1469517932357479 0.0 0.35 0.2511490065830143 0.0 0.0 
0.0 0.23709783468893908 0.0 0.0 0.0 0.13949697919535156 0.0 0.35 0.26863285992702324 0.0 0.0 
0.0 0.22845911949085698 0.0 0.0 0.0 0.1562791346169406 0.0 0.35 0.23410477732931131 0.0 0.0 
0.0 0.18589328889303236 0.0 0.0 0.12719417170555752 0.0 0.0 0.35 0.15160779055091497 0.0 0.0 
0.0 0.24965420953011702 0.0 0.0 0.0 0.15445819132681088 0.0 0.35 0.2064826757601137 0.0 0.0 
0.0 0.2281104412132997 0.0 0.0 0.0 0.16161624857954904 0.0 0.35 0.24094303608977186 0.0 0.0 
0.0 0.21270871614376538 0.0 0.0 0.0 0.10259757914993199 0.0 0.35 0.3332167009485772 0.0 0.0 
0.0 0.23047744182050944 0.0 0.0 0.0 0.11393358135453431 0.0 0.35 0.2985434940191698 0.0 0.0 
0.0 0.21181485518078227 0.0 0.0 0.0 0.10216643569440613 0.0 0.35 0.3318164320428562 0.0 0.0 
0.0 0.20611571352062674 0.0 0.0 0.10448378733698865 0.10036390930182842 0.0 0.35 0.15407298370931283 0.0 0.0 
0.0 0.19946415968443867 0.0 0.0 0.0 0.16742920001374154 0.0 0.35 0.13814543515973304 0.0 0.0 
0.0 0.2105391158304197 0.0 0.0 0.14545674222926303 0.108003535897157 0.0 0.35 0.12449556541474595 0.0 0.0 
0.0 0.2923524077566571 0.0 0.0 0.0 0.0 0.0 0.35 0.34873389855593584 0.0 0.0 
0.0 0.23629880420900037 0.0 0.0 0.0 0.18698885684287522 0.0 0.35 0.20056382893045155 0.0 0.0 
0.0 0.24026596303085193 0.0 0.0 0.0 0.14785913399338868 0.0 0.35 0.17411684265735866 0.0 0.0 
0.0 0.20079009001698933 0.0 0.0 0.0 0.11547062270229858 0.0 0.35 0.33250357084177395 0.0 0.0 
0.0 0.22787713339261823 0.0 0.0 0.0 0.1263114421840362 0.0 0.35 0.2864122462497226 0.0 0.0 
0.0 0.23211278848075373 0.0 0.0 0.0 0.11474199410107508 0.0 0.35 0.30066180157250566 0.0 0.0 
0.0 0.24893349457647246 0.0 0.0 0.0 0.15556577401060956 0.0 0.35 0.1718958866628442 0.0 0.0 
0.0 0.2816976657570649 0.0 0.0 0.0 0.0 0.0 0.35 0.35 0.0 0.0 
0.0 0.21240090657209731 0.0 0.0 0.0 0.0 0.10213671653536346 0.34999005402526284 0.3320249675019073 0.0 0.0 
0.0 0.2369047063057395 0.0 0.0 0.0 0.1144659126202656 0.0 0.35 0.2873424056231749 0.0 0.0 
0.0 0.23306877290007644 0.0 0.0 0.0 0.16610838833252414 0.0 0.35 0.24732428180075738 0.0 0.0 
