0.0 0.3000000000000003 0.0 0.0 0.0 0.0 0.0 0.35 0.35 0.0 0.0 
0.0 0.30000000000000027 0.0 0.0 0.0 0.0 0.0 0.35 0.35 0.0 0.0 
0.1460424432328602 0.20240953009342788 0.18269006660491727 0.12832314463522743 0.0 0.20241718159155986 0.0 0.0 0.0 0.0 0.1381176338420072 
0.0 0.17490290875131378 0.0 0.1448062909015551 0.0 0.11493500376688985 0.23207696271455142 0.1272201491701529 0.0 0.0 0.206058684695537 
0.0 0.21564693123983225 0.0 0.0 0.0 0.0 0.10005031531146952 0.35 0.33430275344869825 0.0 0.0 
0.0 0.13470629530132167 0.0 0.11283965817576991 0.0 0.0 0.13871297082785966 0.35 0.127948579863137 0.0 0.13579249583191175 
0.0 0.0 0.0 0.17465040756229616 0.0 0.0 0.1664998761830185 0.33507876559549565 0.10508601515155772 0.0 0.21868493550763193 
0.0 0.0 0.0 0.17292352577743547 0.0 0.0 0.19723240796724345 0.3155578657009095 0.10806079270857531 0.0 0.20622540784583626 
0.0 0.1400424033568505 0.0 0.1521204806179595 0.0 0.1049362312481387 0.21152902945573537 0.16685916856476768 0.0 0.0 0.22451268675654829 
0.0 0.275771031318976 0.0 0.0 0.0 0.0 0.11109024713912387 0.35 0.2631387215419001 0.0 0.0 
0.0 0.18799942123917265 0.0 0.10288727629523182 0.0 0.0 0.14179710662956835 0.34354498756778695 0.11583871919210098 0.0 0.10793248907613927 
0.0 0.31357648350190703 0.0 0.0 0.0 0.0 0.0 0.35 0.33642351649809293 0.0 0.0 
0.0 0.2530609502113184 0.0 0.11325508149132489 0.0 0.0 0.12314440941359893 0.35 0.1605395588837578 0.0 0.0 
0.0 0.3218040039640779 0.0 0.0 0.0 0.0 0.1245863078692485 0.35 0.20360968816667363 0.0 0.0 
0.0 0.16007302271438384 0.0 0.11765539955734525 0.0 0.0 0.11267362573423544 0.35 0.1462275585408957 0.0 0.11337039345313973 
0.0 0.34359207758365246 0.0 0.0 0.0 0.0 0.12543122520473707 0.35 0.18097669721161044 0.0 0.0 
0.0 0.0 0.0 0.1631657898057953 0.0 0.0 0.19456016695328518 0.3296629248443493 0.11625559773732948 0.0 0.19635552065924072 
0.0 0.2388241697926599 0.0 0.11316526271866295 0.0 0.0 0.11605348831917818 0.35 0.18195707916949902 0.0 0.0 
0.0 0.26923969423803146 0.0 0.0 0.0 0.0 0.10066546884470678 0.35 0.2800948369172617 0.0 0.0 
0.0 0.1744452238709032 0.0 0.11599370857677342 0.0 0.1064556600028548 0.20606666631383336 0.16927521320149397 0.0 0.0 0.2277635280341411 
0.0 0.11413495741482119 0.0 0.13554761118241815 0.0 0.0 0.1352166669366313 0.35 0.12904792484076702 0.0 0.13605283962536244 
0.0 0.0 0.0 0.1982164445961157 0.0 0.0 0.18052967316084714 0.31522359072557965 0.1043359663750327 0.0 0.20169432514242475 
0.0 0.22871753022863822 0.0 0.10090450623738768 0.0 0.0 0.10290173041685347 0.34988684673701276 0.21758938638010789 0.0 0.0 
0.0 0.20675389150769763 0.0 0.15289923842945893 0.0 0.0 0.14474622841698292 0.35 0.14560064164586056 0.0 0.0 
0.0 0.0 0.0 0.15526478433897659 0.0 0.0 0.17477984316341283 0.35 0.10327492128029955 0.0 0.216680451217311 
0.0 0.10859232263006989 0.0 0.12785528201022878 0.0 0.0 0.16306792606762738 0.32368853093994726 0.11543462038450372 0.0 0.1613613179676229 
0.0 0.0 0.0 0.1872049752120211 0.0 0.0 0.2606101121989963 0.2547014628085728 0.0 0.0 0.2974834497804099 
0.0 0.11869363502707539 0.0 0.12820341262093024 0.0 0.0 0.2219220245256476 0.2813757779776644 0.0 0.0 0.24980514984868255 
0.0 0.30369395368629426 0.0 0.0 0.0 0.0 0.1083195514116884 0.35 0.23798649490201734 0.0 0.0 
0.0 0.24395123072219702 0.0 0.12030590997817002 0.0 0.0 0.13139165980129675 0.35 0.15435119949833628 0.0 0.0 
0.0 0.23574082200775648 0.0 0.0 0.0 0.0 0.10905064692138323 0.3497568505876721 0.30545168048318816 0.0 0.0 
0.0 0.21231567950651525 0.0 0.10278918069739343 0.0 0.0 0.10317203343773558 0.35 0.2317231063583558 0.0 0.0 
0.0 0.0 0.0 0.2007186055018686 0.0 0.0 0.19789166908192474 0.3045229244637279 0.10106353209032388 0.0 0.19580326886215488 
0.0 0.35 0.0 0.11837937932773404 0.0 0.0 0.0 0.35 0.18162062067226606 0.0 0.0 
0.0 0.0 0.0 0.1755616103966011 0.0 0.0 0.2622881338147591 0.2448007257163844 0.0 0.0 0.3173495300722554 
0.0 0.12755453077230494 0.0 0.15311871336664248 0.0 0.0 0.12306616716090697 0.35 0.10477012887521031 0.0 0.14149045982493516 
0.0 0.0 0.0 0.1812513761651128 0.0 0.0 0.12148713304485603 0.35 0.1291415749702719 0.0 0.2181199158197593 
0.0 0.23693284401205153 0.0 0.0 0.0 0.0 0.11741346799570858 0.3499999999999999 0.2956536879922399 0.0 0.0 
0.0 0.24195670407524314 0.0 0.1082854791090104 0.0 0.0 0.10400489667900348 0.35 0.19575292013674292 0.0 0.0 
0.0 0.24313975291462112 0.0 0.11096050530388796 0.0 0.0 0.10689691861276052 0.35 0.18900282316873038 0.0 0.0 
0.0 0.2999702847194566 0.0 0.0 0.0 0.0 0.10111490448416201 0.35 0.24891481079638145 0.0 0.0 
0.0 0.31643435669672004 0.0 0.0 0.0 0.0 0.10709963585438087 0.35 0.22646600744889903 0.0 0.0 
0.0 0.0 0.0 0.18729987804642387 0.0 0.0 0.26535707174593565 0.2281583414026923 0.0 0.0 0.3191847088049482 
0.0 0.25509297999914815 0.0 0.0 0.0 0.0 0.10112937058074062 0.35 0.2937776494201113 0.0 0.0 
0.0 0.32987020860092714 0.0 0.0 0.0 0.0 0.0 0.35 0.3201297913990729 0.0 0.0 
0.0 0.0 0.0 0.17549905656516204 0.0 0.0 0.2646066284898335 0.2339108982259335 0.0 0.0 0.3259834167190709 
0.0 0.16667458613065558 0.0 0.11903336951041561 0.0 0.11227327424397476 0.2441712433888763 0.15349979445721096 0.0 0.0 0.2043477322688668 
0.0 0.35 0.0 0.11223460176924294 0.0 0.0 0.0 0.35 0.18776539823075708 0.0 0.0 
0.0 0.3490372338102881 0.0 0.0 0.0 0.0 0.16146009767205127 0.35 0.1395026685176606 0.0 0.0 
0.0 0.23846057157071957 0.0 0.1313742854522777 0.0 0.0 0.14442655312269098 0.35 0.13573858985431184 0.0 0.0 
0.0 0.16630372081479536 0.0 0.11411213123661187 0.0 0.0 0.10969655180915157 0.35 0.1509476934886598 0.0 0.10893990265078138 
0.0 0.2352835641128852 0.0 0.0 0.0 0.0 0.10322875767295678 0.35 0.31148767821415807 0.0 0.0 
0.0 0.0 0.0 0.15322755942062 0.0 0.0 0.2643750682419591 0.2603701302869341 0.0 0.0 0.3220272420504869 
0.0 0.342309723729996 0.0 0.0 0.0 0.0 0.0 0.35 0.3076902762700039 0.0 0.0 
0.0 0.27080589297446905 0.0 0.0 0.0 0.0 0.10691793459209192 0.3467458607128701 0.27553031172056885 0.0 0.0 
0.0 0.10650127815569413 0.0 0.12539331163799536 0.0 0.0 0.15992790403390392 0.33671152672900123 0.11321182120993445 0.0 0.15825415823347097 
0.0 0.32299098722293673 0.0 0.0 0.0 0.0 0.0 0.35 0.3270090127770632 0.0 0.0 
0.0 0.30681062088396727 0.0 0.0 0.0 0.0 0.0 0.35 0.3431893791160327 0.0 0.0 
0.0 0.2824810293075049 0.0 0.0 0.0 0.0 0.11723374874397714 0.35 0.25028522194851793 0.0 0.0 
0.0 0.0 0.0 0.16577197422656414 0.0 0.0 0.24474955419663194 0.27673155831965424 0.0 0.0 0.3127469132571496 
0.0 0.3311688943951253 0.0 0.11444227939291661 0.0 0.0 0.0 0.35 0.2043888262119581 0.0 0.0 
0.0 0.0 0.0 0.18939204681853306 0.0 0.0 0.2038245461991727 0.28614467476055044 0.10430343010338143 0.0 0.21633530211836227 
0.0 0.12791365488879344 0.0 0.12582498881805 0.0 0.0 0.13962740274131427 0.3444978114929874 0.113601562569265 0.0 0.14853457948958995 
0.0 0.3295722374810438 0.0 0.0 0.0 0.0 0.1822464197281809 0.35 0.13818134279077526 0.0 0.0 
0.0 0.12251790275690043 0.0 0.13480555967129174 0.0 0.0 0.12881082920458214 0.3357816875035678 0.10514466756436557 0.0 0.17293935329929225 
0.0 0.33295307332673263 0.0 0.0 0.0 0.0 0.10109322565018017 0.35 0.2159537010230873 0.0 0.0 
0.0 0.22045785742725243 0.0 0.0 0.0 0.0 0.103126908302827 0.35 0.3264152342699206 0.0 0.0 
0.0 0.0 0.0 0.1577235076833943 0.0 0.0 0.26079449935832427 0.2878202559869817 0.0 0.0 0.29366173697129966 
0.0 0.0 0.0 0.1948969230941586 0.0 0.0 0.1987306798898061 0.2995725559176337 0.10106353209032388 0.0 0.20573630900807763 
0.0 0.18450008145196906 0.0 0.10071866056779241 0.0 0.0 0.10744309976205536 0.34967930788905494 0.14829388202764154 0.0 0.10936496830148675 
0.0 0.0 0.0 0.15426213872609665 0.0 0.0 0.2352041743026025 0.3084556286927073 0.0 0.0 0.3020780582785937 
0.0 0.35 0.0 0.0 0.0 0.0 0.0 0.35 0.29999999999999977 0.0 0.0 
0.0 0.23806527001229938 0.0 0.10482046895306739 0.0 0.0 0.1003117352499487 0.35 0.20680252578468455 0.0 0.0 
0.0 0.0 0.0 0.16675964523860592 0.0 0.0 0.23029918308583122 0.3145676342531492 0.0 0.0 0.2883735374224137 
0.0 0.257047619048746 0.0 0.13052748795639535 0.0 0.0 0.1192583413454075 0.35 0.14316655164945105 0.0 0.0 
0.0 0.35 0.0 0.0 0.0 0.0 0.12800566759715598 0.35 0.17199433240284392 0.0 0.0 
0.0 0.0 0.0 0.18794127516439826 0.0 0.0 0.24003289516671805 0.2716887495812913 0.0 0.0 0.3003370800875923 
0.0 0.0 0.0 0.15776261935023453 0.0 0.0 0.225279176530104 0.3024179913339825 0.0 0.0 0.3145402127856789 
0.0 0.0 0.0 0.1553910112382909 0.0 0.0 0.2369253712814347 0.29787181325707607 0.0 0.0 0.3098118042231985 
0.0 0.35 0.0 0.0 0.0 0.0 0.13280533681506543 0.34678179604262094 0.17041286714231366 0.0 0.0 
0.0 0.2252976000478518 0.0 0.10799292626455681 0.0 0.0 0.10635111417821153 0.35 0.2103583595093798 0.0 0.0 
0.0 0.0 0.0 0.1528988576578522 0.0 0.0 0.1731662393235518 0.35 0.11055623116481336 0.0 0.21337867185378268 
0.0 0.35 0.0 0.0 0.0 0.0 0.15048391319735976 0.35 0.1495160868026402 0.0 0.0 
0.0 0.0 0.0 0.18995422470848783 0.0 0.0 0.19369075522049747 0.29197522310694585 0.10166893645008168 0.0 0.22271086051398725 
0.0 0.17156295367920293 0.0 0.10121938357626238 0.0 0.0 0.11827786096144134 0.35 0.14903112533814597 0.0 0.10990867644494726 
0.0 0.1230418588997576 0.0 0.14770162228577974 0.0 0.0 0.1187122862940596 0.35 0.12405947507561739 0.0 0.1364847574447857 
0.0 0.3053979916463025 0.0 0.0 0.0 0.0 0.1299017580211828 0.35 0.21470025033251489 0.0 0.0 
0.0 0.22932256947953228 0.0 0.0 0.0 0.0 0.11031372082343173 0.35 0.31036370969703597 0.0 0.0 
0.0 0.2551064635498262 0.0 0.0 0.0 0.0 0.11677742886654344 0.35 0.27811610758363037 0.0 0.0 
0.0 0.22032648049756792 0.0 0.0 0.0 0.0 0.1036613797636261 0.349791425327606 0.3262207144111998 0.0 0.0 
0.0 0.22760678578938603 0.0 0.0 0.0 0.0 0.10328759073176322 0.35 0.31910562347885074 0.0 0.0 
0.0 0.30374267292002094 0.0 0.0 0.0 0.0 0.0 0.35 0.34625732707997897 0.0 0.0 
0.0 0.22760678578938603 0.0 0.0 0.0 0.0 0.10328759073176322 0.35 0.31910562347885074 0.0 0.0 
0.0 0.0 0.0 0.15421234019840607 0.0 0.0 0.26694386712511725 0.2783600850728179 0.0 0.0 0.30048370760365894 
0.0 0.2627818582172668 0.0 0.12781374991856534 0.0 0.0 0.1299222644615303 0.35 0.1294821274026376 0.0 0.0 
0.0 0.3423060183864106 0.0 0.0 0.0 0.0 0.10120212921063601 0.35 0.20649185240295342 0.0 0.0 
0.0 0.34783500135164297 0.0 0.0 0.0 0.0 0.0 0.35 0.30216499864835694 0.0 0.0 
0.0 0.3239237360001204 0.0 0.0 0.0 0.0 0.0 0.35 0.3260762639998796 0.0 0.0 
0.0 0.0 0.0 0.1499483605701399 0.0 0.0 0.245719351883272 0.28313032798097654 0.0 0.0 0.3212019595656115 
0.0 0.31363034570216375 0.0 0.0 0.0 0.0 0.16272098430706905 0.35 0.17364866999076706 0.0 0.0 
