0.0 0.30000000000000027 0.0 0.0 0.0 0.0 0.0 0.35 0.35 0.0 0.0 
0.0 0.30000000000000027 0.0 0.0 0.0 0.0 0.0 0.35 0.35 0.0 0.0 
0.0 0.0 0.1945040579698507 0.0 0.11013569225581385 0.2880197118092602 0.0 0.10330276009606722 0.1258156652912887 0.17822211257771917 0.0 
0.0 0.19987853645962778 0.0 0.0 0.0 0.0 0.1001214635403723 0.3499999999999999 0.35 0.0 0.0 
0.0 0.2999999999999998 0.0 0.0 0.0 0.0 0.0 0.35 0.35 0.0 0.0 
0.0 0.1017867785387902 0.0 0.0 0.0 0.0 0.2047139882553216 0.34349923320588804 0.35 0.0 0.0 
0.0 0.0 0.0 0.0 0.0 0.0 0.29999999999999993 0.35 0.35 0.0 0.0 
0.0 0.0 0.1841765026497765 0.0 0.0 0.28657432406639627 0.0 0.11648078961771031 0.2860858125260277 0.12668257114008927 0.0 
0.0 0.0 0.18365329386228246 0.0 0.0 0.17978307652035316 0.0 0.1844930311315782 0.34780668094397077 0.10426391754181526 0.0 
0.0 0.0 0.20213649302678674 0.0 0.10736088032849803 0.23816107633325848 0.0 0.1271235684274272 0.1660463542869614 0.15917162759706802 0.0 
0.0 0.0 0.1758082887581837 0.0 0.0 0.17175017401483603 0.0 0.219760342093175 0.32952205396111117 0.1031591411726941 0.0 
0.0 0.0 0.20376865874690592 0.0 0.0 0.2594315043989382 0.0 0.10832323359751381 0.32155266844849195 0.10692393480815007 0.0 
0.0 0.0 0.0 0.0 0.0 0.0 0.19965004934983577 0.35 0.35 0.1003499506501642 0.0 
0.0 0.0 0.18203643487782273 0.0 0.0 0.17456054428101742 0.0 0.1927678937876363 0.35 0.10063512705352362 0.0 
0.0 0.0 0.19255776473632524 0.0 0.0 0.0 0.0 0.3433004574740675 0.35 0.0 0.11414177778960741 
0.0 0.0 0.10073704164223393 0.0 0.0 0.0 0.19926295835776606 0.35 0.34999999999999987 0.0 0.0 
0.0 0.0 0.1814620042838728 0.0 0.0 0.3095448830513244 0.0 0.12012985730694331 0.2514739882922864 0.137389267065573 0.0 
0.0 0.0 0.0 0.0 0.0 0.0 0.16039986255093022 0.34230093848025733 0.3487051585923176 0.0 0.14859404037649485 
0.0 0.0 0.19144015080606053 0.0 0.0 0.18951935278559442 0.0 0.18357708601071188 0.3321474555048924 0.10331595489274074 0.0 
0.0 0.0 0.18845764678723387 0.0 0.0 0.21709730278727724 0.0 0.1550288029511233 0.3381781685300059 0.10123807894435968 0.0 
0.0 0.0 0.19579015104079928 0.0 0.0 0.0 0.0 0.3336437820869514 0.35 0.0 0.12056606687224936 
0.0 0.13943618938037572 0.0 0.0 0.0 0.0 0.1605638106196243 0.35 0.35 0.0 0.0 
0.0 0.0 0.0 0.0 0.0 0.0 0.30256489089828575 0.34743510910171416 0.3499999999999999 0.0 0.0 
0.0 0.15013001859213512 0.0 0.0 0.0 0.0 0.14986998140786498 0.35 0.35 0.0 0.0 
0.0 0.0 0.19128926822089268 0.0 0.0 0.24188417385997274 0.0 0.14980261067334394 0.3122163371782069 0.10480761006758375 0.0 
0.0 0.0 0.1962264989177965 0.0 0.1107951231868531 0.28125318788748677 0.0 0.11841440255035406 0.11714978975024883 0.17616099770726065 0.0 
0.0 0.16889935249595744 0.0 0.0 0.0 0.0 0.13110064750404257 0.35 0.35 0.0 0.0 
0.0 0.11832130284810917 0.0 0.0 0.0 0.0 0.18167869715189094 0.35 0.35 0.0 0.0 
0.0 0.0 0.18912805493356719 0.0 0.0 0.23392807438063448 0.0 0.15716438995471868 0.31413629769661505 0.10564318303446464 0.0 
0.0 0.1899387589782742 0.0 0.0 0.0 0.0 0.11006124102172572 0.35 0.35 0.0 0.0 
0.0 0.0 0.18534679024514072 0.0 0.0 0.1384901037351737 0.0 0.24944849310162548 0.3259611892417015 0.10075342367635862 0.0 
0.0 0.0 0.1256521131623025 0.0 0.0 0.0 0.17434788683769759 0.35 0.35 0.0 0.0 
0.0 0.19522375672755046 0.0 0.0 0.0 0.0 0.10477624327244953 0.35 0.35 0.0 0.0 
0.0 0.18476012667914174 0.0 0.0 0.0 0.0 0.11523987332085828 0.35 0.35 0.0 0.0 
0.0 0.1776956884090076 0.0 0.0 0.0 0.0 0.12230431159099239 0.35 0.35 0.0 0.0 
0.0 0.0 0.19212520119958418 0.0 0.1056084466449267 0.24814194079810242 0.0 0.15275752614055485 0.14679405283779395 0.15457283237903785 0.0 
0.0 0.10062390336545711 0.0 0.0 0.0 0.0 0.1993760966345429 0.35 0.35 0.0 0.0 
0.0 0.0 0.19275027153446492 0.0 0.0 0.0 0.0 0.35 0.35 0.0 0.10724972846553507 
0.0 0.0 0.1962440131914903 0.0 0.0 0.10130202970127603 0.0 0.2454621807587918 0.3499999999999999 0.10699177634844191 0.0 
0.0 0.0 0.21727507969918497 0.0 0.0 0.16350771260189215 0.0 0.269217207698923 0.35 0.0 0.0 
0.0 0.0 0.20435827848724142 0.0 0.11966072551746199 0.24720679218117045 0.0 0.11901366716415179 0.12767292229503022 0.182087614354944 0.0 
0.0 0.0 0.1917540187079647 0.0 0.10076887943867018 0.24672606017609763 0.0 0.16182107893507283 0.14773707521624735 0.15119288752594728 0.0 
0.0 0.0 0.17714543090538226 0.0 0.0 0.13688625226031365 0.0 0.3359683168343042 0.35 0.0 0.0 
0.0 0.0 0.2131258977611436 0.0 0.0 0.12273512918412195 0.0 0.31413897305473454 0.35 0.0 0.0 
0.0 0.0 0.16490677133941167 0.0 0.0 0.20367986530373555 0.0 0.22497008915105093 0.3045767032224269 0.10186657098337491 0.0 
0.0 0.0 0.1879081840710587 0.0 0.0 0.259857730768158 0.0 0.13281010060172072 0.30734253037726833 0.1120814541817942 0.0 
0.0 0.0 0.18256243017934315 0.0 0.0 0.0 0.11743756982065708 0.35 0.35 0.0 0.0 
0.0 0.0 0.20947604551775192 0.0 0.11371692589664939 0.24707374145141522 0.0 0.12227710685910628 0.14028870763845744 0.16716747263661969 0.0 
0.0 0.0 0.2046858190778212 0.0 0.0 0.13934578081641308 0.0 0.3059684001057657 0.35 0.0 0.0 
0.0 0.0 0.17794230604740452 0.0 0.0 0.31434998646755724 0.0 0.11095646053966136 0.26611033410225193 0.13064091284312487 0.0 
0.0 0.1595136851141939 0.0 0.0 0.0 0.0 0.14048631488580612 0.35 0.35 0.0 0.0 
0.0 0.0 0.1614475331220879 0.0 0.0 0.0 0.13855246687791223 0.35 0.35 0.0 0.0 
0.0 0.0 0.1966358479461987 0.0 0.0 0.1309022500658199 0.0 0.21618175230484632 0.3495858645758969 0.1066942851072382 0.0 
0.0 0.0 0.1881507729566675 0.0 0.0 0.2067611883324543 0.0 0.17457830850351944 0.32369888120085694 0.10681084900650184 0.0 
0.0 0.0 0.21073162417494526 0.0 0.0 0.13026862200165962 0.0 0.3089997538233952 0.35 0.0 0.0 
0.0 0.0 0.197054719152735 0.0 0.0 0.11195118635581512 0.0 0.3409940944914499 0.35 0.0 0.0 
0.0 0.16600047566072176 0.0 0.0 0.0 0.0 0.13399952433927828 0.35 0.35 0.0 0.0 
0.0 0.0 0.19767854875348798 0.0 0.0 0.15692107640067376 0.0 0.21111916920935347 0.33122844452315203 0.1030527611133326 0.0 
0.0 0.0 0.1432413041571814 0.0 0.0 0.0 0.1567586958428188 0.35 0.35 0.0 0.0 
0.0 0.0 0.2016296424252934 0.0 0.0 0.13184746851453488 0.0 0.32170878322532903 0.34481410583484245 0.0 0.0 
0.0 0.1355910498886596 0.0 0.0 0.0 0.0 0.16440895011134046 0.35 0.35 0.0 0.0 
0.0 0.0 0.1794729277931572 0.0 0.0 0.2745185828439911 0.0 0.12309197738701814 0.31336364510120257 0.10955286687463106 0.0 
0.0 0.0 0.1373349569358119 0.0 0.0 0.0 0.0 0.35 0.35 0.0 0.16266504306418822 
0.0 0.0 0.1586427660508731 0.0 0.0 0.0 0.0 0.35 0.35 0.0 0.14135723394912697 
0.0 0.1287547036177537 0.0 0.0 0.0 0.0 0.17124529638224636 0.35 0.35 0.0 0.0 
0.0 0.0 0.2220977451799385 0.0 0.0 0.12913071259024078 0.0 0.29877154222982066 0.35 0.0 0.0 
0.0 0.0 0.21102862204769152 0.0 0.0 0.11628585343160662 0.0 0.322685524520702 0.35 0.0 0.0 
0.0 0.0 0.2106371233542118 0.0 0.0 0.11286909976948684 0.0 0.32649377687630143 0.35 0.0 0.0 
0.0 0.0 0.2041944388733794 0.0 0.0 0.19426955084244987 0.0 0.17068066935152162 0.31522243264339955 0.11563290828924966 0.0 
0.0 0.0 0.18364785467489886 0.0 0.0 0.2598350387591629 0.0 0.13801861568145243 0.30865084194085657 0.10984764894362933 0.0 
0.0 0.0 0.21393073655258252 0.0 0.11418792437713221 0.24061627053684145 0.0 0.12618044896771052 0.140222343649614 0.16486227591611932 0.0 
0.0 0.0 0.19796680666060396 0.0 0.0 0.24028461568335638 0.0 0.13798497566329665 0.31860953984427304 0.1051540621484701 0.0 
0.0 0.0 0.19599041400011333 0.0 0.0 0.0 0.0 0.32981410554589774 0.34734585646128463 0.0 0.1268496239927042 
0.0 0.0 0.19144035833219736 0.0 0.0 0.19024563983147766 0.0 0.16632110312489065 0.3483847938531926 0.10360810485824169 0.0 
0.0 0.12477886455189266 0.0 0.0 0.0 0.0 0.17522113544810752 0.35 0.35 0.0 0.0 
0.0 0.0 0.20544284591784054 0.0 0.0 0.11346254208253673 0.0 0.3310946119996228 0.35 0.0 0.0 
0.0 0.0 0.19000267636645948 0.0 0.0 0.18809630112014203 0.0 0.16936084032944418 0.35 0.10254018218395436 0.0 
0.0 0.0 0.18764823853058338 0.0 0.0 0.2321475150309528 0.0 0.14357041841833182 0.33625286503549884 0.10038096298463312 0.0 
0.0 0.0 0.0 0.0 0.0 0.0 0.14846575308526683 0.35 0.35 0.0 0.1515342469147333 
0.0 0.17961091814478802 0.0 0.0 0.0 0.0 0.12038908185521192 0.35 0.35 0.0 0.0 
0.0 0.0 0.23632568285813482 0.0 0.0 0.12495166104548919 0.0 0.28872265609637604 0.35 0.0 0.0 
0.0 0.0 0.1922380253748023 0.0 0.0 0.21737205000617907 0.0 0.16998404895340166 0.3158844436441572 0.10452143202145989 0.0 
0.0 0.0 0.1995146001827799 0.0 0.1245192358733511 0.2558623854890885 0.0 0.11980138852541664 0.11916757379508272 0.18113481613428123 0.0 
0.0 0.0 0.1932661747778377 0.0 0.0 0.1122283289251661 0.0 0.35 0.3445054962969962 0.0 0.0 
0.0 0.0 0.18995135174524988 0.0 0.0 0.1489623913698279 0.0 0.23983524096201353 0.3173461805632321 0.1039048353596766 0.0 
0.0 0.108465208391586 0.0 0.0 0.0 0.0 0.19153479160841413 0.35 0.35 0.0 0.0 
0.0 0.0 0.18597798462731058 0.0 0.0 0.10036455625133571 0.0 0.2767706131249549 0.3334520086354724 0.10343483736092637 0.0 
0.0 0.0 0.18008906040322617 0.0 0.0 0.12796590042487482 0.0 0.2207547443708984 0.34904599089740634 0.12214430390359417 0.0 
0.0 0.0 0.19340445241799042 0.0 0.0 0.1065955475820097 0.0 0.35 0.35 0.0 0.0 
0.0 0.0 0.18682709634879383 0.0 0.0 0.12321211103204775 0.0 0.2513000062948617 0.3305877413500777 0.108073044974219 0.0 
0.0 0.0 0.18256837027948175 0.0 0.0 0.10394616570311527 0.0 0.26388602567284447 0.34748405032357815 0.10211538802098043 0.0 
0.0 0.0 0.18504484049610107 0.0 0.0 0.26203164806677315 0.0 0.12245999270024811 0.3138501613884008 0.11661335734847682 0.0 
0.0 0.0 0.1976869988584099 0.0 0.0 0.11655963404342773 0.0 0.35 0.33575336709816245 0.0 0.0 
0.0 0.0 0.19656779780596498 0.0 0.0 0.11949309285595179 0.0 0.250594722457887 0.3298565854594415 0.10348780142075473 0.0 
0.0 0.0 0.2437529065924557 0.0 0.0 0.12794361325440423 0.0 0.2783034801531401 0.35 0.0 0.0 
0.0 0.0 0.1868001612172181 0.0 0.10707219533513908 0.23810875064224954 0.0 0.15414453549771961 0.15199836021680965 0.16187599709086392 0.0 
0.0 0.0 0.22760585521715512 0.0 0.0 0.12832619678540372 0.0 0.2940679479974412 0.35 0.0 0.0 
0.0 0.0 0.1964533440293435 0.0 0.10360168676666812 0.24981778188767334 0.0 0.12572602434181304 0.1551119173199484 0.16928924565455353 0.0 
0.0 0.0 0.20521215994224534 0.0 0.10631223483860383 0.24968187706161563 0.0 0.1292845220315152 0.1483686237897281 0.16114058233629197 0.0 
0.0 0.0 0.0 0.0 0.0 0.0 0.16713582943057925 0.35 0.35 0.0 0.13286417056942082 
