-0.013698792162351307 5.79052713100763E-4 
-0.004345257368736184 2.828537000796019E-5 
-0.013698792162351307 5.79052713100763E-4 
-0.010147836796772905 2.236044580990766E-4 
-0.01029476478535787 2.363273131548458E-4 
-0.006489632659974474 7.202291842721775E-5 
-0.006729677537548986 7.667990157558936E-5 
-0.008206832326422532 1.1911313668151942E-4 
-0.013411693115029205 5.396123126286208E-4 
-0.0124591915689961 4.213544869824047E-4 
-0.01062041656715391 2.589605718337027E-4 
-0.004989728226821757 3.60521338169339E-5 
-0.008589126422554166 1.340524561849213E-4 
-0.007169425495074295 8.342731591420311E-5 
-0.009956626658965361 2.120930817129319E-4 
-0.0051503632265594325 3.964494801815313E-5 
-0.008906041382093534 1.4936684796738268E-4 
-0.008124451280870033 1.1503105513845332E-4 
-0.0054593193355872436 4.819719832450498E-5 
-0.012567992326005913 4.3280743028524895E-4 
-0.008969915416589827 1.576114220894842E-4 
-0.013301735095255077 5.262688933567032E-4 
-0.010761189351235202 2.6295719011603297E-4 
-0.00795345464430925 1.0679812971133231E-4 
-0.005814818625452275 5.7924078220836854E-5 
-0.010421712090825767 2.4595712453036084E-4 
-0.011745771214962324 3.526260679841654E-4 
-0.010470849801966432 2.509328285297055E-4 
-0.011177245024857015 2.9345360887977705E-4 
-0.007643207788497931 9.694383131077073E-5 
-0.011313522381930752 3.0677172638025863E-4 
-0.006163887695013107 6.799119861341819E-5 
-0.004753277256427752 3.4416310582429286E-5 
-0.006259828361015191 7.004699140336682E-5 
-0.008411245749247656 1.2839911510397346E-4 
-0.013160369130991386 5.073485923045234E-4 
-0.004485713041184553 3.0258603501995232E-5 
-0.01106573844623758 2.846505293762008E-4 
-0.010852403868103096 2.7094668315050317E-4 
-0.011245236249930367 2.985075219649292E-4 
-0.013198301371970122 5.159644690270079E-4 
-0.007778776811607302 9.996377252112974E-5 
-0.007287260370476558 8.732247170775363E-5 
-0.012098410520504721 3.887896217958524E-4 
-0.007517618595092264 9.145789339069794E-5 
-0.009188010885779077 1.6918684163485468E-4 
-0.005327571061991388 4.3995230139206325E-5 
-0.012182709463259006 3.959763701950581E-4 
-0.004660449184647486 3.2088455982285426E-5 
-0.011436771437240744 3.231559396932842E-4 
-0.010918980195241354 2.753775110996505E-4 
-0.011528489595911826 3.372530116744662E-4 
-0.011514628680915979 3.292948427450846E-4 
-0.009655769204849205 1.9453888622196196E-4 
-0.011837486007955396 3.586775407413597E-4 
-0.012788664714565537 4.5666219627432637E-4 
-0.009764884702687202 2.0122158368357951E-4 
-0.013657465260472176 5.730294874489414E-4 
-0.009275540906904273 1.7418581538571594E-4 
-0.011007814218418356 2.8159697063564164E-4 
-0.012363280714308885 4.157211328050134E-4 
-0.007397241285834407 9.090155106544858E-5 
-0.006949919145803236 7.894804336636824E-5 
-0.008763609174030195 1.4221791913071691E-4 
-0.011673057290900395 3.436136534332896E-4 
-0.007875382426669925 1.0427196183399162E-4 
-0.009793177917194754 2.0495322444453773E-4 
-0.00991215334780671 2.0955011359632568E-4 
-0.012850475980075441 4.6670512448908374E-4 
-0.008763609174030195 1.4221791913071691E-4 
-0.009420302864477991 1.8759321886115997E-4 
-0.013268449428799413 5.220335399173239E-4 
-0.01304654660996543 4.887949004820188E-4 
-0.009360149545283882 1.7743716073720264E-4 
-0.013597312647523818 5.644703854236565E-4 
-0.005980562396398713 6.29327406220938E-5 
-0.013465571280912267 5.465859121725573E-4 
-0.0056777129192735675 5.5400778236481705E-5 
-0.0056777129192735675 5.5400778236481705E-5 
-0.009559187105153619 1.8993779538360788E-4 
-0.006949919145803236 7.894804336636824E-5 
-0.01310049191399199 4.991277153710443E-4 
-0.011631213257746936 3.4204764005256656E-4 
-0.012624842159235232 4.381392984787692E-4 
-0.005980562396398713 6.29327406220938E-5 
-0.012933182125938858 4.7515814528621746E-4 
-0.011344892905801526 3.1638167334205574E-4 
-0.008484473477946442 1.3033525153320434E-4 
-0.011855013363757223 3.648206486022886E-4 
-0.012713585215667613 4.529165825164556E-4 
-0.01263058524496409 4.43951768835761E-4 
-0.012709036862259968 4.4721479521389726E-4 
-0.012944867529959384 4.7593996954343966E-4 
-0.009415781698669818 1.8187893578318825E-4 
-0.012842612994694759 4.639328401486166E-4 
-0.012216274003526532 4.017674263594113E-4 
-0.013083968081937729 4.969043771150042E-4 
-0.012065731383596394 3.823360623181543E-4 
-0.012970601608148913 4.8665597446903195E-4 
-0.00908972461259027 1.6471612162111582E-4 
