-0.013698792162351309 5.790527131007632E-4 
-0.002209036255762316 1.410182801898265E-5 
-0.004458309225804106 2.9561184882507406E-5 
-0.002761605323389227 2.84838019951391E-5 
-0.009873565308716279 2.0680814235516499E-4 
-0.01278319005930917 4.5625990473300876E-4 
-0.005917932674083565 6.542293787809054E-5 
-0.010102169005009529 2.229507474102129E-4 
-0.00642445764333034 6.682711185636067E-5 
-0.011729885561850298 3.486504320205253E-4 
-0.0077573213008195595 9.964334967596274E-5 
-0.002419460845260348 1.8578382704021187E-5 
-0.010857850733772444 2.6970874815551314E-4 
-0.013225978305484868 5.154095355284334E-4 
-0.006675080790858684 7.573772965748085E-5 
-0.0026552433139141437 2.4401102789159738E-5 
-0.011006652067257375 2.8095539832722325E-4 
-0.007370851117481359 8.922917507330906E-5 
-0.004689368193426415 3.36476781588973E-5 
-0.013133593330560708 5.025751776205731E-4 
-0.009158990482783833 1.645249594957997E-4 
-0.012964723386159008 4.7990193967131463E-4 
-0.008264855020944397 1.1889466785193359E-4 
-0.005700989656841564 5.65799269279693E-5 
-0.007499401740239681 9.656663849351172E-5 
-0.007942103928076654 1.0611410842426399E-4 
-0.008711011757887854 1.37697203024013E-4 
-0.01158790871649763 3.3659516024818405E-4 
-0.008088924964690082 1.1518163530615036E-4 
-0.010255536752769122 2.323749943369444E-4 
-0.012135964287132128 3.897669549744792E-4 
-0.011390359167751697 3.11593842306377E-4 
-0.008548707111600723 1.3214414139583124E-4 
-0.013355030324388915 5.357175666303376E-4 
-0.00928434619465189 1.747574341897722E-4 
-0.011202656976256721 2.9587902929749713E-4 
-0.00839243628201859 1.2405137395338564E-4 
-0.0057910013136197 6.270534564656494E-5 
-0.011958579565660609 3.8040693503353494E-4 
-0.005392607256803152 4.631490488333435E-5 
-0.005213235068819082 4.4138193092533285E-5 
-0.00906693725294842 1.6147872763919776E-4 
-0.01076970050599833 2.6325739885904066E-4 
-0.010378932988865042 2.450556674675092E-4 
-0.010315725312954944 2.4067677908529356E-4 
-0.0133823461257526 5.429037305841383E-4 
-0.00947320968220283 1.835218539088911E-4 
-0.013560883922936704 5.594067745904631E-4 
-0.013097764532746532 4.977409566839252E-4 
-0.007146285642429079 8.229396814860677E-5 
-0.01205156205542907 3.8253245444838364E-4 
-0.009324806122790541 1.7645327219056647E-4 
-0.011256183693847649 3.0054053257302514E-4 
-0.011535011654472644 3.330373422392939E-4 
-0.01134638704759515 3.067024590601053E-4 
-0.012525998557811339 4.305221159314367E-4 
-0.011091934706277288 2.8874342873723506E-4 
-0.012875309277671417 4.691865864688559E-4 
-0.012182911229340572 3.974199309085514E-4 
-0.008846453394267251 1.4494534408313284E-4 
-0.007069786207960355 8.003771681859024E-5 
-0.006876728533540643 7.820294904360768E-5 
-0.0055263296969596774 5.3324478950031775E-5 
-0.010525209037598645 2.4927602901738966E-4 
-0.009715738057885693 2.015601687055726E-4 
-0.010173429521556235 2.2630044240132735E-4 
-0.007957990158631707 1.1212304161708484E-4 
-0.012318270629902806 4.1052015777217775E-4 
-0.013299048465727163 5.267760855519027E-4 
-0.008951520947859368 1.5143501432782897E-4 
-0.00848112501363025 1.2807019643036735E-4 
-0.008992504590505835 1.5359249453850157E-4 
-0.005064457640706008 3.8284106647491166E-5 
-0.01302799643156637 4.895925168755339E-4 
-0.012875309277671417 4.691865864688559E-4 
-0.013482926711349947 5.488743778463901E-4 
-0.013270376147786811 5.23682774181759E-4 
-0.011879892956661652 3.631581085184895E-4 
-0.011823101791541293 3.584495911849953E-4 
-0.002246730825271091 1.465031262722633E-5 
-0.01069405470342004 2.587942515524783E-4 
-0.011471718828586372 3.2176971880934155E-4 
-0.012634810554346562 4.4525705440000074E-4 
-0.011471718828586368 3.217697188093415E-4 
-0.012434324692197329 4.2114847062444457E-4 
-0.008798950717965215 1.4172674834515592E-4 
-0.004881939018953474 3.643582484855552E-5 
-0.00642445764333034 6.682711185636067E-5 
-0.0074550732654184455 9.214465594159004E-5 
-0.005436017737417634 5.2473227686801085E-5 
-0.009675443859450947 1.9949770883315393E-4 
-0.011933432943092943 3.6894975030277253E-4 
-0.005146061867682526 3.914954149939187E-5 
-0.013024973475170077 4.8576879582204436E-4 
-0.012622288167131224 4.382332575343867E-4 
-0.004458309225804106 2.9561184882507406E-5 
-0.009590828170572652 1.9285834368604858E-4 
-0.00680099015194826 7.610760024288668E-5 
-0.00487659297989721 3.36757539881221E-5 
-0.01063354567896518 2.555523403707952E-4 
