0.0 0.3000000000000002 0.0 0.0 0.0 0.0 0.0 0.35 0.35 0.0 0.0 
0.0 0.3000000000000002 0.0 0.0 0.0 0.0 0.0 0.35 0.35 0.0 0.0 
0.12175234623990461 0.1271074668416574 0.10747264986563955 0.0 0.10779623179146829 0.1276221525890202 0.10297323610094267 0.0 0.11464675834413629 0.19062915822723095 0.0 
0.0 0.24549232462395976 0.10157270364752545 0.0 0.10004846518392195 0.0 0.0 0.20492338446995598 0.3479631220746369 0.0 0.0 
0.1251862052591771 0.1374852240521594 0.11624731192750173 0.0 0.1157170785486702 0.15008085242535657 0.0 0.0 0.14909014983328148 0.20619317795385345 0.0 
0.16916378249034478 0.2544583079292398 0.10248337524334529 0.0 0.1173754970275039 0.0 0.0 0.0 0.24741286211050917 0.10910617519905699 0.0 
0.0 0.23235934740978192 0.10846076171444011 0.0 0.11092081193275051 0.0 0.0 0.1982590789430276 0.35 0.0 0.0 
0.18976381332422365 0.21626727163862125 0.11652105894093123 0.0 0.1267949429839001 0.0 0.0 0.1076116261669374 0.24304128694538638 0.0 0.0 
0.17070887745574098 0.22870106344949317 0.10462881132551294 0.0 0.13184063951334649 0.0 0.0 0.11369522404032145 0.25042538421558497 0.0 0.0 
0.0 0.27302290957568476 0.10456837685200052 0.0 0.0 0.0 0.0 0.2724087135723147 0.35 0.0 0.0 
0.0 0.24259104590256914 0.10037229657077434 0.0 0.0 0.0 0.0 0.3070366575266565 0.35 0.0 0.0 
0.0 0.19284539178425553 0.1009060137675213 0.0 0.0 0.0 0.10106989140455853 0.25517870304366463 0.35 0.0 0.0 
0.17962571303723812 0.21364947942265375 0.13175132450825122 0.0 0.14623654142293663 0.0 0.0 0.11460758969218258 0.21412935191673765 0.0 0.0 
0.0 0.20573711880010553 0.0 0.0 0.0 0.0 0.12922093979460775 0.31504194140528663 0.35 0.0 0.0 
0.0 0.23962078256608466 0.0 0.0 0.0 0.0 0.10498710004885194 0.30793090758045427 0.34746120980460915 0.0 0.0 
0.0 0.32254707158349927 0.0 0.0 0.0 0.0 0.0 0.32745292841650075 0.35 0.0 0.0 
0.0 0.31487569378290586 0.0 0.0 0.0 0.0 0.0 0.33512430621709427 0.35 0.0 0.0 
0.1211875639180294 0.2745761491094099 0.0 0.0 0.17427414431021604 0.0 0.0 0.0 0.283446251704893 0.14651589095745177 0.0 
0.0 0.22157956735834075 0.1021934930738023 0.0 0.10587907716963156 0.0 0.10179281948821874 0.10519701013965013 0.20368209230773582 0.15967594046262057 0.0 
0.13163140002896367 0.2193060403337952 0.10042331755652162 0.0 0.16229805155263785 0.0 0.0 0.0 0.2076016755443119 0.17873951498376978 0.0 
0.0 0.21255745266790646 0.0 0.0 0.0 0.0 0.10348646789270669 0.333956079439387 0.35 0.0 0.0 
0.0 0.2292953041317328 0.10185412224483746 0.0 0.1023309876109394 0.0 0.0 0.21651958601249038 0.35 0.0 0.0 
0.0 0.2462223574827856 0.10040363403197444 0.0 0.0 0.0 0.0 0.3033740084852401 0.35 0.0 0.0 
0.11513940650012731 0.2349394196603299 0.1071599227391027 0.0 0.1457860542819382 0.0 0.0 0.0 0.2577770866459049 0.13919811017259692 0.0 
0.1211710228629622 0.18191038017577613 0.10270637499985419 0.0 0.1382508523357906 0.0 0.10129502769500695 0.0 0.14344257596953583 0.2112237659610741 0.0 
0.0 0.1918945352194757 0.11176212473791361 0.0 0.11014740793787134 0.0 0.11184179482456495 0.1077849522969121 0.20078240629379368 0.16578677868946876 0.0 
0.11976535735016508 0.20485435236053984 0.10250934808819809 0.0 0.10677359353557611 0.0 0.0 0.16717723559392017 0.2989201130716007 0.0 0.0 
0.0 0.21472621447077817 0.0 0.0 0.0 0.0 0.10038340968478493 0.3437788303910414 0.3411115454533955 0.0 0.0 
0.0 0.3011130928709814 0.0 0.0 0.0 0.0 0.10571079649898847 0.24317611063003014 0.35 0.0 0.0 
0.0 0.23587390957737017 0.11254789098675787 0.0 0.0 0.0 0.0 0.30157819943587194 0.35 0.0 0.0 
0.0 0.25725976355233526 0.107466651083043 0.0 0.0 0.0 0.0 0.28527358536462166 0.35 0.0 0.0 
0.0 0.2604157213956813 0.0 0.0 0.0 0.0 0.11267209233127855 0.2769121862730401 0.35 0.0 0.0 
0.0 0.19745671017331928 0.11923067303260229 0.0 0.11161705464035548 0.0 0.10387512193999156 0.10010725490144573 0.18648034904918986 0.18123283626309572 0.0 
0.0 0.21893824451203633 0.10514410975756867 0.0 0.0 0.0 0.10049407841849026 0.23617717135535707 0.33924639595654765 0.0 0.0 
0.130330535757572 0.23527081571742314 0.1129525909790501 0.0 0.12006714944181522 0.0 0.0 0.12424197166606434 0.2771369364380752 0.0 0.0 
0.0 0.2119592767145506 0.11320293877279654 0.0 0.0 0.0 0.11870732003576057 0.20613046447689237 0.35 0.0 0.0 
0.13020143681630983 0.2946981402522204 0.0 0.0 0.16958550368713837 0.0 0.0 0.0 0.2550678298705591 0.1504470893737723 0.0 
0.11179530196171994 0.27372750547639657 0.10918462143293896 0.0 0.11606184634373007 0.0 0.0 0.1200974012624216 0.2691333235227929 0.0 0.0 
0.0 0.19704365120510922 0.10310274566243856 0.0 0.0 0.0 0.10342211772967318 0.2464314854027793 0.35 0.0 0.0 
0.12126334805213848 0.24130769219083334 0.10455477229912816 0.0 0.11165507734137563 0.0 0.0 0.1399883908673521 0.2812307192491724 0.0 0.0 
0.0 0.24388575483621672 0.0 0.0 0.0 0.0 0.10569053313155402 0.3010052833417113 0.34941842869051787 0.0 0.0 
0.16236585126947004 0.2692576642219584 0.0 0.0 0.16709698216044502 0.0 0.0 0.0 0.2549481692503087 0.14633133309781776 0.0 
0.12722662749691133 0.27055240539104747 0.10710724995562619 0.0 0.12250915029487917 0.0 0.0 0.0 0.25857570753679804 0.11402885932473784 0.0 
0.0 0.2661503567460506 0.12831184005507287 0.0 0.0 0.0 0.0 0.25553780319887637 0.35 0.0 0.0 
0.145019006017567 0.2405210423016238 0.10831965738271508 0.0 0.14924467227548913 0.0 0.0 0.0 0.22771001292209647 0.12918560910050855 0.0 
0.16292401121009242 0.267633046618004 0.0 0.0 0.1200518200081817 0.0 0.0 0.1366058930661256 0.31278522909759626 0.0 0.0 
0.13882689359601366 0.2937642613996103 0.0 0.0 0.11719838328288582 0.0 0.0 0.1455873438680733 0.3046231178534168 0.0 0.0 
0.1944107933995062 0.21546337469522894 0.11993380544362685 0.0 0.15528469099707787 0.0 0.0 0.10367454702628064 0.21123278843827947 0.0 0.0 
0.1295851136615402 0.27316380017849173 0.0 0.0 0.11132530566232124 0.0 0.0 0.13592578049764684 0.35 0.0 0.0 
0.18804974423798532 0.2264874134758336 0.12202749429000433 0.0 0.1327868912418042 0.0 0.0 0.11214149609067338 0.2185069606636992 0.0 0.0 
0.0 0.19041104396787567 0.0 0.0 0.0 0.0 0.11290412753935201 0.3466848284927722 0.35 0.0 0.0 
0.0 0.2666944265593247 0.0 0.0 0.0 0.0 0.10188792644172723 0.28141764699894817 0.35 0.0 0.0 
0.1562239676764174 0.25662697667120893 0.0 0.0 0.12003014895204697 0.0 0.0 0.13098814879564266 0.33613075790468394 0.0 0.0 
0.0 0.21716980225498914 0.0 0.0 0.0 0.0 0.10602051122831878 0.3268096865166921 0.35 0.0 0.0 
0.0 0.24687288279300765 0.10818755987872195 0.0 0.0 0.0 0.11344807328886798 0.1814914840394024 0.35 0.0 0.0 
0.0 0.2556061034892879 0.0 0.0 0.0 0.0 0.10615649726056638 0.2882373992501457 0.35 0.0 0.0 
0.0 0.2572597635523353 0.10746665108304301 0.0 0.0 0.0 0.0 0.2852735853646218 0.35 0.0 0.0 
0.0 0.20389703921495417 0.10208703308960987 0.0 0.0 0.0 0.10177426273930791 0.270555961047115 0.32168570390901297 0.0 0.0 
0.0 0.2188851067852598 0.0 0.0 0.0 0.0 0.10701001705279897 0.3241048761619412 0.35 0.0 0.0 
0.1077351054592826 0.244171677286887 0.10013313730775512 0.0 0.1549763526875253 0.0 0.0 0.0 0.2520595722678267 0.1409241549907233 0.0 
0.136007949307931 0.24231200490164786 0.0 0.0 0.11567188763593468 0.0 0.0 0.15600815815448638 0.35 0.0 0.0 
0.11260356158088566 0.30281719433387777 0.0 0.0 0.1003886865192836 0.0 0.0 0.15430306931814128 0.32988748824781167 0.0 0.0 
0.1659200080368853 0.2648890173258717 0.0 0.0 0.12225944348322255 0.0 0.0 0.12676960109861574 0.3201619300554047 0.0 0.0 
0.0 0.23911752587155755 0.0 0.0 0.0 0.0 0.11206544710255667 0.2988170270258857 0.35 0.0 0.0 
0.11974147833409275 0.2206635758579132 0.10300140617099122 0.0 0.10369339354748483 0.0 0.0 0.13538742406714996 0.317512722022368 0.0 0.0 
0.0 0.18793454169567664 0.10930218101847441 0.0 0.12867054388906995 0.0 0.10953379380364588 0.1055543869059275 0.19663899998101445 0.16236555270619138 0.0 
0.1485481244787225 0.2481971100479438 0.1005250602261134 0.0 0.15287662468380123 0.0 0.0 0.0 0.21597489796407504 0.133878182599344 0.0 
0.12718121011901448 0.2509184550590956 0.0 0.0 0.11983264617455852 0.0 0.0 0.15206768864733128 0.35 0.0 0.0 
0.0 0.2300269142443003 0.10080511993449182 0.0 0.0 0.0 0.1057066694825288 0.2134612963386791 0.35 0.0 0.0 
0.155486745584298 0.22903779036592073 0.10206686441785286 0.0 0.1236914394752545 0.0 0.0 0.10204684759152394 0.2876703125651499 0.0 0.0 
0.0 0.2192090772222991 0.0 0.0 0.0 0.0 0.11126413664355607 0.3195267861341449 0.35 0.0 0.0 
0.15687782877116369 0.2329081437008668 0.10404469838817888 0.0 0.1311046106678447 0.0 0.0 0.11238065172579287 0.2626840667461531 0.0 0.0 
0.0 0.30156231576457676 0.0 0.0 0.0 0.0 0.0 0.3484376842354232 0.35 0.0 0.0 
0.15815627335575502 0.22194389238053416 0.10780405408604024 0.0 0.15446352409598443 0.0 0.0 0.0 0.21448316232873121 0.14314909375295484 0.0 
0.11769791337294454 0.24040007889695966 0.11278273479489437 0.0 0.12067391642612346 0.0 0.0 0.14132731434088333 0.26711804216819457 0.0 0.0 
0.1047866445697875 0.18725088358635317 0.11084117836006821 0.0 0.13417494539286007 0.0 0.10067965873135451 0.0 0.16633046607371613 0.19593622328586038 0.0 
0.1384000293688899 0.29286354448836277 0.0 0.0 0.11991026926167977 0.0 0.0 0.14513969264279922 0.30368646423826834 0.0 0.0 
0.1520089350940756 0.2275438042830755 0.10123461285925252 0.0 0.12241891162208013 0.0 0.0 0.11100779049968305 0.2857859456418332 0.0 0.0 
0.0 0.21662593505776775 0.11242606995057543 0.0 0.0 0.0 0.11059380993229757 0.21338320856108892 0.3469709764982703 0.0 0.0 
0.12206449446922898 0.2408247458667499 0.1129819656040096 0.0 0.11496191843717346 0.0 0.0 0.14157696917712598 0.2675899064457121 0.0 0.0 
0.1659200080368853 0.2648890173258717 0.0 0.0 0.12225944348322255 0.0 0.0 0.12676960109861574 0.3201619300554047 0.0 0.0 
0.0 0.2509968470474825 0.0 0.0 0.0 0.0 0.1059276686174529 0.29307548433506453 0.35 0.0 0.0 
0.0 0.2329829328716247 0.11658492138020653 0.0 0.12262997664567152 0.0 0.0 0.1901323657966114 0.3376698033058859 0.0 0.0 
0.0 0.22512956564306807 0.11036679828107346 0.0 0.0 0.0 0.10389684675126314 0.2373288413419786 0.32327794798261666 0.0 0.0 
0.0 0.2269523473347782 0.10008098437101681 0.0 0.0 0.0 0.10473805687639114 0.24638533659312567 0.3218432748246882 0.0 0.0 
0.1959453807921716 0.21716414126588415 0.12088050651186415 0.0 0.15651043533416498 0.0 0.0 0.1044929051535472 0.20500663094236785 0.0 0.0 
0.0 0.2863863251373121 0.10807063573697227 0.0 0.0 0.0 0.0 0.2555430391257157 0.35 0.0 0.0 
0.11671134155312084 0.2302644869252349 0.10802766238983806 0.0 0.10987172723069162 0.0 0.0 0.1792687971171158 0.2558559847839987 0.0 0.0 
0.0 0.2212797122400002 0.11621732263290527 0.0 0.0 0.0 0.11463910316661577 0.19786386196047878 0.35 0.0 0.0 
0.0 0.17676515712232946 0.10675964354999223 0.0 0.0 0.0 0.10447133530432523 0.27925754431438204 0.33274631970897117 0.0 0.0 
0.12117102286296219 0.1819103801757761 0.10270637499985417 0.0 0.13825085233579057 0.0 0.10129502769500694 0.0 0.1434425759695358 0.21122376596107406 0.0 
0.0 0.3063271892452115 0.0 0.0 0.0 0.0 0.0 0.34367281075478845 0.35 0.0 0.0 
0.0 0.3116355509253633 0.0 0.0 0.0 0.0 0.0 0.3383644490746367 0.35 0.0 0.0 
0.12010140222425733 0.205429145076642 0.12156910815447261 0.0 0.10707318533398852 0.0 0.0 0.1676463115799083 0.2781808476307315 0.0 0.0 
0.0 0.22858971410374118 0.10156927808426994 0.0 0.0 0.0 0.10504908809747601 0.214791919714513 0.35 0.0 0.0 
0.0 0.27778736395155756 0.11096328301370735 0.0 0.0 0.0 0.0 0.261249353034735 0.35 0.0 0.0 
0.11974147833409275 0.2206635758579132 0.10300140617099122 0.0 0.10369339354748483 0.0 0.0 0.13538742406714996 0.317512722022368 0.0 0.0 
0.0 0.21362559236002449 0.0 0.0 0.0 0.0 0.10010637476531588 0.33626803287465945 0.35 0.0 0.0 
0.0 0.25566919724513504 0.10109608893611613 0.0 0.0 0.0 0.0 0.29323471381874877 0.35 0.0 0.0 
0.130283071970268 0.2296427769922034 0.11096155575936582 0.0 0.1589876474226599 0.0 0.0 0.0 0.2208099672100841 0.14931498064541868 0.0 
