-0.013896782101248402 3.938597041776102E-4 
-0.004635748056784822 1.4096929825887549E-5 
-0.004635748056784822 1.4096929825887549E-5 
-0.013896782101248402 3.938597041776102E-4 
-0.013509962753078968 2.618779903091523E-4 
-0.013531853740235897 3.9079121869086997E-4 
-0.0049443525560325914 1.5626413836847565E-5 
-0.0064551137104357035 1.6230180944559685E-5 
-0.009030571219164183 3.721692704739176E-5 
-0.008249748896436546 3.513408716016707E-5 
-0.009305389186028395 4.0853712336814965E-5 
-0.010341371841931098 5.508515131497875E-5 
-0.011551018488153255 8.637437749281957E-5 
-0.00965021399166087 4.1262255203882955E-5 
-0.008039430165448565 2.7623796435380932E-5 
-0.012232383010267724 1.2399091466938676E-4 
-0.012504999863768854 1.5707960408554801E-4 
-0.010489988094998449 6.144927169505748E-5 
-0.007722323494397839 2.7456841686223014E-5 
-0.012383907862237824 1.3462888460831311E-4 
-0.01014474414389282 5.159727138243751E-5 
-0.011682033068011058 9.344643145071085E-5 
-0.011359110687092238 7.782939507445005E-5 
-0.01076036499340035 6.284051275608674E-5 
-0.011862065042693831 1.0567858670625216E-4 
-0.012007161994045437 1.063977195752927E-4 
-0.013479415295105771 2.548038702180121E-4 
-0.009844926787643642 4.729213825471728E-5 
-0.006630710115090709 1.6933823634700212E-5 
-0.012471200963247112 1.4451792234269887E-4 
-0.012447068858204735 1.4353983533852912E-4 
-0.012020984342508131 1.130369183084124E-4 
-0.007519453859164354 2.493076617256106E-5 
-0.011165740530004829 7.605055638227225E-5 
-0.010884512431727613 6.580083039764317E-5 
-0.009950543075163644 4.783513264361094E-5 
-0.010036280367909914 5.123293505537448E-5 
-0.006734623708115557 1.8443132596764927E-5 
-0.009667300535847117 4.560488230562557E-5 
-0.012383907862237826 1.3462888460831314E-4 
-0.00806144576851534 3.2180146394214026E-5 
-0.011481266216547333 8.207373383446403E-5 
-0.007063659215432488 2.0631022145619444E-5 
-0.013458089734817342 2.501558823617117E-4 
-0.013079131184095087 1.9736770596040742E-4 
-0.007369887260022736 2.2799758340070084E-5 
-0.012178648819675276 1.1737749682258035E-4 
-0.012105863366977556 1.1552154280143281E-4 
-0.008163662818412392 3.387668553460831E-5 
-0.011720815356124284 9.471675766254355E-5 
-0.01313570873806056 2.0373196165119752E-4 
-0.006942321651502321 1.8772632937878394E-5 
-0.011837399498972133 9.935683427568552E-5 
-0.011150989609477264 7.378055587661575E-5 
-0.01182141796935176 9.783765648340726E-5 
-0.013801520437981694 3.924731621475724E-4 
-0.011403991881664724 8.107690141994029E-5 
-0.012617803554300488 1.6252129343235561E-4 
-0.013182922947266206 2.1235619410835504E-4 
-0.013238021642679017 2.195330494254661E-4 
-0.012970470236966963 1.8667192390961279E-4 
-0.012935486681736635 1.8362221205112876E-4 
-0.006875434362532656 1.8602815667942334E-5 
-0.012702553854992278 1.6585184225598453E-4 
-0.013657376205291519 3.911617080199498E-4 
-0.004789684855157167 1.4507187058096367E-5 
-0.007166380761473389 2.0863293291245833E-5 
-0.012763642819765645 1.699133611510181E-4 
-0.013396469549607597 2.3806793888579415E-4 
-0.013020583792584832 1.921355743496932E-4 
-0.013435490293169775 2.454909696406863E-4 
-0.013292066820311237 2.2213989351453718E-4 
-0.0064551137104357035 1.6230180944559685E-5 
-0.013061191867005844 1.9571780514714986E-4 
-0.01218411959305912 1.2312989078031592E-4 
-0.007246585707718137 2.1667245484895366E-5 
-0.012996152667876147 1.901488354434671E-4 
-0.010489988094998449 6.144927169505748E-5 
-0.00482014692249391 1.5134872415871164E-5 
-0.010973800271837362 6.778480655712496E-5 
-0.011063048113778961 7.080439481508517E-5 
-0.013717623884613927 3.919458411836242E-4 
-0.01279575985010313 1.723107870106651E-4 
-0.013365517354320715 2.3274865233222856E-4 
-0.012892859073196913 1.8092513716650094E-4 
-0.013310051869258387 2.2447554586976697E-4 
-0.011060318163897163 7.024339221899887E-5 
-0.012851858059134382 1.7646739310009921E-4 
-0.007606381473001893 2.6069185443625717E-5 
-0.012716484895661209 1.672943925498795E-4 
-0.01076036499340035 6.284051275608674E-5 
-0.012823990894513164 1.744898765314229E-4 
-0.007313945164984022 2.2339584309213414E-5 
-0.007620631152566613 2.738323799949798E-5 
-0.012880874154426878 1.7882594884101937E-4 
-0.01340398349145655 2.3943515950597063E-4 
-0.01323102703531636 2.1558333595827735E-4 
-0.010972293054653647 6.642687862503048E-5 
-0.01256147564209407 1.5840037388383606E-4 
-0.013169456131766956 2.073914807820766E-4 
