0.0 0.29999999999999993 0.0 0.0 0.0 0.0 0.0 0.35 0.35 0.0 0.0 
0.11953776586527756 0.13193699790716137 0.0 0.10405975240613786 0.1498215198071862 0.10025166239184889 0.0 0.123490733717836 0.27090156790455217 0.0 0.0 
0.11953776586527756 0.13193699790716137 0.0 0.10405975240613786 0.1498215198071862 0.10025166239184889 0.0 0.123490733717836 0.27090156790455217 0.0 0.0 
0.0 0.29999999999999993 0.0 0.0 0.0 0.0 0.0 0.35 0.35 0.0 0.0 
0.0 0.3283117346084377 0.0 0.0 0.0 0.0 0.0 0.32168826539156226 0.35 0.0 0.0 
0.10001200944959993 0.1999879905504002 0.0 0.0 0.0 0.0 0.0 0.35 0.35 0.0 0.0 
0.200372892331743 0.128879092106642 0.0 0.0 0.0 0.0 0.0 0.35 0.3207480155616149 0.0 0.0 
0.22150621138585433 0.14204066676222354 0.0 0.0 0.0 0.0 0.0 0.35 0.2864531218519222 0.0 0.0 
0.19409975835583412 0.13140364486659803 0.0 0.14217625349338023 0.0 0.10425175518655883 0.0 0.1570627360844117 0.2710058520132172 0.0 0.0 
0.17107834364724517 0.1310904350791396 0.0 0.0 0.0 0.0 0.0 0.35 0.34783122127361515 0.0 0.0 
0.20294676861359995 0.11590178378745536 0.0 0.10173329955072864 0.0 0.0 0.0 0.342686487065519 0.23673166098269707 0.0 0.0 
0.0 0.31301121629486806 0.0 0.0 0.0 0.0 0.0 0.3369887837051321 0.35 0.0 0.0 
0.20983117519603048 0.12821643734353005 0.0 0.0 0.0 0.0 0.0 0.35 0.3119523874604396 0.0 0.0 
0.1699772643485353 0.1420640698237879 0.0 0.0 0.0 0.0 0.0 0.35 0.33795866582767686 0.0 0.0 
0.12528468757670286 0.13557527983574774 0.0 0.10812867490939179 0.11635964733705978 0.10299179982771287 0.0 0.1352177927169554 0.2764421177964296 0.0 0.0 
0.19860525018697 0.16272398276795058 0.0 0.0 0.0 0.0 0.0 0.34729234361932854 0.2913784234257508 0.0 0.0 
0.1916157382699774 0.1230315694691456 0.0 0.14670022246771824 0.0 0.1007421464472479 0.0 0.17093980672290116 0.2669705166230097 0.0 0.0 
0.13054575767508098 0.16945424232491924 0.0 0.0 0.0 0.0 0.0 0.35 0.35 0.0 0.0 
0.2188017379023186 0.10883550204586709 0.0 0.10346001401363185 0.0 0.0 0.0 0.31604372562025035 0.25285902041793207 0.0 0.0 
0.1404330558417869 0.11314316184757628 0.0 0.10114682958399585 0.0 0.0 0.0 0.35 0.295276952726641 0.0 0.0 
0.18567811607304455 0.1208086387337655 0.0 0.11523035538735979 0.0 0.10427188967315132 0.0 0.2091397438606834 0.2648712562719955 0.0 0.0 
0.12256651302162026 0.13263384075747162 0.0 0.10578271692762675 0.134349111199102 0.1019392743403597 0.0 0.1322841096734259 0.270444434080394 0.0 0.0 
0.19841377163049354 0.11125492545065757 0.0 0.11034662965249573 0.0 0.0 0.0 0.3335713199533843 0.24641335331296882 0.0 0.0 
0.19204881674651064 0.12081801844532418 0.0 0.12732552275091202 0.0 0.10605356891965911 0.0 0.17499722182423263 0.2787568513133615 0.0 0.0 
0.22043925370946632 0.10220487025131862 0.0 0.13921011211783854 0.0 0.0 0.0 0.2910111661503638 0.2471345977710128 0.0 0.0 
0.12440581252204731 0.12167373848361557 0.0 0.10398898374325723 0.0 0.0 0.0 0.35 0.29993146525108 0.0 0.0 
0.18367090842919986 0.12259508553128323 0.0 0.1255840085713282 0.0 0.10910986354922587 0.0 0.18405116661564483 0.27498896730331807 0.0 0.0 
0.144207786822141 0.11668817830656755 0.0 0.10059074860271881 0.0 0.0 0.0 0.35 0.28851328626857276 0.0 0.0 
0.1834865331257274 0.1193769215320764 0.0 0.12385655412471844 0.0 0.1021713399782364 0.0 0.19991910434959376 0.2711895468896476 0.0 0.0 
0.22036609328881637 0.11408396437080401 0.0 0.13720250241418558 0.0 0.0 0.0 0.2702406157589833 0.2581068241672108 0.0 0.0 
0.22551171043379784 0.10921462873105174 0.0 0.12343915400728571 0.0 0.0 0.0 0.2954465634778364 0.24638794335002842 0.0 0.0 
0.18684819402227382 0.14177196450830096 0.0 0.0 0.0 0.0 0.0 0.35 0.32137984146942516 0.0 0.0 
0.15892014210365213 0.14107985789634783 0.0 0.0 0.0 0.0 0.0 0.35 0.35 0.0 0.0 
0.16370124462841767 0.12186210182574696 0.0 0.1239294124590396 0.0 0.10057872763553359 0.0 0.2331382916549635 0.2567902217962986 0.0 0.0 
0.22310645708785226 0.10344149744286726 0.0 0.14089448400305438 0.0 0.0 0.0 0.28243276016748914 0.2501248012987368 0.0 0.0 
0.12590062514855954 0.12175198831877942 0.0 0.10552490719796526 0.10062338046245525 0.10081192120492362 0.0 0.1720372194460173 0.27334995822129976 0.0 0.0 
0.17841222900380999 0.13176654683204492 0.0 0.10839943405553938 0.0 0.0 0.0 0.3396037433290899 0.24181804677951593 0.0 0.0 
0.0 0.3253169877685118 0.0 0.0 0.0 0.0 0.0 0.32787559197654104 0.3468074202549471 0.0 0.0 
0.17469444740293782 0.10539466930931415 0.0 0.10055828135629549 0.0 0.0 0.0 0.35 0.26935260193145266 0.0 0.0 
0.1270676251470436 0.1366069979624942 0.0 0.11070974222902957 0.10521229117966577 0.10722246347246475 0.0 0.14161737415559253 0.27156350585370964 0.0 0.0 
0.10527102380340324 0.19472897619659674 0.0 0.0 0.0 0.0 0.0 0.35 0.35 0.0 0.0 
0.23611003318520962 0.10579547557387285 0.0 0.13225624700998795 0.0 0.0 0.0 0.26588866304117187 0.25994958118975775 0.0 0.0 
0.21463203306205914 0.12262081428258219 0.0 0.10197157006014433 0.0 0.0 0.0 0.3074262775442055 0.25334930505100883 0.0 0.0 
0.1203588836495718 0.12597417968191862 0.0 0.10477455004947206 0.15085065995794256 0.10094030185485997 0.0 0.12433900486392334 0.27276241994231165 0.0 0.0 
0.23165512629777 0.104375553830589 0.0 0.139862244562284 0.0 0.0 0.0 0.249227992494758 0.2748790828145991 0.0 0.0 
0.0 0.30332755697575914 0.0 0.0 0.0 0.0 0.0 0.34667244302424083 0.35 0.0 0.0 
0.24908033169210628 0.11083532260676236 0.0 0.13057605969519612 0.0 0.0 0.0 0.2506782658304446 0.25883002017549056 0.0 0.0 
0.2470452749391546 0.12317374799454316 0.0 0.13951948332706082 0.0 0.0 0.0 0.23777270265784206 0.2524887910813993 0.0 0.0 
0.17878175836164906 0.12305760769773709 0.0 0.1168971006091308 0.0 0.10413548112521527 0.0 0.2151752083714434 0.26195284383482437 0.0 0.0 
0.16815653711746165 0.12511891077093995 0.0 0.10215294558578789 0.0 0.0 0.0 0.348909563789332 0.2556620427364784 0.0 0.0 
0.12604993186023591 0.13249956882101074 0.0 0.10741544491685319 0.13018329468709802 0.10050680358738515 0.0 0.13496151017509755 0.26838344595231933 0.0 0.0 
0.14117661788659588 0.15882338211340424 0.0 0.0 0.0 0.0 0.0 0.35 0.35 0.0 0.0 
0.21845556035826738 0.11183986338369434 0.0 0.1127910926421971 0.0 0.0 0.0 0.3142989885925371 0.24261449502330415 0.0 0.0 
0.21076077959966483 0.10565314509651186 0.0 0.1180107063892771 0.0 0.0 0.0 0.2980982500199925 0.2674771188945537 0.0 0.0 
0.11985574012239016 0.18014425987760987 0.0 0.0 0.0 0.0 0.0 0.35 0.35 0.0 0.0 
0.18004592345154777 0.13122559504140205 0.0 0.11668836129899202 0.0 0.10749356977176495 0.0 0.18058488116013874 0.28396166927615446 0.0 0.0 
0.18893875609052055 0.11109197852225333 0.0 0.10756134295189226 0.0 0.0 0.0 0.3456888688352368 0.24671905360009697 0.0 0.0 
0.1419483835871388 0.12969284880241394 0.0 0.1097817716792635 0.0 0.0 0.0 0.34741138877422895 0.2711656071569548 0.0 0.0 
0.18735941110400428 0.1023866989979464 0.0 0.11151751660963692 0.0 0.0 0.0 0.35 0.24873637328841244 0.0 0.0 
0.17988621864047522 0.12151839215289023 0.0 0.10115458193622513 0.0 0.0 0.0 0.3449511832526639 0.25248962401774555 0.0 0.0 
0.15783856768872304 0.10694844374959817 0.0 0.10237539917807902 0.0 0.0 0.0 0.35 0.28283758938359976 0.0 0.0 
0.22425722999801373 0.15192149336169178 0.0 0.0 0.0 0.0 0.0 0.35 0.27382127664029454 0.0 0.0 
0.22555173278248566 0.11416831321621292 0.0 0.16183250012021558 0.0 0.0 0.0 0.2440310281780221 0.2544164257030636 0.0 0.0 
0.11949814662365746 0.1277563186979222 0.0 0.10203651140658256 0.12264173729428182 0.10307989999805567 0.0 0.1494706961620735 0.27551668981742694 0.0 0.0 
0.22822320573006225 0.10719228146231803 0.0 0.11868667343846176 0.0 0.0 0.0 0.31489937194763284 0.23099846742152505 0.0 0.0 
0.18772405612999077 0.1218461573010846 0.0 0.13009041505871838 0.0 0.10421704374500494 0.0 0.20798536668812032 0.24813696107708103 0.0 0.0 
0.12426614761877194 0.17573385238122824 0.0 0.0 0.0 0.0 0.0 0.35 0.35 0.0 0.0 
0.17129193834076462 0.11711586285078195 0.0 0.11849502051556099 0.0 0.10311410416661289 0.0 0.22760118854048458 0.262381885585795 0.0 0.0 
0.21702881838570368 0.12168502153717854 0.0 0.12938354512243797 0.0 0.0 0.0 0.28035055500306655 0.2515520599516132 0.0 0.0 
0.175738963051452 0.12463800768026168 0.0 0.11595044707038565 0.0 0.1028381660439371 0.0 0.21908491909451333 0.2617494970594503 0.0 0.0 
0.12961262851930733 0.12334532756404575 0.0 0.10840087465190708 0.10130295566550336 0.10068661043056237 0.0 0.16618102778726324 0.27047057538141084 0.0 0.0 
0.2323437417400997 0.10417568712594844 0.0 0.12024620082800992 0.0 0.0 0.0 0.30023639939045443 0.2429979709154875 0.0 0.0 
0.23628364431313395 0.12423436303190834 0.0 0.1447135341814381 0.0 0.0 0.0 0.25205657952418 0.24271187894933965 0.0 0.0 
0.18203863252977126 0.11844066418805317 0.0 0.11297172097751448 0.0 0.10222805255051404 0.0 0.2246414246625053 0.25967950509164195 0.0 0.0 
0.2051368436072071 0.11668137924975718 0.0 0.10660388998701938 0.0 0.0 0.0 0.33426762144091815 0.23731026571509817 0.0 0.0 
0.1742641314651134 0.14306014402647552 0.0 0.0 0.0 0.0 0.0 0.35 0.33267572450841115 0.0 0.0 
0.1303814656723118 0.11875451453934273 0.0 0.10376029174985174 0.0 0.0 0.0 0.35 0.2971037280384937 0.0 0.0 
0.1222271618922487 0.12550678656706477 0.0 0.10358527037821591 0.10526762684690284 0.10025022453464233 0.0 0.16728376671696502 0.27587916306396043 0.0 0.0 
0.1688297610160729 0.11661952939337436 0.0 0.11339094291966349 0.0 0.0 0.0 0.35 0.25115976667088924 0.0 0.0 
0.22268225408817782 0.1509922820830265 0.0 0.0 0.0 0.0 0.0 0.34867279697581804 0.27765266685297746 0.0 0.0 
0.20944263275263497 0.12284762284926068 0.0 0.1190277653615314 0.0 0.0 0.0 0.2925498212555203 0.2561321577810526 0.0 0.0 
0.12418276091651588 0.13094390494490188 0.0 0.10826452253620016 0.10435002351127626 0.10361165703264387 0.0 0.15064162544407092 0.27800550561439114 0.0 0.0 
0.1116407949406497 0.18835920505935042 0.0 0.0 0.0 0.0 0.0 0.35 0.35 0.0 0.0 
0.1131493143481161 0.18685068565188404 0.0 0.0 0.0 0.0 0.0 0.35 0.35 0.0 0.0 
0.15526085242831708 0.1249341329676169 0.0 0.10095487545547084 0.0 0.0 0.0 0.34494855104585564 0.2739015881027395 0.0 0.0 
0.14496152774711962 0.1118942363638206 0.0 0.10731492611961525 0.0 0.0 0.0 0.35 0.28582930976944454 0.0 0.0 
0.23627142541217544 0.12422793851876887 0.0 0.141267341849291 0.0 0.0 0.0 0.25204354495976866 0.24618974925999598 0.0 0.0 
0.1973070570862887 0.12518134616703794 0.0 0.12979100669183893 0.0 0.10424612106263637 0.0 0.17446907065165415 0.26900539834054377 0.0 0.0 
0.14332592346878742 0.1264663660976263 0.0 0.10264921005125784 0.0 0.0 0.0 0.35 0.27755850038232843 0.0 0.0 
0.16824678727444264 0.12518606249475597 0.0 0.10220777140185919 0.0 0.0 0.0 0.34332035216759116 0.26103902666135104 0.0 0.0 
0.22418895817831305 0.12348063937635631 0.0 0.10092479484366437 0.0 0.0 0.0 0.28650876799195185 0.26489683960971444 0.0 0.0 
0.18380520139511206 0.13410834349254763 0.0 0.0 0.0 0.0 0.0 0.3483241330601569 0.3337623220521835 0.0 0.0 
0.1575345024211658 0.12676367651375664 0.0 0.10243326519935911 0.0 0.0 0.0 0.35 0.2632685558657184 0.0 0.0 
0.19543046954399404 0.12153277973753947 0.0 0.0 0.0 0.0 0.0 0.35 0.3330367507184666 0.0 0.0 
0.12298243875397054 0.13383472444572708 0.0 0.10703054300423781 0.1036522342244515 0.10129543572947715 0.0 0.15550765612407252 0.27569696771806335 0.0 0.0 
0.13206378292345233 0.1256779586227877 0.0 0.11045088539817176 0.10321873492844312 0.10259073375106537 0.0 0.15041235563434527 0.27558554874173447 0.0 0.0 
0.19926475068384672 0.1264234037170511 0.0 0.1310788015967627 0.0 0.10528045793222604 0.0 0.17620016424572296 0.26175242182439046 0.0 0.0 
0.2183787487861025 0.10847846306388355 0.0 0.10337892085706009 0.0 0.0 0.0 0.3250787134951255 0.24468515379782846 0.0 0.0 
0.1979783900010125 0.15388487040195858 0.0 0.0 0.0 0.0 0.0 0.34940418361226255 0.2987325559847664 0.0 0.0 
0.18526220567769627 0.12724451242460458 0.0 0.0 0.0 0.0 0.0 0.35 0.3374932818976993 0.0 0.0 
