0.0 0.29999999999999993 0.0 0.0 0.0 0.0 0.0 0.35 0.35 0.0 0.0 
0.19252473960696428 0.13133773212566796 0.0 0.1422904975383408 0.0 0.1060544923888804 0.0 0.16058011904301356 0.26721241929713313 0.0 0.0 
0.19252473960696428 0.13133773212566796 0.0 0.1422904975383408 0.0 0.1060544923888804 0.0 0.16058011904301356 0.26721241929713313 0.0 0.0 
0.0 0.29999999999999993 0.0 0.0 0.0 0.0 0.0 0.35 0.35 0.0 0.0 
0.0 0.3285210493105624 0.0 0.0 0.0 0.0 0.0 0.3214789506894375 0.35 0.0 0.0 
0.10010297049629892 0.19989702950370103 0.0 0.0 0.0 0.0 0.0 0.35 0.35 0.0 0.0 
0.0 0.3187389875442522 0.0 0.0 0.0 0.0 0.0 0.33126101245574774 0.35 0.0 0.0 
0.0 0.31179443027441756 0.0 0.0 0.0 0.0 0.0 0.3424109980519429 0.34579457167363953 0.0 0.0 
0.19128740788486906 0.13221635874949783 0.0 0.13400132172545834 0.0 0.10563615570318947 0.0 0.17016050911689842 0.2666982468200869 0.0 0.0 
0.2027668600678471 0.153376562069202 0.0 0.0 0.0 0.0 0.0 0.35 0.29385657786295083 0.0 0.0 
0.17787533112695345 0.12456779821771098 0.0 0.12938053223290408 0.0 0.10018356625082744 0.0 0.20465647029032705 0.263336301881277 0.0 0.0 
0.19567813249647756 0.10970372455134526 0.0 0.1053914165744443 0.0 0.0 0.0 0.3255589282792761 0.26366779809845675 0.0 0.0 
0.21926225972272836 0.13880767022776092 0.0 0.0 0.0 0.0 0.0 0.35 0.29193007004951077 0.0 0.0 
0.18899545256588499 0.12707929334474818 0.0 0.12873436582308212 0.0 0.1004654578087422 0.0 0.19227559676981584 0.26244983368772673 0.0 0.0 
0.13064401201473674 0.11589073987243653 0.0 0.10340324452976507 0.0 0.0 0.0 0.35 0.30006200358306173 0.0 0.0 
0.19121686469714355 0.11607597935760738 0.0 0.11569415476276945 0.0 0.0 0.0 0.32437730179233876 0.25263569939014086 0.0 0.0 
0.18863031858513982 0.13213985159525343 0.0 0.1263504414995827 0.0 0.10634964082575706 0.0 0.1757258743379222 0.2708038731563448 0.0 0.0 
0.18458102143853528 0.13106916655160158 0.0 0.13139135512125133 0.0 0.10478648103070327 0.0 0.18080700780616712 0.2673649680517414 0.0 0.0 
0.1832048483611178 0.10434735111633815 0.0 0.11023093502863097 0.0 0.0 0.0 0.35 0.2522168654939132 0.0 0.0 
0.17829671678207049 0.14973939586384344 0.0 0.0 0.0 0.0 0.0 0.35 0.3219638873540861 0.0 0.0 
0.11456657476106777 0.18543342523893228 0.0 0.0 0.0 0.0 0.0 0.35 0.35 0.0 0.0 
0.1654337488207326 0.158683142053793 0.0 0.0 0.0 0.0 0.0 0.35 0.3258831091254745 0.0 0.0 
0.16373710148617573 0.10248551051703862 0.0 0.10301051468948146 0.0 0.0 0.0 0.3489060718856453 0.2818608014216589 0.0 0.0 
0.161230777386477 0.1586060478904412 0.0 0.0 0.0 0.0 0.0 0.35 0.3301631747230818 0.0 0.0 
0.1780958580300832 0.12023028454319946 0.0 0.11794207001112399 0.0 0.10467906108190117 0.0 0.21781852159819634 0.26123420473549575 0.0 0.0 
0.18732869961515208 0.14617728439189398 0.0 0.0 0.0 0.0 0.0 0.35 0.31649401599295385 0.0 0.0 
0.19113261160882183 0.13050525215154385 0.0 0.14034986651482292 0.0 0.10569744793383401 0.0 0.16691044199993102 0.2654043797910464 0.0 0.0 
0.20981175150251002 0.10471045044457221 0.0 0.10127099057557716 0.0 0.0 0.0 0.34654751509338155 0.23765929238395908 0.0 0.0 
0.235237620631413 0.13197933427680938 0.0 0.0 0.0 0.0 0.0 0.35 0.28278304509177765 0.0 0.0 
0.18598906796919884 0.12422889070526279 0.0 0.12709119984079364 0.0 0.10005144839332074 0.0 0.20214206972991966 0.2604973233615043 0.0 0.0 
0.21334996437294265 0.1256160414672463 0.0 0.0 0.0 0.0 0.0 0.34802708882959166 0.3130069053302193 0.0 0.0 
0.2122642291811559 0.11010456625302084 0.0 0.13424407043800476 0.0 0.0 0.0 0.28010019576115847 0.26328693836666006 0.0 0.0 
0.20040559133930094 0.13369680051128063 0.0 0.0 0.0 0.0 0.0 0.35 0.3158976081494185 0.0 0.0 
0.1470588382682619 0.10322786630929685 0.0 0.10072485915810539 0.0 0.0 0.0 0.35 0.29898843626433597 0.0 0.0 
0.1475088546012053 0.10604297541655076 0.0 0.10598770075375127 0.0 0.0 0.0 0.35 0.2904604692284928 0.0 0.0 
0.24077367421863508 0.11832178685198175 0.0 0.14136954236543453 0.0 0.0 0.0 0.25409583113074 0.2454391654332087 0.0 0.0 
0.20855390959753192 0.12819384429575323 0.0 0.0 0.0 0.0 0.0 0.35 0.3132522461067149 0.0 0.0 
0.23220695171520794 0.11730774811060404 0.0 0.12251006804026891 0.0 0.0 0.0 0.2849898570206717 0.24298537511324736 0.0 0.0 
0.2303862049635186 0.11256822571108109 0.0 0.1275808000289259 0.0 0.0 0.0 0.2791148991446255 0.25034987015184895 0.0 0.0 
0.17508228103449122 0.11216466965956695 0.0 0.10607014006396498 0.0 0.0 0.0 0.3308905476464097 0.2757923615955671 0.0 0.0 
0.2232963835790758 0.11929906138464917 0.0 0.12531987927752733 0.0 0.0 0.0 0.29598051876550274 0.23610415699324497 0.0 0.0 
0.12945004663365514 0.12805950474434882 0.0 0.10173443266842826 0.0 0.0 0.0 0.35 0.2907560159535678 0.0 0.0 
0.12241195576919321 0.17758804423080687 0.0 0.0 0.0 0.0 0.0 0.35 0.35 0.0 0.0 
0.2207880820272913 0.10056646033889408 0.0 0.14997919523712547 0.0 0.0 0.0 0.2602208526268146 0.26844540976987447 0.0 0.0 
0.1902818969599359 0.12168750172864551 0.0 0.11263654751326056 0.0 0.10482451494088775 0.0 0.21543410414509184 0.2551354347121786 0.0 0.0 
0.22440241366580196 0.10521360196414406 0.0 0.10620943690250835 0.0 0.0 0.0 0.3185457343063162 0.24562881316122934 0.0 0.0 
0.20620165750911487 0.12456011467024787 0.0 0.11140295160195808 0.0 0.0 0.0 0.29011037636110415 0.2677248998575751 0.0 0.0 
0.19096389493831503 0.10769800674222141 0.0 0.10771756735473229 0.0 0.0 0.0 0.3406990536846748 0.2529214772800563 0.0 0.0 
0.12594433729356602 0.17405566270643408 0.0 0.0 0.0 0.0 0.0 0.35 0.35 0.0 0.0 
0.14235648576957244 0.11769947449955478 0.0 0.10161858644962934 0.0 0.0 0.0 0.35 0.2883254532812434 0.0 0.0 
0.20130980322312841 0.10403357560467305 0.0 0.10239413310879976 0.0 0.0 0.0 0.3494275173187058 0.24283497074469296 0.0 0.0 
0.19773560620734149 0.10902651721400673 0.0 0.10653578814701917 0.0 0.0 0.0 0.33448602554035195 0.2522160628912809 0.0 0.0 
0.18233237647970513 0.11161148973678862 0.0 0.10082189190446135 0.0 0.0 0.0 0.3499999999999999 0.2552342418790449 0.0 0.0 
0.22546279651818105 0.10396332629683296 0.0 0.11251249379123883 0.0 0.0 0.0 0.3118062765840986 0.24625510680964852 0.0 0.0 
0.14617176041510263 0.10508174874110927 0.0 0.11409147629223114 0.0 0.0 0.0 0.34682742458816357 0.2878275899633934 0.0 0.0 
0.18763138505822244 0.1190873242500105 0.0 0.10754278856722477 0.0 0.10185698079384306 0.0 0.21989422957472599 0.26398729175597335 0.0 0.0 
0.19826474591267257 0.105723177613852 0.0 0.12550665575814576 0.0 0.0 0.0 0.30674156317506684 0.2637638575402628 0.0 0.0 
0.17180377103235503 0.12433206255641575 0.0 0.1169697430215412 0.0 0.10118190679554427 0.0 0.23117856010011995 0.2545339564940238 0.0 0.0 
0.16695629062310827 0.12432833890574925 0.0 0.118431342453871 0.0 0.10534390551113866 0.0 0.22318586629538303 0.2617542562107498 0.0 0.0 
0.16968105884033607 0.1248140806144971 0.0 0.11391021357424184 0.0 0.10235289936787774 0.0 0.23569473673528593 0.2535470108677613 0.0 0.0 
0.0 0.30215178183458047 0.0 0.0 0.0 0.0 0.0 0.34784821816541955 0.35 0.0 0.0 
0.1699579105377519 0.10130428740284544 0.0 0.10250552735234286 0.0 0.0 0.0 0.35 0.2762322747070598 0.0 0.0 
0.24086415952645324 0.1133904189264685 0.0 0.14541620793791116 0.0 0.0 0.0 0.26655204406081257 0.23377716954835445 0.0 0.0 
0.1742358524365203 0.10638746651980291 0.0 0.10283721059186617 0.0 0.0 0.0 0.34689021187690505 0.26964925857490557 0.0 0.0 
0.22238552892644628 0.10540062540639512 0.0 0.14684413635907542 0.0 0.0 0.0 0.2705163246147473 0.2548533846933358 0.0 0.0 
0.22108652520223687 0.10867026860672623 0.0 0.1263690842668055 0.0 0.0 0.0 0.30679182394726956 0.23708229797696184 0.0 0.0 
0.22747126967859174 0.10713193060002281 0.0 0.126837332089003 0.0 0.0 0.0 0.3038109989289686 0.23474846870341384 0.0 0.0 
0.10942904168302935 0.19057095831697068 0.0 0.0 0.0 0.0 0.0 0.35 0.35 0.0 0.0 
0.17622047846481687 0.1462838523791359 0.0 0.0 0.0 0.0 0.0 0.35 0.3274956691560473 0.0 0.0 
0.16605276394290835 0.14320238180619857 0.0 0.0 0.0 0.0 0.0 0.35 0.34074485425089307 0.0 0.0 
0.17738798380506127 0.10239512557406051 0.0 0.10122267288035869 0.0 0.0 0.0 0.35 0.26899421774051957 0.0 0.0 
0.18359983662195797 0.10589701427034098 0.0 0.1006205580606651 0.0 0.0 0.0 0.35 0.2598825910470361 0.0 0.0 
0.22296177544723597 0.10853911440396434 0.0 0.11564620182465438 0.0 0.0 0.0 0.3029217911703832 0.24993111715376212 0.0 0.0 
0.2231637146034636 0.11222244469688165 0.0 0.10189333829798447 0.0 0.0 0.0 0.3305282168130181 0.2321922855886522 0.0 0.0 
0.23698442414765228 0.1133827196746894 0.0 0.1524819326738945 0.0 0.0 0.0 0.25039034619312994 0.24676057731063383 0.0 0.0 
0.2322870225874996 0.11113529701723068 0.0 0.1619616563050949 0.0 0.0 0.0 0.24542721831210956 0.24918880577806524 0.0 0.0 
0.12912720706174283 0.10858324743227826 0.0 0.10281920460397742 0.0 0.0 0.0 0.35 0.3094703409020015 0.0 0.0 
0.14079586800961075 0.1592041319903893 0.0 0.0 0.0 0.0 0.0 0.35 0.35 0.0 0.0 
0.18818349773044565 0.14447259880511967 0.0 0.0 0.0 0.0 0.0 0.34617885743415 0.32116504603028456 0.0 0.0 
0.20993030638626425 0.16698051621055118 0.0 0.0 0.0 0.0 0.0 0.35 0.2730891774031846 0.0 0.0 
0.20721481098490405 0.10001459938367971 0.0 0.1302208647242748 0.0 0.0 0.0 0.3146402533309831 0.24790947157615836 0.0 0.0 
0.23158028741016892 0.10684295899903234 0.0 0.1357276792972144 0.0 0.0 0.0 0.27262217991329846 0.25322689438028595 0.0 0.0 
0.10613190079091385 0.19386809920908615 0.0 0.0 0.0 0.0 0.0 0.35 0.35 0.0 0.0 
0.225313768807937 0.10732699218668737 0.0 0.15043198270895636 0.0 0.0 0.0 0.26412758792565444 0.25279966837076484 0.0 0.0 
0.12912720706174283 0.10858324743227826 0.0 0.10281920460397742 0.0 0.0 0.0 0.35 0.3094703409020015 0.0 0.0 
0.23388804495576082 0.1119012894280246 0.0 0.1504896418928908 0.0 0.0 0.0 0.24711880857798332 0.2566022151453404 0.0 0.0 
0.20749055710604297 0.11089612593114175 0.0 0.10852745415288233 0.0 0.0 0.0 0.328771417829067 0.244314444980866 0.0 0.0 
0.1336104754449595 0.16638952455504058 0.0 0.0 0.0 0.0 0.0 0.35 0.35 0.0 0.0 
0.2065209999502587 0.17130292903449712 0.0 0.0 0.0 0.0 0.0 0.35 0.27217607101524427 0.0 0.0 
0.22277191516633352 0.11062667417038842 0.0 0.1474278820704621 0.0 0.0 0.0 0.286927289010289 0.23224623958252688 0.0 0.0 
0.17139697357957384 0.12403766874862525 0.0 0.11669278173467473 0.0 0.10094232799174595 0.0 0.235091584852025 0.2518386630933551 0.0 0.0 
0.10253374221767383 0.19746625778232618 0.0 0.0 0.0 0.0 0.0 0.35 0.35 0.0 0.0 
0.23079324960871989 0.11042061695536687 0.0 0.16092012611932732 0.0 0.0 0.0 0.24384894440387347 0.2540170629127124 0.0 0.0 
0.2183222791081667 0.12294823150356636 0.0 0.12505062343801465 0.0 0.0 0.0 0.29870520985695037 0.2349736560933019 0.0 0.0 
0.19352272801298262 0.11985760071532729 0.0 0.11190684211389577 0.0 0.10369235912689684 0.0 0.21630153319098336 0.25471893683991403 0.0 0.0 
0.2203236735352232 0.10728805512900802 0.0 0.12467420034252884 0.0 0.0 0.0 0.3049621072764878 0.24275196371675212 0.0 0.0 
0.21774870514275743 0.10727713840231795 0.0 0.10664723302949726 0.0 0.0 0.0 0.3299404721861053 0.23838645123932214 0.0 0.0 
0.1694994637727725 0.13050053622722754 0.0 0.0 0.0 0.0 0.0 0.35 0.35 0.0 0.0 
0.18291959903843658 0.12809670218985364 0.0 0.12973584953543307 0.0 0.10127711893973716 0.0 0.19566387171914668 0.26230685857739294 0.0 0.0 
0.23965138076059142 0.10910049435348965 0.0 0.14194723363806208 0.0 0.0 0.0 0.2620531934145402 0.2472476978333165 0.0 0.0 
