-0.013896782101248402 3.938597041776102E-4 
-0.00564315294439279 4.325960095905337E-5 
-0.013896782101248402 3.938597041776102E-4 
-0.013526779851448848 3.90791346356299E-4 
-0.013510187834384863 2.619319333577051E-4 
-0.0073871734075693415 4.952576689851701E-5 
-0.008974462554928786 5.110463396644983E-5 
-0.007005984855611556 4.4081446141956325E-5 
-0.005769814945301855 4.363933671500159E-5 
-0.0108426217431087 8.675803179112157E-5 
-0.011272998588756734 8.727540410698074E-5 
-0.009425818483631374 5.384318881034134E-5 
-0.00917418764308666 5.250684594265413E-5 
-0.01252627389657189 1.4681338871646795E-4 
-0.010042731411827686 6.542497220470682E-5 
-0.010615362271974172 8.131922555251828E-5 
-0.010451152637316496 7.84304626234998E-5 
-0.009807561200255449 6.147648158497123E-5 
-0.011713223416248713 9.315598775680874E-5 
-0.012627780789535515 1.5868071990003451E-4 
-0.012581102029304576 1.529320062400886E-4 
-0.010775136258811643 8.484818785190897E-5 
-0.013049962604803567 1.9436203806157273E-4 
-0.007219793138414664 4.676287092116304E-5 
-0.013420611657306486 2.4256622052655198E-4 
-0.0102386799656142 7.372510874079883E-5 
-0.010658051548493273 8.328759665193765E-5 
-0.012943662575475315 1.8422190260143352E-4 
-0.012989471615591466 1.8874906308314224E-4 
-0.01309077718727502 1.9942570793318688E-4 
-0.007284714168509935 4.871056405042003E-5 
-0.012087039889861378 1.094982113938207E-4 
-0.012372087027721695 1.3109168666948382E-4 
-0.012471804503833242 1.4097936055891539E-4 
-0.013395820122542788 2.3795116295585787E-4 
-0.012837712573776673 1.7539144975933156E-4 
-0.01013500919198968 7.24380244413996E-5 
-0.013440358248571264 2.4647312872451833E-4 
-0.012248021678780648 1.2034774463087487E-4 
-0.013648418267241808 3.9111146757228035E-4 
-0.01348289710050006 2.555854288911654E-4 
-0.012874134601425762 1.7826673082001806E-4 
-0.011504040660046178 8.869906062858824E-5 
-0.013248472332689432 2.1718351494717097E-4 
-0.011611739120166848 9.229843030378028E-5 
-0.013274477151860569 2.200199371598445E-4 
-0.013301966508352362 2.2340450693037926E-4 
-0.011432764448524911 8.781591359353803E-5 
-0.013128523690391037 2.037658513868118E-4 
-0.01301761067515625 1.912996159893962E-4 
-0.01158725423839509 8.996698603515828E-5 
-0.012380759335757368 1.3577011589300595E-4 
-0.011801691008327793 9.611634782189347E-5 
-0.01279479427992684 1.7248973571637374E-4 
-0.011801691008327793 9.611634782189347E-5 
-0.01379284874909436 3.923674881520547E-4 
-0.0133600060767094 2.3185429345030998E-4 
-0.009734499470276966 5.849783402684946E-5 
-0.012599272554419052 1.5513146264292094E-4 
-0.013133560663694678 2.0890275621572932E-4 
-0.013378849453255317 2.34978140249818E-4 
-0.01008223039160766 6.90976537700974E-5 
-0.013456849863377668 2.498929959549904E-4 
-0.013494361287927473 2.605663762630428E-4 
-0.0071123456217267325 4.554077036468651E-5 
-0.013715300431458667 3.915748790668316E-4 
-0.012739135701265936 1.6828444780069696E-4 
-0.011333493881264823 8.772587569346112E-5 
-0.010328792415290137 7.459669149445416E-5 
-0.012690252098573102 1.6629990570976577E-4 
-0.013339859265226003 2.2872067868606359E-4 
-0.009807561200255449 6.147648158497123E-5 
-0.013318109449514288 2.263963273968398E-4 
-0.012230197858052473 1.1895035759498511E-4 
-0.012023002398764186 1.0611938191741526E-4 
-0.013470402521780615 2.5281035529611226E-4 
-0.011921328287562614 1.003187627051035E-4 
-0.012769661143080209 1.7031787157880787E-4 
-0.009519547095140298 5.5311348681037154E-5 
-0.010382308717691427 7.777448426883875E-5 
-0.01266669301647446 1.6412137217571034E-4 
-0.009705039786991495 5.808749175449223E-5 
-0.012146585027294446 1.1289936241468469E-4 
-0.012023002398764186 1.0611938191741526E-4 
-0.012461902954420912 1.3990612936238037E-4 
-0.009089520114278674 5.138333123358362E-5 
-0.009528399640124585 5.594178413015101E-5 
-0.007087686576839119 4.489333043975391E-5 
-0.01310216404787859 2.020245801978E-4 
-0.012123492340373502 1.1159842371370819E-4 
-0.013856444708461663 3.9349781797537345E-4 
-0.011921328287562614 1.003187627051035E-4 
-0.013213332868473999 2.1391506298246466E-4 
-0.005714382466367361 4.335592887294714E-5 
-0.011959099228385811 1.020318829950445E-4 
-0.012190160524999879 1.1594186219813677E-4 
-0.012301279887866019 1.2473959959848955E-4 
-0.010042731411827686 6.542497220470682E-5 
-0.010100520825960645 7.058399555407291E-5 
-0.01038078543137409 7.49668893792142E-5 
