-0.014376763121341365 4.2232773941764865E-4 
-0.00789702122187823 1.4044617928053903E-5 
-0.00789702122187823 1.4044617928053903E-5 
-0.014376763121341365 4.2232773941764865E-4 
-0.008359689237642806 1.5765341364331126E-5 
-0.008670017319082665 1.940950514869506E-5 
-0.01317674360508735 2.223023063722791E-4 
-0.012534443445920685 1.6486117454336428E-4 
-0.013288632922370687 2.3206869687133927E-4 
-0.01416311484591785 3.6161133462633203E-4 
-0.013788753212319635 2.9936824655286634E-4 
-0.01268401242582554 1.780002355663414E-4 
-0.011231490795299046 8.43071501604989E-5 
-0.009522340729828523 2.9971976367626642E-5 
-0.013973529180986304 3.278633926611316E-4 
-0.014163693249744794 3.833083999585842E-4 
-0.011825056544289385 1.2426220569367605E-4 
-0.01374564923591906 2.882598390410323E-4 
-0.013938216758971767 3.202937143213574E-4 
-0.009866395317229775 3.735833048330629E-5 
-0.010181375930164261 4.64367090367428E-5 
-0.014329921908587496 4.1321478113076415E-4 
-0.011584279227968636 1.05778848645089E-4 
-0.01284426857495448 1.929193531378477E-4 
-0.011399961114561654 9.221627373827442E-5 
-0.011630782074155051 1.1254869869785255E-4 
-0.009672342689505847 3.363351890217322E-5 
-0.014288191405236187 4.053500538113927E-4 
-0.013890841891286879 3.130889502192155E-4 
-0.013343526431086383 2.3787468443018072E-4 
-0.014257962608583176 3.9980244179991164E-4 
-0.012992183513099016 2.0812225111711008E-4 
-0.011936926018197135 1.2628371836098835E-4 
-0.014116490597445932 3.557687689427811E-4 
-0.012765943606476616 1.8962102691209035E-4 
-0.012190426854698375 1.4392174385201601E-4 
-0.012730566955634612 1.8276607999563152E-4 
-0.01308046075153646 2.1523187916940934E-4 
-0.010824688921735073 6.647581445118755E-5 
-0.012004888608650345 1.3038836364571784E-4 
-0.012298473901520996 1.486173180066931E-4 
-0.010432012290105472 5.3097872556878256E-5 
-0.012058851614479275 1.3519223293383874E-4 
-0.009735299118471768 3.4558501805846066E-5 
-0.00822773493609948 1.5018349109538032E-5 
-0.011497155222769452 9.907715689133875E-5 
-0.012375298781341592 1.5378483585490544E-4 
-0.011748264703649066 1.1661821481852205E-4 
-0.010137689764266966 4.448624750974513E-5 
-0.010000631453340575 4.2391356313298976E-5 
-0.010515865522221403 5.637790175293151E-5 
-0.013396919480163319 2.4290365319624895E-4 
-0.00805216837488637 1.4489594433020791E-5 
-0.010345576535726746 5.099615216999183E-5 
-0.009008889353474402 2.2840850924937417E-5 
-0.014006033826373377 3.3791131725110157E-4 
-0.011135972505668747 7.975228649484244E-5 
-0.009396360281628371 2.905218689989252E-5 
-0.013714652322881646 2.833080205583628E-4 
-0.01357119841254482 2.6435872677263347E-4 
-0.012875299680222527 2.0168305643998243E-4 
-0.012900926730214068 2.0321072621996665E-4 
-0.009341338753019271 2.6940312694611005E-5 
-0.014055592624869731 3.4077867296694706E-4 
-0.00913665042494611 2.4395481454628253E-5 
-0.011399961114561657 9.221627373827449E-5 
-0.011068417581748457 7.636305662046568E-5 
-0.010999884831222443 7.535068848669008E-5 
-0.008781678460553935 1.9931723202420268E-5 
-0.010905512605281217 6.959228286346935E-5 
-0.013843375796384777 3.057822077971256E-4 
-0.008939327418016374 2.1964781275168084E-5 
-0.014215733261341863 3.9226270634231086E-4 
-0.01420691032630701 3.9071838373134376E-4 
-0.011510445404495362 1.0098448298870173E-4 
-0.014363852919484499 4.1978596302328774E-4 
-0.012426931239863818 1.6108510802493198E-4 
-0.008830124932190991 2.1781691486271824E-5 
-0.00923662188926895 2.5461748483421095E-5 
-0.012120961565698848 1.3911454055370284E-4 
-0.008127144223978408 1.4636057172421867E-5 
-0.010724829844339036 6.428340718788352E-5 
-0.011716898924047004 1.1562386495247632E-4 
-0.013661129410813546 2.7571233897329367E-4 
-0.013675283180171846 2.7842314706895844E-4 
-0.01118930690247755 8.322354886651032E-5 
-0.013854407780832221 3.0763315243336647E-4 
-0.014097393997861028 3.4836975535107255E-4 
-0.014163693249744796 3.8330839995858444E-4 
-0.013436286672843367 2.471722616566058E-4 
-0.010724829844339036 6.428340718788352E-5 
-0.012338486808034673 1.5100013304877944E-4 
-0.013611223048820842 2.7033220901457396E-4 
-0.013494893107736355 2.5487735495005305E-4 
-0.012498785657603973 1.6203221855812762E-4 
-0.013017686534268321 2.1336606407378837E-4 
-0.00996395907289351 4.0051536209235386E-5 
-0.01409739399786103 3.4836975535107266E-4 
-0.010600310392024349 5.908513275055647E-5 
-0.013462787090566064 2.5252797696478956E-4 
