-0.013698792162351306 5.790527131007629E-4 
-0.0024220415840409664 4.372527564212884E-5 
-0.013698792162351306 5.790527131007629E-4 
-0.0038074260948189457 5.211161832416943E-5 
-0.006433548086238165 1.0338252161062395E-4 
-0.0029201695855370093 5.037026661130613E-5 
-0.005683430149437954 9.880341094406115E-5 
-0.004889612007164279 6.406207014122318E-5 
-0.010702616108954677 2.601789606673818E-4 
-0.008256239726996139 1.570160406874165E-4 
-0.012850890758963871 4.6379061712439765E-4 
-0.00435449369123775 6.271403169359342E-5 
-0.0093325969542336 1.8589107623700807E-4 
-0.010543512963234499 2.5296262608647354E-4 
-0.011433545048002135 3.2395643608887814E-4 
-0.009158968715167729 1.7457842073574943E-4 
-0.009853127516982814 2.0358088401721154E-4 
-0.004164962955119382 5.343445347429348E-5 
-0.011757018138937678 3.545841788991261E-4 
-0.007776635291818488 1.5636006390132843E-4 
-0.011662645381802316 3.4137378101579627E-4 
-0.013166089216958799 5.052749974664061E-4 
-0.010093178615416332 2.2918619412567998E-4 
-0.012632775665027017 4.385911244689382E-4 
-0.007629493819308129 1.418124144908152E-4 
-0.010347615577453848 2.457216783152465E-4 
-0.01244476177084299 4.2776955883977615E-4 
-0.008565666044511854 1.6381166032898884E-4 
-0.013231799748554538 5.148318014162682E-4 
-0.010748180848620795 2.799614212273446E-4 
-0.013097711879483557 4.956425939073701E-4 
-0.005489087253484779 9.13028980110595E-5 
-0.013528522309280333 5.549843110110223E-4 
-0.007423460809401633 1.3295727667973615E-4 
-0.0049899339829783396 6.992748913309858E-5 
-0.0066845625746349575 1.1064829651221096E-4 
-0.009721014095468751 1.9733689318289006E-4 
-0.011901361744580083 3.729731435163133E-4 
-0.005291364148337989 7.893197619507675E-5 
-0.007754811681624233 1.537745684031986E-4 
-0.008439263982241332 1.6149930309047303E-4 
-0.010027193406951141 2.130931212070876E-4 
-0.0025652329248576885 4.724068667630904E-5 
-0.01021130708119045 2.3340550222945042E-4 
-0.011310233734453199 3.113052471564959E-4 
-0.009517667695479532 1.9106897380274636E-4 
-0.009051071539281084 1.681411540553471E-4 
-0.013421748458989892 5.441114360914957E-4 
-0.011539463829144947 3.3156455634970503E-4 
-0.01251028776526811 4.3761999695874786E-4 
-0.010060802240526471 2.151717080745005E-4 
-0.006543422703889246 1.0558370805347053E-4 
-0.011293535929046713 3.0999859283372083E-4 
-0.012036216779154313 3.7744218462237167E-4 
-0.012125256888706751 3.8744187357939196E-4 
-0.010226799076548167 2.4347558027500865E-4 
-0.008879246636578846 1.642491393584972E-4 
-0.007573355621113697 1.3757838671383046E-4 
-0.004311472576574525 5.662295497023203E-5 
-0.0071399389313836145 1.1833318030484558E-4 
-0.012746897480190382 4.512313065559841E-4 
-0.013368519228426816 5.341669006828334E-4 
-0.012201803850519636 3.964701944011544E-4 
-0.012746897480190382 4.512313065559841E-4 
-0.007313361909731017 1.2246032110695007E-4 
-0.011147270956137382 3.001201306001524E-4 
-0.012314229977716605 4.104538393655096E-4 
-0.0027784334431921677 4.785789995965842E-5 
-0.012960594452948495 4.772863099873248E-4 
-0.009606688462867575 1.934316843291266E-4 
-0.005494075804446726 9.206179987211891E-5 
-0.0070375549260262606 1.1743317403239989E-4 
-0.005675401688032363 9.834196129305208E-5 
-0.007364150103063272 1.2509722269314326E-4 
-0.013280230975688116 5.234266151492277E-4 
-0.011856846769546273 3.6415232374019065E-4 
-0.01330753340191235 5.266912541755265E-4 
-0.013032409686473496 4.883258649557833E-4 
-0.013017693868452506 4.847747581457844E-4 
-0.012201803850519636 3.964701944011544E-4 
-0.011846703755981354 3.603416503159296E-4 
-0.012086956082866755 3.830742994947486E-4 
-0.01092896077207373 2.8964054925729543E-4 
-0.006815220645427488 1.1460970869794083E-4 
-0.006852244411757455 1.1623942195736878E-4 
-0.012314229977716605 4.104538393655096E-4 
-0.012381647201857087 4.1925217051695586E-4 
-0.012960594452948495 4.772863099873248E-4 
-0.00890324763689013 1.6644498362820622E-4 
-0.01237240182773423 4.1821322393240524E-4 
-0.013590551687384832 5.635237773376759E-4 
-0.01106771814186109 2.934407568066351E-4 
-0.0051698635208315994 7.296356353992387E-5 
-0.010834380882299339 2.84885798622239E-4 
-0.005291364148337988 7.893197619507674E-5 
-0.005169827644581072 7.291322547150159E-5 
-0.013563839961258877 5.598142955530666E-4 
-0.01114727095613738 3.001201306001523E-4 
-0.011055902113722954 2.92588869011533E-4 
-0.01362715876370562 5.686863769830359E-4 
