0.0 0.3 0.0 0.0 0.0 0.0 0.0 0.35 0.35 0.0 0.0 
0.0 0.13766617406380344 0.24484632577881837 0.0 0.0 0.0 0.16748750015737826 0.0 0.1 0.0 0.35 
0.0 0.13766617406380344 0.24484632577881837 0.0 0.0 0.0 0.16748750015737826 0.0 0.1 0.0 0.35 
0.0 0.3 0.0 0.0 0.0 0.0 0.0 0.35 0.35 0.0 0.0 
0.35 0.2520937003285344 0.0 0.0 0.20288677253595966 0.0 0.0 0.0 0.19501952713550597 0.0 0.0 
0.0 0.22415782085182584 0.1590603626127337 0.0 0.0 0.0 0.1 0.0 0.16678181653544039 0.0 0.35 
0.0 0.2666854652410619 0.10253286802356727 0.0 0.0 0.0 0.0 0.28078166673537086 0.35 0.0 0.0 
0.10706367584630101 0.2243193637954473 0.10108721379543073 0.0 0.1 0.0 0.0 0.11752974656282097 0.35 0.0 0.0 
0.35 0.24329529115656526 0.0 0.0 0.13439545512410395 0.0 0.0 0.1 0.17230925371933084 0.0 0.0 
0.0 0.2785188935644727 0.10003116714789032 0.0 0.1 0.0 0.0 0.17144993928763708 0.35 0.0 0.0 
0.35 0.26712523583317294 0.0 0.0 0.17042190329239507 0.0 0.0 0.0 0.212452860874432 0.0 0.0 
0.0 0.29493827307281506 0.1 0.0 0.0 0.0 0.0 0.255061726927185 0.35 0.0 0.0 
0.10119378935356196 0.3205836171270645 0.0 0.0 0.1282225935193736 0.0 0.0 0.0 0.35 0.1 0.0 
0.0 0.20867324011638938 0.1 0.0 0.10128484447509276 0.0 0.0 0.24004191540851788 0.35 0.0 0.0 
0.35 0.23820674758934476 0.0 0.0 0.13849884724912925 0.0 0.0 0.0 0.273294405161526 0.0 0.0 
0.0 0.2803301138898817 0.1 0.0 0.0 0.0 0.0 0.2696698861101183 0.35 0.0 0.0 
0.0 0.3095727536089322 0.0 0.0 0.0 0.0 0.0 0.34042724639106786 0.35 0.0 0.0 
0.35 0.24602720422350818 0.0 0.0 0.112223258866559 0.0 0.0 0.1 0.19174953690993274 0.0 0.0 
0.35 0.21286687338605487 0.0 0.0 0.19450581574074305 0.0 0.0 0.0 0.24262731087320197 0.0 0.0 
0.0 0.31597172510265387 0.0 0.0 0.0 0.0 0.0 0.3340282748973462 0.35 0.0 0.0 
0.0 0.33136341599022656 0.0 0.0 0.0 0.0 0.0 0.3186365840097734 0.35 0.0 0.0 
0.0 0.284709797794737 0.12256981764671543 0.0 0.12495916303692828 0.0 0.0 0.1177612215216193 0.35 0.0 0.0 
0.0 0.2579949726615885 0.1 0.0 0.0 0.0 0.0 0.2920050273384115 0.35 0.0 0.0 
0.0 0.3070808074349761 0.1 0.0 0.0 0.0 0.0 0.24291919256502387 0.35 0.0 0.0 
0.0 0.3301429661312844 0.0 0.0 0.1 0.0 0.0 0.21985703386871555 0.35 0.0 0.0 
0.0 0.23397086234181125 0.11166001657318207 0.0 0.10025537971357545 0.0 0.0 0.1 0.35 0.10411374137143124 0.0 
0.0 0.2459749252976881 0.0 0.0 0.0 0.0 0.12050981168681185 0.2835152630155001 0.35 0.0 0.0 
0.10093777951127451 0.2380464040358493 0.10616248143614329 0.0 0.1 0.0 0.0 0.1048533350167329 0.35 0.0 0.0 
0.0 0.2583442774200643 0.1 0.0 0.10206392074832189 0.0 0.0 0.18959180183161378 0.35 0.0 0.0 
0.0 0.2841534711282893 0.1 0.0 0.0 0.0 0.10183364932707044 0.1640128795446402 0.35 0.0 0.0 
0.1 0.35 0.0 0.0 0.1387652350417102 0.0 0.0 0.0 0.2911266786426025 0.12010808631568742 0.0 
0.0 0.3259677808543916 0.0 0.0 0.0 0.0 0.0 0.3240322191456084 0.35 0.0 0.0 
0.0 0.3382788467529926 0.0 0.0 0.0 0.0 0.0 0.31172115324700744 0.35 0.0 0.0 
0.0 0.32099517624095986 0.0 0.0 0.0 0.0 0.0 0.32900482375904017 0.35 0.0 0.0 
0.0 0.13709296940765298 0.16904695831184863 0.0 0.0 0.0 0.2438600722804984 0.0 0.1 0.0 0.35 
0.0 0.3172796298650859 0.1159253690367723 0.0 0.1053571402566663 0.0 0.0 0.11143786084147553 0.35 0.0 0.0 
0.10045748560550877 0.2820622064520866 0.0 0.0 0.1 0.0 0.0 0.16748030794240462 0.35 0.0 0.0 
0.10339604363202719 0.2535342215663535 0.0 0.0 0.1 0.0 0.0 0.19306973480161937 0.35 0.0 0.0 
0.0 0.28586945316017087 0.1 0.0 0.10000002151046775 0.0 0.0 0.1641305253293615 0.35 0.0 0.0 
0.0 0.30408635516154375 0.0 0.0 0.0 0.0 0.0 0.3459136448384562 0.35 0.0 0.0 
0.1004244171167889 0.22501120283538123 0.1 0.0 0.1188827649974548 0.0 0.0 0.10568161505037509 0.35 0.0 0.0 
0.0 0.2630221857530927 0.1 0.0 0.0 0.0 0.0 0.28697781424690727 0.35 0.0 0.0 
0.0 0.24386496584607378 0.1 0.0 0.0 0.0 0.0 0.30613503415392623 0.35 0.0 0.0 
0.0 0.22907016048294798 0.0 0.0 0.0 0.0 0.1 0.320929839517052 0.35 0.0 0.0 
0.0 0.13709296940765298 0.16904695831184863 0.0 0.0 0.0 0.2438600722804984 0.0 0.1 0.0 0.35 
0.0 0.22036483050141487 0.1613722817162847 0.0 0.0 0.0 0.16826288778230042 0.0 0.1 0.0 0.35 
0.0 0.348889802337504 0.0 0.0 0.10782597337680074 0.0 0.0 0.19328422428569525 0.35 0.0 0.0 
0.1 0.3054887567281281 0.0 0.0 0.11873133486286108 0.0 0.0 0.12577990840901077 0.35 0.0 0.0 
0.0 0.2786944901173487 0.0 0.0 0.0 0.0 0.1 0.27130550988265134 0.35 0.0 0.0 
0.0 0.22394693775454955 0.17577237667036893 0.0 0.0 0.0 0.1 0.0 0.1502806855750816 0.0 0.35 
0.0 0.31032796725982575 0.1 0.0 0.0 0.0 0.0 0.2396720327401743 0.35 0.0 0.0 
0.0 0.24490612521354627 0.0 0.0 0.0 0.0 0.1 0.3050938747864538 0.35 0.0 0.0 
0.0 0.2445599671547104 0.0 0.0 0.0 0.0 0.11467163651282437 0.2907683963324653 0.35 0.0 0.0 
0.1 0.35 0.0 0.0 0.14404822662432 0.0 0.0 0.0 0.25721982317349196 0.14873195020218805 0.0 
0.0 0.24827143005347913 0.1 0.0 0.0 0.0 0.0 0.30172856994652086 0.35 0.0 0.0 
0.0 0.21365438903624212 0.16609858797805183 0.0 0.0 0.0 0.17024702298570604 0.0 0.1 0.0 0.35 
0.0 0.33975499120302144 0.0 0.0 0.1 0.0 0.0 0.21024500879697858 0.35 0.0 0.0 
0.1 0.31314355308879926 0.0 0.0 0.1277218670148712 0.0 0.0 0.10913457989632959 0.35 0.0 0.0 
0.0 0.33112350889310116 0.0 0.0 0.1266892519406169 0.0 0.0 0.192187239166282 0.35 0.0 0.0 
0.0 0.2982582289042447 0.11736964762010244 0.0 0.11837915123850917 0.0 0.0 0.11599297223714364 0.35 0.0 0.0 
0.0 0.2433592093004139 0.1003358496474095 0.0 0.1 0.0 0.0 0.10629680293014127 0.35 0.1000081381220352 0.0 
0.12735210689656917 0.28925616133722776 0.0 0.0 0.13339173176620314 0.0 0.0 0.0 0.35 0.1 0.0 
0.0 0.2457672720956894 0.0 0.0 0.0 0.0 0.11736618324544384 0.28686654465886674 0.35 0.0 0.0 
0.0 0.24527790088819584 0.0 0.0 0.0 0.0 0.10310556222475363 0.3016165368870506 0.35 0.0 0.0 
0.0 0.2885399241320791 0.1 0.0 0.0 0.0 0.0 0.26146007586792097 0.35 0.0 0.0 
0.1 0.35 0.0 0.0 0.14581151800528314 0.0 0.0 0.0 0.2616944521572887 0.14249402983742826 0.0 
0.0 0.32109528491898154 0.1 0.0 0.11113761222202456 0.0 0.0 0.11776710285899397 0.35 0.0 0.0 
0.0 0.35 0.0 0.0 0.0 0.0 0.0 0.30508526056709073 0.3449147394329093 0.0 0.0 
0.0 0.2874391773370776 0.13559532170744393 0.0 0.0 0.0 0.0 0.22696550095547854 0.35 0.0 0.0 
0.0 0.32360160103375113 0.1 0.0 0.10863129610725497 0.0 0.0 0.11776710285899397 0.35 0.0 0.0 
0.10689539885351058 0.28802704572993076 0.0 0.0 0.1289592199578655 0.0 0.0 0.12611833545869316 0.35 0.0 0.0 
0.0 0.2858883334615561 0.1 0.0 0.0 0.0 0.0 0.2641116665384438 0.35 0.0 0.0 
0.10141046287466526 0.25762248177761127 0.0 0.0 0.1 0.0 0.0 0.1909670553477235 0.35 0.0 0.0 
0.0 0.34492693940780994 0.0 0.0 0.11390320198563006 0.0 0.0 0.19116985860656 0.35 0.0 0.0 
0.0 0.2786777798109804 0.0 0.0 0.0 0.0 0.10146479244935407 0.26985742773966553 0.35 0.0 0.0 
0.0 0.34220831422280135 0.0 0.0 0.0 0.0 0.0 0.3077916857771986 0.35 0.0 0.0 
0.0 0.33375983718041613 0.0 0.0 0.11191204949993402 0.0 0.0 0.2043281133196498 0.35 0.0 0.0 
0.0 0.24368577872141764 0.10000928022640582 0.0 0.1 0.0 0.0 0.10629680293014127 0.35 0.1000081381220352 0.0 
0.1 0.3090553831960645 0.0 0.0 0.12772186701487118 0.0 0.0 0.11322274978906434 0.35 0.0 0.0 
0.35 0.24657745139079873 0.0 0.0 0.11789123126593092 0.0 0.0 0.1 0.18553131734327044 0.0 0.0 
0.0 0.2523772924739191 0.0 0.0 0.0 0.0 0.1 0.2976227075260809 0.35 0.0 0.0 
0.1 0.28480006948823955 0.0 0.0 0.13856927034314354 0.0 0.0 0.0 0.35 0.1266306601686169 0.0 
0.0 0.24827143005347913 0.1 0.0 0.0 0.0 0.0 0.30172856994652086 0.35 0.0 0.0 
0.0 0.23798626812037937 0.0 0.0 0.0 0.0 0.1 0.31201373187962067 0.35 0.0 0.0 
0.0 0.31952120254539984 0.1 0.0 0.0 0.0 0.0 0.23047879745460023 0.35 0.0 0.0 
0.0 0.24225068196474334 0.0 0.0 0.0 0.0 0.11262866042801467 0.2951206576072421 0.35 0.0 0.0 
0.0 0.23397086234181125 0.11166001657318207 0.0 0.10025537971357545 0.0 0.0 0.1 0.35 0.10411374137143124 0.0 
0.1 0.28272704265817883 0.0 0.0 0.15126659301499895 0.0 0.0 0.0 0.35 0.11600636432682217 0.0 
0.0 0.3428545039536909 0.1000311671478903 0.0 0.0 0.0 0.0 0.2071143288984189 0.35 0.0 0.0 
0.35 0.24657745139079873 0.0 0.0 0.11789123126593092 0.0 0.0 0.1 0.18553131734327044 0.0 0.0 
0.0 0.2576329197992072 0.1 0.0 0.10249583868917177 0.0 0.0 0.18987124151162096 0.35 0.0 0.0 
0.1 0.30450707842148017 0.0 0.0 0.12255049678435266 0.0 0.0 0.1229424247941672 0.35 0.0 0.0 
0.0 0.23954654331261582 0.0 0.0 0.0 0.0 0.10055601539088632 0.3098974412964978 0.35 0.0 0.0 
0.0 0.27600112987514347 0.1 0.0 0.0 0.0 0.10101615016359944 0.1729827199612572 0.35 0.0 0.0 
0.0 0.35 0.0 0.0 0.11341600926330543 0.0 0.0 0.18658399073669463 0.35 0.0 0.0 
0.0 0.27600112987514347 0.1 0.0 0.0 0.0 0.10101615016359944 0.1729827199612572 0.35 0.0 0.0 
0.0 0.31952120254539984 0.1 0.0 0.0 0.0 0.0 0.23047879745460023 0.35 0.0 0.0 
0.1 0.35 0.0 0.0 0.14404822662432 0.0 0.0 0.0 0.25721982317349196 0.14873195020218805 0.0 
0.10339602217656714 0.28407030423227775 0.0 0.0 0.1 0.0 0.0 0.16253367359115517 0.35 0.0 0.0 
0.12735210689656917 0.28925616133722765 0.0 0.0 0.13339173176620317 0.0 0.0 0.0 0.35 0.1 0.0 
