0.0 0.3 0.0 0.0 0.0 0.0 0.0 0.35 0.35 0.0 0.0 
0.0 0.1450716467534369 0.2332057613798672 0.0 0.0 0.0 0.17172259186669586 0.0 0.1 0.0 0.35 
0.0 0.1450716467534369 0.2332057613798672 0.0 0.0 0.0 0.17172259186669586 0.0 0.1 0.0 0.35 
0.0 0.3 0.0 0.0 0.0 0.0 0.0 0.35 0.35 0.0 0.0 
0.35 0.2652537756134309 0.0 0.0 0.20981987082925174 0.0 0.0 0.0 0.17492635355731728 0.0 0.0 
0.0 0.23029392651012942 0.18538610116506019 0.0 0.0 0.0 0.1 0.0 0.1343199723248104 0.0 0.35 
0.35 0.2634282805425036 0.0 0.0 0.1653967789971078 0.0 0.0 0.0 0.22117494046038857 0.0 0.0 
0.0 0.32383815428837226 0.0 0.0 0.1 0.0 0.0 0.22616184571162778 0.35 0.0 0.0 
0.35 0.20096776651964443 0.0 0.0 0.20833572984020035 0.0 0.0 0.0 0.2406965036401553 0.0 0.0 
0.0 0.19452986622630355 0.17378249779755567 0.0 0.0 0.0 0.17135746468323515 0.0 0.1103301712929056 0.0 0.35 
0.35 0.20814023089061226 0.0 0.0 0.15999731652518134 0.0 0.0 0.0 0.2818624525842064 0.0 0.0 
0.0 0.23995479234374772 0.0 0.0 0.0 0.0 0.10299782787830351 0.30704737977794877 0.35 0.0 0.0 
0.16745712525738166 0.35 0.0 0.0 0.14997113948331722 0.0 0.0 0.1 0.2325717352593012 0.0 0.0 
0.0 0.29578698499351136 0.10075414779815088 0.0 0.1 0.0 0.0 0.15345886720833776 0.35 0.0 0.0 
0.15220829946537934 0.2788043209408082 0.0 0.0 0.11898737959381248 0.0 0.0 0.1 0.35 0.0 0.0 
0.35 0.2691329384763216 0.0 0.0 0.10593289247214302 0.0 0.0 0.0 0.2749341690515355 0.0 0.0 
0.15298248890602772 0.2822569059062981 0.0 0.0 0.1 0.0 0.0 0.11476060518767414 0.35 0.0 0.0 
0.16466809104055483 0.22677124739580096 0.0 0.0 0.15856066156364426 0.0 0.0 0.1 0.35 0.0 0.0 
0.0 0.25367161533249316 0.0 0.0 0.0 0.0 0.1 0.2963283846675069 0.35 0.0 0.0 
0.0 0.16568713488732456 0.1 0.0 0.0 0.0 0.10741768253668518 0.2768951825759903 0.35 0.0 0.0 
0.0 0.17342958774684644 0.12765160736348205 0.0 0.0 0.0 0.1 0.24891880488967155 0.35 0.0 0.0 
0.22957597401605703 0.24700405527585967 0.0 0.0 0.17341997070808335 0.0 0.0 0.0 0.35 0.0 0.0 
0.0 0.16832337852416884 0.1234662394176893 0.0 0.0 0.0 0.1 0.25821038205814184 0.35 0.0 0.0 
0.0 0.3359515965957326 0.0 0.0 0.1227134274793622 0.0 0.0 0.19133497592490523 0.35 0.0 0.0 
0.0 0.187095969623803 0.0 0.0 0.0 0.0 0.11290403037619698 0.35 0.35 0.0 0.0 
0.0 0.336401697497279 0.0 0.0 0.0 0.0 0.0 0.313598302502721 0.35 0.0 0.0 
0.0 0.24983419557472708 0.1 0.0 0.103893565822102 0.0 0.0 0.196272238603171 0.35 0.0 0.0 
0.0 0.21963768420744728 0.0 0.0 0.0 0.0 0.1 0.3303623157925527 0.35 0.0 0.0 
0.16712522204050329 0.35 0.0 0.0 0.15965380326483575 0.0 0.0 0.1 0.22322097469466107 0.0 0.0 
0.1 0.2503317771572092 0.0 0.0 0.10039793782087193 0.0 0.0 0.19927028502191887 0.35 0.0 0.0 
0.0 0.17229021527189006 0.1 0.0 0.0 0.0 0.10741768253668518 0.27029210219142474 0.35 0.0 0.0 
0.0 0.26084414723182403 0.10085613596859186 0.0 0.1 0.0 0.0 0.18829971679958413 0.35 0.0 0.0 
0.35 0.14001081535577897 0.0 0.0 0.134916377120222 0.0 0.0 0.1 0.2750728075239991 0.0 0.0 
0.1 0.2431319183156611 0.0 0.0 0.10219955580023454 0.0 0.0 0.20466852588410428 0.35 0.0 0.0 
0.0 0.2332517199500082 0.13068628842645424 0.0 0.0 0.0 0.1 0.18606199162353748 0.35 0.0 0.0 
0.0 0.2335218595197466 0.0 0.0 0.0 0.0 0.1 0.31647814048025347 0.35 0.0 0.0 
0.0 0.29429773344609544 0.0 0.0 0.0 0.0 0.1 0.25570226655390454 0.35 0.0 0.0 
0.0 0.27745663823379796 0.0 0.0 0.0 0.0 0.10177273361610219 0.2707706281500999 0.35 0.0 0.0 
0.23444089510358318 0.31555910489641686 0.0 0.0 0.1 0.0 0.0 0.0 0.35 0.0 0.0 
0.35 0.20260263330349879 0.0 0.0 0.14173931161340705 0.0 0.0 0.0 0.30565805508309424 0.0 0.0 
0.0 0.3177378896069989 0.0 0.0 0.0 0.0 0.0 0.33226211039300113 0.35 0.0 0.0 
0.17972226727229326 0.2559036054893179 0.0 0.0 0.1 0.0 0.0 0.11437412723838893 0.35 0.0 0.0 
0.0 0.2597216245161802 0.1 0.0 0.0 0.0 0.0 0.2902783754838198 0.35 0.0 0.0 
0.0 0.35 0.0 0.0 0.10495311091997246 0.0 0.0 0.1950468890800276 0.35 0.0 0.0 
0.0 0.24219984186497215 0.1 0.0 0.0 0.0 0.0 0.30780015813502787 0.35 0.0 0.0 
0.0 0.2727649292727159 0.10180224958623925 0.0 0.1 0.0 0.0 0.17543282114104486 0.35 0.0 0.0 
0.0 0.22360157179449783 0.0 0.0 0.0 0.0 0.1 0.32639842820550213 0.35 0.0 0.0 
0.0 0.2466084879333144 0.11291908071689341 0.0 0.0 0.0 0.0 0.29047243134979217 0.35 0.0 0.0 
0.0 0.2689716530259986 0.10085613596859187 0.0 0.1 0.0 0.0 0.18017221100540953 0.35 0.0 0.0 
0.0 0.32798097044714436 0.0 0.0 0.0 0.0 0.0 0.32201902955285566 0.35 0.0 0.0 
0.0 0.259079073004814 0.0 0.0 0.0 0.0 0.1 0.290920926995186 0.35 0.0 0.0 
0.35 0.2022613372279503 0.0 0.0 0.1503924125045327 0.0 0.0 0.0 0.29734625026751693 0.0 0.0 
0.0 0.24577424594383368 0.10506912847854973 0.0 0.0 0.0 0.0 0.2991566255776166 0.35 0.0 0.0 
0.0 0.31364003374304705 0.0 0.0 0.0 0.0 0.0 0.3363599662569529 0.35 0.0 0.0 
0.0 0.1553483875918592 0.1 0.0 0.0 0.0 0.10016948278542273 0.29448212962271814 0.35 0.0 0.0 
0.0 0.28076234724618143 0.1 0.0 0.0 0.0 0.0 0.2692376527538186 0.35 0.0 0.0 
0.21579550496770922 0.2997711383841368 0.0 0.0 0.13443335664815395 0.0 0.0 0.0 0.35 0.0 0.0 
0.35 0.14212708242355096 0.0 0.0 0.15240405403078452 0.0 0.0 0.1 0.25546886354566456 0.0 0.0 
0.0 0.24430193390798943 0.11829939684722382 0.0 0.0 0.0 0.0 0.28739866924478674 0.35 0.0 0.0 
0.0 0.31022876856677434 0.0 0.0 0.0 0.0 0.0 0.33977123143322574 0.35 0.0 0.0 
0.10066374176246745 0.2724111082473763 0.0 0.0 0.1 0.0 0.0 0.17692514999015635 0.35 0.0 0.0 
0.0 0.30659555226379015 0.0 0.0 0.0 0.0 0.0 0.3434044477362098 0.35 0.0 0.0 
0.21162924210582562 0.310629481867028 0.0 0.0 0.12774127602714636 0.0 0.0 0.0 0.35 0.0 0.0 
0.0 0.17229021527189006 0.1 0.0 0.0 0.0 0.10741768253668518 0.27029210219142474 0.35 0.0 0.0 
0.0 0.171677747098771 0.12346623941768929 0.0 0.0 0.0 0.1 0.2548560134835397 0.35 0.0 0.0 
0.0 0.3383011407799844 0.0 0.0 0.0 0.0 0.0 0.31169885922001567 0.35 0.0 0.0 
0.0 0.35 0.0 0.0 0.11042660084356036 0.0 0.0 0.18957339915643973 0.35 0.0 0.0 
0.0 0.16121987049963218 0.1 0.0 0.0 0.0 0.10628175697907806 0.28249837252128984 0.35 0.0 0.0 
0.1648297901778352 0.2514414450487128 0.0 0.0 0.13372876477345214 0.0 0.0 0.1 0.35 0.0 0.0 
0.0 0.26230933905435894 0.1 0.0 0.0 0.0 0.10011912696330998 0.18757153398233117 0.35 0.0 0.0 
0.0 0.2041261621856112 0.17149335716276645 0.0 0.0 0.0 0.16653411558062176 0.0 0.1078463650710005 0.0 0.35 
0.0 0.26514800273907346 0.0 0.0 0.0 0.0 0.1 0.2848519972609265 0.35 0.0 0.0 
0.16489331633600263 0.23324529595581983 0.0 0.0 0.1518613877081776 0.0 0.0 0.1 0.35 0.0 0.0 
0.1 0.28399170254128225 0.0 0.0 0.1017912672698747 0.0 0.0 0.16421703018884312 0.35 0.0 0.0 
0.35 0.20566914344199883 0.0 0.0 0.1573416142925634 0.0 0.0 0.0 0.28698924226543776 0.0 0.0 
0.2270533963076063 0.28436522145186094 0.0 0.0 0.13858138224053274 0.0 0.0 0.0 0.35 0.0 0.0 
0.0 0.28514367412404407 0.1 0.0 0.10005992009727468 0.0 0.0 0.1647964057786813 0.35 0.0 0.0 
0.0 0.26542728096540713 0.0 0.0 0.0 0.0 0.10082283928295413 0.2837498797516388 0.35 0.0 0.0 
0.0 0.3034052191231977 0.0 0.0 0.0 0.0 0.0 0.34659478087680234 0.35 0.0 0.0 
0.16882132611410006 0.2780473123413777 0.0 0.0 0.1 0.0 0.0 0.10313136154452225 0.35 0.0 0.0 
0.0 0.35 0.0 0.0 0.10838693691800831 0.0 0.0 0.19161306308199177 0.35 0.0 0.0 
0.0 0.26230933905435894 0.1 0.0 0.0 0.0 0.10011912696330998 0.18757153398233117 0.35 0.0 0.0 
0.0 0.2512665474440234 0.11267146093243918 0.0 0.0 0.0 0.1 0.18606199162353748 0.35 0.0 0.0 
0.0 0.3279669637535115 0.0 0.0 0.0 0.0 0.0 0.3220330362464885 0.35 0.0 0.0 
0.0 0.24784226238104964 0.12346917744110245 0.0 0.0 0.0 0.0 0.27868856017784793 0.35 0.0 0.0 
0.0 0.27213508788101637 0.0 0.0 0.0 0.0 0.1 0.2778649121189837 0.35 0.0 0.0 
0.0 0.31177605031965305 0.0 0.0 0.0 0.0 0.1 0.23822394968034696 0.35 0.0 0.0 
0.2225561582750322 0.2643171597443291 0.0 0.0 0.16312668198063868 0.0 0.0 0.0 0.35 0.0 0.0 
0.16882132611410006 0.2780473123413777 0.0 0.0 0.1 0.0 0.0 0.10313136154452225 0.35 0.0 0.0 
0.0 0.27213508788101637 0.0 0.0 0.0 0.0 0.1 0.2778649121189837 0.35 0.0 0.0 
0.19212531849070746 0.29226585552051054 0.0 0.0 0.16560882598878202 0.0 0.0 0.0 0.35 0.0 0.0 
0.35 0.20644586994907868 0.0 0.0 0.14397977643361096 0.0 0.0 0.0 0.29957435361731044 0.0 0.0 
0.1648297901778352 0.2514414450487128 0.0 0.0 0.13372876477345214 0.0 0.0 0.1 0.35 0.0 0.0 
0.0 0.2512665474440234 0.11267146093243918 0.0 0.0 0.0 0.1 0.18606199162353748 0.35 0.0 0.0 
0.1 0.28399170254128225 0.0 0.0 0.1017912672698747 0.0 0.0 0.16421703018884312 0.35 0.0 0.0 
0.35 0.13871045015208808 0.0 0.0 0.14070352613454898 0.0 0.0 0.1 0.270586023713363 0.0 0.0 
0.0 0.2383778671920528 0.0 0.0 0.0 0.0 0.1 0.31162213280794715 0.35 0.0 0.0 
0.19827201883603257 0.2798602488061703 0.0 0.0 0.17186773235779718 0.0 0.0 0.0 0.35 0.0 0.0 
0.0 0.23861919035874543 0.0 0.0 0.0 0.0 0.1 0.3113808096412546 0.35 0.0 0.0 
0.0 0.25626369932142623 0.0 0.0 0.0 0.0 0.1 0.29373630067857387 0.35 0.0 0.0 
