-0.004001629945304025 2.439915242193562E-5 
-0.013698396778697913 5.790119529814652E-4 
-0.013698396778697913 5.790119529814652E-4 
-0.009427271110129459 1.808790280565922E-4 
-0.011167876301881855 2.95679053050317E-4 
-0.009263154317520776 1.7171792012586864E-4 
-0.011320572870403119 3.108685758733122E-4 
-0.012797167704869886 4.605585097062256E-4 
-0.00672071994507948 7.67435315175487E-5 
-0.006483661506904536 7.193241842559004E-5 
-0.013178769819570897 5.100663550603975E-4 
-0.009580510159211733 1.9023526269179794E-4 
-0.012864158156956398 4.6721341021705603E-4 
-0.012034606400000267 3.873256210025766E-4 
-0.011982366163974389 3.72838119617413E-4 
-0.010516776230659837 2.4869346054880436E-4 
-0.012538985439612493 4.356389945164038E-4 
-0.004965905369674425 3.4172341549360616E-5 
-0.012404792538054054 4.178848072278335E-4 
-0.012497898605171424 4.253185589867275E-4 
-0.006898216167137188 7.862416159432134E-5 
-0.012302569639715311 4.110467772802985E-4 
-0.004736197886192591 3.389679904781043E-5 
-0.013241072407317067 5.183904025091046E-4 
-0.01361565249203437 5.733493462207873E-4 
-0.01070761856612287 2.6479255986117085E-4 
-0.004586534758033715 3.11357971411681E-5 
-0.008140497946138789 1.1357410339617898E-4 
-0.011019706932240482 2.8145723999097136E-4 
-0.010369145286168684 2.414478889899482E-4 
-0.004400777257183383 2.8780698075171387E-5 
-0.011123945039571734 2.889199047605671E-4 
-0.005848842645774065 5.931886684912955E-5 
-0.007565328999020219 9.63297408639468E-5 
-0.012921565448739136 4.807943774967155E-4 
-0.011659751586243184 3.435017227921525E-4 
-0.010079974447435532 2.2096424662844264E-4 
-0.012967976513125814 4.8606277064195877E-4 
-0.004234812541010182 2.7979406564375476E-5 
-0.005397131297097608 4.8055630290116065E-5 
-0.006012974749487113 6.861535978281698E-5 
-0.008896748133641063 1.511544474185147E-4 
-0.010172694182593024 2.2605365258927083E-4 
-0.012693440120230406 4.4643745952390433E-4 
-0.01214293757588408 3.907985023979752E-4 
-0.011907799508790926 3.6779466045421254E-4 
-0.008593817157075453 1.3639782100690665E-4 
-0.00706141850125265 8.2510918380849E-5 
-0.011457354694129101 3.1803081090056096E-4 
-0.010220678540559684 2.3401957545411185E-4 
-0.009109736114836625 1.6594257630889945E-4 
-0.009674227957513505 1.949907820562077E-4 
-0.013420438907976786 5.441946355553067E-4 
-0.0077448569841377 1.0066868649872522E-4 
-0.012658961338087612 4.4194127815889663E-4 
-0.009790933454493547 2.0332486474423938E-4 
-0.00598169382620039 6.619150367254576E-5 
-0.012230868617242095 4.0296259848401195E-4 
-0.009994459625862775 2.141306996782952E-4 
-0.006274080184163304 7.074231326617545E-5 
-0.013083184332099849 4.984571694694966E-4 
-0.011481342662512693 3.2893995284576414E-4 
-0.008032212661859281 1.093089909421524E-4 
-0.013083184332099849 4.984571694694966E-4 
-0.005652703137616243 5.3795684802739684E-5 
-0.010760360817658892 2.7129088636870325E-4 
-0.01217123785178372 3.999903042181345E-4 
-0.010900536510899936 2.781061279425132E-4 
-0.008337444777107688 1.2691112615509056E-4 
-0.008989942183464392 1.5551393853692344E-4 
-0.004073432257836191 2.6093905522021108E-5 
-0.005748989544855267 5.7023432578343886E-5 
-0.01357013429855253 5.617039028932793E-4 
-0.007399868029743859 8.840973203957205E-5 
-0.008281667211505823 1.189124528699245E-4 
-0.008689265778789024 1.3824093114112897E-4 
-0.008821653649215397 1.4391769975646075E-4 
-0.01061998082324176 2.549737163879473E-4 
-0.010302724297704713 2.375711347318338E-4 
-0.00990204969572354 2.0944073934613328E-4 
-0.011820303853738173 3.576619075819547E-4 
-0.008515178649048943 1.2857488991284096E-4 
-0.01184485760095617 3.606570282009249E-4 
-0.00974855535927701 1.9946373180111977E-4 
-0.011387971299505337 3.14905081337194E-4 
-0.010879395554145826 2.72342831769581E-4 
-0.007249601523656172 8.666286643990358E-5 
-0.005118515242664942 3.777915378156343E-5 
-0.005247853873677313 4.38716830555979E-5 
-0.013504285876755133 5.521806173344004E-4 
-0.007748471880300681 1.046422292115162E-4 
-0.013349284926926209 5.348766090732198E-4 
-0.005140999959339463 3.8758891622822934E-5 
-0.013352813166088395 5.386720264495481E-4 
-0.007918225278256488 1.048077323570333E-4 
-0.013560603258378299 5.598435465380764E-4 
-0.00877530577938739 1.4209028545844582E-4 
-0.00628668748273963 7.12120185188365E-5 
-0.008996708959386703 1.6248440204865556E-4 
-0.013301705282669229 5.277499365732357E-4 
