0.0 0.30000000000000016 0.0 0.0 0.0 0.0 0.0 0.35 0.35 0.0 0.0 
0.20419974314359207 0.0 0.0 0.24079986333650627 0.19334905674818426 0.0 0.0 0.18330540982250293 0.17834592694921445 0.0 0.0 
0.0 0.30000000000000016 0.0 0.0 0.0 0.0 0.0 0.35 0.35 0.0 0.0 
0.10010246758400852 0.19989753241599173 0.0 0.0 0.0 0.0 0.0 0.3499999999999999 0.3499999999999999 0.0 0.0 
0.10824213920037994 0.24380433575600557 0.0 0.0 0.0 0.0 0.0 0.35 0.29795352504361444 0.0 0.0 
0.14731618510929967 0.22240879998856927 0.0 0.0 0.0 0.0 0.0 0.347857033098678 0.2824179818034532 0.0 0.0 
0.13868824321881942 0.1924867470158649 0.0 0.10270727110674834 0.0 0.0 0.0 0.35 0.21611773865856748 0.0 0.0 
0.1683875211903375 0.25420153286555025 0.0 0.0 0.0 0.0 0.0 0.35 0.22741094594411224 0.0 0.0 
0.0 0.33566216911876545 0.0 0.0 0.0 0.0 0.0 0.3499999999999999 0.3143378308812344 0.0 0.0 
0.19216578981389662 0.0 0.0 0.23194635074049 0.20061247089637355 0.0 0.0 0.20392384534146807 0.17135154320777168 0.0 0.0 
0.19318565735120422 0.0 0.0 0.22162941885715426 0.18609585103586754 0.0 0.0 0.21993215622816428 0.1791569165276097 0.0 0.0 
0.0 0.31164856523178164 0.0 0.0 0.0 0.0 0.0 0.35 0.33835143476821844 0.0 0.0 
0.17640957480328878 0.11066871171045117 0.0 0.19957935412609848 0.1271629923670427 0.0 0.0 0.23579027136285086 0.15038909563026814 0.0 0.0 
0.1477573359441565 0.24617921142676796 0.0 0.1400315359884017 0.0 0.0 0.0 0.3450653321215885 0.12096658451908533 0.0 0.0 
0.15556953701033216 0.10382759543701424 0.0 0.1814081526118259 0.1361546533621622 0.0 0.0 0.292879380218236 0.13016068136042952 0.0 0.0 
0.15763367419496632 0.14882967821864324 0.0 0.13425640325979585 0.10686709667977615 0.0 0.0 0.35 0.10241314764681841 0.0 0.0 
0.20381251087398933 0.0 0.0 0.258139295416607 0.1482757853008848 0.0 0.0 0.23028185809532037 0.15949055031319853 0.0 0.0 
0.13123668411661168 0.28467778842766756 0.0 0.0 0.0 0.0 0.0 0.35 0.23408552745572084 0.0 0.0 
0.103061501283496 0.2394808227095097 0.0 0.0 0.0 0.0 0.0 0.35 0.30745767600699425 0.0 0.0 
0.1225282024088867 0.21980736471538295 0.0 0.10719584281885175 0.0 0.0 0.0 0.35 0.2004685900568785 0.0 0.0 
0.0 0.3169672532979584 0.0 0.0 0.0 0.0 0.0 0.35 0.3330327467020417 0.0 0.0 
0.13805223735175084 0.20796044992499127 0.0 0.10616532627010916 0.0 0.0 0.0 0.35 0.19782198645314883 0.0 0.0 
0.1922165809273565 0.0 0.0 0.23427729961200397 0.1853658660844165 0.0 0.0 0.2192136504866851 0.16892660288953792 0.0 0.0 
0.160174154152907 0.1639105955434906 0.0 0.11323392362674534 0.10296278707735032 0.0 0.0 0.35 0.10971853959950684 0.0 0.0 
0.16160135428707945 0.10568526033041349 0.0 0.17099656975297461 0.13281570448757585 0.0 0.0 0.3000443495896281 0.1288567615523286 0.0 0.0 
0.10524805957797834 0.2227260122105972 0.0 0.0 0.0 0.0 0.0 0.35 0.3220259282114245 0.0 0.0 
0.14749176504000414 0.24046198597489515 0.0 0.16148300136424007 0.0 0.0 0.0 0.3313853686975554 0.11917787892330521 0.0 0.0 
0.1535405376889628 0.11350290609700259 0.0 0.16269955101941164 0.11013973927580616 0.0 0.0 0.34209787394188507 0.11801939197693169 0.0 0.0 
0.16371805910889292 0.12885484192641325 0.0 0.10842155722177597 0.13370026202944196 0.0 0.0 0.3418802358896245 0.12342504382385147 0.0 0.0 
0.14253944451180692 0.29463196241500866 0.0 0.0 0.0 0.0 0.0 0.3438947566398739 0.21893383643331038 0.0 0.0 
0.10868113348509051 0.20062393795035813 0.0 0.0 0.0 0.0 0.0 0.35 0.3406949285645514 0.0 0.0 
0.13188126014967794 0.20557444637488198 0.0 0.12084557460277875 0.0 0.0 0.0 0.35 0.19169871887266146 0.0 0.0 
0.15189625768577153 0.11960516013403925 0.0 0.11748208889263781 0.1025177338496451 0.0 0.0 0.34055505542497355 0.16794370401293274 0.0 0.0 
0.14042882301252838 0.2106550020910892 0.0 0.14411028103923523 0.0 0.0 0.0 0.35 0.1548058938571472 0.0 0.0 
0.21059311555125987 0.0 0.0 0.2340970815871273 0.18770121244366922 0.0 0.0 0.1810226401918435 0.18658595022610003 0.0 0.0 
0.20424789384056824 0.0 0.0 0.21091718656679517 0.17668479297661233 0.0 0.0 0.2335329381769083 0.17461718843911603 0.0 0.0 
0.16069284949456739 0.10335288118891539 0.0 0.17880080300782122 0.11866700432719275 0.0 0.0 0.316024010257086 0.12246245172441714 0.0 0.0 
0.17198729497863272 0.14375087509170228 0.0 0.1351044537441157 0.1117368338204411 0.0 0.0 0.31968385572221114 0.11773668664289709 0.0 0.0 
0.15929485095616486 0.22817460361039166 0.0 0.11361222316861827 0.0 0.0 0.0 0.35 0.1489183222648252 0.0 0.0 
0.16164604571616434 0.1267179059867731 0.0 0.10848495641896921 0.11159722232780304 0.0 0.0 0.3499999999999999 0.14155386955029028 0.0 0.0 
0.16817807625975026 0.11027975047438225 0.0 0.16170287410623613 0.1174066299437192 0.0 0.0 0.31329353313645425 0.12913913607945787 0.0 0.0 
0.15734684243653863 0.15408099376718945 0.0 0.11616554627123671 0.10643349621468465 0.0 0.0 0.3429411127205083 0.1230320085898422 0.0 0.0 
0.17799863287647857 0.10590143800930296 0.0 0.17666021887475386 0.11455748311975679 0.0 0.0 0.2979755994828776 0.12690662763683025 0.0 0.0 
0.17921296929599054 0.10209930421836633 0.0 0.20514111494915532 0.14165600350110288 0.0 0.0 0.23021794532316558 0.14167266271221937 0.0 0.0 
0.16649641598382275 0.1089303095171874 0.0 0.14433385612136546 0.12144511412724647 0.0 0.0 0.3359245158488595 0.12286978840151841 0.0 0.0 
0.1354548170672776 0.13343512960402468 0.0 0.10968783981177259 0.10489278338029735 0.0 0.0 0.35 0.16652943013662788 0.0 0.0 
0.13178934511275112 0.2667506655136709 0.0 0.0 0.0 0.0 0.0 0.35 0.25145998937357805 0.0 0.0 
0.1753491189216252 0.10236754106890267 0.0 0.19626979072116876 0.13536848518895206 0.0 0.0 0.2581209381903948 0.13252412590895649 0.0 0.0 
0.14420755611437838 0.22123276072035805 0.0 0.16508283146534733 0.0 0.0 0.0 0.3467994598548742 0.12267739184504192 0.0 0.0 
0.1268599374024503 0.19068572089498764 0.0 0.10787822963179661 0.0 0.0 0.0 0.35 0.22457611207076542 0.0 0.0 
0.15801979740512828 0.10698845269815543 0.0 0.1842272528797687 0.13413356868344176 0.0 0.0 0.274032499595822 0.14259842873768386 0.0 0.0 
0.17622263714967498 0.10370927495589603 0.0 0.20411476645777843 0.13576521221894092 0.0 0.0 0.23767560528789755 0.1425125039298121 0.0 0.0 
0.0 0.3028157647279308 0.0 0.0 0.0 0.0 0.0 0.35 0.34718423527206926 0.0 0.0 
0.0 0.3254793548430588 0.0 0.0 0.0 0.0 0.0 0.35 0.3245206451569413 0.0 0.0 
0.1112952420245235 0.2228771464392502 0.0 0.0 0.0 0.0 0.0 0.35 0.3158276115362264 0.0 0.0 
0.10751813093341861 0.2533841785792056 0.0 0.0 0.0 0.0 0.0 0.35 0.28909769048737577 0.0 0.0 
0.14343265572374875 0.24381975470336562 0.0 0.0 0.0 0.0 0.0 0.35 0.26274758957288585 0.0 0.0 
0.0 0.3266711300974888 0.0 0.0 0.0 0.0 0.0 0.3485496411596418 0.3247792287428694 0.0 0.0 
0.12226394555252515 0.26377536442362876 0.0 0.0 0.0 0.0 0.0 0.35 0.26396069002384615 0.0 0.0 
0.1168890459483513 0.2920283623921287 0.0 0.0 0.0 0.0 0.0 0.35 0.24108259165952 0.0 0.0 
0.15980357054942768 0.14586608544771867 0.0 0.13709243704871255 0.11338097621536364 0.0 0.0 0.32438781736309513 0.11946911337568217 0.0 0.0 
0.12091020341797762 0.19117158317526983 0.0 0.0 0.0 0.0 0.0 0.34909557643574973 0.3388226369710029 0.0 0.0 
0.168153648115194 0.28021854988629663 0.0 0.0 0.0 0.0 0.0 0.35 0.20162780199850946 0.0 0.0 
0.12023633203400622 0.32348161025673683 0.0 0.0 0.0 0.0 0.0 0.35 0.20628205770925692 0.0 0.0 
0.14458650874825651 0.21623267308104022 0.0 0.11096568210535865 0.0 0.0 0.0 0.35 0.17821513606534456 0.0 0.0 
0.1350386570935373 0.133025174747975 0.0 0.1093508441291973 0.10457051962532574 0.0 0.0 0.35 0.1680148044039646 0.0 0.0 
0.17563426793209708 0.11022755122599807 0.0 0.17722571142412294 0.12943422723827538 0.0 0.0 0.2626506956916935 0.14482754648781315 0.0 0.0 
0.13704344250459208 0.205325889922223 0.0 0.15595536906649696 0.0 0.0 0.0 0.35 0.15167529850668796 0.0 0.0 
0.14465541522085712 0.26313102209080935 0.0 0.0 0.0 0.0 0.0 0.35 0.24221356268833347 0.0 0.0 
0.17938864103890034 0.11038450828789875 0.0 0.2007912628873648 0.13848697242895477 0.0 0.0 0.23537152778507758 0.13557708757180387 0.0 0.0 
0.1082699607618819 0.21392528183710563 0.0 0.0 0.0 0.0 0.0 0.35 0.32780475740101234 0.0 0.0 
0.140536313258269 0.23756888863767775 0.0 0.14430419543331124 0.0 0.0 0.0 0.35 0.12759060267074196 0.0 0.0 
0.0 0.3356621691187656 0.0 0.0 0.0 0.0 0.0 0.35 0.31433783088123446 0.0 0.0 
0.18968546880388865 0.0 0.0 0.23894912942233285 0.1855872692177705 0.0 0.0 0.20482067631546244 0.18095745624054546 0.0 0.0 
0.15422940421970788 0.10759095313100306 0.0 0.17288019256262455 0.14881864642505258 0.0 0.0 0.2945761996735273 0.12190460398808464 0.0 0.0 
0.1602967466537368 0.1802049476484195 0.0 0.12812372750663933 0.0 0.0 0.0 0.35 0.1813745781912044 0.0 0.0 
0.16617618008067794 0.3050498810159276 0.0 0.0 0.0 0.0 0.0 0.35 0.1787739389033946 0.0 0.0 
0.1731480267597276 0.1079051494709174 0.0 0.15843055728635644 0.11724113942819232 0.0 0.0 0.32419293808404026 0.1190821889707659 0.0 0.0 
0.1282308322781428 0.35 0.0 0.0 0.0 0.0 0.0 0.35 0.17176916772185713 0.0 0.0 
0.10212404567189548 0.20382659937315428 0.0 0.0 0.0 0.0 0.0 0.35 0.3440493549549502 0.0 0.0 
0.19539079187615033 0.0 0.0 0.23583896586306063 0.18719683415689065 0.0 0.0 0.20734617572819222 0.17422723237570628 0.0 0.0 
0.1466228783438627 0.24490654801923067 0.0 0.10678149233360514 0.0 0.0 0.0 0.35 0.15168908130330153 0.0 0.0 
0.17094412928695527 0.2858073035394293 0.0 0.0 0.0 0.0 0.0 0.35 0.19324856717361547 0.0 0.0 
0.16890204913608756 0.10248118950909856 0.0 0.1842086448100076 0.11588001973848426 0.0 0.0 0.3132590751558109 0.11526902165051112 0.0 0.0 
0.1308789609096634 0.23391591161376368 0.0 0.14844859045981396 0.0 0.0 0.0 0.35 0.13675653701675902 0.0 0.0 
0.14381655160733095 0.1371444951039971 0.0 0.1094136582315331 0.10230067194173481 0.0 0.0 0.3425443149072229 0.16478030820818115 0.0 0.0 
0.144587467730881 0.22970281037941256 0.0 0.10865368453950856 0.0 0.0 0.0 0.35 0.16705603735019786 0.0 0.0 
0.1766518761223594 0.10475241363735842 0.0 0.17572292618125543 0.14392527744289635 0.0 0.0 0.25450142707662876 0.14444607953950153 0.0 0.0 
0.11742141040521842 0.18257858959478168 0.0 0.0 0.0 0.0 0.0 0.35 0.35 0.0 0.0 
0.16164604571616437 0.12671790598677313 0.0 0.10848495641896924 0.11159722232780307 0.0 0.0 0.35 0.1415538695502903 0.0 0.0 
0.16661481360810704 0.17849340407034386 0.0 0.1140730915914193 0.0 0.0 0.0 0.35 0.19081869073012983 0.0 0.0 
0.14411553819808484 0.10163693421324389 0.0 0.1875179597966447 0.11854418482239387 0.0 0.0 0.32837037915642225 0.11981500381321034 0.0 0.0 
0.16516748220853636 0.11708420247566186 0.0 0.17491428174609644 0.13047709019064663 0.0 0.0 0.27768588536218913 0.1346710580168697 0.0 0.0 
0.14381655160733095 0.1371444951039971 0.0 0.1094136582315331 0.10230067194173481 0.0 0.0 0.3425443149072229 0.16478030820818115 0.0 0.0 
0.1411655690969742 0.35 0.0 0.0 0.0 0.0 0.0 0.35 0.15883443090302596 0.0 0.0 
0.16664422666676265 0.10263196979234132 0.0 0.19540137930610116 0.12751327471709076 0.0 0.0 0.26364695515421854 0.1441621943634855 0.0 0.0 
0.17587659323043797 0.1854024439295221 0.0 0.17794201242559338 0.0 0.0 0.0 0.35 0.11077895041444652 0.0 0.0 
0.10205187486446515 0.21828623662052937 0.0 0.0 0.0 0.0 0.0 0.35 0.3296618885150055 0.0 0.0 
0.16323290322447329 0.11178735606756482 0.0 0.17622139426877528 0.1546151125433387 0.0 0.0 0.2742828919057691 0.11986034199007868 0.0 0.0 
0.1687526622110013 0.10239054910622451 0.0 0.18404571982974105 0.11577752862060729 0.0 0.0 0.31298201037043827 0.11605152986198758 0.0 0.0 
