0.0 0.30000000000000016 0.0 0.0 0.0 0.0 0.0 0.35 0.35 0.0 0.0 
0.2017951224693816 0.0 0.0 0.2366763354305119 0.194402394624122 0.0 0.0 0.18036284581812545 0.186763301657859 0.0 0.0 
0.0 0.3000000000000002 0.0 0.0 0.0 0.0 0.0 0.35 0.35 0.0 0.0 
0.2017951224693816 0.0 0.0 0.2366763354305119 0.194402394624122 0.0 0.0 0.18036284581812545 0.186763301657859 0.0 0.0 
0.10037812954244243 0.19962187045755772 0.0 0.0 0.0 0.0 0.0 0.35 0.35 0.0 0.0 
0.15892971868843211 0.10350758357063661 0.0 0.17088785070434248 0.10193917436423038 0.0 0.0 0.3215433897192052 0.14319228295315314 0.0 0.0 
0.0 0.33560209763082066 0.0 0.0 0.0 0.0 0.0 0.35 0.3143979023691793 0.0 0.0 
0.1972630817386323 0.0 0.0 0.23849625759287416 0.18829690816592104 0.0 0.0 0.20368613866825563 0.17225761383431692 0.0 0.0 
0.15942302234010947 0.10574166792842155 0.0 0.1683453443731683 0.11167374120377782 0.0 0.0 0.31900709358918183 0.135809130565341 0.0 0.0 
0.1643802068288402 0.10686949239963424 0.0 0.13072076625552945 0.10656469767581218 0.0 0.0 0.3442260284703262 0.14723880836985787 0.0 0.0 
0.11193594290545533 0.21854769493900753 0.0 0.11210844352839375 0.0 0.0 0.0 0.35 0.20740791862714353 0.0 0.0 
0.15966188630638023 0.32524144103759933 0.0 0.0 0.0 0.0 0.0 0.35 0.1650966726560203 0.0 0.0 
0.13094887485518314 0.2645430534130867 0.0 0.1029925801088741 0.0 0.0 0.0 0.35 0.15151549162285616 0.0 0.0 
0.1160798889584497 0.2082700582870545 0.0 0.12566912514584952 0.0 0.0 0.0 0.35 0.1999809276086463 0.0 0.0 
0.178409525786573 0.3160710362453465 0.0 0.0 0.0 0.0 0.0 0.35 0.15551943796808054 0.0 0.0 
0.1532450594690013 0.21856263070957394 0.0 0.15308642332540548 0.0 0.0 0.0 0.34765051733038377 0.1274553691656356 0.0 0.0 
0.12311415747995452 0.24128243314808145 0.0 0.0 0.0 0.0 0.0 0.35 0.28560340937196393 0.0 0.0 
0.16853719849150522 0.10956679153829187 0.0 0.17905393285985835 0.15229383287913545 0.0 0.0 0.24395418376992517 0.14659406046128406 0.0 0.0 
0.1410478320062552 0.18719474248710025 0.0 0.0 0.0 0.0 0.0 0.35 0.32175742550664455 0.0 0.0 
0.16538419248336952 0.13313026163223096 0.0 0.12681917511453242 0.10628615378761841 0.0 0.0 0.3170571874763796 0.151323029505869 0.0 0.0 
0.1713115511377771 0.12088915267214709 0.0 0.18863006987807637 0.11098027802216838 0.0 0.0 0.265484123517843 0.14270482477198812 0.0 0.0 
0.16757818722040752 0.1152113911768862 0.0 0.15238082127048228 0.12529128306355022 0.0 0.0 0.3233805103035533 0.11615780696512062 0.0 0.0 
0.15148235454823952 0.11172620447630323 0.0 0.1693325524490321 0.12105137436752081 0.0 0.0 0.30700444006725613 0.13940307409164823 0.0 0.0 
0.1971341753835332 0.0 0.0 0.23538774155214387 0.19279169539712934 0.0 0.0 0.186056209428871 0.18863017823832276 0.0 0.0 
0.1682970511113906 0.11681789594906318 0.0 0.1801294596395647 0.10288796724746217 0.0 0.0 0.29706452136099754 0.13480310469152185 0.0 0.0 
0.15090679273647342 0.19696171928252587 0.0 0.11578969143443328 0.0 0.0 0.0 0.35 0.18634179654656752 0.0 0.0 
0.17000276199557227 0.10585865252601642 0.0 0.17593820170163876 0.1318757248162566 0.0 0.0 0.2906750478710483 0.12564961108946757 0.0 0.0 
0.12749803044225097 0.17250196955774916 0.0 0.0 0.0 0.0 0.0 0.35 0.35 0.0 0.0 
0.16288048425125157 0.10594571135287138 0.0 0.2117080264422831 0.12449540614764884 0.0 0.0 0.24621842130151153 0.14875195050443363 0.0 0.0 
0.15911043844483155 0.13178861060355498 0.0 0.11930349749877303 0.12081053232410856 0.0 0.0 0.35 0.11898692112873172 0.0 0.0 
0.10881616055364098 0.2004128601154877 0.0 0.0 0.0 0.0 0.0 0.35 0.3407709793308713 0.0 0.0 
0.10975765869736444 0.2153442189047826 0.0 0.0 0.0 0.0 0.0 0.35 0.324898122397853 0.0 0.0 
0.11077364515498017 0.2162783836918267 0.0 0.11094435460092225 0.0 0.0 0.0 0.35 0.21200361655227082 0.0 0.0 
0.15913615706685805 0.11464908866891065 0.0 0.17673673684105795 0.11700625938607645 0.0 0.0 0.2945858219050685 0.1378859361320283 0.0 0.0 
0.1364558678554513 0.2266825628269603 0.0 0.0 0.0 0.0 0.0 0.34415249011110965 0.29270907920647876 0.0 0.0 
0.16961819014632223 0.11148181451413 0.0 0.10667490965537682 0.10987853829502257 0.0 0.0 0.35 0.1523465473891484 0.0 0.0 
0.12429025325943603 0.2713663486012855 0.0 0.0 0.0 0.0 0.0 0.35 0.25434339813927853 0.0 0.0 
0.1666415730606848 0.2901006525094312 0.0 0.0 0.0 0.0 0.0 0.35 0.19325777442988396 0.0 0.0 
0.18850512288722115 0.0 0.0 0.2199309824195305 0.18336751624039832 0.0 0.0 0.25434633503839826 0.15385004341445188 0.0 0.0 
0.15626304062790328 0.29016465589957813 0.0 0.0 0.0 0.0 0.0 0.35 0.2035723034725186 0.0 0.0 
0.13650267659625656 0.3400630754211472 0.0 0.0 0.0 0.0 0.0 0.35 0.17343424798259638 0.0 0.0 
0.17344117335308581 0.0 0.0 0.2571620461968118 0.15995298695803045 0.0 0.0 0.26443869537057646 0.14500509812149534 0.0 0.0 
0.15493003440901945 0.20475008005245035 0.0 0.11153415924764423 0.0 0.0 0.0 0.35 0.17878572629088596 0.0 0.0 
0.19448886541511626 0.0 0.0 0.23292578033103944 0.1863052013270828 0.0 0.0 0.21784866512342796 0.16843148780333347 0.0 0.0 
0.1583000177605198 0.1291418192114845 0.0 0.11613259729255905 0.12452500810439193 0.0 0.0 0.34701322894167524 0.12488732868936941 0.0 0.0 
0.18778184392413338 0.0 0.0 0.23346621201571133 0.1834507194486113 0.0 0.0 0.2196288263708274 0.1756723982407165 0.0 0.0 
0.13831120497785412 0.20492382286048635 0.0 0.1830263101821828 0.0 0.0 0.0 0.3359215151775965 0.13781714680188012 0.0 0.0 
0.15564555156481133 0.21592370635202668 0.0 0.13525431997328988 0.0 0.0 0.0 0.35 0.14317642210987208 0.0 0.0 
0.13670626781746978 0.26233478267170707 0.0 0.0 0.0 0.0 0.0 0.35 0.2509589495108231 0.0 0.0 
0.105721485286905 0.21089453992999044 0.0 0.0 0.0 0.0 0.0 0.35 0.3333839747831046 0.0 0.0 
0.15431611154565128 0.22285988140519625 0.0 0.17674487888398804 0.0 0.0 0.0 0.3248059735126918 0.12127315465247278 0.0 0.0 
0.13995683366852277 0.20839290348595543 0.0 0.1953328978821843 0.0 0.0 0.0 0.35 0.1063173649633375 0.0 0.0 
0.0 0.3184158881342092 0.0 0.0 0.0 0.0 0.0 0.35 0.3315841118657909 0.0 0.0 
0.11681253766936256 0.23877012853269144 0.0 0.0 0.0 0.0 0.0 0.35 0.294417333797946 0.0 0.0 
0.17285453732269926 0.1136089086383448 0.0 0.1087102871249491 0.1119750416054798 0.0 0.0 0.35 0.142851225308527 0.0 0.0 
0.16753229659118832 0.17638918839770276 0.0 0.201731227913408 0.0 0.0 0.0 0.35 0.10434728709770102 0.0 0.0 
0.10037366873685906 0.24243585193506584 0.0 0.0 0.0 0.0 0.0 0.35 0.30719047932807514 0.0 0.0 
0.0 0.3058379216467741 0.0 0.0 0.0 0.0 0.0 0.35 0.344162078353226 0.0 0.0 
0.11683341243436264 0.23869664047139968 0.0 0.0 0.0 0.0 0.0 0.35 0.2944699470942377 0.0 0.0 
0.0 0.328564156427595 0.0 0.0 0.0 0.0 0.0 0.3453355218092371 0.326100321763168 0.0 0.0 
0.12737699921282938 0.1817349783669506 0.0 0.1633795621789169 0.0 0.0 0.0 0.35 0.17750846024130304 0.0 0.0 
0.0 0.3265357779728569 0.0 0.0 0.0 0.0 0.0 0.35 0.3234642220271432 0.0 0.0 
0.1470486656051871 0.12179803864932329 0.0 0.11025939140573222 0.11165218161014721 0.0 0.0 0.35 0.1592417227296102 0.0 0.0 
0.15057820277082276 0.10592325536479512 0.0 0.17235210424938952 0.1356767237783209 0.0 0.0 0.2956152124302041 0.1398545014064676 0.0 0.0 
0.14478393812186113 0.23326261031601858 0.0 0.12714353510119503 0.0 0.0 0.0 0.35 0.14480991646092542 0.0 0.0 
0.1628164519723953 0.1047121528386053 0.0 0.18087035512952382 0.13825506506665702 0.0 0.0 0.26791697901190836 0.14542899598091028 0.0 0.0 
0.13090816789895984 0.3051472137342981 0.0 0.0 0.0 0.0 0.0 0.35 0.21394461836674203 0.0 0.0 
0.15905914989837053 0.10148986937409049 0.0 0.18256666335595614 0.12787915054847063 0.0 0.0 0.28740492791624506 0.14160023890686718 0.0 0.0 
0.12747345451279246 0.18187259584860346 0.0 0.16301107241555102 0.0 0.0 0.0 0.35 0.17764287722305305 0.0 0.0 
0.15496169991087985 0.22619673684864608 0.0 0.0 0.0 0.0 0.0 0.35 0.26884156324047426 0.0 0.0 
0.1957190247066165 0.0 0.0 0.21247845895364262 0.17340415831825293 0.0 0.0 0.24405271910727672 0.17434563891421115 0.0 0.0 
0.10957322178793563 0.2352525424118686 0.0 0.0 0.0 0.0 0.0 0.34975135440989696 0.3054228813902988 0.0 0.0 
0.18532811836534552 0.10705869438725342 0.0 0.11253898818762507 0.10421806445825031 0.0 0.0 0.3435555013929707 0.147300633208555 0.0 0.0 
0.0 0.3217850582177941 0.0 0.0 0.0 0.0 0.0 0.35 0.3282149417822059 0.0 0.0 
0.15980462399955306 0.24010855551201593 0.0 0.0 0.0 0.0 0.0 0.35 0.25008682048843106 0.0 0.0 
0.1753875310855477 0.11691736982537641 0.0 0.18986276596107624 0.11408484002409207 0.0 0.0 0.26108860411199847 0.14265888899190918 0.0 0.0 
0.18906703675159384 0.0 0.0 0.2093078104360807 0.18353159982477535 0.0 0.0 0.2251936762505114 0.1928998767370387 0.0 0.0 
0.1181830259163572 0.26123255403391604 0.0 0.0 0.0 0.0 0.0 0.35 0.2705844200497268 0.0 0.0 
0.1916359229117546 0.0 0.0 0.24008511500210686 0.16641357941405208 0.0 0.0 0.21476681479232662 0.1870985678797599 0.0 0.0 
0.1323003982737781 0.12415796096585217 0.0 0.10272876705060295 0.1176836062828794 0.0 0.0 0.3393363849055769 0.18379288252131062 0.0 0.0 
0.12965340729250246 0.21043701401206688 0.0 0.11344444630081012 0.0 0.0 0.0 0.3456328192912688 0.20083231310335173 0.0 0.0 
0.14427102376887876 0.18489346133708345 0.0 0.2114573196209334 0.0 0.0 0.0 0.35 0.10937819527310438 0.0 0.0 
0.1524385362798404 0.11686226492957864 0.0 0.18778358465685138 0.11132769038698308 0.0 0.0 0.2755611018303808 0.15602682191636577 0.0 0.0 
0.10008709528840386 0.2514966361548494 0.0 0.0 0.0 0.0 0.0 0.35 0.2984162685567468 0.0 0.0 
0.15342767467398044 0.11188601874481037 0.0 0.1522814557021878 0.10804162659663304 0.0 0.0 0.3332598216113177 0.14110340267107066 0.0 0.0 
0.15900865606642892 0.10520048802688169 0.0 0.1761814448409005 0.15810064538249446 0.0 0.0 0.2642841059864108 0.13722465969688372 0.0 0.0 
0.12323523175614425 0.3087956328765689 0.0 0.0 0.0 0.0 0.0 0.35 0.21796913536728696 0.0 0.0 
0.1648993310629216 0.10079304835834353 0.0 0.20553442701789312 0.15187432650598073 0.0 0.0 0.1994440092785108 0.17745485777635034 0.0 0.0 
0.14997643176684683 0.20653642040767362 0.0 0.1704824103126366 0.0 0.0 0.0 0.3423184259993757 0.13068631151346724 0.0 0.0 
0.17103907206987018 0.10650390679519497 0.0 0.18606370707787676 0.1357525756033424 0.0 0.0 0.2654849846126375 0.13515575384107834 0.0 0.0 
0.14417470238416633 0.20272826802266544 0.0 0.15897006262660146 0.0 0.0 0.0 0.35 0.14412696696656677 0.0 0.0 
0.0 0.3120809893339707 0.0 0.0 0.0 0.0 0.0 0.35 0.3379190106660293 0.0 0.0 
0.14850935150096153 0.27199725227370164 0.0 0.0 0.0 0.0 0.0 0.35 0.22949339622533693 0.0 0.0 
0.12892658231251827 0.32140141243796766 0.0 0.0 0.0 0.0 0.0 0.35 0.19967200524951395 0.0 0.0 
0.17756114426734076 0.0 0.0 0.24383307325274936 0.17186595403894103 0.0 0.0 0.23624239959366242 0.17049742884730634 0.0 0.0 
0.1196935498467678 0.26049855083838186 0.0 0.0 0.0 0.0 0.0 0.35 0.2698078993148502 0.0 0.0 
0.0 0.3121316214562808 0.0 0.0 0.0 0.0 0.0 0.35 0.3378683785437192 0.0 0.0 
0.0 0.30361027569885857 0.0 0.0 0.0 0.0 0.0 0.35 0.3463897243011415 0.0 0.0 
0.16237968090049437 0.11827435192734992 0.0 0.20987288653317396 0.12455757065844808 0.0 0.0 0.2664670366359833 0.11844847334455029 0.0 0.0 
0.15342767467398044 0.11188601874481037 0.0 0.1522814557021878 0.10804162659663304 0.0 0.0 0.3332598216113177 0.14110340267107066 0.0 0.0 
