0.0 0.30000000000000016 0.0 0.0 0.0 0.0 0.0 0.35 0.35 0.0 0.0 
0.1833274749124844 0.0 0.0 0.15409415814137828 0.2031336465573278 0.0 0.0 0.1929673918900531 0.152223431364932 0.0 0.1142538971338243 
0.0 0.30000000000000016 0.0 0.0 0.0 0.0 0.0 0.35 0.35 0.0 0.0 
0.17513596483576963 0.10577285769307981 0.0 0.1709273962674984 0.12325324868003225 0.0 0.0 0.2838513614052962 0.14105917111832375 0.0 0.0 
0.0 0.33555986417765643 0.0 0.0 0.0 0.0 0.0 0.3499576629380216 0.3144824728843219 0.0 0.0 
0.1588533900049474 0.13372072381645225 0.0 0.15478072071229473 0.1034257609144815 0.0 0.0 0.34614791556742525 0.10307148898439895 0.0 0.0 
0.1635955298801719 0.1381997968802741 0.0 0.12287590675998646 0.10856467982924753 0.0 0.0 0.35 0.11676408665032004 0.0 0.0 
0.10001399483646702 0.19998600516353318 0.0 0.0 0.0 0.0 0.0 0.35 0.34999999999999987 0.0 0.0 
0.16272576968689337 0.10388030309282162 0.0 0.17029507123952 0.15363760929010664 0.0 0.0 0.2857858040402855 0.1236754426503728 0.0 0.0 
0.203303542025913 0.0 0.0 0.23751581574245528 0.19194978582769678 0.0 0.0 0.18079610371929344 0.1864347526846415 0.0 0.0 
0.16102655250813144 0.12183496371798572 0.0 0.17087642815900386 0.11034363318865632 0.0 0.0 0.2858828342223963 0.1500355882038264 0.0 0.0 
0.14489257190010277 0.18776887632326847 0.0 0.10815129190934472 0.0 0.0 0.0 0.34258623917255066 0.21660102069473341 0.0 0.0 
0.11109180317805717 0.2591896191578798 0.0 0.0 0.0 0.0 0.0 0.35 0.2797185776640631 0.0 0.0 
0.13611039002088282 0.25236917167496453 0.0 0.0 0.0 0.0 0.0 0.35 0.2615204383041527 0.0 0.0 
0.12677451326533037 0.25225258019634444 0.0 0.0 0.0 0.0 0.0 0.35 0.27097290653832523 0.0 0.0 
0.0 0.32489928648085814 0.0 0.0 0.0 0.0 0.0 0.35 0.3251007135191419 0.0 0.0 
0.20072407638221088 0.0 0.0 0.2474921911893859 0.18458625712305723 0.0 0.0 0.18877178506740083 0.1784256902379451 0.0 0.0 
0.0 0.31274401263824736 0.0 0.0 0.0 0.0 0.0 0.34911696982585083 0.3381390175359019 0.0 0.0 
0.19634342278839326 0.0 0.0 0.2431380099809499 0.1830052161195605 0.0 0.0 0.20533290682054023 0.17218044429055612 0.0 0.0 
0.1613453231868775 0.23534914739386614 0.0 0.0 0.0 0.0 0.0 0.35 0.25330552941925644 0.0 0.0 
0.1759153189586477 0.0 0.0 0.15109407248777978 0.20279146601463927 0.0 0.0 0.21049732556089823 0.1473133161338159 0.0 0.11238850084421916 
0.1277217224106001 0.19779359211637051 0.0 0.0 0.0 0.0 0.0 0.35 0.32448468547302933 0.0 0.0 
0.12193653997871282 0.19048025447311814 0.0 0.10886353784766986 0.0 0.0 0.0 0.35 0.22871966770049926 0.0 0.0 
0.13065187136371215 0.1862235129606063 0.0 0.13314656740845604 0.0 0.0 0.0 0.3497765837285731 0.20020146453865245 0.0 0.0 
0.0 0.30237526139222265 0.0 0.0 0.0 0.0 0.0 0.3476247386077774 0.35 0.0 0.0 
0.13829498816712765 0.1534764402210284 0.0 0.11808503259295818 0.1084715696352685 0.0 0.0 0.3458631288629264 0.13580884052069084 0.0 0.0 
0.14055496858715064 0.27048330157071926 0.0 0.0 0.0 0.0 0.0 0.35 0.23896172984213015 0.0 0.0 
0.13919949291078307 0.2304096093593553 0.0 0.0 0.0 0.0 0.0 0.35 0.28039089772986164 0.0 0.0 
0.15736037202132058 0.10136579816450068 0.0 0.1754483172971512 0.11918862679751713 0.0 0.0 0.32160790352174545 0.12502898219776504 0.0 0.0 
0.17896144253877452 0.0 0.0 0.1541054876791853 0.20683324800773017 0.0 0.0 0.19812424568756556 0.15024937809043287 0.0 0.11172619799631152 
0.1477648897465436 0.13809596754552045 0.0 0.11555167351094829 0.10610352808583728 0.0 0.0 0.34954622264527774 0.14293771846587264 0.0 0.0 
0.13183335654374767 0.21862677046310425 0.0 0.1300889738381073 0.0 0.0 0.0 0.35 0.16945089915504064 0.0 0.0 
0.1253899710528459 0.2204593474315692 0.0 0.0 0.0 0.0 0.0 0.35 0.30415068151558483 0.0 0.0 
0.13446497569287907 0.2587637487072186 0.0 0.0 0.0 0.0 0.0 0.34620555758827665 0.2605657180116257 0.0 0.0 
0.12085397085445163 0.15503649068423844 0.0 0.11407106260223196 0.10026174730145418 0.0 0.0 0.34785556939752116 0.16192115916010258 0.0 0.0 
0.125311766718409 0.20844834229749792 0.0 0.0 0.0 0.0 0.0 0.34994194232151143 0.3162979486625815 0.0 0.0 
0.12835367956122148 0.2922875499225034 0.0 0.0 0.0 0.0 0.0 0.35 0.22935877051627523 0.0 0.0 
0.18765305036266283 0.0 0.0 0.22741367252863298 0.1897677374464896 0.0 0.0 0.2534774102526452 0.14168812940956946 0.0 0.0 
0.1753996027116647 0.10050730538088021 0.0 0.19461219703486976 0.1319019478618111 0.0 0.0 0.25502809839575397 0.14255084861502018 0.0 0.0 
0.17020291363372259 0.1541374437627845 0.0 0.10055074125678315 0.1087193286177821 0.0 0.0 0.3471096646334341 0.11927990809549356 0.0 0.0 
0.1602594569846481 0.12576017387197302 0.0 0.16742981919504232 0.11389862213602057 0.0 0.0 0.29481050075795134 0.1378414270543646 0.0 0.0 
0.1560025540861604 0.1436772761508283 0.0 0.14861653202135763 0.11213484539374026 0.0 0.0 0.3313280760854349 0.10824071626247861 0.0 0.0 
0.16586757742389038 0.10519226956145009 0.0 0.20779054111366774 0.11750836170839256 0.0 0.0 0.2475214776407647 0.15611977255183435 0.0 0.0 
0.15830967960713255 0.2846227807915066 0.0 0.0 0.0 0.0 0.0 0.35 0.20706753960136087 0.0 0.0 
0.13859301556861883 0.35 0.0 0.0 0.0 0.0 0.0 0.35 0.16140698443138113 0.0 0.0 
0.18733729753108247 0.10581995702676164 0.0 0.19526743024775609 0.1324688337200837 0.0 0.0 0.2504476171200174 0.1286588643542988 0.0 0.0 
0.12692855622099125 0.20892011262858656 0.0 0.0 0.0 0.0 0.0 0.35 0.31415133115042226 0.0 0.0 
0.1933255580425726 0.0 0.0 0.2395904022448371 0.17984072992306135 0.0 0.0 0.21548618897022015 0.17175712081930888 0.0 0.0 
0.14949842029920293 0.1416304859902003 0.0 0.1146967066292303 0.10111439546315538 0.0 0.0 0.35 0.14305999161821104 0.0 0.0 
0.1361375784935963 0.21636922097463807 0.0 0.0 0.0 0.0 0.0 0.34900848842425425 0.29848471210751143 0.0 0.0 
0.11384281948426724 0.1861571805157328 0.0 0.0 0.0 0.0 0.0 0.35 0.35 0.0 0.0 
0.13969266779670453 0.2845907471095155 0.0 0.0 0.0 0.0 0.0 0.3483483287924699 0.22736825630131022 0.0 0.0 
0.1261221813703625 0.21736317060025806 0.0 0.0 0.0 0.0 0.0 0.35 0.3065146480293795 0.0 0.0 
0.14955599980639367 0.18557112676487472 0.0 0.18810965651752679 0.0 0.0 0.0 0.34881195937029696 0.12795125754090791 0.0 0.0 
0.17905948590204768 0.14214002432239523 0.0 0.20883635388033492 0.0 0.0 0.0 0.35 0.11996413589522226 0.0 0.0 
0.12252658873098722 0.15736687268496202 0.0 0.11868903963011204 0.1007935007336425 0.0 0.0 0.3460223906297897 0.15460160759050656 0.0 0.0 
0.18223319329623267 0.10952560988793524 0.0 0.20219431271095692 0.1370408643420062 0.0 0.0 0.23838993037606085 0.13061608938680808 0.0 0.0 
0.16550619651809934 0.10474309707425768 0.0 0.1933578671807744 0.15626689829393736 0.0 0.0 0.2283523588883322 0.15177358204459918 0.0 0.0 
0.13633725338680608 0.2160604705981166 0.0 0.0 0.0 0.0 0.0 0.34952038406267044 0.2980818919524068 0.0 0.0 
0.17591531895864768 0.0 0.0 0.15109407248777976 0.2027914660146392 0.0 0.0 0.21049732556089817 0.14731331613381587 0.0 0.11238850084421913 
0.14667360541125246 0.30968274203642304 0.0 0.0 0.0 0.0 0.0 0.35 0.19364365255232457 0.0 0.0 
0.19846923632473112 0.0 0.0 0.23397188119829274 0.18498661666826477 0.0 0.0 0.2075560496514826 0.17501621615722865 0.0 0.0 
0.18849543416819622 0.10647414586574691 0.0 0.19647459170457948 0.12809217010820345 0.0 0.0 0.25100941270582444 0.12945424544744946 0.0 0.0 
0.15192653419569924 0.12267654824767388 0.0 0.17007979324949618 0.10087886580329383 0.0 0.0 0.3332350245829601 0.12120323392087672 0.0 0.0 
0.17204394851033428 0.1018726157197018 0.0 0.22433320032732118 0.13530664781542523 0.0 0.0 0.22583496191436978 0.14060862571284766 0.0 0.0 
0.12371717749425142 0.14903360491798034 0.0 0.11984233899451761 0.10177290945322262 0.0 0.0 0.3493846842706103 0.15624928486941778 0.0 0.0 
0.14150683890616964 0.15875234686940834 0.0 0.11973399018151208 0.0 0.0 0.0 0.3490258560468403 0.23098096799606976 0.0 0.0 
0.14481840364841683 0.18393542204813335 0.0 0.10648855626456463 0.0 0.0 0.0 0.3484985973580137 0.2162590206808714 0.0 0.0 
0.18075542392706825 0.14336154599835293 0.0 0.21063104987964193 0.0 0.0 0.0 0.35 0.11525198019493683 0.0 0.0 
0.17881083875174905 0.16542202102606718 0.0 0.17330516962142886 0.0 0.0 0.0 0.35 0.13246197060075487 0.0 0.0 
0.14116693183349616 0.3306738326045681 0.0 0.0 0.0 0.0 0.0 0.34993988396764253 0.17821935159429336 0.0 0.0 
0.10856183285782849 0.19809020599853042 0.0 0.0 0.0 0.0 0.0 0.3466658418483853 0.3466821192952557 0.0 0.0 
0.13466750757044227 0.21097759789322412 0.0 0.12736919704125357 0.0 0.0 0.0 0.35 0.1769856974950801 0.0 0.0 
0.13399890621951427 0.17023214469331827 0.0 0.1264163003589889 0.0 0.0 0.0 0.35 0.21935264872817845 0.0 0.0 
0.17207157038388501 0.10042115092517874 0.0 0.17271720005952876 0.11693132495045423 0.0 0.0 0.3151976832549284 0.12266107042602467 0.0 0.0 
0.17734490547193538 0.10838283285975907 0.0 0.1868960834484324 0.1274394445749406 0.0 0.0 0.2662526357978951 0.13368409784703747 0.0 0.0 
0.15117449024288793 0.2838448867793171 0.0 0.0 0.0 0.0 0.0 0.35 0.21498062297779502 0.0 0.0 
0.0 0.3166412624818126 0.0 0.0 0.0 0.0 0.0 0.35 0.3333587375181874 0.0 0.0 
0.1245885600022554 0.20143389517130755 0.0 0.19086562851867692 0.0 0.0 0.0 0.35 0.13311191630776004 0.0 0.0 
0.15895240612661746 0.21791369592898635 0.0 0.13036485135331238 0.0 0.0 0.0 0.35 0.14276904659108394 0.0 0.0 
0.15212690174455723 0.3065756647387597 0.0 0.0 0.0 0.0 0.0 0.3495966267061829 0.19170080681050025 0.0 0.0 
0.19081367167497476 0.10832025577097024 0.0 0.19982156130767115 0.1302742364814006 0.0 0.0 0.2391107598180799 0.13165951494690342 0.0 0.0 
0.11933760307068204 0.1979332181670151 0.0 0.0 0.0 0.0 0.0 0.35 0.3327291787623028 0.0 0.0 
0.11793300050408968 0.18529794630402563 0.0 0.0 0.0 0.0 0.0 0.34838452659594243 0.34838452659594243 0.0 0.0 
0.1421182987452031 0.15863927586446372 0.0 0.11964870991408402 0.0 0.0 0.0 0.3487772631594082 0.23081645231684086 0.0 0.0 
0.19573801722921838 0.0 0.0 0.22640543057643167 0.18309763803369963 0.0 0.0 0.21692197250031076 0.17783694166033961 0.0 0.0 
0.1224108051511373 0.19788963544712304 0.0 0.18750731903796808 0.0 0.0 0.0 0.34769504426696485 0.14449719609680678 0.0 0.0 
0.12341900251072971 0.1864752928463211 0.0 0.0 0.0 0.0 0.0 0.35 0.34010570464294926 0.0 0.0 
0.13168143844009195 0.19627109853743033 0.0 0.17018310358275804 0.0 0.0 0.0 0.34959667767192243 0.15226768176779745 0.0 0.0 
0.13104718348011 0.2599438853168163 0.0 0.11410221786319612 0.0 0.0 0.0 0.35 0.14490671333987765 0.0 0.0 
0.12333624793343581 0.19635402157675894 0.0 0.1865501497506891 0.0 0.0 0.0 0.35 0.1437595807391162 0.0 0.0 
0.14247951771119707 0.18130570593785503 0.0 0.13482867718984554 0.0 0.0 0.0 0.35 0.19138609916110227 0.0 0.0 
0.12478358234342134 0.18599206153883638 0.0 0.0 0.0 0.0 0.0 0.3499999999999999 0.3392243561177423 0.0 0.0 
0.19086604304296337 0.0 0.0 0.2294047972700206 0.18147471521951408 0.0 0.0 0.23338221781357368 0.1648722266539284 0.0 0.0 
0.15595363343240576 0.12449014107746008 0.0 0.17387987973481095 0.10313279854432575 0.0 0.0 0.3186322739492948 0.12391127326170259 0.0 0.0 
0.15245077401415735 0.1210176418030948 0.0 0.17780272087214485 0.1025780699381333 0.0 0.0 0.3440136444856984 0.10213714888677143 0.0 0.0 
0.15201769847515875 0.12345324379986489 0.0 0.16954019966044545 0.10512477828764752 0.0 0.0 0.3206874863020633 0.12917659347482002 0.0 0.0 
0.18427384391038065 0.2955106793498729 0.0 0.0 0.0 0.0 0.0 0.35 0.17021547673974638 0.0 0.0 
0.17203387967951742 0.10391437245309963 0.0 0.17042055540022027 0.1158683477431799 0.0 0.0 0.3151286420840342 0.12263420263994865 0.0 0.0 
0.1933636736413899 0.0 0.0 0.22574683644898083 0.18256502258868978 0.0 0.0 0.2210048381876143 0.17731962913332505 0.0 0.0 
