0.0 0.30000000000000016 0.0 0.0 0.0 0.0 0.0 0.35 0.35 0.0 0.0 
0.1788615661527654 0.0 0.0 0.11644564927901138 0.20934195043319095 0.0 0.0 0.197270936089654 0.14065470989829768 0.0 0.15742518814708045 
0.0 0.30000000000000016 0.0 0.0 0.0 0.0 0.0 0.35 0.35 0.0 0.0 
0.0 0.30706116621029594 0.0 0.0 0.0 0.0 0.0 0.35 0.3429388337897041 0.0 0.0 
0.11910561225397341 0.2928437214258229 0.0 0.0 0.0 0.0 0.0 0.35 0.2380506663202037 0.0 0.0 
0.15481688060712645 0.35 0.0 0.0 0.0 0.0 0.0 0.35 0.14518311939287368 0.0 0.0 
0.18126011695509994 0.0 0.0 0.12731034417130607 0.21214924611987274 0.0 0.0 0.20011940601328762 0.1484064585126615 0.0 0.1307544282277722 
0.0 0.3350437622607464 0.0 0.0 0.0 0.0 0.0 0.34949661934894133 0.3154596183903122 0.0 0.0 
0.1007382618664215 0.19926173813357861 0.0 0.0 0.0 0.0 0.0 0.3499999999999999 0.35 0.0 0.0 
0.1349076228975123 0.15965871496332387 0.0 0.1104635034337038 0.10970327584388923 0.0 0.0 0.3402462623266547 0.14502062053491616 0.0 0.0 
0.15365874350364986 0.10437094597081151 0.0 0.19912204116921375 0.11942871123260916 0.0 0.0 0.3129821183949795 0.11043743972873613 0.0 0.0 
0.12141765726978049 0.2504555754824988 0.0 0.11078622139939721 0.0 0.0 0.0 0.34478847825298764 0.1725520675953358 0.0 0.0 
0.13714915332467376 0.2256560608177727 0.0 0.14998661185248705 0.0 0.0 0.0 0.34033549803420304 0.14687267597086345 0.0 0.0 
0.14080784182475528 0.12504388162215385 0.0 0.15310639904999823 0.12440721638697164 0.0 0.0 0.3499228585364022 0.10671180257971884 0.0 0.0 
0.19046779224670526 0.0 0.0 0.22076290162727458 0.18902700768329292 0.0 0.0 0.21702713042858757 0.18271516801413978 0.0 0.0 
0.16937138050755535 0.10724451617928658 0.0 0.2070662041615149 0.1455574373751883 0.0 0.0 0.22963032572370484 0.14113013605274993 0.0 0.0 
0.12705167862912703 0.23952212142923746 0.0 0.0 0.0 0.0 0.0 0.35 0.28342619994163554 0.0 0.0 
0.15648182408743921 0.14954347854965203 0.0 0.11841649624006431 0.10912749133950432 0.0 0.0 0.35 0.11643070978334023 0.0 0.0 
0.13763496507967216 0.35 0.0 0.0 0.0 0.0 0.0 0.35 0.16236503492032794 0.0 0.0 
0.12114310158811897 0.2375865632717271 0.0 0.0 0.0 0.0 0.0 0.35 0.29127033514015394 0.0 0.0 
0.16807716236497316 0.10688351871234263 0.0 0.1666993034674142 0.10582687956111667 0.0 0.0 0.3395214963877576 0.11299163950639586 0.0 0.0 
0.16673222064416654 0.10415010330829964 0.0 0.21257014364511115 0.12792810846875802 0.0 0.0 0.2548286105763894 0.13379081335727552 0.0 0.0 
0.17547295162462398 0.0 0.0 0.11026101115835105 0.2110929199266512 0.0 0.0 0.22278565877592832 0.1357595353079845 0.0 0.14462792320646095 
0.19266241992366548 0.0 0.0 0.22196463572517022 0.1796492263148716 0.0 0.0 0.23037624332866244 0.17534747470763035 0.0 0.0 
0.0 0.32249730261570175 0.0 0.0 0.0 0.0 0.0 0.35 0.3275026973842983 0.0 0.0 
0.15874558686223111 0.10061904615198822 0.0 0.19029466542935933 0.10081075022737714 0.0 0.0 0.3330483944655388 0.11648155686350553 0.0 0.0 
0.19022112561642443 0.0 0.0 0.2290011846558315 0.1932149447066929 0.0 0.0 0.21238887567421422 0.17517386934683712 0.0 0.0 
0.11204817850297025 0.20910845662618804 0.0 0.0 0.0 0.0 0.0 0.3473339056431929 0.33150945922764874 0.0 0.0 
0.20197187808540007 0.0 0.0 0.23714983804959025 0.19467751283535636 0.0 0.0 0.18238049721463462 0.1838202738150186 0.0 0.0 
0.1442477181047629 0.15617899438162955 0.0 0.130796918487852 0.0 0.0 0.0 0.35 0.2187763690257556 0.0 0.0 
0.13598757757819543 0.1609368056511087 0.0 0.10896489071656636 0.1049592128783397 0.0 0.0 0.34296998197786943 0.14618153119792024 0.0 0.0 
0.17629294220929478 0.0 0.0 0.11955654220042956 0.2004329311528404 0.0 0.0 0.22389134716583597 0.13639394385757095 0.0 0.14343229341402833 
0.12767776560799068 0.22597480470898296 0.0 0.14981749296021435 0.0 0.0 0.0 0.35 0.14652993672281198 0.0 0.0 
0.15210903388000388 0.10331832341441166 0.0 0.19711381608261053 0.1283096233720264 0.0 0.0 0.30982556908417325 0.10932363416677422 0.0 0.0 
0.14446583273211266 0.20629350036412675 0.0 0.17433774648885417 0.0 0.0 0.0 0.34998137898324855 0.12492154143165776 0.0 0.0 
0.19207889716740523 0.0 0.0 0.2297077689432787 0.1957072686243493 0.0 0.0 0.19445740345763876 0.18804866180732796 0.0 0.0 
0.0 0.32754538365921915 0.0 0.0 0.0 0.0 0.0 0.34970090060108827 0.32275371573969264 0.0 0.0 
0.17378778631488442 0.1126664121976551 0.0 0.17486907488147777 0.1337418260273392 0.0 0.0 0.2670813876859452 0.13785351289269826 0.0 0.0 
0.12054848775181765 0.2209333681819225 0.0 0.0 0.0 0.0 0.0 0.35 0.30851814406625994 0.0 0.0 
0.16735535932010337 0.19639667941241665 0.0 0.17129573256680328 0.0 0.0 0.0 0.34610196358028883 0.11885026512038785 0.0 0.0 
0.13872750948080628 0.16222702835890096 0.0 0.10440179679180747 0.10178253771125406 0.0 0.0 0.34428432504332 0.1485768026139113 0.0 0.0 
0.12293555075497063 0.20999048471429885 0.0 0.0 0.0 0.0 0.0 0.34894254128582675 0.3181314232449036 0.0 0.0 
0.13969395525638764 0.15001557589094566 0.0 0.10594460667635013 0.1029670450690306 0.0 0.0 0.34907305359504254 0.15230576351224345 0.0 0.0 
0.130064177912614 0.22046868087059313 0.0 0.0 0.0 0.0 0.0 0.35 0.2994671412167928 0.0 0.0 
0.1455682959356825 0.12927138523701165 0.0 0.1591976848774325 0.10564310162519269 0.0 0.0 0.35 0.11031953232468085 0.0 0.0 
0.10971897165657717 0.23312828038320488 0.0 0.10418466698647158 0.0 0.0 0.0 0.34891665857228704 0.20405142240145946 0.0 0.0 
0.1712851344793196 0.10838070545838693 0.0 0.2096670298249452 0.12941798606923682 0.0 0.0 0.23715831690654743 0.14409082726156394 0.0 0.0 
0.20516865225500652 0.0 0.0 0.22244395751577173 0.1997295721889556 0.0 0.0 0.18549028754245755 0.18716753049780874 0.0 0.0 
0.196540941794375 0.0 0.0 0.22643304577901072 0.18326577724158755 0.0 0.0 0.2354080814198751 0.15835215376515166 0.0 0.0 
0.13662062913344816 0.1620925533513978 0.0 0.12360884741141841 0.0 0.0 0.0 0.3499336342263286 0.22774433587740708 0.0 0.0 
0.11302686306268767 0.2681082936284153 0.0 0.0 0.0 0.0 0.0 0.35 0.2688648433088971 0.0 0.0 
0.11757700509573406 0.20562958131019002 0.0 0.0 0.0 0.0 0.0 0.34624452181255677 0.330548891781519 0.0 0.0 
0.11732038333673271 0.2326781624548464 0.0 0.10837835125284737 0.0 0.0 0.0 0.34755539838046484 0.19406770457510863 0.0 0.0 
0.1212512642932456 0.2085177383706863 0.0 0.0 0.0 0.0 0.0 0.35 0.3202309973360681 0.0 0.0 
0.1645823303783474 0.12379090837459572 0.0 0.2306405863549734 0.0 0.0 0.0 0.35 0.13098617489208347 0.0 0.0 
0.16613648130540148 0.10530367873788322 0.0 0.18018199804005797 0.10244622805509779 0.0 0.0 0.3240268958987695 0.12190471796278989 0.0 0.0 
0.17528281606991447 0.28395723781038107 0.0 0.0 0.0 0.0 0.0 0.35 0.19075994611970445 0.0 0.0 
0.12175523691682287 0.30180872469714765 0.0 0.0 0.0 0.0 0.0 0.35 0.22643603838602952 0.0 0.0 
0.1133554212646777 0.15855150347708521 0.0 0.10798874310754147 0.10755468991754971 0.0 0.0 0.35 0.1625496422331459 0.0 0.0 
0.11305668769366582 0.15813366146922556 0.0 0.11180297724029187 0.10727124342474262 0.0 0.0 0.34761416652505356 0.16212126364702054 0.0 0.0 
0.10220218474945943 0.20190794234494253 0.0 0.0 0.0 0.0 0.0 0.35 0.3458898729055981 0.0 0.0 
0.11552319206294015 0.25279852066442954 0.0 0.1095314120600299 0.0 0.0 0.0 0.34878380061747777 0.17336307459512254 0.0 0.0 
0.1574807603659678 0.12887070768949488 0.0 0.1616699436222699 0.12243995795435049 0.0 0.0 0.3092737599392246 0.12026487042869234 0.0 0.0 
0.1395064693466101 0.24577509677647158 0.0 0.10472636533887594 0.0 0.0 0.0 0.3406646298075466 0.169327438730496 0.0 0.0 
0.13879264567851476 0.34246842464159466 0.0 0.0 0.0 0.0 0.0 0.35 0.16873892967989065 0.0 0.0 
0.18620377384094597 0.0 0.0 0.2458823993499134 0.18822150799020104 0.0 0.0 0.20904563360009162 0.17064668521884796 0.0 0.0 
0.17435861244650824 0.10818088359140988 0.0 0.19024016543083444 0.10997441657103184 0.0 0.0 0.27877839750774874 0.13846752445246685 0.0 0.0 
0.1278532284794824 0.3122544890123625 0.0 0.0 0.0 0.0 0.0 0.35 0.20989228250815498 0.0 0.0 
0.14000884917452247 0.21149133313891108 0.0 0.10765632820070978 0.0 0.0 0.0 0.35 0.19084348948585675 0.0 0.0 
0.10530245982918117 0.21069704148694363 0.0 0.0 0.0 0.0 0.0 0.34997258125217723 0.3340279174316981 0.0 0.0 
0.1449061275864026 0.20618733281388874 0.0 0.1742480247505247 0.0 0.0 0.0 0.3498012634412174 0.12485725140796654 0.0 0.0 
0.17759080640256 0.0 0.0 0.11377208732677566 0.2078546363591725 0.0 0.0 0.1957634723028019 0.14856435590535802 0.0 0.1564546417033321 
0.18183573523372584 0.21020252558336044 0.0 0.1241528671895017 0.0 0.0 0.0 0.35 0.13380887199341204 0.0 0.0 
0.14395009417842813 0.12766931053268732 0.0 0.15593788153369112 0.10763708135101675 0.0 0.0 0.35 0.11480563240417667 0.0 0.0 
0.14697173365973273 0.15341640354491878 0.0 0.0 0.0 0.0 0.0 0.35 0.34961186279534845 0.0 0.0 
0.1561171629366498 0.23511618403909876 0.0 0.10803040825974296 0.0 0.0 0.0 0.35 0.15073624476450848 0.0 0.0 
0.12758052536449777 0.22604839676450109 0.0 0.1411621217349245 0.0 0.0 0.0 0.349733437650162 0.15547551848591462 0.0 0.0 
0.14271128679116302 0.3003175446609284 0.0 0.0 0.0 0.0 0.0 0.35 0.20697116854790856 0.0 0.0 
0.15682493808465836 0.12836961471940977 0.0 0.16169916177857344 0.12206074939378415 0.0 0.0 0.30966497718646796 0.12138055883710644 0.0 0.0 
0.167080773754992 0.25264260812297423 0.0 0.0 0.0 0.0 0.0 0.35 0.2302766181220338 0.0 0.0 
0.10878126562987801 0.2702281015011816 0.0 0.0 0.0 0.0 0.0 0.35 0.2709906328689403 0.0 0.0 
0.14704003270656216 0.30724719232333664 0.0 0.0 0.0 0.0 0.0 0.35 0.19571277497010123 0.0 0.0 
0.18981246063155177 0.11339722571792936 0.0 0.17685831052391315 0.11227619274879176 0.0 0.0 0.28777822210501985 0.11987758827279395 0.0 0.0 
0.1336780313842774 0.3175398559452722 0.0 0.0 0.0 0.0 0.0 0.35 0.1987821126704506 0.0 0.0 
0.13623864801955846 0.24912111302966491 0.0 0.0 0.0 0.0 0.0 0.35 0.2646402389507767 0.0 0.0 
0.10523236437729226 0.21071354863452318 0.0 0.0 0.0 0.0 0.0 0.35 0.33405408698818456 0.0 0.0 
0.0 0.30450566850268956 0.0 0.0 0.0 0.0 0.0 0.35 0.34549433149731057 0.0 0.0 
0.0 0.32249730261570175 0.0 0.0 0.0 0.0 0.0 0.35 0.3275026973842983 0.0 0.0 
0.17307733391454014 0.10011932312739502 0.0 0.1896088524438952 0.13459155806993675 0.0 0.0 0.26430766421458224 0.13829526822965066 0.0 0.0 
0.1200785634044658 0.22112946162286912 0.0 0.0 0.0 0.0 0.0 0.35 0.30879197497266514 0.0 0.0 
0.13096797029625973 0.26462995321568905 0.0 0.0 0.0 0.0 0.0 0.35 0.2544020764880513 0.0 0.0 
0.14596968843766556 0.2412802641702774 0.0 0.0 0.0 0.0 0.0 0.35 0.26275004739205715 0.0 0.0 
0.16626761562069942 0.10306818751968543 0.0 0.1723431602122598 0.1387509712113554 0.0 0.0 0.281795960014875 0.13777410542112506 0.0 0.0 
0.11592601821084382 0.25251017083975374 0.0 0.10759622414958031 0.0 0.0 0.0 0.35 0.17396758679982202 0.0 0.0 
0.0 0.33423663140066767 0.0 0.0 0.0 0.0 0.0 0.35 0.3157633685993325 0.0 0.0 
0.1696472037215542 0.10629359722814163 0.0 0.2077277690575836 0.14010194899226913 0.0 0.0 0.23343854770859557 0.14279093329185588 0.0 0.0 
0.14176199782419777 0.13039549729199668 0.0 0.12523162412159855 0.12576744090476988 0.0 0.0 0.35 0.1268434398574371 0.0 0.0 
0.13461804610660885 0.3298466125196221 0.0 0.0 0.0 0.0 0.0 0.35 0.18553534137376898 0.0 0.0 
0.1554011960457657 0.16000791707275244 0.0 0.15965349910036306 0.10059659101269122 0.0 0.0 0.30494133298608844 0.11939946378233905 0.0 0.0 
0.1686434533958233 0.10806678661615621 0.0 0.20865383236128393 0.13751107376379812 0.0 0.0 0.2343103470949946 0.14281450676794383 0.0 0.0 
