0.0 0.30000000000000016 0.0 0.0 0.0 0.0 0.0 0.35 0.35 0.0 0.0 
0.0 0.30000000000000016 0.0 0.0 0.0 0.0 0.0 0.35 0.35 0.0 0.0 
0.17732475653167976 0.0 0.0 0.11517550063098164 0.20590221971375688 0.0 0.0 0.1948385824027045 0.14426666066944077 0.0 0.16249228005143634 
0.13050797591824043 0.2135702120241854 0.0 0.10689018913296214 0.0 0.0 0.0 0.3492956361415383 0.19973598678307375 0.0 0.0 
0.17560099770925072 0.0 0.0 0.10511924957857963 0.20872636515976903 0.0 0.0 0.2215523175697463 0.13649630086210857 0.0 0.15250476912054584 
0.10529498969453736 0.20340801954660345 0.0 0.0 0.0 0.0 0.0 0.35 0.34129699075885933 0.0 0.0 
0.10007949526421879 0.1999205047357814 0.0 0.0 0.0 0.0 0.0 0.3499999999999999 0.35 0.0 0.0 
0.10188339424641085 0.2193351100928896 0.0 0.0 0.0 0.0 0.0 0.34998099017790757 0.32880050548279194 0.0 0.0 
0.0 0.33558126464854837 0.0 0.0 0.0 0.0 0.0 0.34998713004562476 0.31443160530582676 0.0 0.0 
0.20120727121152585 0.0 0.0 0.2243547623798123 0.1949680990213205 0.0 0.0 0.21465747129590668 0.1648123960914346 0.0 0.0 
0.14456683933302955 0.23576803573108313 0.0 0.13815809892775432 0.0 0.0 0.0 0.35 0.131507026008133 0.0 0.0 
0.15271835801463537 0.11496447261863937 0.0 0.1517362005228592 0.1037400630541433 0.0 0.0 0.32514794546833276 0.15169296032138999 0.0 0.0 
0.12230112606701755 0.19797563947415217 0.0 0.11220245447673022 0.10234582691150856 0.0 0.0 0.31929738754233317 0.1458775655282582 0.0 0.0 
0.14251680120575874 0.1302790090887645 0.0 0.12595121462981607 0.11032801596027245 0.0 0.0 0.3457962783226521 0.14512868079273625 0.0 0.0 
0.2012683792491495 0.0 0.0 0.2402501131729603 0.19254113107074686 0.0 0.0 0.18489453500094943 0.18104584150619402 0.0 0.0 
0.10290591858975036 0.23832401686255342 0.0 0.0 0.0 0.0 0.0 0.35 0.3087700645476963 0.0 0.0 
0.1271620356818352 0.23464476052993483 0.0 0.10414975750661466 0.0 0.0 0.0 0.34034045684966957 0.19370298943194592 0.0 0.0 
0.1643962896464097 0.11593510853606155 0.0 0.16694319800309496 0.10965223481136055 0.0 0.0 0.31693250274674495 0.12614066625632825 0.0 0.0 
0.10556715595738089 0.2272655317912229 0.0 0.0 0.0 0.0 0.0 0.35 0.31716731225139627 0.0 0.0 
0.124377820992124 0.35 0.0 0.0 0.0 0.0 0.0 0.35 0.175622179007876 0.0 0.0 
0.15949222115282397 0.10818646090020974 0.0 0.14535651098494518 0.10035678106950291 0.0 0.0 0.32885534054646437 0.15775268534605377 0.0 0.0 
0.15471582928338692 0.14720093753743377 0.0 0.20938121822985153 0.0 0.0 0.0 0.34655270105935215 0.14214931388997565 0.0 0.0 
0.11600837107535249 0.2688119148390144 0.0 0.0 0.0 0.0 0.0 0.35 0.2651797140856332 0.0 0.0 
0.11224244259732152 0.3007115796798775 0.0 0.0 0.0 0.0 0.0 0.35 0.23704597772280103 0.0 0.0 
0.15511565605980418 0.12010097569722307 0.0 0.16262539271423548 0.11394453220655697 0.0 0.0 0.3282956079681224 0.11991783535405788 0.0 0.0 
0.14754827189087086 0.1135787817676092 0.0 0.1743464420341041 0.13382009278232568 0.0 0.0 0.2814127324000986 0.14929367912499164 0.0 0.0 
0.13935948029212036 0.19059303197153366 0.0 0.17512128846191158 0.0 0.0 0.0 0.35 0.14492619927443456 0.0 0.0 
0.19534479627238666 0.0 0.0 0.21398962546646308 0.18313145651034649 0.0 0.0 0.25750917929888406 0.15002494245191975 0.0 0.0 
0.1771067783775547 0.0 0.0 0.10899801006601285 0.2105161962525475 0.0 0.0 0.20769639310482912 0.1418701228482633 0.0 0.1538124993507926 
0.12002674249974482 0.2046044608199501 0.0 0.10503217363558771 0.0 0.0 0.0 0.34731344231144723 0.22302318073327013 0.0 0.0 
0.12135865787302964 0.2409141776284663 0.0 0.0 0.0 0.0 0.0 0.34991402022445534 0.28781314427404875 0.0 0.0 
0.17946708352042898 0.0 0.0 0.2219277912790495 0.18036536714486964 0.0 0.0 0.2626494856649042 0.15559027239074763 0.0 0.0 
0.15514450356417078 0.22452742442164322 0.0 0.17582466661902732 0.0 0.0 0.0 0.33398418746308145 0.1105192179320773 0.0 0.0 
0.16629447797161745 0.15302238818548813 0.0 0.1614106901009907 0.0 0.0 0.0 0.35 0.1692724437419038 0.0 0.0 
0.1046906068971924 0.19628836558335858 0.0 0.0 0.0 0.0 0.0 0.34905182775958976 0.3499691997598592 0.0 0.0 
0.16525690196784074 0.10405262126447366 0.0 0.18726968102017943 0.11967241162108973 0.0 0.0 0.30956524801830143 0.11418313610811502 0.0 0.0 
0.1090008439937555 0.24673866415878926 0.0 0.0 0.0 0.0 0.0 0.35 0.2942604918474553 0.0 0.0 
0.11680239976643675 0.21793336704290603 0.0 0.10637800254701746 0.0 0.0 0.0 0.35 0.20888623064363987 0.0 0.0 
0.14050580565821477 0.214341348258312 0.0 0.12367438378980754 0.0 0.0 0.0 0.35 0.17147846229366567 0.0 0.0 
0.16084481766250064 0.20922780040228683 0.0 0.1785006159992991 0.0 0.0 0.0 0.35 0.10142676593591352 0.0 0.0 
0.1946091256481206 0.0 0.0 0.2248790720267158 0.1765619147813723 0.0 0.0 0.228668185756215 0.17528170178757638 0.0 0.0 
0.0 0.3220188656526287 0.0 0.0 0.0 0.0 0.0 0.35 0.3279811343473714 0.0 0.0 
0.14118830192919374 0.22129247388512033 0.0 0.12550246355957034 0.0 0.0 0.0 0.35 0.16201676062611556 0.0 0.0 
0.12987652619737985 0.12020142663042252 0.0 0.12713406604604208 0.11234439125296829 0.0 0.0 0.35 0.16044358987318724 0.0 0.0 
0.1626556528998754 0.2888333951008102 0.0 0.0 0.0 0.0 0.0 0.35 0.19851095199931426 0.0 0.0 
0.13107716526089494 0.2904943374088676 0.0 0.0 0.0 0.0 0.0 0.35 0.22842849733023754 0.0 0.0 
0.18814674430635495 0.0 0.0 0.23967092443866742 0.18231256183528607 0.0 0.0 0.23683113743054227 0.15303863198914938 0.0 0.0 
0.11323742493779539 0.2927720175613856 0.0 0.10942610986838318 0.0 0.0 0.0 0.34219490630542404 0.1423695413270117 0.0 0.0 
0.11944326449127614 0.22380139801435106 0.0 0.0 0.0 0.0 0.0 0.35 0.3067553374943728 0.0 0.0 
0.1723615584576992 0.14502924942226356 0.0 0.2010911856098067 0.0 0.0 0.0 0.3326603250433671 0.14885768146686357 0.0 0.0 
0.14759360555729426 0.11492766040328445 0.0 0.1568614752081666 0.11064729112721398 0.0 0.0 0.33034629931708265 0.1396236683869581 0.0 0.0 
0.16836657708721167 0.10643263326843674 0.0 0.18541486780383687 0.14882209585708944 0.0 0.0 0.27491421278646105 0.11604961319696419 0.0 0.0 
0.1771553633975376 0.2953329336881046 0.0 0.0 0.0 0.0 0.0 0.35 0.17751170291435783 0.0 0.0 
0.166734960183528 0.11487950794252222 0.0 0.17504326358920963 0.13833755327960062 0.0 0.0 0.28770069906304696 0.11730401594209261 0.0 0.0 
0.1778891535022986 0.0 0.0 0.10957777471804632 0.20922698674631882 0.0 0.0 0.19550224951647094 0.14475806764396557 0.0 0.16304576787289962 
0.17787436866301504 0.0 0.0 0.1094704132931938 0.20326000524721508 0.0 0.0 0.20957165035814296 0.1424849955769809 0.0 0.15733856686145214 
0.14470563513170834 0.113202337449455 0.0 0.11207187234476249 0.11078697665021416 0.0 0.0 0.35 0.16923317842386007 0.0 0.0 
0.12299801567725761 0.2511270615167158 0.0 0.0 0.0 0.0 0.0 0.35 0.2758749228060266 0.0 0.0 
0.10880311666093706 0.21631950820687953 0.0 0.0 0.0 0.0 0.0 0.34841271872772445 0.3264646564044589 0.0 0.0 
0.16096383687917976 0.11351448344184793 0.0 0.16345756798560232 0.12824192839259582 0.0 0.0 0.31031522538350287 0.12350695791727134 0.0 0.0 
0.16927004096390785 0.15510845320870228 0.0 0.1543825964372495 0.0 0.0 0.0 0.348450634813663 0.17278827457647727 0.0 0.0 
0.1518702375916898 0.11485386590485816 0.0 0.16454856108569985 0.11469683475112499 0.0 0.0 0.33227125052268514 0.121759250143942 0.0 0.0 
0.14246842140481647 0.25583619856606105 0.0 0.0 0.0 0.0 0.0 0.35 0.2516953800291224 0.0 0.0 
0.156847582271588 0.15652937730191113 0.0 0.15927754233256378 0.10461725114252884 0.0 0.0 0.3023796760013798 0.12034857095002846 0.0 0.0 
0.16988510621122369 0.31808303640660934 0.0 0.0 0.0 0.0 0.0 0.35 0.1620318573821671 0.0 0.0 
0.1505920228220645 0.12024022093101056 0.0 0.17314243514575908 0.11372404016162174 0.0 0.0 0.3114765310379382 0.1308247499016058 0.0 0.0 
0.20191463334063622 0.0 0.0 0.2410215339952345 0.18994845556106427 0.0 0.0 0.18548821419776942 0.18162716290529565 0.0 0.0 
0.12829729178455682 0.1999913460094491 0.0 0.18367667547138983 0.0 0.0 0.0 0.3349841310586142 0.15305055567599005 0.0 0.0 
0.19958077285871975 0.0 0.0 0.2507059431657422 0.1511812953250025 0.0 0.0 0.24086632327587923 0.15766566537465637 0.0 0.0 
0.0 0.3283935305692719 0.0 0.0 0.0 0.0 0.0 0.35 0.3216064694307281 0.0 0.0 
0.17578126459523352 0.10279765749199839 0.0 0.18501104820048356 0.11822905979271542 0.0 0.0 0.30537498027352233 0.11280598964604677 0.0 0.0 
0.1964159095405852 0.0 0.0 0.2411528690957277 0.18805736296030479 0.0 0.0 0.1973821031054869 0.17699175529789546 0.0 0.0 
0.15466029638561127 0.275096350632644 0.0 0.0 0.0 0.0 0.0 0.35 0.22024335298174477 0.0 0.0 
0.1092645638360623 0.3306614614782404 0.0 0.0 0.0 0.0 0.0 0.35 0.21007397468569725 0.0 0.0 
0.1964159095405852 0.0 0.0 0.2411528690957277 0.18805736296030479 0.0 0.0 0.1973821031054869 0.17699175529789546 0.0 0.0 
0.18272489968053424 0.16409172866327618 0.0 0.11691583715095373 0.0 0.0 0.0 0.35 0.18626753450523575 0.0 0.0 
0.14434480316913978 0.3034356461935401 0.0 0.0 0.0 0.0 0.0 0.35 0.2022195506373201 0.0 0.0 
0.17026657245781313 0.26435340495802556 0.0 0.0 0.0 0.0 0.0 0.35 0.2153800225841613 0.0 0.0 
0.0 0.31118479218996087 0.0 0.0 0.0 0.0 0.0 0.3496382942988425 0.33917691351119655 0.0 0.0 
0.1173009107423697 0.19995785186107728 0.0 0.10264687158973212 0.0 0.0 0.0 0.33942588333001583 0.24066848247680495 0.0 0.0 
0.12945783950237386 0.21452980648360512 0.0 0.0 0.0 0.0 0.0 0.35 0.3060123540140211 0.0 0.0 
0.17782080572391118 0.10146502935069923 0.0 0.2002297671887902 0.13438067819122926 0.0 0.0 0.25918562250908106 0.12691809703628928 0.0 0.0 
0.1718500852158707 0.3033972828786063 0.0 0.0 0.0 0.0 0.0 0.35 0.174752631905523 0.0 0.0 
0.18244553182174209 0.0 0.0 0.23325016340245996 0.19032788387951202 0.0 0.0 0.21832472180683501 0.17565169908945089 0.0 0.0 
0.13107716526089494 0.2904943374088676 0.0 0.0 0.0 0.0 0.0 0.35 0.22842849733023754 0.0 0.0 
0.0 0.3351100796896886 0.0 0.0 0.0 0.0 0.0 0.35 0.3148899203103115 0.0 0.0 
0.18244553182174209 0.0 0.0 0.23325016340245996 0.19032788387951205 0.0 0.0 0.21832472180683504 0.1756516990894509 0.0 0.0 
0.10899559990038356 0.21396219613440767 0.0 0.0 0.0 0.0 0.0 0.35 0.32704220396520883 0.0 0.0 
0.14838258311533983 0.11488777768348439 0.0 0.19897313771892733 0.10899856565193772 0.0 0.0 0.31404534895529645 0.11471258687501434 0.0 0.0 
0.15455412354023468 0.14130006911512444 0.0 0.16298308041973153 0.12709207607666606 0.0 0.0 0.26787861018318027 0.14619204066506303 0.0 0.0 
0.12883140201471824 0.23800611947566908 0.0 0.0 0.0 0.0 0.0 0.35 0.28316247850961274 0.0 0.0 
0.1422155839345078 0.12236033776128671 0.0 0.12507801359441462 0.11049127711023937 0.0 0.0 0.3465268920922159 0.15332789550733572 0.0 0.0 
0.1167696538227545 0.2178722686940884 0.0 0.10634817911798347 0.0 0.0 0.0 0.35 0.20900989836517367 0.0 0.0 
0.18095071760242004 0.11109082071582993 0.0 0.18463753124605556 0.12173267629579487 0.0 0.0 0.2549028411141924 0.14668541302570726 0.0 0.0 
0.15949340995032243 0.12074544823395449 0.0 0.16607244483345027 0.12746936339459541 0.0 0.0 0.26805766685966564 0.1581616667280117 0.0 0.0 
0.1421466423798858 0.11158611463255458 0.0 0.1823825466276993 0.1551778306990532 0.0 0.0 0.2866549548496277 0.12205191081117932 0.0 0.0 
0.13656018493532038 0.11925656367403345 0.0 0.12613470794464976 0.11146128980709792 0.0 0.0 0.3477170573801125 0.15887019625878596 0.0 0.0 
0.0 0.3087341571702079 0.0 0.0 0.0 0.0 0.0 0.3482449506351534 0.34302089219463855 0.0 0.0 
0.14073405450533885 0.25035510672567746 0.0 0.0 0.0 0.0 0.0 0.35 0.25891083876898385 0.0 0.0 
0.17824981691109706 0.10942835095289524 0.0 0.1818744378525459 0.11991095158263829 0.0 0.0 0.2519847394442865 0.15855170325653709 0.0 0.0 
