0.0 0.30000000000000016 0.0 0.0 0.0 0.0 0.0 0.35 0.35 0.0 0.0 
0.18027062080542613 0.0 0.0 0.35 0.14595872272909308 0.0 0.0 0.2237706564654809 0.1 0.0 0.0 
0.18027062080542613 0.0 0.0 0.35 0.14595872272909308 0.0 0.0 0.2237706564654809 0.1 0.0 0.0 
0.0 0.30000000000000016 0.0 0.0 0.0 0.0 0.0 0.35 0.35 0.0 0.0 
0.1713630553578051 0.1 0.0 0.2570782907502551 0.12155865389193975 0.0 0.0 0.35 0.0 0.0 0.0 
0.0 0.33541662132872957 0.0 0.0 0.0 0.0 0.0 0.35 0.3145833786712705 0.0 0.0 
0.1 0.2000000000000001 0.0 0.0 0.0 0.0 0.0 0.35 0.35 0.0 0.0 
0.15475942939535425 0.0 0.0 0.2197186087278094 0.17552196187683636 0.0 0.0 0.35 0.1 0.0 0.0 
0.13919049845031112 0.1 0.0 0.17983164184487505 0.13075723326041405 0.0 0.0 0.35 0.10022062644439977 0.0 0.0 
0.13697921705485877 0.2012185337957778 0.0 0.1 0.0 0.0 0.0 0.35 0.21180224914936346 0.0 0.0 
0.1334251100837018 0.19035838685666745 0.0 0.12285241753600544 0.1 0.0 0.0 0.35 0.10336408552362528 0.0 0.0 
0.16165638908290234 0.20250210801711674 0.0 0.14851182472558372 0.0 0.0 0.0 0.35 0.13732967817439726 0.0 0.0 
0.1 0.2862827453609543 0.0 0.0 0.0 0.0 0.0 0.35 0.2637172546390458 0.0 0.0 
0.1753260197619314 0.0 0.0 0.22165521512860076 0.1342369259298521 0.0 0.0 0.35 0.11878183917961586 0.0 0.0 
0.18302164644380645 0.11267351885758778 0.0 0.10018254486765718 0.1 0.0 0.0 0.35 0.15412228983094867 0.0 0.0 
0.16287320195575455 0.0 0.0 0.35 0.13026217659042377 0.0 0.0 0.25686462145382183 0.1 0.0 0.0 
0.13713306930873384 0.2506713416419847 0.0 0.12861587307840325 0.0 0.0 0.0 0.35 0.1335797159708782 0.0 0.0 
0.14559013524604209 0.10068818590124624 0.0 0.2696680830788637 0.134053595773848 0.0 0.0 0.35 0.0 0.0 0.0 
0.1512149401444883 0.228623850201506 0.0 0.0 0.0 0.0 0.0 0.35 0.2701612096540057 0.0 0.0 
0.14892094714347076 0.2237164115095124 0.0 0.1 0.0 0.0 0.0 0.35 0.17736264134701682 0.0 0.0 
0.14619459709130286 0.0 0.0 0.35 0.1 0.0 0.0 0.3030427954304399 0.10076260747825727 0.0 0.0 
0.12028266947507898 0.29821119864221485 0.0 0.0 0.0 0.0 0.0 0.35 0.23150613188270622 0.0 0.0 
0.1 0.31712820075254544 0.0 0.0 0.0 0.0 0.0 0.35 0.23287179924745458 0.0 0.0 
0.1 0.21110371382565546 0.0 0.0 0.0 0.0 0.0 0.35 0.33889628617434453 0.0 0.0 
0.1406620239154969 0.0 0.0 0.35 0.11696301706100856 0.0 0.0 0.29237495902349464 0.1 0.0 0.0 
0.13665249764384982 0.17262466709674362 0.0 0.11752556154349737 0.1 0.0 0.0 0.35 0.12319727371590922 0.0 0.0 
0.13353708636952366 0.17648976693576623 0.0 0.13867230352751755 0.1 0.0 0.0 0.35 0.10130084316719253 0.0 0.0 
0.13644895879616514 0.1478906124709002 0.0 0.10414710610616364 0.1 0.0 0.0 0.35 0.16151332262677107 0.0 0.0 
0.1737343467831904 0.1250375287875608 0.0 0.10688811477342355 0.1 0.0 0.0 0.35 0.14434000965582527 0.0 0.0 
0.13159354060052597 0.26444996621518857 0.0 0.1 0.0 0.0 0.0 0.35 0.15395649318428553 0.0 0.0 
0.15366636187882046 0.0 0.0 0.35 0.12775500259326766 0.0 0.0 0.26857863552791195 0.1 0.0 0.0 
0.17440295176994777 0.0 0.0 0.35 0.14595872272909308 0.0 0.0 0.2296383255009592 0.1 0.0 0.0 
0.0 0.32906289719411197 0.0 0.0 0.0 0.0 0.0 0.35 0.32093710280588805 0.0 0.0 
0.14558791542768085 0.22823622311483238 0.0 0.15947799821581074 0.0 0.0 0.0 0.35 0.11669786324167604 0.0 0.0 
0.12059397122407757 0.17940602877592246 0.0 0.0 0.0 0.0 0.0 0.35 0.35 0.0 0.0 
0.14707167625189133 0.1341815370426886 0.0 0.16747568583151828 0.1012711008739019 0.0 0.0 0.35 0.1 0.0 0.0 
0.13527619507586916 0.2597417152980188 0.0 0.14448923199908914 0.0 0.0 0.0 0.35 0.11049285762702286 0.0 0.0 
0.14408011304835933 0.1138242032083323 0.0 0.17956343146376016 0.11253225227954819 0.0 0.0 0.35 0.1 0.0 0.0 
0.12309740641657035 0.24492285067437977 0.0 0.1 0.0 0.0 0.0 0.35 0.18197974290904995 0.0 0.0 
0.14925575479509054 0.3109362895403863 0.0 0.0 0.0 0.0 0.0 0.35 0.1898079556645232 0.0 0.0 
0.17533968776101072 0.0 0.0 0.22246840621095693 0.15219190602803234 0.0 0.0 0.35 0.1 0.0 0.0 
0.15498826124338533 0.0 0.0 0.35 0.1 0.0 0.0 0.2945887544740202 0.10042298428259448 0.0 0.0 
0.1 0.24792495325626693 0.0 0.0 0.0 0.0 0.0 0.35 0.30207504674373314 0.0 0.0 
0.19209204001115243 0.0 0.0 0.2338200190876864 0.12408794090116121 0.0 0.0 0.35 0.1 0.0 0.0 
0.1 0.21827141036546632 0.0 0.0 0.0 0.0 0.0 0.35 0.3317285896345337 0.0 0.0 
0.0 0.322924341387512 0.0 0.0 0.0 0.0 0.0 0.35 0.327075658612488 0.0 0.0 
0.14773966236737068 0.18821927467085603 0.0 0.20575572984018065 0.0 0.0 0.0 0.35 0.10828533312159257 0.0 0.0 
0.12652134345069282 0.22916779435381077 0.0 0.1 0.0 0.0 0.0 0.35 0.19431086219549645 0.0 0.0 
0.1347777291872215 0.29632473090756706 0.0 0.1 0.0 0.0 0.0 0.35 0.11889753990521142 0.0 0.0 
0.14188374810255147 0.18559857417042314 0.0 0.1 0.0 0.0 0.0 0.35 0.22251767772702552 0.0 0.0 
0.1 0.2670591977569185 0.0 0.0 0.0 0.0 0.0 0.35 0.2829408022430815 0.0 0.0 
0.1 0.35 0.0 0.0 0.0 0.0 0.0 0.35 0.2 0.0 0.0 
0.1698728716472281 0.0 0.0 0.35 0.14087221743400066 0.0 0.0 0.23925491091877132 0.1 0.0 0.0 
0.1 0.22741920909939736 0.0 0.0 0.0 0.0 0.0 0.35 0.3225807909006026 0.0 0.0 
0.18022449762919318 0.0 0.0 0.24142951888719494 0.12834598348361195 0.0 0.0 0.35 0.1 0.0 0.0 
0.0 0.31833868707175705 0.0 0.0 0.0 0.0 0.0 0.35 0.3316613129282429 0.0 0.0 
0.13668255198611623 0.31651218723715946 0.0 0.0 0.0 0.0 0.0 0.35 0.19680526077672433 0.0 0.0 
0.1657958149951194 0.0 0.0 0.35 0.10255241251145904 0.0 0.0 0.28165177249342155 0.1 0.0 0.0 
0.1526562851389548 0.2843580939728667 0.0 0.0 0.0 0.0 0.0 0.35 0.21298562088817852 0.0 0.0 
0.1374664353552456 0.11236254281757498 0.0 0.19907754482736711 0.1 0.0 0.0 0.35 0.1010934769998123 0.0 0.0 
0.12813466350976913 0.26236346494236146 0.0 0.1 0.0 0.0 0.0 0.35 0.1595018715478694 0.0 0.0 
0.1 0.3378286719569526 0.0 0.0 0.0 0.0 0.0 0.35 0.21217132804304736 0.0 0.0 
0.1 0.3048937266914943 0.0 0.0 0.0 0.0 0.0 0.35 0.24510627330850573 0.0 0.0 
0.1 0.23542758489268525 0.0 0.0 0.0 0.0 0.0 0.35 0.3145724151073148 0.0 0.0 
0.14257087197007826 0.2665553561644092 0.0 0.1 0.0 0.0 0.0 0.35 0.14087377186551267 0.0 0.0 
0.1 0.22127073848741008 0.0 0.0 0.0 0.0 0.0 0.35 0.32872926151258997 0.0 0.0 
0.19145300269490667 0.13259870137861623 0.0 0.10889654839374348 0.11705174753273372 0.0 0.0 0.35 0.1 0.0 0.0 
0.17749572673573605 0.0 0.0 0.35 0.1 0.0 0.0 0.26028899696914254 0.11221527629512143 0.0 0.0 
0.18620169902748918 0.12133899683347843 0.0 0.10735829593762959 0.1 0.0 0.0 0.35 0.13510100820140278 0.0 0.0 
0.16238602039636035 0.22712993296868753 0.0 0.0 0.0 0.0 0.0 0.35 0.26048404663495217 0.0 0.0 
0.14640441404874585 0.32294891221864663 0.0 0.0 0.0 0.0 0.0 0.35 0.18064667373260762 0.0 0.0 
0.16049946239092314 0.0 0.0 0.35 0.11170144686418255 0.0 0.0 0.2777990907448943 0.1 0.0 0.0 
0.14416740926754698 0.10267497084105869 0.0 0.11534070800859374 0.1 0.0 0.0 0.35 0.1878169118828006 0.0 0.0 
0.1 0.2542898758009057 0.0 0.0 0.0 0.0 0.0 0.35 0.29571012419909437 0.0 0.0 
0.17077916519534764 0.0 0.0 0.35 0.12739406956623328 0.0 0.0 0.24989145160906828 0.10193531362935067 0.0 0.0 
0.1 0.27619273708237835 0.0 0.0 0.0 0.0 0.0 0.35 0.27380726291762175 0.0 0.0 
0.14406034459297984 0.0 0.0 0.35 0.1 0.0 0.0 0.2892230262765808 0.11671662913043931 0.0 0.0 
0.14315176801285195 0.202494321348799 0.0 0.0 0.0 0.0 0.0 0.35 0.3043539106383491 0.0 0.0 
0.13548360345902888 0.12497007323914634 0.0 0.1051465124664933 0.1 0.0 0.0 0.35 0.18439981083533152 0.0 0.0 
0.11099421527435514 0.24891737119234705 0.0 0.0 0.0 0.0 0.0 0.35 0.2900884135332979 0.0 0.0 
0.0 0.3071094904581041 0.0 0.0 0.0 0.0 0.0 0.35 0.3428905095418959 0.0 0.0 
0.18735759262157262 0.12630025172046688 0.0 0.12286886914201559 0.11347328651594497 0.0 0.0 0.35 0.1 0.0 0.0 
0.1 0.23110747657618125 0.0 0.0 0.0 0.0 0.0 0.35 0.31889252342381874 0.0 0.0 
0.17301544926339044 0.0 0.0 0.35 0.13075336049446307 0.0 0.0 0.24623119024214657 0.1 0.0 0.0 
0.1 0.2757406379679233 0.0 0.0 0.0 0.0 0.0 0.35 0.2742593620320767 0.0 0.0 
0.15127295276605723 0.3243501577030871 0.0 0.0 0.0 0.0 0.0 0.35 0.17437688953085564 0.0 0.0 
0.15211250706764812 0.33416060090129895 0.0 0.0 0.0 0.0 0.0 0.35 0.16372689203105295 0.0 0.0 
0.0 0.30449157956776574 0.0 0.0 0.0 0.0 0.0 0.35 0.3455084204322343 0.0 0.0 
0.13092358776893379 0.29730357019352593 0.0 0.0 0.0 0.0 0.0 0.35 0.22177284203754027 0.0 0.0 
0.14257087197007826 0.2665553561644092 0.0 0.1 0.0 0.0 0.0 0.35 0.14087377186551267 0.0 0.0 
0.1 0.24079721362621057 0.0 0.0 0.0 0.0 0.0 0.35 0.3092027863737894 0.0 0.0 
0.15887637391694936 0.33665553221519073 0.0 0.0 0.0 0.0 0.0 0.35 0.1544680938678599 0.0 0.0 
0.14610951717533271 0.24558134351989439 0.0 0.15830913930477294 0.0 0.0 0.0 0.35 0.1 0.0 0.0 
0.15947297343505948 0.28196477264928416 0.0 0.0 0.0 0.0 0.0 0.35 0.20856225391565636 0.0 0.0 
0.14305569170343735 0.26954241883642854 0.0 0.10961559703481712 0.0 0.0 0.0 0.35 0.12778629242531697 0.0 0.0 
0.17321941925350154 0.0 0.0 0.20108767788583365 0.1756929028606649 0.0 0.0 0.35 0.1 0.0 0.0 
0.1 0.24271970558770223 0.0 0.0 0.0 0.0 0.0 0.35 0.30728029441229776 0.0 0.0 
0.1634930499806213 0.0 0.0 0.35 0.10714385792540465 0.0 0.0 0.27936309209397414 0.1 0.0 0.0 
0.16957464127773897 0.0 0.0 0.35 0.13640509348557409 0.0 0.0 0.24402026523668707 0.1 0.0 0.0 
0.0 0.31246376686340877 0.0 0.0 0.0 0.0 0.0 0.35 0.3375362331365912 0.0 0.0 
