0.0 0.30000000000000027 0.0 0.0 0.0 0.0 0.0 0.35 0.35 0.0 0.0 
0.0 0.30000000000000027 0.0 0.0 0.0 0.0 0.0 0.35 0.35 0.0 0.0 
0.0 0.0 0.13052287675182414 0.1872218828324156 0.0 0.3378960015903056 0.0 0.0 0.1269070724604906 0.0 0.21745216636496412 
0.0 0.0 0.13052287675182414 0.1872218828324156 0.0 0.3378960015903056 0.0 0.0 0.1269070724604906 0.0 0.21745216636496412 
0.0 0.19796424935861734 0.0 0.0 0.0 0.0 0.10203575064138276 0.35 0.35 0.0 0.0 
0.0 0.2999999999999998 0.0 0.0 0.0 0.0 0.0 0.35 0.35 0.0 0.0 
0.0 0.0 0.14476751509373006 0.10006367774946638 0.0 0.3044117866064406 0.0 0.10046704717676265 0.16868860383556894 0.0 0.18160136953803152 
0.0 0.0 0.15464372642729662 0.16497156717329214 0.0 0.29456213186821306 0.0 0.0 0.21571740929282185 0.0 0.17010516523837624 
0.0 0.0 0.0 0.0 0.0 0.0 0.29999999999999993 0.35 0.35 0.0 0.0 
0.0 0.10015273629853637 0.0 0.0 0.0 0.0 0.20347533005538376 0.3481859668230399 0.3481859668230399 0.0 0.0 
0.0 0.0 0.10002646446577561 0.0 0.0 0.0 0.19997353553422445 0.35 0.35 0.0 0.0 
0.0 0.0 0.14263851919372803 0.10386709637264917 0.0 0.2711962761837074 0.0 0.11366480995999804 0.24631220135258794 0.0 0.1223210969373295 
0.0 0.0 0.15874546830848238 0.10348886165449124 0.0 0.266364101838548 0.0 0.10763375626352653 0.22629552782719572 0.0 0.1374722841077562 
0.0 0.0 0.16806469988741476 0.0 0.0 0.29991196210696897 0.0 0.12272315461365355 0.28842423741690687 0.0 0.12087594597505583 
0.0 0.0 0.0 0.0 0.0 0.0 0.30846344665277603 0.3415365533472239 0.35 0.0 0.0 
0.0 0.0 0.18738974381349174 0.0 0.0 0.0 0.0 0.35 0.34861659381545784 0.0 0.11399366237105046 
0.0 0.0 0.0 0.0 0.0 0.0 0.1824947556495382 0.35 0.35 0.0 0.11750524435046192 
0.0 0.0 0.13369150510631433 0.10049316894142976 0.0 0.26797493178271714 0.0 0.12538861310990765 0.2536007521875829 0.0 0.11885102887204814 
0.0 0.0 0.13804838771137734 0.0 0.0 0.0 0.1619516122886228 0.35 0.35 0.0 0.0 
0.0 0.0 0.16360638647343131 0.0 0.0 0.19402633788272958 0.0 0.21148970353864563 0.310919311827843 0.0 0.11995826027735053 
0.0 0.0 0.16528288543696484 0.0 0.0 0.26318456694649056 0.0 0.1470913409246006 0.308965135721582 0.0 0.11547607097036193 
0.0 0.15150630128851583 0.0 0.0 0.0 0.0 0.14849369871148405 0.35 0.35 0.0 0.0 
0.0 0.0 0.13597087332581909 0.17060982964914337 0.0 0.32349348826166296 0.0 0.0 0.15763438656414416 0.0 0.2122914221992304 
0.0 0.0 0.1721219464879533 0.0 0.0 0.28194476483235337 0.0 0.1295778481683529 0.2911483242539372 0.0 0.12520711625740313 
0.0 0.14266664474018925 0.0 0.0 0.0 0.0 0.1573333552598108 0.35 0.35 0.0 0.0 
0.0 0.0 0.1583423497000765 0.10810267840957116 0.0 0.2837139734840608 0.0 0.10026642705224083 0.18629284371636726 0.0 0.16328172763768353 
0.0 0.0 0.20306751910527715 0.0 0.0 0.1819851094350228 0.0 0.26494737145970004 0.35 0.0 0.0 
0.0 0.0 0.20540858436282114 0.0 0.0 0.16209571166550993 0.0 0.282495703971669 0.35 0.0 0.0 
0.0 0.0 0.15430540315291894 0.0 0.0 0.2589627252345682 0.0 0.15299892530545245 0.3209952593773752 0.0 0.11273768692968525 
0.0 0.16310367895945377 0.0 0.0 0.0 0.0 0.13689632104054622 0.35 0.35 0.0 0.0 
0.0 0.0 0.15156523520713594 0.0 0.0 0.22636326217826933 0.0 0.1841566544388166 0.32571011593112714 0.0 0.11220473224465097 
0.0 0.0 0.13706952659001628 0.10106372898936807 0.0 0.26521850317383655 0.0 0.10644251905392016 0.2763837644394821 0.0 0.11382195775337675 
0.0 0.0 0.22234764167345952 0.0 0.0 0.15494505302206563 0.0 0.2727073053044749 0.35 0.0 0.0 
0.0 0.17219429474779502 0.0 0.0 0.0 0.0 0.12780570525220508 0.35 0.35 0.0 0.0 
0.0 0.0 0.0 0.0 0.0 0.0 0.1151126154231519 0.34592401724678673 0.34592401724678673 0.0 0.19303935008327466 
0.0 0.19518285017981507 0.0 0.0 0.0 0.0 0.10485761767005104 0.349979766075067 0.349979766075067 0.0 0.0 
0.0 0.0 0.22439216598290534 0.0 0.0 0.10250151807514049 0.0 0.3231063159419542 0.35 0.0 0.0 
0.0 0.0 0.19982759853383086 0.0 0.0 0.0 0.0 0.3468719777032989 0.3420335336101211 0.0 0.11126689015274924 
0.0 0.0 0.182801560765728 0.0 0.0 0.13078156244878714 0.0 0.343717167869099 0.342699708916386 0.0 0.0 
0.0 0.0 0.2076206010223004 0.0 0.0 0.1335224663121412 0.0 0.3088569326655585 0.35 0.0 0.0 
0.0 0.0 0.189367937857693 0.0 0.0 0.16547361523484458 0.0 0.3069642543502307 0.3381941925572318 0.0 0.0 
0.0 0.0 0.2273225131460176 0.0 0.0 0.20439073942142652 0.0 0.2183692390743622 0.34991750835819385 0.0 0.0 
0.0 0.0 0.1567822999883497 0.16725296480921992 0.0 0.29863564200570286 0.0 0.0 0.2048715376132545 0.0 0.172457555583473 
0.0 0.0 0.1759583324560224 0.0 0.0 0.13339132212857543 0.0 0.35 0.34065034541540223 0.0 0.0 
0.0 0.0 0.18701400118581993 0.0 0.0 0.24719272552270533 0.0 0.2157932732914749 0.35 0.0 0.0 
0.0 0.0 0.14676522979005877 0.10263303007524464 0.0 0.27886918636541747 0.0 0.10816811685331217 0.18525167116481533 0.0 0.1783127657511515 
0.0 0.1783783130338604 0.0 0.0 0.0 0.0 0.12162168696613959 0.35 0.35 0.0 0.0 
0.0 0.18902384720103077 0.0 0.0 0.0 0.0 0.11101238820566399 0.3499637645933054 0.35 0.0 0.0 
0.0 0.0 0.21105336509834136 0.0 0.0 0.19275321900696255 0.0 0.24619341589469612 0.35 0.0 0.0 
0.0 0.0 0.19616420814211152 0.0 0.0 0.2558551898017714 0.0 0.19798060205611706 0.35 0.0 0.0 
0.0 0.0 0.0 0.0 0.0 0.0 0.10917828704701488 0.35 0.35 0.0 0.19082171295298525 
0.0 0.0 0.22101677951731008 0.0 0.0 0.20355690981418242 0.0 0.22542631066850757 0.35 0.0 0.0 
0.0 0.12224695994563224 0.0 0.0 0.0 0.0 0.17775304005436793 0.35 0.35 0.0 0.0 
0.0 0.0 0.20528544297304846 0.0 0.0 0.18790954209899105 0.0 0.2568050149279606 0.35 0.0 0.0 
0.0 0.13830544783699097 0.0 0.0 0.0 0.0 0.16191830714209718 0.3498881225104559 0.3498881225104559 0.0 0.0 
0.0 0.0 0.20329314466048404 0.0 0.0 0.15910961494956713 0.0 0.28759724038994894 0.35 0.0 0.0 
0.0 0.0 0.14843406962224165 0.1571340549979361 0.0 0.3249346642494867 0.0 0.0 0.18744375245284792 0.0 0.18205345867748768 
0.0 0.1288717599786422 0.0 0.0 0.0 0.0 0.17112824002135785 0.35 0.35 0.0 0.0 
0.0 0.0 0.18813691965857143 0.0 0.0 0.19312554828538664 0.0 0.2740673976496362 0.3446701344064057 0.0 0.0 
0.0 0.0 0.20151740169057608 0.0 0.0 0.2071175559236789 0.0 0.2413650423857451 0.35 0.0 0.0 
0.0 0.18220603389997198 0.0 0.0 0.0 0.0 0.11779396610002803 0.35 0.35 0.0 0.0 
0.0 0.0 0.19897469602174744 0.0 0.0 0.0 0.0 0.3416229792239384 0.33899434627743963 0.0 0.12040797847687452 
0.0 0.0 0.16153728736375805 0.10105701767235377 0.0 0.27490021183508495 0.0 0.10663991494299194 0.21224761653106422 0.0 0.14361795165474694 
0.0 0.0 0.21811279263815767 0.0 0.0 0.10227262511274311 0.0 0.32961458224909934 0.35 0.0 0.0 
0.0 0.0 0.2171365656748365 0.0 0.0 0.2027864866928352 0.0 0.23018320388466817 0.34989374374766014 0.0 0.0 
0.0 0.0 0.16830805165972929 0.0 0.0 0.27775103505796117 0.0 0.12983451127617165 0.3086688972683522 0.0 0.11543750473778572 
0.0 0.0 0.17740481309172623 0.0 0.0 0.13763020890727243 0.0 0.33496497800100133 0.35 0.0 0.0 
0.0 0.13272744715835572 0.0 0.0 0.0 0.0 0.16727255284164433 0.35 0.35 0.0 0.0 
0.0 0.0 0.1861940761946546 0.0 0.0 0.16464455607113465 0.0 0.2991613677342109 0.35 0.0 0.0 
0.0 0.0 0.17314589191300103 0.0 0.0 0.22863280374266332 0.0 0.15682082301277453 0.31305874708777753 0.0 0.12834173424378367 
0.0 0.0 0.1430453785770803 0.0 0.0 0.25861356956980547 0.0 0.1874597892964213 0.3057275931208824 0.0 0.10515366943581052 
0.0 0.0 0.16394361178533975 0.0 0.0 0.23527421016614428 0.0 0.1589365568975398 0.32596984376602617 0.0 0.11587577738495007 
0.0 0.0 0.19698952472885142 0.0 0.0 0.20032929240935474 0.0 0.2526811828617939 0.35 0.0 0.0 
0.0 0.0 0.19897469602174744 0.0 0.0 0.0 0.0 0.3416229792239384 0.33899434627743963 0.0 0.12040797847687452 
0.0 0.0 0.1437130697562117 0.18542106992538587 0.0 0.29677200826985894 0.0 0.0 0.18254863044158998 0.0 0.19154522160695345 
0.0 0.11764209053565704 0.0 0.0 0.0 0.0 0.18235790946434294 0.35 0.35 0.0 0.0 
0.0 0.0 0.11240550334118886 0.0 0.0 0.0 0.0 0.35 0.34982338517201067 0.0 0.18777111148680053 
0.0 0.17339489468231534 0.0 0.0 0.0 0.0 0.1266051053176847 0.35 0.35 0.0 0.0 
0.0 0.0 0.16593255329879553 0.0 0.0 0.2708883580160991 0.0 0.140995531016031 0.3065044438333897 0.0 0.11567911383568477 
0.0 0.1110610896892888 0.0 0.0 0.0 0.0 0.18893891031071125 0.35 0.35 0.0 0.0 
0.0 0.15674195883458664 0.0 0.0 0.0 0.0 0.14325804116541338 0.35 0.35 0.0 0.0 
0.0 0.0 0.2176143943365247 0.0 0.0 0.11380384833226463 0.0 0.31858175733121075 0.35 0.0 0.0 
0.0 0.0 0.1295357053553008 0.0 0.0 0.0 0.0 0.35 0.35 0.0 0.17046429464469928 
0.0 0.1040921666738765 0.0 0.0 0.0 0.0 0.19590783332612355 0.35 0.35 0.0 0.0 
0.0 0.0 0.13287984339508657 0.1863494142313616 0.0 0.33429214749551894 0.0 0.0 0.12780942281732965 0.0 0.2186691720607032 
0.0 0.0 0.16522289743163257 0.0 0.0 0.2801330739844569 0.0 0.13564787109047882 0.30498967545072736 0.0 0.11400648204270424 
0.0 0.0 0.19254401800082943 0.0 0.0 0.10745598199917064 0.0 0.35 0.35 0.0 0.0 
0.0 0.0 0.15388678895807914 0.0 0.0 0.24868781438860352 0.0 0.16854629584473763 0.3179101241249014 0.0 0.1109689766836783 
0.0 0.0 0.14587993708212058 0.10201394425192545 0.0 0.2771870382332536 0.0 0.1075156432039429 0.19806105653727313 0.0 0.16934238069148438 
0.0 0.0 0.20395257540674042 0.0 0.0 0.130083509110003 0.0 0.31596391548325664 0.35 0.0 0.0 
0.0 0.18568308447566226 0.0 0.0 0.0 0.0 0.11431691552433772 0.35 0.35 0.0 0.0 
0.0 0.0 0.1408465546626266 0.1818990433179831 0.0 0.3292197514788881 0.0 0.0 0.14731495319786658 0.0 0.2007196973426356 
0.0 0.0 0.19830857847028963 0.0 0.0 0.16944289773509708 0.0 0.301544908122289 0.3307036156723244 0.0 0.0 
0.0 0.0 0.1295357053553008 0.0 0.0 0.0 0.0 0.35 0.35 0.0 0.17046429464469928 
0.0 0.0 0.14333713545367524 0.0 0.0 0.25852552256542916 0.0 0.18739596715083157 0.30562350578016684 0.0 0.10511786904989727 
0.0 0.0 0.1475292455699123 0.0 0.0 0.2545443555788465 0.0 0.1829368618617148 0.29699905353928546 0.0 0.11799048345024096 
0.0 0.0 0.15687581873070983 0.0 0.0 0.0 0.1431241812692902 0.35 0.35 0.0 0.0 
0.0 0.0 0.15687581873070983 0.0 0.0 0.0 0.1431241812692902 0.35 0.35 0.0 0.0 
0.0 0.0 0.19110953279500725 0.0 0.0 0.10889046720499278 0.0 0.35 0.35 0.0 0.0 
0.0 0.16105069250869009 0.0 0.0 0.0 0.0 0.13894930749131001 0.35 0.35 0.0 0.0 
