0.18161922100735273 0.0 0.0 0.22416538650411447 0.17956875916439102 0.0 0.0 0.18290360791483765 0.1533733419134288 0.0 0.0 
0.0 0.2999980387026191 0.0 0.0 0.0 0.0 0.0 0.35 0.35 0.0 0.0 
0.15672316003692915 0.11111096708196916 0.0 0.156090426600511 0.12206361959412633 0.0 0.0 0.3218695922806537 0.1321422344058107 0.0 0.0 
0.1461364763392001 0.21290587005478015 0.0 0.11044218438687917 0.0 0.0 0.0 0.34825436167913004 0.18174179034869292 0.0 0.0 
0.13982677072310098 0.20573934821887882 0.0 0.13473800334542058 0.0 0.0 0.0 0.34810493368855894 0.17159094402404057 0.0 0.0 
0.10313272315754043 0.19915535793381908 0.0 0.0 0.0 0.0 0.0 0.3477335881247577 0.3499783307838828 0.0 0.0 
0.0 0.33219104986157294 0.0 0.0 0.0 0.0 0.0 0.35 0.31395483341773467 0.0 0.0 
0.14771579072276592 0.10000014944756745 0.0 0.20113255553901738 0.11465104873692865 0.0 0.0 0.32518020185033863 0.10939054789110898 0.0 0.0 
0.1302898911206501 0.3234998076008004 0.0 0.0 0.0 0.0 0.0 0.35 0.18101995411089528 0.0 0.0 
0.17241433808045695 0.11690079190226321 0.0 0.1497394214324069 0.10261673211825333 0.0 0.0 0.3208044097730894 0.13752430669353022 0.0 0.0 
0.12984513915657 0.3041968864092625 0.0 0.0 0.0 0.0 0.0 0.35 0.2145042436959488 0.0 0.0 
0.16885558967354272 0.11367934955657205 0.0 0.1514780214099496 0.13248872452865165 0.0 0.0 0.29243731253056987 0.14106100230071414 0.0 0.0 
0.12408675660658476 0.19734528442976398 0.0 0.0 0.0 0.0 0.0 0.34953836569093927 0.329029593272712 0.0 0.0 
0.13836217633151554 0.1953060458771563 0.0 0.11645619854709914 0.0 0.0 0.0 0.35 0.1990102377808539 0.0 0.0 
0.15413583843736062 0.2062360041355744 0.0 0.18577236611123635 0.0 0.0 0.0 0.3441040156748038 0.10975177564102483 0.0 0.0 
0.17788960451420735 0.11031411277244119 0.0 0.1508692894453282 0.15745777768775876 0.0 0.0 0.2527660740441047 0.14895264790336085 0.0 0.0 
0.0 0.3211558112973677 0.0 0.0 0.0 0.0 0.0 0.34960784599148764 0.3292363427111446 0.0 0.0 
0.16602116671924072 0.117765069861485 0.0 0.13993850931854993 0.11036030667952416 0.0 0.0 0.3350726503482139 0.13084229707298645 0.0 0.0 
0.15709871601312914 0.11310357420032308 0.0 0.1182393868132583 0.10303952953894305 0.0 0.0 0.35 0.15788207030899679 0.0 0.0 
0.13525180999434522 0.27966395563507535 0.0 0.0 0.0 0.0 0.0 0.34999321880849793 0.23186091261317227 0.0 0.0 
0.16193140041424028 0.11029031922280202 0.0 0.13381351332015448 0.1539813956437542 0.0 0.0 0.3125049738963945 0.12747839750265452 0.0 0.0 
0.10949289748424017 0.2005148977479328 0.0 0.11127656754282648 0.0 0.0 0.0 0.3491411632412092 0.22957447398379138 0.0 0.0 
0.0 0.3281306939731919 0.0 0.0 0.0 0.0 0.0 0.35 0.32183843000954304 0.0 0.0 
0.13129792849782926 0.21417124102750426 0.0 0.10141189774077868 0.0 0.0 0.0 0.34778348493197786 0.20533544780190993 0.0 0.0 
0.11121343101921775 0.20513749569219125 0.0 0.11434792033572098 0.0 0.0 0.0 0.3492703336716181 0.2200308192812519 0.0 0.0 
0.13392585633695522 0.3219142342498405 0.0 0.0 0.0 0.0 0.0 0.3443391975866738 0.19982071182653047 0.0 0.0 
0.14716708116633048 0.21178988402253024 0.0 0.18074256469869038 0.0 0.0 0.0 0.34687818785258845 0.1134222822598604 0.0 0.0 
0.12733784785922347 0.2729440533856441 0.0 0.0 0.0 0.0 0.0 0.34999525911770113 0.2495412320145611 0.0 0.0 
0.1497494577199561 0.1264354074168773 0.0 0.13385180699604843 0.11107081682819303 0.0 0.0 0.3447355584473274 0.13415695259159782 0.0 0.0 
0.1248764728311268 0.22853148916922608 0.0 0.0 0.0 0.0 0.0 0.3482638280828931 0.29832820991675413 0.0 0.0 
0.12464065945220326 0.2056922305144 0.0 0.0 0.0 0.0 0.0 0.34882310597287014 0.3208440040605266 0.0 0.0 
0.20419163779774335 0.0 0.0 0.2362843201193771 0.18056452017584992 0.0 0.0 0.2021502418033136 0.17680928010371608 0.0 0.0 
0.19383029231684681 0.0 0.0 0.2251428516491066 0.17431470480967814 0.0 0.0 0.2506683462995166 0.15604380492485184 0.0 0.0 
0.13134923434482862 0.21982835363714173 0.0 0.17633152080270503 0.0 0.0 0.0 0.3392324586103573 0.13325843260496745 0.0 0.0 
0.12571208741979797 0.2108896971968922 0.0 0.0 0.0 0.0 0.0 0.35 0.3109576163405168 0.0 0.0 
0.1730075927868008 0.0 0.0 0.2292059355947017 0.1642186546766169 0.0 0.0 0.18515160566252076 0.1661067950446723 0.0 0.0 
0.1203453789484361 0.20302978502871943 0.0 0.11317303843407651 0.0 0.0 0.0 0.3456817122729312 0.21777008531583678 0.0 0.0 
0.0 0.31012230872326374 0.0 0.0 0.0 0.0 0.0 0.34263016302835414 0.3472475282483821 0.0 0.0 
0.20185577330560456 0.0 0.0 0.23417724038422716 0.18958837266023115 0.0 0.0 0.19547986508204515 0.17889874856789195 0.0 0.0 
0.12015362614810217 0.21055852209064244 0.0 0.1284107617767469 0.0 0.0 0.0 0.34857745032538273 0.19229963965912591 0.0 0.0 
0.11202250979417924 0.20110358864941266 0.0 0.0 0.0 0.0 0.0 0.35 0.33686830828461656 0.0 0.0 
0.16344073211995 0.10064976244842662 0.0 0.12894091222067353 0.14440085985795562 0.0 0.0 0.33282127528422967 0.12974645806876467 0.0 0.0 
0.17230089006030494 0.10558336592544888 0.0 0.1810745832818528 0.14836317851003897 0.0 0.0 0.24884682817866685 0.14383115404368746 0.0 0.0 
0.15048567911423938 0.22699086477429534 0.0 0.15217799812289293 0.0 0.0 0.0 0.34309282808878705 0.1272526298997854 0.0 0.0 
0.12575314589247635 0.18750981062294655 0.0 0.0 0.0 0.0 0.0 0.346369713119193 0.3403673303653843 0.0 0.0 
0.1494764993360048 0.22503202800964786 0.0 0.1473067302514827 0.0 0.0 0.0 0.34330077502633577 0.1348839673765288 0.0 0.0 
0.12311143414100102 0.32217915254325696 0.0 0.0 0.0 0.0 0.0 0.35 0.20222000424688447 0.0 0.0 
0.12904605730614266 0.28065302171455947 0.0 0.0 0.0 0.0 0.0 0.35 0.2401653907990401 0.0 0.0 
0.154115364408348 0.11133875894828069 0.0 0.1311040067062256 0.11255190286047298 0.0 0.0 0.3460088586569645 0.1448811084197082 0.0 0.0 
0.16357304681141904 0.12032819652086632 0.0 0.11997485128730911 0.10765075065868732 0.0 0.0 0.3481654412497647 0.14030771347195364 0.0 0.0 
0.19633021082048838 0.0 0.0 0.24232257658030215 0.19411366345465786 0.0 0.0 0.19771863188585226 0.1657964415059751 0.0 0.0 
0.19182199892709023 0.0 0.0 0.22366793421607578 0.18813201747919225 0.0 0.0 0.18952473017030413 0.1665752907946796 0.0 0.0 
0.12689540744411035 0.25898839996914136 0.0 0.0 0.0 0.0 0.0 0.34800531260968753 0.26611087997706084 0.0 0.0 
0.1637434424905468 0.1125146258321151 0.0 0.15818873946256798 0.13624469125273225 0.0 0.0 0.2872525564551637 0.14205594450687417 0.0 0.0 
0.14893678334824828 0.20203928795373682 0.0 0.1340499445909462 0.0 0.0 0.0 0.34537974147105016 0.16959424263601844 0.0 0.0 
0.19451470421809844 0.0 0.0 0.23440005821643353 0.18046344207124354 0.0 0.0 0.24120414437598198 0.14941765111824248 0.0 0.0 
0.16597205358364467 0.11172264707181288 0.0 0.14251483881910718 0.10819712176302276 0.0 0.0 0.34452942928933405 0.12706390947307858 0.0 0.0 
0.122940009936833 0.26842291120822664 0.0 0.0 0.0 0.0 0.0 0.34477984969998504 0.26385722915495513 0.0 0.0 
0.1756878183457575 0.11047357132131132 0.0 0.15167396133064334 0.14455604046735582 0.0 0.0 0.280239177805227 0.13736943072970503 0.0 0.0 
0.1952969429530668 0.0 0.0 0.22656819969664552 0.1834281427459271 0.0 0.0 0.18912820492680646 0.1730858529398751 0.0 0.0 
0.1876810400900522 0.0 0.0 0.23949793536444888 0.1858068241162015 0.0 0.0 0.215129096564841 0.1718851038644564 0.0 0.0 
0.1188042429865943 0.24003332602705446 0.0 0.0 0.0 0.0 0.0 0.35 0.28555245081568387 0.0 0.0 
0.0 0.3035112791800362 0.0 0.0 0.0 0.0 0.0 0.35 0.34521099366203667 0.0 0.0 
0.12373227652805183 0.25547325928782205 0.0 0.0 0.0 0.0 0.0 0.34792111059333836 0.27287335359078785 0.0 0.0 
0.13689778912949768 0.3151532477838235 0.0 0.0 0.0 0.0 0.0 0.34917291627866126 0.19877604680801753 0.0 0.0 
0.17556236493116734 0.0 0.0 0.23426181209787345 0.17865855553163004 0.0 0.0 0.22620154898807235 0.17012699262647038 0.0 0.0 
0.16559569962641718 0.20610948304173307 0.0 0.1414895262567564 0.0 0.0 0.0 0.346943242645887 0.13986204842920646 0.0 0.0 
0.17976672411524763 0.11045115814695013 0.0 0.20775821370700442 0.13692947987582788 0.0 0.0 0.24394138015795935 0.12115304399701061 0.0 0.0 
0.15325295126266952 0.110334807211965 0.0 0.11534489551847019 0.10051712960684117 0.0 0.0 0.34805796291727786 0.17249225348277616 0.0 0.0 
0.1540929760724526 0.11093958496454365 0.0 0.11597713504873072 0.10106809376108578 0.0 0.0 0.3499657716849664 0.16795643846822075 0.0 0.0 
0.17633668753391193 0.11053079895357897 0.0 0.15161190583093825 0.15401437472184756 0.0 0.0 0.2613422173669691 0.14616401559275424 0.0 0.0 
0.15375519320852535 0.11176226978638522 0.0 0.11383960790407928 0.11038606839233552 0.0 0.0 0.340093368707156 0.17016349200151856 0.0 0.0 
0.15336697359784293 0.11045141933942006 0.0 0.1331605631960707 0.10074312602779525 0.0 0.0 0.34486925480124897 0.1574086630376221 0.0 0.0 
0.0 0.33347630647029486 0.0 0.0 0.0 0.0 0.0 0.35 0.31516953358698513 0.0 0.0 
0.17938088338196154 0.0 0.0 0.216423974614796 0.1750352952546047 0.0 0.0 0.18066029512007956 0.1653362135242074 0.0 0.0 
0.11830763098938542 0.2152432411373088 0.0 0.0 0.0 0.0 0.0 0.3460388872597595 0.32041024061354634 0.0 0.0 
0.18427893751450353 0.12094095163148456 0.0 0.13893206195746174 0.15264650565937815 0.0 0.0 0.25930994834841353 0.14389159488875852 0.0 0.0 
0.12125394303302772 0.18947214469278398 0.0 0.10990475598731303 0.0 0.0 0.0 0.3468129682625905 0.2325561880242847 0.0 0.0 
0.197204158072913 0.0 0.0 0.21972731067992637 0.1766094215097273 0.0 0.0 0.23648808785359623 0.16997102188383717 0.0 0.0 
0.1288518214445336 0.28352115526222615 0.0 0.0 0.0 0.0 0.0 0.34544465281687553 0.24218237047636473 0.0 0.0 
0.17480880870334006 0.1108979618833628 0.0 0.16763328361013596 0.15860871749725963 0.0 0.0 0.24419757184817645 0.1438536564577252 0.0 0.0 
0.16849433525338622 0.23169413326413493 0.0 0.10913478030780027 0.0 0.0 0.0 0.33498046528837394 0.15569628588630474 0.0 0.0 
0.142049270307572 0.22380025832978517 0.0 0.14588770767465128 0.0 0.0 0.0 0.34868396159092024 0.13957880209707133 0.0 0.0 
0.15489389003055065 0.11782989744255147 0.0 0.1529647704085584 0.1076417780884591 0.0 0.0 0.3444355012538577 0.12223416277602281 0.0 0.0 
0.0 0.3011182888260402 0.0 0.0 0.0 0.0 0.0 0.35 0.3424892279992963 0.0 0.0 
0.1267594289225336 0.1738687610381273 0.0 0.0 0.0 0.0 0.0 0.35 0.34691983670145865 0.0 0.0 
0.17194405578282698 0.11609150186174873 0.0 0.16678361100998038 0.14711422374796307 0.0 0.0 0.2954902219514724 0.10257638564600836 0.0 0.0 
0.17697875090628726 0.0 0.0 0.25541334979315683 0.1860093077043642 0.0 0.0 0.23409919228124043 0.14749939931495118 0.0 0.0 
0.14062723898974022 0.20897806680476308 0.0 0.14168665262004332 0.0 0.0 0.0 0.35 0.15531344292165256 0.0 0.0 
0.1921908773607234 0.0 0.0 0.2311916324498774 0.17769469261182805 0.0 0.0 0.24238069340844598 0.15654210416912506 0.0 0.0 
0.18814478697148695 0.0 0.0 0.2374852000202015 0.1651448642431309 0.0 0.0 0.2671596853906664 0.14206546337451428 0.0 0.0 
0.1324280043066023 0.21149969869939766 0.0 0.0 0.0 0.0 0.0 0.35 0.3049513095199613 0.0 0.0 
0.11356282692705834 0.2605172857083281 0.0 0.0 0.0 0.0 0.0 0.3462465344968737 0.27967335286773987 0.0 0.0 
0.13257662103813642 0.2117370532839188 0.0 0.0 0.0 0.0 0.0 0.35 0.3052935397539304 0.0 0.0 
0.1683313065999688 0.10232347409135056 0.0 0.14540968515522118 0.16822262199599372 0.0 0.0 0.28146888858700203 0.13424402357046375 0.0 0.0 
0.12531841509891153 0.2350424158808574 0.0 0.0 0.0 0.0 0.0 0.3490077693745866 0.2906313996456445 0.0 0.0 
0.13253108481216694 0.23539668178001733 0.0 0.0 0.0 0.0 0.0 0.35 0.2775159013326834 0.0 0.0 
0.1780814050238946 0.11656564961893155 0.0 0.1690971524191702 0.11847084551386527 0.0 0.0 0.2792100881007626 0.13857485932337574 0.0 0.0 
0.1529183984061424 0.20645347078664109 0.0 0.13075483477991107 0.0 0.0 0.0 0.33532223242731496 0.1745510635999906 0.0 0.0 
0.1683313065999688 0.10232347409135056 0.0 0.14540968515522118 0.16822262199599372 0.0 0.0 0.28146888858700203 0.13424402357046375 0.0 0.0 
