0.0 0.30000000000000027 0.0 0.0 0.0 0.0 0.0 0.35 0.35 0.0 0.0 
0.176517504061075 0.15390571920137994 0.12925613431799665 0.29265163789275694 0.0 0.0 0.0 0.12164192793130504 0.1260270765954864 0.0 0.0 
0.0 0.30000000000000027 0.0 0.0 0.0 0.0 0.0 0.35 0.35 0.0 0.0 
0.0 0.3227887355995529 0.0 0.0 0.0 0.0 0.0 0.32721126440044707 0.35 0.0 0.0 
0.10005433658794191 0.19994566341205816 0.0 0.0 0.0 0.0 0.0 0.35 0.35 0.0 0.0 
0.10105183103730779 0.0 0.0 0.311845480337269 0.0 0.0 0.0 0.33734041253924957 0.24976227608617366 0.0 0.0 
0.10666540374280994 0.0 0.0 0.28427821279732596 0.0 0.0 0.0 0.3232075005327823 0.28584888292708177 0.0 0.0 
0.10184980624045707 0.10231970951859001 0.0 0.10666062306051832 0.0 0.0 0.0 0.3391698611804346 0.35 0.0 0.0 
0.1571826619215254 0.10699410720379397 0.11072641434578175 0.2645956361799601 0.0 0.0 0.0 0.19836673678826716 0.1621344435606716 0.0 0.0 
0.10190070092634375 0.0 0.0 0.1980992990736563 0.0 0.0 0.0 0.35 0.35 0.0 0.0 
0.10332354088338475 0.10217461852613868 0.0 0.2327791878186229 0.0 0.0 0.0 0.23246789091350323 0.3292547618583505 0.0 0.0 
0.16990228954102554 0.1055470752914524 0.13500933063144585 0.25051944670839377 0.0 0.0 0.0 0.20156988305267579 0.13745197477500662 0.0 0.0 
0.0 0.0 0.0 0.3081395313858496 0.0 0.0 0.0 0.34186046861415054 0.35 0.0 0.0 
0.12320985033359338 0.0 0.0 0.17679014966640666 0.0 0.0 0.0 0.35 0.35 0.0 0.0 
0.0 0.0 0.0 0.3144794143078307 0.0 0.0 0.0 0.33552058569216936 0.35 0.0 0.0 
0.10570351648693302 0.10452812961678662 0.0 0.23599531287949962 0.0 0.0 0.0 0.22288567053450212 0.33088737048227856 0.0 0.0 
0.0 0.3075636064425004 0.0 0.0 0.0 0.0 0.0 0.3424363935574997 0.35 0.0 0.0 
0.14682225987456396 0.15317774012543597 0.0 0.0 0.0 0.0 0.0 0.35 0.35 0.0 0.0 
0.10037152428565457 0.10083460723135677 0.0 0.1051125153106999 0.0 0.0 0.0 0.35 0.3436813531722888 0.0 0.0 
0.0 0.315733078534651 0.0 0.0 0.0 0.0 0.0 0.33426692146534903 0.35 0.0 0.0 
0.0 0.10583869443467556 0.0 0.19416130556532438 0.0 0.0 0.0 0.35 0.35 0.0 0.0 
0.10456154785541016 0.10925977047655988 0.0 0.2670860462377359 0.0 0.0 0.0 0.20776964639882284 0.31132298903147126 0.0 0.0 
0.0 0.0 0.0 0.318507263922151 0.0 0.0 0.0 0.331492736077849 0.35 0.0 0.0 
0.10402990888980924 0.10287313196246148 0.0 0.2534297715595884 0.0 0.0 0.0 0.2140187688024211 0.3256484187857197 0.0 0.0 
0.0 0.10061489916741903 0.0 0.20274674965438647 0.0 0.0 0.0 0.3466383511781945 0.35 0.0 0.0 
0.1755092378169374 0.12449076218306271 0.0 0.0 0.0 0.0 0.0 0.35 0.35 0.0 0.0 
0.0 0.175910884627581 0.0 0.1240891153724189 0.0 0.0 0.0 0.35 0.35 0.0 0.0 
0.0 0.15176547401461976 0.0 0.14823452598538037 0.0 0.0 0.0 0.35 0.35 0.0 0.0 
0.10474655710899752 0.10917196782815468 0.0 0.29485918437164665 0.0 0.0 0.0 0.1976787014207831 0.29354358927041807 0.0 0.0 
0.0 0.0 0.0 0.30686941347647867 0.0 0.0 0.0 0.35 0.3431305865235215 0.0 0.0 
0.15229217198462303 0.11499473164934716 0.11323110136628674 0.25262676141025453 0.0 0.0 0.0 0.19942593817363263 0.16742929541585602 0.0 0.0 
0.10655623062846231 0.0 0.0 0.2012586196811196 0.0 0.0 0.0 0.3421851496904181 0.35 0.0 0.0 
0.15528376580415892 0.10363808469309874 0.11370531613513954 0.29830666246976467 0.0 0.0 0.0 0.18074018661379548 0.14832598428404278 0.0 0.0 
0.0 0.1677463613002919 0.0 0.13225363869970813 0.0 0.0 0.0 0.35 0.35 0.0 0.0 
0.11420368074171099 0.11902864307814044 0.0 0.23119500240783747 0.0 0.0 0.0 0.2155262753219019 0.3200463984504092 0.0 0.0 
0.17161199408198197 0.12444502381605635 0.1252903768447918 0.27741634746426247 0.0 0.0 0.0 0.18233623886049177 0.11890001893241571 0.0 0.0 
0.0 0.1049956143838675 0.0 0.21157422728092118 0.0 0.0 0.0 0.35 0.33343015833521134 0.0 0.0 
0.10377635671388857 0.1141742311370315 0.0 0.2853997696542454 0.0 0.0 0.0 0.20804227787693413 0.28860736461790043 0.0 0.0 
0.10191869159420418 0.10597530126824646 0.0 0.2328852585699265 0.0 0.0 0.0 0.24575584457660843 0.3134649039910145 0.0 0.0 
0.10286300777211382 0.10333758564648518 0.0 0.10772168258180244 0.0 0.0 0.0 0.35 0.33607772399959857 0.0 0.0 
0.1773431862748029 0.15511958680098156 0.15329421845593644 0.25990844297136856 0.0 0.0 0.0 0.1436016306001057 0.11073293489680495 0.0 0.0 
0.0 0.18122511312542322 0.0 0.11877488687457682 0.0 0.0 0.0 0.35 0.35 0.0 0.0 
0.1053758751406708 0.0 0.0 0.2152561258901702 0.0 0.0 0.0 0.35 0.329367998969159 0.0 0.0 
0.13311943614524616 0.10801630285572701 0.0 0.2903626762987142 0.0 0.0 0.0 0.20106592644085397 0.2674356582594587 0.0 0.0 
0.14057316089828664 0.1022315923152375 0.1006637054259283 0.24528414840822177 0.0 0.0 0.0 0.24072348846755617 0.1705239044847697 0.0 0.0 
0.15864853211127716 0.1579187603844397 0.0 0.0 0.0 0.0 0.0 0.3334327075042831 0.35 0.0 0.0 
0.1473536393852413 0.11126568094630253 0.10380241644002049 0.2444345773968389 0.0 0.0 0.0 0.1929589511709638 0.2001847346606329 0.0 0.0 
0.13477963411463198 0.0 0.0 0.1652203658853681 0.0 0.0 0.0 0.35 0.35 0.0 0.0 
0.1053303106331238 0.11726206484631496 0.0 0.30571135602490723 0.0 0.0 0.0 0.22953643759662815 0.24215983089902585 0.0 0.0 
0.10836340561577644 0.0 0.0 0.2519231868340116 0.0 0.0 0.0 0.2897134075502119 0.35 0.0 0.0 
0.0 0.18832868646556045 0.0 0.11216609127397217 0.0 0.0 0.0 0.34950522226046743 0.35 0.0 0.0 
0.15647463996606623 0.10863980929323656 0.11797797373322201 0.28372763737979545 0.0 0.0 0.0 0.18608216050012924 0.1470977791275506 0.0 0.0 
0.0 0.14384810258782496 0.0 0.1561518974121752 0.0 0.0 0.0 0.35 0.35 0.0 0.0 
0.0 0.0 0.0 0.3000000000000002 0.0 0.0 0.0 0.35 0.35 0.0 0.0 
0.11384734285277533 0.11877544121969347 0.0 0.2251822758328442 0.0 0.0 0.0 0.26467606152927886 0.2775188785654081 0.0 0.0 
0.10006865267449469 0.0 0.0 0.20441481951163443 0.0 0.0 0.0 0.3477582639069355 0.3477582639069355 0.0 0.0 
0.0 0.15910242798141 0.0 0.14089757201859007 0.0 0.0 0.0 0.35 0.35 0.0 0.0 
0.10033751504209047 0.0 0.0 0.2953933977427918 0.0 0.0 0.0 0.2940668333069309 0.3102022539081868 0.0 0.0 
0.167241741473731 0.12465189639531306 0.11994452797602113 0.3091082686352022 0.0 0.0 0.0 0.15097899743376017 0.12807456808597262 0.0 0.0 
0.18187397492579918 0.14315470768024927 0.11117351441583932 0.24332268182615926 0.0 0.0 0.0 0.1733896945694579 0.14708542658249502 0.0 0.0 
0.10372092536502017 0.0 0.0 0.2578428529623909 0.0 0.0 0.0 0.3378873580557962 0.3005488636167927 0.0 0.0 
0.16266218827348888 0.12982213767020062 0.12324119554128365 0.29929533585585016 0.0 0.0 0.0 0.15338445338327836 0.13159468927589835 0.0 0.0 
0.18120307938928215 0.12068690448665062 0.1131278732114008 0.30243388114387243 0.0 0.0 0.0 0.1710245231598564 0.1115237386089376 0.0 0.0 
0.18171704066411778 0.16557623661741044 0.12376979428877856 0.282321700241036 0.0 0.0 0.0 0.12509802463026107 0.12151720355839606 0.0 0.0 
0.0 0.10106911370508675 0.0 0.1989308862949133 0.0 0.0 0.0 0.35 0.35 0.0 0.0 
0.10055182082817603 0.0 0.0 0.26798465965097557 0.0 0.0 0.0 0.30152395097321705 0.3299395685476313 0.0 0.0 
0.10182225565097545 0.11109720801346999 0.0 0.2588658053273115 0.0 0.0 0.0 0.20947700544647752 0.31873772556176533 0.0 0.0 
0.11217770209655621 0.0 0.0 0.3190303485859426 0.0 0.0 0.0 0.34435942461575864 0.22443252470174252 0.0 0.0 
0.11216445188730095 0.1457600065061404 0.10845941973708828 0.24198079522322843 0.0 0.0 0.0 0.1910219124767483 0.20061341416949371 0.0 0.0 
0.11704504805590042 0.11459636120397737 0.10187442681247832 0.24670430769457752 0.0 0.0 0.0 0.20641562013489348 0.2133642360981729 0.0 0.0 
0.12359616030610585 0.10961283075714132 0.0 0.2930654623605033 0.0 0.0 0.0 0.18845099090608727 0.28527455567016236 0.0 0.0 
0.10110611254536923 0.10503150087593825 0.0 0.35 0.0 0.0 0.0 0.1799017204716555 0.26396066610703695 0.0 0.0 
0.11303374888492153 0.11592797050985836 0.0 0.3291998691118937 0.0 0.0 0.0 0.1925023706094428 0.24933604088388364 0.0 0.0 
0.10717370460902458 0.10060065547955598 0.11037283609185496 0.2895638786382873 0.0 0.0 0.0 0.2483100848947906 0.14397884028648647 0.0 0.0 
0.10985701968186891 0.10571271119721823 0.0 0.2756012895690245 0.0 0.0 0.0 0.20732321512077517 0.30150576443111315 0.0 0.0 
0.0 0.1981116810578829 0.0 0.10188831894211728 0.0 0.0 0.0 0.35 0.35 0.0 0.0 
0.13014378581663436 0.16985621418336566 0.0 0.0 0.0 0.0 0.0 0.35 0.35 0.0 0.0 
0.1049539601182974 0.12027157180873022 0.0 0.2336092020780196 0.0 0.0 0.0 0.21777685797887408 0.32338840801607865 0.0 0.0 
0.10245539621774362 0.11113514666077073 0.0 0.32645815975571885 0.0 0.0 0.0 0.19259923313993 0.26735206422583685 0.0 0.0 
0.15571848437970934 0.10931655140613328 0.10246968401404752 0.3279667342483212 0.0 0.0 0.0 0.17836015341867517 0.12616839253311357 0.0 0.0 
0.11030604727872306 0.0 0.0 0.2193472982929639 0.0 0.0 0.0 0.35 0.320346654428313 0.0 0.0 
0.0 0.0 0.0 0.3352688123682778 0.0 0.0 0.0 0.31473118763172214 0.35 0.0 0.0 
0.12674679974683387 0.11240701551933764 0.0 0.30053611195140795 0.0 0.0 0.0 0.1932548709224446 0.26705520185997594 0.0 0.0 
0.1732855637824305 0.11182259278892179 0.10826014146817192 0.23560527332937464 0.0 0.0 0.0 0.23455722141187138 0.13646920721922967 0.0 0.0 
0.0 0.10403242756876298 0.0 0.3012156262054912 0.0 0.0 0.0 0.24475194622574592 0.35 0.0 0.0 
0.0 0.16333540117708004 0.0 0.13666459882292004 0.0 0.0 0.0 0.35 0.35 0.0 0.0 
0.10140997159974743 0.11066349952779973 0.0 0.27426230424163184 0.0 0.0 0.0 0.2048251679246637 0.30883905670615747 0.0 0.0 
0.12519115413062945 0.17480884586937062 0.0 0.0 0.0 0.0 0.0 0.35 0.35 0.0 0.0 
0.1057793231096173 0.1373158147473417 0.0 0.2971179771647274 0.0 0.0 0.0 0.17810035140841052 0.2816865335699032 0.0 0.0 
0.10735678389993118 0.1154799808991881 0.0 0.33452957722534243 0.0 0.0 0.0 0.20181303293730307 0.24082062503823523 0.0 0.0 
0.16098289979063674 0.1266722530963301 0.12007110484433056 0.30308843966145715 0.0 0.0 0.0 0.1790399937754592 0.11014530883178626 0.0 0.0 
0.0 0.0 0.0 0.3257147107572269 0.0 0.0 0.0 0.3242852892427732 0.35 0.0 0.0 
0.17987929475539602 0.13262870887834458 0.0 0.0 0.0 0.0 0.0 0.35 0.3374919963662594 0.0 0.0 
0.0 0.29999999999999993 0.0 0.0 0.0 0.0 0.0 0.35 0.35 0.0 0.0 
0.0 0.0 0.0 0.33027903525969804 0.0 0.0 0.0 0.31972096474030204 0.35 0.0 0.0 
0.14866711377369465 0.11225747607838413 0.11053582603866342 0.24661340757980976 0.0 0.0 0.0 0.19467894018136936 0.1872472363480786 0.0 0.0 
0.1075334461267781 0.0 0.0 0.2628915285810294 0.0 0.0 0.0 0.3238050633963847 0.30576996189580774 0.0 0.0 
0.0 0.14504656489628334 0.0 0.15495343510371679 0.0 0.0 0.0 0.35 0.35 0.0 0.0 
0.11494014138215644 0.0 0.0 0.2022301849517861 0.0 0.0 0.0 0.33282967366605754 0.35 0.0 0.0 
0.10958461265684967 0.19041538734315028 0.0 0.0 0.0 0.0 0.0 0.35 0.35 0.0 0.0 
