-0.01611226874106805 3.4892785288728306E-4 
-0.006223046474212537 3.0803642194064646E-5 
-0.01611226874106805 3.4892785288728306E-4 
-0.009506741750963945 4.0575885743599096E-5 
-0.007222511735460553 4.053549589986058E-5 
-0.01038532435061492 4.10995776170052E-5 
-0.013769785032523931 9.422751804882411E-5 
-0.013617750880590312 8.704139897160678E-5 
-0.011198255870074468 4.782801069558153E-5 
-0.01564282473874575 2.806885989112061E-4 
-0.014842719455660108 1.840113436958176E-4 
-0.015789544821858084 3.055509971656232E-4 
-0.015572341057426387 2.6487753251873387E-4 
-0.015713190604400226 2.9988144231257003E-4 
-0.011539804619422937 4.8476857574327036E-5 
-0.014985766863592154 1.9382355164959263E-4 
-0.00644959223900598 3.181134781241335E-5 
-0.01588409120133787 3.1544618465134347E-4 
-0.015288438543743045 2.1839695984672406E-4 
-0.01593055115688713 3.193043616301625E-4 
-0.013805542303289614 9.961219891089697E-5 
-0.015693116500514442 2.9201202798008507E-4 
-0.010538143549084009 4.23967551524523E-5 
-0.01443840248663256 1.557173279569E-4 
-0.014405511572300272 1.4461987002477417E-4 
-0.014062091956376067 1.1140664018688123E-4 
-0.01182779961610353 5.088379713970478E-5 
-0.013357979649374062 7.56052278996933E-5 
-0.011565016321633655 5.0220642118962945E-5 
-0.01599054109876262 3.3404430034497353E-4 
-0.013540652257174306 8.327023978134726E-5 
-0.012459546755263808 5.613912813121962E-5 
-0.013120172542206897 6.742467030864776E-5 
-0.011000870200025853 4.4357808557516374E-5 
-0.006677852091284187 3.3487268668180476E-5 
-0.015148578514891044 2.0602774011613614E-4 
-0.01509561322156584 2.0026553931619514E-4 
-0.016062827689133564 3.394044959672799E-4 
-0.006890130913661264 3.5650127109993496E-5 
-0.015616101356961145 2.784015400139652E-4 
-0.015356530444193816 2.2656977378791366E-4 
-0.014123367567381886 1.1737194432892925E-4 
-0.016066459388540188 3.461764283660361E-4 
-0.010790693596558211 4.4254600274793515E-5 
-0.01416609525358293 1.1857635559355285E-4 
-0.015483849436286763 2.480936357899426E-4 
-0.015226200060207916 2.1316103006242487E-4 
-0.010703820855182782 4.364034554153845E-5 
-0.01505088305869948 1.9812367417599338E-4 
-0.014710033285011984 1.784879790939109E-4 
-0.011111812312242028 4.525460625837923E-5 
-0.015394908892476694 2.3422459029751828E-4 
-0.012096040662778834 5.379299727477721E-5 
-0.015182096342930159 2.0864616399770392E-4 
-0.014322152524794907 1.361751520091983E-4 
-0.012799225551794583 6.160770559932633E-5 
-0.013223457401031397 7.167273242032942E-5 
-0.014658493502963832 1.7614102157797242E-4 
-0.013994559517033541 1.0737512337832163E-4 
-0.012638590816352994 5.7799898835704454E-5 
-0.014349344329222927 1.3805003596393097E-4 
-0.0067299035287128875 3.3998977628603094E-5 
-0.014533429823075967 1.6635344083048325E-4 
-0.015981981911635856 3.2623799980142985E-4 
-0.015365163845694056 2.2700643221012248E-4 
-0.015693153815160857 2.9201717622985167E-4 
-0.015525111225368676 2.5798162424280394E-4 
-0.013475273700454087 8.019862023836823E-5 
-0.014926650830505527 1.8840275562601223E-4 
-0.01339249970512992 7.96285146848967E-5 
-0.014453469760740852 1.6079560601301018E-4 
-0.015604575200496887 2.712660688736535E-4 
-0.0063333702537174755 3.086447500271428E-5 
-0.013262759747745777 7.196679956245094E-5 
-0.014392559432795458 1.4293666028281166E-4 
-0.014598118260639857 1.7004002754913587E-4 
-0.01576930550673087 3.0401382781506645E-4 
-0.012018328398255743 5.258061745416592E-5 
-0.015983953652168672 3.263824039113597E-4 
-0.015465347627097989 2.4222862572854286E-4 
-0.012266039346460719 5.5231945618569905E-5 
-0.014209538654180504 1.251191873128563E-4 
-0.014204587692646459 1.2503122558217542E-4 
-0.014305787083968798 1.2974086957617958E-4 
-0.016043707240739256 3.360894778791392E-4 
-0.01285006247601446 6.237919367593122E-5 
-0.015512098745763363 2.510202621881381E-4 
-0.015592080299954868 2.7083960004737695E-4 
-0.013917196809837024 1.0260504170322591E-4 
-0.015525111225368675 2.5798162424280383E-4 
-0.012565923055179598 5.701022614937395E-5 
-0.015240538130582244 2.1684976697837385E-4 
-0.014913501617468662 1.877771364449148E-4 
-0.013032010899997995 6.643194150303779E-5 
-0.014307288397450869 1.2978145520366934E-4 
-0.01224392096007643 5.507943504856205E-5 
-0.012965257959071746 6.43682091430739E-5 
-0.006973576927351111 3.6867880835192286E-5 
-0.013912625684163443 1.0259035300256086E-4 
-0.015425342193425846 2.4065750625315173E-4 
