0.0 0.2016641458703301 0.0 0.11115430556128768 0.24341145170836545 0.0 0.10475199065865717 0.12244379193437539 0.15599939847725627 0.0 0.0 
0.0 0.30010637061834433 0.0 0.0 0.0 0.0 0.0 0.34999904823247635 0.3498945811491794 0.0 0.0 
0.0 0.30010637061834433 0.0 0.0 0.0 0.0 0.0 0.34999904823247635 0.3498945811491794 0.0 0.0 
0.0 0.22954713488314893 0.0 0.0 0.1793894613653552 0.0 0.10372247910989581 0.3499292730792207 0.13741165156237942 0.0 0.0 
0.0 0.24117807907528344 0.0 0.0 0.0 0.0 0.10004988259070169 0.35 0.3087720379070987 0.0 0.0 
0.0 0.35 0.0 0.0 0.0 0.0 0.0 0.35 0.28367319505882904 0.0 0.0 
0.0 0.20819175574910412 0.0 0.0 0.1036754755520542 0.0 0.10218240489883217 0.35 0.2352705799320691 0.0 0.0 
0.0 0.2322648186617055 0.0 0.0 0.10171199618154952 0.0 0.10469446098166268 0.35 0.21132845561527744 0.0 0.0 
0.0 0.2044408455102083 0.0 0.0 0.2027695288121462 0.0 0.10341181442170981 0.35 0.13835428961407037 0.0 0.0 
0.0 0.32227705790106126 0.0 0.0 0.0 0.0 0.0 0.35 0.32154356299630893 0.0 0.0 
0.0 0.2847566278085741 0.0 0.0 0.0 0.0 0.10072648311472703 0.35 0.2614107221058383 0.0 0.0 
0.0 0.21865051115045142 0.0 0.0 0.19674642528296665 0.0 0.11254031420541698 0.3385580769008924 0.1335046724602725 0.0 0.0 
0.0 0.19967409239126874 0.0 0.0 0.2652811463357645 0.0 0.11052289434436112 0.3001508853467469 0.12437098158185872 0.0 0.0 
0.0 0.24721490297108129 0.0 0.0 0.12130271368707332 0.0 0.11532163654522001 0.35 0.1640811884580729 0.0 0.0 
0.0 0.19614184564476797 0.0 0.0 0.24525432514769444 0.0 0.10400514820273594 0.33113970937732345 0.12345897162747821 0.0 0.0 
0.0 0.2629874436466531 0.0 0.0 0.13900964645934286 0.0 0.1101778958259453 0.35 0.1369516939320875 0.0 0.0 
0.0 0.18995603903582547 0.0 0.10022560288071282 0.26558627408268126 0.0 0.10173377397545565 0.15523282985855122 0.16324150778220606 0.0 0.0 
0.0 0.23765993602628027 0.0 0.0 0.10028456927982857 0.0 0.10651456726025672 0.35 0.20200207732817727 0.0 0.0 
0.0 0.1905004110113529 0.0 0.0 0.2529132731246419 0.0 0.1005131170282273 0.2857381731804933 0.11856705096188648 0.0 0.0 
0.0 0.27534380466440644 0.0 0.0 0.0 0.0 0.10365024763403234 0.3479525930251665 0.2730533546763947 0.0 0.0 
0.0 0.18097354591852044 0.0 0.0 0.2199084712386007 0.0 0.10235859045066469 0.2848179186736078 0.1145648635991423 0.0 0.0 
0.0 0.18050783848932797 0.0 0.0 0.22921737726104527 0.0 0.11366759785246866 0.2708222081496126 0.11242297690424624 0.0 0.0 
0.0 0.2522469402094569 0.0 0.0 0.0 0.0 0.10240043452816172 0.34935936791358035 0.2959932573488009 0.0 0.0 
0.0 0.19356047470397858 0.0 0.0 0.256152788025195 0.0 0.10251605769959794 0.3263986267966375 0.121372052774591 0.0 0.0 
0.0 0.25915638826827697 0.0 0.0 0.0 0.0 0.10204663769380358 0.35 0.28879632518325093 0.0 0.0 
0.0 0.27186243838092683 0.0 0.0 0.12589698002491864 0.0 0.0 0.35 0.24784389993151384 0.0 0.0 
0.0 0.191570293571486 0.0 0.10107901304597412 0.25948609537474226 0.0 0.10082535212095083 0.1342514231725554 0.16326997456336245 0.0 0.0 
0.0 0.35 0.0 0.0 0.0 0.0 0.0 0.35 0.29877955882021306 0.0 0.0 
0.0 0.30797556848706337 0.0 0.0 0.0 0.0 0.0 0.34986558904911813 0.3421588424638184 0.0 0.0 
0.0 0.19453996133625645 0.0 0.10165066285392349 0.2363269292476718 0.0 0.1049443157532204 0.1591004987767571 0.1649723854526808 0.0 0.0 
0.0 0.19505103539689717 0.0 0.0 0.23862385048531293 0.0 0.10039017196538555 0.33813126467865556 0.12463060015139323 0.0 0.0 
0.0 0.3082749369305384 0.0 0.0 0.0 0.0 0.14350443259637885 0.35 0.1821580195285752 0.0 0.0 
0.0 0.31287064058585284 0.0 0.0 0.0 0.0 0.1456437691639364 0.35 0.18487359635920458 0.0 0.0 
0.0 0.23294172066335145 0.0 0.0 0.1316041645603637 0.0 0.10527625109333962 0.35 0.16736393835239377 0.0 0.0 
0.0 0.23522037015268293 0.0 0.0 0.10952270177330888 0.0 0.10542120121937562 0.3499071894864725 0.1999285373681602 0.0 0.0 
0.0 0.17750054425042375 0.0 0.0 0.2254134421904281 0.0 0.1117738744827103 0.2657937968022517 0.11054998915150337 0.0 0.0 
0.0 0.1987435292308012 0.0 0.10507730218316058 0.22664664738497714 0.0 0.10026340559025294 0.20252593868809635 0.15125868439323426 0.0 0.0 
0.0 0.21799469422752316 0.0 0.0 0.1669045583933856 0.0 0.10249634514790809 0.35 0.1545494066041132 0.0 0.0 
0.0 0.19386929381300752 0.0 0.10229204389263165 0.2723695960474761 0.0 0.10203533882899468 0.1333882909926903 0.16522934782503318 0.0 0.0 
0.0 0.35 0.0 0.0 0.0 0.0 0.0 0.35 0.2943423659737413 0.0 0.0 
0.0 0.31595109122956816 0.0 0.0 0.0 0.0 0.10993967335826606 0.35 0.20849770102232196 0.0 0.0 
0.0 0.25964184144172275 0.0 0.0 0.1116925968521286 0.0 0.10220071466321612 0.34956619639807157 0.1768986506448608 0.0 0.0 
0.0 0.3122244791376401 0.0 0.0 0.0 0.0 0.11158153499047894 0.3497029250626794 0.222892123682944 0.0 0.0 
0.0 0.2534137421929857 0.0 0.0 0.1194382111870871 0.0 0.10019404782651169 0.35 0.17330498165424368 0.0 0.0 
0.0 0.19304832233748337 0.0 0.0 0.27424714842353026 0.0 0.10185746325793509 0.2895598737421316 0.12038530197224703 0.0 0.0 
0.0 0.1938898465398189 0.0 0.10011908257278053 0.2653040075670929 0.0 0.10158377748672266 0.16614983195083244 0.16325691472295303 0.0 0.0 
0.0 0.35 0.0 0.0 0.0 0.0 0.0 0.35 0.29132696192594315 0.0 0.0 
0.0 0.23989540130883272 0.0 0.0 0.0 0.0 0.10483616337932714 0.3481385658366472 0.30712986947519283 0.0 0.0 
0.0 0.316579287160599 0.0 0.0 0.0 0.0 0.14059911137805273 0.35 0.19275542285720484 0.0 0.0 
0.0 0.2096903078344864 0.0 0.10454752093284016 0.23778935390918357 0.0 0.1030053538616348 0.16919228831722752 0.1757751751446276 0.0 0.0 
0.0 0.24373659412422674 0.0 0.0 0.15197492899878395 0.0 0.10478983282583902 0.35 0.14947789604125106 0.0 0.0 
0.0 0.19023013227237387 0.0 0.0 0.26944779914340705 0.0 0.10066612139710697 0.32078271167708233 0.11793360297005713 0.0 0.0 
0.0 0.32228548343307223 0.0 0.0 0.0 0.0 0.0 0.35 0.32761942364147256 0.0 0.0 
0.0 0.23405997618767796 0.0 0.0 0.13545628248882136 0.0 0.10590400162646464 0.35 0.16975778830014523 0.0 0.0 
0.0 0.18676526225982987 0.0 0.0 0.23286721165683533 0.0 0.10094178850426769 0.3491690753535594 0.13025666222550777 0.0 0.0 
0.0 0.20712799745565091 0.0 0.11340956285429393 0.25155917504687614 0.0 0.10214406363909082 0.13200844725282906 0.17238137186273209 0.0 0.0 
0.0 0.30758243461353574 0.0 0.0 0.0 0.0 0.0 0.3494189821480818 0.33863707460488285 0.0 0.0 
0.0 0.2619629728725843 0.0 0.0 0.0 0.0 0.10297585035333151 0.3498540007313648 0.28244032876013325 0.0 0.0 
0.0 0.3152716027587313 0.0 0.0 0.0 0.0 0.14326084619688437 0.3486201709215566 0.18974480138752528 0.0 0.0 
0.0 0.21040701021758837 0.0 0.10460644674611842 0.23385980488218844 0.0 0.10805784453055516 0.18679327767726364 0.156275615946286 0.0 0.0 
0.0 0.21572557404381942 0.0 0.0 0.1651672385767514 0.0 0.10995249472678392 0.35 0.15814144913757777 0.0 0.0 
0.0 0.2867165853204293 0.0 0.0 0.0 0.0 0.10126201443209362 0.35 0.254074123291903 0.0 0.0 
0.0 0.1911843647883346 0.0 0.0 0.23889184626730628 0.0 0.10050291904655784 0.3446502985110099 0.1247705713867913 0.0 0.0 
0.0 0.2720080368476966 0.0 0.0 0.0 0.0 0.10331144880819858 0.35 0.2746797178109622 0.0 0.0 
0.0 0.20793259744481152 0.0 0.11385010847904856 0.2525363703657239 0.0 0.10254084781846971 0.13252124125718126 0.1730509966919971 0.0 0.0 
0.0 0.19704350257264372 0.0 0.10642004054966736 0.24741522275813543 0.0 0.10986822932934513 0.1665402308983262 0.1727127738918823 0.0 0.0 
0.0 0.2966326870141495 0.0 0.0 0.0 0.0 0.10182026381622356 0.3478685454618321 0.2536785037077948 0.0 0.0 
0.0 0.1924536407218817 0.0 0.0 0.26442932691701393 0.0 0.10214842225186817 0.32527419103793026 0.11569441907130601 0.0 0.0 
0.0 0.26977720675397343 0.0 0.0 0.12105767437012249 0.0 0.0 0.3487184109170503 0.2604467079588539 0.0 0.0 
0.0 0.25421950868913495 0.0 0.0 0.11645165969331255 0.0 0.104633676774341 0.35 0.17443795024907094 0.0 0.0 
0.0 0.2713242044837635 0.0 0.0 0.12570353592558958 0.0 0.0 0.35 0.25282786268569396 0.0 0.0 
0.0 0.30995637093982764 0.0 0.0 0.0 0.0 0.11349331486407463 0.35 0.21523708873911185 0.0 0.0 
0.0 0.35 0.0 0.0 0.0 0.0 0.0 0.35 0.2871302967134049 0.0 0.0 
0.0 0.17974966711007911 0.0 0.0 0.22825461544128037 0.0 0.11319016972435551 0.2696846971761146 0.11195077644928486 0.0 0.0 
0.0 0.26155927709816845 0.0 0.0 0.0 0.0 0.10284001718059048 0.35 0.2844917076538837 0.0 0.0 
0.0 0.3189869137321045 0.0 0.0 0.0 0.0 0.10025404140424532 0.35 0.22724161944170987 0.0 0.0 
0.0 0.1964019508247802 0.0 0.0 0.27826134792506485 0.0 0.1021962091974942 0.2990350981028677 0.12410539394979302 0.0 0.0 
0.0 0.20197454735099668 0.0 0.1004085509002478 0.22989301855428926 0.0 0.10332924061475532 0.20530227887062155 0.15387929752234744 0.0 0.0 
0.0 0.20063423797991228 0.0 0.10031668975592546 0.22880280713933987 0.0 0.1012172424215644 0.2163903478199687 0.15263867488328933 0.0 0.0 
0.0 0.2258782697122958 0.0 0.0 0.120016428421093 0.0 0.10080371133145162 0.35 0.20239011680177854 0.0 0.0 
0.0 0.23351565391569337 0.0 0.0 0.11315978895782763 0.0 0.10632824813377652 0.35 0.19379020270627534 0.0 0.0 
0.0 0.19591663214288121 0.0 0.0 0.2740709645857348 0.0 0.10016692547523916 0.2912760246440728 0.12163504492963113 0.0 0.0 
0.0 0.2722767740733534 0.0 0.0 0.1340058677175898 0.0 0.0 0.349743088291458 0.2435777646016845 0.0 0.0 
0.0 0.19870840237773887 0.0 0.0 0.25351359089951 0.0 0.10220098053499525 0.27748785953239974 0.11548354732243023 0.0 0.0 
0.0 0.19419717132147446 0.0 0.0 0.2777329343250067 0.0 0.1015052950851709 0.2951678779443093 0.12326025851050261 0.0 0.0 
0.0 0.3034308127501773 0.0 0.0 0.0 0.0 0.10237243126950185 0.35 0.24076785652795968 0.0 0.0 
0.0 0.20670829600141766 0.0 0.10276758524011224 0.2297488174012383 0.0 0.10615831140511123 0.1835096658293716 0.16080556158539316 0.0 0.0 
0.0 0.2720134533033733 0.0 0.0 0.13402418332697655 0.0 0.0 0.35 0.2439159843895308 0.0 0.0 
0.0 0.1927144616778021 0.0 0.0 0.23402996341998086 0.0 0.10307473080640463 0.34809948293394266 0.12208136116186974 0.0 0.0 
0.0 0.19510862147966243 0.0 0.1010963310039873 0.2670823145328228 0.0 0.10257532260113969 0.16777159733707822 0.1663658130453096 0.0 0.0 
0.0 0.2050645834954084 0.0 0.0 0.10211820413480457 0.0 0.10121338575265679 0.35 0.24153893167579812 0.0 0.0 
0.0 0.20121897129290542 0.0 0.10005858127690652 0.22903849678698487 0.0 0.10360772673584044 0.21273326596278114 0.15334295794458164 0.0 0.0 
0.0 0.3187420234588251 0.0 0.0 0.0 0.0 0.10017707511334138 0.34973130058959156 0.22851240270256112 0.0 0.0 
0.0 0.2327630085143523 0.0 0.0 0.1016456025605658 0.0 0.10462612052407198 0.34977475975277605 0.21119050864823385 0.0 0.0 
0.0 0.20303297167040543 0.0 0.10093473032999906 0.23109774640188926 0.0 0.10387072558207963 0.2063781417832344 0.1546856842323924 0.0 0.0 
0.0 0.2485329356390447 0.0 0.0 0.0 0.0 0.10147080463477232 0.3498142436799956 0.30018201604618755 0.0 0.0 
0.0 0.3223161334171203 0.0 0.0 0.0 0.0 0.0 0.35 0.32765058089373683 0.0 0.0 
0.0 0.20833466466672979 0.0 0.0 0.10374664143440222 0.0 0.10227037788292222 0.35 0.23543207654756318 0.0 0.0 
0.0 0.30374093280845754 0.0 0.0 0.0 0.0 0.10516129638058076 0.35 0.2410139322017573 0.0 0.0 
0.0 0.34404286049809374 0.0 0.0 0.0 0.0 0.0 0.35 0.30595640626102094 0.0 0.0 
