-0.014955806920304897 5.382172823917211E-4 
-0.014955806920304897 5.382172823917211E-4 
-0.007236642477718783 4.169634428008296E-5 
-0.00964914178401942 7.213699468793628E-5 
-0.010826110259626251 9.929445657860088E-5 
-0.01379972473179213 2.9964596938864105E-4 
-0.014226543941649626 3.683843439864968E-4 
-0.013674254666412181 2.87796449603081E-4 
-0.014817177263655473 4.892313843214625E-4 
-0.014552230400915942 4.7083733182962806E-4 
-0.008273241648739696 4.792870291546755E-5 
-0.014117015555939761 3.464154931360876E-4 
-0.0140176183961918 3.318303926487914E-4 
-0.010441683206117252 8.832399622490315E-5 
-0.014203283472719062 3.637983616174218E-4 
-0.012137660559711015 1.716487764533858E-4 
-0.012255229488122944 1.7558097302048905E-4 
-0.01432227974466303 4.032166578356699E-4 
-0.014138424269644454 3.4962981788424607E-4 
-0.012997092938467986 2.1258997879250723E-4 
-0.011234203913044227 1.2203845846205119E-4 
-0.011138297322834929 1.1531118363444366E-4 
-0.011331846399518475 1.2551210709002043E-4 
-0.01143907355026935 1.3122060183955994E-4 
-0.012475591355614005 1.85796962968408E-4 
-0.01427989896245268 3.869154170664213E-4 
-0.009206584858166573 6.539431844995275E-5 
-0.014760401119012386 4.714380987751535E-4 
-0.008139326931163102 4.677000391674994E-5 
-0.014908956093062198 5.207827513097392E-4 
-0.013155278745761714 2.4369934196272734E-4 
-0.009338244399994406 6.754476146516659E-5 
-0.009758242572968328 7.408880164667756E-5 
-0.014945744872131341 5.346377487964419E-4 
-0.014849574517416737 4.999753307840541E-4 
-0.00906809389789913 6.10794019348274E-5 
-0.008974908354464598 5.9994690273769386E-5 
-0.01435948453570457 4.1161349959590075E-4 
-0.014873612011873294 5.111366083691176E-4 
-0.007501701040796032 4.215715788728874E-5 
-0.01020801992484442 8.409729714379392E-5 
-0.007674516657467128 4.302219257122051E-5 
-0.010501321412206992 8.973565275658233E-5 
-0.014464535976730464 4.404944251119548E-4 
-0.007984018835777928 4.509306135240628E-5 
-0.014299494230085297 3.92261529675363E-4 
-0.012912941515639919 2.0779102156985889E-4 
-0.012610087743637019 1.898516479378736E-4 
-0.014012952583803865 3.2858006248289394E-4 
-0.011854244538568107 1.6372989341768019E-4 
-0.010033046131970189 8.073218147571199E-5 
-0.011073801812929027 1.0994723600429382E-4 
-0.013474453978122308 2.779683593262404E-4 
-0.013422206356103654 2.6421329897444087E-4 
-0.00864924228186087 5.499313399938535E-5 
-0.01281877288902668 2.0048747571976757E-4 
-0.011517449612155492 1.4269776520139837E-4 
-0.010999299556413286 1.0539120355305994E-4 
-0.007387912396883985 4.1835404070122436E-5 
-0.013449053482331937 2.67329932343065E-4 
-0.013949879335484748 3.1731199746274296E-4 
-0.008465617492392268 5.1413574652230454E-5 
-0.01199011752520236 1.6826067816772734E-4 
-0.013618540120803707 2.8335441135808706E-4 
-0.010650988994610122 9.417240885225639E-5 
-0.010675433414417053 9.497594071733732E-5 
-0.014501517975472202 4.619388206516417E-4 
-0.00880411067496602 5.8047857661296104E-5 
-0.013860599503261047 3.061829211170057E-4 
-0.011777103511316592 1.5927696726433893E-4 
-0.013145415955878599 2.2956381661665585E-4 
-0.01238060283047002 1.8025554250670055E-4 
-0.014414930380224334 4.2937610675925506E-4 
-0.013346588773202488 2.5580171071709114E-4 
-0.013524543631168605 2.8070993151655657E-4 
-0.01020456766875645 8.397955506321021E-5 
-0.007775013137493167 4.405261683700033E-5 
-0.00788307004674159 4.4136743220643E-5 
-0.013045653128057322 2.2195638479908397E-4 
-0.012675011311840517 1.9639971453033268E-4 
-0.014430249519423222 4.3369163943745545E-4 
-0.008558319309215131 5.2771232335155916E-5 
-0.011625955509066303 1.4982643943599815E-4 
-0.014760401119012383 4.714380987751532E-4 
-0.014487505181940624 4.4916957777384393E-4 
-0.013245814408004168 2.50340287476484E-4 
-0.013050002534277743 2.2365609374979723E-4 
-0.012854643397852607 2.028223778318865E-4 
-0.011962681595120182 1.6612222496625363E-4 
-0.008792967622923446 5.577205665744361E-5 
-0.01170110433828689 1.5645963195638754E-4 
-0.011466278850234358 1.3900781629623635E-4 
-0.014830459796056586 4.935843632124454E-4 
-0.009977207498742244 8.007233030159309E-5 
-0.013212869818154093 2.461203609457228E-4 
-0.014407040178102522 4.202439025285355E-4 
-0.013139627216016875 2.2941655675136845E-4 
-0.014897357896655854 5.166053756044167E-4 
-0.014374577061043652 4.196234286733201E-4 
-0.012403606706241995 1.8112643218734883E-4 
