-0.014955806920304897 5.382172823917211E-4 
-0.014955806920304897 5.382172823917211E-4 
-0.006946350665154667 3.394318916717521E-5 
-0.011557908613091153 1.2444969492785875E-4 
-0.008100084607695726 4.2657175035116116E-5 
-0.014176656471137613 3.646369427937918E-4 
-0.009503217102746384 7.224571956308202E-5 
-0.01139221603545169 1.173839094103218E-4 
-0.008738655408138528 5.510840487912491E-5 
-0.011760281933821753 1.345712514927225E-4 
-0.0124324869166962 1.836221473742893E-4 
-0.009213585415611647 6.490645814175972E-5 
-0.007864106703627066 3.9519590336257856E-5 
-0.01121395809297159 1.1486404122387989E-4 
-0.012284275389638052 1.7258446485858797E-4 
-0.01405392304841344 3.325728661248659E-4 
-0.014312939104371425 3.944125777433804E-4 
-0.01455206864917626 4.7091591794827097E-4 
-0.014886458185221458 5.127297288710171E-4 
-0.007668541232416093 3.733925177047349E-5 
-0.01485620253686016 5.022262912023339E-4 
-0.012077965633131052 1.5415173947348846E-4 
-0.014921133179409983 5.252278396732655E-4 
-0.010673722725558023 9.563729868977461E-5 
-0.014259590199105335 3.795795735215796E-4 
-0.014525203712502094 4.644844622816478E-4 
-0.007449951714125034 3.6087568898490296E-5 
-0.010957348940702615 1.0768121162833306E-4 
-0.01078079517226554 1.0037717710614376E-4 
-0.008492421244498526 5.155577060789209E-5 
-0.008313503771046168 4.8339358562820303E-5 
-0.014379440016270825 4.1372608700944403E-4 
-0.009611728682916893 7.449476325447721E-5 
-0.013318163677847277 2.5341622199039765E-4 
-0.014797136684672004 4.828002255913927E-4 
-0.010850273914725947 1.0431074405126741E-4 
-0.014322665938158787 4.062544120366576E-4 
-0.014002231135714444 3.2423939123012245E-4 
-0.010367149141575287 8.633529050847492E-5 
-0.011928429174165704 1.4181618080698664E-4 
-0.011819028793038401 1.3845934152019397E-4 
-0.013675259777640706 2.878810464910579E-4 
-0.01008177324746305 7.993832135801765E-5 
-0.014283447946568441 3.8534799594488003E-4 
-0.013180106411648587 2.332223024305545E-4 
-0.014834265954568156 4.94845027738971E-4 
-0.012639379778990434 1.906029922265222E-4 
-0.012824935661622435 2.0591950471648447E-4 
-0.009762724340260159 7.485209471949416E-5 
-0.01194782187526929 1.482051615824159E-4 
-0.014437422310378582 4.330479382269056E-4 
-0.0070324814404893665 3.455379297345119E-5 
-0.010420040628104145 8.936230424566838E-5 
-0.012168149218492961 1.6474872737718825E-4 
-0.014149833687117358 3.516263328107621E-4 
-0.013865054854203094 3.069842562338899E-4 
-0.007201824074581803 3.456697024387653E-5 
-0.013897857576835074 3.1307416964508E-4 
-0.009188662819753087 6.459475983529471E-5 
-0.012931253656083332 2.101711148591111E-4 
-0.013048607786183192 2.1827040254932857E-4 
-0.014396411786342172 4.265243689792076E-4 
-0.009915278887996854 7.811931587833862E-5 
-0.014955806920304893 5.382172823917209E-4 
-0.013129758925228429 2.2798491523739147E-4 
-0.013327727164118845 2.534814835605584E-4 
-0.012725709928962515 1.9686184502844029E-4 
-0.013048607786183195 2.1827040254932862E-4 
-0.014908231447675321 5.205201409448414E-4 
-0.007750142301655139 3.8702184785853777E-5 
-0.01481004142155417 4.873887090204544E-4 
-0.012526246378209538 1.8656264007585032E-4 
-0.012050447167741021 1.510945030510439E-4 
-0.013406580650253155 2.628095924185966E-4 
-0.008485886130123573 5.138570392165154E-5 
-0.013716954308602806 2.915296446001135E-4 
-0.009018138827384444 6.16770522516619E-5 
-0.00831985047484927 4.842395819703797E-5 
-0.01380502586381063 3.027830317292919E-4 
-0.014762151486896257 4.7196695465428215E-4 
-0.014760401119012383 4.714380987751532E-4 
-0.011111126014618885 1.1113757022464741E-4 
-0.013235621229484702 2.4084318996970443E-4 
-0.014475597518931165 4.444424121242563E-4 
-0.0110782438513869 1.0992763145351023E-4 
-0.010556587316893155 9.106262283915019E-5 
-0.014497728172432153 4.537923745296097E-4 
-0.010125573009368454 8.265953229042023E-5 
-0.014098219950575887 3.4174300781089466E-4 
-0.013406580650253155 2.628095924185966E-4 
-0.014098219950575887 3.4174300781089466E-4 
-0.012799118060712785 1.9886938145699843E-4 
-0.008953641556568553 6.075666669144489E-5 
-0.0072699587565606145 3.549705281062411E-5 
-0.008881559284133925 5.779968660428125E-5 
-0.010586642629892257 9.196032601330436E-5 
-0.007378145026917236 3.553013220950317E-5 
-0.014149833687117358 3.516263328107621E-4 
-0.010223533190425784 8.386130054903541E-5 
-0.013930990540770198 3.1871316025674796E-4 
