1.5267692824586946E-4 3.728244573628973E-5 
-0.01017421060787209 0.006879310285706947 
-0.0013798874313199817 4.2021935980677996E-5 
1.018449638040284E-4 3.8406863402564895E-5 
-0.009037688239211921 0.0022294927734961283 
-0.008963610941856822 0.0019863262248456586 
-0.0093245714967032 0.0032651348805710677 
-0.008778349553714017 0.0015375317078149607 
-0.00886969198016671 0.0017522675409450824 
-0.009940027617115776 0.005692561564383698 
-0.007056312701343126 3.359195737745795E-4 
-0.006744830825864729 2.9128732103257606E-4 
-0.009981359917331156 0.00579733793896715 
-0.007641456605332007 5.25912543170058E-4 
-0.009233105624736913 0.002870567054369519 
-0.010002392322998094 0.006026990478876277 
-0.001665026382451239 4.810136254113003E-5 
-0.009296017099713706 0.0031223450546226743 
-0.010144941410713653 0.006698724444904926 
-0.0030923553566825483 9.072400826464592E-5 
-0.005499876219625525 1.9896413730776806E-4 
-0.009170915651523137 0.002668394781978669 
-0.003917614378046986 1.0862924575945294E-4 
-0.003354923392094986 9.503611152307341E-5 
-0.007200027149500144 3.768050733482859E-4 
-0.009693136563122231 0.00442557213973781 
-0.00992389545479646 0.005447897665261094 
-0.009542770272606024 0.003972742983012159 
-0.0028663282969666544 8.348535558934972E-5 
-0.009233331725236948 0.002986729401277759 
-0.009741564354916325 0.0045772233481137375 
-0.002381696931763142 7.256546834381839E-5 
-0.009324820780884552 0.003516554406241713 
-0.005146630789744852 1.7080900631176007E-4 
-0.007840924018688288 5.849156105686491E-4 
-0.010121735214006375 0.006577729031911477 
-0.007335041409118986 4.5510750369961745E-4 
-0.004127140912986717 1.1657965422575813E-4 
-0.002190148100456701 6.606035980357745E-5 
-0.0036636672459702314 1.0365003831929576E-4 
-0.004283206295194754 1.3278378622884403E-4 
-0.0101040335443064 0.006454974277711599 
-0.008705768514706606 0.0014553204890052664 
-0.010076220898779246 0.0063510189925698735 
-0.009862344064698414 0.005136026174531393 
-0.0018792066544795454 5.732024576110999E-5 
-0.010065149529966707 0.0062304139548742385 
-0.009634753749487943 0.004246510609240549 
-0.009743569361495093 0.004682028709551643 
-0.004490354054043116 1.344863493771938E-4 
-0.008047918028317547 6.751037582397142E-4 
-0.0079125089997808 6.228254229098959E-4 
-0.00948288999999487 0.003800011706932604 
-0.0096618719939352 0.004329171211868269 
-0.0020070458247332342 6.0584241993113815E-5 
-0.003536348870883759 1.0180852147820067E-4 
-0.009509907119355294 0.003877409697507056 
-0.009151877573271024 0.002598141787154886 
-0.008441689456623356 9.608789746228202E-4 
-0.008351484536119898 8.255667470110951E-4 
-0.009593154250763689 0.004121434255140877 
-0.006109161624011103 2.3752716082519533E-4 
-0.008299614918478639 7.583970747987046E-4 
-0.006282024654289191 2.5772176373124397E-4 
-0.010174210607872042 0.006879310285706812 
-0.004694698635366534 1.5296101687201124E-4 
-0.00983372821487815 0.005027727100720949 
-0.009900728221519682 0.005299554994731087 
-0.008384010497789954 9.081414906674703E-4 
-0.0026070931260812036 7.712094583869763E-5 
-0.009879558164391932 0.005236567168964988 
-0.009397690185109539 0.0035617038904264143 
-0.0057253713318607185 2.0951716223901716E-4 
-0.009049420226768612 0.002348022644638105 
-0.004898018492683957 1.5649518458079494E-4 
-0.00854583775526539 0.0011188870186045687 
-0.008666893064650105 0.001355082105521843 
-0.008616240063528804 0.0012218959415078706 
-0.0026522836106764557 8.341174756512297E-5 
-0.006564743780364258 2.7835022871777195E-4 
-0.00888710517814795 0.0018671751819156219 
-0.009077758275964869 0.0023881847440644158 
-0.0074659218390660895 4.7107399049927474E-4 
-0.008896684709146981 0.0019078334863084395 
-0.009446483661109789 0.0036971093368641864 
-0.009434645839922817 0.0036639944795972008 
-0.008638710755542569 0.0013193412699310596 
-0.006379273602839387 2.586079939228526E-4 
-0.009913762340394826 0.005410356843604169 
-0.008216448219260125 7.147324185104262E-4 
-0.0098053841069601 0.004896264139462703 
-0.005592234376560059 2.0191097626427848E-4 
-0.005834865899378625 2.2693019657643574E-4 
-0.004608997940244879 1.4871401499256403E-4 
-0.009598529347244221 0.004137477927810778 
-0.008168672791947251 6.84690241923967E-4 
-0.008565316912190712 0.0011887842442031339 
-0.009111365585896024 0.0024969118916827703 
-0.006512890085161083 2.6941841787532316E-4 
-0.010039001377594078 0.006117792462127488 
