7.479208233014563E-4 3.270853164858978E-5 
-0.010174999554315178 0.006884289536270992 
7.136472238642983E-5 4.5946401735567905E-5 
-0.0015889904251406358 5.281497142631572E-5 
-0.00999958352530644 0.005844739604468968 
2.3642958275048662E-4 3.4712559241905744E-5 
-0.0028088313824214174 7.898727504965778E-5 
-0.009884087528426054 0.0052350559925424065 
-0.00828505562473299 7.366563216633232E-4 
-0.0079772481679133 6.752174134035352E-4 
-0.008972671946754118 0.00199278532862709 
-0.0100278468025641 0.006098758806799268 
-0.007754467725394376 5.292941583739733E-4 
-0.009256973565446545 0.0029584334683286106 
-0.009304221270114005 0.0033103464545812073 
-0.009204091767199128 0.002796560719572697 
-0.003746486538274962 1.0494388554901475E-4 
-0.009166548566712384 0.002696001017559572 
-0.0031807535787873467 9.407296028326731E-5 
-0.007466560900785452 4.993093128242256E-4 
-0.00979394679492444 0.004744445713802973 
-0.0034462866000100384 1.0200472046206037E-4 
-0.00974491579941938 0.004587823106326133 
-0.008763862959350558 0.0016158696262938304 
-0.008541557084263109 0.0012277406785385035 
-0.008727504060995575 0.001467253657894161 
-0.009910796023126658 0.005483470829761706 
-0.00506251976244442 1.6602417230015152E-4 
-0.0025234008700116433 7.465367142582235E-5 
-0.004351820433219425 1.331001206504146E-4 
-0.0023961780260174205 7.023916882658347E-5 
-0.003937079445673473 1.1133429744755145E-4 
-0.009578584115496742 0.004078120483207308 
-0.009014385751731867 0.002189602842320198 
-0.006440611788580993 2.656697938559427E-4 
-0.009303811861567764 0.0031334553219352777 
-0.008654500897095067 0.0012866984659144318 
-0.0018863187187787309 6.16977616819216E-5 
-0.004821903034596359 1.5938193660579956E-4 
-0.009962610207885195 0.005646376595114116 
-0.009047286941381946 0.002205818071285494 
-0.01013323335777904 0.006627994638574731 
-0.009608907541087309 0.0041685536007710754 
-0.00892394506174635 0.0018977479760905682 
-0.010098921263082723 0.006422925893025212 
-0.004566858758209328 1.4008817328534838E-4 
-0.00851589313610962 0.0010940343702073518 
-0.00980018677889758 0.0048582540209239425 
-0.009347574904651358 0.0034256220908907816 
-0.010104295775197761 0.006543496452829657 
-0.008678348914504303 0.0013927420363514138 
-0.00966125448570407 0.004327279074377401 
-0.009136032881828984 0.0025242362820469422 
-0.009091478908500148 0.0023839875173009336 
-0.009431966892575912 0.0036565239242130235 
-0.009535967681561716 0.003952902231130437 
-0.005698706068691562 2.0566144060512597E-4 
-0.00970515026209913 0.004462928895327704 
-0.006243499785340324 2.569795774558608E-4 
-0.010078139031463722 0.006320636043542393 
-0.009268242447037577 0.0030820144442727983 
-0.009835151168551768 0.004950942094436294 
-0.00888116005598396 0.0018098848886542681 
-0.010153038816345461 0.006755066382965289 
-0.009955237015225498 0.005629053922389304 
-0.0017263273417635141 5.544286313181555E-5 
-0.006613883680998208 2.803609387836242E-4 
-0.0071249351603987834 4.0165889850055656E-4 
-0.009862116860205434 0.005115189320746093 
-0.009644771414339611 0.004276942606252048 
-0.002116651433424143 6.748065661541804E-5 
-0.009395666320402878 0.0035561495931871545 
-0.008822254078817588 0.0016924563969430051 
-0.008381235350690438 9.455446543215736E-4 
-0.007390252245917365 4.5047394285657776E-4 
-0.00669314087227697 3.013653766551017E-4 
-0.004699525866929761 1.4983698045362574E-4 
-0.010056022521216458 0.0062449289740986805 
-0.007859671875969006 5.967083640400311E-4 
-0.008451217166329145 0.001051521879432875 
-0.009519425496784075 0.0039048876083320424 
-0.005223631010307262 1.7953114513923914E-4 
-0.01005234973215639 0.006158195692121696 
-0.005914870699413217 2.2479975741720014E-4 
-0.009910796023126658 0.005483470829761706 
-0.004146884326603164 1.152055717952047E-4 
-0.006124193012329325 2.3701184002340234E-4 
-0.008850863905972645 0.0017465459294174817 
-0.009459593130211448 0.0037339788654038473 
-0.007895623673093828 6.19256066299221E-4 
-0.009487163307009494 0.0038121951128097676 
-0.0021077471291137944 6.267465361235072E-5 
-0.008358273164842606 8.357388017187363E-4 
-0.008447635515400719 9.640759743587761E-4 
-0.009717427390413001 0.0045012847825539135 
-0.0056195396659590256 2.0028563237196526E-4 
-0.00415829668778417 1.3221699297369223E-4 
-0.008333326052944118 8.25507274998406E-4 
-0.0059277605679241225 2.2512386432445636E-4 
-0.010156746464002194 0.006809900075927532 
