0.1945619357409471 0.0 0.0 0.16654137034805316 0.0 0.0 0.18986393420845948 0.0 0.0 0.0 0.0 
0.0 0.29999830926919024 0.0 0.0 0.0 0.0 0.0 0.35 0.35 0.0 0.0 
0.1970405966507955 0.0 0.0 0.1887455429214405 0.0 0.0 0.35 0.11783490152030142 0.0 0.0 0.0 
0.0 0.3319582765800155 0.0 0.0 0.0 0.0 0.0 0.35 0.31282648052058587 0.0 0.0 
0.163126163264393 0.12102877708168666 0.0 0.0 0.0 0.0 0.35 0.1695056646575037 0.0 0.0 0.0 
0.1315020781257034 0.11200556486636024 0.0 0.10253990665929305 0.0 0.0 0.35 0.18324783230059247 0.0 0.0 0.0 
0.16764300702586035 0.11663298708494159 0.0 0.10479941200104646 0.0 0.0 0.35 0.15612442549080424 0.0 0.0 0.0 
0.0 0.35 0.0 0.0 0.0 0.0 0.0 0.35 0.2819465871527046 0.0 0.0 
0.0 0.3405526376153602 0.0 0.0 0.0 0.0 0.0 0.35 0.3061466772917833 0.0 0.0 
0.1099119677051606 0.32562437643675635 0.0 0.0 0.0 0.0 0.0 0.35 0.21443514149487372 0.0 0.0 
0.0 0.3031689452252451 0.0 0.0 0.0 0.0 0.0 0.35 0.3455029070654779 0.0 0.0 
0.2123786011677745 0.0 0.0 0.14218988697396223 0.0 0.0 0.35 0.134394382004423 0.0 0.0 0.0 
0.0 0.31075211852306744 0.0 0.0 0.0 0.0 0.0 0.35 0.3385669462301441 0.0 0.0 
0.18266135164906316 0.35 0.0 0.0 0.0 0.0 0.0 0.35 0.11725828593445291 0.0 0.0 
0.0 0.3467992319927282 0.0 0.0 0.0 0.0 0.0 0.35 0.30308326570224065 0.0 0.0 
0.18061726434380124 0.35 0.0 0.0 0.0 0.0 0.0 0.35 0.10102863777345966 0.0 0.0 
0.0 0.31727647510921714 0.0 0.0 0.0 0.0 0.0 0.35 0.32899345148441955 0.0 0.0 
0.1115082633706969 0.3185436170043871 0.0 0.0 0.0 0.0 0.0 0.35 0.21754946920689464 0.0 0.0 
0.0 0.3450391847907493 0.0 0.0 0.0 0.0 0.0 0.35 0.2986972336873141 0.0 0.0 
0.1041932668040799 0.30982824927435715 0.0 0.0 0.0 0.0 0.0 0.35 0.2359760094982016 0.0 0.0 
0.17582040193410248 0.14805344924524988 0.0 0.0 0.0 0.0 0.35 0.2219936642666815 0.0 0.0 0.0 
0.0 0.35 0.0 0.0 0.0 0.0 0.0 0.35 0.26455464449249255 0.0 0.0 
0.11183625490742101 0.3304352845267689 0.0 0.0 0.0 0.0 0.0 0.35 0.2075783641617728 0.0 0.0 
0.0 0.34792213198652294 0.0 0.0 0.0 0.0 0.211437044020521 0.34010093811028597 0.10053988588267003 0.0 0.0 
0.11514987071532706 0.35 0.0 0.0 0.0 0.0 0.0 0.35 0.10035966916001553 0.0 0.0 
0.10553401190936977 0.35 0.0 0.0 0.0 0.0 0.0 0.35 0.19220361764890878 0.0 0.0 
0.17792886195256605 0.22561141196151688 0.0 0.0 0.0 0.0 0.2771971012701877 0.30617505714988186 0.0 0.0 0.0 
0.0 0.33155187061281405 0.0 0.0 0.0 0.0 0.0 0.3495970015052476 0.3188511278819385 0.0 0.0 
0.0 0.34393481713006896 0.0 0.0 0.0 0.0 0.0 0.35 0.2862701269170312 0.0 0.0 
0.0 0.35 0.0 0.0 0.0 0.0 0.0 0.35 0.25096197844563145 0.0 0.0 
0.0 0.3431833264384761 0.0 0.0 0.0 0.0 0.0 0.35 0.27772757550633587 0.0 0.0 
0.0 0.35 0.0 0.0 0.0 0.0 0.0 0.35 0.27465045856555664 0.0 0.0 
0.20225436335982205 0.3358737928541466 0.0 0.0 0.0 0.0 0.0 0.35 0.10938025262896438 0.0 0.0 
0.12504295085152203 0.0 0.0 0.1317426981605948 0.0 0.0 0.35 0.1711941781409033 0.0 0.0 0.0 
0.11754037417070064 0.34221694165574057 0.0 0.0 0.0 0.0 0.0 0.35 0.1855677971872678 0.0 0.0 
0.0 0.30759531319664124 0.0 0.0 0.0 0.0 0.0 0.35 0.34224017668005924 0.0 0.0 
0.0 0.35 0.0 0.0 0.0 0.0 0.18787761949570878 0.35 0.10292316279913864 0.0 0.0 
0.1949429822779305 0.1641560399982518 0.0 0.0 0.0 0.0 0.35 0.24613814143805926 0.0 0.0 0.0 
0.0 0.3135089050267337 0.0 0.0 0.0 0.0 0.0 0.35 0.33600989456016755 0.0 0.0 
0.20650495498365892 0.16065472593776897 0.0 0.0 0.0 0.0 0.24510902568637655 0.3029411517185789 0.0 0.0 0.0 
0.13182214591718383 0.132631652521084 0.0 0.0 0.0 0.0 0.2941756720016681 0.20416027568253928 0.0 0.0 0.0 
0.1744822012688184 0.3459357176932663 0.0 0.0 0.0 0.0 0.0 0.3495226977781797 0.13005938325973562 0.0 0.0 
0.16168559137141955 0.1185139891599151 0.0 0.11627203139181981 0.0 0.0 0.35 0.17135580452089108 0.0 0.0 0.0 
0.10190896598776103 0.31860412729085424 0.0 0.0 0.0 0.0 0.0 0.35 0.2294062266033712 0.0 0.0 
0.21411202062531964 0.2004331830617443 0.0 0.0 0.0 0.0 0.26766725928625884 0.31778753702667717 0.0 0.0 0.0 
0.0 0.35 0.0 0.0 0.0 0.0 0.1616371858500022 0.35 0.10844198982627218 0.0 0.0 
0.10218076433187326 0.31451053846936283 0.0 0.0 0.0 0.0 0.0 0.35 0.23299705385703715 0.0 0.0 
0.1321942903784303 0.35 0.0 0.0 0.0 0.0 0.0 0.3473927630986797 0.16172810485602054 0.0 0.0 
0.10105812163322607 0.3185708986067985 0.0 0.0 0.0 0.0 0.0 0.35 0.22433587894768328 0.0 0.0 
0.21134874336722267 0.1978464415284807 0.0 0.0 0.0 0.0 0.26421281124470225 0.3265920038595944 0.0 0.0 0.0 
0.2283002946988115 0.0 0.0 0.21868926406277236 0.0 0.0 0.35 0.13652893464673557 0.0 0.0 0.0 
0.2063988806463202 0.0 0.0 0.10240717231122252 0.0 0.0 0.35 0.13662027229698148 0.0 0.0 0.0 
0.0 0.32542238309627325 0.0 0.0 0.0 0.0 0.0 0.34892258001536 0.3256550368883667 0.0 0.0 
0.17039743850734346 0.14337371372503468 0.0 0.0 0.0 0.0 0.35 0.29856391890538975 0.0 0.0 0.0 
0.33029146948265375 0.2514873523407424 0.0 0.0 0.0 0.0 0.0 0.35 0.0 0.0 0.0 
0.21969681855134265 0.16300044545834158 0.0 0.0 0.0 0.0 0.35 0.22828867243892936 0.0 0.0 0.0 
0.226402624027136 0.11644930581978234 0.0 0.0 0.0 0.0 0.35 0.2859290062233435 0.0 0.0 0.0 
0.1409207224159569 0.12205778688166942 0.0 0.0 0.0 0.0 0.35 0.18667254853772497 0.0 0.0 0.0 
0.1797258840241997 0.16061500173084625 0.0 0.0 0.0 0.0 0.35 0.27669398089120306 0.0 0.0 0.0 
0.197663513218495 0.1466531965183916 0.0 0.0 0.0 0.0 0.35 0.20539369354463152 0.0 0.0 0.0 
0.0 0.35 0.0 0.0 0.0 0.0 0.0 0.35 0.289267069963753 0.0 0.0 
0.32865115018433855 0.3006259576531709 0.0 0.0 0.0 0.0 0.0 0.35 0.0 0.0 0.0 
0.19439504432033491 0.15917647051016295 0.0 0.0 0.0 0.0 0.3015282908250973 0.3449001943444048 0.0 0.0 0.0 
0.10394467665017722 0.34661203326936435 0.0 0.0 0.0 0.0 0.0 0.35 0.19938953780787588 0.0 0.0 
0.0 0.31580573298761444 0.0 0.0 0.0 0.0 0.0 0.35 0.3329271173062251 0.0 0.0 
0.0 0.32200755315407587 0.0 0.0 0.0 0.0 0.0 0.35 0.326772964049043 0.0 0.0 
0.10518996027692826 0.3432757603121087 0.0 0.0 0.0 0.0 0.0 0.35 0.19720587747647234 0.0 0.0 
0.14838496501838735 0.35 0.0 0.0 0.0 0.0 0.0 0.35 0.15024855801878934 0.0 0.0 
0.2971041441445729 0.23613733963197284 0.0 0.0 0.0 0.0 0.0 0.35 0.0 0.0 0.0 
0.0 0.34851759983298974 0.0 0.0 0.0 0.0 0.0 0.35 0.2683592023578388 0.0 0.0 
0.15892899728352883 0.143037539623832 0.0 0.0 0.0 0.0 0.3360912640486121 0.18553969455907451 0.0 0.0 0.0 
0.21105490880956876 0.2081346851417984 0.0 0.0 0.0 0.0 0.18029461137733255 0.35 0.0 0.0 0.0 
0.1174725755370876 0.35 0.0 0.0 0.0 0.0 0.0 0.35 0.1809018042221452 0.0 0.0 
0.11530994912441069 0.3278415842536685 0.0 0.0 0.0 0.0 0.0 0.35 0.20279967005374178 0.0 0.0 
0.0 0.35 0.0 0.0 0.0 0.0 0.0 0.35 0.2602286638899278 0.0 0.0 
0.1813548191756564 0.1369360900132148 0.0 0.0 0.0 0.0 0.35 0.23452209616195244 0.0 0.0 0.0 
0.1448932982837863 0.35 0.0 0.0 0.0 0.0 0.0 0.35 0.1437485422541427 0.0 0.0 
0.20908680366120908 0.0 0.0 0.22083774208915907 0.0 0.0 0.35 0.13585467790916278 0.0 0.0 0.0 
0.15963437145862372 0.1370752064946155 0.0 0.0 0.0 0.0 0.35 0.20834724028583934 0.0 0.0 0.0 
0.1400197014317922 0.3471251927054021 0.0 0.0 0.0 0.0 0.0 0.3462367539435304 0.1666183519192753 0.0 0.0 
0.18092779579113766 0.3303255995094408 0.0 0.0 0.0 0.0 0.0 0.35 0.13748080098730728 0.0 0.0 
0.0 0.30391593205624867 0.0 0.0 0.0 0.0 0.0 0.35 0.34366372786893873 0.0 0.0 
0.0 0.35 0.0 0.0 0.0 0.0 0.0 0.35 0.2709132954752432 0.0 0.0 
0.0 0.35 0.0 0.0 0.0 0.0 0.0 0.35 0.2571418720233993 0.0 0.0 
0.0 0.32852852330602206 0.0 0.0 0.0 0.0 0.0 0.34877486325134366 0.3226966134426344 0.0 0.0 
0.18374143168366758 0.335149083561018 0.0 0.0 0.0 0.0 0.0 0.35 0.13103634247003326 0.0 0.0 
0.12168026584694783 0.35 0.0 0.0 0.0 0.0 0.0 0.35 0.178097162496823 0.0 0.0 
0.2149910361528734 0.11475155179047922 0.0 0.1349234560850579 0.0 0.0 0.3315647722936643 0.1335960024300034 0.0 0.0 0.0 
0.1016717207175155 0.3205051796770111 0.0 0.0 0.0 0.0 0.0 0.35 0.2256979890648211 0.0 0.0 
0.11421777292734883 0.35 0.0 0.0 0.0 0.0 0.0 0.35 0.1745104544518091 0.0 0.0 
0.0 0.35 0.0 0.0 0.0 0.0 0.0 0.35 0.2921310146011358 0.0 0.0 
0.0 0.3162064138520131 0.0 0.0 0.0 0.0 0.0 0.35 0.3333495210538773 0.0 0.0 
0.2597683449840571 0.2122496708958485 0.0 0.0 0.0 0.0 0.13054827160980037 0.35 0.0 0.0 0.0 
0.0 0.3403993886918162 0.0 0.0 0.0 0.0 0.0 0.35 0.3059168057502269 0.0 0.0 
0.15483950443675507 0.16861511155835893 0.0 0.0 0.0 0.0 0.31677431072143336 0.2720834262013079 0.0 0.0 0.0 
0.14701210268249099 0.35 0.0 0.0 0.0 0.0 0.0 0.35 0.14995582775583297 0.0 0.0 
0.0 0.35 0.0 0.0 0.0 0.0 0.0 0.35 0.29590482996692036 0.0 0.0 
0.0 0.32852852330602206 0.0 0.0 0.0 0.0 0.0 0.34877486325134366 0.3226966134426344 0.0 0.0 
0.20380216189908862 0.1797418591624277 0.0 0.0 0.0 0.0 0.35 0.2499591794248091 0.0 0.0 0.0 
0.11717375417743758 0.35 0.0 0.0 0.0 0.0 0.0 0.35 0.1708906319160712 0.0 0.0 
