-0.010043500046012916 4.523169009695726E-4 
0.0012216678632293535 6.907338411905757E-5 
0.0012216678632293535 6.907338411905757E-5 
-0.009522118403296021 3.651886747321279E-4 
-0.009590766962151966 4.4189347673432493E-4 
-0.0058587546002635315 1.6941185903843284E-4 
-0.006018678852339894 1.800655795768609E-4 
-0.0010689674499689788 8.204682982425703E-5 
-0.0020593301566244776 9.373016840377989E-5 
-0.005694839430173652 1.6155362700999204E-4 
-0.0023268107373473138 9.763976286526066E-5 
-0.009317840722372385 3.4613056513228455E-4 
-0.0012870413673509375 8.525389035733474E-5 
-0.00797909570233119 2.47977934356882E-4 
-0.007468548429556814 2.2170196780244095E-4 
8.332424713489472E-4 6.989245893438081E-5 
-0.006131580703403636 1.907455508924853E-4 
-0.0049538542245998385 1.3859287844372755E-4 
-0.008281253923784945 2.647225616664102E-4 
-0.0054040610495934924 1.493136526256363E-4 
-0.001930099674765585 9.089150347873537E-5 
-8.474014779907074E-4 7.929392677302172E-5 
-0.003061208612623502 1.0383805328134344E-4 
-0.008438618780499167 2.7492067209930167E-4 
-0.004662413612754591 1.3278112381323825E-4 
-0.0016819904264815336 8.919140246663842E-5 
-0.005940571529915579 1.7613062682717202E-4 
-0.005596279366331444 1.5821044366878443E-4 
-0.008130420365265371 2.552194219054211E-4 
-0.008510893555538825 2.8011074730822645E-4 
-0.004888622172871751 1.3538718864016523E-4 
-0.009144910145131167 3.301335856543255E-4 
-0.004543041284462364 1.3060526678922903E-4 
-0.0063945980230817705 1.9295872046844916E-4 
-0.00834818176783194 2.6910553448416174E-4 
-0.00550524521068841 1.5191962191372243E-4 
-0.0032774514141624624 1.0559695113811099E-4 
4.876614136256072E-4 7.160171133882346E-5 
-0.009747446747798164 4.43245627317486E-4 
2.5599315989078717E-5 7.326910239354051E-5 
-0.009087136552479592 3.248525446259451E-4 
-0.008166609322440777 2.573581343421323E-4 
-0.003924278901454799 1.1728101837220125E-4 
-0.00513541985017734 1.4503726628092698E-4 
-0.00792714118086409 2.435143922978497E-4 
-0.004281059569829574 1.2929044759959796E-4 
-0.002867139627742883 1.0257570601032134E-4 
-0.0037666081237937733 1.1432352669097678E-4 
-0.007549323668182127 2.2504092238138386E-4 
-0.00729682346153419 2.1506802161730512E-4 
-3.6827694949911373E-4 7.750800297702115E-5 
-0.0035133883179597025 1.0990210498604708E-4 
6.612958492713875E-4 7.056806166861728E-5 
-0.009219340147093108 3.3980798950691214E-4 
-0.0051726441584249525 1.4541994715043123E-4 
-0.0036745027534995428 1.1168132038224927E-4 
-0.008845624219689907 3.053618064138901E-4 
-0.002455924333078685 1.0006860157692973E-4 
-0.0034050894961405523 1.0725279088103815E-4 
-0.006546764944791041 1.9588972305639328E-4 
-0.009215768600130809 3.361423388908068E-4 
-6.871375344911375E-4 7.796329068224328E-5 
-0.007736260263164471 2.3386775306527324E-4 
0.0011597225934781947 6.912083587755354E-5 
-0.009025038256296579 3.1953731893978E-4 
-0.00864897866091654 2.928526134264365E-4 
-0.001502977656699972 8.59579917692651E-5 
-0.006223496501122887 1.913261696202389E-4 
-0.007053239445518833 2.0678068683126859E-4 
-0.008947627205254497 3.182483988967555E-4 
-0.0026989314214169503 1.0201795273359228E-4 
-0.009398249896821677 3.5334333631287875E-4 
-0.009914264504251098 4.511834171474809E-4 
-0.004281164078838219 1.3017063066148428E-4 
-0.0025850062847193253 1.015242975730507E-4 
-0.007823400295590885 2.3903676709551572E-4 
-0.008590018563137717 2.855076651295513E-4 
-0.008755718761879298 2.98934644149847E-4 
-0.008681675387083554 2.9554104408973357E-4 
-0.008882006724867325 3.112938184354064E-4 
-0.008788981639238117 3.0171156438662427E-4 
-0.008590626024635856 2.8729716090960736E-4 
-0.0015514307334520785 8.755012905369124E-5 
2.51029561155107E-4 7.203041638318742E-5 
-0.004090731347755029 1.225034225450745E-4 
-0.006793317702989059 2.007520966376877E-4 
-0.008920430894880886 3.123930605012791E-4 
-0.007642178153638324 2.2956391067014139E-4 
-0.006682101939440639 1.9750404103796218E-4 
-0.009891749731149313 4.466025461435744E-4 
-1.4051939060405125E-4 7.494962952825227E-5 
-0.004090731347755029 1.225034225450745E-4 
-0.006952343851168286 2.038589996441503E-4 
2.5698985087680456E-4 7.191283698103897E-5 
-0.009468714490265113 3.5984469802567064E-4 
-0.00944317575028749 3.5724662587401773E-4 
-0.007800473592702198 2.3780010790194062E-4 
-3.50298999903044E-4 7.515552839138839E-5 
-0.007120726505563013 2.090604441641556E-4 
-0.007281639293331296 2.1432397955423058E-4 
