-0.010043500046012916 4.523169009695727E-4 
-2.4355000328254604E-4 8.880297865057786E-5 
-0.010043500046012916 4.523169009695727E-4 
-2.4355000328254604E-4 8.880297865057786E-5 
-0.009590766962151966 4.4189347673432493E-4 
-0.009523776121489337 3.653702518076643E-4 
-0.008403478065478514 2.7267096645267584E-4 
-0.0077663947715631895 2.355647663458674E-4 
-0.009235422115647325 3.3792071101929175E-4 
-0.003111304559891506 1.047259476992181E-4 
-0.002875879915626156 1.0275918812259591E-4 
-0.007887392330312448 2.4162791784297551E-4 
-0.00852461818555134 2.8125919133475925E-4 
-0.009952517014005628 4.4862202213445104E-4 
-0.008922954089250184 3.1112962650171243E-4 
-0.009292971967330754 3.431150320412002E-4 
-0.005921477521394233 1.7383331906404065E-4 
-0.004083242137362933 1.2408239568220978E-4 
-0.007647088245300165 2.2943913806615888E-4 
-0.0035256719146424956 1.0787219687651898E-4 
-0.008782759300627321 3.0236090074635814E-4 
-0.009141960746172543 3.2986844350819933E-4 
-0.00620106572911756 1.9054759650643849E-4 
-0.007286602419442501 2.145793626888101E-4 
-0.0047665413697487655 1.3260560936599855E-4 
-0.00425127716172768 1.2779910107899175E-4 
-0.006581654846017457 1.9672501550273814E-4 
-0.004958940757785856 1.375898310033126E-4 
-0.0016635766459604706 9.819542398808358E-5 
-0.009464947486542257 3.593448912739105E-4 
-0.006168882525868315 1.8362633379905984E-4 
-0.008986535069568355 3.167513885678325E-4 
-0.00272212022964927 1.0170805816538304E-4 
-0.008849729551344082 3.0558876560036856E-4 
-0.005471395656490423 1.533139488321658E-4 
-0.006663782307069978 2.0060981278953682E-4 
-4.946854821484496E-4 8.90712771271924E-5 
-0.004554385518818419 1.3020366393237952E-4 
-0.005396542450578859 1.4891315024120622E-4 
-0.0064282116838870465 1.9446260252309723E-4 
-0.002235323407897255 9.921675658371153E-5 
-0.00828382569227275 2.6456766408622227E-4 
-0.008691938870217922 2.9541066200033006E-4 
-0.006030783502682116 1.7645931694529668E-4 
-0.0036488779084433596 1.1213088229974163E-4 
-0.0019446075051336104 9.824231751770925E-5 
-0.005819922895526089 1.6806875607291438E-4 
-8.939391814893319E-4 9.049665844755101E-5 
-0.0014684157523537653 9.273004358310883E-5 
-0.009418248174088529 3.550256194874412E-4 
-0.005171042169579573 1.4158631767977536E-4 
-0.006332560417456582 1.9274520058508107E-4 
-0.006101626500366955 1.799839272122062E-4 
-0.007948440983093219 2.460727302555022E-4 
-0.0074006519628463515 2.1884189183807784E-4 
-0.004843991512091351 1.3447141368595365E-4 
-7.845974407519501E-4 8.967502726453015E-5 
-0.00558533547275924 1.5574886076488053E-4 
-0.00508030600024021 1.4022663942531074E-4 
-0.009031881657428152 3.2128904641218854E-4 
-0.001995873291377922 9.855192325715389E-5 
-0.003372549664086411 1.0634534400724561E-4 
-0.003896390340370842 1.1663207181950511E-4 
-5.932168045982601E-4 8.959634477985241E-5 
-0.003272383370354356 1.0554079737007879E-4 
-0.00817189646758331 2.5882523326788284E-4 
-0.008113426493702638 2.540678727225811E-4 
-0.009813284114439063 4.445749025262141E-4 
-0.0056637882117831235 1.6538490597716387E-4 
-0.007517251647748699 2.2373387688216036E-4 
-0.007576752605398047 2.2653549849497307E-4 
-0.002549907898145961 1.0079059691810167E-4 
-0.004554385518818421 1.3020366393237963E-4 
-0.007983889765347672 2.5029336770738034E-4 
-0.009352217122031098 3.49807726007436E-4 
-0.0023225345198831767 9.96248186350797E-5 
-0.007155956387261918 2.1289771411754952E-4 
-0.001286517236639553 9.164585728437845E-5 
-0.0037873663620446333 1.1449372933494654E-4 
-0.002469388189150424 1.0059379370013848E-4 
-2.4355000328254647E-4 8.880297865057789E-5 
-0.006839660478762762 2.0096192762216128E-4 
-0.009788599723185416 4.439965916186579E-4 
-0.005250659438830991 1.4631341949231875E-4 
-0.009623573443649244 4.420566689375365E-4 
-0.00819278960626636 2.6208100434364583E-4 
-0.0074480513280907445 2.207499189213888E-4 
-0.003977770908931187 1.2182606538925958E-4 
-0.0070581074011320695 2.069103016962038E-4 
-0.008586230005994849 2.8639374267875445E-4 
-0.00425127716172768 1.2779910107899175E-4 
-0.008050135036724566 2.5243627832209284E-4 
-0.009523776121489337 3.653702518076643E-4 
-0.0057851836557557355 1.6620709683775375E-4 
-0.0010960411966962785 9.078967724051249E-5 
-0.009061120150865331 3.257724481196319E-4 
-0.003963554206024872 1.1960683641919976E-4 
-0.005292589452850613 1.4660369062510092E-4 
-0.008623419456580593 2.9001462835994877E-4 
-0.006968946605384958 2.0445634740599307E-4 
