-0.017609275760070892 7.814526095630624E-4 
-0.007911108867916827 1.1699139066175335E-5 
-0.017609275760070892 7.814526095630624E-4 
-0.007911108867916827 1.1699139066175335E-5 
-0.017403991122401465 6.218678138445524E-4 
-0.01760927576007089 7.814526095630619E-4 
-0.0099762871825664 1.867183444598079E-5 
-0.00842967662540815 1.864862538496651E-5 
-0.016985319933278373 4.1878421790513844E-4 
-0.017008274077971983 4.836713762984868E-4 
-0.0158434770245857 2.2934503465152497E-4 
-0.01563151123543957 2.1279716071462038E-4 
-0.015933549693305314 2.382947577755531E-4 
-0.0129748499745858 7.268443072986795E-5 
-0.01718088300879017 5.029616489757178E-4 
-0.01636341033155656 2.874574479095202E-4 
-0.017403991122401465 6.218678138445524E-4 
-0.01685338048631991 3.698754405714088E-4 
-0.01625635431060665 2.73611544945383E-4 
-0.014113142340820194 1.1272881404781999E-4 
-0.0105257934004873 2.150379506091565E-5 
-0.01705273326853611 4.879173592943945E-4 
-0.012723273736164399 6.623453204330465E-5 
-0.013111549301071971 7.614172428657284E-5 
-0.016812153057661514 3.5325224908159923E-4 
-0.016762013440052674 3.4652007609304426E-4 
-0.016564614993114363 3.1633179902311654E-4 
-0.013939584798732339 1.066427260449714E-4 
-0.017371231613550666 6.037969800514263E-4 
-0.01210111308807548 5.513038961385826E-5 
-0.010722420420270756 2.3109056399789053E-5 
-0.014815990682760256 1.5357827194582637E-4 
-0.008059037752777443 1.3090881999908423E-5 
-0.013261657675585865 8.078419235153667E-5 
-0.016477053637980184 3.0815303167626526E-4 
-0.015018837393277504 1.7148547547352657E-4 
-0.01663174305795357 3.2553028117101695E-4 
-0.012555824052157423 6.25637146958684E-5 
-0.0173078961790335 5.679963168289955E-4 
-0.011285094599276074 3.151728943417527E-5 
-0.01618207849052149 2.677409189037991E-4 
-0.017330526379819328 5.841792241849851E-4 
-0.014497634996652534 1.312268268110817E-4 
-0.011791848318385641 4.296737936454104E-5 
-0.01698400429018801 4.1088181645565817E-4 
-0.012253077441290654 5.818511551966887E-5 
-0.0172299217365771 5.263194470226072E-4 
-0.01378853339103643 9.968368148458564E-5 
-0.014401292793306635 1.2667555965694858E-4 
-0.017263750516927412 5.437166502491221E-4 
-0.015456094060948708 2.0084546672264475E-4 
-0.010878866803679095 2.5328378352564765E-5 
-0.016135720803173572 2.5940044867159837E-4 
-0.0142184585483637 1.1858145692516803E-4 
-0.014746633380208905 1.4830331938939006E-4 
-0.017280257490393754 5.52586333386581E-4 
-0.012409093086896106 6.023020775005967E-5 
-0.016980941793916095 3.9600231212908707E-4 
-0.00842585583193201 1.8523391664954496E-5 
-0.01724388685502737 5.33374252656781E-4 
-0.016950593941749047 3.763804954387926E-4 
-0.011977485798212551 5.216629503917764E-5 
-0.011134567156529022 2.862781285751375E-5 
-0.013841249962570218 1.051268172444892E-4 
-0.011066170096461209 2.816539039074504E-5 
-0.011364073197446567 3.521693790218096E-5 
-0.010170474441178901 1.94815495591004E-5 
-0.015077815668019025 1.761970967817152E-4 
-0.008216931592478589 1.4830804323805549E-5 
-0.013524492940118205 9.005925824454093E-5 
-0.011638338813199227 4.0424339356384266E-5 
-0.01367359011438348 9.502020867456654E-5 
-0.015417748804298371 1.9438388711344882E-4 
-0.0164236683107941 2.961799866355869E-4 
-0.017297230928991332 5.619669718721485E-4 
-0.014952438385124275 1.5955077800928964E-4 
-0.01735850482634424 5.973256424353577E-4 
-0.012667214593066483 6.47989606980303E-5 
-0.014952438385124271 1.595507780092896E-4 
-0.011863519892480152 4.5793064751479955E-5 
-0.0166777088264341 3.336852194758324E-4 
-0.01536235702940554 1.9042884330698094E-4 
-0.016973490213915473 3.803390358317134E-4 
-0.01760927576007089 7.814526095630619E-4 
-0.016979426636772467 3.9045920575384534E-4 
-0.008216931592478589 1.4830804323805549E-5 
-0.010122317205190261 1.9141398659148402E-5 
-0.016441752159488496 2.9889990794382585E-4 
-0.010339880077710849 2.04479143851468E-5 
-0.015555477564238357 2.055038218456941E-4 
-0.016076203436168314 2.533910795339785E-4 
-0.011931078016580672 4.870606899152016E-5 
-0.01734114012662743 5.88991580652084E-4 
-0.01720434372827948 5.138614247897996E-4 
-0.014646546529397378 1.4553699848161107E-4 
-0.013356718785482367 8.395463496296233E-5 
-0.0166777088264341 3.336852194758324E-4 
-0.014585410102021357 1.3818229207446643E-4 
-0.011511933242113817 3.6950310141807266E-5 
-0.010839332817259467 2.431408013415327E-5 
