-0.013698792162351307 5.79052713100763E-4 
-0.00464529913205832 4.4100440815335854E-5 
-0.013698792162351307 5.79052713100763E-4 
-0.007113897942477444 8.074205965146962E-5 
-0.006284387999412583 8.01813210265536E-5 
-0.007576792286290962 9.338067963198353E-5 
-0.007280492827885658 8.515305962447859E-5 
-0.009921615624359378 2.0873748900226643E-4 
-0.012155982689761907 3.9788773816481517E-4 
-0.012286621377542405 4.118884314568463E-4 
-0.004920937238691757 4.5006113069904306E-5 
-0.012564431628837363 4.3356513147239136E-4 
-0.013548797103344569 5.577466717043277E-4 
-0.009429476688957985 1.865612520937678E-4 
-0.009348578900462598 1.7315476043181709E-4 
-0.011177152508358438 2.955187298873944E-4 
-0.010931402711677224 2.7573185283042865E-4 
-0.012914031946734291 4.7221333261474616E-4 
-0.008821904555470774 1.4404232713472376E-4 
-0.00979336701028766 2.0138675946404177E-4 
-0.013634247675449246 5.6969665698347E-4 
-0.011302226470045699 3.044394265029666E-4 
-0.010066331460677633 2.184380430019752E-4 
-0.008452597260798046 1.2743633426885045E-4 
-0.011558563634835433 3.3281328900123744E-4 
-0.011892224030940968 3.62516224506608E-4 
-0.008169550815832623 1.154335414398722E-4 
-0.012671515538845064 4.437936398412007E-4 
-0.010823926905468701 2.674185033408316E-4 
-0.011016080387144543 2.826593173525459E-4 
-0.011747521974676229 3.5046601031247496E-4 
-0.009273397626650238 1.6798628095455938E-4 
-0.01143338762981918 3.175169732382687E-4 
-0.011507730653740843 3.2436681502752537E-4 
-0.010719260298943519 2.6472377212321174E-4 
-0.00511156745676935 4.728285896909904E-5 
-0.0076622019567459424 9.652843848655288E-5 
-0.012123763461506072 3.8838228905554973E-4 
-0.00914032929358262 1.5940699554110136E-4 
-0.013097864280177757 4.96362453033618E-4 
-0.0055941740661665535 5.853396450227242E-5 
-0.011650477275225958 3.406484117694598E-4 
-0.01285609863984476 4.642704033032942E-4 
-0.01063924844703623 2.5573792695122966E-4 
-0.013005906656203345 4.8372134716995435E-4 
-0.009680163269510909 1.9699780983929122E-4 
-0.01248305736203757 4.2462985024451806E-4 
-0.007808454596219566 1.0206634083380468E-4 
-0.008052843174297804 1.1022471807811956E-4 
-0.008724085999687652 1.3869563107525053E-4 
-0.00898688203819735 1.502876730285357E-4 
-0.00591720572832236 6.687336073160706E-5 
-0.005521371820707833 5.3997336806779154E-5 
-0.013166162861335555 5.08003918888145E-4 
-0.01239161345205846 4.161647471127265E-4 
-0.013332612114463285 5.297347357828015E-4 
-0.007982407614447642 1.0695076958872869E-4 
-0.012981307610611986 4.83140106051267E-4 
-0.008280057703816622 1.2126608010034449E-4 
-0.013488438000243512 5.496053816610963E-4 
-0.010167982685265572 2.2701172129825192E-4 
-0.012791240585203416 4.591784353762686E-4 
-0.009166350692114467 1.6093226497177615E-4 
-0.013341468317734242 5.385554268421246E-4 
-0.009533215129365943 1.9028672275793896E-4 
-0.010355030450812297 2.4400056726405232E-4 
-0.013229487531249367 5.172715566791706E-4 
-0.008978984805489865 1.498649663674415E-4 
-0.005396767257607055 5.1733402596983204E-5 
-0.01311215147462735 4.983798877057479E-4 
-0.012743804059279629 4.5423265386089885E-4 
-0.009586890728128801 1.9351287567189783E-4 
-0.012064419988549829 3.8137438264191877E-4 
-0.005232337123137894 4.9100436813901586E-5 
-0.0058606128615400314 6.342718804235927E-5 
-0.008625212138602473 1.363621710954628E-4 
-0.010480989948749176 2.484427203275558E-4 
-0.012705308081970854 4.488506955688357E-4 
-0.013421578179891076 5.408769532474108E-4 
-0.011917197320449489 3.6508721885696743E-4 
-0.010283034177417261 2.3421170211360265E-4 
-0.007190836705336176 8.263063512225106E-5 
-0.010344421804060722 2.4045123245551223E-4 
-0.011959763359597699 3.7318937145151116E-4 
-0.012445695561326964 4.2073850874768594E-4 
-0.010577373582806904 2.529809955702729E-4 
-0.011118294424826317 2.882169779944878E-4 
-0.013677729875495264 5.759684353535434E-4 
-0.013196063028771349 5.117644868380442E-4 
-0.013461945790516034 5.46110450069012E-4 
-0.01166944894063862 3.468132804611261E-4 
-0.005765732076713266 6.0238796479940515E-5 
-0.008625212138602473 1.363621710954628E-4 
-0.0062795348654086855 7.989424993280623E-5 
-0.005318781018125999 5.00770041361352E-5 
-0.006072204666806891 6.996554228127071E-5 
-0.006178402078750553 7.405671388863088E-5 
-0.008361905554622066 1.2661125285601428E-4 
-0.011370284744615329 3.0963562019880296E-4 
-0.012011423963037136 3.797268632829814E-4 
