0.0 0.3000000000000002 0.0 0.0 0.0 0.0 0.0 0.35 0.35 0.0 0.0 
0.11710962396921105 0.10399302184948579 0.16993202100272717 0.0 0.0 0.1381996826882545 0.10783466747294582 0.0 0.1129221767617758 0.0 0.25000880625559996 
0.0 0.3000000000000002 0.0 0.0 0.0 0.0 0.0 0.35 0.35 0.0 0.0 
0.24398493276347738 0.2033428689089503 0.11329172122411278 0.0 0.1558627942579461 0.0 0.0 0.10245155376009091 0.18106612908542236 0.0 0.0 
0.16782168694494617 0.21694130212435583 0.11298954974505936 0.0 0.15042697109693023 0.0 0.0 0.10494182771315165 0.24687866237555683 0.0 0.0 
0.3305133884703967 0.211637351441913 0.0 0.0 0.20473995592574437 0.0 0.0 0.0 0.25310930416194594 0.0 0.0 
0.16110685083538556 0.22905010238707177 0.10405730269289586 0.0 0.12571573894004626 0.0 0.0 0.10281205838899556 0.27725794675560494 0.0 0.0 
0.0 0.23802051562113524 0.0 0.0 0.0 0.0 0.12304867382987651 0.28893081054898834 0.35 0.0 0.0 
0.0 0.2671061725592224 0.0 0.0 0.0 0.0 0.10859448284911344 0.27429934459166416 0.35 0.0 0.0 
0.11910738690047644 0.17128628492391537 0.17122098584340412 0.0 0.0 0.0 0.11739129494579023 0.0 0.15176406161950434 0.0 0.2692299857669095 
0.0 0.23234665559503626 0.11585434869513254 0.0 0.0 0.0 0.0 0.30179899570983115 0.35 0.0 0.0 
0.15176325672576405 0.21154648559042946 0.10275979616457144 0.0 0.13156800537393487 0.0 0.0 0.13767952380189916 0.264682932343401 0.0 0.0 
0.10182448089741007 0.22137647260871268 0.11070050893274679 0.0 0.14278737046305753 0.0 0.0 0.14233590733917187 0.28097525975890114 0.0 0.0 
0.12344809092007283 0.1233460438874794 0.16451302346471652 0.0 0.0 0.10560938842082689 0.11312834951097547 0.0 0.11974640780451558 0.0 0.25020869599141315 
0.2013567097225378 0.22478946860579233 0.12398467057490427 0.0 0.14737646819100875 0.0 0.0 0.10296051459228481 0.19953216831347198 0.0 0.0 
0.0 0.235128876934874 0.0 0.0 0.0 0.0 0.11030308439762727 0.3045680386674988 0.35 0.0 0.0 
0.12265654671148739 0.1963134893529244 0.15813516107708175 0.0 0.0 0.0 0.10897341599886042 0.0 0.16845536955525897 0.0 0.24546601730438716 
0.0 0.2531081504001671 0.10425536471221152 0.0 0.12094828440274254 0.0 0.0 0.1716882004848788 0.35 0.0 0.0 
0.12453233383294224 0.11879133737405496 0.16099490312901327 0.0 0.0 0.11411720480458569 0.11243877137251476 0.0 0.14446232453802532 0.0 0.22466312494886365 
0.15234655947740908 0.2478721937034587 0.0 0.0 0.12210795860825395 0.0 0.0 0.13987393719474012 0.33779935101613806 0.0 0.0 
0.0 0.3266900251395239 0.0 0.0 0.0 0.0 0.0 0.3278111700193117 0.3454988048411646 0.0 0.0 
0.16940063591977575 0.27174518316748486 0.0 0.0 0.1020041976895401 0.0 0.0 0.1277526428664017 0.32909734035679766 0.0 0.0 
0.16627011862403984 0.2757056589956861 0.0 0.0 0.12955884334969422 0.0 0.0 0.1497684811791402 0.2786968978514396 0.0 0.0 
0.3351879340742315 0.2434020641639645 0.0 0.0 0.20470932105425468 0.0 0.0 0.0 0.21670068070754936 0.0 0.0 
0.16921443815047243 0.22824388212981025 0.10209224888446225 0.0 0.13232489851163085 0.0 0.0 0.13528246560890111 0.23284206671472293 0.0 0.0 
0.0 0.19328917329215708 0.11619877514154768 0.0 0.0 0.0 0.10101429392494948 0.25765332011227093 0.3318444375290749 0.0 0.0 
0.0 0.2884277017952356 0.1163824943379938 0.0 0.0 0.0 0.0 0.24518980386677064 0.35 0.0 0.0 
0.0 0.22011751755686929 0.10414265413637765 0.0 0.0 0.0 0.10045209788031384 0.24516777343627313 0.330119956990166 0.0 0.0 
0.0 0.22832410241608958 0.11064711479945144 0.0 0.0 0.0 0.10116727327639834 0.2098615095080607 0.35 0.0 0.0 
0.10878605483071674 0.22627503497759857 0.1165200781006079 0.0 0.10094116119125437 0.0 0.0 0.1651799273862473 0.2822977435135752 0.0 0.0 
0.0 0.21533615822074212 0.1018804831961871 0.0 0.0 0.0 0.11999194099608196 0.23984227624073906 0.3229491413462497 0.0 0.0 
0.0 0.19208447599685363 0.10212916217341866 0.0 0.0 0.0 0.11110322424657088 0.2585427571052624 0.3361403804778944 0.0 0.0 
0.0 0.24387406506304204 0.0 0.0 0.0 0.0 0.13211407134389883 0.27401186359305896 0.35 0.0 0.0 
0.11203276010164542 0.23156688672284578 0.10533213529976214 0.0 0.10313914055260869 0.0 0.0 0.1467951911947682 0.3011338861283697 0.0 0.0 
0.11972988767650766 0.17766812137757645 0.1527897451389602 0.0 0.0 0.0 0.1005153690533422 0.0 0.20523632891320515 0.0 0.2440605478404083 
0.0 0.33084189945961034 0.0 0.0 0.0 0.0 0.0 0.3191581005403898 0.35 0.0 0.0 
0.16361618812235595 0.23222603539340414 0.100707399617795 0.0 0.11354389065696376 0.0 0.0 0.11632577217770577 0.2735807140317754 0.0 0.0 
0.34227270520200004 0.23790494099352422 0.0 0.0 0.2226043671974612 0.0 0.0 0.0 0.19721798660701464 0.0 0.0 
0.19957685286222615 0.22495544378348342 0.1211039896496921 0.0 0.13678915937566777 0.0 0.0 0.10680354170549951 0.21077101262343095 0.0 0.0 
0.0 0.2433932832514336 0.0 0.0 0.0 0.0 0.11002557078042913 0.3015921107763618 0.34498903519177565 0.0 0.0 
0.0 0.26895941282381847 0.10397688895935617 0.0 0.0 0.0 0.0 0.27706369821682536 0.35 0.0 0.0 
0.0 0.22412010506315916 0.129537419254221 0.0 0.0 0.0 0.10844222714998471 0.18790024853263532 0.35 0.0 0.0 
0.0 0.27419746184369526 0.0 0.0 0.0 0.0 0.11290848262320463 0.2628940555331001 0.35 0.0 0.0 
0.14942354177333578 0.26862396799838484 0.0 0.0 0.150004521613077 0.0 0.0 0.13942030187144144 0.292527666743761 0.0 0.0 
0.0 0.23581558580208123 0.1022796197142487 0.0 0.1142001750958149 0.0 0.0 0.19770461938785536 0.35 0.0 0.0 
0.14508074386381498 0.25642219937187016 0.0 0.0 0.10143751159015481 0.0 0.0 0.14705954517416003 0.35 0.0 0.0 
0.10366655472744202 0.2520819727291524 0.0 0.0 0.10009302396778724 0.0 0.0 0.19415844857561854 0.35 0.0 0.0 
0.1227912413678547 0.21946392327866887 0.10699244094623332 0.0 0.10851123033196501 0.0 0.0 0.14721647254892942 0.29502469152634864 0.0 0.0 
0.1176486504819687 0.2182015210559218 0.10891553871364976 0.0 0.11889252387590811 0.0 0.0 0.14922784315551885 0.28711392271703273 0.0 0.0 
0.0 0.21449453529948923 0.0 0.0 0.0 0.0 0.10221998691832812 0.3332854777821826 0.35 0.0 0.0 
0.17003429790870817 0.26474234273667313 0.0 0.0 0.12429725558941902 0.0 0.0 0.13274474633965402 0.30818135742554575 0.0 0.0 
0.0 0.2717723113218359 0.12187245605953773 0.0 0.0 0.0 0.0 0.25635523261862647 0.35 0.0 0.0 
0.0 0.17769356599304384 0.1072560605307788 0.0 0.0 0.0 0.10344980284919202 0.2845055108122609 0.3270950598147245 0.0 0.0 
0.0 0.22938783693402318 0.10013145651820517 0.0 0.0 0.0 0.10539730908493045 0.21508339746284136 0.35 0.0 0.0 
0.0 0.19617219232200134 0.0 0.0 0.0 0.0 0.11550611044211016 0.33832169723588845 0.35 0.0 0.0 
0.10018619513629673 0.13907176967240364 0.15443752453251652 0.0 0.0 0.11042435104995794 0.11327400244481708 0.0 0.1508062692834338 0.0 0.2317998878805742 
0.3487166707017682 0.2314843966670876 0.0 0.0 0.22599217065987715 0.0 0.0 0.0 0.19380676197126698 0.0 0.0 
0.0 0.22271310728726856 0.10172862541654425 0.0 0.1171476886432366 0.0 0.0 0.2084105786529506 0.35 0.0 0.0 
0.1650085483421711 0.11176024008452583 0.1514658343261761 0.0 0.0 0.10736276304875604 0.10578367380301858 0.0 0.15916835493038367 0.0 0.19945058546496863 
0.12593070551659302 0.1907570480219643 0.14379235347767877 0.0 0.0 0.0 0.11945571053744462 0.0 0.18114128167698354 0.0 0.23892290076933567 
0.0 0.25178240375871175 0.10600440137887439 0.0 0.0 0.0 0.0 0.2922131948624139 0.35 0.0 0.0 
0.10526713257994032 0.2553353823450424 0.0 0.0 0.11386473656361253 0.0 0.0 0.17553274851140474 0.35 0.0 0.0 
0.0 0.22938783693402318 0.10013145651820517 0.0 0.0 0.0 0.10539730908493045 0.21508339746284136 0.35 0.0 0.0 
0.0 0.2330049130335182 0.0 0.0 0.0 0.0 0.10134057857177649 0.3156545083947053 0.35 0.0 0.0 
0.33266118311117243 0.2314279657124131 0.0 0.0 0.20210529707261868 0.0 0.0 0.0 0.23380555410379583 0.0 0.0 
0.0 0.27629636540296737 0.11245305777223345 0.0 0.0 0.0 0.0 0.26125057682479924 0.35 0.0 0.0 
0.0 0.2292717642952542 0.0 0.0 0.0 0.0 0.10788246692518727 0.3128457687795586 0.35 0.0 0.0 
0.0 0.22655448004339612 0.1012232273738846 0.0 0.0 0.0 0.106092758826707 0.2381892113498458 0.3279403224061665 0.0 0.0 
0.2218191206673348 0.20448292356280906 0.10850896671116296 0.0 0.1425144294168434 0.0 0.0 0.10354222578149803 0.21913233386035183 0.0 0.0 
0.0 0.22520904336658434 0.0 0.0 0.0 0.0 0.10087399000819985 0.3239169666252159 0.35 0.0 0.0 
0.0 0.27481484242230325 0.10363620530832576 0.0 0.0 0.0 0.0 0.27154895226937104 0.35 0.0 0.0 
0.0 0.18924051042688167 0.10009017673461323 0.0 0.0 0.0 0.11079681005098312 0.24987250278752215 0.35 0.0 0.0 
0.0 0.222625074857662 0.11182791378497592 0.0 0.0 0.0 0.10771101357676602 0.20783599778059617 0.35 0.0 0.0 
0.0 0.2741974618436953 0.0 0.0 0.0 0.0 0.11290848262320465 0.2628940555331002 0.35 0.0 0.0 
0.0 0.2798707805027972 0.10838702518282989 0.0 0.0 0.0 0.0 0.26308550560344807 0.34865668871092503 0.0 0.0 
0.0 0.23257656778587035 0.12105491883102669 0.0 0.0 0.0 0.0 0.29636851338310305 0.35 0.0 0.0 
0.0 0.24642388956167885 0.11574167071330946 0.0 0.0 0.0 0.0 0.28783443972501177 0.35 0.0 0.0 
0.10362701245485212 0.25135711591973464 0.0 0.0 0.11209066101506439 0.0 0.0 0.18837840411635548 0.3445468064939934 0.0 0.0 
0.0 0.25484507359875463 0.0 0.0 0.0 0.0 0.10212598528118799 0.29390239475635804 0.34912654636369933 0.0 0.0 
0.12238506367507629 0.2395903404258655 0.1108867150117698 0.0 0.11216412613500669 0.0 0.0 0.14574912988825126 0.2692246248640304 0.0 0.0 
0.0 0.30293862722480275 0.0 0.0 0.0 0.0 0.0 0.35 0.3470613727751974 0.0 0.0 
0.0 0.3056166002659456 0.0 0.0 0.0 0.0 0.0 0.34438339973405446 0.35 0.0 0.0 
0.0 0.1908207463833053 0.10249494656261023 0.0 0.0 0.0 0.11451821416916012 0.2793116358255021 0.31285445705942233 0.0 0.0 
0.0 0.2572646754651648 0.1069709714174744 0.0 0.0 0.0 0.0 0.2857643531173608 0.35 0.0 0.0 
0.0 0.21627589167941727 0.0 0.0 0.0 0.0 0.10412935336171933 0.3295947549588635 0.35 0.0 0.0 
0.0 0.25724181179021083 0.0 0.0 0.0 0.0 0.10289781486763254 0.28986037334215664 0.35 0.0 0.0 
0.125272984405818 0.2005011338547442 0.16150840781632303 0.0 0.0 0.0 0.11129797315413442 0.0 0.17204876094392663 0.0 0.22937073982505382 
0.0 0.21771750912450696 0.0 0.0 0.0 0.0 0.1042378174251087 0.32804467345038435 0.35 0.0 0.0 
0.0 0.23073526275797807 0.0 0.0 0.0 0.0 0.10035344199562309 0.3189112952463987 0.35 0.0 0.0 
0.15754540786821802 0.2722129847193163 0.0 0.0 0.14198027446029887 0.0 0.0 0.12651108258204763 0.3017502503701192 0.0 0.0 
0.0 0.24763690214572687 0.12643104308961062 0.0 0.0 0.0 0.0 0.2759320547646625 0.35 0.0 0.0 
0.13273183172120975 0.2609700612056507 0.0 0.0 0.11603119788331298 0.0 0.0 0.17031118713163454 0.3199557220581921 0.0 0.0 
0.0 0.19416169819914672 0.0 0.0 0.0 0.0 0.11432233228553801 0.3415159695153154 0.35 0.0 0.0 
0.0 0.22487319701869438 0.0 0.0 0.0 0.0 0.1037048360728695 0.32142196690843616 0.35 0.0 0.0 
0.0 0.2292717642952542 0.0 0.0 0.0 0.0 0.10788246692518727 0.3128457687795586 0.35 0.0 0.0 
0.0 0.2334952354728436 0.12415671185003838 0.0 0.0 0.0 0.10344853943152375 0.20917832526788877 0.3297211879777055 0.0 0.0 
0.13273183172120975 0.2609700612056507 0.0 0.0 0.11603119788331298 0.0 0.0 0.17031118713163454 0.3199557220581921 0.0 0.0 
0.0 0.23158609667786326 0.1114743147333438 0.0 0.10486197682001074 0.0 0.0 0.2020776117687823 0.35 0.0 0.0 
0.0 0.2628075965447092 0.1053812179038924 0.0 0.10817752760459928 0.0 0.0 0.17363365794679908 0.35 0.0 0.0 
0.0 0.2728255607135832 0.10547329489187367 0.0 0.10598329893132889 0.0 0.0 0.17660959091372452 0.33910825454948973 0.0 0.0 
