-0.016113013724738258 3.490790714687222E-4 
-0.012390887548663763 5.622539687219551E-5 
-0.012390887548663763 5.622539687219551E-5 
-0.016113013724738258 3.490790714687222E-4 
-0.013770739264467547 9.368378926812E-5 
-0.013878311146784408 9.964133313349867E-5 
-0.015569808377227124 2.621936490058847E-4 
-0.01606991885561096 3.40708331353885E-4 
-0.01319232069294089 6.926183899407429E-5 
-0.015070835955703465 1.9894048735996767E-4 
-0.015430598706599647 2.3613731458106587E-4 
-0.014967191598835887 1.917989851445554E-4 
-0.01571214622106551 2.971084254420761E-4 
-0.014889986019889813 1.8657802921979338E-4 
-0.015978189173053783 3.2544386385333025E-4 
-0.01356372882312002 8.347530600728674E-5 
-0.012995658752871479 6.377388390420231E-5 
-0.015395856575494792 2.308821074453348E-4 
-0.013381741759853955 7.612290152423226E-5 
-0.013711987913387414 9.097887312272822E-5 
-0.015524954693977733 2.529245516919577E-4 
-0.015485436062181791 2.4544627084952864E-4 
-0.016003555089778417 3.2931742037586046E-4 
-0.01573814503439997 3.0438928924450103E-4 
-0.01546780873871737 2.4231852667626629E-4 
-0.01259525983176767 5.7273593662442026E-5 
-0.012941200755703696 6.297328029532395E-5 
-0.015592075734244681 2.6710378216108756E-4 
-0.013295692104265832 7.401801100055264E-5 
-0.01463679576624305 1.727197666017749E-4 
-0.013268275673981108 7.194811050492504E-5 
-0.014599895757084258 1.6889830077096055E-4 
-0.01250121267687491 5.721065548836841E-5 
-0.015935596496220342 3.1953719767572036E-4 
-0.013646538859956588 8.73386587875189E-5 
-0.015761626724631765 3.112050989032789E-4 
-0.014439077851874546 1.4734210712432432E-4 
-0.014523364974503192 1.626897869550365E-4 
-0.014563064267161668 1.656847788302809E-4 
-0.012664131135761406 5.793287498710195E-5 
-0.014797440697069758 1.8199480486406024E-4 
-0.015192396470297336 2.1011096672949594E-4 
-0.013085029471849833 6.641277858455844E-5 
-0.014259345522468523 1.244390786633975E-4 
-0.013477005789505135 7.963056504364602E-5 
-0.01392131690014277 1.0222814687472076E-4 
-0.015365688488041183 2.2672303324368628E-4 
-0.01564192527542793 2.7883815055074586E-4 
-0.01467429446526305 1.7609249443262826E-4 
-0.013108474915652538 6.669912327265554E-5 
-0.01445139157110651 1.534054149110676E-4 
-0.015169896199815147 2.064470986274714E-4 
-0.01561373841824385 2.720770341583723E-4 
-0.013410279382520407 7.927660734179887E-5 
-0.014495234834270038 1.5876537996147952E-4 
-0.015340997810123675 2.235987119942955E-4 
-0.01401000762623167 1.0778355801796266E-4 
-0.014395484483622904 1.4545250227140984E-4 
-0.013507192021406211 8.333983522136365E-5 
-0.014057022820909279 1.1044271602164159E-4 
-0.01552074885939344 2.520980035402751E-4 
-0.014744437160420808 1.8000156770387002E-4 
-0.014338677991901267 1.3818034729336554E-4 
-0.015667735768908096 2.8531696482689256E-4 
-0.014331435971314978 1.3222003986124772E-4 
-0.01421260124297092 1.208165912759024E-4 
-0.012765454261077828 5.973629232364222E-5 
-0.01414986438325356 1.1649310049773744E-4 
-0.012852080076937316 6.166144631404772E-5 
-0.01512392211936392 2.0299420324942338E-4 
-0.012446346226120364 5.6296792792788237E-5 
-0.015003236467225487 1.9493037384458255E-4 
-0.014283672261423457 1.2694448348634144E-4 
-0.014701068079504607 1.7904548262299378E-4 
-0.014191867491741245 1.1936743837076547E-4 
-0.01603659813696137 3.347617548410093E-4 
-0.015311253657768687 2.2016917738102056E-4 
-0.014114695958244744 1.1519954992428289E-4 
-0.014308797675045327 1.301062498559215E-4 
-0.015627466371974184 2.7532895084181135E-4 
-0.014482177209793126 1.5506151214751034E-4 
-0.013663188365166525 8.811744036828915E-5 
-0.012844608522482608 6.062315865860151E-5 
-0.01574993813633766 3.0778390593420656E-4 
-0.015918981882555302 3.174361899744698E-4 
-0.015662440245207312 2.8396528353749254E-4 
-0.015236542990729044 2.1316596322535933E-4 
-0.015693188690075608 2.919753828148395E-4 
-0.013954244801803305 1.0532049686176937E-4 
-0.015863264243700534 3.112223717636212E-4 
-0.015278830063581187 2.1676080175466107E-4 
-0.014338677991901267 1.3818034729336554E-4 
-0.014839290957543948 1.8451617781942652E-4 
-0.016045207764610964 3.3625435047579717E-4 
-0.015693188690075608 2.919753828148395E-4 
-0.015128309679534714 2.0411955610952882E-4 
-0.015249594166533223 2.1384824223924802E-4 
-0.013975376480986328 1.0607444309877023E-4 
-0.01273013176997818 5.877795146208049E-5 
-0.014395484483622904 1.4545250227140984E-4 
