-0.016113013724738258 3.490790714687222E-4 
-0.01241014632902534 5.6220076579735555E-5 
-0.01241014632902534 5.6220076579735555E-5 
-0.016113013724738258 3.490790714687222E-4 
-0.015665005140148812 2.8461852658361747E-4 
-0.01342284972108185 7.742207138967708E-5 
-0.01570757875044089 2.9585814432339896E-4 
-0.015922056613552334 3.178164120506751E-4 
-0.014250462606566351 1.2449520272228505E-4 
-0.012589817055821384 5.727360759858659E-5 
-0.014319731345482176 1.307076020764348E-4 
-0.01596473756495232 3.234975000015166E-4 
-0.012925001768394432 6.232541950032725E-5 
-0.015449212042563328 2.3915784528032443E-4 
-0.012507617425767496 5.705019869726936E-5 
-0.012851912105859906 6.113424435457337E-5 
-0.015996490383853004 3.282118985800394E-4 
-0.013326516369869685 7.446838700876471E-5 
-0.013244487352400162 7.235437716400544E-5 
-0.012775538693457503 5.940190996035793E-5 
-0.01361648271656453 8.618948825793004E-5 
-0.013702561263735067 9.012287938015018E-5 
-0.015370958839954303 2.2742253310362322E-4 
-0.013161222932755465 6.882214694077411E-5 
-0.015591335519871293 2.6693726936687036E-4 
-0.014475545927614323 1.5341369475756507E-4 
-0.014912857846001775 1.8813958003891288E-4 
-0.013802038868116939 9.534277408140084E-5 
-0.014475545927614323 1.5341369475756507E-4 
-0.014374275360446206 1.37587853539461E-4 
-0.013582940037469715 8.559497119991431E-5 
-0.015405134550840808 2.3223675208986866E-4 
-0.014871136777796135 1.8538722024850988E-4 
-0.014561937482531189 1.656063872590048E-4 
-0.013066434758299886 6.755401581431891E-5 
-0.015512969951617625 2.505885058871191E-4 
-0.01438942077151866 1.4255485723646945E-4 
-0.014008465481003181 1.131094773145161E-4 
-0.016050981139195675 3.3727238540644776E-4 
-0.01438942077151866 1.4255485723646945E-4 
-0.01351739859534753 8.13602830322278E-5 
-0.014601732559719098 1.6901247329102653E-4 
-0.01576159725071017 3.111964010897741E-4 
-0.01422132052847172 1.2140207701442012E-4 
-0.014698201455634267 1.7766214637197908E-4 
-0.013854621501327973 9.85698050576373E-5 
-0.014343101642414388 1.335047776051686E-4 
-0.014658616214634903 1.7430101051837791E-4 
-0.015340355359974328 2.2352077713545205E-4 
-0.014140994098612825 1.165634594755647E-4 
-0.015267672815135525 2.1580393920780992E-4 
-0.013996848783843186 1.069797078453585E-4 
-0.014525311806846372 1.6256294053272846E-4 
-0.015427325362093541 2.3562091321216656E-4 
-0.014968184211519858 1.9110764862900783E-4 
-0.01575204301978498 3.083958307208406E-4 
-0.012705225255649743 5.844890963863769E-5 
-0.01573397353969017 3.0320228221145226E-4 
-0.013729381937736514 9.510927880749926E-5 
-0.01501903041048561 1.9490291722353313E-4 
-0.014630601591563139 1.718174126196614E-4 
-0.014776141637054365 1.8113949072352407E-4 
-0.016094117521286866 3.453142801540299E-4 
-0.014731287052465278 1.798173621505559E-4 
-0.015620134143310106 2.7358239084152703E-4 
-0.013885585368761966 9.996924822793142E-5 
-0.015724483513937716 3.005286408681244E-4 
-0.013009483142779351 6.48121718353733E-5 
-0.01509596933847585 2.004292941397435E-4 
-0.01351739859534753 8.13602830322278E-5 
-0.015490545446502153 2.4637684795567033E-4 
-0.014099254682973843 1.1360415173394373E-4 
-0.0156102330391524 2.7125914072220097E-4 
-0.013128304872101199 6.787181262947215E-5 
-0.013926323338278316 1.0240238482036459E-4 
-0.01556512710335224 2.6118743290454003E-4 
-0.015298498425115745 2.1881039183119062E-4 
-0.01587795543256002 3.127363573192586E-4 
-0.01329677569739992 7.267762081359779E-5 
-0.015641049896432883 2.7862323993931443E-4 
-0.015863264243700534 3.112223717636212E-4 
-0.015315715663799162 2.2066036379409366E-4 
-0.015127691979653211 2.0285460482629607E-4 
-0.014990359293081934 1.9229427499285192E-4 
-0.01513655225827354 2.0520155846696136E-4 
-0.015561720906884739 2.6046097505503623E-4 
-0.0160276707248677 3.332463868071015E-4 
-0.014070929823593198 1.1315640019533307E-4 
-0.015490545446502153 2.4637684795567033E-4 
-0.015535018527497347 2.549319841250702E-4 
-0.014508461344457008 1.5934883599178916E-4 
-0.013727021240842685 9.133603899381751E-5 
-0.015235809409587365 2.131086240801119E-4 
-0.013973734972715354 1.0521153215026791E-4 
-0.015209429712179494 2.0985166357811628E-4 
-0.016074982080490956 3.4165205923863295E-4 
-0.013009483142779351 6.48121718353733E-5 
-0.01517165745817584 2.071819581365436E-4 
-0.014814994671934749 1.8326477112918423E-4 
-0.012705225255649743 5.844890963863769E-5 
