-0.016113013724738258 3.490790714687222E-4 
-0.012396307275585081 5.6240834605293205E-5 
-0.016113013724738258 3.490790714687222E-4 
-0.0156270439106587 2.7719168888226296E-4 
-0.015717767108494617 2.992297303663966E-4 
-0.014307381218313257 1.2987598665298685E-4 
-0.01441253410590158 1.430375173116719E-4 
-0.015382529907737086 2.2899851541709494E-4 
-0.01567246993473789 2.8653516172142974E-4 
-0.01568540028577723 2.899095552444448E-4 
-0.014229092876254075 1.2324351333701207E-4 
-0.013773893829483875 9.474300673714393E-5 
-0.013838511535313333 9.797575486991905E-5 
-0.01560816836262802 2.707797736652108E-4 
-0.015149942665031925 2.0454940866984037E-4 
-0.01319394380734532 6.965094661451465E-5 
-0.015587527037002002 2.6608411930061375E-4 
-0.015342414624688147 2.2377118637326052E-4 
-0.013059554922365045 6.556449324707813E-5 
-0.012742601924760694 5.8898559906966485E-5 
-0.013959016712510753 1.058384932674501E-4 
-0.012820048037435368 6.028252104373781E-5 
-0.015761538547515445 3.1117907872759326E-4 
-0.013700124531660456 9.000131103644945E-5 
-0.012667471681482148 5.844881571519985E-5 
-0.012594554157464476 5.727692309605455E-5 
-0.012520771622868928 5.672924619792408E-5 
-0.013467340529904434 7.9257018390662E-5 
-0.014739687289527594 1.798028488132087E-4 
-0.014288984986718578 1.2747653560021052E-4 
-0.014367520426392485 1.390762019459426E-4 
-0.014691237011499644 1.7701449440561033E-4 
-0.015031292333838212 1.9529622818756224E-4 
-0.014092482448210496 1.1375913621027348E-4 
-0.013514028040679249 8.121356603510218E-5 
-0.012866837794440054 6.280891035309041E-5 
-0.014451157692139482 1.5020144733331973E-4 
-0.014655688710738662 1.7379066127000235E-4 
-0.01524702586309212 2.1400961242878732E-4 
-0.01295011275241997 6.540427227452431E-5 
-0.014615911994769682 1.7078467675916365E-4 
-0.014010947599203571 1.080534558468054E-4 
-0.014787449366108629 1.8228045000354305E-4 
-0.015423424177400745 2.3501124205191159E-4 
-0.014996912259355007 1.9267296592274567E-4 
-0.01600167449327414 3.290211222903022E-4 
-0.014544642572912271 1.6584512112924763E-4 
-0.015441678715158322 2.4336974748187924E-4 
-0.01550163073451054 2.4843288227019216E-4 
-0.014943803251127213 1.9060282230626822E-4 
-0.015980929097241067 3.2584947208442376E-4 
-0.015932351933463727 3.1911794995127715E-4 
-0.015953796151857394 3.219694425191566E-4 
-0.014583291566817966 1.6756056181892298E-4 
-0.014199692761755225 1.1987228340896736E-4 
-0.015902421406517084 3.1545544373164764E-4 
-0.01244012890498039 5.630821760286504E-5 
-0.015561648925540211 2.604456748907073E-4 
-0.014154546319426767 1.173409354134958E-4 
-0.01573667104543587 3.039690419700948E-4 
-0.015433751057634398 2.3663880966983493E-4 
-0.015479374824912268 2.443563092319165E-4 
-0.015115521537179792 2.016365071227168E-4 
-0.013565112104306106 8.383612491321039E-5 
-0.013910697038010037 1.021458305048731E-4 
-0.015194464304258071 2.095885671739148E-4 
-0.01574647929229435 3.067823348657056E-4 
-0.012942142983372254 6.284552144452772E-5 
-0.015073582227923963 1.9914648045277775E-4 
-0.0133298511830773 7.549936313844088E-5 
-0.013315190014833375 7.345558599000331E-5 
-0.01340560691776266 7.672443460719819E-5 
-0.013259862772362773 7.207721929441987E-5 
-0.014367520426392485 1.390762019459426E-4 
-0.013801437722737534 9.645862532570524E-5 
-0.014051288526757487 1.105003105873091E-4 
-0.01603508004216496 3.3450174646912475E-4 
-0.016029093935061793 3.3348576238751473E-4 
-0.013678214221471433 8.896765260151543E-5 
-0.015863264243700534 3.112223717636212E-4 
-0.013910697038010037 1.021458305048731E-4 
-0.013108874720037267 6.682999784695747E-5 
-0.014518019071417636 1.61283074629275E-4 
-0.014518019071417636 1.61283074629275E-4 
-0.013590473599506964 8.477651609066351E-5 
-0.013238603449963077 7.070780854733037E-5 
-0.015527614294426811 2.534509968596395E-4 
-0.014476387905558769 1.5557722953473733E-4 
-0.016061249153094818 3.391169752640328E-4 
-0.014839413326439208 1.8381424114061022E-4 
-0.014461565621149664 1.5135700705753855E-4 
-0.01587991884499278 3.129454452507633E-4 
-0.013389932855709953 7.653117595577915E-5 
-0.01606413881886195 3.396439361591971E-4 
-0.015548319141002201 2.5764920955984673E-4 
-0.01490534982859767 1.8904353242343912E-4 
-0.015521498780454383 2.5224484613973217E-4 
-0.0160881643983939 3.4415874619252184E-4 
-0.014476387905558769 1.5557722953473733E-4 
-0.013108874720037267 6.682999784695747E-5 
