0.0 0.30000000000000004 0.0 0.0 0.0 0.0 0.0 0.35 0.35 0.0 0.0 
0.0 0.1708530267680346 0.0 0.0 0.35 0.0 0.1 0.24326273350245203 0.13588423972951336 0.0 0.0 
0.0 0.30000000000000004 0.0 0.0 0.0 0.0 0.0 0.35 0.35 0.0 0.0 
0.0 0.13319098246070032 0.0 0.0 0.35 0.0 0.1 0.30428604831575573 0.11252296922354403 0.0 0.0 
0.0 0.1840646588236305 0.0 0.0 0.26445906759042387 0.0 0.1 0.35 0.10147627358594569 0.0 0.0 
0.0 0.16253047156935152 0.0 0.0 0.35 0.0 0.1 0.26075621932075244 0.1267133091098961 0.0 0.0 
0.0 0.21123846312963113 0.0 0.0 0.1 0.0 0.10261172953147055 0.35 0.23614980733889834 0.0 0.0 
0.0 0.23141841720299194 0.0 0.0 0.1902545982207883 0.0 0.1 0.35 0.12832698457621977 0.0 0.0 
0.0 0.20081902587860756 0.0 0.0 0.1 0.0 0.1046334804524358 0.35 0.24454749366895667 0.0 0.0 
0.0 0.20259695654851695 0.0 0.0 0.22180754761766397 0.0 0.1 0.35 0.1255954958338191 0.0 0.0 
0.0 0.236705075781589 0.0 0.0 0.1641513763819229 0.0 0.1 0.35 0.1491435478364881 0.0 0.0 
0.0 0.24481264785094486 0.0 0.0 0.1482020989045122 0.0 0.1 0.35 0.1569852532445429 0.0 0.0 
0.0 0.23817912352758858 0.0 0.0 0.1785084682561403 0.0 0.1 0.35 0.13331240821627108 0.0 0.0 
0.0 0.3062607078398105 0.0 0.0 0.0 0.0 0.17052744782881601 0.35 0.1732118443313735 0.0 0.0 
0.0 0.3108043642923476 0.0 0.0 0.0 0.0 0.0 0.35 0.33919563570765243 0.0 0.0 
0.0 0.25082146055320675 0.0 0.0 0.1 0.0 0.10509670882271198 0.35 0.19408183062408138 0.0 0.0 
0.0 0.2866416294419568 0.0 0.0 0.1 0.0 0.10306227473129491 0.35 0.16029609582674825 0.0 0.0 
0.0 0.3243663137411101 0.0 0.0 0.0 0.0 0.1464598178682128 0.35 0.17917386839067717 0.0 0.0 
0.0 0.24646395895671525 0.0 0.0 0.14066097634564667 0.0 0.1 0.35 0.16287506469763807 0.0 0.0 
0.0 0.21910521583610099 0.0 0.0 0.1 0.0 0.1013655059723372 0.35 0.22952927819156183 0.0 0.0 
0.0 0.24185041870852167 0.0 0.0 0.17120948354410154 0.0 0.1 0.35 0.13694009774737684 0.0 0.0 
0.0 0.32725070191409944 0.0 0.0 0.0 0.0 0.0 0.35 0.3227492980859006 0.0 0.0 
0.0 0.18323894531198476 0.0 0.0 0.25392616661392264 0.0 0.1 0.35 0.11283488807409255 0.0 0.0 
0.0 0.2214872367028777 0.0 0.0 0.0 0.0 0.1 0.35 0.3285127632971223 0.0 0.0 
0.0 0.23610631823957412 0.0 0.0 0.1 0.0 0.1004564802887723 0.35 0.21343720147165363 0.0 0.0 
0.0 0.16461083809841906 0.0 0.0 0.35 0.0 0.1 0.24545460514058168 0.13993455676099928 0.0 0.0 
0.0 0.13654691684234022 0.0 0.0 0.35 0.0 0.1 0.2929794341257882 0.12047364903187165 0.0 0.0 
0.0 0.14696575168066967 0.0 0.0 0.35 0.0 0.1 0.28256816196501905 0.1204660863543113 0.0 0.0 
0.0 0.19878755718103255 0.0 0.0 0.1 0.0 0.10129220716454189 0.35 0.2499202356544256 0.0 0.0 
0.0 0.2773029719813213 0.0 0.0 0.0 0.0 0.1 0.35 0.2726970280186787 0.0 0.0 
0.0 0.24204018394973814 0.0 0.0 0.0 0.0 0.1 0.35 0.3079598160502619 0.0 0.0 
0.0 0.2842863317555253 0.0 0.0 0.0 0.0 0.1 0.35 0.26571366824447473 0.0 0.0 
0.0 0.2638403121532419 0.0 0.0 0.0 0.0 0.1 0.35 0.28615968784675816 0.0 0.0 
0.0 0.2593848771020264 0.0 0.0 0.14854416558631578 0.0 0.1 0.35 0.1420709573116578 0.0 0.0 
0.0 0.21551993936908245 0.0 0.0 0.0 0.0 0.1 0.35 0.3344800606309175 0.0 0.0 
0.0 0.23972620802749087 0.0 0.0 0.13236906633872325 0.0 0.1 0.35 0.17790472563378584 0.0 0.0 
0.0 0.19370771756023772 0.0 0.0 0.24471375956817115 0.0 0.1 0.35 0.11157852287159124 0.0 0.0 
0.0 0.2569888045458853 0.0 0.0 0.11621734269260196 0.0 0.1 0.35 0.17679385276151272 0.0 0.0 
0.0 0.2699836390669231 0.0 0.0 0.0 0.0 0.1 0.35 0.2800163609330769 0.0 0.0 
0.0 0.21413133557932001 0.0 0.0 0.10660351331391214 0.0 0.1 0.35 0.22926515110676784 0.0 0.0 
0.0 0.25941652196751375 0.0 0.0 0.1533982445817512 0.0 0.1 0.35 0.13718523345073505 0.0 0.0 
0.0 0.15547896069620373 0.0 0.0 0.35 0.0 0.1 0.2759126177038283 0.11860842159996805 0.0 0.0 
0.0 0.31603891329967404 0.0 0.0 0.0 0.0 0.1462510309294933 0.35 0.18771005577083263 0.0 0.0 
0.0 0.25662504798520797 0.0 0.0 0.0 0.0 0.1 0.35 0.2933749520147921 0.0 0.0 
0.0 0.29721719213410985 0.0 0.0 0.0 0.0 0.14012528988526854 0.35 0.21265751798062163 0.0 0.0 
0.0 0.28808802628757496 0.0 0.0 0.12375361754310583 0.0 0.0 0.35 0.23815835616931927 0.0 0.0 
0.0 0.2335332897345993 0.0 0.0 0.19885922289149036 0.0 0.1 0.35 0.11760748737391032 0.0 0.0 
0.0 0.20160286398350843 0.0 0.0 0.2329312191581427 0.0 0.1 0.35 0.11546591685834892 0.0 0.0 
0.0 0.29133286068891695 0.0 0.0 0.11250173986431691 0.0 0.0 0.35 0.2461653994467662 0.0 0.0 
0.0 0.319345713394942 0.0 0.0 0.0 0.0 0.0 0.35 0.330654286605058 0.0 0.0 
0.0 0.2929811422467359 0.0 0.0 0.0 0.0 0.1 0.35 0.25701885775326416 0.0 0.0 
0.0 0.2676177344348604 0.0 0.0 0.10052584199015745 0.0 0.1 0.35 0.1818564235749821 0.0 0.0 
0.0 0.2812144976363664 0.0 0.0 0.11914893519540574 0.0 0.0 0.35 0.2496365671682279 0.0 0.0 
0.0 0.31778963864181387 0.0 0.0 0.0 0.0 0.0 0.35 0.33221036135818616 0.0 0.0 
0.0 0.26207314360055844 0.0 0.0 0.13288983189525888 0.0 0.1 0.35 0.15503702450418272 0.0 0.0 
0.0 0.2317516733529591 0.0 0.0 0.1 0.0 0.10026942819620988 0.35 0.21797889845083102 0.0 0.0 
0.0 0.2435739881468609 0.0 0.0 0.19297881069556438 0.0 0.1 0.35 0.11344720115757481 0.0 0.0 
0.0 0.26036677001388464 0.0 0.0 0.0 0.0 0.1 0.35 0.2896332299861154 0.0 0.0 
0.0 0.30563930755413393 0.0 0.0 0.0 0.0 0.1452731556461609 0.35 0.19908753679970526 0.0 0.0 
0.0 0.3209375544255577 0.0 0.0 0.0 0.0 0.16838033607594383 0.35 0.16068210949849843 0.0 0.0 
0.0 0.2995620789052844 0.0 0.0 0.0 0.0 0.1 0.35 0.25043792109471563 0.0 0.0 
0.0 0.271153610297864 0.0 0.0 0.12748842471716837 0.0 0.0 0.35 0.25135796498496765 0.0 0.0 
0.0 0.27417402364166316 0.0 0.0 0.11526910087008602 0.0 0.1 0.35 0.16055687548825084 0.0 0.0 
0.0 0.23145338671972768 0.0 0.0 0.0 0.0 0.1 0.35 0.3185466132802724 0.0 0.0 
0.0 0.24273423317280232 0.0 0.0 0.11857825798879354 0.0 0.1 0.35 0.18868750883840413 0.0 0.0 
0.0 0.2464980994150837 0.0 0.0 0.1 0.0 0.1005156401840355 0.35 0.20298626040088086 0.0 0.0 
0.0 0.31003968322775377 0.0 0.0 0.0 0.0 0.1 0.35 0.23996031677224627 0.0 0.0 
0.0 0.34390668011777237 0.0 0.0 0.0 0.0 0.0 0.35 0.30609331988222765 0.0 0.0 
0.0 0.2887401270307045 0.0 0.0 0.0 0.0 0.1 0.35 0.26125987296929554 0.0 0.0 
0.0 0.22285552847885057 0.0 0.0 0.0 0.0 0.1 0.35 0.32714447152114945 0.0 0.0 
0.0 0.2820116019593562 0.0 0.0 0.12101419260161587 0.0 0.0 0.35 0.24697420543902798 0.0 0.0 
0.0 0.2732871151463721 0.0 0.0 0.0 0.0 0.1 0.35 0.2767128848536279 0.0 0.0 
0.0 0.2691487392336112 0.0 0.0 0.11833707287654126 0.0 0.1 0.35 0.16251418788984753 0.0 0.0 
0.0 0.15465473480629396 0.0 0.0 0.35 0.0 0.1 0.2932056209048753 0.10213964428883074 0.0 0.0 
0.0 0.2466188212125921 0.0 0.0 0.0 0.0 0.1 0.35 0.3033811787874079 0.0 0.0 
0.0 0.21466946877531223 0.0 0.0 0.0 0.0 0.1 0.35 0.33533053122468787 0.0 0.0 
0.0 0.2287158055803344 0.0 0.0 0.0 0.0 0.1 0.35 0.3212841944196656 0.0 0.0 
0.0 0.3317896099837129 0.0 0.0 0.0 0.0 0.0 0.35 0.3182103900162872 0.0 0.0 
0.0 0.33956916359060996 0.0 0.0 0.0 0.0 0.0 0.35 0.31043083640939007 0.0 0.0 
0.0 0.19902791107624362 0.0 0.0 0.2263403138440914 0.0 0.1 0.35 0.12463177507966505 0.0 0.0 
0.0 0.15547896069620373 0.0 0.0 0.35 0.0 0.1 0.2759126177038283 0.11860842159996805 0.0 0.0 
0.0 0.3047304807523695 0.0 0.0 0.0 0.0 0.0 0.35 0.3452695192476305 0.0 0.0 
0.0 0.30585702417662497 0.0 0.0 0.0 0.0 0.0 0.35 0.344142975823375 0.0 0.0 
0.0 0.33519551482534515 0.0 0.0 0.0 0.0 0.0 0.35 0.3148044851746549 0.0 0.0 
0.0 0.2464980994150837 0.0 0.0 0.1 0.0 0.1005156401840355 0.35 0.20298626040088086 0.0 0.0 
0.0 0.20119280168438924 0.0 0.0 0.23036249750533683 0.0 0.1 0.35 0.11844470081027397 0.0 0.0 
0.0 0.3257632889817776 0.0 0.0 0.0 0.0 0.11255960075767288 0.35 0.2116771102605496 0.0 0.0 
0.0 0.2358265144459788 0.0 0.0 0.17515148440175565 0.0 0.1 0.35 0.13902200115226562 0.0 0.0 
0.0 0.30308696929045226 0.0 0.0 0.0 0.0 0.11718564924267053 0.35 0.22972738146687718 0.0 0.0 
0.0 0.2343535945446892 0.0 0.0 0.0 0.0 0.10405496465352072 0.35 0.3115914408017901 0.0 0.0 
0.0 0.24756082505877236 0.0 0.0 0.0 0.0 0.1 0.35 0.30243917494122763 0.0 0.0 
0.0 0.3078236272744649 0.0 0.0 0.0 0.0 0.12624976481861805 0.35 0.21592660790691712 0.0 0.0 
0.0 0.2525077640221587 0.0 0.0 0.0 0.0 0.1 0.35 0.29749223597784136 0.0 0.0 
0.0 0.3015041323123342 0.0 0.0 0.0 0.0 0.12343854271827226 0.35 0.22505732496939362 0.0 0.0 
0.0 0.2676177344348604 0.0 0.0 0.10052584199015745 0.0 0.1 0.35 0.1818564235749821 0.0 0.0 
0.0 0.2522461418939468 0.0 0.0 0.13179078404036654 0.0 0.1 0.35 0.16596307406568667 0.0 0.0 
0.0 0.31494710807036197 0.0 0.0 0.0 0.0 0.1 0.35 0.23505289192963807 0.0 0.0 
0.0 0.2342784422470744 0.0 0.0 0.0 0.0 0.1 0.35 0.3157215577529256 0.0 0.0 
0.0 0.2335332897345993 0.0 0.0 0.19885922289149036 0.0 0.1 0.35 0.11760748737391032 0.0 0.0 
0.0 0.35 0.0 0.0 0.0 0.0 0.0 0.35 0.29999999999999993 0.0 0.0 
