0.0 0.0 0.17114202303247714 0.0 0.1559243510951639 0.23091372066698326 0.0 0.13289755159492697 0.0 0.1535003792800714 0.0 
0.13729553609781542 0.0 0.0 0.0 0.0 0.0 0.1627038955130699 0.35 0.35 0.0 0.0 
0.0 0.0 0.18506778775230706 0.0 0.10790482930397487 0.23232737513507068 0.0 0.11196908023742781 0.14148813582925232 0.1574742022517285 0.0 
0.12498507140361122 0.0 0.0 0.0 0.0 0.0 0.1404080434951157 0.35 0.3497787917130279 0.0 0.0 
0.0 0.0 0.1860008358612078 0.0 0.1841894191898963 0.22375067353313308 0.0 0.12860104400592964 0.0 0.19159900223670423 0.0 
0.0 0.0 0.12541371630106893 0.0 0.0 0.0 0.17522219272950396 0.35 0.34936212056628263 0.0 0.0 
0.0 0.0 0.12506100419680496 0.0 0.0 0.0 0.1673624304579127 0.34737993415428975 0.34737993415428975 0.0 0.0 
0.0 0.0 0.1717401332368687 0.0 0.0 0.0 0.12809395232337664 0.35 0.35 0.0 0.0 
0.13691196482852316 0.0 0.0 0.0 0.0 0.0 0.14917044714099206 0.35 0.35 0.0 0.0 
0.0 0.0 0.19311389793379252 0.0 0.0 0.1248345437118205 0.0 0.22992979481002795 0.3448693327859414 0.10725243075841764 0.0 
0.0 0.0 0.18949706531299756 0.0 0.0 0.23922846922607646 0.0 0.1517035394317105 0.31428868820354106 0.10528223782567434 0.0 
0.0 0.0 0.19603357156517415 0.0 0.0 0.1482435427398339 0.0 0.21519735379913846 0.33697495146757045 0.10355058042828298 0.0 
0.0 0.0 0.18954478686152032 0.0 0.0 0.0 0.10765147336128145 0.35 0.35 0.0 0.0 
0.0 0.0 0.17937893736064237 0.0 0.0 0.1447427366381711 0.0 0.21959964803994678 0.35 0.10516350273777166 0.0 
0.0 0.0 0.1948357067630512 0.0 0.11148860733734746 0.24480900164781005 0.0 0.11480070730964789 0.1444898136089261 0.16633701816732632 0.0 
0.0 0.0 0.19414117208916185 0.0 0.0 0.10582495773460796 0.0 0.35 0.35 0.0 0.0 
0.0 0.0 0.2020528599737319 0.0 0.0 0.10208869240510843 0.0 0.34649040636113265 0.349368041260027 0.0 0.0 
0.0 0.0 0.17283936244743212 0.0 0.0 0.18355404221187233 0.0 0.21914071440904614 0.31914659463862993 0.10531928629301948 0.0 
0.0 0.0 0.17759319105901783 0.0 0.0 0.24194580255630446 0.0 0.1680775543090663 0.2988923871473939 0.11349106492821752 0.0 
0.0 0.0 0.19417764473053023 0.0 0.0 0.17869938128955523 0.0 0.1841504165412146 0.33897117056535087 0.10400138687334932 0.0 
0.0 0.0 0.19659775945114888 0.0 0.0 0.12119065776455852 0.0 0.3142271829174816 0.35 0.0 0.0 
0.0 0.0 0.1867510888471512 0.0 0.0 0.2515998537713562 0.0 0.14590399128027318 0.31294968350499913 0.10279538259622038 0.0 
0.0 0.0 0.20073849634652213 0.0 0.0 0.13178627726816608 0.0 0.29711789682149553 0.35 0.0 0.0 
0.0 0.0 0.18339850837308633 0.0 0.0 0.10203508251549608 0.0 0.28201582225973015 0.3282667259915576 0.1042838608601298 0.0 
0.0 0.0 0.204295146014286 0.0 0.0 0.1055083803771975 0.0 0.33397409749379153 0.35 0.0 0.0 
0.0 0.0 0.18151521761019052 0.0 0.0 0.17723880904007278 0.0 0.19025953287877878 0.33592357062943135 0.11506286984152667 0.0 
0.0 0.0 0.12668468340317404 0.0 0.0 0.0 0.16953531320427437 0.35 0.35 0.0 0.0 
0.0 0.0 0.18703128690225423 0.0 0.0 0.14069885614415922 0.0 0.21414778597055623 0.35 0.1047334209488289 0.0 
0.0 0.0 0.17283207771351158 0.0 0.0 0.22955997989751895 0.0 0.18209969325702238 0.3100874738783617 0.10542077525358524 0.0 
0.0 0.0 0.19605703493469515 0.0 0.0 0.0 0.0 0.3451005878036505 0.35 0.0 0.10790274620172503 
0.0 0.0 0.18152921090752763 0.0 0.0 0.12842165467285038 0.0 0.33997669325075247 0.35 0.0 0.0 
0.0 0.0 0.1991528668486811 0.0 0.10398172769655493 0.22066979542140117 0.0 0.15446919410798784 0.1709786837307397 0.15074773219463533 0.0 
0.0 0.0 0.19317558417648859 0.0 0.10408279552060512 0.2331969587309465 0.0 0.13063712390821572 0.15419190397567556 0.14777411712951924 0.0 
0.0 0.0 0.19953927991934214 0.0 0.0 0.10921875722271931 0.0 0.3415945034313224 0.3496474594266161 0.0 0.0 
0.0 0.0 0.18147982531645973 0.0 0.0 0.11492010098246072 0.0 0.2617735419221463 0.3416387009468568 0.10018783083207657 0.0 
0.0 0.0 0.20274537102411033 0.0 0.1144896544026103 0.22004272520974744 0.0 0.14810431832395698 0.16636568792287504 0.1482522431166999 0.0 
0.0 0.0 0.19013473031877393 0.0 0.0 0.2458527867906665 0.0 0.13280641559632242 0.32130493502582314 0.10990113226841403 0.0 
0.0 0.0 0.15170284075518664 0.0 0.0 0.0 0.0 0.35 0.35 0.0 0.1457287824519993 
0.0 0.0 0.18962012916877777 0.0 0.0 0.19310856559446657 0.0 0.17755731684524434 0.334305596451629 0.10540839193988229 0.0 
0.0 0.0 0.19685988491975295 0.0 0.0 0.10422356313877561 0.0 0.25576881976468946 0.3301526979278432 0.11299503424893872 0.0 
0.0 0.0 0.1819730639241516 0.0 0.0 0.18017526840600098 0.0 0.1637146192083658 0.35 0.10504820145862875 0.0 
0.0 0.0 0.1770476736129132 0.0 0.0 0.2013818623291219 0.0 0.18669269923959406 0.325946796178693 0.10893096863967794 0.0 
0.0 0.0 0.17470524215759367 0.0 0.0 0.23074506743896694 0.0 0.17111767353936475 0.3190816402469616 0.10435037661711315 0.0 
0.0 0.0 0.17402182481682765 0.0 0.0 0.0 0.1259839748993289 0.3482329943695306 0.35 0.0 0.0 
0.0 0.0 0.18256562599754614 0.0 0.0 0.17452322174087972 0.0 0.18991973795027084 0.34953987335866293 0.10345154095264043 0.0 
0.0 0.0 0.20874387357711466 0.0 0.0 0.1324977267400225 0.0 0.2933280449426623 0.35 0.0 0.0 
0.0 0.0 0.19087299002061528 0.0 0.0 0.15638684034022887 0.0 0.3025913791871692 0.35 0.0 0.0 
0.0 0.0 0.19693180457996148 0.0 0.11010870064608409 0.2169536680578425 0.0 0.14730989193966543 0.16257569520338908 0.1500727552485923 0.0 
0.0 0.0 0.13766170780345469 0.0 0.0 0.0 0.0 0.35 0.35 0.0 0.1615496900694806 
0.1332280173270427 0.0 0.0 0.0 0.0 0.0 0.1596121743800319 0.35 0.35 0.0 0.0 
0.0 0.0 0.19899749378396708 0.0 0.0 0.11782592881623313 0.0 0.3264084244783054 0.35 0.0 0.0 
0.0 0.0 0.19851378115337898 0.0 0.10335006896817563 0.23224932166471543 0.0 0.13587199678763276 0.16133670676781806 0.1686781246582793 0.0 
0.0 0.0 0.17529910877659854 0.0 0.0 0.2649441500209313 0.0 0.12153000157200491 0.3083986723745125 0.10992322332446254 0.0 
0.0 0.0 0.20252935115290752 0.0 0.0 0.1352668023695682 0.0 0.3085894131434293 0.35 0.0 0.0 
0.0 0.0 0.18791118954154068 0.0 0.0 0.16962768896489444 0.0 0.20178792497265138 0.33567998619201933 0.10499321032889428 0.0 
0.0 0.0 0.19580029205888333 0.0 0.0 0.10911609033878522 0.0 0.3229783759723461 0.34675837757609085 0.0 0.0 
0.0 0.0 0.1991782898216934 0.0 0.0 0.12203448140439294 0.0 0.33049516411155533 0.3482920646623581 0.0 0.0 
0.0 0.0 0.17603458901187763 0.0 0.0 0.12699693697111966 0.0 0.24053500151505408 0.34958902876639014 0.1068444437355585 0.0 
0.0 0.0 0.2063267358385049 0.0 0.0 0.0 0.0 0.33020098569741735 0.35 0.0 0.11009597460411778 
0.0 0.0 0.19667365720466998 0.0 0.1717656297618119 0.22474950357213874 0.0 0.12797910808696494 0.0 0.18931256874020128 0.0 
0.0 0.0 0.16835380515854176 0.0 0.0 0.11950824603768993 0.0 0.27775597335083796 0.3296996992699305 0.10468227618299983 0.0 
0.0 0.0 0.19476609811809856 0.0 0.11355948448339659 0.24450228151880737 0.0 0.11783671881842257 0.14890269387317237 0.16572649567670164 0.0 
0.0 0.0 0.20427317523705252 0.0 0.0 0.0 0.0 0.3417284761248511 0.34863667353232497 0.0 0.10536167510577141 
0.0 0.0 0.19500915617465697 0.0 0.10871410296223581 0.24379702713226023 0.0 0.12604449696923095 0.1697347365281886 0.15604813076383423 0.0 
0.0 0.0 0.17953582819174024 0.0 0.0 0.24647409970926698 0.0 0.17974620231279714 0.28554464657945916 0.10869922320673653 0.0 
0.0 0.0 0.1816262716574785 0.0 0.0 0.13271804557709205 0.0 0.23231327012827985 0.35 0.10320037635137896 0.0 
0.0 0.0 0.18373310883917401 0.0 0.0 0.2594774608728507 0.0 0.11724207175845963 0.30171356716646214 0.11066394138918632 0.0 
0.0 0.0 0.1807219326247279 0.0 0.0 0.117171612088215 0.0 0.2676947279663903 0.3343766528035438 0.10003507451712289 0.0 
0.0 0.0 0.18518527764168943 0.0 0.0 0.12615647348603087 0.0 0.2406006684374459 0.3417636201490615 0.10629396028577229 0.0 
0.0 0.0 0.21402006581387767 0.0 0.0 0.11198799039346431 0.0 0.3229269887805789 0.35 0.0 0.0 
0.0 0.0 0.18026014706637353 0.0 0.0 0.10661753058637553 0.0 0.26347740869572006 0.3475611122223763 0.10208380142915469 0.0 
0.0 0.0 0.16659061963280947 0.0 0.0 0.0 0.0 0.3491649922703212 0.35 0.0 0.13067541420890777 
0.0 0.0 0.15865553914929725 0.0 0.0 0.14996394575887034 0.0 0.23589598302426665 0.3496656321976826 0.10581889986988323 0.0 
0.0 0.0 0.1830566036883512 0.0 0.0 0.25852206508211945 0.0 0.11681038654974113 0.300602658068201 0.11025647685090503 0.0 
0.0 0.0 0.17645334523027714 0.0 0.0 0.2666886437509752 0.0 0.1223302016358215 0.31042928731833624 0.11064699991609736 0.0 
0.0 0.0 0.1773345628840873 0.0 0.0 0.22500932064277007 0.0 0.16233691904293818 0.3267880974380907 0.10853109999211374 0.0 
0.0 0.0 0.19967258749294622 0.0 0.0 0.11210461680770588 0.0 0.3318578255761197 0.35 0.0 0.0 
0.0 0.0 0.19082511599243596 0.0 0.10281636580889306 0.23035952958868933 0.0 0.12904759381976588 0.1523157705808765 0.145976072297818 0.0 
0.0 0.0 0.16718730676505256 0.0 0.0 0.0 0.0 0.35 0.35 0.0 0.13114346179964761 
0.0 0.0 0.18868066999724875 0.0 0.0 0.0 0.0 0.35 0.35 0.0 0.10619107083874325 
0.0 0.0 0.1626443502515691 0.0 0.0 0.3208085269363904 0.0 0.11186486946739055 0.28781614229080843 0.11686611105384151 0.0 
0.0 0.0 0.19002066788664276 0.0 0.0 0.1711676065255276 0.0 0.21308526011074072 0.32070055404409853 0.10502591143299042 0.0 
0.0 0.0 0.2138314236661118 0.0 0.0 0.10912976986935813 0.0 0.31640953130035776 0.35 0.0 0.0 
0.0 0.0 0.13717544120393158 0.0 0.0 0.0 0.0 0.3494357804606746 0.35 0.0 0.1609790432302284 
0.0 0.0 0.1854731626802484 0.0 0.0 0.0 0.0 0.35 0.35 0.0 0.10447952827573888 
0.0 0.0 0.18878648520758246 0.0 0.10080918686008632 0.22188964656015445 0.0 0.1676773870048271 0.1655915167308352 0.1552457776365145 0.0 
0.0 0.0 0.20463447389520648 0.0 0.0 0.13604627766599306 0.0 0.305940911070619 0.35 0.0 0.0 
0.0 0.0 0.18182924401529 0.0 0.0 0.1487152923219357 0.0 0.22278906904099258 0.34177220626913873 0.10489418835264303 0.0 
0.0 0.0 0.20058551738850108 0.0 0.10807525950933888 0.24214205340637943 0.0 0.13564817314249622 0.16010648016377677 0.15344251638950773 0.0 
0.0 0.0 0.19343903118463915 0.0 0.0 0.11884644898135072 0.0 0.25057793911148474 0.33598178949644064 0.1011547912260848 0.0 
0.0 0.0 0.18587090504424061 0.0 0.0 0.26405661299732625 0.0 0.13117063338203863 0.3164394414656394 0.10246240711075509 0.0 
0.0 0.0 0.20518706865759956 0.0 0.0 0.12264032844672432 0.0 0.3179859374536604 0.35 0.0 0.0 
0.0 0.0 0.18602251451006058 0.0 0.0 0.2626484554801318 0.0 0.13891241716908911 0.3044270797286259 0.10214539142177895 0.0 
0.0 0.0 0.20490991501742545 0.0 0.0 0.13452484384891947 0.0 0.30329211434737163 0.35 0.0 0.0 
0.0 0.0 0.19444493031929833 0.0 0.0 0.0 0.0 0.3397325903272075 0.35 0.0 0.10676628905731066 
0.0 0.0 0.17885927472571336 0.0 0.0 0.27032492547326836 0.0 0.12399816570821803 0.31466196977404004 0.11215566431876005 0.0 
0.0 0.0 0.20627513220040325 0.0 0.0 0.0 0.0 0.336843129168043 0.35 0.0 0.10145627110965083 
0.0 0.0 0.19288833254013435 0.0 0.10482564898327897 0.22326923040436633 0.0 0.16106853087166967 0.1684378000357903 0.14951045716476039 0.0 
0.0 0.0 0.17885927472571336 0.0 0.0 0.2703249254732684 0.0 0.12399816570821803 0.31466196977404 0.11215566431876005 0.0 
0.0 0.0 0.18002847446379713 0.0 0.0 0.12344285858957846 0.0 0.2489576632820404 0.34261320044678184 0.10495780321780207 0.0 
