-0.014792454096488659 5.123216769697924E-4 
-0.01023556256566402 8.565097941573788E-5 
-0.01023556256566402 8.565097941573788E-5 
-0.014792454096488659 5.123216769697924E-4 
-0.014521905950852673 4.3990968637299896E-4 
-0.014792454096488657 5.123216769697922E-4 
-0.014373466563992118 4.286308141146485E-4 
-0.014368970021372666 3.7144199624822695E-4 
-0.014521905950852673 4.3990968637299896E-4 
-0.012345622540019509 1.696254779976079E-4 
-0.014792454096488657 5.123216769697922E-4 
-0.014425511203318584 4.3224123161783525E-4 
-0.012899485768634871 1.9552639463106872E-4 
-0.014093852893232194 3.2614690081265887E-4 
-0.01401417963207863 3.185467869327181E-4 
-0.013832993767450962 2.8547340434639974E-4 
-0.013839377215873125 3.008464503614631E-4 
-0.010409551226091461 8.907034273360429E-5 
-0.013083001113764892 2.0716223912760272E-4 
-0.013751950818213182 2.775956930151822E-4 
-0.014140477194450902 3.316233436136697E-4 
-0.014222492951741722 3.448411935697811E-4 
-0.012793344556584551 1.8786113796440823E-4 
-0.013656036653330381 2.6384552165366836E-4 
-0.014323780746290805 3.615176954955542E-4 
-0.01094155203265013 1.013749213814606E-4 
-0.010850242274299064 9.829038227372614E-5 
-0.012831638153807922 1.898404901240705E-4 
-0.012700392554758105 1.8363179674044965E-4 
-0.013312039566372514 2.2673313175335062E-4 
-0.01386655103043559 3.044584137718758E-4 
-0.010792752009007896 9.75637379506565E-5 
-0.01159126359156652 1.283646486738656E-4 
-0.014287366688807505 3.542373533129595E-4 
-0.013205086475316338 2.1760909084022272E-4 
-0.011538244103334427 1.253546568450835E-4 
-0.012995277732792288 2.005911417608489E-4 
-0.01176942043456188 1.3624452751009042E-4 
-0.014268477104973348 3.507127077396613E-4 
-0.01380163848487125 2.82077311757449E-4 
-0.011481592514513176 1.2278478779945517E-4 
-0.013438680430795259 2.4159157008748943E-4 
-0.012246217583167565 1.669313157983573E-4 
-0.011981604934265385 1.4866297941344475E-4 
-0.012460241794346622 1.7288200785139967E-4 
-0.011258357240621634 1.1243161385754029E-4 
-0.013345882335564723 2.3009331352085455E-4 
-0.01392849603822668 3.092950310151996E-4 
-0.013614545172067598 2.587564312387025E-4 
-0.013548501832649417 2.508630241264431E-4 
-0.010352367102303658 8.715649731483603E-5 
-0.01052803141554805 9.094032222859138E-5 
-0.012040256291291558 1.518063615491595E-4 
-0.012641871448122522 1.7994619779244798E-4 
-0.012460241794346622 1.7288200785139967E-4 
-0.012986918035377316 2.0042765899201204E-4 
-0.011714731198121211 1.3350365835658142E-4 
-0.012575396443353737 1.7706954297712696E-4 
-0.013972466967457018 3.1442882565031435E-4 
-0.013716836603148813 2.7067126000369744E-4 
-0.010978952062110858 1.0403203472767478E-4 
-0.011436257310752892 1.1979007943907542E-4 
-0.01351490432133507 2.4725114052501267E-4 
-0.01218376107129328 1.6132177387664497E-4 
-0.011182202049676945 1.093394959919822E-4 
-0.010641987074451648 9.351682091849462E-5 
-0.013482473232264347 2.4385599429620582E-4 
-0.013701630029361882 2.688385130950592E-4 
-0.014181300499303598 3.366766581163499E-4 
-0.01028318458948608 8.662762428339352E-5 
-0.01340302462513026 2.3620820340785259E-4 
-0.011060934390364428 1.0604768280146425E-4 
-0.014184085689885403 3.400198668469882E-4 
-0.011816740603257285 1.3951165995844668E-4 
-0.010600152614392783 9.235147008853223E-5 
-0.011141889565387577 1.0803683383274324E-4 
-0.013383792095167322 2.3462530325225504E-4 
-0.012238225243832274 1.6459695700884127E-4 
-0.011649230828516861 1.3095804375032677E-4 
-0.011290707731803898 1.1389174927541051E-4 
-0.011333761830092012 1.1601327552165054E-4 
-0.012575396443353737 1.7706954297712696E-4 
-0.011941788062660887 1.4597200089934792E-4 
-0.011884744453739176 1.4266863089000862E-4 
-0.01316714284871538 2.1406793002022166E-4 
-0.013255551030576384 2.2174790938635054E-4 
-0.0110502746529459 1.0451678638706099E-4 
-0.011848588626479528 1.4079010016866688E-4 
-0.013255551030576384 2.2174790938635054E-4 
-0.010709262201664434 9.498770920355517E-5 
-0.013949266009190223 3.1113855294361025E-4 
-0.012678019453010158 1.816213632694256E-4 
-0.011392866347106878 1.1789160665363129E-4 
-0.010709262201664434 9.498770920355517E-5 
-0.011674850097652293 1.3129262412354742E-4 
-0.012104920137600023 1.5606368618032484E-4 
-0.01358380081955712 2.551724582351979E-4 
-0.013145504460554208 2.132036166120344E-4 
-0.011913863052935517 1.448151157410961E-4 
-0.014348168295712567 3.6675122846671865E-4 
