0.0 0.30000000000000016 0.0 0.0 0.0 0.0 0.0 0.35 0.35 0.0 0.0 
0.15007034149775386 0.0 0.0 0.0 0.2112143054031766 0.0 0.0 0.2887153530990696 0.0 0.0 0.35 
0.0 0.30000000000000016 0.0 0.0 0.0 0.0 0.0 0.35 0.35 0.0 0.0 
0.16236226229702808 0.0 0.0 0.0 0.16559028751314642 0.0 0.0 0.3220474501898255 0.0 0.0 0.35 
0.12570618961488977 0.0 0.0 0.1 0.1860688048004665 0.0 0.0 0.35 0.0 0.0 0.2382250055846437 
0.0 0.3356004679270455 0.0 0.0 0.0 0.0 0.0 0.35 0.31439953207295446 0.0 0.0 
0.11909840691632806 0.2275863252580153 0.0 0.0 0.0 0.0 0.0 0.35 0.30331526782565665 0.0 0.0 
0.15653026736137238 0.0 0.0 0.13945894003778858 0.20414165798641654 0.0 0.0 0.35 0.0 0.0 0.14986913461442256 
0.1545980215094726 0.0 0.0 0.0 0.19762768647139822 0.0 0.0 0.2977742920191292 0.0 0.0 0.35 
0.149069206746554 0.11916048905120859 0.0 0.2695004771943066 0.11226982700793092 0.0 0.0 0.35 0.0 0.0 0.0 
0.1122602667607653 0.22199864810365916 0.0 0.0 0.0 0.0 0.0 0.35 0.3157410851355755 0.0 0.0 
0.1499909824568396 0.1 0.0 0.24443304736656965 0.1555759701765908 0.0 0.0 0.35 0.0 0.0 0.0 
0.1 0.2000000000000001 0.0 0.0 0.0 0.0 0.0 0.35 0.35 0.0 0.0 
0.1611757626038225 0.0 0.0 0.22105471888895073 0.16776951850722677 0.0 0.0 0.35 0.1 0.0 0.0 
0.1423100780025675 0.22778857908417988 0.0 0.1395038682820598 0.0 0.0 0.0 0.35 0.1403974746311928 0.0 0.0 
0.18305608183560318 0.0 0.0 0.3264119655299349 0.14053195263446197 0.0 0.0 0.35 0.0 0.0 0.0 
0.14568681336330647 0.176090582233843 0.0 0.1 0.0 0.0 0.0 0.35 0.22822260440285058 0.0 0.0 
0.14589057746804218 0.13595662234627096 0.0 0.16307419957468175 0.1 0.0 0.0 0.35 0.10507860061100514 0.0 0.0 
0.18327112105780624 0.0 0.0 0.2638713707757437 0.1 0.0 0.0 0.35 0.10285750816645015 0.0 0.0 
0.15841549439667774 0.0 0.0 0.0 0.18519720617943664 0.0 0.0 0.30638729942388565 0.0 0.0 0.35 
0.0 0.32198502553254393 0.0 0.0 0.0 0.0 0.0 0.35 0.3280149744674561 0.0 0.0 
0.14412228579253686 0.222691998236621 0.0 0.0 0.0 0.0 0.0 0.35 0.2831857159708422 0.0 0.0 
0.12809737920934777 0.22437295316125475 0.0 0.0 0.0 0.0 0.0 0.35 0.2975296676293975 0.0 0.0 
0.11569989480223584 0.2077036013281682 0.0 0.1128434504258371 0.1 0.0 0.0 0.35 0.11375305344375886 0.0 0.0 
0.0 0.32933740457131067 0.0 0.0 0.0 0.0 0.0 0.35 0.32066259542868936 0.0 0.0 
0.11647890266070797 0.16211208768341556 0.0 0.11397128265434679 0.1 0.0 0.0 0.35 0.15743772700152972 0.0 0.0 
0.1389491406487522 0.25728817934240195 0.0 0.11586211355831655 0.0 0.0 0.0 0.35 0.13790056645052934 0.0 0.0 
0.1130412667491508 0.18221956122536836 0.0 0.11970491461240847 0.1 0.0 0.0 0.35 0.1350342574130724 0.0 0.0 
0.1 0.29032845478666724 0.0 0.0 0.0 0.0 0.0 0.35 0.2596715452133328 0.0 0.0 
0.14655526982602815 0.18907917901180946 0.0 0.1 0.0 0.0 0.0 0.35 0.21436555116216233 0.0 0.0 
0.1527653508799109 0.1 0.0 0.27162366126279147 0.12561098785729768 0.0 0.0 0.35 0.0 0.0 0.0 
0.1243612935752472 0.10026196157005436 0.0 0.20516050802640032 0.12021623682829823 0.0 0.0 0.35 0.1 0.0 0.0 
0.18078659980211084 0.0 0.0 0.2563562200708912 0.112857180126998 0.0 0.0 0.35 0.1 0.0 0.0 
0.10703878858158096 0.21261965925314316 0.0 0.10190526708217533 0.1 0.0 0.0 0.35 0.1284362850831005 0.0 0.0 
0.17228946153817176 0.0 0.0 0.29672817860717693 0.1809823598546513 0.0 0.0 0.35 0.0 0.0 0.0 
0.1504825423325887 0.24773170008020512 0.0 0.13080531692137665 0.0 0.0 0.0 0.35 0.12098044066582962 0.0 0.0 
0.12322392540643601 0.2610368727624788 0.0 0.1 0.0 0.0 0.0 0.35 0.16573920183108531 0.0 0.0 
0.1 0.321378223592526 0.0 0.0 0.0 0.0 0.0 0.35 0.22862177640747403 0.0 0.0 
0.19345674096218235 0.0 0.0 0.2046470992400837 0.15189615979773394 0.0 0.0 0.35 0.1 0.0 0.0 
0.13188116856671778 0.30292562831456993 0.0 0.0 0.0 0.0 0.0 0.35 0.21519320311871226 0.0 0.0 
0.12570618961488977 0.0 0.0 0.1 0.1860688048004665 0.0 0.0 0.35 0.0 0.0 0.2382250055846437 
0.13065621521734824 0.11428582533140694 0.0 0.1147404118737178 0.1 0.0 0.0 0.35 0.19031754757752706 0.0 0.0 
0.1320423778720677 0.2846480833906823 0.0 0.0 0.0 0.0 0.0 0.35 0.23330953873725002 0.0 0.0 
0.14873169030461816 0.1167284928290389 0.0 0.10740412790253163 0.1 0.0 0.0 0.35 0.17713568896381143 0.0 0.0 
0.11517836402240596 0.20859163284600268 0.0 0.1 0.0 0.0 0.0 0.35 0.22623000313159142 0.0 0.0 
0.13000634494040902 0.22834593927396696 0.0 0.0 0.0 0.0 0.0 0.35 0.2916477157856241 0.0 0.0 
0.17451350709619956 0.0 0.0 0.23579008774417914 0.1396964051596213 0.0 0.0 0.35 0.0 0.0 0.1 
0.15012242198366657 0.2875524586600858 0.0 0.0 0.0 0.0 0.0 0.35 0.21232511935624768 0.0 0.0 
0.13788535703324062 0.18649900330470873 0.0 0.11316838287584124 0.1 0.0 0.0 0.35 0.11244725678620933 0.0 0.0 
0.13519923631507033 0.35 0.0 0.0 0.0 0.0 0.0 0.35 0.16480076368492969 0.0 0.0 
0.1206076922524013 0.24563705498760766 0.0 0.0 0.0 0.0 0.0 0.35 0.28375525275999114 0.0 0.0 
0.1274976670762763 0.1 0.0 0.17775205144639628 0.10848991978674581 0.0 0.0 0.35 0.13626036169058164 0.0 0.0 
0.14927481515221783 0.23147089883595054 0.0 0.0 0.0 0.0 0.0 0.35 0.2692542860118316 0.0 0.0 
0.1489693068566101 0.24118167934706264 0.0 0.1 0.0 0.0 0.0 0.35 0.15984901379632732 0.0 0.0 
0.11436104517556792 0.24231939342348663 0.0 0.1 0.0 0.0 0.0 0.35 0.19331956140094553 0.0 0.0 
0.15955629314495812 0.2581403285957653 0.0 0.1261140490636398 0.0 0.0 0.0 0.35 0.10618932919563678 0.0 0.0 
0.1 0.2335632910108013 0.0 0.0 0.0 0.0 0.0 0.35 0.31643670898919873 0.0 0.0 
0.15272914654323527 0.24332160790682653 0.0 0.0 0.0 0.0 0.0 0.35 0.25394924554993825 0.0 0.0 
0.17248094677428977 0.0 0.0 0.1832728382237415 0.1942462150019688 0.0 0.0 0.35 0.0 0.0 0.1 
0.1571425618241011 0.10358426783423716 0.0 0.1681800172346864 0.12109315310697542 0.0 0.0 0.35 0.1 0.0 0.0 
0.1 0.20531477586646274 0.0 0.0 0.0 0.0 0.0 0.35 0.3446852241335373 0.0 0.0 
0.12417776967806762 0.13035415734804467 0.0 0.11505776992007856 0.1 0.0 0.0 0.35 0.18041030305380923 0.0 0.0 
0.12484284331675079 0.24081799783428348 0.0 0.10319333330492177 0.0 0.0 0.0 0.35 0.18114582554404401 0.0 0.0 
0.1345610600630979 0.13689690554982217 0.0 0.1518195826989464 0.1 0.0 0.0 0.35 0.12672245168813356 0.0 0.0 
0.15078796694247462 0.20313592141080541 0.0 0.16620706699171278 0.0 0.0 0.0 0.35 0.1298690446550073 0.0 0.0 
0.1393920513305818 0.1741872585241907 0.0 0.11618399796736208 0.12023669217786546 0.0 0.0 0.35 0.1 0.0 0.0 
0.19176813451523445 0.0 0.0 0.29595845203131455 0.16227341345345106 0.0 0.0 0.35 0.0 0.0 0.0 
0.1 0.3036590390431914 0.0 0.0 0.0 0.0 0.0 0.35 0.24634096095680852 0.0 0.0 
0.1461610005867139 0.1 0.0 0.19569402217620924 0.10249277736571515 0.0 0.0 0.35 0.10565219987136172 0.0 0.0 
0.1575841842527391 0.0 0.0 0.0 0.17881248969580843 0.0 0.0 0.31360332605145247 0.0 0.0 0.35 
0.158227165254001 0.0 0.0 0.24317385236969236 0.1485989823763067 0.0 0.0 0.35 0.1 0.0 0.0 
0.1 0.2282654045932614 0.0 0.0 0.0 0.0 0.0 0.35 0.32173459540673865 0.0 0.0 
0.1415959163343957 0.2298334431185594 0.0 0.16663166333123397 0.0 0.0 0.0 0.35 0.111938977215811 0.0 0.0 
0.0 0.3154123967219426 0.0 0.0 0.0 0.0 0.0 0.35 0.3345876032780575 0.0 0.0 
0.12978314782298006 0.348253219386748 0.0 0.0 0.0 0.0 0.0 0.35 0.17196363279027194 0.0 0.0 
0.15445439571883407 0.2581934322032071 0.0 0.1 0.0 0.0 0.0 0.35 0.13735217207795894 0.0 0.0 
0.1 0.21200477222896796 0.0 0.0 0.0 0.0 0.0 0.35 0.3379952277710321 0.0 0.0 
0.1 0.21731281803892832 0.0 0.0 0.0 0.0 0.0 0.35 0.3326871819610717 0.0 0.0 
0.1461610005867139 0.1 0.0 0.19569402217620924 0.10249277736571515 0.0 0.0 0.35 0.10565219987136172 0.0 0.0 
0.1 0.225159005605471 0.0 0.0 0.0 0.0 0.0 0.35 0.32484099439452896 0.0 0.0 
0.11068868046013206 0.3242581013937666 0.0 0.0 0.0 0.0 0.0 0.35 0.2150532181461014 0.0 0.0 
0.16040393756430912 0.0 0.0 0.0 0.1803555989252056 0.0 0.0 0.3092404635104853 0.0 0.0 0.35 
0.1 0.3077186550973231 0.0 0.0 0.0 0.0 0.0 0.35 0.24228134490267692 0.0 0.0 
0.1563413586863238 0.2875898709494228 0.0 0.0 0.0 0.0 0.0 0.35 0.20606877036425336 0.0 0.0 
0.13759589224845786 0.1597063096392976 0.0 0.13281110042636213 0.1 0.0 0.0 0.35 0.11988669768588248 0.0 0.0 
0.1 0.24738413182763558 0.0 0.1055700638490153 0.0 0.0 0.0 0.35 0.19704580432334914 0.0 0.0 
0.14316701792803707 0.0 0.0 0.0 0.18357757093959856 0.0 0.0 0.3232554111323644 0.0 0.0 0.35 
0.11588300424250243 0.2667543495401797 0.0 0.1 0.0 0.0 0.0 0.35 0.16736264621731792 0.0 0.0 
0.17248094677428977 0.0 0.0 0.1832728382237415 0.1942462150019688 0.0 0.0 0.35 0.0 0.0 0.1 
0.1059311621034668 0.263847732386449 0.0 0.1 0.0 0.0 0.0 0.35 0.18022110551008425 0.0 0.0 
0.14070735160456238 0.0 0.0 0.0 0.18351347861121814 0.0 0.0 0.3257791697842195 0.0 0.0 0.35 
0.1 0.3381859970082083 0.0 0.0 0.0 0.0 0.0 0.35 0.2118140029917917 0.0 0.0 
0.12267818247407071 0.29610464044227247 0.0 0.1 0.0 0.0 0.0 0.35 0.13121717708365688 0.0 0.0 
0.14263872048086773 0.25027533875773267 0.0 0.15259475832521313 0.0 0.0 0.0 0.35 0.10449118243618649 0.0 0.0 
0.17149914572573885 0.0 0.0 0.22204574957573026 0.1564551046985309 0.0 0.0 0.35 0.0 0.0 0.1 
0.11436104517556792 0.25326899692371596 0.0 0.1 0.0 0.0 0.0 0.35 0.18236995790071622 0.0 0.0 
0.0 0.3083607370910314 0.0 0.0 0.0 0.0 0.0 0.35 0.3416392629089687 0.0 0.0 
0.0 0.30443610733087045 0.0 0.0 0.0 0.0 0.0 0.35 0.34556389266912957 0.0 0.0 
0.1678195974850346 0.15443733233572307 0.0 0.14404673894611758 0.0 0.0 0.0 0.35 0.1836963312331248 0.0 0.0 
0.11295374767045442 0.1870462523295457 0.0 0.0 0.0 0.0 0.0 0.35 0.35 0.0 0.0 
