0.0 0.30000000000000016 0.0 0.0 0.0 0.0 0.0 0.35 0.35 0.0 0.0 
0.17836058880421526 0.0 0.0 0.35 0.1660207753271158 0.0 0.0 0.305618635868669 0.0 0.0 0.0 
0.0 0.30000000000000016 0.0 0.0 0.0 0.0 0.0 0.35 0.35 0.0 0.0 
0.19284061445307102 0.0 0.0 0.31198111711242466 0.14517826843450432 0.0 0.0 0.35 0.0 0.0 0.0 
0.17129938313633816 0.0 0.0 0.2981798281237571 0.18052078873990474 0.0 0.0 0.35 0.0 0.0 0.0 
0.1 0.2000000000000001 0.0 0.0 0.0 0.0 0.0 0.35 0.35 0.0 0.0 
0.1157523254706558 0.18292092204790814 0.0 0.10942879272758907 0.1 0.0 0.0 0.35 0.14189795975384695 0.0 0.0 
0.0 0.33541081190231065 0.0 0.0 0.0 0.0 0.0 0.35 0.3145891880976893 0.0 0.0 
0.1377509366801322 0.10341340001550488 0.0 0.19735016936457767 0.11148549393978527 0.0 0.0 0.35 0.1 0.0 0.0 
0.17249019798790294 0.0 0.0 0.35 0.14915961909374173 0.0 0.0 0.32835018291835544 0.0 0.0 0.0 
0.1534780809350244 0.1 0.0 0.24655806390740465 0.14996385515757094 0.0 0.0 0.35 0.0 0.0 0.0 
0.1622124161260168 0.0 0.0 0.2115247962711016 0.17626278760288155 0.0 0.0 0.35 0.1 0.0 0.0 
0.14562781965111654 0.12049545423791913 0.0 0.2658957158023326 0.11798101030863174 0.0 0.0 0.35 0.0 0.0 0.0 
0.17782463113518837 0.0 0.0 0.35 0.15346145142794096 0.0 0.0 0.31871391743687066 0.0 0.0 0.0 
0.17277090156019004 0.0 0.0 0.2699670850007934 0.10158281243898146 0.0 0.0 0.35 0.1056792010000352 0.0 0.0 
0.15387665128457934 0.13094988231483373 0.0 0.22506390386428554 0.0 0.0 0.0 0.35 0.1401095625363013 0.0 0.0 
0.15796718073515237 0.24421278365687815 0.0 0.0 0.0 0.0 0.0 0.35 0.2478200356079695 0.0 0.0 
0.13460518606472993 0.21719727753932871 0.0 0.1981975363959414 0.0 0.0 0.0 0.35 0.1 0.0 0.0 
0.15975400259154537 0.32432012975287405 0.0 0.0 0.0 0.0 0.0 0.35 0.1659258676555806 0.0 0.0 
0.0 0.3258554576689353 0.0 0.0 0.0 0.0 0.0 0.35 0.3241445423310647 0.0 0.0 
0.11889898686079989 0.2630944255653866 0.0 0.16800658757381365 0.0 0.0 0.0 0.35 0.1 0.0 0.0 
0.1298501405165669 0.15668877148047988 0.0 0.14711234132590703 0.11634874667704623 0.0 0.0 0.35 0.1 0.0 0.0 
0.0 0.31820070375164344 0.0 0.0 0.0 0.0 0.0 0.35 0.3317992962483566 0.0 0.0 
0.15756741386302647 0.3091561656764591 0.0 0.0 0.0 0.0 0.0 0.35 0.1832764204605145 0.0 0.0 
0.13882817323297594 0.16414356019138263 0.0 0.14220646758355107 0.10482179899209042 0.0 0.0 0.35 0.1 0.0 0.0 
0.1 0.22543976833967025 0.0 0.0 0.0 0.0 0.0 0.35 0.3245602316603297 0.0 0.0 
0.11811346926244046 0.32882021995606114 0.0 0.0 0.0 0.0 0.0 0.35 0.2030663107814984 0.0 0.0 
0.13523665126794052 0.23887141242163554 0.0 0.1 0.0 0.0 0.0 0.35 0.175891936310424 0.0 0.0 
0.15036733797093796 0.22747675281362884 0.0 0.14281978104759177 0.0 0.0 0.0 0.35 0.12933612816784149 0.0 0.0 
0.1 0.33441541494557114 0.0 0.0 0.0 0.0 0.0 0.35 0.21558458505442887 0.0 0.0 
0.13864948931200438 0.25239051611963914 0.0 0.1 0.0 0.0 0.0 0.35 0.15895999456835655 0.0 0.0 
0.17035622114851962 0.0 0.0 0.26439662979601225 0.11524714905546812 0.0 0.0 0.35 0.1 0.0 0.0 
0.1 0.25219765941993777 0.0 0.0 0.0 0.0 0.0 0.35 0.2978023405800622 0.0 0.0 
0.1525310898006806 0.23203723439234888 0.0 0.14526196299637886 0.0 0.0 0.0 0.35 0.12016971281059166 0.0 0.0 
0.13670315846243797 0.19797544029073205 0.0 0.10156222237399541 0.1 0.0 0.0 0.35 0.11375917887283463 0.0 0.0 
0.1 0.2315211498928432 0.0 0.0 0.0 0.0 0.0 0.35 0.3184788501071568 0.0 0.0 
0.1 0.2553868945662762 0.0 0.12653886379287854 0.0 0.0 0.0 0.35 0.16807424164084517 0.0 0.0 
0.13738906622439395 0.22950871541604914 0.0 0.0 0.0 0.0 0.0 0.35 0.28310221835955696 0.0 0.0 
0.1 0.2853955151168882 0.0 0.0 0.0 0.0 0.0 0.35 0.26460448488311183 0.0 0.0 
0.11330978429645117 0.25207785892900914 0.0 0.1 0.0 0.0 0.0 0.35 0.18461235677453966 0.0 0.0 
0.12851458072769784 0.16692779014946924 0.0 0.1485451735841319 0.1 0.0 0.0 0.35 0.10601245553870109 0.0 0.0 
0.13393922385898602 0.26137131336192415 0.0 0.150205560300576 0.0 0.0 0.0 0.35 0.1044839024785139 0.0 0.0 
0.13685361126250672 0.32363667594838197 0.0 0.0 0.0 0.0 0.0 0.35 0.18950971278911133 0.0 0.0 
0.15134197711650202 0.22226932742252148 0.0 0.13882129802844584 0.0 0.0 0.0 0.35 0.1375673974325307 0.0 0.0 
0.0 0.30466971028416723 0.0 0.0 0.0 0.0 0.0 0.35 0.3453302897158328 0.0 0.0 
0.1 0.26345725696473765 0.0 0.0 0.0 0.0 0.0 0.35 0.2865427430352624 0.0 0.0 
0.1404496612098603 0.2165868812745274 0.0 0.12514137741507383 0.0 0.0 0.0 0.35 0.16782208010053848 0.0 0.0 
0.1 0.22006199644663826 0.0 0.0 0.0 0.0 0.0 0.35 0.3299380035533617 0.0 0.0 
0.13670315846243797 0.19797544029073205 0.0 0.10156222237399541 0.1 0.0 0.0 0.35 0.11375917887283463 0.0 0.0 
0.17150793314132062 0.31879334145884813 0.0 0.0 0.0 0.0 0.0 0.35 0.15969872539983115 0.0 0.0 
0.0 0.33160499835877405 0.0 0.0 0.0 0.0 0.0 0.35 0.318395001641226 0.0 0.0 
0.1 0.21599353804880672 0.0 0.0 0.0 0.0 0.0 0.35 0.3340064619511933 0.0 0.0 
0.1417715522319695 0.1940271722053343 0.0 0.21420127556269625 0.0 0.0 0.0 0.35 0.1 0.0 0.0 
0.15123162380551733 0.26380283200154736 0.0 0.1 0.0 0.0 0.0 0.35 0.13496554419293538 0.0 0.0 
0.11508820263629183 0.23899376021799193 0.0 0.1 0.0 0.0 0.0 0.35 0.1959180371457163 0.0 0.0 
0.14049447620876943 0.1859516574932598 0.0 0.1 0.0 0.0 0.0 0.35 0.2235538662979708 0.0 0.0 
0.18714728545017395 0.0 0.0 0.35 0.1437872914030011 0.0 0.0 0.31906542314682496 0.0 0.0 0.0 
0.136946178861521 0.2472667730543156 0.0 0.13121371653744568 0.0 0.0 0.0 0.35 0.1345733315467177 0.0 0.0 
0.13619378174766555 0.11461824107527115 0.0 0.1946935546506498 0.10449442252641358 0.0 0.0 0.35 0.1 0.0 0.0 
0.18258298896549957 0.0 0.0 0.23284514778679 0.12460559169583177 0.0 0.0 0.35 0.10996627155187871 0.0 0.0 
0.11226607971001741 0.35 0.0 0.0 0.0 0.0 0.0 0.35 0.1877339202899827 0.0 0.0 
0.12488630195788787 0.23662040467995687 0.0 0.0 0.0 0.0 0.0 0.35 0.28849329336215535 0.0 0.0 
0.14423133328694981 0.0 0.0 0.2541903707536579 0.15157829595939232 0.0 0.0 0.35 0.1 0.0 0.0 
0.14201347618934845 0.22753567855892642 0.0 0.12127776602130091 0.0 0.0 0.0 0.35 0.15917307923042426 0.0 0.0 
0.0 0.31363339617374897 0.0 0.0 0.0 0.0 0.0 0.35 0.33636660382625105 0.0 0.0 
0.1527020336994214 0.14410400229976117 0.0 0.12753172232790688 0.1 0.0 0.0 0.35 0.1256622416729106 0.0 0.0 
0.1 0.24448263474586454 0.0 0.0 0.0 0.0 0.0 0.35 0.3055173652541354 0.0 0.0 
0.13789187387265972 0.17405188830232837 0.0 0.11897428045660223 0.1 0.0 0.0 0.35 0.11908195736840967 0.0 0.0 
0.1 0.3008974030822207 0.0 0.0 0.0 0.0 0.0 0.35 0.2491025969177794 0.0 0.0 
0.1 0.20390868984421934 0.0 0.0 0.0 0.0 0.0 0.35 0.34609131015578065 0.0 0.0 
0.13177857221206854 0.3026053147971214 0.0 0.0 0.0 0.0 0.0 0.35 0.21561611299081013 0.0 0.0 
0.1 0.2730778642935417 0.0 0.0 0.0 0.0 0.0 0.35 0.2769221357064583 0.0 0.0 
0.1429795397761078 0.188172627870572 0.0 0.1 0.0 0.0 0.0 0.35 0.21884783235332017 0.0 0.0 
0.15961100942057946 0.1 0.0 0.2519538006976462 0.1384351898817744 0.0 0.0 0.35 0.0 0.0 0.0 
0.12438181502316074 0.24508842510790768 0.0 0.1 0.0 0.0 0.0 0.35 0.1805297598689316 0.0 0.0 
0.1 0.30970202665141056 0.0 0.0 0.0 0.0 0.0 0.35 0.24029797334858952 0.0 0.0 
0.1 0.3127847154357156 0.0 0.0 0.0 0.0 0.0 0.35 0.23721528456428445 0.0 0.0 
0.13227620563278394 0.3398554965406264 0.0 0.0 0.0 0.0 0.0 0.35 0.1778682978265897 0.0 0.0 
0.1 0.24448263474586454 0.0 0.0 0.0 0.0 0.0 0.35 0.3055173652541354 0.0 0.0 
0.15838862919651403 0.0 0.0 0.2572351761115824 0.13437619469190365 0.0 0.0 0.35 0.1 0.0 0.0 
0.11508820263629183 0.23899376021799193 0.0 0.1 0.0 0.0 0.0 0.35 0.1959180371457163 0.0 0.0 
0.1 0.2358353379666013 0.0 0.0 0.0 0.0 0.0 0.35 0.31416466203339866 0.0 0.0 
0.1 0.25873152992579385 0.0 0.0 0.0 0.0 0.0 0.35 0.2912684700742062 0.0 0.0 
0.13782785295516217 0.24135959314277156 0.0 0.12642030381990554 0.0 0.0 0.0 0.35 0.14439225008216072 0.0 0.0 
0.1 0.21123582824169193 0.0 0.0 0.0 0.0 0.0 0.35 0.3387641717583081 0.0 0.0 
0.12140484729320644 0.12178674968020628 0.0 0.20461900899873758 0.1 0.0 0.0 0.35 0.10218939402784982 0.0 0.0 
0.13909394639484596 0.12177615485536213 0.0 0.15738972788835875 0.1 0.0 0.0 0.35 0.1317401708614332 0.0 0.0 
0.1526253802052961 0.24518754732720188 0.0 0.11612473144805152 0.0 0.0 0.0 0.35 0.13606234101945064 0.0 0.0 
0.14170724559443523 0.18737770829244044 0.0 0.2209150461131244 0.0 0.0 0.0 0.35 0.1 0.0 0.0 
0.1528408677325373 0.0 0.0 0.27275137787586134 0.12440775439160143 0.0 0.0 0.35 0.1 0.0 0.0 
0.1 0.29909129367606213 0.0 0.0 0.0 0.0 0.0 0.35 0.25090870632393786 0.0 0.0 
0.13791018235421815 0.10279291166868117 0.0 0.1720114596372327 0.1 0.0 0.0 0.35 0.13728544633986808 0.0 0.0 
0.1 0.2072974116051631 0.0 0.0 0.0 0.0 0.0 0.35 0.3427025883948369 0.0 0.0 
0.1405987878373926 0.23853881058822918 0.0 0.0 0.0 0.0 0.0 0.35 0.27086240157437824 0.0 0.0 
0.1 0.2557038169926035 0.0 0.0 0.0 0.0 0.0 0.35 0.29429618300739646 0.0 0.0 
0.1429795397761078 0.188172627870572 0.0 0.1 0.0 0.0 0.0 0.35 0.21884783235332017 0.0 0.0 
0.1703419292504989 0.1 0.0 0.2557498678441352 0.12390820290536586 0.0 0.0 0.35 0.0 0.0 0.0 
0.16025867681634817 0.28547170660293564 0.0 0.0 0.0 0.0 0.0 0.35 0.20426961658071624 0.0 0.0 
0.1 0.2913236659137922 0.0 0.0 0.0 0.0 0.0 0.35 0.2586763340862078 0.0 0.0 
0.0 0.3093650797219637 0.0 0.0 0.0 0.0 0.0 0.35 0.3406349202780363 0.0 0.0 
