0.0 0.30000000000000027 0.0 0.0 0.0 0.0 0.0 0.35 0.35 0.0 0.0 
0.20862122372897102 0.0 0.18321178442242753 0.27694464725201146 0.0 0.1094710028870959 0.0 0.22175134170949407 0.0 0.0 0.0 
0.0 0.30000000000000027 0.0 0.0 0.0 0.0 0.0 0.35 0.35 0.0 0.0 
0.0 0.32296883031558793 0.0 0.0 0.0 0.0 0.0 0.32703116968441215 0.35 0.0 0.0 
0.1000710465177097 0.1999289534822903 0.0 0.0 0.0 0.0 0.0 0.35 0.35 0.0 0.0 
0.10003232636276317 0.10307677240315859 0.0 0.2522433284601286 0.0 0.0 0.0 0.2133696791819405 0.33127789359200904 0.0 0.0 
0.10386494947793189 0.10427945363531838 0.0 0.24384830031254276 0.0 0.0 0.0 0.23405749540210044 0.3139498011721065 0.0 0.0 
0.20511127809486057 0.0 0.1801293396387342 0.27228519488116687 0.0 0.1076292091243269 0.0 0.2348449782609116 0.0 0.0 0.0 
0.10098827505895723 0.0 0.0 0.2523663790122232 0.0 0.0 0.0 0.3412559455882504 0.30538940034056905 0.0 0.0 
0.17247196724085392 0.10597495956273964 0.10548170447426097 0.25051423163071435 0.0 0.0 0.0 0.2044038908608144 0.16115324623061666 0.0 0.0 
0.13820998753384683 0.10261980425602242 0.1089500765046085 0.26242880748714537 0.0 0.0 0.0 0.2225622473451892 0.1652290768731876 0.0 0.0 
0.0 0.16533821096448278 0.0 0.13466178903551723 0.0 0.0 0.0 0.35 0.35 0.0 0.0 
0.0 0.10247966604537426 0.0 0.2051266317904928 0.0 0.0 0.0 0.3430489832440534 0.3493447189200795 0.0 0.0 
0.13245081928395186 0.10209096598635298 0.10391009754458917 0.22800521082994318 0.0 0.0 0.0 0.24256020470027484 0.190982701654888 0.0 0.0 
0.0 0.0 0.0 0.3125749070196226 0.0 0.0 0.0 0.34365285930695705 0.34377223367342036 0.0 0.0 
0.10477529240499736 0.10162947442995622 0.0 0.27286423016453976 0.0 0.0 0.0 0.22265247838443566 0.298078524616071 0.0 0.0 
0.10000135675016977 0.0 0.0 0.259805231080764 0.0 0.0 0.0 0.33778846116511335 0.30240495100395276 0.0 0.0 
0.10464595281493232 0.0 0.0 0.2219913242938625 0.0 0.0 0.0 0.3233627228912051 0.35 0.0 0.0 
0.0 0.1788226271093442 0.0 0.1232555895994287 0.0 0.0 0.0 0.3479217832912271 0.35 0.0 0.0 
0.1505017558237313 0.11372097133408236 0.1239662335139792 0.2989805498564137 0.0 0.0 0.0 0.20631668904131106 0.10651380043048232 0.0 0.0 
0.10683981257854214 0.1041773439699456 0.11071455539286446 0.2666425355037304 0.0 0.0 0.0 0.24323304415849653 0.16839270839642084 0.0 0.0 
0.15323651754134698 0.11566966480986053 0.12659779347265676 0.2699489647693118 0.0 0.0 0.0 0.2111883644362967 0.12335869497052712 0.0 0.0 
0.0 0.15886852731902623 0.0 0.1437544922841944 0.0 0.0 0.0 0.35 0.34737698039677944 0.0 0.0 
0.0 0.10020382325168495 0.0 0.19979617674831512 0.0 0.0 0.0 0.35 0.35 0.0 0.0 
0.11944724027136534 0.0 0.0 0.18055275972863472 0.0 0.0 0.0 0.35 0.35 0.0 0.0 
0.13595658864318266 0.10538767276849466 0.10584372097759635 0.24027067945161312 0.0 0.0 0.0 0.21479525439301228 0.19774608376610098 0.0 0.0 
0.0 0.14434736633913808 0.0 0.15565263366086196 0.0 0.0 0.0 0.35 0.35 0.0 0.0 
0.0 0.10292294277477149 0.0 0.19707705722522853 0.0 0.0 0.0 0.35 0.35 0.0 0.0 
0.15114286649132813 0.11584158400464287 0.11079559859708883 0.26407956866818383 0.0 0.0 0.0 0.200087339252057 0.15805304298669937 0.0 0.0 
0.1040837867607929 0.0 0.0 0.27844233653426975 0.0 0.0 0.0 0.32797949259558357 0.2894943841093538 0.0 0.0 
0.10451839800260504 0.0 0.0 0.2014201841291852 0.0 0.0 0.0 0.3440614178682098 0.35 0.0 0.0 
0.1632511526539503 0.10988954103029212 0.12964158294656522 0.31197673415038685 0.0 0.0 0.0 0.17419726483169598 0.1110437243871096 0.0 0.0 
0.1051523793311377 0.10166075964053096 0.0 0.2838402470682357 0.0 0.0 0.0 0.21863042237184765 0.2907161915882481 0.0 0.0 
0.16367770689556682 0.13632229310443328 0.0 0.0 0.0 0.0 0.0 0.35 0.35 0.0 0.0 
0.10051142213013166 0.10096027038697823 0.0 0.23597507697855882 0.0 0.0 0.0 0.226500391530834 0.33605283897349736 0.0 0.0 
0.0 0.11525323165282154 0.0 0.18474676834717846 0.0 0.0 0.0 0.35 0.35 0.0 0.0 
0.103808451908616 0.0 0.0 0.28361701619816465 0.0 0.0 0.0 0.29839036016352244 0.31418417172969687 0.0 0.0 
0.16339616089693415 0.11646505858248814 0.11827234218606544 0.27594008451432583 0.0 0.0 0.0 0.2011604162434643 0.12476593757672219 0.0 0.0 
0.20175720838197714 0.0 0.17718378555660053 0.26783266777539205 0.0 0.105869209021463 0.0 0.24735712926456715 0.0 0.0 0.0 
0.20868300987984612 0.0 0.18296988094291272 0.2770266683592282 0.0 0.10950342428593506 0.0 0.2218170165320779 0.0 0.0 0.0 
0.10466305285827937 0.0 0.0 0.2606830280219149 0.0 0.0 0.0 0.3153983941239582 0.31925552499584753 0.0 0.0 
0.10748555243432711 0.10752922110305702 0.0 0.29528867135837356 0.0 0.0 0.0 0.22062358041392288 0.2690729746903195 0.0 0.0 
0.13203266040345016 0.10176865583170856 0.10358204423169183 0.2272853783349489 0.0 0.0 0.0 0.2578900055645465 0.17744125563365382 0.0 0.0 
0.0 0.10716336494750804 0.0 0.20519662610526226 0.0 0.0 0.0 0.33764000894722973 0.35 0.0 0.0 
0.18804585751179045 0.1214587206335853 0.0 0.0 0.0 0.0 0.0 0.3404954218546242 0.35 0.0 0.0 
0.11132289750767603 0.0 0.0 0.19988965179869256 0.0 0.0 0.0 0.3387874506936315 0.35 0.0 0.0 
0.10091788000567425 0.0 0.0 0.2547872070999893 0.0 0.0 0.0 0.31793223023537853 0.32636268265895785 0.0 0.0 
0.0 0.12895618057478478 0.0 0.17104381942521518 0.0 0.0 0.0 0.35 0.35 0.0 0.0 
0.0 0.0 0.0 0.30000000000000016 0.0 0.0 0.0 0.35 0.35 0.0 0.0 
0.11556161185777314 0.10635312114431364 0.11302686432026036 0.24483571452559225 0.0 0.0 0.0 0.24831304414088026 0.17190964401118025 0.0 0.0 
0.10711804507619128 0.10301877543630286 0.0 0.20984682232553706 0.0 0.0 0.0 0.2394533425400793 0.3405630146218895 0.0 0.0 
0.18792756067097113 0.12201139783293237 0.0 0.0 0.0 0.0 0.0 0.3400610414960966 0.35 0.0 0.0 
0.0 0.18313410087098267 0.0 0.11686589912901744 0.0 0.0 0.0 0.35 0.35 0.0 0.0 
0.1331123082080832 0.17697175662972905 0.0 0.0 0.0 0.0 0.0 0.35 0.3399159351621878 0.0 0.0 
0.18239287277546767 0.11968914574266987 0.0 0.0 0.0 0.0 0.0 0.3479179814818625 0.35 0.0 0.0 
0.10149595841724249 0.0 0.0 0.265685855399447 0.0 0.0 0.0 0.28281818618331045 0.35 0.0 0.0 
0.20706402157228587 0.0 0.16762040393344504 0.2605299102681889 0.0 0.10449524584143836 0.0 0.2602904183846418 0.0 0.0 0.0 
0.13493151703225886 0.10366104868275665 0.1052120220013256 0.23212348852132134 0.0 0.0 0.0 0.23002221495371036 0.1940497088086271 0.0 0.0 
0.1070650203673932 0.10165979852899214 0.0 0.2790175076627948 0.0 0.0 0.0 0.20846665486880805 0.3037910185720118 0.0 0.0 
0.10636218921918737 0.0 0.0 0.20610813447678 0.0 0.0 0.0 0.33752967630403247 0.35 0.0 0.0 
0.1009642604455253 0.0 0.0 0.20140229023520942 0.0 0.0 0.0 0.34984566031339903 0.34778778900586627 0.0 0.0 
0.20059750127030407 0.0 0.1761653272926751 0.26629315673611637 0.0 0.10526066930387853 0.0 0.251683345397026 0.0 0.0 0.0 
0.15038271936803016 0.11774157857030505 0.11008799109698669 0.26266767261698487 0.0 0.0 0.0 0.2022173468683727 0.15690269147932054 0.0 0.0 
0.1076685294020543 0.10379179382216724 0.0 0.26244017490191185 0.0 0.0 0.0 0.2247273161173045 0.30137218575656216 0.0 0.0 
0.11094685332396284 0.1065044182844179 0.0 0.21984053415883603 0.0 0.0 0.0 0.2479515773029321 0.3147566169298512 0.0 0.0 
0.10036669462683001 0.0 0.0 0.27791203757735167 0.0 0.0 0.0 0.3106033279991052 0.3111179397967132 0.0 0.0 
0.12428387707845359 0.10439112362711742 0.0 0.2941173597004287 0.0 0.0 0.0 0.2157870043826054 0.2614206352113948 0.0 0.0 
0.1555028962821527 0.10443031422427528 0.12321537504759007 0.31587853487619166 0.0 0.0 0.0 0.19519953294751263 0.10577334662227772 0.0 0.0 
0.19340269194133966 0.0 0.17234714517167762 0.2567420482916363 0.0 0.10051348711746978 0.0 0.27699462747787656 0.0 0.0 0.0 
0.10461482398949526 0.0 0.0 0.28582012046684036 0.0 0.0 0.0 0.2922301180408134 0.31733493750285113 0.0 0.0 
0.0 0.18054257494210277 0.0 0.11945742505789733 0.0 0.0 0.0 0.35 0.35 0.0 0.0 
0.0 0.31793769757797685 0.0 0.0 0.0 0.0 0.0 0.3320623024220233 0.35 0.0 0.0 
0.1407298911957962 0.11117835371235725 0.10633549563778232 0.25510914716603295 0.0 0.0 0.0 0.2266200975201592 0.16002701476787212 0.0 0.0 
0.0 0.0 0.0 0.35 0.0 0.0 0.0 0.31714274659493735 0.33285725340506256 0.0 0.0 
0.16158266652089187 0.12275853212120727 0.12800656558328272 0.2845088700505378 0.0 0.0 0.0 0.19300512441281498 0.11013824131126534 0.0 0.0 
0.10127818599870216 0.10040558713369631 0.0 0.2729073384210771 0.0 0.0 0.0 0.22976905836068234 0.295639830085842 0.0 0.0 
0.10756689251760562 0.0 0.0 0.21061035692360947 0.0 0.0 0.0 0.3340280191979248 0.34779473136086 0.0 0.0 
0.1003554932018966 0.10857244684739202 0.0 0.23665121438878228 0.0 0.0 0.0 0.24180136596346175 0.3126194795984674 0.0 0.0 
0.19478811455308417 0.0 0.17106350645279475 0.25858119662777596 0.0 0.10123350635008765 0.0 0.27433367601625747 0.0 0.0 0.0 
0.0 0.12165779403318189 0.0 0.17834220596681805 0.0 0.0 0.0 0.35 0.35 0.0 0.0 
0.18238823280790079 0.11968610092109376 0.0 0.0 0.0 0.0 0.0 0.34793457006545586 0.3499910962055496 0.0 0.0 
0.19878025621774117 0.0 0.1760925499157608 0.2638255553610336 0.0 0.10430709595769723 0.0 0.25699454254776705 0.0 0.0 0.0 
0.15569192087648712 0.10453963746799934 0.12334436349866329 0.3166889270439677 0.0 0.0 0.0 0.19385107528866594 0.10588407582421676 0.0 0.0 
0.16153634869534841 0.12398016459009405 0.12645686423074398 0.2844273153114541 0.0 0.0 0.0 0.19294979930973288 0.1106495078626268 0.0 0.0 
0.14020850893321882 0.11069626476326104 0.10212061980844084 0.2539804478373317 0.0 0.0 0.0 0.22565887045792546 0.16733528819982202 0.0 0.0 
0.10664544417931668 0.10013980781844825 0.0 0.22951168931680185 0.0 0.0 0.0 0.23476650086143885 0.3289365578239944 0.0 0.0 
0.0 0.12420093761254604 0.0 0.17579906238745396 0.0 0.0 0.0 0.35 0.35 0.0 0.0 
0.0 0.0 0.0 0.3000000000000001 0.0 0.0 0.0 0.35 0.35 0.0 0.0 
0.10397319042789635 0.0 0.0 0.28922063449698626 0.0 0.0 0.0 0.29026746530553016 0.3165387097695873 0.0 0.0 
0.10886577135796856 0.11014523600321029 0.0 0.20979812292703978 0.0 0.0 0.0 0.2211908697117813 0.35 0.0 0.0 
0.1105078487080476 0.11011650277957225 0.0 0.21897064910694372 0.0 0.0 0.0 0.246970459914757 0.31343453949067945 0.0 0.0 
0.11334627082180447 0.1866537291781956 0.0 0.0 0.0 0.0 0.0 0.35 0.35 0.0 0.0 
0.11139964418287489 0.10536477498691478 0.0 0.2894181763108685 0.0 0.0 0.0 0.20310701131585968 0.29071039320348213 0.0 0.0 
0.0 0.30607632198701995 0.0 0.0 0.0 0.0 0.0 0.3439236780129802 0.35 0.0 0.0 
0.10980630725569152 0.0 0.0 0.19019369274430845 0.0 0.0 0.0 0.35 0.35 0.0 0.0 
0.1287174099268697 0.17133453713077493 0.0 0.0 0.0 0.0 0.0 0.3499480529423554 0.35 0.0 0.0 
0.1000710465177097 0.1999289534822903 0.0 0.0 0.0 0.0 0.0 0.35 0.35 0.0 0.0 
0.0 0.13547758389918663 0.0 0.16452241610081325 0.0 0.0 0.0 0.35 0.35 0.0 0.0 
0.0 0.15029799789745413 0.0 0.14970200210254592 0.0 0.0 0.0 0.35 0.35 0.0 0.0 
0.0 0.30699958411156547 0.0 0.0 0.0 0.0 0.0 0.34300041588843444 0.35 0.0 0.0 
