-0.013716700458084229 4.153849936859849E-4 
-0.006959024696696764 6.70194658896039E-5 
-0.013716700458084229 4.153849936859849E-4 
-0.013313632055289955 2.8311862720476844E-4 
-0.013343103597356243 3.673905244998109E-4 
-0.013716700458084225 4.153849936859847E-4 
-0.01336943239998073 3.675016536470831E-4 
-0.012493521388632321 2.3152040780045476E-4 
-0.012474564632224024 1.990425145604435E-4 
-0.008212684356387508 7.835031351647566E-5 
-0.007800956606285695 7.47521884663641E-5 
-0.007431098892273215 7.018739552466637E-5 
-0.011769309749394778 1.796678546513143E-4 
-0.011768829081021556 1.6044623839519566E-4 
-0.01336943239998073 3.675016536470831E-4 
-0.013716700458084225 4.153849936859847E-4 
-0.008657724867583707 8.407341325259174E-5 
-0.007114975629064702 6.90718395397885E-5 
-0.012944051479331902 2.470779294912478E-4 
-0.013139640926268133 2.552983497847627E-4 
-0.012867456597289738 2.4225196606712457E-4 
-0.01077953367454553 1.3071554069974593E-4 
-0.009622956590112496 1.0208308773205791E-4 
-0.007797064375475131 7.430482185852684E-5 
-0.008703536602316044 8.738980304725575E-5 
-0.0076127428428263075 7.157560325294994E-5 
-0.010508654697093785 1.2509720664451344E-4 
-0.008441149306303826 8.321057065628794E-5 
-0.009748072529304054 1.037415161068734E-4 
-0.01233777058060665 1.9618077553690266E-4 
-0.009276464759464288 9.472316497283104E-5 
-0.010459153646751599 1.212732908936834E-4 
-0.008964288265484129 9.074634746695804E-5 
-0.009838240046072123 1.0713102280062364E-4 
-0.011208293004543936 1.4219375997317503E-4 
-0.00883853864451613 8.741939152520743E-5 
-0.013238880793562516 2.6900332546045375E-4 
-0.010399613424266738 1.1900035139618708E-4 
-0.013300345648933246 2.8037164068511294E-4 
-0.00752230131998687 7.108174370919211E-5 
-0.013270174601795921 2.7451602217044326E-4 
-0.010148400693243395 1.1253567959242089E-4 
-0.010179728654403798 1.1503303504630215E-4 
-0.009090187708355214 9.091593065360754E-5 
-0.011467907637954605 1.5196464693297159E-4 
-0.011412909910365053 1.4863465816015122E-4 
-0.007018474414012202 6.837336065676573E-5 
-0.01134387544389598 1.4810713432154057E-4 
-0.011532388472906243 1.5280736588023865E-4 
-0.012463814794878335 1.985080808428251E-4 
-0.010268292087580082 1.1683999265075508E-4 
-0.010053720644183566 1.1084713005024194E-4 
-0.011687487284571647 1.5918594058901732E-4 
-0.01317845230190676 2.5997435575146345E-4 
-0.013049622372009281 2.4783426239015144E-4 
-0.00919675832421796 9.458974386086857E-5 
-0.0082429812728778 7.928890468947025E-5 
-0.011130623716086547 1.3773201686908548E-4 
-0.009454358724472034 9.752230598294077E-5 
-0.010317483638519611 1.1769009620609748E-4 
-0.012223075112971743 1.951738031263982E-4 
-0.01280374055255791 2.409641209032017E-4 
-0.00832183059445 8.185243721347548E-5 
-0.009568709962451807 9.994332941029735E-5 
-0.012720768260735277 2.3747696661694325E-4 
-0.011605348229428462 1.5519402373527293E-4 
-0.011165694066546739 1.3963064447440002E-4 
-0.010694343489637641 1.2667500273944217E-4 
-0.011897241310897463 1.856332872676983E-4 
-0.013091840522267438 2.507464701414228E-4 
-0.009511305508662773 9.923241153279763E-5 
-0.010838180197370708 1.3243973054592658E-4 
-0.00980391249630772 1.0475071470077775E-4 
-0.010014909645433789 1.0970129781229899E-4 
-0.012764382506331894 2.3884861856387574E-4 
-0.011978452696378455 1.8661990781726123E-4 
-0.00844078291811105 8.320751564196591E-5 
-0.013256109264374948 2.7196762681675374E-4 
-0.012585002803705045 2.3352992613107461E-4 
-0.011045807399182666 1.3674453701644352E-4 
-0.011294312436854375 1.4398445647832947E-4 
-0.012280060831668802 1.9605204692558898E-4 
-0.00938922991091233 9.653334179939827E-5 
-0.010615187647269273 1.2539104679936447E-4 
-0.012553794786467058 2.330257786026847E-4 
-0.010902494105721009 1.3259194040613745E-4 
-0.011303999109097417 1.442492454879765E-4 
-0.0109743124186421 1.3532194733288026E-4 
-0.010945094039205799 1.33628245332981E-4 
-0.012155991005255162 1.9336027343570483E-4 
-0.012091481995003994 1.90521846707681E-4 
-0.009939023543934594 1.0877215531265145E-4 
-0.007114975629064702 6.90718395397885E-5 
-0.012034028154172687 1.8873062578794766E-4 
-0.012647669147469384 2.3526959090201655E-4 
-0.012660511112785575 2.3564057293886688E-4 
-0.013205113180175216 2.636954175039319E-4 
-0.008907528988565384 8.89528142294128E-5 
-0.011877241619672432 1.8343251474578257E-4 
-0.009939023543934594 1.0877215531265145E-4 
