0.0 0.30000000000000004 0.0 0.0 0.0 0.0 0.0 0.35 0.35 0.0 0.0 
0.0 0.0 0.15954021020740242 0.0 0.10000812676736424 0.18680805490527025 0.0 0.1009279729317017 0.35 0.10271563518826152 0.0 
0.0 0.0 0.15954021020740242 0.0 0.10000812676736424 0.18680805490527025 0.0 0.1009279729317017 0.35 0.10271563518826152 0.0 
0.0 0.30000000000000004 0.0 0.0 0.0 0.0 0.0 0.35 0.35 0.0 0.0 
0.0 0.185363357541149 0.0 0.0 0.0 0.0 0.114636642458851 0.35 0.35 0.0 0.0 
0.0 0.29999999999999977 0.0 0.0 0.0 0.0 0.0 0.35 0.35 0.0 0.0 
0.0 0.13562373427022603 0.0 0.0 0.0 0.0 0.17446421354214567 0.3399120521876283 0.35 0.0 0.0 
0.0 0.189689262093718 0.0 0.0 0.0 0.11031073790628206 0.0 0.35 0.35 0.0 0.0 
0.0 0.1111938679248106 0.0 0.0 0.0 0.20488124352588047 0.0 0.3339248885493089 0.35 0.0 0.0 
0.0 0.10114560032812052 0.0 0.0 0.0 0.1051312201568086 0.0 0.34596390818195033 0.34364666620381684 0.10411260512930362 0.0 
0.0 0.0 0.10126569779089292 0.0 0.0 0.10475047808216495 0.0 0.3464489220981709 0.3470364508810901 0.10049845114768116 0.0 
0.0 0.0 0.11900511709733033 0.0 0.0 0.19329377717848645 0.0 0.3377011057241832 0.35 0.0 0.0 
0.0 0.0 0.1052009419988435 0.0 0.0 0.18115759126143977 0.0 0.2509608045425835 0.35 0.11268066219713319 0.0 
0.0 0.0 0.0 0.0 0.10022628971060178 0.10605516979852873 0.0 0.34672693032944585 0.34462990234383556 0.102361707817588 0.0 
0.0 0.0 0.10115902138684676 0.0 0.0 0.10457677254459043 0.0 0.3416769387263766 0.3465907251928595 0.10599654214932668 0.0 
0.0 0.11369235229361908 0.0 0.0 0.0 0.18630764770638084 0.0 0.35 0.35 0.0 0.0 
0.0 0.16395420832344415 0.0 0.0 0.0 0.13604579167655595 0.0 0.35 0.35 0.0 0.0 
0.0 0.0 0.10055057226173222 0.0 0.10039198216684043 0.12727652188267446 0.0 0.22070575125804437 0.3454111096090399 0.10566406282166843 0.0 
0.0 0.0 0.0 0.0 0.10463513228785039 0.10588643013388568 0.0 0.3320814397639797 0.35 0.10739699781428425 0.0 
0.0 0.0 0.0 0.0 0.1070213447842169 0.11175161989172741 0.0 0.3086638889267973 0.35 0.12256314639725838 0.0 
0.0 0.0 0.109773416574319 0.0 0.0 0.18306813852688136 0.0 0.2626702600337683 0.34418715405489514 0.1003010308101361 0.0 
0.0 0.0 0.10005215024776339 0.0 0.10034247482832342 0.10364456199424452 0.0 0.25868789826837296 0.3358032860062857 0.10146962865501014 0.0 
0.0 0.0 0.10527200042665061 0.0 0.1040111765092594 0.16223856170115444 0.0 0.16657775655305657 0.35 0.11190050480987897 0.0 
0.0 0.0 0.0 0.0 0.11868632667616266 0.12672738924286875 0.0 0.2813806334683769 0.3464852012640123 0.12672044934857946 0.0 
0.0 0.0 0.0 0.0 0.10392476017123597 0.11107494462387774 0.0 0.3166499871028568 0.3448229711689744 0.1235273369330552 0.0 
0.0 0.0 0.13991931235792582 0.0 0.10289077157630053 0.18089478262031727 0.0 0.1232769995512768 0.3492595190341668 0.10375861486001274 0.0 
0.0 0.0 0.13501612646701824 0.0 0.10301686425605744 0.18103349559224122 0.0 0.1305184503381208 0.34697327625365926 0.10344178709290312 0.0 
0.0 0.0 0.0 0.0 0.11981059040450487 0.12792782244442874 0.0 0.28404602929724604 0.34976730422479685 0.11844825362902345 0.0 
0.0 0.0 0.11029485010076705 0.0 0.10083063271933929 0.13624075595127502 0.0 0.20509650817414532 0.34440013875288183 0.1031371143015914 0.0 
0.0 0.0 0.0 0.0 0.10499925617909642 0.11324385212414285 0.0 0.32693794448536456 0.34184055077926406 0.11297839643213209 0.0 
0.0 0.0 0.0 0.0 0.10165298572667374 0.10561525492012355 0.0 0.32804151891949185 0.35 0.11469024043371089 0.0 
0.0 0.10852139799045528 0.0 0.0 0.0 0.20238252254327885 0.0 0.3390960794662659 0.35 0.0 0.0 
0.0 0.1035491573674529 0.0 0.0 0.0 0.10559534152519351 0.0 0.3342875000715405 0.35 0.10656800103581314 0.0 
0.0 0.0 0.1027888567466341 0.0 0.10044873305491318 0.13636703875826256 0.0 0.2082937484206919 0.34937003419284757 0.10273158882665069 0.0 
0.0 0.10750707990152213 0.0 0.0 0.0 0.19768903284572764 0.0 0.34480388725275013 0.35 0.0 0.0 
0.0 0.0 0.0 0.0 0.11030951607860998 0.10944834236906575 0.0 0.30271751049789963 0.34658822487580865 0.13093640617861613 0.0 
0.0 0.0 0.0 0.0 0.0 0.17776326849197321 0.0 0.3381791813505191 0.35 0.13405755015750778 0.0 
0.0 0.0 0.0 0.0 0.10916843168109648 0.14268374488350244 0.0 0.29335365546307357 0.35 0.10479416797232745 0.0 
0.0 0.0 0.0 0.0 0.10543521813061968 0.11009538745276562 0.0 0.30408928726937196 0.35 0.13038010714724288 0.0 
0.0 0.14867850613829722 0.0 0.0 0.0 0.15132149386170274 0.0 0.35 0.35 0.0 0.0 
0.0 0.0 0.0 0.0 0.0 0.19743874267308945 0.0 0.35 0.35 0.10256125732691053 0.0 
0.0 0.0 0.11415761674705266 0.0 0.10182590626320444 0.17381330393654384 0.0 0.16307796521075235 0.345150165838111 0.10197504200433562 0.0 
0.0 0.0 0.10971892213352243 0.0 0.10065159051558423 0.12696773613815074 0.0 0.21588285024056444 0.3413348885115075 0.10544401246067078 0.0 
0.0 0.0 0.0 0.0 0.1009729537531488 0.10755672269583813 0.0 0.3389106379737787 0.34673838499707177 0.10582130058016254 0.0 
0.0 0.14838755105919266 0.0 0.0 0.0 0.0 0.15161244894080736 0.35 0.35 0.0 0.0 
0.0 0.0 0.10519916326804589 0.0 0.11658300272986724 0.1330972377349489 0.0 0.1944800814290219 0.3454393500538852 0.10520116478423074 0.0 
0.0 0.0 0.11374099704941605 0.0 0.10506618767074728 0.17309680793714075 0.0 0.1493268671257095 0.35 0.10876914021698653 0.0 
0.0 0.0 0.11635656271671976 0.0 0.1025709358593867 0.1750755126163633 0.0 0.1555377313048908 0.3477436865501295 0.1027155709525099 0.0 
0.0 0.0 0.0 0.0 0.0 0.18548414010672595 0.0 0.3469904692665791 0.3498195537195248 0.11770583690717017 0.0 
0.0 0.0 0.1019201832930863 0.0 0.10221596037626773 0.1055797005220858 0.0 0.24484695690445452 0.34207303971089936 0.10336415919320628 0.0 
0.0 0.0 0.10457725290273219 0.0 0.11485361517024242 0.13112287867943043 0.0 0.18868852518379312 0.3403151166699476 0.12044261139385423 0.0 
0.0 0.0 0.10117750866370694 0.0 0.10139256097531554 0.12789081497059596 0.0 0.21670110259369244 0.34913336585913557 0.10370464693755352 0.0 
0.0 0.0 0.14470545660618467 0.0 0.10009437567776712 0.18944583081312236 0.0 0.1139853863198059 0.34214732745470394 0.10962162312841613 0.0 
0.0 0.0 0.11119249534327313 0.0 0.0 0.17250737895068824 0.0 0.2660658889654526 0.3486365799551574 0.10159765678542872 0.0 
0.0 0.1265727903460199 0.0 0.0 0.0 0.17342720965398012 0.0 0.35 0.35 0.0 0.0 
0.0 0.0 0.0 0.0 0.10353684849303853 0.10532598992746169 0.0 0.3398013750261287 0.34905225035551596 0.10228353619785506 0.0 
0.0 0.0 0.10968823137896758 0.0 0.10659446772730535 0.13609212179591054 0.0 0.2000792273496897 0.3445033861367353 0.10304256561139136 0.0 
0.0 0.0 0.0 0.0 0.11991280400087902 0.12803696106701803 0.0 0.2892070686577451 0.35 0.11284316627435778 0.0 
0.0 0.0 0.12626816038072677 0.0 0.10331724066121918 0.17603618375859906 0.0 0.1405950713695003 0.3497289363334934 0.10405440749646139 0.0 
0.0 0.0 0.11523668662028264 0.0 0.0 0.19159149078178483 0.0 0.24277322962684833 0.3483951516399953 0.10200344133108886 0.0 
0.0 0.0 0.10044326920815846 0.0 0.1014717223650088 0.10128654107902124 0.0 0.2479192537743494 0.3458264808181534 0.10305273275530862 0.0 
0.0 0.0 0.10799506885562933 0.0 0.10340588443371904 0.10716639838145732 0.0 0.2293838690419999 0.3471312183575125 0.10491756092968202 0.0 
0.0 0.17473873295143125 0.0 0.0 0.0 0.0 0.12526126704856883 0.35 0.35 0.0 0.0 
0.0 0.0 0.12803304818389458 0.0 0.0 0.1786184375932387 0.0 0.2367276042925635 0.34960315377597573 0.10701775615432735 0.0 
0.0 0.0 0.11798354391758706 0.0 0.0 0.17544589533459404 0.0 0.24872477683869185 0.35 0.10784578390912701 0.0 
0.0 0.0 0.12415839604192073 0.0 0.10221790913658114 0.17627712624256572 0.0 0.1483916380131655 0.3460076983065292 0.10294723225923762 0.0 
0.0 0.0 0.10799506885562933 0.0 0.10340588443371904 0.10716639838145732 0.0 0.2293838690419999 0.3471312183575125 0.10491756092968202 0.0 
0.0 0.0 0.0 0.0 0.10430512247839725 0.12870629465620342 0.0 0.2918764229776275 0.3473928344238267 0.1277193254639451 0.0 
0.0 0.0 0.10018303112967158 0.0 0.10735787060158053 0.1044268471917312 0.0 0.24067372637101866 0.34574946969158016 0.10160905501441772 0.0 
0.0 0.0 0.0 0.0 0.11454789741252946 0.10655348936675266 0.0 0.3208140166664858 0.35 0.108084596554232 0.0 
0.0 0.0 0.11172385066417788 0.0 0.10280028486784538 0.10706429145028058 0.0 0.24147260874222984 0.3367346286346119 0.10020433564085446 0.0 
0.0 0.0 0.11737019241057642 0.0 0.0 0.17973243806687209 0.0 0.24743175145871632 0.34818048330872586 0.1072851347551093 0.0 
0.0 0.0 0.11595320208250659 0.0 0.10103741075706539 0.1724673693498495 0.0 0.16181516041541272 0.3424774731541585 0.10624938424100727 0.0 
0.0 0.0 0.12629869338038574 0.0 0.0 0.18075809425569833 0.0 0.24368200865855372 0.34343436957123247 0.10582683413412962 0.0 
0.0 0.11452275448220267 0.0 0.0 0.0 0.0 0.1854772455177974 0.35 0.35 0.0 0.0 
0.0 0.0 0.1200379897763222 0.0 0.10391049791338777 0.1475581638763254 0.0 0.17462764271190204 0.35 0.10386570572206263 0.0 
0.0 0.0 0.13493005493718724 0.0 0.10390337032389454 0.19178379945228152 0.0 0.11509111301531884 0.35 0.1042916622713179 0.0 
0.0 0.18910883044677324 0.0 0.0 0.0 0.11174516216493154 0.0 0.34978176798277555 0.34936423940551936 0.0 0.0 
0.0 0.0 0.0 0.0 0.0 0.1868063303800323 0.0 0.34394777631557594 0.3465332991867066 0.12271259411768506 0.0 
0.0 0.0 0.1319496228922924 0.0 0.10441714236782731 0.19365017680826419 0.0 0.1156602052034553 0.35 0.10432285272816087 0.0 
0.0 0.1346068643926199 0.0 0.0 0.0 0.16539313560738014 0.0 0.35 0.35 0.0 0.0 
0.0 0.0 0.11734404426281944 0.0 0.10176817016384967 0.18957529914545676 0.0 0.13133697297060343 0.35 0.10997551345727069 0.0 
0.0 0.10006287346774387 0.0 0.0 0.0 0.10602368887545328 0.0 0.34226049038726314 0.3487181277596384 0.10293481950990122 0.0 
0.0 0.17207481291741095 0.0 0.0 0.0 0.1279251870825891 0.0 0.35 0.35 0.0 0.0 
0.0 0.0 0.12505189141052264 0.0 0.10295351165170118 0.17623831570679718 0.0 0.14357048457834642 0.3484977133662688 0.10368808328636393 0.0 
0.0 0.0 0.10027920168999231 0.0 0.10130597493580107 0.10218294266772998 0.0 0.2475142938701863 0.3452615958550168 0.10345599098127352 0.0 
0.0 0.0 0.10150437788053743 0.0 0.1027489697877114 0.15693719841259207 0.0 0.17841140731036131 0.34877026523291543 0.11162778137588232 0.0 
0.0 0.0 0.0 0.0 0.0 0.1863434022823021 0.0 0.34162172452834094 0.35 0.12203487318935692 0.0 
0.0 0.12473077925890999 0.0 0.0 0.0 0.0 0.17899017245031704 0.34627904829077294 0.35 0.0 0.0 
0.0 0.0 0.11044510343200666 0.0 0.1028938768797656 0.13703118629108177 0.0 0.20145981643997626 0.34441643579557535 0.10375358116159433 0.0 
0.0 0.0 0.0 0.0 0.0 0.19515739205115223 0.0 0.35 0.3464278274962874 0.10841478045256044 0.0 
0.0 0.14082146655992844 0.0 0.0 0.0 0.1591785334400716 0.0 0.35 0.35 0.0 0.0 
0.0 0.10209492321790853 0.0 0.0 0.0 0.20367464212677466 0.0 0.34423043465531694 0.35 0.0 0.0 
0.0 0.1803698005668617 0.0 0.0 0.0 0.1196301994331384 0.0 0.35 0.35 0.0 0.0 
0.0 0.0 0.10252270842557834 0.0 0.1035931953039798 0.1037250113882266 0.0 0.23191187139099573 0.35 0.1082472134912195 0.0 
0.0 0.0 0.13988278238071938 0.0 0.10532282578510452 0.18432382110106743 0.0 0.1073269168759234 0.3492466506083843 0.11389700324880102 0.0 
0.0 0.13304692400452348 0.0 0.0 0.0 0.0 0.17553413886320393 0.3433019150954292 0.34811702203684336 0.0 0.0 
0.0 0.0 0.11719786194231711 0.0 0.10164139161823804 0.1893391341375682 0.0 0.13241911717164467 0.35 0.10940249513023204 0.0 
0.0 0.0 0.11863132491561713 0.0 0.0 0.19268664612021405 0.0 0.33868202896416877 0.35 0.0 0.0 
0.0 0.0 0.1200379897763222 0.0 0.10391049791338777 0.1475581638763254 0.0 0.17462764271190204 0.35 0.10386570572206263 0.0 
