-0.013896782101248402 3.938597041776102E-4 
-0.006364004016807479 1.5865264314014877E-5 
-0.013896782101248402 3.938597041776102E-4 
-0.013510167460486278 2.619270494480775E-4 
-0.013529963755120757 3.907911290851008E-4 
-0.007389141253491857 2.4162239740304394E-5 
-0.008027261683731898 2.4932115035170216E-5 
-0.01331914925799171 2.2572170069374976E-4 
-0.007228405802011573 2.244981005015972E-5 
-0.013152073880719402 2.090308366638609E-4 
-0.010340907695926082 5.36997651749037E-5 
-0.01266322395557327 1.6403970640746715E-4 
-0.013398965942739757 2.385188873543755E-4 
-0.009610056765297283 4.17482669499452E-5 
-0.012725712279831863 1.6828673328451278E-4 
-0.006855029668332219 1.865288015163064E-5 
-0.010726200577291681 6.031649524412601E-5 
-0.01255761484957492 1.505959576455153E-4 
-0.013492013912110766 2.5766204106333196E-4 
-0.009400634177573775 3.848155362978676E-5 
-0.00852990459043355 2.7500140064095783E-5 
-0.008395102037248116 2.6798774321404626E-5 
-0.01297273961149617 1.8819881292644696E-4 
-0.009470362901539024 3.91879434955395E-5 
-0.009861469313883481 4.5537503161272E-5 
-0.011371985744441124 7.814130342769006E-5 
-0.009216871279920342 3.736473141624548E-5 
-0.011271409871568884 7.57587037018126E-5 
-0.013114021552914922 2.0158793880468517E-4 
-0.010054031165714515 4.7316636692023674E-5 
-0.012885130039722557 1.835724703489651E-4 
-0.011538371799906869 8.476073395993616E-5 
-0.011718948027641004 9.21886557444631E-5 
-0.006970162248710645 1.906774727756007E-5 
-0.008881308762131305 3.388105378314994E-5 
-0.011814910257867007 9.640950588303249E-5 
-0.01117836357684743 7.457675277409336E-5 
-0.012252363576168743 1.2161951353775175E-4 
-0.01020682639668802 5.085200925092787E-5 
-0.01237007377099052 1.358216971253885E-4 
-0.013742387332339956 3.918205749431134E-4 
-0.006684622639270852 1.747237463530296E-5 
-0.012458517378193253 1.45684424781795E-4 
-0.011911393771231267 1.0196794728640545E-4 
-0.01204452636578036 1.0878001345142246E-4 
-0.008217583582759464 2.5551317349001922E-5 
-0.012593808260509445 1.5807760575844347E-4 
-0.008631801535616315 2.895565255616245E-5 
-0.013215433814873216 2.1409224905488905E-4 
-0.010607751212862386 5.785156549438318E-5 
-0.013233780614637286 2.157380819154639E-4 
-0.009183433603457407 3.605461951110979E-5 
-0.012807777737550792 1.7307648325439243E-4 
-0.011815255110479529 9.974178165588054E-5 
-0.00904980995979639 3.531657726653979E-5 
-0.00882080600062981 3.1508212235844585E-5 
-0.008077986830863176 2.4996729657739695E-5 
-0.008282994159679246 2.5894431069066E-5 
-0.010822360051312256 6.214743264456967E-5 
-0.013456276269989322 2.497716517850388E-4 
-0.0066565423251753976 1.6927897958254204E-5 
-0.007090042740776189 2.0064896610773236E-5 
-0.01341911171976503 2.4227782454708499E-4 
-0.01104662698463273 6.920128485920667E-5 
-0.009013205818460296 3.42493114692546E-5 
-0.01249652662378135 1.4794933560407294E-4 
-0.011435194315006052 8.089250442452599E-5 
-0.011620529923991948 8.851184636874082E-5 
-0.010574615011096215 5.718570833677383E-5 
-0.009736317724380689 4.222515072901701E-5 
-0.013454120663358195 2.4944686344947133E-4 
-0.01211455341331957 1.1275767174643992E-4 
-0.01231499410226514 1.2980585912578005E-4 
-0.011474796280392652 8.28560916953759E-5 
-0.006497135290503082 1.6768073548870708E-5 
-0.012825651442520347 1.7851881515089553E-4 
-0.013284823125091338 2.2124717955950506E-4 
-0.012342090899092458 1.3184008995291424E-4 
-0.011946468505467977 1.0451178512732554E-4 
-0.012876638797341697 1.7999693371978026E-4 
-0.01046602163918961 5.485176928747606E-5 
-0.012196151851249223 1.1797948374427678E-4 
-0.01112959500853749 7.081868409208872E-5 
-0.012433632349582478 1.3955262329382487E-4 
-0.013024584286596728 1.9345310318148474E-4 
-0.01301381169515853 1.9102953128783296E-4 
-0.012123754591057894 1.14113809037249E-4 
-0.010472498583869604 5.5082844867040944E-5 
-0.012593808260509445 1.5807760575844347E-4 
-0.010170633765933777 5.036624700138408E-5 
-0.008756756898796389 2.9946266734728815E-5 
-0.0108450725239091 6.447172669229548E-5 
-0.012177978968023001 1.1738528003210987E-4 
-0.010924329835579642 6.459720367785944E-5 
-0.01009720365334801 4.86140707835478E-5 
-0.013619813775607916 3.909755302521279E-4 
-0.00869978970919005 2.9901015297822888E-5 
-0.0070795462573361514 1.996779586557173E-5 
-0.009777869517438625 4.287026257054063E-5 
-0.012432963395628462 1.3906561830976432E-4 
