-0.013896782101248402 3.938597041776102E-4 
-0.013896782101248402 3.938597041776102E-4 
-0.007770871211100198 2.4357180480202598E-5 
-0.007770871211100198 2.4357180480202598E-5 
-0.013529098183197554 3.907911424129773E-4 
-0.013510105666276376 2.619122378416915E-4 
-0.011971353934086031 1.0373590689663534E-4 
-0.009684634080651783 4.1769298644523254E-5 
-0.011802094695424635 9.575491909876103E-5 
-0.012416229409953326 1.374671544562839E-4 
-0.01256145773717785 1.5079820706118333E-4 
-0.008910796596855957 3.184646940434229E-5 
-0.012791994069641438 1.769770853289129E-4 
-0.013134330395317721 2.044396296587792E-4 
-0.007908518715135924 2.4560182925781953E-5 
-0.013085575374213574 1.999455304938004E-4 
-0.012730303244242028 1.6990889054398567E-4 
-0.013741842695684434 3.9181530523370225E-4 
-0.008156070996371192 2.5393047922042723E-5 
-0.008628820702045088 2.8664374898568565E-5 
-0.013638503093722953 3.9106012382424224E-4 
-0.009864952320967495 4.344518725554295E-5 
-0.00803405689745944 2.495406997076954E-5 
-0.008536919055744238 2.7830765086513305E-5 
-0.010243454828096531 5.188566699741542E-5 
-0.009579844538731756 4.0721359733693956E-5 
-0.013440216128130993 2.477131786483135E-4 
-0.00877510107924883 3.0520937572676965E-5 
-0.011067094652905838 6.860056408780448E-5 
-0.013368248844158756 2.3319782638726267E-4 
-0.011624688549676033 8.804714216301254E-5 
-0.011200991329863595 7.407142839244399E-5 
-0.012519119583581663 1.470937093206637E-4 
-0.01294877924740935 1.851091977986878E-4 
-0.009119134830678086 3.5909959939343765E-5 
-0.01259471995562202 1.5934523654412104E-4 
-0.012993289206230881 1.889590149492953E-4 
-0.013394364109873252 2.3769015697644162E-4 
-0.008339442532283668 2.645944649783549E-5 
-0.013844881273385963 3.9305298720419027E-4 
-0.013050698213970435 1.9465618171613105E-4 
-0.012352786280812227 1.3020505242052958E-4 
-0.010614857913136894 5.7624324064198466E-5 
-0.010755921077226727 6.152837648311637E-5 
-0.012629584803656438 1.6442855757160108E-4 
-0.012862496407250942 1.7777138232545457E-4 
-0.013168179256462399 2.1063228069140587E-4 
-0.01216380192878815 1.1774361352494064E-4 
-0.008739067767430785 2.9682605931503667E-5 
-0.011245424528147887 7.551915510505424E-5 
-0.011591228055927199 8.697917696023312E-5 
-0.010834458602794627 6.248613296362531E-5 
-0.01097446539894485 6.58623946682876E-5 
-0.010144073745048648 5.1054222109444026E-5 
-0.008999223119387941 3.330125535656875E-5 
-0.01087810339297567 6.452410988157054E-5 
-0.009274705891015745 3.676241803034985E-5 
-0.011709163526290112 9.223614549349055E-5 
-0.012456382267176574 1.4181026255117828E-4 
-0.009523531868964496 3.882368885966567E-5 
-0.01346771527029713 2.522242260203022E-4 
-0.01110876780787812 7.142978721799101E-5 
-0.011512814426971048 8.440746793807622E-5 
-0.01302582883568778 1.9228558290043795E-4 
-0.010330362850414825 5.2762663006159774E-5 
-0.012482220914437344 1.4324597571060418E-4 
-0.011449448058543973 8.131810152189535E-5 
-0.010044898269357842 4.77981013772381E-5 
-0.01043627977266941 5.436358444481417E-5 
-0.012351895290521749 1.3012496100107317E-4 
-0.012056177061096863 1.0967125874812868E-4 
-0.012277960953558147 1.259651698221483E-4 
-0.012236804658483995 1.2128642348651985E-4 
-0.0077910394008911515 2.4376476035907374E-5 
-0.01201220608132195 1.0601983937636894E-4 
-0.011409780341386726 7.964346566138571E-5 
-0.009221533367219398 3.6460946581347146E-5 
-0.010369178106415826 5.338498595846043E-5 
-0.012222293927467237 1.2070363382781068E-4 
-0.013507219074618455 2.612225788913459E-4 
-0.009881911225858672 4.3722037600567895E-5 
-0.013482992421943674 2.5560691519167225E-4 
-0.008125736165833945 2.5207856618107276E-5 
-0.01268878807048603 1.6587158395051915E-4 
-0.010111469746961105 4.968414381468626E-5 
-0.011772818127585443 9.412093983575569E-5 
-0.011328040383631326 7.692382481171784E-5 
-0.013328815790432613 2.2709345555074366E-4 
-0.009959034377881398 4.570975025151421E-5 
-0.01260252918770511 1.6017411487461388E-4 
-0.010690205399127059 6.024218948410171E-5 
-0.012277569786089208 1.2593511696518995E-4 
-0.010944450989766565 6.569001152822502E-5 
-0.01290322335144808 1.8104767419216064E-4 
-0.01342001195045052 2.4245077189925313E-4 
-0.008438240774280315 2.7154015724843077E-5 
-0.012155467017698882 1.1401463712519881E-4 
-0.011489072710991559 8.384976121514081E-5 
-0.012913087326981255 1.8182029141723064E-4 
-0.008998981455545901 3.329434535655175E-5 
