0.0 0.3001518818102161 0.0 0.0 0.0 0.0 0.0 0.34992405909489194 0.34992405909489194 0.0 0.0 
0.0 0.1338922888921814 0.0 0.0 0.17706334899882623 0.0 0.0 0.35 0.0 0.0 0.0 
0.0 0.3001518818102161 0.0 0.0 0.0 0.0 0.0 0.34992405909489194 0.34992405909489194 0.0 0.0 
0.0 0.19941301472640674 0.0 0.0 0.21915670933683146 0.0 0.0 0.34739760172663686 0.1057530884181399 0.0 0.0 
0.0 0.20958671696258585 0.0 0.0 0.1739417814164587 0.0 0.0 0.35 0.0 0.0 0.0 
0.0 0.18969430451631114 0.0 0.0 0.15122860546973269 0.0 0.0 0.35 0.10602424592141087 0.0 0.0 
0.0 0.1802627505507133 0.0 0.0 0.19771999763757103 0.0 0.0 0.35 0.0 0.0 0.0 
0.0 0.17231900426188096 0.0 0.0 0.15253569227707162 0.0 0.0 0.35 0.12923988443522044 0.0 0.0 
0.0 0.17756364271621472 0.0 0.0 0.14987202835785388 0.0 0.0 0.35 0.0 0.0 0.0 
0.0 0.20630760876240503 0.0 0.0 0.1086944367744597 0.10582788529955044 0.0 0.35 0.12206321964271095 0.0 0.0 
0.10746175861844028 0.2157396209574229 0.0 0.0 0.0 0.0 0.0 0.35 0.32559221231131186 0.0 0.0 
0.0 0.21418681642044796 0.0 0.0 0.13739696975536825 0.0 0.0 0.35 0.12377277896966386 0.0 0.0 
0.0 0.24012846195225426 0.0 0.0 0.0 0.15331156051127037 0.0 0.35 0.24468497405921774 0.0 0.0 
0.0 0.19254947360679767 0.0 0.0 0.0 0.0 0.10710868459364921 0.35 0.34991830114855615 0.0 0.0 
0.0 0.246927932504965 0.0 0.0 0.0 0.17310352215010993 0.0 0.35 0.2092375577372005 0.0 0.0 
0.0 0.2268380900745721 0.0 0.0 0.0 0.13712079062023935 0.0 0.35 0.1658882082356035 0.0 0.0 
0.10178661920845032 0.19820903321707112 0.0 0.0 0.0 0.0 0.0 0.35 0.35 0.0 0.0 
0.0 0.22382594405877168 0.0 0.0 0.0 0.10251031148702507 0.0 0.35 0.3236377277972851 0.0 0.0 
0.0 0.2869253908965871 0.0 0.0 0.0 0.0 0.0 0.35 0.35 0.0 0.0 
0.0 0.21618204812949227 0.0 0.0 0.10850974574970382 0.12819863484213329 0.0 0.35 0.12370185044409246 0.0 0.0 
0.0 0.25215725224387003 0.0 0.0 0.0 0.15817022345390536 0.0 0.35 0.23424083305955237 0.0 0.0 
0.0 0.22168862091057204 0.0 0.0 0.0 0.10244654381974157 0.0 0.35 0.3208395837490255 0.0 0.0 
0.0 0.23818719261593085 0.0 0.0 0.0 0.11909922750948379 0.0 0.35 0.28781183281795775 0.0 0.0 
0.0 0.2348974557239193 0.0 0.0 0.0 0.11745428128779588 0.0 0.35 0.2838367021907396 0.0 0.0 
0.0 0.20771624537122121 0.0 0.0 0.0 0.14399225115268444 0.0 0.35 0.1398670847209264 0.0 0.0 
0.0 0.22737809962919725 0.0 0.0 0.0 0.1503902020289167 0.0 0.347957738626355 0.274273959715531 0.0 0.0 
0.0 0.22714469072397178 0.0 0.0 0.0 0.177080918563397 0.0 0.35 0.1700335603438919 0.0 0.0 
0.0 0.2295294691100128 0.0 0.0 0.0 0.10312673895563876 0.0 0.35 0.3137875932274349 0.0 0.0 
0.0 0.23595976110110803 0.0 0.0 0.0 0.15638712166707783 0.0 0.35 0.20827357315469905 0.0 0.0 
0.0 0.22988969706647755 0.0 0.0 0.0 0.11291090245093653 0.0 0.35 0.3055709048700478 0.0 0.0 
0.0 0.22880830830367918 0.0 0.0 0.0 0.17053772836603343 0.0 0.35 0.1346196366362373 0.0 0.0 
0.0 0.25039100408699844 0.0 0.0 0.10449717320216759 0.11856688902089615 0.0 0.35 0.1640536403177007 0.0 0.0 
0.0 0.22421563653106868 0.0 0.0 0.0 0.17125423757359598 0.0 0.35 0.22246886466195406 0.0 0.0 
0.0 0.2281687743625489 0.0 0.0 0.0 0.1620631782947974 0.0 0.35 0.19387215243898306 0.0 0.0 
0.0 0.2557855083638414 0.0 0.0 0.0 0.13592885117116615 0.0 0.35 0.18832942500760821 0.0 0.0 
0.0 0.1923763941403348 0.0 0.0 0.0 0.10452173557916217 0.0 0.35 0.13724249258795468 0.0 0.0 
0.0 0.22949132878072132 0.0 0.0 0.17571538999589378 0.0 0.0 0.35 0.12517383450587707 0.0 0.0 
0.11689019644722859 0.18130624270267326 0.0 0.0 0.0 0.0 0.0 0.35 0.34792969868972434 0.0 0.0 
0.0 0.19815507965934007 0.0 0.0 0.0 0.0 0.10558644827022996 0.35 0.34362705845734426 0.0 0.0 
0.0 0.2407667203967658 0.0 0.0 0.0 0.1284960257364019 0.0 0.35 0.2487677750036926 0.0 0.0 
0.0 0.1940875270661682 0.0 0.0 0.0 0.0 0.12783722025949082 0.35 0.3241720281751701 0.0 0.0 
0.1040619610592023 0.20883685335702584 0.0 0.0 0.0 0.0 0.0 0.35 0.3318390113104138 0.0 0.0 
0.0 0.22956455540402368 0.0 0.0 0.0 0.10985409663987071 0.0 0.35 0.30947421305630696 0.0 0.0 
0.0 0.24081052235707237 0.0 0.0 0.0 0.1699572792941596 0.0 0.35 0.21967248241587908 0.0 0.0 
0.0 0.2128333646399588 0.0 0.0 0.10153764395954444 0.11915888453846252 0.0 0.35 0.13315766163975923 0.0 0.0 
0.0 0.23779553817284346 0.0 0.0 0.11670020455142115 0.12412912030370699 0.0 0.35 0.15480473391942257 0.0 0.0 
0.0 0.2246894026276841 0.0 0.0 0.18793092968569122 0.0 0.0 0.35 0.12681180666764225 0.0 0.0 
0.0 0.2079082750918097 0.0 0.0 0.0 0.13966562903216337 0.0 0.35 0.16880383480043748 0.0 0.0 
0.0 0.2575524023832176 0.0 0.0 0.0 0.1619915042512059 0.0 0.35 0.22599136273439907 0.0 0.0 
0.0 0.23553026374046493 0.0 0.0 0.0 0.17770693437915197 0.0 0.35 0.22713919604515825 0.0 0.0 
0.0 0.22011372008121302 0.0 0.0 0.0 0.12048994188118775 0.0 0.35 0.30466142802130414 0.0 0.0 
0.0 0.21990924487751243 0.0 0.0 0.0 0.16342761835480726 0.0 0.35 0.2571432560089526 0.0 0.0 
0.0 0.24747730042933735 0.0 0.0 0.0 0.17584917504092448 0.0 0.35 0.1943961494190613 0.0 0.0 
0.0 0.23333572195562885 0.0 0.0 0.12293436499735497 0.11969227004054109 0.0 0.35 0.13805457612744437 0.0 0.0 
0.0 0.202786121141217 0.0 0.0 0.0 0.0 0.10311006400136943 0.35 0.3400918547423722 0.0 0.0 
0.0 0.23077248336507708 0.0 0.0 0.0 0.14410197893521637 0.0 0.35 0.17402682573172099 0.0 0.0 
0.10461245000227724 0.20994160265743736 0.0 0.0 0.0 0.0 0.0 0.35 0.33359444340825195 0.0 0.0 
0.0 0.19165490691734927 0.0 0.0 0.0 0.0 0.10661106774955553 0.35 0.34829261373236986 0.0 0.0 
0.0 0.23182296887040313 0.0 0.0 0.10969058221017737 0.10285618258367377 0.0 0.35 0.1400776279766706 0.0 0.0 
0.0 0.23063672564444257 0.0 0.0 0.0 0.10362422520882368 0.0 0.35 0.31530131329297273 0.0 0.0 
0.0 0.22610629499072732 0.0 0.0 0.11354445939597929 0.11735029249564505 0.0 0.35 0.1471043437150473 0.0 0.0 
0.0 0.24662677892872087 0.0 0.0 0.0 0.11210487341457853 0.0 0.35 0.287356462875261 0.0 0.0 
0.0 0.24296565723834002 0.0 0.0 0.0 0.10981509761569752 0.0 0.35 0.29624811066238704 0.0 0.0 
0.0 0.22766889769882814 0.0 0.0 0.11789609913114484 0.11085656216049722 0.0 0.35 0.12949269393460422 0.0 0.0 
0.0 0.19876072170127457 0.0 0.0 0.0 0.0 0.10763451845901276 0.35 0.33830001458117087 0.0 0.0 
0.0 0.29402267563030576 0.0 0.0 0.0 0.0 0.0 0.35 0.35 0.0 0.0 
0.0 0.22039941170397145 0.0 0.0 0.0 0.17857044818839526 0.0 0.35 0.15670538462067982 0.0 0.0 
0.0 0.19357542748432294 0.0 0.0 0.0 0.0 0.10885816195050062 0.35 0.3323955061446513 0.0 0.0 
0.0 0.19201697349138053 0.0 0.0 0.0 0.13638536253481656 0.0 0.35 0.16315441961590083 0.0 0.0 
0.11481217978681045 0.18201522372784637 0.0 0.0 0.0 0.0 0.0 0.35 0.3455831731405447 0.0 0.0 
0.0 0.19455843617043564 0.0 0.0 0.0 0.1579893998874128 0.0 0.35 0.16443402589571027 0.0 0.0 
0.0 0.2532707585325075 0.0 0.0 0.0 0.17066294016080802 0.0 0.35 0.22010831100122352 0.0 0.0 
0.0 0.2074547577985872 0.0 0.0 0.0 0.0 0.110124809319548 0.35 0.3298587628767518 0.0 0.0 
0.0 0.19697881691518765 0.0 0.0 0.0 0.11719641683985602 0.0 0.35 0.1159332298185335 0.0 0.0 
0.0 0.2016828983718748 0.0 0.0 0.0 0.0 0.12128569296106999 0.35 0.3258583891293754 0.0 0.0 
0.0 0.2345040403464969 0.0 0.0 0.0 0.14275775911404864 0.0 0.35 0.2669900901710345 0.0 0.0 
0.0 0.22440888870735967 0.0 0.0 0.0 0.18222918704598662 0.0 0.35 0.18966259054738846 0.0 0.0 
0.0 0.2588815637186227 0.0 0.0 0.0 0.10127045675839765 0.0 0.35 0.2736020669193761 0.0 0.0 
0.0 0.2384235475010294 0.0 0.0 0.0 0.1704706693599065 0.0 0.35 0.17443395623785327 0.0 0.0 
0.0 0.23771712409364448 0.0 0.0 0.0 0.12712219476572884 0.0 0.35 0.2781220035963594 0.0 0.0 
0.0 0.24393763906824012 0.0 0.0 0.12296372588347161 0.1072067863909919 0.0 0.35 0.14831736353982106 0.0 0.0 
0.0 0.23311988567691347 0.0 0.0 0.0 0.15640704530592453 0.0 0.35 0.25719050174871244 0.0 0.0 
0.10824822016912104 0.2018493299374138 0.0 0.0 0.0 0.0 0.0 0.35 0.33780516849710357 0.0 0.0 
0.0 0.23363746700570295 0.0 0.0 0.0 0.20788647576776986 0.0 0.35 0.2003009157467656 0.0 0.0 
0.0 0.22384682586078566 0.0 0.0 0.0 0.161570504492552 0.0 0.35 0.2611734773949125 0.0 0.0 
0.0 0.23988495036000038 0.0 0.0 0.0 0.11477259706967262 0.0 0.35 0.29397503797993507 0.0 0.0 
0.0 0.25057716090673576 0.0 0.0 0.10522383774796043 0.12077485621322857 0.0 0.35 0.15156955860762988 0.0 0.0 
0.0 0.22884067683312223 0.0 0.0 0.0 0.10950769723015615 0.0 0.35 0.3084983579175039 0.0 0.0 
0.0 0.1967413510908778 0.0 0.0 0.0 0.0 0.11070459809519324 0.35 0.33594749746753505 0.0 0.0 
0.0 0.2531194902589315 0.0 0.0 0.0 0.13653312049307953 0.0 0.35 0.2319224142788827 0.0 0.0 
0.0 0.16242758983596395 0.0 0.0 0.0 0.16041012591631681 0.0 0.35 0.16468911498723884 0.0 0.0 
0.0 0.19595419101310835 0.0 0.0 0.0 0.1295100348486373 0.0 0.34821324551225624 0.1598984605791762 0.0 0.0 
0.0 0.23343318234488147 0.0 0.0 0.0 0.1168216674135621 0.0 0.35 0.27721844187692585 0.0 0.0 
0.0 0.23336835528104274 0.0 0.0 0.11003235039674925 0.12341802317517513 0.0 0.35 0.1622161207201198 0.0 0.0 
0.0 0.23858294546043468 0.0 0.0 0.0 0.12252605181629626 0.0 0.35 0.27301097425221466 0.0 0.0 
0.0 0.21992754842044684 0.0 0.0 0.0 0.1501074090820153 0.0 0.35 0.26578592717244975 0.0 0.0 
0.0 0.22606642136411206 0.0 0.0 0.0 0.17935548194062767 0.0 0.35 0.1866229042406416 0.0 0.0 
0.0 0.22806512504269 0.0 0.0 0.0 0.1609619371061487 0.0 0.35 0.20804585979149262 0.0 0.0 
0.0 0.2399813195493825 0.0 0.0 0.0 0.1175280714835246 0.0 0.3494952294092922 0.29299537955780064 0.0 0.0 
0.0 0.20100921911110028 0.0 0.0 0.0 0.0 0.12131958204138404 0.35 0.32476992778496794 0.0 0.0 
