0.0 0.19617357102659505 0.0 0.0 0.24786726982767696 0.0 0.0 0.35 0.0 0.0 0.0 
0.0 0.2999991031955895 0.0 0.0 0.0 0.0 0.0 0.35 0.35 0.0 0.0 
0.0 0.20103619426682065 0.0 0.0 0.20690784284894767 0.0 0.0 0.309549545083624 0.10438202153835358 0.0 0.0 
0.0 0.1972653379683456 0.0 0.0 0.22823276688072494 0.0 0.0 0.3456095441828287 0.10622355091986294 0.0 0.0 
0.0 0.2174694125929945 0.0 0.0 0.2059546679397226 0.0 0.0 0.35 0.0 0.0 0.0 
0.0 0.2852187014177801 0.0 0.0 0.0 0.0 0.0 0.35 0.3333718154171199 0.0 0.0 
0.0 0.19553809560957433 0.0 0.0 0.0 0.0 0.10439304897827072 0.35 0.35 0.0 0.0 
0.0 0.22382312642808483 0.0 0.0 0.0 0.1537038581376366 0.0 0.35 0.1805971013626456 0.0 0.0 
0.0 0.21660435313945858 0.0 0.0 0.21550444010071462 0.0 0.0 0.35 0.10262389006290873 0.0 0.0 
0.0 0.22810567549524569 0.0 0.0 0.0 0.22249268123198704 0.0 0.35 0.18182099169866958 0.0 0.0 
0.0 0.21805930147107003 0.0 0.0 0.20523263540088446 0.0 0.0 0.35 0.10632209087203241 0.0 0.0 
0.0 0.24162493408819488 0.0 0.0 0.0 0.10348440287339529 0.0 0.35 0.29226873079864935 0.0 0.0 
0.0 0.2129985872259801 0.0 0.0 0.0 0.1033351220179711 0.0 0.35 0.33264330835880673 0.0 0.0 
0.0 0.23116420457763112 0.0 0.0 0.1654562604520999 0.0 0.0 0.35 0.10870606950772543 0.0 0.0 
0.0 0.21116320842458447 0.0 0.0 0.0 0.11692614895166932 0.0 0.35 0.31693457052864377 0.0 0.0 
0.0 0.24866507910136953 0.0 0.0 0.0 0.1258209059563388 0.0 0.35 0.2696337551372433 0.0 0.0 
0.0 0.2155257422832892 0.0 0.0 0.0 0.12399295683256462 0.0 0.35 0.3027777256070405 0.0 0.0 
0.0 0.2427584505299641 0.0 0.0 0.0 0.11610915099496634 0.0 0.35 0.2867525810957722 0.0 0.0 
0.0 0.22984237336134758 0.0 0.0 0.0 0.1713587733838187 0.0 0.35 0.21207974830738702 0.0 0.0 
0.0 0.23543621096958178 0.0 0.0 0.0 0.11945667553098376 0.0 0.35 0.2783626792280691 0.0 0.0 
0.0 0.24375366099287082 0.0 0.0 0.13661924174623352 0.11303529342243687 0.0 0.35 0.13084631300638117 0.0 0.0 
0.0 0.2152533792890881 0.0 0.0 0.0 0.14724049799866856 0.0 0.35 0.12226105846257995 0.0 0.0 
0.0 0.2295757912426685 0.0 0.0 0.0 0.12159102589625898 0.0 0.35 0.16124433045601952 0.0 0.0 
0.0 0.22073299802746318 0.0 0.0 0.0 0.17838315598019902 0.0 0.35 0.20950124590808675 0.0 0.0 
0.0 0.20890895076930313 0.0 0.0 0.0 0.11098780624769541 0.0 0.3495149701026607 0.33058827288034087 0.0 0.0 
0.0 0.20543925185530615 0.0 0.0 0.1974878178992266 0.0 0.0 0.35 0.11850247415955854 0.0 0.0 
0.0 0.2202588787511904 0.0 0.0 0.15803238513002085 0.10790749235091152 0.0 0.35 0.10869333029188209 0.0 0.0 
0.0 0.24870739443062037 0.0 0.0 0.10639025926943924 0.1060547995327652 0.0 0.35 0.17508090177009647 0.0 0.0 
0.0 0.22738478666001619 0.0 0.0 0.14423758110006357 0.0 0.0 0.35 0.1381079784299846 0.0 0.0 
0.0 0.22645927801011717 0.0 0.0 0.0 0.2085777081525217 0.0 0.35 0.21433951694802317 0.0 0.0 
0.0 0.21158416838954405 0.0 0.0 0.1877926398562189 0.0 0.0 0.35 0.11628149025909465 0.0 0.0 
0.0 0.24816860219803952 0.0 0.0 0.0 0.1739570430652492 0.0 0.35 0.1639339428934009 0.0 0.0 
0.0 0.24520827218499805 0.0 0.0 0.1144172041335055 0.1095909474988873 0.0 0.35 0.1293299888557783 0.0 0.0 
0.0 0.28062629666184347 0.0 0.0 0.0 0.0 0.0 0.35 0.35 0.0 0.0 
0.0 0.24133004778735465 0.0 0.0 0.12482194079869127 0.10653510541755096 0.0 0.35 0.16173052434721283 0.0 0.0 
0.0 0.21692118534759608 0.0 0.0 0.0 0.0 0.10361360511712464 0.35 0.32628965122993014 0.0 0.0 
0.0 0.22543136201355227 0.0 0.0 0.14812377298236556 0.10235528004816338 0.0 0.35 0.13127668201110912 0.0 0.0 
0.0 0.23937373732242176 0.0 0.0 0.0 0.1061128911328325 0.0 0.35 0.30436414278773943 0.0 0.0 
0.0 0.2074104105930733 0.0 0.0 0.0 0.16336578781044375 0.0 0.35 0.13755172905524668 0.0 0.0 
0.0 0.2507959700337197 0.0 0.0 0.0 0.0 0.0 0.35 0.3480254655981198 0.0 0.0 
0.0 0.2561637358591834 0.0 0.0 0.0 0.13456021993360148 0.0 0.35 0.24752299126713706 0.0 0.0 
0.0 0.20885937570046365 0.0 0.0 0.1569375648204009 0.0 0.0 0.35 0.1277216878175933 0.0 0.0 
0.0 0.25093486553503247 0.0 0.0 0.0 0.0 0.0 0.35 0.35 0.0 0.0 
0.0 0.20559729816402061 0.0 0.0 0.1412514733402927 0.0 0.0 0.35 0.12711221044260898 0.0 0.0 
0.0 0.20551257596015093 0.0 0.0 0.0 0.11997253100731288 0.0 0.35 0.17644595410850872 0.0 0.0 
0.0 0.23006042840116323 0.0 0.0 0.0 0.1573546739100619 0.0 0.35 0.2606173331928863 0.0 0.0 
0.0 0.2288953046353979 0.0 0.0 0.0 0.1787978849988187 0.0 0.35 0.22020504626886864 0.0 0.0 
0.0 0.22223927628190085 0.0 0.0 0.0 0.10487752232199161 0.0 0.35 0.3204622220220677 0.0 0.0 
0.0 0.1949431196300327 0.0 0.0 0.0 0.0 0.11042730415550488 0.35 0.341522553811894 0.0 0.0 
0.0 0.24237634997758412 0.0 0.0 0.0 0.12012037134741706 0.0 0.35 0.14906424360926473 0.0 0.0 
0.0 0.21036420034550823 0.0 0.0 0.0 0.12193923620177556 0.0 0.35 0.3083805554683265 0.0 0.0 
0.0 0.21476452272746072 0.0 0.0 0.0 0.14602394191076912 0.0 0.35 0.14703874948964235 0.0 0.0 
0.0 0.2387402475841914 0.0 0.0 0.0 0.15670324351619255 0.0 0.35 0.2382173686578396 0.0 0.0 
0.0 0.18192684681110088 0.0 0.0 0.16195487214644158 0.0 0.0 0.35 0.14811669090949614 0.0 0.0 
0.0 0.20412772964914314 0.0 0.0 0.0 0.10432526486155859 0.0 0.35 0.3401277362842581 0.0 0.0 
0.0 0.19322779650845923 0.0 0.0 0.0 0.0 0.1094556437633328 0.35 0.3385174642544675 0.0 0.0 
0.0 0.22642238217018532 0.0 0.0 0.11676505499305603 0.10280599605283254 0.0 0.35 0.15101524204092187 0.0 0.0 
0.0 0.2482895408696276 0.0 0.0 0.12586346267614779 0.11234119335277422 0.0 0.35 0.10668549616919358 0.0 0.0 
0.0 0.23768213932469134 0.0 0.0 0.11359654178821058 0.10812067661929807 0.0 0.35 0.13697767809045566 0.0 0.0 
0.0 0.24015345108873018 0.0 0.0 0.0 0.19816666048781872 0.0 0.35 0.19085079436842203 0.0 0.0 
0.0 0.21719583465954623 0.0 0.0 0.0 0.16373209055598165 0.0 0.35 0.17312485524474402 0.0 0.0 
0.0 0.23385744951516016 0.0 0.0 0.1115293089060387 0.13506838372514302 0.0 0.35 0.1386429809163399 0.0 0.0 
0.0 0.1776464695724792 0.0 0.0 0.0 0.0 0.12133431254417736 0.35 0.35 0.0 0.0 
0.0 0.2640626006961453 0.0 0.0 0.0 0.0 0.0 0.35 0.35 0.0 0.0 
0.0 0.22102384301777486 0.0 0.0 0.0 0.12667225146506128 0.0 0.35 0.20761363748954173 0.0 0.0 
0.0 0.25332367752448115 0.0 0.0 0.0 0.13537514030182374 0.0 0.35 0.2575682381453548 0.0 0.0 
0.0 0.20776232054058819 0.0 0.0 0.0 0.13225081850264706 0.0 0.35 0.15433183685077492 0.0 0.0 
0.0 0.25989766874379727 0.0 0.0 0.0 0.0 0.0 0.35 0.35 0.0 0.0 
0.0 0.2169845999295335 0.0 0.0 0.0 0.10687782863517069 0.0 0.35 0.32548697538805726 0.0 0.0 
0.0 0.2103675553278813 0.0 0.0 0.0 0.15303487995545775 0.0 0.35 0.15623763566901647 0.0 0.0 
0.0 0.2393923101439255 0.0 0.0 0.12002019382505846 0.11007401235323695 0.0 0.35 0.15702897530341903 0.0 0.0 
0.0 0.265897420264601 0.0 0.0 0.10932959243837893 0.10828468233365429 0.0 0.35 0.1579950425624122 0.0 0.0 
0.0 0.24638555814866106 0.0 0.0 0.0 0.13152467811780819 0.0 0.35 0.2670029272186642 0.0 0.0 
0.0 0.2280921623589543 0.0 0.0 0.0 0.14971410151388698 0.0 0.35 0.25914938379532154 0.0 0.0 
0.0 0.22264509069909824 0.0 0.0 0.0 0.10550090696611684 0.0 0.35 0.3175789936190186 0.0 0.0 
0.0 0.24156780378799037 0.0 0.0 0.0 0.13844524801111305 0.0 0.35 0.24858728142583691 0.0 0.0 
0.0 0.1967699733715124 0.0 0.0 0.0 0.0 0.1070265173883491 0.34992225612257444 0.3366631995347657 0.0 0.0 
0.0 0.20225877631278164 0.0 0.0 0.0 0.0 0.10602637718809833 0.35 0.34118146874083916 0.0 0.0 
0.0 0.2662022538587297 0.0 0.0 0.0 0.1409896268564553 0.0 0.35 0.18696920941443113 0.0 0.0 
0.0 0.28996648575694917 0.0 0.0 0.0 0.0 0.0 0.35 0.35 0.0 0.0 
0.0 0.26350720257161325 0.0 0.0 0.0 0.14186727028506008 0.0 0.35 0.21214250782675337 0.0 0.0 
0.0 0.23810278392778317 0.0 0.0 0.0 0.13028598231254954 0.0 0.35 0.2806351006314299 0.0 0.0 
0.0 0.23246783722771297 0.0 0.0 0.11654858447787207 0.10689009839685051 0.0 0.35 0.15248687916885476 0.0 0.0 
0.0 0.21681713756597082 0.0 0.0 0.0 0.10696130179502608 0.0 0.35 0.32408100328962336 0.0 0.0 
0.0 0.21934135089615747 0.0 0.0 0.0 0.15998727765685997 0.0 0.35 0.19825569575797894 0.0 0.0 
0.0 0.23355155929779067 0.0 0.0 0.0 0.12956644369189688 0.0 0.3483456440818129 0.28853635292849955 0.0 0.0 
0.0 0.24697595729898317 0.0 0.0 0.12215056373992247 0.11282526113318277 0.0 0.35 0.15079017228089917 0.0 0.0 
0.0 0.25484027566524897 0.0 0.0 0.0 0.12938236777880782 0.0 0.35 0.25847526461215403 0.0 0.0 
0.0 0.19549139542788374 0.0 0.0 0.0 0.0 0.10436811688337982 0.35 0.35 0.0 0.0 
0.0 0.18738827285966936 0.0 0.0 0.0 0.0 0.10835804574733397 0.35 0.3475583071856186 0.0 0.0 
0.0 0.24038013271604552 0.0 0.0 0.0 0.1536800446536066 0.0 0.35 0.14646945727394226 0.0 0.0 
0.0 0.23045188587624324 0.0 0.0 0.11148193227733091 0.1136242969150274 0.0 0.35 0.17373264055892887 0.0 0.0 
0.0 0.2728184947624139 0.0 0.0 0.0 0.0 0.0 0.35 0.35 0.0 0.0 
0.0 0.2269976554275526 0.0 0.0 0.0 0.10434587694994348 0.0 0.35 0.31506009268893376 0.0 0.0 
0.0 0.22430012249152642 0.0 0.0 0.0 0.16414693196291247 0.0 0.35 0.24817659214789803 0.0 0.0 
0.0 0.2467561619959233 0.0 0.0 0.0 0.13578709504035297 0.0 0.35 0.26404164572567373 0.0 0.0 
0.0 0.24217669913297088 0.0 0.0 0.0 0.14751376330633212 0.0 0.35 0.23368880857697916 0.0 0.0 
0.0 0.2973419019286464 0.0 0.0 0.0 0.0 0.0 0.35 0.35 0.0 0.0 
0.0 0.23416421971447005 0.0 0.0 0.0 0.12959537253088366 0.0 0.35 0.22556492086143903 0.0 0.0 
0.0 0.22888821181963648 0.0 0.0 0.0 0.15962062386399792 0.0 0.35 0.2491877633988123 0.0 0.0 
